9.14306247179611,0,-0.0291010545326203,0,9.14306247179611,-0.0291010545326203,-0.0291010545326203,-0.0291010545326203,0.0455249377088853
5.88804494023426,0,0.00505620358034474,0,5.88804494023426,0.00505620358034474,0.00505620358034474,0.00505620358034474,0.0678832998886768
17.2370958446079,0,0.00195180807081821,0,17.2370958446079,0.00195180807081821,0.00195180807081821,0.00195180807081821,0.0319738459571647
11.9219448965189,0,0.0314855690401489,0,11.9219448965189,0.0314855690401489,0.0314855690401489,0.0314855690401489,0.0207029103405334
6.02781188955293,0,0.0170237329232116,0,6.02781188955293,0.0170237329232116,0.0170237329232116,0.0170237329232116,0.061768895194232
12.5767281086987,0,-0.0377119164462386,0,12.5767281086987,-0.0377119164462386,-0.0377119164462386,-0.0377119164462386,0.0542662086778782
6.13312172254987,0,0.0162958710339565,0,6.13312172254987,0.0162958710339565,0.0162958710339565,0.0162958710339565,0.0359524728599242
9.56764954052794,0,-0.00578932875863998,0,9.56764954052794,-0.00578932875863998,-0.00578932875863998,-0.00578932875863998,0.0288617279537588
15.2718663065049,0,-0.0709674577525642,0,15.2718663065049,-0.0709674577525642,-0.0709674577525642,-0.0709674577525642,0.0443231856578865
14.9024571369169,0,-0.0225543393896751,0,14.9024571369169,-0.0225543393896751,-0.0225543393896751,-0.0225543393896751,0.0138113245234148
11.8323490133068,0,0.00993287918402531,0,11.8323490133068,0.00993287918402531,0.00993287918402531,0.00993287918402531,0.0210552602851192
18.1817085627171,0,-0.0472182066932106,0,18.1817085627171,-0.0472182066932106,-0.0472182066932106,-0.0472182066932106,0.0367281575266677
15.8051525540425,0,0.0358537217146864,0,15.8051525540425,0.0358537217146864,0.0358537217146864,0.0358537217146864,0.0454630102118375
11.1116409381724,0,0.0136932395060387,0,11.1116409381724,0.0136932395060387,0.0136932395060387,0.0136932395060387,0.0356256425544643
16.2348807347867,0,0.0316691795201988,0,16.2348807347867,0.0316691795201988,0.0316691795201988,0.0316691795201988,0.0237352431616161
18.703961204765,0,0.00694273196237856,0,18.703961204765,0.00694273196237856,0.00694273196237856,0.00694273196237856,0.0460615995450706
22.108305411473,0,-0.0118555573500076,0,22.108305411473,-0.0118555573500076,-0.0118555573500076,-0.0118555573500076,0.0462405175383456
24.7774365595335,0,-0.0819564918421903,0,24.7774365595335,-0.0819564918421903,-0.0819564918421903,-0.0819564918421903,0.0380393921512618
24.0939902146872,0,0.0944155140898632,0,24.0939902146872,0.0944155140898632,0.0944155140898632,0.0944155140898632,0.069073991448355
22.0947866885376,0,0.0518179444466114,0,22.0947866885376,0.0518179444466114,0.0518179444466114,0.0518179444466114,0.0493404381384779
8.20511850473247,0,-0.0287971299854801,0,8.20511850473247,-0.0287971299854801,-0.0287971299854801,-0.0287971299854801,0.0219109623876965
23.5950899204673,0,-0.101638288086305,0,23.5950899204673,-0.101638288086305,-0.101638288086305,-0.101638288086305,0.0583883423004126
24.8066985346689,0,-0.0103404496553523,0,24.8066985346689,-0.0103404496553523,-0.0103404496553523,-0.0103404496553523,0.0284664969614342
50.722676851365,0,-0.052575016284858,0,50.722676851365,-0.052575016284858,-0.052575016284858,-0.052575016284858,0.027602593210081
63.1114699816627,0,0.0688666755892705,0,63.1114699816627,0.0688666755892705,0.0688666755892705,0.0688666755892705,0.0616204546951221
6.72901372617057,0,-0.0230777619231719,0,6.72901372617057,-0.0230777619231719,-0.0230777619231719,-0.0230777619231719,0.0254048178028935
12.5540604117006,0,0.0361582138558895,0,12.5540604117006,0.0361582138558895,0.0361582138558895,0.0361582138558895,0.0301464341403098
11.7030101268542,0,0.0664031592294417,0,11.7030101268542,0.0664031592294417,0.0664031592294417,0.0664031592294417,0.0318702419669784
12.1359327734661,0,0.0329913965212021,0,12.1359327734661,0.0329913965212021,0.0329913965212021,0.0329913965212021,0.104814659859795
8.50387256292624,0,-0.00196158451623463,0,8.50387256292624,-0.00196158451623463,-0.00196158451623463,-0.00196158451623463,0.0181619798297325
10.3046434467026,0,-0.0546092768826584,0,10.3046434467026,-0.0546092768826584,-0.0546092768826584,-0.0546092768826584,0.0405734787306935
6.22375090729451,0,-0.0180973367914283,0,6.22375090729451,-0.0180973367914283,-0.0180973367914283,-0.0180973367914283,0.0743688248682066
7.05398727455277,0,0.0129427347762364,0,7.05398727455277,0.0129427347762364,0.0129427347762364,0.0129427347762364,0.0632919419386299
11.2167422342674,0,0.0652068321097065,0,11.2167422342674,0.0652068321097065,0.0652068321097065,0.0652068321097065,0.0620859332960339
11.9748382215949,0,0.0259406023649819,0,11.9748382215949,0.0259406023649819,0.0259406023649819,0.0259406023649819,0.0631333092612629
14.1717804897526,0,0.027255899623745,0,14.1717804897526,0.027255899623745,0.027255899623745,0.027255899623745,0.0438772018708798
12.412696099676,0,0.0105073733777461,0,12.412696099676,0.0105073733777461,0.0105073733777461,0.0105073733777461,0.0657427232009538
10.9348321776685,0,0.0026900945657708,0,10.9348321776685,0.0026900945657708,0.0026900945657708,0.0026900945657708,0.0454273357955137
11.3462554522993,0,-0.00919293653795597,0,11.3462554522993,-0.00919293653795597,-0.00919293653795597,-0.00919293653795597,0.0379798258766092
17.4253648856688,0,0.0114725162151297,0,17.4253648856688,0.0114725162151297,0.0114725162151297,0.0114725162151297,0.0525954650293
13.1169172453426,0,-0.00190005680517005,0,13.1169172453426,-0.00190005680517005,-0.00190005680517005,-0.00190005680517005,0.0509564567172587
8.53711742793853,0,-0.0320066954758239,0,8.53711742793853,-0.0320066954758239,-0.0320066954758239,-0.0320066954758239,0.0222581165990284
9.69969369518064,0,-0.0244572278693496,0,9.69969369518064,-0.0244572278693496,-0.0244572278693496,-0.0244572278693496,0.0626262818010718
14.9884125821363,0,-0.0159907478793486,0,14.9884125821363,-0.0159907478793486,-0.0159907478793486,-0.0159907478793486,0.0636965408582191
21.206177767152,0,0.0129748851645741,0,21.206177767152,0.0129748851645741,0.0129748851645741,0.0129748851645741,0.0774550761646909
10.313975813284,0,0.0142970797729549,0,10.313975813284,0.0142970797729549,0.0142970797729549,0.0142970797729549,0.0172154503109245
15.0641048269556,0,-0.0365962334671837,0,15.0641048269556,-0.0365962334671837,-0.0365962334671837,-0.0365962334671837,0.0483056990662253
14.4116936781661,0,-0.0601771007968219,0,14.4116936781661,-0.0601771007968219,-0.0601771007968219,-0.0601771007968219,0.0488461308824628
10.8062201225442,0,-0.0335262054754507,0,10.8062201225442,-0.0335262054754507,-0.0335262054754507,-0.0335262054754507,0.0588451170013733
12.3654554745313,0,-0.0686880413546458,0,12.3654554745313,-0.0686880413546458,-0.0686880413546458,-0.0686880413546458,0.0513325050706189
26.3348136244721,0,0.0699927478415461,0,26.3348136244721,0.0699927478415461,0.0699927478415461,0.0699927478415461,0.0494334409513865
19.8504924808403,0,0.0468026968694668,0,19.8504924808403,0.0468026968694668,0.0468026968694668,0.0468026968694668,0.0488789946582971
21.9785592008095,0,0.0206681551950478,0,21.9785592008095,0.0206681551950478,0.0206681551950478,0.0206681551950478,0.0714330113608249
14.9219421580289,0,-0.020263239303928,0,14.9219421580289,-0.020263239303928,-0.020263239303928,-0.020263239303928,0.0625834243785365
15.5666356852451,0,-0.00110150046055045,0,15.5666356852451,-0.00110150046055045,-0.00110150046055045,-0.00110150046055045,0.0513401257467332
20.8812797880674,0,-0.0737170332506838,0,20.8812797880674,-0.0737170332506838,-0.0737170332506838,-0.0737170332506838,0.0520198710418389
21.1131806593051,0,-0.056056653152879,0,21.1131806593051,-0.056056653152879,-0.056056653152879,-0.056056653152879,0.033465829508006
24.7248434798417,0,-0.00615530260860477,0,24.7248434798417,-0.00615530260860477,-0.00615530260860477,-0.00615530260860477,0.0605817645795708
33.6639696934312,0,0.025906416098811,0,33.6639696934312,0.025906416098811,0.025906416098811,0.025906416098811,0.074981949573825
23.7288423286857,0,-0.0619037477956645,0,23.7288423286857,-0.0619037477956645,-0.0619037477956645,-0.0619037477956645,0.0289405243542289
32.7166605542711,0,-0.0127671346105301,0,32.7166605542711,-0.0127671346105301,-0.0127671346105301,-0.0127671346105301,0.0453121306659665
38.8851950923656,0,-0.0332412043876419,0,38.8851950923656,-0.0332412043876419,-0.0332412043876419,-0.0332412043876419,0.0285556564673136
38.8295093983735,0,0.00570923212250361,0,38.8295093983735,0.00570923212250361,0.00570923212250361,0.00570923212250361,0.028780385294135
52.8514253118323,0,-0.0211868484060024,0,52.8514253118323,-0.0211868484060024,-0.0211868484060024,-0.0211868484060024,0.0270803790104548
68.9466525568223,0,0.114053702490668,0,68.9466525568223,0.114053702490668,0.114053702490668,0.114053702490668,0.0564383430863671
135.792885748262,0,0.11192427958913,0,135.792885748262,0.11192427958913,0.11192427958913,0.11192427958913,0.0290544604947707
11.8438878892684,0,-0.0218895406501597,0,11.8438878892684,-0.0218895406501597,-0.0218895406501597,-0.0218895406501597,0.0740165311004591
12.743674866403,0,0.0393874259779252,0,12.743674866403,0.0393874259779252,0.0393874259779252,0.0393874259779252,0.038287553618506
7.40481916852765,0,-0.0215983655148905,0,7.40481916852765,-0.0215983655148905,-0.0215983655148905,-0.0215983655148905,0.0215475854589285
10.1122012917664,0,0.00837510829047713,0,10.1122012917664,0.00837510829047713,0.00837510829047713,0.00837510829047713,0.0352393702001428
7.63549725053109,0,-0.0393521621778785,0,7.63549725053109,-0.0393521621778785,-0.0393521621778785,-0.0393521621778785,0.0607164638587671
7.27011749899013,0,0.000127554508447497,0,7.27011749899013,0.000127554508447497,0.000127554508447497,0.000127554508447497,0.0246393764903734
7.88549746009707,0,-0.0119411626070794,0,7.88549746009707,-0.0119411626070794,-0.0119411626070794,-0.0119411626070794,0.0643556531913193
9.79807751813776,0,0.0446319225880083,0,9.79807751813776,0.0446319225880083,0.0446319225880083,0.0446319225880083,0.0180061508255788
19.3608111013813,0,0.013706910457009,0,19.3608111013813,0.013706910457009,0.013706910457009,0.013706910457009,0.0592992842842004
17.1101784838387,0,0.0156035719353618,0,17.1101784838387,0.0156035719353618,0.0156035719353618,0.0156035719353618,0.0195563198517902
13.3650831035741,0,-0.0159858452023439,0,13.3650831035741,-0.0159858452023439,-0.0159858452023439,-0.0159858452023439,0.0421681104825115
13.9490473415265,0,0.0429961084104362,0,13.9490473415265,0.0429961084104362,0.0429961084104362,0.0429961084104362,0.0573898317248575
15.6541618687523,0,-0.0110495037499533,0,15.6541618687523,-0.0110495037499533,-0.0110495037499533,-0.0110495037499533,0.0521094983649446
11.9078151198846,0,-0.0496779458568403,0,11.9078151198846,-0.0496779458568403,-0.0496779458568403,-0.0496779458568403,0.0418319904620812
17.4182934484594,0,0.00689285245622673,0,17.4182934484594,0.00689285245622673,0.00689285245622673,0.00689285245622673,0.020940939343461
28.3013823784631,0,0.0322084214403159,0,28.3013823784631,0.0322084214403159,0.0322084214403159,0.0322084214403159,0.0267625763692011
12.7103453384904,0,-0.0578761179422886,0,12.7103453384904,-0.0578761179422886,-0.0578761179422886,-0.0578761179422886,0.0627372850190872
16.305421265281,0,-0.021412651285132,0,16.305421265281,-0.021412651285132,-0.021412651285132,-0.021412651285132,0.121006584443761
21.5683848950032,0,0.0348907369713825,0,21.5683848950032,0.0348907369713825,0.0348907369713825,0.0348907369713825,0.0480657011606205
19.3344521561619,0,-0.0178892890128142,0,19.3344521561619,-0.0178892890128142,-0.0178892890128142,-0.0178892890128142,0.0322365626104049
19.8677054518717,0,-0.0494774484187392,0,19.8677054518717,-0.0494774484187392,-0.0494774484187392,-0.0494774484187392,0.0412515764993625
17.5136088567089,0,-0.0546665322406397,0,17.5136088567089,-0.0546665322406397,-0.0546665322406397,-0.0546665322406397,0.0291787772632425
17.2224167821749,0,-0.0181837240246138,0,17.2224167821749,-0.0181837240246138,-0.0181837240246138,-0.0181837240246138,0.0247970599151178
28.536977341898,0,-0.08968522221106,0,28.536977341898,-0.08968522221106,-0.08968522221106,-0.08968522221106,0.089059367113542
43.4257830389843,0,0.0483611100687276,0,43.4257830389843,0.0483611100687276,0.0483611100687276,0.0483611100687276,0.0521013331742729
53.0707377942446,0,0.0525863351444262,0,53.0707377942446,0.0525863351444262,0.0525863351444262,0.0525863351444262,0.0269735331478334
145.499284623712,0,-0.110523480132413,0,145.499284623712,-0.110523480132413,-0.110523480132413,-0.110523480132413,0.041765392445336
9.9257343730298,0,0.0654651547991222,0,9.9257343730298,0.0654651547991222,0.0654651547991222,0.0654651547991222,0.0379181573422599
13.6687567985348,0,0.0318522023844836,0,13.6687567985348,0.0318522023844836,0.0318522023844836,0.0318522023844836,0.0648396387298064
4.2595387857987,0,0.0392042969967716,0,4.2595387857987,0.0392042969967716,0.0392042969967716,0.0392042969967716,0.0392567045398773
6.82559417888738,0,-0.0208488602109932,0,6.82559417888738,-0.0208488602109932,-0.0208488602109932,-0.0208488602109932,0.0626238731585564
8.02849042995907,0,0.0440725625528724,0,8.02849042995907,0.0440725625528724,0.0440725625528724,0.0440725625528724,0.015209811452416
5.89591737334937,0,0.0303538373896072,0,5.89591737334937,0.0303538373896072,0.0303538373896072,0.0303538373896072,0.0481935357211468
11.3075722068915,0,-0.00392619996749838,0,11.3075722068915,-0.00392619996749838,-0.00392619996749838,-0.00392619996749838,0.0632900926170375
8.49921821356477,0,0.0451041795657692,0,8.49921821356477,0.0451041795657692,0.0451041795657692,0.0451041795657692,0.0418828437678101
12.8361282433363,0,0.0108895230646086,0,12.8361282433363,0.0108895230646086,0.0108895230646086,0.0108895230646086,0.0314685158754043
13.2572895170701,0,-0.00547183825283213,0,13.2572895170701,-0.00547183825283213,-0.00547183825283213,-0.00547183825283213,0.0207932850711389
13.9143416806577,0,-0.0697077830241779,0,13.9143416806577,-0.0697077830241779,-0.0697077830241779,-0.0697077830241779,0.0658653408217735
9.85730917868568,0,0.0527228660498019,0,9.85730917868568,0.0527228660498019,0.0527228660498019,0.0527228660498019,0.051649080525886
17.3590026434032,0,-0.0165637357553532,0,17.3590026434032,-0.0165637357553532,-0.0165637357553532,-0.0165637357553532,0.0567550473660663
16.6833914449298,0,0.0295154975258914,0,16.6833914449298,0.0295154975258914,0.0295154975258914,0.0295154975258914,0.0745532649736146
9.31163737996844,0,-0.0325370950582579,0,9.31163737996844,-0.0325370950582579,-0.0325370950582579,-0.0325370950582579,0.0408143381111802
14.1777608985517,0,-0.0218446374792572,0,14.1777608985517,-0.0218446374792572,-0.0218446374792572,-0.0218446374792572,0.106553067792242
10.367997600612,0,-0.00836152740325088,0,10.367997600612,-0.00836152740325088,-0.00836152740325088,-0.00836152740325088,0.0490431349257257
20.8261485201374,0,-0.0313868192091077,0,20.8261485201374,-0.0313868192091077,-0.0313868192091077,-0.0313868192091077,0.0224968158180999
17.7552465859023,0,0.0322387173779038,0,17.7552465859023,0.0322387173779038,0.0322387173779038,0.0322387173779038,0.0353117396648733
22.2338388976826,0,-0.0440197528888056,0,22.2338388976826,-0.0440197528888056,-0.0440197528888056,-0.0440197528888056,0.0301454108408362
16.4731870435343,0,-0.00781727035302073,0,16.4731870435343,-0.00781727035302073,-0.00781727035302073,-0.00781727035302073,0.018153387126256
12.9562578540219,0,0.0328245648128743,0,12.9562578540219,0.0328245648128743,0.0328245648128743,0.0328245648128743,0.0286508267842016
19.1299010191049,0,0.0813889171722537,0,19.1299010191049,0.0813889171722537,0.0813889171722537,0.0813889171722537,0.0478519290204719
16.1131698883552,0,-0.0444502369882077,0,16.1131698883552,-0.0444502369882077,-0.0444502369882077,-0.0444502369882077,0.0354921197352899
14.8149310175726,0,-0.0284980433948421,0,14.8149310175726,-0.0284980433948421,-0.0284980433948421,-0.0284980433948421,0.085851789662142
17.1721414221925,0,-0.0166015896923032,0,17.1721414221925,-0.0166015896923032,-0.0166015896923032,-0.0166015896923032,0.0602855914077712
21.0885184737097,0,0.0448031691613532,0,21.0885184737097,0.0448031691613532,0.0448031691613532,0.0448031691613532,0.0505000934114968
14.2804092012865,0,-0.0132974873407314,0,14.2804092012865,-0.0132974873407314,-0.0132974873407314,-0.0132974873407314,0.0759062982107097
17.6597983007121,0,-0.0460551198519152,0,17.6597983007121,-0.0460551198519152,-0.0460551198519152,-0.0460551198519152,0.0431886250237725
17.9205495115513,0,0.0858899975851221,0,17.9205495115513,0.0858899975851221,0.0858899975851221,0.0858899975851221,0.0612528805358179
16.3970183963932,0,0.0325601212549763,0,16.3970183963932,0.0325601212549763,0.0325601212549763,0.0325601212549763,0.0558176112973163
19.4207253898609,0,-0.0352992215078578,0,19.4207253898609,-0.0352992215078578,-0.0352992215078578,-0.0352992215078578,0.0187596737095655
20.9472414038818,0,0.0325005088144363,0,20.9472414038818,0.0325005088144363,0.0325005088144363,0.0325005088144363,0.0383402777031225
21.7444995101823,0,-0.0839871768041911,0,21.7444995101823,-0.0839871768041911,-0.0839871768041911,-0.0839871768041911,0.0793523054458435
30.2532214474641,0,0.0153811110472566,0,30.2532214474641,0.0153811110472566,0.0153811110472566,0.0153811110472566,0.084287925382514
35.5612821229057,0,-0.0539930574190604,0,35.5612821229057,-0.0539930574190604,-0.0539930574190604,-0.0539930574190604,0.0174228423721229
33.3047690523968,0,-0.0272506213113101,0,33.3047690523968,-0.0272506213113101,-0.0272506213113101,-0.0272506213113101,0.0866071166068522
40.6044888052904,0,-0.0037423074881201,0,40.6044888052904,-0.0037423074881201,-0.0037423074881201,-0.0037423074881201,0.0588683940678085
59.3776491349299,0,0.0819265187574486,0,59.3776491349299,0.0819265187574486,0.0819265187574486,0.0819265187574486,0.0420478401562375
10.8740146657848,0,-0.0262141362363873,0,10.8740146657848,-0.0262141362363873,-0.0262141362363873,-0.0262141362363873,0.039636917306428
6.76609528582305,0,0.023772784865766,0,6.76609528582305,0.023772784865766,0.023772784865766,0.023772784865766,0.0798437594159488
5.24055676836737,0,-0.036969970115328,0,5.24055676836737,-0.036969970115328,-0.036969970115328,-0.036969970115328,0.0462960408788621
9.30240675050487,0,0.0198716605101052,0,9.30240675050487,0.0198716605101052,0.0198716605101052,0.0198716605101052,0.0714542693242479
12.6024250832492,0,-0.028811668070578,0,12.6024250832492,-0.028811668070578,-0.028811668070578,-0.028811668070578,0.062817623803979
16.328838059309,0,0.0661683127755999,0,16.328838059309,0.0661683127755999,0.0661683127755999,0.0661683127755999,0.0499435080390979
10.0756183354951,0,-0.0135366418525609,0,10.0756183354951,-0.0135366418525609,-0.0135366418525609,-0.0135366418525609,0.05272455277512
11.7975840816902,0,-0.00218758571841405,0,11.7975840816902,-0.00218758571841405,-0.00218758571841405,-0.00218758571841405,0.0153557451167878
20.26593071469,0,-0.0256514936309842,0,20.26593071469,-0.0256514936309842,-0.0256514936309842,-0.0256514936309842,0.0315201328801647
14.5016148686692,0,-0.0551977040609222,0,14.5016148686692,-0.0551977040609222,-0.0551977040609222,-0.0551977040609222,0.0350355947628155
19.6254019734766,0,-0.109367103034007,0,19.6254019734766,-0.109367103034007,-0.109367103034007,-0.109367103034007,0.0668996161206046
12.3935909200788,0,0.00791744966029558,0,12.3935909200788,0.00791744966029558,0.00791744966029558,0.00791744966029558,0.0661472659746873
11.7202404004375,0,-0.00501740144310739,0,11.7202404004375,-0.00501740144310739,-0.00501740144310739,-0.00501740144310739,0.0379403261595836
15.3813680380744,0,-0.0235768509494856,0,15.3813680380744,-0.0235768509494856,-0.0235768509494856,-0.0235768509494856,0.0385600790656454
13.51210577847,0,0.0377623956911576,0,13.51210577847,0.0377623956911576,0.0377623956911576,0.0377623956911576,0.0295821896783652
16.2064662325466,0,0.0370070992940974,0,16.2064662325466,0.0370070992940974,0.0370070992940974,0.0370070992940974,0.087103068176915
12.7697291709358,0,0.00135812282131545,0,12.7697291709358,0.00135812282131545,0.00135812282131545,0.00135812282131545,0.0331331000834964
18.9810256698112,0,0.0637783003093218,0,18.9810256698112,0.0637783003093218,0.0637783003093218,0.0637783003093218,0.03633225858843
12.9979126975103,0,-0.0191300958700627,0,12.9979126975103,-0.0191300958700627,-0.0191300958700627,-0.0191300958700627,0.05410754303678
20.6992781314124,0,-0.00225857192032317,0,20.6992781314124,-0.00225857192032317,-0.00225857192032317,-0.00225857192032317,0.0723810900827493
18.781846990569,0,-0.0388399944214613,0,18.781846990569,-0.0388399944214613,-0.0388399944214613,-0.0388399944214613,0.0276584866921877
24.1812370500431,0,-0.0916797031614738,0,24.1812370500431,-0.0916797031614738,-0.0916797031614738,-0.0916797031614738,0.0650827554084485
19.7296119185576,0,0.0582299701497765,0,19.7296119185576,0.0582299701497765,0.0582299701497765,0.0582299701497765,0.025552392609299
11.6645257168816,0,-0.041595583588321,0,11.6645257168816,-0.041595583588321,-0.041595583588321,-0.041595583588321,0.0502126633645767
18.5173866372365,0,-0.00262347713533432,0,18.5173866372365,-0.00262347713533432,-0.00262347713533432,-0.00262347713533432,0.0811921995475237
16.1165885196216,0,-0.0352039812983378,0,16.1165885196216,-0.0352039812983378,-0.0352039812983378,-0.0352039812983378,0.0397293351334744
22.4190143092695,0,-0.000161199703742028,0,22.4190143092695,-0.000161199703742028,-0.000161199703742028,-0.000161199703742028,0.0167230245622351
21.9373884779425,0,0.0403845475928307,0,21.9373884779425,0.0403845475928307,0.0403845475928307,0.0403845475928307,0.0479359982966376
25.334420091284,0,0.0213614426543641,0,25.334420091284,0.0213614426543641,0.0213614426543641,0.0213614426543641,0.0291353446563084
27.7420005667506,0,0.0647159937168988,0,27.7420005667506,0.0647159937168988,0.0647159937168988,0.0647159937168988,0.0461451834398766
30.7528921972924,0,-0.0788234045472631,0,30.7528921972924,-0.0788234045472631,-0.0788234045472631,-0.0788234045472631,0.0522148763258676
27.8058652569706,0,-0.0335769609923824,0,27.8058652569706,-0.0335769609923824,-0.0335769609923824,-0.0335769609923824,0.0475141835258887
54.1930896011914,0,-0.113971757796383,0,54.1930896011914,-0.113971757796383,-0.113971757796383,-0.113971757796383,0.0336244565044009
9.37076202001067,0,0.0253517333178518,0,9.37076202001067,0.0253517333178518,0.0253517333178518,0.0253517333178518,0.0599396781597114
10.2457619960653,0,0.00729522857815507,0,10.2457619960653,0.00729522857815507,0.00729522857815507,0.00729522857815507,0.0341877943276892
11.75527301322,0,0.00610376464499029,0,11.75527301322,0.00610376464499029,0.00610376464499029,0.00610376464499029,0.0727467522123808
11.6983325080299,0,0.0228861255317385,0,11.6983325080299,0.0228861255317385,0.0228861255317385,0.0228861255317385,0.0403846259939367
9.63828289324435,0,0.0696227930252251,0,9.63828289324435,0.0696227930252251,0.0696227930252251,0.0696227930252251,0.0441171983704729
14.9854131148425,0,0.154964547651286,0,14.9854131148425,0.154964547651286,0.154964547651286,0.154964547651286,0.110074546620306
12.7380186371689,0,-0.0153588906315892,0,12.7380186371689,-0.0153588906315892,-0.0153588906315892,-0.0153588906315892,0.0879427616008007
11.0363807434632,0,0.0173327067855954,0,11.0363807434632,0.0173327067855954,0.0173327067855954,0.0173327067855954,0.0459508833269431
9.06248440134079,0,-0.0306967295082494,0,9.06248440134079,-0.0306967295082494,-0.0306967295082494,-0.0306967295082494,0.0638004954541707
17.2177367834752,0,-0.0131991178618162,0,17.2177367834752,-0.0131991178618162,-0.0131991178618162,-0.0131991178618162,0.0336633951469799
14.8412385484711,0,0.00805813747067324,0,14.8412385484711,0.00805813747067324,0.00805813747067324,0.00805813747067324,0.0331399934197975
13.4548834083388,0,-0.0556678628078076,0,13.4548834083388,-0.0556678628078076,-0.0556678628078076,-0.0556678628078076,0.0757588145671041
26.4299248432738,0,-0.00786798018679091,0,26.4299248432738,-0.00786798018679091,-0.00786798018679091,-0.00786798018679091,0.05209795091021
16.714379165801,0,0.0203928018907141,0,16.714379165801,0.0203928018907141,0.0203928018907141,0.0203928018907141,0.0431932721987731
12.4524210177168,0,0.0569123115592416,0,12.4524210177168,0.0569123115592416,0.0569123115592416,0.0569123115592416,0.0457530756916453
18.2683850514496,0,-0.110792720662861,0,18.2683850514496,-0.110792720662861,-0.110792720662861,-0.110792720662861,0.0511734042815909
16.5283550275115,0,0.0211731738138986,0,16.5283550275115,0.0211731738138986,0.0211731738138986,0.0211731738138986,0.0418594933735195
24.7528252892622,0,0.0492357792762484,0,24.7528252892622,0.0492357792762484,0.0492357792762484,0.0492357792762484,0.0707964298390759
22.2793499844806,0,0.0918624159680513,0,22.2793499844806,0.0918624159680513,0.0918624159680513,0.0918624159680513,0.0566339363464891
22.8860153125405,0,-0.0215899333846601,0,22.8860153125405,-0.0215899333846601,-0.0215899333846601,-0.0215899333846601,0.0303619052821314
27.1804868317599,0,-0.0134257140768817,0,27.1804868317599,-0.0134257140768817,-0.0134257140768817,-0.0134257140768817,0.0403556481130658
17.3757128815008,0,-0.0222150611896299,0,17.3757128815008,-0.0222150611896299,-0.0222150611896299,-0.0222150611896299,0.0451150700642791
23.4577719818052,0,0.0733213674048537,0,23.4577719818052,0.0733213674048537,0.0733213674048537,0.0733213674048537,0.0553425191739809
22.097327368623,0,-0.0186520094670413,0,22.097327368623,-0.0186520094670413,-0.0186520094670413,-0.0186520094670413,0.0508823256470795
41.5045457444889,0,-0.0306757183639074,0,41.5045457444889,-0.0306757183639074,-0.0306757183639074,-0.0306757183639074,0.00715865644101762
24.4242928320672,0,-0.0386558004807668,0,24.4242928320672,-0.0386558004807668,-0.0386558004807668,-0.0386558004807668,0.0215652007100452
26.2890015540648,0,-0.0273208393381736,0,26.2890015540648,-0.0273208393381736,-0.0273208393381736,-0.0273208393381736,0.0695941420828111
58.4939031189199,0,-0.0373417660625199,0,58.4939031189199,-0.0373417660625199,-0.0373417660625199,-0.0373417660625199,0.0294771569487601
54.7209102152747,0,0.0196726221291343,0,54.7209102152747,0.0196726221291343,0.0196726221291343,0.0196726221291343,0.0109274670854921
7.5674395094063,0,0.0252959059383355,0,7.5674395094063,0.0252959059383355,0.0252959059383355,0.0252959059383355,0.0491474032403899
10.1495834678529,0,0.014694505477887,0,10.1495834678529,0.014694505477887,0.014694505477887,0.014694505477887,0.0783420556238544
4.55903321112211,0,0.00992335696376318,0,4.55903321112211,0.00992335696376318,0.00992335696376318,0.00992335696376318,0.0535431129291722
13.5166240980138,0,-0.013833413393235,0,13.5166240980138,-0.013833413393235,-0.013833413393235,-0.013833413393235,0.0725093649731065
17.3147726750484,0,0.00591762637946329,0,17.3147726750484,0.00591762637946329,0.00591762637946329,0.00591762637946329,0.0197069534816812
13.0948106433381,0,-0.0033693675812681,0,13.0948106433381,-0.0033693675812681,-0.0033693675812681,-0.0033693675812681,0.0195825002555456
12.2570229762715,0,0.0456382232038945,0,12.2570229762715,0.0456382232038945,0.0456382232038945,0.0456382232038945,0.042261203245414
16.2298670910688,0,-0.0477413766100665,0,16.2298670910688,-0.0477413766100665,-0.0477413766100665,-0.0477413766100665,0.0799924931057413
23.1447746640473,0,0.0552631871072911,0,23.1447746640473,0.0552631871072911,0.0552631871072911,0.0552631871072911,0.0257007106239811
7.8219046921169,0,-0.00766808564729833,0,7.8219046921169,-0.00766808564729833,-0.00766808564729833,-0.00766808564729833,0.0970287713369818
14.5677036831337,0,-0.0136899534285227,0,14.5677036831337,-0.0136899534285227,-0.0136899534285227,-0.0136899534285227,0.0749903596250722
16.4870243688931,0,0.0412568105067809,0,16.4870243688931,0.0412568105067809,0.0412568105067809,0.0412568105067809,0.0338692702493852
10.6258719719511,0,-0.00863620110946891,0,10.6258719719511,-0.00863620110946891,-0.00863620110946891,-0.00863620110946891,0.0673484767321756
17.1620002010601,0,-0.00530915788665737,0,17.1620002010601,-0.00530915788665737,-0.00530915788665737,-0.00530915788665737,0.0337658212403522
17.0699259691448,0,0.0439287006416153,0,17.0699259691448,0.0439287006416153,0.0439287006416153,0.0439287006416153,0.0773985104409247
11.5709933539642,0,-0.012089986309089,0,11.5709933539642,-0.012089986309089,-0.012089986309089,-0.012089986309089,0.0757032754283759
12.4521619556023,0,-0.058319809465598,0,12.4521619556023,-0.058319809465598,-0.058319809465598,-0.058319809465598,0.0664890321003877
13.7618618353852,0,0.0196936400446734,0,13.7618618353852,0.0196936400446734,0.0196936400446734,0.0196936400446734,0.0513002830808153
20.4578880060171,0,0.00390316364572579,0,20.4578880060171,0.00390316364572579,0.00390316364572579,0.00390316364572579,0.0616927804967769
22.8218182076363,0,-0.0418875067307462,0,22.8218182076363,-0.0418875067307462,-0.0418875067307462,-0.0418875067307462,0.0829038513813279
15.4619143861369,0,0.0278564970773243,0,15.4619143861369,0.0278564970773243,0.0278564970773243,0.0278564970773243,0.0401813104435048
18.9049386427732,0,0.0513440639165098,0,18.9049386427732,0.0513440639165098,0.0513440639165098,0.0513440639165098,0.0443997085108976
14.2056044872994,0,0.0221369220108879,0,14.2056044872994,0.0221369220108879,0.0221369220108879,0.0221369220108879,0.0513020390097752
19.4540497296606,0,0.0719838367280052,0,19.4540497296606,0.0719838367280052,0.0719838367280052,0.0719838367280052,0.0511093793965234
28.0282366147202,0,-0.00645404924705508,0,28.0282366147202,-0.00645404924705508,-0.00645404924705508,-0.00645404924705508,0.0331624508220513
23.8674244876558,0,0.120431324124288,0,23.8674244876558,0.120431324124288,0.120431324124288,0.120431324124288,0.0858199958609306
28.8849953931129,0,0.0979302178007383,0,28.8849953931129,0.0979302178007383,0.0979302178007383,0.0979302178007383,0.0579174158832788
28.6035389414163,0,0.0823297360697865,0,28.6035389414163,0.0823297360697865,0.0823297360697865,0.0823297360697865,0.0668218145670428
29.5977990878379,0,-0.0113453563099658,0,29.5977990878379,-0.0113453563099658,-0.0113453563099658,-0.0113453563099658,0.00882415675868194
31.7836307317013,0,-0.000986872552912831,0,31.7836307317013,-0.000986872552912831,-0.000986872552912831,-0.000986872552912831,0.0513468322852711
58.2567337712203,0,-0.0292342430557418,0,58.2567337712203,-0.0292342430557418,-0.0292342430557418,-0.0292342430557418,0.0313119318560836
6.44620981534856,0,0.014846298512104,0,6.44620981534856,0.014846298512104,0.014846298512104,0.014846298512104,0.0608105741726415
9.76488353168942,0,-0.0568269996645314,0,9.76488353168942,-0.0568269996645314,-0.0568269996645314,-0.0568269996645314,0.0624473997676078
9.44659083119766,0,-0.0979355343768668,0,9.44659083119766,-0.0979355343768668,-0.0979355343768668,-0.0979355343768668,0.106984919191722
11.5655416616478,0,0.0462995754863095,0,11.5655416616478,0.0462995754863095,0.0462995754863095,0.0462995754863095,0.0826687561876095
8.82787398220667,0,-0.0348485055250106,0,8.82787398220667,-0.0348485055250106,-0.0348485055250106,-0.0348485055250106,0.0269771310922996
12.9943484790243,0,-0.0194490057878421,0,12.9943484790243,-0.0194490057878421,-0.0194490057878421,-0.0194490057878421,0.0360356101943559
15.3589450492619,0,0.00110117416724927,0,15.3589450492619,0.00110117416724927,0.00110117416724927,0.00110117416724927,0.0406506452456309
13.932394992116,0,-0.0181789376700253,0,13.932394992116,-0.0181789376700253,-0.0181789376700253,-0.0181789376700253,0.0188487540981466
7.21565543730699,0,-0.0402820751305768,0,7.21565543730699,-0.0402820751305768,-0.0402820751305768,-0.0402820751305768,0.054665802393829
10.0606081878951,0,0.085987413283981,0,10.0606081878951,0.085987413283981,0.085987413283981,0.085987413283981,0.0735294946385232
8.39406695268219,0,0.0167837864563465,0,8.39406695268219,0.0167837864563465,0.0167837864563465,0.0167837864563465,0.0322473662392579
15.9889285055188,0,0.0200423493211871,0,15.9889285055188,0.0200423493211871,0.0200423493211871,0.0200423493211871,0.079920039005528
18.0857411860877,0,0.0916384749396163,0,18.0857411860877,0.0916384749396163,0.0916384749396163,0.0916384749396163,0.0769026251699875
15.9869192322504,0,-0.0301104138802947,0,15.9869192322504,-0.0301104138802947,-0.0301104138802947,-0.0301104138802947,0.0660892518043024
6.43246737418677,0,-0.00175514110714601,0,6.43246737418677,-0.00175514110714601,-0.00175514110714601,-0.00175514110714601,0.0460871542621448
11.5147370517306,0,0.0014354321358665,0,11.5147370517306,0.0014354321358665,0.0014354321358665,0.0014354321358665,0.0892608047446169
14.0009972605091,0,0.0206025200991652,0,14.0009972605091,0.0206025200991652,0.0206025200991652,0.0206025200991652,0.0339411044244932
9.59777067525504,0,0.0324844997722929,0,9.59777067525504,0.0324844997722929,0.0324844997722929,0.0324844997722929,0.110280130072492
15.0859121921803,0,-0.0393066737843362,0,15.0859121921803,-0.0393066737843362,-0.0393066737843362,-0.0393066737843362,0.0236533220489513
9.72517737270267,0,-0.0607775133859425,0,9.72517737270267,-0.0607775133859425,-0.0607775133859425,-0.0607775133859425,0.0578936545294013
18.6360501945468,0,0.00339652699480669,0,18.6360501945468,0.00339652699480669,0.00339652699480669,0.00339652699480669,0.0231326363141649
17.089724178176,0,-0.0271406068286865,0,17.089724178176,-0.0271406068286865,-0.0271406068286865,-0.0271406068286865,0.0230256393791171
21.5829370653545,0,0.0298927679516334,0,21.5829370653545,0.0298927679516334,0.0298927679516334,0.0298927679516334,0.0957916819149799
20.9469363809693,0,-0.0620062282051366,0,20.9469363809693,-0.0620062282051366,-0.0620062282051366,-0.0620062282051366,0.0316922935685358
14.9841508829939,0,-0.0116644332247643,0,14.9841508829939,-0.0116644332247643,-0.0116644332247643,-0.0116644332247643,0.0298683479784343
17.7014293147066,0,0.0234372077444364,0,17.7014293147066,0.0234372077444364,0.0234372077444364,0.0234372077444364,0.0323786122878216
7.64794231176785,0,-0.059101564084287,0,7.64794231176785,-0.059101564084287,-0.059101564084287,-0.059101564084287,0.0903744697989972
28.0357950549129,0,-0.105634592981758,0,28.0357950549129,-0.105634592981758,-0.105634592981758,-0.105634592981758,0.0500821922705714
21.3366266027677,0,0.0254225880181557,0,21.3366266027677,0.0254225880181557,0.0254225880181557,0.0254225880181557,0.0200434779593012
17.5301442844118,0,0.0142095793758646,0,17.5301442844118,0.0142095793758646,0.0142095793758646,0.0142095793758646,0.0696664569668348
19.4895699028587,0,0.0416172183879953,0,19.4895699028587,0.0416172183879953,0.0416172183879953,0.0416172183879953,0.0358801907869014
20.194795378456,0,-0.0402840575222018,0,20.194795378456,-0.0402840575222018,-0.0402840575222018,-0.0402840575222018,0.0347266168845434
30.8323992814633,0,-0.0741437991323082,0,30.8323992814633,-0.0741437991323082,-0.0741437991323082,-0.0741437991323082,0.0552061615396023
24.6432451625569,0,0.0222577238700488,0,24.6432451625569,0.0222577238700488,0.0222577238700488,0.0222577238700488,0.0186775641121671
24.6790186944373,0,-0.0482123581522464,0,24.6790186944373,-0.0482123581522464,-0.0482123581522464,-0.0482123581522464,0.0552410658746267
26.382782801339,0,0.00291577467152814,0,26.382782801339,0.00291577467152814,0.00291577467152814,0.00291577467152814,0.0390527645857456
30.9417354335115,0,-0.0403115338385891,0,30.9417354335115,-0.0403115338385891,-0.0403115338385891,-0.0403115338385891,0.0231040008520514
38.1645451105328,0,-0.100422404459496,0,38.1645451105328,-0.100422404459496,-0.100422404459496,-0.100422404459496,0.0682412275074087
46.6428473911311,0,0.00909288360323519,0,46.6428473911311,0.00909288360323519,0.00909288360323519,0.00909288360323519,0.0261610074048665
65.212253795509,0,-0.0709444527052519,0,65.212253795509,-0.0709444527052519,-0.0709444527052519,-0.0709444527052519,0.0312298506811203
137.191006595898,0,0.170885717657233,0,137.191006595898,0.170885717657233,0.170885717657233,0.170885717657233,0.0590600263598865
10.0727175566186,0,-0.0174955211199205,0,10.0727175566186,-0.0174955211199205,-0.0174955211199205,-0.0174955211199205,0.0459164397198917
8.00798351706789,0,-0.0231448933436433,0,8.00798351706789,-0.0231448933436433,-0.0231448933436433,-0.0231448933436433,0.0227639317933852
9.59000984339381,0,0.00385761055820881,0,9.59000984339381,0.00385761055820881,0.00385761055820881,0.00385761055820881,0.0274788460395302
10.2816707417935,0,0.0431360456584634,0,10.2816707417935,0.0431360456584634,0.0431360456584634,0.0431360456584634,0.0592102994085515
9.62915158093607,0,-0.0388707306470442,0,9.62915158093607,-0.0388707306470442,-0.0388707306470442,-0.0388707306470442,0.027720850141961
16.3158919325989,0,-0.0269106773065344,0,16.3158919325989,-0.0269106773065344,-0.0269106773065344,-0.0269106773065344,0.0425318733632451
16.2396345612552,0,-0.0691737537845265,0,16.2396345612552,-0.0691737537845265,-0.0691737537845265,-0.0691737537845265,0.0902177029071656
6.36630746166672,0,-0.0164395020692088,0,6.36630746166672,-0.0164395020692088,-0.0164395020692088,-0.0164395020692088,0.0700624734939945
15.394499402942,0,-0.00378705820909443,0,15.394499402942,-0.00378705820909443,-0.00378705820909443,-0.00378705820909443,0.0437456749358412
11.7034509769443,0,-0.047414724012182,0,11.7034509769443,-0.047414724012182,-0.047414724012182,-0.047414724012182,0.0929587321883956
15.2782674242684,0,-0.0232438173633845,0,15.2782674242684,-0.0232438173633845,-0.0232438173633845,-0.0232438173633845,0.0576234221159921
10.6567948708008,0,0.0203455428827325,0,10.6567948708008,0.0203455428827325,0.0203455428827325,0.0203455428827325,0.0367174068081082
9.39294029026119,0,-0.0308573204545871,0,9.39294029026119,-0.0308573204545871,-0.0308573204545871,-0.0308573204545871,0.0483784086739905
8.81955579901139,0,0.0489025589985762,0,8.81955579901139,0.0489025589985762,0.0489025589985762,0.0489025589985762,0.03361673941913
21.3173981097372,0,-0.0544825128315785,0,21.3173981097372,-0.0544825128315785,-0.0544825128315785,-0.0544825128315785,0.0601681286923649
12.2288361301306,0,0.00774302809111936,0,12.2288361301306,0.00774302809111936,0.00774302809111936,0.00774302809111936,0.0687648406038986
17.5004105327378,0,0.0170612141470946,0,17.5004105327378,0.0170612141470946,0.0170612141470946,0.0170612141470946,0.0186037370168455
20.7387374605521,0,0.0347830083377728,0,20.7387374605521,0.0347830083377728,0.0347830083377728,0.0347830083377728,0.0955023133777963
15.7199380589508,0,-0.0284382742585152,0,15.7199380589508,-0.0284382742585152,-0.0284382742585152,-0.0284382742585152,0.0321922507586168
19.5245677462452,0,-0.0465315630677154,0,19.5245677462452,-0.0465315630677154,-0.0465315630677154,-0.0465315630677154,0.0509508053536232
16.4166983475514,0,0.0121146926155127,0,16.4166983475514,0.0121146926155127,0.0121146926155127,0.0121146926155127,0.0250144348734536
12.3362289122787,0,-0.0137175919044831,0,12.3362289122787,-0.0137175919044831,-0.0137175919044831,-0.0137175919044831,0.0381376180078126
19.5668512869667,0,-0.00366066774023383,0,19.5668512869667,-0.00366066774023383,-0.00366066774023383,-0.00366066774023383,0.0334583180842112
18.620814408946,0,0.0208022732503786,0,18.620814408946,0.0208022732503786,0.0208022732503786,0.0208022732503786,0.0319813983962653
31.2486284292755,0,-0.0312420422553704,0,31.2486284292755,-0.0312420422553704,-0.0312420422553704,-0.0312420422553704,0.0353205113571917
25.3364494173759,0,0.0112897770231905,0,25.3364494173759,0.0112897770231905,0.0112897770231905,0.0112897770231905,0.0305493674198884
26.7354916715762,0,0.029061917810735,0,26.7354916715762,0.029061917810735,0.029061917810735,0.029061917810735,0.0645235653139835
21.386197467281,0,0.0179803070006579,0,21.386197467281,0.0179803070006579,0.0179803070006579,0.0179803070006579,0.0518558930138261
31.6066289344325,0,-0.0112268556332038,0,31.6066289344325,-0.0112268556332038,-0.0112268556332038,-0.0112268556332038,0.0452568290421288
33.5023708850962,0,0.14546015355191,0,33.5023708850962,0.14546015355191,0.14546015355191,0.14546015355191,0.0872693551502922
32.574478285115,0,-0.0156803842868437,0,32.574478285115,-0.0156803842868437,-0.0156803842868437,-0.0156803842868437,0.00761690190358206
46.10418105434,0,0.0951838206091688,0,46.10418105434,0.0951838206091688,0.0951838206091688,0.0951838206091688,0.0480971904020292
50.194987377619,0,-0.0887270379450948,0,50.194987377619,-0.0887270379450948,-0.0887270379450948,-0.0887270379450948,0.0493782527319599
62.5381566202796,0,0.0315163845212484,0,62.5381566202796,0.0315163845212484,0.0315163845212484,0.0315163845212484,0.0160258192058418
10.3270034399469,0,-0.00880385341144778,0,10.3270034399469,-0.00880385341144778,-0.00880385341144778,-0.00880385341144778,0.0261337558093622
6.24957024269224,0,-0.00682551048823285,0,6.24957024269224,-0.00682551048823285,-0.00682551048823285,-0.00682551048823285,0.0179083148674337
15.734630118314,0,-0.0849713063952958,0,15.734630118314,-0.0849713063952958,-0.0849713063952958,-0.0849713063952958,0.0828431488505455
7.91019718011665,0,-0.029076738178176,0,7.91019718011665,-0.029076738178176,-0.029076738178176,-0.029076738178176,0.103376645465799
13.37862186338,0,-0.0440886847685505,0,13.37862186338,-0.0440886847685505,-0.0440886847685505,-0.0440886847685505,0.0425479039875343
11.9557360874646,0,-0.0795364077141211,0,11.9557360874646,-0.0795364077141211,-0.0795364077141211,-0.0795364077141211,0.0610558097086551
15.428788497234,0,-0.0724375103860394,0,15.428788497234,-0.0724375103860394,-0.0724375103860394,-0.0724375103860394,0.0494505876330664
20.4476052334307,0,0.0257428347128848,0,20.4476052334307,0.0257428347128848,0.0257428347128848,0.0257428347128848,0.0520747992305935
7.56195931134821,0,-0.0116319409728939,0,7.56195931134821,-0.0116319409728939,-0.0116319409728939,-0.0116319409728939,0.0266063591155964
13.6817123072976,0,-0.0267628022480394,0,13.6817123072976,-0.0267628022480394,-0.0267628022480394,-0.0267628022480394,0.0198050120194279
15.7843306514314,0,-0.037955329368646,0,15.7843306514314,-0.037955329368646,-0.037955329368646,-0.037955329368646,0.0304463581973269
9.55803328206933,0,-0.075541613234164,0,9.55803328206933,-0.075541613234164,-0.075541613234164,-0.075541613234164,0.0681931922358386
20.6428994688882,0,0.0419393367891122,0,20.6428994688882,0.0419393367891122,0.0419393367891122,0.0419393367891122,0.0371473038698186
14.9235886660702,0,0.0514414552156113,0,14.9235886660702,0.0514414552156113,0.0514414552156113,0.0514414552156113,0.0758929978802352
17.4393994672992,0,0.0657383985466765,0,17.4393994672992,0.0657383985466765,0.0657383985466765,0.0657383985466765,0.0962868374226059
22.9354841525557,0,-0.0313660797652561,0,22.9354841525557,-0.0313660797652561,-0.0313660797652561,-0.0313660797652561,0.0400250138125673
12.3783069186976,0,-0.028866189566921,0,12.3783069186976,-0.028866189566921,-0.028866189566921,-0.028866189566921,0.0434062746118632
23.2322629885996,0,0.0877821568966998,0,23.2322629885996,0.0877821568966998,0.0877821568966998,0.0877821568966998,0.0355620591790189
18.898168398979,0,-0.00431864380536538,0,18.898168398979,-0.00431864380536538,-0.00431864380536538,-0.00431864380536538,0.0425985827747733
22.3321237211879,0,-0.022292095443786,0,22.3321237211879,-0.022292095443786,-0.022292095443786,-0.022292095443786,0.0395771524718729
18.4653534251615,0,-0.00655483968168603,0,18.4653534251615,-0.00655483968168603,-0.00655483968168603,-0.00655483968168603,0.0178802789267019
22.7637562761885,0,-0.0948526440049386,0,22.7637562761885,-0.0948526440049386,-0.0948526440049386,-0.0948526440049386,0.041926238207968
27.185531608996,0,-0.0820886131480054,0,27.185531608996,-0.0820886131480054,-0.0820886131480054,-0.0820886131480054,0.0677521566829605
36.2970951967062,0,-0.0112765195206143,0,36.2970951967062,-0.0112765195206143,-0.0112765195206143,-0.0112765195206143,0.0801434400494138
58.1469734780212,0,0.0359881976695806,0,58.1469734780212,0.0359881976695806,0.0359881976695806,0.0359881976695806,0.0105748343104483
10.455656204082,0,0.0194089351306149,0,10.455656204082,0.0194089351306149,0.0194089351306149,0.0194089351306149,0.0492525473237087
10.0735193680426,0,-0.0553347324835334,0,10.0735193680426,-0.0553347324835334,-0.0553347324835334,-0.0553347324835334,0.0739542634350401
14.2224810083374,0,-0.0138125413066812,0,14.2224810083374,-0.0138125413066812,-0.0138125413066812,-0.0138125413066812,0.0566704901283826
11.7236965827095,0,-0.0129564345492571,0,11.7236965827095,-0.0129564345492571,-0.0129564345492571,-0.0129564345492571,0.047202588212243
8.10564669924349,0,-0.0232302406869477,0,8.10564669924349,-0.0232302406869477,-0.0232302406869477,-0.0232302406869477,0.0319259001198384
14.2261690527438,0,0.142255791212143,0,14.2261690527438,0.142255791212143,0.142255791212143,0.142255791212143,0.102742225237966
13.8909781991478,0,0.0302000220232272,0,13.8909781991478,0.0302000220232272,0.0302000220232272,0.0302000220232272,0.0210223272767219
10.4916049522311,0,0.0132463173032987,0,10.4916049522311,0.0132463173032987,0.0132463173032987,0.0132463173032987,0.0267192917518445
16.8968084506959,0,0.0121108401870941,0,16.8968084506959,0.0121108401870941,0.0121108401870941,0.0121108401870941,0.0215410667086595
12.6452247703807,0,-0.00307102762109742,0,12.6452247703807,-0.00307102762109742,-0.00307102762109742,-0.00307102762109742,0.0355343386018732
18.9845628907644,0,0.000462154843518783,0,18.9845628907644,0.000462154843518783,0.000462154843518783,0.000462154843518783,0.0272969378621576
9.99689900440202,0,-0.0364630178836979,0,9.99689900440202,-0.0364630178836979,-0.0364630178836979,-0.0364630178836979,0.0641404302827556
9.58796747981615,0,0.00725905880614161,0,9.58796747981615,0.00725905880614161,0.00725905880614161,0.00725905880614161,0.0422687684348916
7.63094097362769,0,0.0492735716547085,0,7.63094097362769,0.0492735716547085,0.0492735716547085,0.0492735716547085,0.123465778565116
13.4425489859263,0,-0.00354299497565141,0,13.4425489859263,-0.00354299497565141,-0.00354299497565141,-0.00354299497565141,0.0419174660669135
9.72468903389732,0,0.0209196079014141,0,9.72468903389732,0.0209196079014141,0.0209196079014141,0.0209196079014141,0.0473210924820652
17.5402564686148,0,0.00587279930275546,0,17.5402564686148,0.00587279930275546,0.00587279930275546,0.00587279930275546,0.0106966461652218
12.1553954336531,0,-0.0309782449766762,0,12.1553954336531,-0.0309782449766762,-0.0309782449766762,-0.0309782449766762,0.0869132268779411
13.8586176292519,0,0.00746473808973444,0,13.8586176292519,0.00746473808973444,0.00746473808973444,0.00746473808973444,0.0267967583159775
16.0306472484382,0,-0.00218081123859436,0,16.0306472484382,-0.00218081123859436,-0.00218081123859436,-0.00218081123859436,0.0738523394073922
12.9107052189595,0,0.0122021764614103,0,12.9107052189595,0.0122021764614103,0.0122021764614103,0.0122021764614103,0.0395309046819894
12.1801461145622,0,-0.0518742654347933,0,12.1801461145622,-0.0518742654347933,-0.0518742654347933,-0.0518742654347933,0.0228359227081224
12.511562118753,0,0.010653794636591,0,12.511562118753,0.010653794636591,0.010653794636591,0.010653794636591,0.0542734571116003
11.3110693140974,0,0.00982781565554414,0,11.3110693140974,0.00982781565554414,0.00982781565554414,0.00982781565554414,0.0152975413868066
20.9961161949982,0,0.0348583127381699,0,20.9961161949982,0.0348583127381699,0.0348583127381699,0.0348583127381699,0.0246917770464763
19.3907318000718,0,-0.00264844260222268,0,19.3907318000718,-0.00264844260222268,-0.00264844260222268,-0.00264844260222268,0.0309739751988685
26.07050496253,0,-0.0223617173187741,0,26.07050496253,-0.0223617173187741,-0.0223617173187741,-0.0223617173187741,0.0225838093304552
22.935031435173,0,0.0687179416684146,0,22.935031435173,0.0687179416684146,0.0687179416684146,0.0687179416684146,0.0287104108667492
25.2742689449499,0,0.0252545261637014,0,25.2742689449499,0.0252545261637014,0.0252545261637014,0.0252545261637014,0.0194544028744486
36.9686933799935,0,0.0402545864892569,0,36.9686933799935,0.0402545864892569,0.0402545864892569,0.0402545864892569,0.0215758372964333
37.1434517037374,0,-0.0752836548411886,0,37.1434517037374,-0.0752836548411886,-0.0752836548411886,-0.0752836548411886,0.0609057949487984
34.0282031291971,0,-0.00149177590114335,0,34.0282031291971,-0.00149177590114335,-0.00149177590114335,-0.00149177590114335,0.0291617077224041
28.9107605296296,0,-0.0384671050251669,0,28.9107605296296,-0.0384671050251669,-0.0384671050251669,-0.0384671050251669,0.00565694305363532
63.2073221835875,0,-0.00719743465833952,0,63.2073221835875,-0.00719743465833952,-0.00719743465833952,-0.00719743465833952,0.0310221218930299
NA,NA,NA,NA,NA,NA,NA,NA,NA
9.30240675050487,0,0.0198716605101052,0,9.30240675050487,0.0198716605101052,0.0198716605101052,0.0198716605101052,0.0714542693242479
6.82559417888738,0,-0.0208488602109932,0,6.82559417888738,-0.0208488602109932,-0.0208488602109932,-0.0208488602109932,0.0626238731585564
7.10118523761685,0,-0.0285278978712163,0,7.10118523761685,-0.0285278978712163,-0.0285278978712163,-0.0285278978712163,0.0595492352872805
8.39406695268219,0,0.0167837864563465,0,8.39406695268219,0.0167837864563465,0.0167837864563465,0.0167837864563465,0.0322473662392579
15.3813680380744,0,-0.0235768509494856,0,15.3813680380744,-0.0235768509494856,-0.0235768509494856,-0.0235768509494856,0.0385600790656454
8.18927423765117,0,0.0659665725964304,0,8.18927423765117,0.0659665725964304,0.0659665725964304,0.0659665725964304,0.0630297284578965
9.567453602661,0,-0.0130573193727359,0,9.567453602661,-0.0130573193727359,-0.0130573193727359,-0.0130573193727359,0.0264340771076804
9.56764954052794,0,-0.00578932875863998,0,9.56764954052794,-0.00578932875863998,-0.00578932875863998,-0.00578932875863998,0.0288617279537588
9.58796747981615,0,0.00725905880614161,0,9.58796747981615,0.00725905880614161,0.00725905880614161,0.00725905880614161,0.0422687684348916
15.1454884083029,0,0.0687427351592194,0,15.1454884083029,0.0687427351592194,0.0687427351592194,0.0687427351592194,0.0334809714396658
9.72468903389732,0,0.0209196079014141,0,9.72468903389732,0.0209196079014141,0.0209196079014141,0.0209196079014141,0.0473210924820652
14.8412385484711,0,0.00805813747067324,0,14.8412385484711,0.00805813747067324,0.00805813747067324,0.00805813747067324,0.0331399934197975
10.6567948708008,0,0.0203455428827325,0,10.6567948708008,0.0203455428827325,0.0203455428827325,0.0203455428827325,0.0367174068081082
12.7697291709358,0,0.00135812282131545,0,12.7697291709358,0.00135812282131545,0.00135812282131545,0.00135812282131545,0.0331331000834964
17.7014293147066,0,0.0234372077444364,0,17.7014293147066,0.0234372077444364,0.0234372077444364,0.0234372077444364,0.0323786122878216
16.016217440795,0,-0.00369944404825601,0,16.016217440795,-0.00369944404825601,-0.00369944404825601,-0.00369944404825601,0.0376637682579198
21.1131806593051,0,-0.056056653152879,0,21.1131806593051,-0.056056653152879,-0.056056653152879,-0.056056653152879,0.033465829508006
12.511562118753,0,0.010653794636591,0,12.511562118753,0.010653794636591,0.010653794636591,0.010653794636591,0.0542734571116003
11.3110693140974,0,0.00982781565554414,0,11.3110693140974,0.00982781565554414,0.00982781565554414,0.00982781565554414,0.0152975413868066
19.3344521561619,0,-0.0178892890128142,0,19.3344521561619,-0.0178892890128142,-0.0178892890128142,-0.0178892890128142,0.0322365626104049
22.4252386829518,0,0.0149224868595611,0,22.4252386829518,0.0149224868595611,0.0149224868595611,0.0149224868595611,0.0125393113695439
12.3654554745313,0,-0.0686880413546458,0,12.3654554745313,-0.0686880413546458,-0.0686880413546458,-0.0686880413546458,0.0513325050706189
19.2556223171704,0,0.0285945738844167,0,19.2556223171704,0.0285945738844167,0.0285945738844167,0.0285945738844167,0.0139726523520546
28.4997237131768,0,0.0332965046822203,0,28.4997237131768,0.0332965046822203,0.0332965046822203,0.0332965046822203,0.0109595446447633
54.7209102152747,0,0.0196726221291343,0,54.7209102152747,0.0196726221291343,0.0196726221291343,0.0196726221291343,0.0109274670854921
6.44620981534856,0,0.014846298512104,0,6.44620981534856,0.014846298512104,0.014846298512104,0.014846298512104,0.0608105741726415
13.7692792179168,0,0.045315959795906,0,13.7692792179168,0.045315959795906,0.045315959795906,0.045315959795906,0.0576659331255503
11.7030101268542,0,0.0664031592294417,0,11.7030101268542,0.0664031592294417,0.0664031592294417,0.0664031592294417,0.0318702419669784
7.36539602284415,0,-0.0247872150245361,0,7.36539602284415,-0.0247872150245361,-0.0247872150245361,-0.0247872150245361,0.114121672795408
7.17535910443418,0,0.0223584830888584,0,7.17535910443418,0.0223584830888584,0.0223584830888584,0.0223584830888584,0.0787357224553916
12.4292894118962,0,0.0421917175883508,0,12.4292894118962,0.0421917175883508,0.0421917175883508,0.0421917175883508,0.0520890612226588
11.8155784180346,0,0.132399483418963,0,11.8155784180346,0.132399483418963,0.132399483418963,0.132399483418963,0.0684128055131695
10.8363107906744,0,-0.028098390818107,0,10.8363107906744,-0.028098390818107,-0.028098390818107,-0.028098390818107,0.071926050301895
11.7003583105711,0,-0.00186774348468509,0,11.7003583105711,-0.00186774348468509,-0.00186774348468509,-0.00186774348468509,0.00589871207554302
14.1717804897526,0,0.027255899623745,0,14.1717804897526,0.027255899623745,0.027255899623745,0.027255899623745,0.0438772018708798
10.4916049522311,0,0.0132463173032987,0,10.4916049522311,0.0132463173032987,0.0132463173032987,0.0132463173032987,0.0267192917518445
17.4700053613048,0,-0.0184802916209333,0,17.4700053613048,-0.0184802916209333,-0.0184802916209333,-0.0184802916209333,0.0310328260487528
22.4190143092695,0,-0.000161199703742028,0,22.4190143092695,-0.000161199703742028,-0.000161199703742028,-0.000161199703742028,0.0167230245622351
23.3384346785706,0,0.0173424537425691,0,23.3384346785706,0.0173424537425691,0.0173424537425691,0.0173424537425691,0.0189266195413323
38.8851950923656,0,-0.0332412043876419,0,38.8851950923656,-0.0332412043876419,-0.0332412043876419,-0.0332412043876419,0.0285556564673136
33.1236118256953,0,-0.00808769374160821,0,33.1236118256953,-0.00808769374160821,-0.00808769374160821,-0.00808769374160821,0.0398141944590775
130.216227665708,0,0.0198117493038606,0,130.216227665708,0.0198117493038606,0.0198117493038606,0.0198117493038606,0.0277236387216602
9.87654480749694,0,-0.0946232449189078,0,9.87654480749694,-0.0946232449189078,-0.0946232449189078,-0.0946232449189078,0.0836731049469832
7.20766663746074,0,-0.106653975408061,0,7.20766663746074,-0.106653975408061,-0.106653975408061,-0.106653975408061,0.116724453442599
13.2572895170701,0,-0.00547183825283213,0,13.2572895170701,-0.00547183825283213,-0.00547183825283213,-0.00547183825283213,0.0207932850711389
14.6101069409457,0,-0.0361151431713081,0,14.6101069409457,-0.0361151431713081,-0.0361151431713081,-0.0361151431713081,0.0853409147807967
9.82277228593101,0,0.003405640430707,0,9.82277228593101,0.003405640430707,0.003405640430707,0.003405640430707,0.0711265903737062
11.2420027298881,0,-0.0660500012093723,0,11.2420027298881,-0.0660500012093723,-0.0660500012093723,-0.0660500012093723,0.0384705888979592
20.250805971961,0,-0.0722114931141322,0,20.250805971961,-0.0722114931141322,-0.0722114931141322,-0.0722114931141322,0.0558422559374383
31.8741652207804,0,-0.107519658446839,0,31.8741652207804,-0.107519658446839,-0.107519658446839,-0.107519658446839,0.0238262728569304
9.44659083119766,0,-0.0979355343768668,0,9.44659083119766,-0.0979355343768668,-0.0979355343768668,-0.0979355343768668,0.106984919191722
10.6319539160187,0,0.00587821668928426,0,10.6319539160187,0.00587821668928426,0.00587821668928426,0.00587821668928426,0.0434639030773943
23.722803858762,0,0.00435490338959432,0,23.722803858762,0.00435490338959432,0.00435490338959432,0.00435490338959432,0.0172785731987079
NA,NA,NA,NA,NA,NA,NA,NA,NA
9.30240675050487,0,0.0198716605101052,0,9.30240675050487,0.0198716605101052,0.0198716605101052,0.0198716605101052,0.0714542693242479
6.82559417888738,0,-0.0208488602109932,0,6.82559417888738,-0.0208488602109932,-0.0208488602109932,-0.0208488602109932,0.0626238731585564
7.10118523761685,0,-0.0285278978712163,0,7.10118523761685,-0.0285278978712163,-0.0285278978712163,-0.0285278978712163,0.0595492352872805
8.39406695268219,0,0.0167837864563465,0,8.39406695268219,0.0167837864563465,0.0167837864563465,0.0167837864563465,0.0322473662392579
15.3813680380744,0,-0.0235768509494856,0,15.3813680380744,-0.0235768509494856,-0.0235768509494856,-0.0235768509494856,0.0385600790656454
8.18927423765117,0,0.0659665725964304,0,8.18927423765117,0.0659665725964304,0.0659665725964304,0.0659665725964304,0.0630297284578965
9.567453602661,0,-0.0130573193727359,0,9.567453602661,-0.0130573193727359,-0.0130573193727359,-0.0130573193727359,0.0264340771076804
9.56764954052794,0,-0.00578932875863998,0,9.56764954052794,-0.00578932875863998,-0.00578932875863998,-0.00578932875863998,0.0288617279537588
9.58796747981615,0,0.00725905880614161,0,9.58796747981615,0.00725905880614161,0.00725905880614161,0.00725905880614161,0.0422687684348916
15.1454884083029,0,0.0687427351592194,0,15.1454884083029,0.0687427351592194,0.0687427351592194,0.0687427351592194,0.0334809714396658
9.72468903389732,0,0.0209196079014141,0,9.72468903389732,0.0209196079014141,0.0209196079014141,0.0209196079014141,0.0473210924820652
14.8412385484711,0,0.00805813747067324,0,14.8412385484711,0.00805813747067324,0.00805813747067324,0.00805813747067324,0.0331399934197975
10.6567948708008,0,0.0203455428827325,0,10.6567948708008,0.0203455428827325,0.0203455428827325,0.0203455428827325,0.0367174068081082
12.7697291709358,0,0.00135812282131545,0,12.7697291709358,0.00135812282131545,0.00135812282131545,0.00135812282131545,0.0331331000834964
17.7014293147066,0,0.0234372077444364,0,17.7014293147066,0.0234372077444364,0.0234372077444364,0.0234372077444364,0.0323786122878216
16.016217440795,0,-0.00369944404825601,0,16.016217440795,-0.00369944404825601,-0.00369944404825601,-0.00369944404825601,0.0376637682579198
21.1131806593051,0,-0.056056653152879,0,21.1131806593051,-0.056056653152879,-0.056056653152879,-0.056056653152879,0.033465829508006
12.511562118753,0,0.010653794636591,0,12.511562118753,0.010653794636591,0.010653794636591,0.010653794636591,0.0542734571116003
11.3110693140974,0,0.00982781565554414,0,11.3110693140974,0.00982781565554414,0.00982781565554414,0.00982781565554414,0.0152975413868066
19.3344521561619,0,-0.0178892890128142,0,19.3344521561619,-0.0178892890128142,-0.0178892890128142,-0.0178892890128142,0.0322365626104049
22.4252386829518,0,0.0149224868595611,0,22.4252386829518,0.0149224868595611,0.0149224868595611,0.0149224868595611,0.0125393113695439
12.3654554745313,0,-0.0686880413546458,0,12.3654554745313,-0.0686880413546458,-0.0686880413546458,-0.0686880413546458,0.0513325050706189
19.2556223171704,0,0.0285945738844167,0,19.2556223171704,0.0285945738844167,0.0285945738844167,0.0285945738844167,0.0139726523520546
28.4997237131768,0,0.0332965046822203,0,28.4997237131768,0.0332965046822203,0.0332965046822203,0.0332965046822203,0.0109595446447633
54.7209102152747,0,0.0196726221291343,0,54.7209102152747,0.0196726221291343,0.0196726221291343,0.0196726221291343,0.0109274670854921
6.44620981534856,0,0.014846298512104,0,6.44620981534856,0.014846298512104,0.014846298512104,0.014846298512104,0.0608105741726415
13.7692792179168,0,0.045315959795906,0,13.7692792179168,0.045315959795906,0.045315959795906,0.045315959795906,0.0576659331255503
11.7030101268542,0,0.0664031592294417,0,11.7030101268542,0.0664031592294417,0.0664031592294417,0.0664031592294417,0.0318702419669784
7.36539602284415,0,-0.0247872150245361,0,7.36539602284415,-0.0247872150245361,-0.0247872150245361,-0.0247872150245361,0.114121672795408
7.17535910443418,0,0.0223584830888584,0,7.17535910443418,0.0223584830888584,0.0223584830888584,0.0223584830888584,0.0787357224553916
12.4292894118962,0,0.0421917175883508,0,12.4292894118962,0.0421917175883508,0.0421917175883508,0.0421917175883508,0.0520890612226588
11.8155784180346,0,0.132399483418963,0,11.8155784180346,0.132399483418963,0.132399483418963,0.132399483418963,0.0684128055131695
10.8363107906744,0,-0.028098390818107,0,10.8363107906744,-0.028098390818107,-0.028098390818107,-0.028098390818107,0.071926050301895
11.7003583105711,0,-0.00186774348468509,0,11.7003583105711,-0.00186774348468509,-0.00186774348468509,-0.00186774348468509,0.00589871207554302
14.1717804897526,0,0.027255899623745,0,14.1717804897526,0.027255899623745,0.027255899623745,0.027255899623745,0.0438772018708798
10.4916049522311,0,0.0132463173032987,0,10.4916049522311,0.0132463173032987,0.0132463173032987,0.0132463173032987,0.0267192917518445
17.4700053613048,0,-0.0184802916209333,0,17.4700053613048,-0.0184802916209333,-0.0184802916209333,-0.0184802916209333,0.0310328260487528
22.4190143092695,0,-0.000161199703742028,0,22.4190143092695,-0.000161199703742028,-0.000161199703742028,-0.000161199703742028,0.0167230245622351
23.3384346785706,0,0.0173424537425691,0,23.3384346785706,0.0173424537425691,0.0173424537425691,0.0173424537425691,0.0189266195413323
38.8851950923656,0,-0.0332412043876419,0,38.8851950923656,-0.0332412043876419,-0.0332412043876419,-0.0332412043876419,0.0285556564673136
33.1236118256953,0,-0.00808769374160821,0,33.1236118256953,-0.00808769374160821,-0.00808769374160821,-0.00808769374160821,0.0398141944590775
130.216227665708,0,0.0198117493038606,0,130.216227665708,0.0198117493038606,0.0198117493038606,0.0198117493038606,0.0277236387216602
9.87654480749694,0,-0.0946232449189078,0,9.87654480749694,-0.0946232449189078,-0.0946232449189078,-0.0946232449189078,0.0836731049469832
7.20766663746074,0,-0.106653975408061,0,7.20766663746074,-0.106653975408061,-0.106653975408061,-0.106653975408061,0.116724453442599
13.2572895170701,0,-0.00547183825283213,0,13.2572895170701,-0.00547183825283213,-0.00547183825283213,-0.00547183825283213,0.0207932850711389
14.6101069409457,0,-0.0361151431713081,0,14.6101069409457,-0.0361151431713081,-0.0361151431713081,-0.0361151431713081,0.0853409147807967
9.82277228593101,0,0.003405640430707,0,9.82277228593101,0.003405640430707,0.003405640430707,0.003405640430707,0.0711265903737062
11.2420027298881,0,-0.0660500012093723,0,11.2420027298881,-0.0660500012093723,-0.0660500012093723,-0.0660500012093723,0.0384705888979592
20.250805971961,0,-0.0722114931141322,0,20.250805971961,-0.0722114931141322,-0.0722114931141322,-0.0722114931141322,0.0558422559374383
31.8741652207804,0,-0.107519658446839,0,31.8741652207804,-0.107519658446839,-0.107519658446839,-0.107519658446839,0.0238262728569304
9.44659083119766,0,-0.0979355343768668,0,9.44659083119766,-0.0979355343768668,-0.0979355343768668,-0.0979355343768668,0.106984919191722
10.6319539160187,0,0.00587821668928426,0,10.6319539160187,0.00587821668928426,0.00587821668928426,0.00587821668928426,0.0434639030773943
23.722803858762,0,0.00435490338959432,0,23.722803858762,0.00435490338959432,0.00435490338959432,0.00435490338959432,0.0172785731987079
NA,NA,NA,NA,NA,NA,NA,NA,NA
9.30240675050487,0,0.0198716605101052,0,9.30240675050487,0.0198716605101052,0.0198716605101052,0.0198716605101052,0.0714542693242479
6.82559417888738,0,-0.0208488602109932,0,6.82559417888738,-0.0208488602109932,-0.0208488602109932,-0.0208488602109932,0.0626238731585564
7.10118523761685,0,-0.0285278978712163,0,7.10118523761685,-0.0285278978712163,-0.0285278978712163,-0.0285278978712163,0.0595492352872805
8.39406695268219,0,0.0167837864563465,0,8.39406695268219,0.0167837864563465,0.0167837864563465,0.0167837864563465,0.0322473662392579
15.3813680380744,0,-0.0235768509494856,0,15.3813680380744,-0.0235768509494856,-0.0235768509494856,-0.0235768509494856,0.0385600790656454
8.18927423765117,0,0.0659665725964304,0,8.18927423765117,0.0659665725964304,0.0659665725964304,0.0659665725964304,0.0630297284578965
9.567453602661,0,-0.0130573193727359,0,9.567453602661,-0.0130573193727359,-0.0130573193727359,-0.0130573193727359,0.0264340771076804
9.56764954052794,0,-0.00578932875863998,0,9.56764954052794,-0.00578932875863998,-0.00578932875863998,-0.00578932875863998,0.0288617279537588
9.58796747981615,0,0.00725905880614161,0,9.58796747981615,0.00725905880614161,0.00725905880614161,0.00725905880614161,0.0422687684348916
15.1454884083029,0,0.0687427351592194,0,15.1454884083029,0.0687427351592194,0.0687427351592194,0.0687427351592194,0.0334809714396658
9.72468903389732,0,0.0209196079014141,0,9.72468903389732,0.0209196079014141,0.0209196079014141,0.0209196079014141,0.0473210924820652
14.8412385484711,0,0.00805813747067324,0,14.8412385484711,0.00805813747067324,0.00805813747067324,0.00805813747067324,0.0331399934197975
10.6567948708008,0,0.0203455428827325,0,10.6567948708008,0.0203455428827325,0.0203455428827325,0.0203455428827325,0.0367174068081082
12.7697291709358,0,0.00135812282131545,0,12.7697291709358,0.00135812282131545,0.00135812282131545,0.00135812282131545,0.0331331000834964
17.7014293147066,0,0.0234372077444364,0,17.7014293147066,0.0234372077444364,0.0234372077444364,0.0234372077444364,0.0323786122878216
16.016217440795,0,-0.00369944404825601,0,16.016217440795,-0.00369944404825601,-0.00369944404825601,-0.00369944404825601,0.0376637682579198
21.1131806593051,0,-0.056056653152879,0,21.1131806593051,-0.056056653152879,-0.056056653152879,-0.056056653152879,0.033465829508006
12.511562118753,0,0.010653794636591,0,12.511562118753,0.010653794636591,0.010653794636591,0.010653794636591,0.0542734571116003
11.3110693140974,0,0.00982781565554414,0,11.3110693140974,0.00982781565554414,0.00982781565554414,0.00982781565554414,0.0152975413868066
19.3344521561619,0,-0.0178892890128142,0,19.3344521561619,-0.0178892890128142,-0.0178892890128142,-0.0178892890128142,0.0322365626104049
22.4252386829518,0,0.0149224868595611,0,22.4252386829518,0.0149224868595611,0.0149224868595611,0.0149224868595611,0.0125393113695439
12.3654554745313,0,-0.0686880413546458,0,12.3654554745313,-0.0686880413546458,-0.0686880413546458,-0.0686880413546458,0.0513325050706189
19.2556223171704,0,0.0285945738844167,0,19.2556223171704,0.0285945738844167,0.0285945738844167,0.0285945738844167,0.0139726523520546
28.4997237131768,0,0.0332965046822203,0,28.4997237131768,0.0332965046822203,0.0332965046822203,0.0332965046822203,0.0109595446447633
54.7209102152747,0,0.0196726221291343,0,54.7209102152747,0.0196726221291343,0.0196726221291343,0.0196726221291343,0.0109274670854921
6.44620981534856,0,0.014846298512104,0,6.44620981534856,0.014846298512104,0.014846298512104,0.014846298512104,0.0608105741726415
13.7692792179168,0,0.045315959795906,0,13.7692792179168,0.045315959795906,0.045315959795906,0.045315959795906,0.0576659331255503
11.7030101268542,0,0.0664031592294417,0,11.7030101268542,0.0664031592294417,0.0664031592294417,0.0664031592294417,0.0318702419669784
7.36539602284415,0,-0.0247872150245361,0,7.36539602284415,-0.0247872150245361,-0.0247872150245361,-0.0247872150245361,0.114121672795408
7.17535910443418,0,0.0223584830888584,0,7.17535910443418,0.0223584830888584,0.0223584830888584,0.0223584830888584,0.0787357224553916
12.4292894118962,0,0.0421917175883508,0,12.4292894118962,0.0421917175883508,0.0421917175883508,0.0421917175883508,0.0520890612226588
11.8155784180346,0,0.132399483418963,0,11.8155784180346,0.132399483418963,0.132399483418963,0.132399483418963,0.0684128055131695
10.8363107906744,0,-0.028098390818107,0,10.8363107906744,-0.028098390818107,-0.028098390818107,-0.028098390818107,0.071926050301895
11.7003583105711,0,-0.00186774348468509,0,11.7003583105711,-0.00186774348468509,-0.00186774348468509,-0.00186774348468509,0.00589871207554302
14.1717804897526,0,0.027255899623745,0,14.1717804897526,0.027255899623745,0.027255899623745,0.027255899623745,0.0438772018708798
10.4916049522311,0,0.0132463173032987,0,10.4916049522311,0.0132463173032987,0.0132463173032987,0.0132463173032987,0.0267192917518445
17.4700053613048,0,-0.0184802916209333,0,17.4700053613048,-0.0184802916209333,-0.0184802916209333,-0.0184802916209333,0.0310328260487528
22.4190143092695,0,-0.000161199703742028,0,22.4190143092695,-0.000161199703742028,-0.000161199703742028,-0.000161199703742028,0.0167230245622351
23.3384346785706,0,0.0173424537425691,0,23.3384346785706,0.0173424537425691,0.0173424537425691,0.0173424537425691,0.0189266195413323
38.8851950923656,0,-0.0332412043876419,0,38.8851950923656,-0.0332412043876419,-0.0332412043876419,-0.0332412043876419,0.0285556564673136
33.1236118256953,0,-0.00808769374160821,0,33.1236118256953,-0.00808769374160821,-0.00808769374160821,-0.00808769374160821,0.0398141944590775
130.216227665708,0,0.0198117493038606,0,130.216227665708,0.0198117493038606,0.0198117493038606,0.0198117493038606,0.0277236387216602
9.87654480749694,0,-0.0946232449189078,0,9.87654480749694,-0.0946232449189078,-0.0946232449189078,-0.0946232449189078,0.0836731049469832
7.20766663746074,0,-0.106653975408061,0,7.20766663746074,-0.106653975408061,-0.106653975408061,-0.106653975408061,0.116724453442599
13.2572895170701,0,-0.00547183825283213,0,13.2572895170701,-0.00547183825283213,-0.00547183825283213,-0.00547183825283213,0.0207932850711389
14.6101069409457,0,-0.0361151431713081,0,14.6101069409457,-0.0361151431713081,-0.0361151431713081,-0.0361151431713081,0.0853409147807967
9.82277228593101,0,0.003405640430707,0,9.82277228593101,0.003405640430707,0.003405640430707,0.003405640430707,0.0711265903737062
11.2420027298881,0,-0.0660500012093723,0,11.2420027298881,-0.0660500012093723,-0.0660500012093723,-0.0660500012093723,0.0384705888979592
20.250805971961,0,-0.0722114931141322,0,20.250805971961,-0.0722114931141322,-0.0722114931141322,-0.0722114931141322,0.0558422559374383
31.8741652207804,0,-0.107519658446839,0,31.8741652207804,-0.107519658446839,-0.107519658446839,-0.107519658446839,0.0238262728569304
9.44659083119766,0,-0.0979355343768668,0,9.44659083119766,-0.0979355343768668,-0.0979355343768668,-0.0979355343768668,0.106984919191722
10.6319539160187,0,0.00587821668928426,0,10.6319539160187,0.00587821668928426,0.00587821668928426,0.00587821668928426,0.0434639030773943
23.722803858762,0,0.00435490338959432,0,23.722803858762,0.00435490338959432,0.00435490338959432,0.00435490338959432,0.0172785731987079
NA,NA,NA,NA,NA,NA,NA,NA,NA
9.30240675050487,0,0.0198716605101052,0,9.30240675050487,0.0198716605101052,0.0198716605101052,0.0198716605101052,0.0714542693242479
6.82559417888738,0,-0.0208488602109932,0,6.82559417888738,-0.0208488602109932,-0.0208488602109932,-0.0208488602109932,0.0626238731585564
7.10118523761685,0,-0.0285278978712163,0,7.10118523761685,-0.0285278978712163,-0.0285278978712163,-0.0285278978712163,0.0595492352872805
8.39406695268219,0,0.0167837864563465,0,8.39406695268219,0.0167837864563465,0.0167837864563465,0.0167837864563465,0.0322473662392579
15.3813680380744,0,-0.0235768509494856,0,15.3813680380744,-0.0235768509494856,-0.0235768509494856,-0.0235768509494856,0.0385600790656454
8.18927423765117,0,0.0659665725964304,0,8.18927423765117,0.0659665725964304,0.0659665725964304,0.0659665725964304,0.0630297284578965
9.567453602661,0,-0.0130573193727359,0,9.567453602661,-0.0130573193727359,-0.0130573193727359,-0.0130573193727359,0.0264340771076804
9.56764954052794,0,-0.00578932875863998,0,9.56764954052794,-0.00578932875863998,-0.00578932875863998,-0.00578932875863998,0.0288617279537588
9.58796747981615,0,0.00725905880614161,0,9.58796747981615,0.00725905880614161,0.00725905880614161,0.00725905880614161,0.0422687684348916
15.1454884083029,0,0.0687427351592194,0,15.1454884083029,0.0687427351592194,0.0687427351592194,0.0687427351592194,0.0334809714396658
9.72468903389732,0,0.0209196079014141,0,9.72468903389732,0.0209196079014141,0.0209196079014141,0.0209196079014141,0.0473210924820652
14.8412385484711,0,0.00805813747067324,0,14.8412385484711,0.00805813747067324,0.00805813747067324,0.00805813747067324,0.0331399934197975
10.6567948708008,0,0.0203455428827325,0,10.6567948708008,0.0203455428827325,0.0203455428827325,0.0203455428827325,0.0367174068081082
12.7697291709358,0,0.00135812282131545,0,12.7697291709358,0.00135812282131545,0.00135812282131545,0.00135812282131545,0.0331331000834964
17.7014293147066,0,0.0234372077444364,0,17.7014293147066,0.0234372077444364,0.0234372077444364,0.0234372077444364,0.0323786122878216
16.016217440795,0,-0.00369944404825601,0,16.016217440795,-0.00369944404825601,-0.00369944404825601,-0.00369944404825601,0.0376637682579198
21.1131806593051,0,-0.056056653152879,0,21.1131806593051,-0.056056653152879,-0.056056653152879,-0.056056653152879,0.033465829508006
12.511562118753,0,0.010653794636591,0,12.511562118753,0.010653794636591,0.010653794636591,0.010653794636591,0.0542734571116003
11.3110693140974,0,0.00982781565554414,0,11.3110693140974,0.00982781565554414,0.00982781565554414,0.00982781565554414,0.0152975413868066
19.3344521561619,0,-0.0178892890128142,0,19.3344521561619,-0.0178892890128142,-0.0178892890128142,-0.0178892890128142,0.0322365626104049
22.4252386829518,0,0.0149224868595611,0,22.4252386829518,0.0149224868595611,0.0149224868595611,0.0149224868595611,0.0125393113695439
12.3654554745313,0,-0.0686880413546458,0,12.3654554745313,-0.0686880413546458,-0.0686880413546458,-0.0686880413546458,0.0513325050706189
19.2556223171704,0,0.0285945738844167,0,19.2556223171704,0.0285945738844167,0.0285945738844167,0.0285945738844167,0.0139726523520546
28.4997237131768,0,0.0332965046822203,0,28.4997237131768,0.0332965046822203,0.0332965046822203,0.0332965046822203,0.0109595446447633
54.7209102152747,0,0.0196726221291343,0,54.7209102152747,0.0196726221291343,0.0196726221291343,0.0196726221291343,0.0109274670854921
6.44620981534856,0,0.014846298512104,0,6.44620981534856,0.014846298512104,0.014846298512104,0.014846298512104,0.0608105741726415
13.7692792179168,0,0.045315959795906,0,13.7692792179168,0.045315959795906,0.045315959795906,0.045315959795906,0.0576659331255503
11.7030101268542,0,0.0664031592294417,0,11.7030101268542,0.0664031592294417,0.0664031592294417,0.0664031592294417,0.0318702419669784
7.36539602284415,0,-0.0247872150245361,0,7.36539602284415,-0.0247872150245361,-0.0247872150245361,-0.0247872150245361,0.114121672795408
7.17535910443418,0,0.0223584830888584,0,7.17535910443418,0.0223584830888584,0.0223584830888584,0.0223584830888584,0.0787357224553916
12.4292894118962,0,0.0421917175883508,0,12.4292894118962,0.0421917175883508,0.0421917175883508,0.0421917175883508,0.0520890612226588
11.8155784180346,0,0.132399483418963,0,11.8155784180346,0.132399483418963,0.132399483418963,0.132399483418963,0.0684128055131695
10.8363107906744,0,-0.028098390818107,0,10.8363107906744,-0.028098390818107,-0.028098390818107,-0.028098390818107,0.071926050301895
11.7003583105711,0,-0.00186774348468509,0,11.7003583105711,-0.00186774348468509,-0.00186774348468509,-0.00186774348468509,0.00589871207554302
14.1717804897526,0,0.027255899623745,0,14.1717804897526,0.027255899623745,0.027255899623745,0.027255899623745,0.0438772018708798
10.4916049522311,0,0.0132463173032987,0,10.4916049522311,0.0132463173032987,0.0132463173032987,0.0132463173032987,0.0267192917518445
17.4700053613048,0,-0.0184802916209333,0,17.4700053613048,-0.0184802916209333,-0.0184802916209333,-0.0184802916209333,0.0310328260487528
22.4190143092695,0,-0.000161199703742028,0,22.4190143092695,-0.000161199703742028,-0.000161199703742028,-0.000161199703742028,0.0167230245622351
23.3384346785706,0,0.0173424537425691,0,23.3384346785706,0.0173424537425691,0.0173424537425691,0.0173424537425691,0.0189266195413323
38.8851950923656,0,-0.0332412043876419,0,38.8851950923656,-0.0332412043876419,-0.0332412043876419,-0.0332412043876419,0.0285556564673136
33.1236118256953,0,-0.00808769374160821,0,33.1236118256953,-0.00808769374160821,-0.00808769374160821,-0.00808769374160821,0.0398141944590775
130.216227665708,0,0.0198117493038606,0,130.216227665708,0.0198117493038606,0.0198117493038606,0.0198117493038606,0.0277236387216602
9.87654480749694,0,-0.0946232449189078,0,9.87654480749694,-0.0946232449189078,-0.0946232449189078,-0.0946232449189078,0.0836731049469832
15.7641037476623,0,0.0452974152246685,0,15.7641037476623,0.0452974152246685,0.0452974152246685,0.0452974152246685,0.0222639606786319
13.2572895170701,0,-0.00547183825283213,0,13.2572895170701,-0.00547183825283213,-0.00547183825283213,-0.00547183825283213,0.0207932850711389
14.6101069409457,0,-0.0361151431713081,0,14.6101069409457,-0.0361151431713081,-0.0361151431713081,-0.0361151431713081,0.0853409147807967
9.82277228593101,0,0.003405640430707,0,9.82277228593101,0.003405640430707,0.003405640430707,0.003405640430707,0.0711265903737062
11.2420027298881,0,-0.0660500012093723,0,11.2420027298881,-0.0660500012093723,-0.0660500012093723,-0.0660500012093723,0.0384705888979592
20.250805971961,0,-0.0722114931141322,0,20.250805971961,-0.0722114931141322,-0.0722114931141322,-0.0722114931141322,0.0558422559374383
31.8741652207804,0,-0.107519658446839,0,31.8741652207804,-0.107519658446839,-0.107519658446839,-0.107519658446839,0.0238262728569304
9.44659083119766,0,-0.0979355343768668,0,9.44659083119766,-0.0979355343768668,-0.0979355343768668,-0.0979355343768668,0.106984919191722
10.6319539160187,0,0.00587821668928426,0,10.6319539160187,0.00587821668928426,0.00587821668928426,0.00587821668928426,0.0434639030773943
23.722803858762,0,0.00435490338959432,0,23.722803858762,0.00435490338959432,0.00435490338959432,0.00435490338959432,0.0172785731987079
NA,NA,NA,NA,NA,NA,NA,NA,NA
9.30240675050487,0,0.0198716605101052,0,9.30240675050487,0.0198716605101052,0.0198716605101052,0.0198716605101052,0.0714542693242479
6.82559417888738,0,-0.0208488602109932,0,6.82559417888738,-0.0208488602109932,-0.0208488602109932,-0.0208488602109932,0.0626238731585564
7.10118523761685,0,-0.0285278978712163,0,7.10118523761685,-0.0285278978712163,-0.0285278978712163,-0.0285278978712163,0.0595492352872805
8.39406695268219,0,0.0167837864563465,0,8.39406695268219,0.0167837864563465,0.0167837864563465,0.0167837864563465,0.0322473662392579
15.3813680380744,0,-0.0235768509494856,0,15.3813680380744,-0.0235768509494856,-0.0235768509494856,-0.0235768509494856,0.0385600790656454
8.18927423765117,0,0.0659665725964304,0,8.18927423765117,0.0659665725964304,0.0659665725964304,0.0659665725964304,0.0630297284578965
9.567453602661,0,-0.0130573193727359,0,9.567453602661,-0.0130573193727359,-0.0130573193727359,-0.0130573193727359,0.0264340771076804
9.56764954052794,0,-0.00578932875863998,0,9.56764954052794,-0.00578932875863998,-0.00578932875863998,-0.00578932875863998,0.0288617279537588
9.58796747981615,0,0.00725905880614161,0,9.58796747981615,0.00725905880614161,0.00725905880614161,0.00725905880614161,0.0422687684348916
15.1454884083029,0,0.0687427351592194,0,15.1454884083029,0.0687427351592194,0.0687427351592194,0.0687427351592194,0.0334809714396658
9.72468903389732,0,0.0209196079014141,0,9.72468903389732,0.0209196079014141,0.0209196079014141,0.0209196079014141,0.0473210924820652
14.8412385484711,0,0.00805813747067324,0,14.8412385484711,0.00805813747067324,0.00805813747067324,0.00805813747067324,0.0331399934197975
10.6567948708008,0,0.0203455428827325,0,10.6567948708008,0.0203455428827325,0.0203455428827325,0.0203455428827325,0.0367174068081082
12.7697291709358,0,0.00135812282131545,0,12.7697291709358,0.00135812282131545,0.00135812282131545,0.00135812282131545,0.0331331000834964
17.7014293147066,0,0.0234372077444364,0,17.7014293147066,0.0234372077444364,0.0234372077444364,0.0234372077444364,0.0323786122878216
16.016217440795,0,-0.00369944404825601,0,16.016217440795,-0.00369944404825601,-0.00369944404825601,-0.00369944404825601,0.0376637682579198
21.1131806593051,0,-0.056056653152879,0,21.1131806593051,-0.056056653152879,-0.056056653152879,-0.056056653152879,0.033465829508006
12.511562118753,0,0.010653794636591,0,12.511562118753,0.010653794636591,0.010653794636591,0.010653794636591,0.0542734571116003
11.3110693140974,0,0.00982781565554414,0,11.3110693140974,0.00982781565554414,0.00982781565554414,0.00982781565554414,0.0152975413868066
19.3344521561619,0,-0.0178892890128142,0,19.3344521561619,-0.0178892890128142,-0.0178892890128142,-0.0178892890128142,0.0322365626104049
22.4252386829518,0,0.0149224868595611,0,22.4252386829518,0.0149224868595611,0.0149224868595611,0.0149224868595611,0.0125393113695439
12.3654554745313,0,-0.0686880413546458,0,12.3654554745313,-0.0686880413546458,-0.0686880413546458,-0.0686880413546458,0.0513325050706189
19.2556223171704,0,0.0285945738844167,0,19.2556223171704,0.0285945738844167,0.0285945738844167,0.0285945738844167,0.0139726523520546
28.4997237131768,0,0.0332965046822203,0,28.4997237131768,0.0332965046822203,0.0332965046822203,0.0332965046822203,0.0109595446447633
54.7209102152747,0,0.0196726221291343,0,54.7209102152747,0.0196726221291343,0.0196726221291343,0.0196726221291343,0.0109274670854921
6.44620981534856,0,0.014846298512104,0,6.44620981534856,0.014846298512104,0.014846298512104,0.014846298512104,0.0608105741726415
13.7692792179168,0,0.045315959795906,0,13.7692792179168,0.045315959795906,0.045315959795906,0.045315959795906,0.0576659331255503
11.7030101268542,0,0.0664031592294417,0,11.7030101268542,0.0664031592294417,0.0664031592294417,0.0664031592294417,0.0318702419669784
7.36539602284415,0,-0.0247872150245361,0,7.36539602284415,-0.0247872150245361,-0.0247872150245361,-0.0247872150245361,0.114121672795408
7.17535910443418,0,0.0223584830888584,0,7.17535910443418,0.0223584830888584,0.0223584830888584,0.0223584830888584,0.0787357224553916
12.4292894118962,0,0.0421917175883508,0,12.4292894118962,0.0421917175883508,0.0421917175883508,0.0421917175883508,0.0520890612226588
11.8155784180346,0,0.132399483418963,0,11.8155784180346,0.132399483418963,0.132399483418963,0.132399483418963,0.0684128055131695
10.8363107906744,0,-0.028098390818107,0,10.8363107906744,-0.028098390818107,-0.028098390818107,-0.028098390818107,0.071926050301895
11.7003583105711,0,-0.00186774348468509,0,11.7003583105711,-0.00186774348468509,-0.00186774348468509,-0.00186774348468509,0.00589871207554302
14.1717804897526,0,0.027255899623745,0,14.1717804897526,0.027255899623745,0.027255899623745,0.027255899623745,0.0438772018708798
10.4916049522311,0,0.0132463173032987,0,10.4916049522311,0.0132463173032987,0.0132463173032987,0.0132463173032987,0.0267192917518445
17.4700053613048,0,-0.0184802916209333,0,17.4700053613048,-0.0184802916209333,-0.0184802916209333,-0.0184802916209333,0.0310328260487528
22.4190143092695,0,-0.000161199703742028,0,22.4190143092695,-0.000161199703742028,-0.000161199703742028,-0.000161199703742028,0.0167230245622351
23.3384346785706,0,0.0173424537425691,0,23.3384346785706,0.0173424537425691,0.0173424537425691,0.0173424537425691,0.0189266195413323
38.8851950923656,0,-0.0332412043876419,0,38.8851950923656,-0.0332412043876419,-0.0332412043876419,-0.0332412043876419,0.0285556564673136
33.1236118256953,0,-0.00808769374160821,0,33.1236118256953,-0.00808769374160821,-0.00808769374160821,-0.00808769374160821,0.0398141944590775
130.216227665708,0,0.0198117493038606,0,130.216227665708,0.0198117493038606,0.0198117493038606,0.0198117493038606,0.0277236387216602
9.87654480749694,0,-0.0946232449189078,0,9.87654480749694,-0.0946232449189078,-0.0946232449189078,-0.0946232449189078,0.0836731049469832
15.7641037476623,0,0.0452974152246685,0,15.7641037476623,0.0452974152246685,0.0452974152246685,0.0452974152246685,0.0222639606786319
13.2572895170701,0,-0.00547183825283213,0,13.2572895170701,-0.00547183825283213,-0.00547183825283213,-0.00547183825283213,0.0207932850711389
14.6101069409457,0,-0.0361151431713081,0,14.6101069409457,-0.0361151431713081,-0.0361151431713081,-0.0361151431713081,0.0853409147807967
9.82277228593101,0,0.003405640430707,0,9.82277228593101,0.003405640430707,0.003405640430707,0.003405640430707,0.0711265903737062
11.2420027298881,0,-0.0660500012093723,0,11.2420027298881,-0.0660500012093723,-0.0660500012093723,-0.0660500012093723,0.0384705888979592
20.250805971961,0,-0.0722114931141322,0,20.250805971961,-0.0722114931141322,-0.0722114931141322,-0.0722114931141322,0.0558422559374383
31.8741652207804,0,-0.107519658446839,0,31.8741652207804,-0.107519658446839,-0.107519658446839,-0.107519658446839,0.0238262728569304
9.44659083119766,0,-0.0979355343768668,0,9.44659083119766,-0.0979355343768668,-0.0979355343768668,-0.0979355343768668,0.106984919191722
10.6319539160187,0,0.00587821668928426,0,10.6319539160187,0.00587821668928426,0.00587821668928426,0.00587821668928426,0.0434639030773943
23.722803858762,0,0.00435490338959432,0,23.722803858762,0.00435490338959432,0.00435490338959432,0.00435490338959432,0.0172785731987079
NA,NA,NA,NA,NA,NA,NA,NA,NA
9.30240675050487,0,0.0198716605101052,0,9.30240675050487,0.0198716605101052,0.0198716605101052,0.0198716605101052,0.0714542693242479
6.82559417888738,0,-0.0208488602109932,0,6.82559417888738,-0.0208488602109932,-0.0208488602109932,-0.0208488602109932,0.0626238731585564
7.10118523761685,0,-0.0285278978712163,0,7.10118523761685,-0.0285278978712163,-0.0285278978712163,-0.0285278978712163,0.0595492352872805
8.39406695268219,0,0.0167837864563465,0,8.39406695268219,0.0167837864563465,0.0167837864563465,0.0167837864563465,0.0322473662392579
15.3813680380744,0,-0.0235768509494856,0,15.3813680380744,-0.0235768509494856,-0.0235768509494856,-0.0235768509494856,0.0385600790656454
8.18927423765117,0,0.0659665725964304,0,8.18927423765117,0.0659665725964304,0.0659665725964304,0.0659665725964304,0.0630297284578965
9.567453602661,0,-0.0130573193727359,0,9.567453602661,-0.0130573193727359,-0.0130573193727359,-0.0130573193727359,0.0264340771076804
9.56764954052794,0,-0.00578932875863998,0,9.56764954052794,-0.00578932875863998,-0.00578932875863998,-0.00578932875863998,0.0288617279537588
9.58796747981615,0,0.00725905880614161,0,9.58796747981615,0.00725905880614161,0.00725905880614161,0.00725905880614161,0.0422687684348916
15.1454884083029,0,0.0687427351592194,0,15.1454884083029,0.0687427351592194,0.0687427351592194,0.0687427351592194,0.0334809714396658
9.72468903389732,0,0.0209196079014141,0,9.72468903389732,0.0209196079014141,0.0209196079014141,0.0209196079014141,0.0473210924820652
14.8412385484711,0,0.00805813747067324,0,14.8412385484711,0.00805813747067324,0.00805813747067324,0.00805813747067324,0.0331399934197975
10.6567948708008,0,0.0203455428827325,0,10.6567948708008,0.0203455428827325,0.0203455428827325,0.0203455428827325,0.0367174068081082
12.7697291709358,0,0.00135812282131545,0,12.7697291709358,0.00135812282131545,0.00135812282131545,0.00135812282131545,0.0331331000834964
17.7014293147066,0,0.0234372077444364,0,17.7014293147066,0.0234372077444364,0.0234372077444364,0.0234372077444364,0.0323786122878216
16.016217440795,0,-0.00369944404825601,0,16.016217440795,-0.00369944404825601,-0.00369944404825601,-0.00369944404825601,0.0376637682579198
21.1131806593051,0,-0.056056653152879,0,21.1131806593051,-0.056056653152879,-0.056056653152879,-0.056056653152879,0.033465829508006
12.511562118753,0,0.010653794636591,0,12.511562118753,0.010653794636591,0.010653794636591,0.010653794636591,0.0542734571116003
11.3110693140974,0,0.00982781565554414,0,11.3110693140974,0.00982781565554414,0.00982781565554414,0.00982781565554414,0.0152975413868066
19.3344521561619,0,-0.0178892890128142,0,19.3344521561619,-0.0178892890128142,-0.0178892890128142,-0.0178892890128142,0.0322365626104049
22.4252386829518,0,0.0149224868595611,0,22.4252386829518,0.0149224868595611,0.0149224868595611,0.0149224868595611,0.0125393113695439
12.3654554745313,0,-0.0686880413546458,0,12.3654554745313,-0.0686880413546458,-0.0686880413546458,-0.0686880413546458,0.0513325050706189
19.2556223171704,0,0.0285945738844167,0,19.2556223171704,0.0285945738844167,0.0285945738844167,0.0285945738844167,0.0139726523520546
28.4997237131768,0,0.0332965046822203,0,28.4997237131768,0.0332965046822203,0.0332965046822203,0.0332965046822203,0.0109595446447633
54.7209102152747,0,0.0196726221291343,0,54.7209102152747,0.0196726221291343,0.0196726221291343,0.0196726221291343,0.0109274670854921
6.44620981534856,0,0.014846298512104,0,6.44620981534856,0.014846298512104,0.014846298512104,0.014846298512104,0.0608105741726415
13.7692792179168,0,0.045315959795906,0,13.7692792179168,0.045315959795906,0.045315959795906,0.045315959795906,0.0576659331255503
11.7030101268542,0,0.0664031592294417,0,11.7030101268542,0.0664031592294417,0.0664031592294417,0.0664031592294417,0.0318702419669784
7.36539602284415,0,-0.0247872150245361,0,7.36539602284415,-0.0247872150245361,-0.0247872150245361,-0.0247872150245361,0.114121672795408
7.17535910443418,0,0.0223584830888584,0,7.17535910443418,0.0223584830888584,0.0223584830888584,0.0223584830888584,0.0787357224553916
12.4292894118962,0,0.0421917175883508,0,12.4292894118962,0.0421917175883508,0.0421917175883508,0.0421917175883508,0.0520890612226588
11.8155784180346,0,0.132399483418963,0,11.8155784180346,0.132399483418963,0.132399483418963,0.132399483418963,0.0684128055131695
10.8363107906744,0,-0.028098390818107,0,10.8363107906744,-0.028098390818107,-0.028098390818107,-0.028098390818107,0.071926050301895
11.7003583105711,0,-0.00186774348468509,0,11.7003583105711,-0.00186774348468509,-0.00186774348468509,-0.00186774348468509,0.00589871207554302
14.1717804897526,0,0.027255899623745,0,14.1717804897526,0.027255899623745,0.027255899623745,0.027255899623745,0.0438772018708798
10.4916049522311,0,0.0132463173032987,0,10.4916049522311,0.0132463173032987,0.0132463173032987,0.0132463173032987,0.0267192917518445
17.4700053613048,0,-0.0184802916209333,0,17.4700053613048,-0.0184802916209333,-0.0184802916209333,-0.0184802916209333,0.0310328260487528
22.4190143092695,0,-0.000161199703742028,0,22.4190143092695,-0.000161199703742028,-0.000161199703742028,-0.000161199703742028,0.0167230245622351
23.3384346785706,0,0.0173424537425691,0,23.3384346785706,0.0173424537425691,0.0173424537425691,0.0173424537425691,0.0189266195413323
38.8851950923656,0,-0.0332412043876419,0,38.8851950923656,-0.0332412043876419,-0.0332412043876419,-0.0332412043876419,0.0285556564673136
33.1236118256953,0,-0.00808769374160821,0,33.1236118256953,-0.00808769374160821,-0.00808769374160821,-0.00808769374160821,0.0398141944590775
130.216227665708,0,0.0198117493038606,0,130.216227665708,0.0198117493038606,0.0198117493038606,0.0198117493038606,0.0277236387216602
9.87654480749694,0,-0.0946232449189078,0,9.87654480749694,-0.0946232449189078,-0.0946232449189078,-0.0946232449189078,0.0836731049469832
15.7641037476623,0,0.0452974152246685,0,15.7641037476623,0.0452974152246685,0.0452974152246685,0.0452974152246685,0.0222639606786319
13.2572895170701,0,-0.00547183825283213,0,13.2572895170701,-0.00547183825283213,-0.00547183825283213,-0.00547183825283213,0.0207932850711389
14.6101069409457,0,-0.0361151431713081,0,14.6101069409457,-0.0361151431713081,-0.0361151431713081,-0.0361151431713081,0.0853409147807967
9.82277228593101,0,0.003405640430707,0,9.82277228593101,0.003405640430707,0.003405640430707,0.003405640430707,0.0711265903737062
11.2420027298881,0,-0.0660500012093723,0,11.2420027298881,-0.0660500012093723,-0.0660500012093723,-0.0660500012093723,0.0384705888979592
20.250805971961,0,-0.0722114931141322,0,20.250805971961,-0.0722114931141322,-0.0722114931141322,-0.0722114931141322,0.0558422559374383
31.8741652207804,0,-0.107519658446839,0,31.8741652207804,-0.107519658446839,-0.107519658446839,-0.107519658446839,0.0238262728569304
9.44659083119766,0,-0.0979355343768668,0,9.44659083119766,-0.0979355343768668,-0.0979355343768668,-0.0979355343768668,0.106984919191722
10.6319539160187,0,0.00587821668928426,0,10.6319539160187,0.00587821668928426,0.00587821668928426,0.00587821668928426,0.0434639030773943
23.722803858762,0,0.00435490338959432,0,23.722803858762,0.00435490338959432,0.00435490338959432,0.00435490338959432,0.0172785731987079
NA,NA,NA,NA,NA,NA,NA,NA,NA
9.30240675050487,0,0.0198716605101052,0,9.30240675050487,0.0198716605101052,0.0198716605101052,0.0198716605101052,0.0714542693242479
6.82559417888738,0,-0.0208488602109932,0,6.82559417888738,-0.0208488602109932,-0.0208488602109932,-0.0208488602109932,0.0626238731585564
7.10118523761685,0,-0.0285278978712163,0,7.10118523761685,-0.0285278978712163,-0.0285278978712163,-0.0285278978712163,0.0595492352872805
8.39406695268219,0,0.0167837864563465,0,8.39406695268219,0.0167837864563465,0.0167837864563465,0.0167837864563465,0.0322473662392579
15.3813680380744,0,-0.0235768509494856,0,15.3813680380744,-0.0235768509494856,-0.0235768509494856,-0.0235768509494856,0.0385600790656454
8.18927423765117,0,0.0659665725964304,0,8.18927423765117,0.0659665725964304,0.0659665725964304,0.0659665725964304,0.0630297284578965
9.567453602661,0,-0.0130573193727359,0,9.567453602661,-0.0130573193727359,-0.0130573193727359,-0.0130573193727359,0.0264340771076804
9.56764954052794,0,-0.00578932875863998,0,9.56764954052794,-0.00578932875863998,-0.00578932875863998,-0.00578932875863998,0.0288617279537588
9.58796747981615,0,0.00725905880614161,0,9.58796747981615,0.00725905880614161,0.00725905880614161,0.00725905880614161,0.0422687684348916
15.1454884083029,0,0.0687427351592194,0,15.1454884083029,0.0687427351592194,0.0687427351592194,0.0687427351592194,0.0334809714396658
9.72468903389732,0,0.0209196079014141,0,9.72468903389732,0.0209196079014141,0.0209196079014141,0.0209196079014141,0.0473210924820652
14.8412385484711,0,0.00805813747067324,0,14.8412385484711,0.00805813747067324,0.00805813747067324,0.00805813747067324,0.0331399934197975
10.6567948708008,0,0.0203455428827325,0,10.6567948708008,0.0203455428827325,0.0203455428827325,0.0203455428827325,0.0367174068081082
12.7697291709358,0,0.00135812282131545,0,12.7697291709358,0.00135812282131545,0.00135812282131545,0.00135812282131545,0.0331331000834964
17.7014293147066,0,0.0234372077444364,0,17.7014293147066,0.0234372077444364,0.0234372077444364,0.0234372077444364,0.0323786122878216
16.016217440795,0,-0.00369944404825601,0,16.016217440795,-0.00369944404825601,-0.00369944404825601,-0.00369944404825601,0.0376637682579198
21.1131806593051,0,-0.056056653152879,0,21.1131806593051,-0.056056653152879,-0.056056653152879,-0.056056653152879,0.033465829508006
12.511562118753,0,0.010653794636591,0,12.511562118753,0.010653794636591,0.010653794636591,0.010653794636591,0.0542734571116003
11.3110693140974,0,0.00982781565554414,0,11.3110693140974,0.00982781565554414,0.00982781565554414,0.00982781565554414,0.0152975413868066
19.3344521561619,0,-0.0178892890128142,0,19.3344521561619,-0.0178892890128142,-0.0178892890128142,-0.0178892890128142,0.0322365626104049
22.4252386829518,0,0.0149224868595611,0,22.4252386829518,0.0149224868595611,0.0149224868595611,0.0149224868595611,0.0125393113695439
12.3654554745313,0,-0.0686880413546458,0,12.3654554745313,-0.0686880413546458,-0.0686880413546458,-0.0686880413546458,0.0513325050706189
19.2556223171704,0,0.0285945738844167,0,19.2556223171704,0.0285945738844167,0.0285945738844167,0.0285945738844167,0.0139726523520546
28.4997237131768,0,0.0332965046822203,0,28.4997237131768,0.0332965046822203,0.0332965046822203,0.0332965046822203,0.0109595446447633
54.7209102152747,0,0.0196726221291343,0,54.7209102152747,0.0196726221291343,0.0196726221291343,0.0196726221291343,0.0109274670854921
6.44620981534856,0,0.014846298512104,0,6.44620981534856,0.014846298512104,0.014846298512104,0.014846298512104,0.0608105741726415
13.7692792179168,0,0.045315959795906,0,13.7692792179168,0.045315959795906,0.045315959795906,0.045315959795906,0.0576659331255503
11.7030101268542,0,0.0664031592294417,0,11.7030101268542,0.0664031592294417,0.0664031592294417,0.0664031592294417,0.0318702419669784
7.36539602284415,0,-0.0247872150245361,0,7.36539602284415,-0.0247872150245361,-0.0247872150245361,-0.0247872150245361,0.114121672795408
7.17535910443418,0,0.0223584830888584,0,7.17535910443418,0.0223584830888584,0.0223584830888584,0.0223584830888584,0.0787357224553916
12.4292894118962,0,0.0421917175883508,0,12.4292894118962,0.0421917175883508,0.0421917175883508,0.0421917175883508,0.0520890612226588
11.8155784180346,0,0.132399483418963,0,11.8155784180346,0.132399483418963,0.132399483418963,0.132399483418963,0.0684128055131695
10.8363107906744,0,-0.028098390818107,0,10.8363107906744,-0.028098390818107,-0.028098390818107,-0.028098390818107,0.071926050301895
11.7003583105711,0,-0.00186774348468509,0,11.7003583105711,-0.00186774348468509,-0.00186774348468509,-0.00186774348468509,0.00589871207554302
14.1717804897526,0,0.027255899623745,0,14.1717804897526,0.027255899623745,0.027255899623745,0.027255899623745,0.0438772018708798
10.4916049522311,0,0.0132463173032987,0,10.4916049522311,0.0132463173032987,0.0132463173032987,0.0132463173032987,0.0267192917518445
17.4700053613048,0,-0.0184802916209333,0,17.4700053613048,-0.0184802916209333,-0.0184802916209333,-0.0184802916209333,0.0310328260487528
22.4190143092695,0,-0.000161199703742028,0,22.4190143092695,-0.000161199703742028,-0.000161199703742028,-0.000161199703742028,0.0167230245622351
23.3384346785706,0,0.0173424537425691,0,23.3384346785706,0.0173424537425691,0.0173424537425691,0.0173424537425691,0.0189266195413323
38.8851950923656,0,-0.0332412043876419,0,38.8851950923656,-0.0332412043876419,-0.0332412043876419,-0.0332412043876419,0.0285556564673136
33.1236118256953,0,-0.00808769374160821,0,33.1236118256953,-0.00808769374160821,-0.00808769374160821,-0.00808769374160821,0.0398141944590775
130.216227665708,0,0.0198117493038606,0,130.216227665708,0.0198117493038606,0.0198117493038606,0.0198117493038606,0.0277236387216602
9.87654480749694,0,-0.0946232449189078,0,9.87654480749694,-0.0946232449189078,-0.0946232449189078,-0.0946232449189078,0.0836731049469832
15.7641037476623,0,0.0452974152246685,0,15.7641037476623,0.0452974152246685,0.0452974152246685,0.0452974152246685,0.0222639606786319
13.2572895170701,0,-0.00547183825283213,0,13.2572895170701,-0.00547183825283213,-0.00547183825283213,-0.00547183825283213,0.0207932850711389
14.6101069409457,0,-0.0361151431713081,0,14.6101069409457,-0.0361151431713081,-0.0361151431713081,-0.0361151431713081,0.0853409147807967
9.82277228593101,0,0.003405640430707,0,9.82277228593101,0.003405640430707,0.003405640430707,0.003405640430707,0.0711265903737062
11.2420027298881,0,-0.0660500012093723,0,11.2420027298881,-0.0660500012093723,-0.0660500012093723,-0.0660500012093723,0.0384705888979592
20.250805971961,0,-0.0722114931141322,0,20.250805971961,-0.0722114931141322,-0.0722114931141322,-0.0722114931141322,0.0558422559374383
31.8741652207804,0,-0.107519658446839,0,31.8741652207804,-0.107519658446839,-0.107519658446839,-0.107519658446839,0.0238262728569304
9.44659083119766,0,-0.0979355343768668,0,9.44659083119766,-0.0979355343768668,-0.0979355343768668,-0.0979355343768668,0.106984919191722
10.6319539160187,0,0.00587821668928426,0,10.6319539160187,0.00587821668928426,0.00587821668928426,0.00587821668928426,0.0434639030773943
23.722803858762,0,0.00435490338959432,0,23.722803858762,0.00435490338959432,0.00435490338959432,0.00435490338959432,0.0172785731987079
NA,NA,NA,NA,NA,NA,NA,NA,NA
9.30240675050487,0,0.0198716605101052,0,9.30240675050487,0.0198716605101052,0.0198716605101052,0.0198716605101052,0.0714542693242479
6.82559417888738,0,-0.0208488602109932,0,6.82559417888738,-0.0208488602109932,-0.0208488602109932,-0.0208488602109932,0.0626238731585564
7.10118523761685,0,-0.0285278978712163,0,7.10118523761685,-0.0285278978712163,-0.0285278978712163,-0.0285278978712163,0.0595492352872805
8.39406695268219,0,0.0167837864563465,0,8.39406695268219,0.0167837864563465,0.0167837864563465,0.0167837864563465,0.0322473662392579
15.3813680380744,0,-0.0235768509494856,0,15.3813680380744,-0.0235768509494856,-0.0235768509494856,-0.0235768509494856,0.0385600790656454
8.18927423765117,0,0.0659665725964304,0,8.18927423765117,0.0659665725964304,0.0659665725964304,0.0659665725964304,0.0630297284578965
9.567453602661,0,-0.0130573193727359,0,9.567453602661,-0.0130573193727359,-0.0130573193727359,-0.0130573193727359,0.0264340771076804
9.56764954052794,0,-0.00578932875863998,0,9.56764954052794,-0.00578932875863998,-0.00578932875863998,-0.00578932875863998,0.0288617279537588
9.58796747981615,0,0.00725905880614161,0,9.58796747981615,0.00725905880614161,0.00725905880614161,0.00725905880614161,0.0422687684348916
15.1454884083029,0,0.0687427351592194,0,15.1454884083029,0.0687427351592194,0.0687427351592194,0.0687427351592194,0.0334809714396658
9.72468903389732,0,0.0209196079014141,0,9.72468903389732,0.0209196079014141,0.0209196079014141,0.0209196079014141,0.0473210924820652
14.8412385484711,0,0.00805813747067324,0,14.8412385484711,0.00805813747067324,0.00805813747067324,0.00805813747067324,0.0331399934197975
10.6567948708008,0,0.0203455428827325,0,10.6567948708008,0.0203455428827325,0.0203455428827325,0.0203455428827325,0.0367174068081082
12.7697291709358,0,0.00135812282131545,0,12.7697291709358,0.00135812282131545,0.00135812282131545,0.00135812282131545,0.0331331000834964
17.7014293147066,0,0.0234372077444364,0,17.7014293147066,0.0234372077444364,0.0234372077444364,0.0234372077444364,0.0323786122878216
16.016217440795,0,-0.00369944404825601,0,16.016217440795,-0.00369944404825601,-0.00369944404825601,-0.00369944404825601,0.0376637682579198
21.1131806593051,0,-0.056056653152879,0,21.1131806593051,-0.056056653152879,-0.056056653152879,-0.056056653152879,0.033465829508006
12.511562118753,0,0.010653794636591,0,12.511562118753,0.010653794636591,0.010653794636591,0.010653794636591,0.0542734571116003
11.3110693140974,0,0.00982781565554414,0,11.3110693140974,0.00982781565554414,0.00982781565554414,0.00982781565554414,0.0152975413868066
19.3344521561619,0,-0.0178892890128142,0,19.3344521561619,-0.0178892890128142,-0.0178892890128142,-0.0178892890128142,0.0322365626104049
22.4252386829518,0,0.0149224868595611,0,22.4252386829518,0.0149224868595611,0.0149224868595611,0.0149224868595611,0.0125393113695439
12.3654554745313,0,-0.0686880413546458,0,12.3654554745313,-0.0686880413546458,-0.0686880413546458,-0.0686880413546458,0.0513325050706189
19.2556223171704,0,0.0285945738844167,0,19.2556223171704,0.0285945738844167,0.0285945738844167,0.0285945738844167,0.0139726523520546
28.4997237131768,0,0.0332965046822203,0,28.4997237131768,0.0332965046822203,0.0332965046822203,0.0332965046822203,0.0109595446447633
54.7209102152747,0,0.0196726221291343,0,54.7209102152747,0.0196726221291343,0.0196726221291343,0.0196726221291343,0.0109274670854921
6.44620981534856,0,0.014846298512104,0,6.44620981534856,0.014846298512104,0.014846298512104,0.014846298512104,0.0608105741726415
13.7692792179168,0,0.045315959795906,0,13.7692792179168,0.045315959795906,0.045315959795906,0.045315959795906,0.0576659331255503
11.7030101268542,0,0.0664031592294417,0,11.7030101268542,0.0664031592294417,0.0664031592294417,0.0664031592294417,0.0318702419669784
7.36539602284415,0,-0.0247872150245361,0,7.36539602284415,-0.0247872150245361,-0.0247872150245361,-0.0247872150245361,0.114121672795408
7.17535910443418,0,0.0223584830888584,0,7.17535910443418,0.0223584830888584,0.0223584830888584,0.0223584830888584,0.0787357224553916
12.4292894118962,0,0.0421917175883508,0,12.4292894118962,0.0421917175883508,0.0421917175883508,0.0421917175883508,0.0520890612226588
11.8155784180346,0,0.132399483418963,0,11.8155784180346,0.132399483418963,0.132399483418963,0.132399483418963,0.0684128055131695
10.8363107906744,0,-0.028098390818107,0,10.8363107906744,-0.028098390818107,-0.028098390818107,-0.028098390818107,0.071926050301895
11.7003583105711,0,-0.00186774348468509,0,11.7003583105711,-0.00186774348468509,-0.00186774348468509,-0.00186774348468509,0.00589871207554302
14.1717804897526,0,0.027255899623745,0,14.1717804897526,0.027255899623745,0.027255899623745,0.027255899623745,0.0438772018708798
10.4916049522311,0,0.0132463173032987,0,10.4916049522311,0.0132463173032987,0.0132463173032987,0.0132463173032987,0.0267192917518445
17.4700053613048,0,-0.0184802916209333,0,17.4700053613048,-0.0184802916209333,-0.0184802916209333,-0.0184802916209333,0.0310328260487528
22.4190143092695,0,-0.000161199703742028,0,22.4190143092695,-0.000161199703742028,-0.000161199703742028,-0.000161199703742028,0.0167230245622351
23.3384346785706,0,0.0173424537425691,0,23.3384346785706,0.0173424537425691,0.0173424537425691,0.0173424537425691,0.0189266195413323
38.8851950923656,0,-0.0332412043876419,0,38.8851950923656,-0.0332412043876419,-0.0332412043876419,-0.0332412043876419,0.0285556564673136
33.1236118256953,0,-0.00808769374160821,0,33.1236118256953,-0.00808769374160821,-0.00808769374160821,-0.00808769374160821,0.0398141944590775
130.216227665708,0,0.0198117493038606,0,130.216227665708,0.0198117493038606,0.0198117493038606,0.0198117493038606,0.0277236387216602
9.87654480749694,0,-0.0946232449189078,0,9.87654480749694,-0.0946232449189078,-0.0946232449189078,-0.0946232449189078,0.0836731049469832
15.7641037476623,0,0.0452974152246685,0,15.7641037476623,0.0452974152246685,0.0452974152246685,0.0452974152246685,0.0222639606786319
13.2572895170701,0,-0.00547183825283213,0,13.2572895170701,-0.00547183825283213,-0.00547183825283213,-0.00547183825283213,0.0207932850711389
14.6101069409457,0,-0.0361151431713081,0,14.6101069409457,-0.0361151431713081,-0.0361151431713081,-0.0361151431713081,0.0853409147807967
9.82277228593101,0,0.003405640430707,0,9.82277228593101,0.003405640430707,0.003405640430707,0.003405640430707,0.0711265903737062
11.2420027298881,0,-0.0660500012093723,0,11.2420027298881,-0.0660500012093723,-0.0660500012093723,-0.0660500012093723,0.0384705888979592
20.250805971961,0,-0.0722114931141322,0,20.250805971961,-0.0722114931141322,-0.0722114931141322,-0.0722114931141322,0.0558422559374383
28.4056044215739,0,-0.0234835133541325,0,28.4056044215739,-0.0234835133541325,-0.0234835133541325,-0.0234835133541325,0.0460235649191708
9.44659083119766,0,-0.0979355343768668,0,9.44659083119766,-0.0979355343768668,-0.0979355343768668,-0.0979355343768668,0.106984919191722
10.6319539160187,0,0.00587821668928426,0,10.6319539160187,0.00587821668928426,0.00587821668928426,0.00587821668928426,0.0434639030773943
23.722803858762,0,0.00435490338959432,0,23.722803858762,0.00435490338959432,0.00435490338959432,0.00435490338959432,0.0172785731987079
NA,NA,NA,NA,NA,NA,NA,NA,NA
9.30240675050487,0,0.0198716605101052,0,9.30240675050487,0.0198716605101052,0.0198716605101052,0.0198716605101052,0.0714542693242479
6.82559417888738,0,-0.0208488602109932,0,6.82559417888738,-0.0208488602109932,-0.0208488602109932,-0.0208488602109932,0.0626238731585564
7.10118523761685,0,-0.0285278978712163,0,7.10118523761685,-0.0285278978712163,-0.0285278978712163,-0.0285278978712163,0.0595492352872805
8.39406695268219,0,0.0167837864563465,0,8.39406695268219,0.0167837864563465,0.0167837864563465,0.0167837864563465,0.0322473662392579
15.3813680380744,0,-0.0235768509494856,0,15.3813680380744,-0.0235768509494856,-0.0235768509494856,-0.0235768509494856,0.0385600790656454
8.18927423765117,0,0.0659665725964304,0,8.18927423765117,0.0659665725964304,0.0659665725964304,0.0659665725964304,0.0630297284578965
9.567453602661,0,-0.0130573193727359,0,9.567453602661,-0.0130573193727359,-0.0130573193727359,-0.0130573193727359,0.0264340771076804
9.56764954052794,0,-0.00578932875863998,0,9.56764954052794,-0.00578932875863998,-0.00578932875863998,-0.00578932875863998,0.0288617279537588
9.58796747981615,0,0.00725905880614161,0,9.58796747981615,0.00725905880614161,0.00725905880614161,0.00725905880614161,0.0422687684348916
15.1454884083029,0,0.0687427351592194,0,15.1454884083029,0.0687427351592194,0.0687427351592194,0.0687427351592194,0.0334809714396658
9.72468903389732,0,0.0209196079014141,0,9.72468903389732,0.0209196079014141,0.0209196079014141,0.0209196079014141,0.0473210924820652
14.8412385484711,0,0.00805813747067324,0,14.8412385484711,0.00805813747067324,0.00805813747067324,0.00805813747067324,0.0331399934197975
10.6567948708008,0,0.0203455428827325,0,10.6567948708008,0.0203455428827325,0.0203455428827325,0.0203455428827325,0.0367174068081082
12.7697291709358,0,0.00135812282131545,0,12.7697291709358,0.00135812282131545,0.00135812282131545,0.00135812282131545,0.0331331000834964
17.7014293147066,0,0.0234372077444364,0,17.7014293147066,0.0234372077444364,0.0234372077444364,0.0234372077444364,0.0323786122878216
16.016217440795,0,-0.00369944404825601,0,16.016217440795,-0.00369944404825601,-0.00369944404825601,-0.00369944404825601,0.0376637682579198
21.1131806593051,0,-0.056056653152879,0,21.1131806593051,-0.056056653152879,-0.056056653152879,-0.056056653152879,0.033465829508006
12.511562118753,0,0.010653794636591,0,12.511562118753,0.010653794636591,0.010653794636591,0.010653794636591,0.0542734571116003
11.3110693140974,0,0.00982781565554414,0,11.3110693140974,0.00982781565554414,0.00982781565554414,0.00982781565554414,0.0152975413868066
19.3344521561619,0,-0.0178892890128142,0,19.3344521561619,-0.0178892890128142,-0.0178892890128142,-0.0178892890128142,0.0322365626104049
22.4252386829518,0,0.0149224868595611,0,22.4252386829518,0.0149224868595611,0.0149224868595611,0.0149224868595611,0.0125393113695439
12.3654554745313,0,-0.0686880413546458,0,12.3654554745313,-0.0686880413546458,-0.0686880413546458,-0.0686880413546458,0.0513325050706189
19.2556223171704,0,0.0285945738844167,0,19.2556223171704,0.0285945738844167,0.0285945738844167,0.0285945738844167,0.0139726523520546
28.4997237131768,0,0.0332965046822203,0,28.4997237131768,0.0332965046822203,0.0332965046822203,0.0332965046822203,0.0109595446447633
54.7209102152747,0,0.0196726221291343,0,54.7209102152747,0.0196726221291343,0.0196726221291343,0.0196726221291343,0.0109274670854921
6.44620981534856,0,0.014846298512104,0,6.44620981534856,0.014846298512104,0.014846298512104,0.014846298512104,0.0608105741726415
13.7692792179168,0,0.045315959795906,0,13.7692792179168,0.045315959795906,0.045315959795906,0.045315959795906,0.0576659331255503
11.7030101268542,0,0.0664031592294417,0,11.7030101268542,0.0664031592294417,0.0664031592294417,0.0664031592294417,0.0318702419669784
7.36539602284415,0,-0.0247872150245361,0,7.36539602284415,-0.0247872150245361,-0.0247872150245361,-0.0247872150245361,0.114121672795408
7.17535910443418,0,0.0223584830888584,0,7.17535910443418,0.0223584830888584,0.0223584830888584,0.0223584830888584,0.0787357224553916
12.4292894118962,0,0.0421917175883508,0,12.4292894118962,0.0421917175883508,0.0421917175883508,0.0421917175883508,0.0520890612226588
11.8155784180346,0,0.132399483418963,0,11.8155784180346,0.132399483418963,0.132399483418963,0.132399483418963,0.0684128055131695
10.8363107906744,0,-0.028098390818107,0,10.8363107906744,-0.028098390818107,-0.028098390818107,-0.028098390818107,0.071926050301895
11.7003583105711,0,-0.00186774348468509,0,11.7003583105711,-0.00186774348468509,-0.00186774348468509,-0.00186774348468509,0.00589871207554302
14.1717804897526,0,0.027255899623745,0,14.1717804897526,0.027255899623745,0.027255899623745,0.027255899623745,0.0438772018708798
10.4916049522311,0,0.0132463173032987,0,10.4916049522311,0.0132463173032987,0.0132463173032987,0.0132463173032987,0.0267192917518445
17.4700053613048,0,-0.0184802916209333,0,17.4700053613048,-0.0184802916209333,-0.0184802916209333,-0.0184802916209333,0.0310328260487528
22.4190143092695,0,-0.000161199703742028,0,22.4190143092695,-0.000161199703742028,-0.000161199703742028,-0.000161199703742028,0.0167230245622351
23.3384346785706,0,0.0173424537425691,0,23.3384346785706,0.0173424537425691,0.0173424537425691,0.0173424537425691,0.0189266195413323
38.8851950923656,0,-0.0332412043876419,0,38.8851950923656,-0.0332412043876419,-0.0332412043876419,-0.0332412043876419,0.0285556564673136
33.1236118256953,0,-0.00808769374160821,0,33.1236118256953,-0.00808769374160821,-0.00808769374160821,-0.00808769374160821,0.0398141944590775
130.216227665708,0,0.0198117493038606,0,130.216227665708,0.0198117493038606,0.0198117493038606,0.0198117493038606,0.0277236387216602
9.87654480749694,0,-0.0946232449189078,0,9.87654480749694,-0.0946232449189078,-0.0946232449189078,-0.0946232449189078,0.0836731049469832
15.7641037476623,0,0.0452974152246685,0,15.7641037476623,0.0452974152246685,0.0452974152246685,0.0452974152246685,0.0222639606786319
13.2572895170701,0,-0.00547183825283213,0,13.2572895170701,-0.00547183825283213,-0.00547183825283213,-0.00547183825283213,0.0207932850711389
14.6101069409457,0,-0.0361151431713081,0,14.6101069409457,-0.0361151431713081,-0.0361151431713081,-0.0361151431713081,0.0853409147807967
9.82277228593101,0,0.003405640430707,0,9.82277228593101,0.003405640430707,0.003405640430707,0.003405640430707,0.0711265903737062
11.2420027298881,0,-0.0660500012093723,0,11.2420027298881,-0.0660500012093723,-0.0660500012093723,-0.0660500012093723,0.0384705888979592
20.250805971961,0,-0.0722114931141322,0,20.250805971961,-0.0722114931141322,-0.0722114931141322,-0.0722114931141322,0.0558422559374383
28.4056044215739,0,-0.0234835133541325,0,28.4056044215739,-0.0234835133541325,-0.0234835133541325,-0.0234835133541325,0.0460235649191708
9.44659083119766,0,-0.0979355343768668,0,9.44659083119766,-0.0979355343768668,-0.0979355343768668,-0.0979355343768668,0.106984919191722
10.6319539160187,0,0.00587821668928426,0,10.6319539160187,0.00587821668928426,0.00587821668928426,0.00587821668928426,0.0434639030773943
23.722803858762,0,0.00435490338959432,0,23.722803858762,0.00435490338959432,0.00435490338959432,0.00435490338959432,0.0172785731987079
NA,NA,NA,NA,NA,NA,NA,NA,NA
9.30240675050487,0,0.0198716605101052,0,9.30240675050487,0.0198716605101052,0.0198716605101052,0.0198716605101052,0.0714542693242479
6.82559417888738,0,-0.0208488602109932,0,6.82559417888738,-0.0208488602109932,-0.0208488602109932,-0.0208488602109932,0.0626238731585564
7.10118523761685,0,-0.0285278978712163,0,7.10118523761685,-0.0285278978712163,-0.0285278978712163,-0.0285278978712163,0.0595492352872805
8.39406695268219,0,0.0167837864563465,0,8.39406695268219,0.0167837864563465,0.0167837864563465,0.0167837864563465,0.0322473662392579
15.3813680380744,0,-0.0235768509494856,0,15.3813680380744,-0.0235768509494856,-0.0235768509494856,-0.0235768509494856,0.0385600790656454
8.18927423765117,0,0.0659665725964304,0,8.18927423765117,0.0659665725964304,0.0659665725964304,0.0659665725964304,0.0630297284578965
9.567453602661,0,-0.0130573193727359,0,9.567453602661,-0.0130573193727359,-0.0130573193727359,-0.0130573193727359,0.0264340771076804
9.56764954052794,0,-0.00578932875863998,0,9.56764954052794,-0.00578932875863998,-0.00578932875863998,-0.00578932875863998,0.0288617279537588
9.58796747981615,0,0.00725905880614161,0,9.58796747981615,0.00725905880614161,0.00725905880614161,0.00725905880614161,0.0422687684348916
15.1454884083029,0,0.0687427351592194,0,15.1454884083029,0.0687427351592194,0.0687427351592194,0.0687427351592194,0.0334809714396658
9.72468903389732,0,0.0209196079014141,0,9.72468903389732,0.0209196079014141,0.0209196079014141,0.0209196079014141,0.0473210924820652
14.8412385484711,0,0.00805813747067324,0,14.8412385484711,0.00805813747067324,0.00805813747067324,0.00805813747067324,0.0331399934197975
10.6567948708008,0,0.0203455428827325,0,10.6567948708008,0.0203455428827325,0.0203455428827325,0.0203455428827325,0.0367174068081082
12.7697291709358,0,0.00135812282131545,0,12.7697291709358,0.00135812282131545,0.00135812282131545,0.00135812282131545,0.0331331000834964
17.7014293147066,0,0.0234372077444364,0,17.7014293147066,0.0234372077444364,0.0234372077444364,0.0234372077444364,0.0323786122878216
16.016217440795,0,-0.00369944404825601,0,16.016217440795,-0.00369944404825601,-0.00369944404825601,-0.00369944404825601,0.0376637682579198
21.1131806593051,0,-0.056056653152879,0,21.1131806593051,-0.056056653152879,-0.056056653152879,-0.056056653152879,0.033465829508006
12.511562118753,0,0.010653794636591,0,12.511562118753,0.010653794636591,0.010653794636591,0.010653794636591,0.0542734571116003
11.3110693140974,0,0.00982781565554414,0,11.3110693140974,0.00982781565554414,0.00982781565554414,0.00982781565554414,0.0152975413868066
19.3344521561619,0,-0.0178892890128142,0,19.3344521561619,-0.0178892890128142,-0.0178892890128142,-0.0178892890128142,0.0322365626104049
22.4252386829518,0,0.0149224868595611,0,22.4252386829518,0.0149224868595611,0.0149224868595611,0.0149224868595611,0.0125393113695439
12.3654554745313,0,-0.0686880413546458,0,12.3654554745313,-0.0686880413546458,-0.0686880413546458,-0.0686880413546458,0.0513325050706189
19.2556223171704,0,0.0285945738844167,0,19.2556223171704,0.0285945738844167,0.0285945738844167,0.0285945738844167,0.0139726523520546
28.4997237131768,0,0.0332965046822203,0,28.4997237131768,0.0332965046822203,0.0332965046822203,0.0332965046822203,0.0109595446447633
54.7209102152747,0,0.0196726221291343,0,54.7209102152747,0.0196726221291343,0.0196726221291343,0.0196726221291343,0.0109274670854921
6.44620981534856,0,0.014846298512104,0,6.44620981534856,0.014846298512104,0.014846298512104,0.014846298512104,0.0608105741726415
13.7692792179168,0,0.045315959795906,0,13.7692792179168,0.045315959795906,0.045315959795906,0.045315959795906,0.0576659331255503
11.7030101268542,0,0.0664031592294417,0,11.7030101268542,0.0664031592294417,0.0664031592294417,0.0664031592294417,0.0318702419669784
7.36539602284415,0,-0.0247872150245361,0,7.36539602284415,-0.0247872150245361,-0.0247872150245361,-0.0247872150245361,0.114121672795408
7.17535910443418,0,0.0223584830888584,0,7.17535910443418,0.0223584830888584,0.0223584830888584,0.0223584830888584,0.0787357224553916
12.4292894118962,0,0.0421917175883508,0,12.4292894118962,0.0421917175883508,0.0421917175883508,0.0421917175883508,0.0520890612226588
11.8155784180346,0,0.132399483418963,0,11.8155784180346,0.132399483418963,0.132399483418963,0.132399483418963,0.0684128055131695
10.8363107906744,0,-0.028098390818107,0,10.8363107906744,-0.028098390818107,-0.028098390818107,-0.028098390818107,0.071926050301895
11.7003583105711,0,-0.00186774348468509,0,11.7003583105711,-0.00186774348468509,-0.00186774348468509,-0.00186774348468509,0.00589871207554302
14.1717804897526,0,0.027255899623745,0,14.1717804897526,0.027255899623745,0.027255899623745,0.027255899623745,0.0438772018708798
10.4916049522311,0,0.0132463173032987,0,10.4916049522311,0.0132463173032987,0.0132463173032987,0.0132463173032987,0.0267192917518445
17.4700053613048,0,-0.0184802916209333,0,17.4700053613048,-0.0184802916209333,-0.0184802916209333,-0.0184802916209333,0.0310328260487528
22.4190143092695,0,-0.000161199703742028,0,22.4190143092695,-0.000161199703742028,-0.000161199703742028,-0.000161199703742028,0.0167230245622351
23.3384346785706,0,0.0173424537425691,0,23.3384346785706,0.0173424537425691,0.0173424537425691,0.0173424537425691,0.0189266195413323
38.8851950923656,0,-0.0332412043876419,0,38.8851950923656,-0.0332412043876419,-0.0332412043876419,-0.0332412043876419,0.0285556564673136
33.1236118256953,0,-0.00808769374160821,0,33.1236118256953,-0.00808769374160821,-0.00808769374160821,-0.00808769374160821,0.0398141944590775
130.216227665708,0,0.0198117493038606,0,130.216227665708,0.0198117493038606,0.0198117493038606,0.0198117493038606,0.0277236387216602
9.87654480749694,0,-0.0946232449189078,0,9.87654480749694,-0.0946232449189078,-0.0946232449189078,-0.0946232449189078,0.0836731049469832
15.7641037476623,0,0.0452974152246685,0,15.7641037476623,0.0452974152246685,0.0452974152246685,0.0452974152246685,0.0222639606786319
13.2572895170701,0,-0.00547183825283213,0,13.2572895170701,-0.00547183825283213,-0.00547183825283213,-0.00547183825283213,0.0207932850711389
14.6101069409457,0,-0.0361151431713081,0,14.6101069409457,-0.0361151431713081,-0.0361151431713081,-0.0361151431713081,0.0853409147807967
9.82277228593101,0,0.003405640430707,0,9.82277228593101,0.003405640430707,0.003405640430707,0.003405640430707,0.0711265903737062
11.2420027298881,0,-0.0660500012093723,0,11.2420027298881,-0.0660500012093723,-0.0660500012093723,-0.0660500012093723,0.0384705888979592
20.250805971961,0,-0.0722114931141322,0,20.250805971961,-0.0722114931141322,-0.0722114931141322,-0.0722114931141322,0.0558422559374383
28.4056044215739,0,-0.0234835133541325,0,28.4056044215739,-0.0234835133541325,-0.0234835133541325,-0.0234835133541325,0.0460235649191708
9.44659083119766,0,-0.0979355343768668,0,9.44659083119766,-0.0979355343768668,-0.0979355343768668,-0.0979355343768668,0.106984919191722
10.6319539160187,0,0.00587821668928426,0,10.6319539160187,0.00587821668928426,0.00587821668928426,0.00587821668928426,0.0434639030773943
23.722803858762,0,0.00435490338959432,0,23.722803858762,0.00435490338959432,0.00435490338959432,0.00435490338959432,0.0172785731987079
NA,NA,NA,NA,NA,NA,NA,NA,NA
9.30240675050487,0,0.0198716605101052,0,9.30240675050487,0.0198716605101052,0.0198716605101052,0.0198716605101052,0.0714542693242479
6.82559417888738,0,-0.0208488602109932,0,6.82559417888738,-0.0208488602109932,-0.0208488602109932,-0.0208488602109932,0.0626238731585564
7.10118523761685,0,-0.0285278978712163,0,7.10118523761685,-0.0285278978712163,-0.0285278978712163,-0.0285278978712163,0.0595492352872805
8.39406695268219,0,0.0167837864563465,0,8.39406695268219,0.0167837864563465,0.0167837864563465,0.0167837864563465,0.0322473662392579
15.3813680380744,0,-0.0235768509494856,0,15.3813680380744,-0.0235768509494856,-0.0235768509494856,-0.0235768509494856,0.0385600790656454
8.18927423765117,0,0.0659665725964304,0,8.18927423765117,0.0659665725964304,0.0659665725964304,0.0659665725964304,0.0630297284578965
9.567453602661,0,-0.0130573193727359,0,9.567453602661,-0.0130573193727359,-0.0130573193727359,-0.0130573193727359,0.0264340771076804
9.56764954052794,0,-0.00578932875863998,0,9.56764954052794,-0.00578932875863998,-0.00578932875863998,-0.00578932875863998,0.0288617279537588
9.58796747981615,0,0.00725905880614161,0,9.58796747981615,0.00725905880614161,0.00725905880614161,0.00725905880614161,0.0422687684348916
15.1454884083029,0,0.0687427351592194,0,15.1454884083029,0.0687427351592194,0.0687427351592194,0.0687427351592194,0.0334809714396658
9.72468903389732,0,0.0209196079014141,0,9.72468903389732,0.0209196079014141,0.0209196079014141,0.0209196079014141,0.0473210924820652
14.8412385484711,0,0.00805813747067324,0,14.8412385484711,0.00805813747067324,0.00805813747067324,0.00805813747067324,0.0331399934197975
10.6567948708008,0,0.0203455428827325,0,10.6567948708008,0.0203455428827325,0.0203455428827325,0.0203455428827325,0.0367174068081082
12.7697291709358,0,0.00135812282131545,0,12.7697291709358,0.00135812282131545,0.00135812282131545,0.00135812282131545,0.0331331000834964
17.7014293147066,0,0.0234372077444364,0,17.7014293147066,0.0234372077444364,0.0234372077444364,0.0234372077444364,0.0323786122878216
16.016217440795,0,-0.00369944404825601,0,16.016217440795,-0.00369944404825601,-0.00369944404825601,-0.00369944404825601,0.0376637682579198
21.1131806593051,0,-0.056056653152879,0,21.1131806593051,-0.056056653152879,-0.056056653152879,-0.056056653152879,0.033465829508006
12.511562118753,0,0.010653794636591,0,12.511562118753,0.010653794636591,0.010653794636591,0.010653794636591,0.0542734571116003
11.3110693140974,0,0.00982781565554414,0,11.3110693140974,0.00982781565554414,0.00982781565554414,0.00982781565554414,0.0152975413868066
19.3344521561619,0,-0.0178892890128142,0,19.3344521561619,-0.0178892890128142,-0.0178892890128142,-0.0178892890128142,0.0322365626104049
22.4252386829518,0,0.0149224868595611,0,22.4252386829518,0.0149224868595611,0.0149224868595611,0.0149224868595611,0.0125393113695439
12.3654554745313,0,-0.0686880413546458,0,12.3654554745313,-0.0686880413546458,-0.0686880413546458,-0.0686880413546458,0.0513325050706189
19.2556223171704,0,0.0285945738844167,0,19.2556223171704,0.0285945738844167,0.0285945738844167,0.0285945738844167,0.0139726523520546
28.4997237131768,0,0.0332965046822203,0,28.4997237131768,0.0332965046822203,0.0332965046822203,0.0332965046822203,0.0109595446447633
54.7209102152747,0,0.0196726221291343,0,54.7209102152747,0.0196726221291343,0.0196726221291343,0.0196726221291343,0.0109274670854921
6.44620981534856,0,0.014846298512104,0,6.44620981534856,0.014846298512104,0.014846298512104,0.014846298512104,0.0608105741726415
13.7692792179168,0,0.045315959795906,0,13.7692792179168,0.045315959795906,0.045315959795906,0.045315959795906,0.0576659331255503
11.7030101268542,0,0.0664031592294417,0,11.7030101268542,0.0664031592294417,0.0664031592294417,0.0664031592294417,0.0318702419669784
7.36539602284415,0,-0.0247872150245361,0,7.36539602284415,-0.0247872150245361,-0.0247872150245361,-0.0247872150245361,0.114121672795408
7.17535910443418,0,0.0223584830888584,0,7.17535910443418,0.0223584830888584,0.0223584830888584,0.0223584830888584,0.0787357224553916
12.4292894118962,0,0.0421917175883508,0,12.4292894118962,0.0421917175883508,0.0421917175883508,0.0421917175883508,0.0520890612226588
11.8155784180346,0,0.132399483418963,0,11.8155784180346,0.132399483418963,0.132399483418963,0.132399483418963,0.0684128055131695
10.8363107906744,0,-0.028098390818107,0,10.8363107906744,-0.028098390818107,-0.028098390818107,-0.028098390818107,0.071926050301895
11.7003583105711,0,-0.00186774348468509,0,11.7003583105711,-0.00186774348468509,-0.00186774348468509,-0.00186774348468509,0.00589871207554302
14.1717804897526,0,0.027255899623745,0,14.1717804897526,0.027255899623745,0.027255899623745,0.027255899623745,0.0438772018708798
10.4916049522311,0,0.0132463173032987,0,10.4916049522311,0.0132463173032987,0.0132463173032987,0.0132463173032987,0.0267192917518445
17.4700053613048,0,-0.0184802916209333,0,17.4700053613048,-0.0184802916209333,-0.0184802916209333,-0.0184802916209333,0.0310328260487528
22.4190143092695,0,-0.000161199703742028,0,22.4190143092695,-0.000161199703742028,-0.000161199703742028,-0.000161199703742028,0.0167230245622351
23.3384346785706,0,0.0173424537425691,0,23.3384346785706,0.0173424537425691,0.0173424537425691,0.0173424537425691,0.0189266195413323
38.8851950923656,0,-0.0332412043876419,0,38.8851950923656,-0.0332412043876419,-0.0332412043876419,-0.0332412043876419,0.0285556564673136
33.1236118256953,0,-0.00808769374160821,0,33.1236118256953,-0.00808769374160821,-0.00808769374160821,-0.00808769374160821,0.0398141944590775
130.216227665708,0,0.0198117493038606,0,130.216227665708,0.0198117493038606,0.0198117493038606,0.0198117493038606,0.0277236387216602
9.87654480749694,0,-0.0946232449189078,0,9.87654480749694,-0.0946232449189078,-0.0946232449189078,-0.0946232449189078,0.0836731049469832
15.7641037476623,0,0.0452974152246685,0,15.7641037476623,0.0452974152246685,0.0452974152246685,0.0452974152246685,0.0222639606786319
13.2572895170701,0,-0.00547183825283213,0,13.2572895170701,-0.00547183825283213,-0.00547183825283213,-0.00547183825283213,0.0207932850711389
14.6101069409457,0,-0.0361151431713081,0,14.6101069409457,-0.0361151431713081,-0.0361151431713081,-0.0361151431713081,0.0853409147807967
9.82277228593101,0,0.003405640430707,0,9.82277228593101,0.003405640430707,0.003405640430707,0.003405640430707,0.0711265903737062
11.2420027298881,0,-0.0660500012093723,0,11.2420027298881,-0.0660500012093723,-0.0660500012093723,-0.0660500012093723,0.0384705888979592
20.250805971961,0,-0.0722114931141322,0,20.250805971961,-0.0722114931141322,-0.0722114931141322,-0.0722114931141322,0.0558422559374383
28.4056044215739,0,-0.0234835133541325,0,28.4056044215739,-0.0234835133541325,-0.0234835133541325,-0.0234835133541325,0.0460235649191708
9.44659083119766,0,-0.0979355343768668,0,9.44659083119766,-0.0979355343768668,-0.0979355343768668,-0.0979355343768668,0.106984919191722
10.6319539160187,0,0.00587821668928426,0,10.6319539160187,0.00587821668928426,0.00587821668928426,0.00587821668928426,0.0434639030773943
23.722803858762,0,0.00435490338959432,0,23.722803858762,0.00435490338959432,0.00435490338959432,0.00435490338959432,0.0172785731987079
NA,NA,NA,NA,NA,NA,NA,NA,NA
9.30240675050487,0,0.0198716605101052,0,9.30240675050487,0.0198716605101052,0.0198716605101052,0.0198716605101052,0.0714542693242479
6.82559417888738,0,-0.0208488602109932,0,6.82559417888738,-0.0208488602109932,-0.0208488602109932,-0.0208488602109932,0.0626238731585564
7.10118523761685,0,-0.0285278978712163,0,7.10118523761685,-0.0285278978712163,-0.0285278978712163,-0.0285278978712163,0.0595492352872805
8.39406695268219,0,0.0167837864563465,0,8.39406695268219,0.0167837864563465,0.0167837864563465,0.0167837864563465,0.0322473662392579
15.3813680380744,0,-0.0235768509494856,0,15.3813680380744,-0.0235768509494856,-0.0235768509494856,-0.0235768509494856,0.0385600790656454
8.18927423765117,0,0.0659665725964304,0,8.18927423765117,0.0659665725964304,0.0659665725964304,0.0659665725964304,0.0630297284578965
9.567453602661,0,-0.0130573193727359,0,9.567453602661,-0.0130573193727359,-0.0130573193727359,-0.0130573193727359,0.0264340771076804
9.56764954052794,0,-0.00578932875863998,0,9.56764954052794,-0.00578932875863998,-0.00578932875863998,-0.00578932875863998,0.0288617279537588
9.58796747981615,0,0.00725905880614161,0,9.58796747981615,0.00725905880614161,0.00725905880614161,0.00725905880614161,0.0422687684348916
15.1454884083029,0,0.0687427351592194,0,15.1454884083029,0.0687427351592194,0.0687427351592194,0.0687427351592194,0.0334809714396658
9.72468903389732,0,0.0209196079014141,0,9.72468903389732,0.0209196079014141,0.0209196079014141,0.0209196079014141,0.0473210924820652
14.8412385484711,0,0.00805813747067324,0,14.8412385484711,0.00805813747067324,0.00805813747067324,0.00805813747067324,0.0331399934197975
10.6567948708008,0,0.0203455428827325,0,10.6567948708008,0.0203455428827325,0.0203455428827325,0.0203455428827325,0.0367174068081082
12.7697291709358,0,0.00135812282131545,0,12.7697291709358,0.00135812282131545,0.00135812282131545,0.00135812282131545,0.0331331000834964
17.7014293147066,0,0.0234372077444364,0,17.7014293147066,0.0234372077444364,0.0234372077444364,0.0234372077444364,0.0323786122878216
16.016217440795,0,-0.00369944404825601,0,16.016217440795,-0.00369944404825601,-0.00369944404825601,-0.00369944404825601,0.0376637682579198
21.1131806593051,0,-0.056056653152879,0,21.1131806593051,-0.056056653152879,-0.056056653152879,-0.056056653152879,0.033465829508006
12.511562118753,0,0.010653794636591,0,12.511562118753,0.010653794636591,0.010653794636591,0.010653794636591,0.0542734571116003
11.3110693140974,0,0.00982781565554414,0,11.3110693140974,0.00982781565554414,0.00982781565554414,0.00982781565554414,0.0152975413868066
19.3344521561619,0,-0.0178892890128142,0,19.3344521561619,-0.0178892890128142,-0.0178892890128142,-0.0178892890128142,0.0322365626104049
22.4252386829518,0,0.0149224868595611,0,22.4252386829518,0.0149224868595611,0.0149224868595611,0.0149224868595611,0.0125393113695439
12.3654554745313,0,-0.0686880413546458,0,12.3654554745313,-0.0686880413546458,-0.0686880413546458,-0.0686880413546458,0.0513325050706189
19.2556223171704,0,0.0285945738844167,0,19.2556223171704,0.0285945738844167,0.0285945738844167,0.0285945738844167,0.0139726523520546
28.4997237131768,0,0.0332965046822203,0,28.4997237131768,0.0332965046822203,0.0332965046822203,0.0332965046822203,0.0109595446447633
54.7209102152747,0,0.0196726221291343,0,54.7209102152747,0.0196726221291343,0.0196726221291343,0.0196726221291343,0.0109274670854921
6.44620981534856,0,0.014846298512104,0,6.44620981534856,0.014846298512104,0.014846298512104,0.014846298512104,0.0608105741726415
13.7692792179168,0,0.045315959795906,0,13.7692792179168,0.045315959795906,0.045315959795906,0.045315959795906,0.0576659331255503
11.7030101268542,0,0.0664031592294417,0,11.7030101268542,0.0664031592294417,0.0664031592294417,0.0664031592294417,0.0318702419669784
7.36539602284415,0,-0.0247872150245361,0,7.36539602284415,-0.0247872150245361,-0.0247872150245361,-0.0247872150245361,0.114121672795408
7.17535910443418,0,0.0223584830888584,0,7.17535910443418,0.0223584830888584,0.0223584830888584,0.0223584830888584,0.0787357224553916
12.4292894118962,0,0.0421917175883508,0,12.4292894118962,0.0421917175883508,0.0421917175883508,0.0421917175883508,0.0520890612226588
11.8155784180346,0,0.132399483418963,0,11.8155784180346,0.132399483418963,0.132399483418963,0.132399483418963,0.0684128055131695
10.8363107906744,0,-0.028098390818107,0,10.8363107906744,-0.028098390818107,-0.028098390818107,-0.028098390818107,0.071926050301895
11.7003583105711,0,-0.00186774348468509,0,11.7003583105711,-0.00186774348468509,-0.00186774348468509,-0.00186774348468509,0.00589871207554302
14.1717804897526,0,0.027255899623745,0,14.1717804897526,0.027255899623745,0.027255899623745,0.027255899623745,0.0438772018708798
10.4916049522311,0,0.0132463173032987,0,10.4916049522311,0.0132463173032987,0.0132463173032987,0.0132463173032987,0.0267192917518445
17.4700053613048,0,-0.0184802916209333,0,17.4700053613048,-0.0184802916209333,-0.0184802916209333,-0.0184802916209333,0.0310328260487528
22.4190143092695,0,-0.000161199703742028,0,22.4190143092695,-0.000161199703742028,-0.000161199703742028,-0.000161199703742028,0.0167230245622351
23.3384346785706,0,0.0173424537425691,0,23.3384346785706,0.0173424537425691,0.0173424537425691,0.0173424537425691,0.0189266195413323
38.8851950923656,0,-0.0332412043876419,0,38.8851950923656,-0.0332412043876419,-0.0332412043876419,-0.0332412043876419,0.0285556564673136
33.1236118256953,0,-0.00808769374160821,0,33.1236118256953,-0.00808769374160821,-0.00808769374160821,-0.00808769374160821,0.0398141944590775
130.216227665708,0,0.0198117493038606,0,130.216227665708,0.0198117493038606,0.0198117493038606,0.0198117493038606,0.0277236387216602
9.87654480749694,0,-0.0946232449189078,0,9.87654480749694,-0.0946232449189078,-0.0946232449189078,-0.0946232449189078,0.0836731049469832
15.7641037476623,0,0.0452974152246685,0,15.7641037476623,0.0452974152246685,0.0452974152246685,0.0452974152246685,0.0222639606786319
13.2572895170701,0,-0.00547183825283213,0,13.2572895170701,-0.00547183825283213,-0.00547183825283213,-0.00547183825283213,0.0207932850711389
14.6101069409457,0,-0.0361151431713081,0,14.6101069409457,-0.0361151431713081,-0.0361151431713081,-0.0361151431713081,0.0853409147807967
9.82277228593101,0,0.003405640430707,0,9.82277228593101,0.003405640430707,0.003405640430707,0.003405640430707,0.0711265903737062
11.2420027298881,0,-0.0660500012093723,0,11.2420027298881,-0.0660500012093723,-0.0660500012093723,-0.0660500012093723,0.0384705888979592
20.250805971961,0,-0.0722114931141322,0,20.250805971961,-0.0722114931141322,-0.0722114931141322,-0.0722114931141322,0.0558422559374383
28.4056044215739,0,-0.0234835133541325,0,28.4056044215739,-0.0234835133541325,-0.0234835133541325,-0.0234835133541325,0.0460235649191708
9.44659083119766,0,-0.0979355343768668,0,9.44659083119766,-0.0979355343768668,-0.0979355343768668,-0.0979355343768668,0.106984919191722
10.6319539160187,0,0.00587821668928426,0,10.6319539160187,0.00587821668928426,0.00587821668928426,0.00587821668928426,0.0434639030773943
23.722803858762,0,0.00435490338959432,0,23.722803858762,0.00435490338959432,0.00435490338959432,0.00435490338959432,0.0172785731987079
NA,NA,NA,NA,NA,NA,NA,NA,NA
9.30240675050487,0,0.0198716605101052,0,9.30240675050487,0.0198716605101052,0.0198716605101052,0.0198716605101052,0.0714542693242479
6.82559417888738,0,-0.0208488602109932,0,6.82559417888738,-0.0208488602109932,-0.0208488602109932,-0.0208488602109932,0.0626238731585564
7.10118523761685,0,-0.0285278978712163,0,7.10118523761685,-0.0285278978712163,-0.0285278978712163,-0.0285278978712163,0.0595492352872805
8.39406695268219,0,0.0167837864563465,0,8.39406695268219,0.0167837864563465,0.0167837864563465,0.0167837864563465,0.0322473662392579
15.3813680380744,0,-0.0235768509494856,0,15.3813680380744,-0.0235768509494856,-0.0235768509494856,-0.0235768509494856,0.0385600790656454
8.18927423765117,0,0.0659665725964304,0,8.18927423765117,0.0659665725964304,0.0659665725964304,0.0659665725964304,0.0630297284578965
9.567453602661,0,-0.0130573193727359,0,9.567453602661,-0.0130573193727359,-0.0130573193727359,-0.0130573193727359,0.0264340771076804
9.56764954052794,0,-0.00578932875863998,0,9.56764954052794,-0.00578932875863998,-0.00578932875863998,-0.00578932875863998,0.0288617279537588
9.58796747981615,0,0.00725905880614161,0,9.58796747981615,0.00725905880614161,0.00725905880614161,0.00725905880614161,0.0422687684348916
15.1454884083029,0,0.0687427351592194,0,15.1454884083029,0.0687427351592194,0.0687427351592194,0.0687427351592194,0.0334809714396658
9.72468903389732,0,0.0209196079014141,0,9.72468903389732,0.0209196079014141,0.0209196079014141,0.0209196079014141,0.0473210924820652
14.8412385484711,0,0.00805813747067324,0,14.8412385484711,0.00805813747067324,0.00805813747067324,0.00805813747067324,0.0331399934197975
10.6567948708008,0,0.0203455428827325,0,10.6567948708008,0.0203455428827325,0.0203455428827325,0.0203455428827325,0.0367174068081082
12.7697291709358,0,0.00135812282131545,0,12.7697291709358,0.00135812282131545,0.00135812282131545,0.00135812282131545,0.0331331000834964
17.7014293147066,0,0.0234372077444364,0,17.7014293147066,0.0234372077444364,0.0234372077444364,0.0234372077444364,0.0323786122878216
16.016217440795,0,-0.00369944404825601,0,16.016217440795,-0.00369944404825601,-0.00369944404825601,-0.00369944404825601,0.0376637682579198
21.1131806593051,0,-0.056056653152879,0,21.1131806593051,-0.056056653152879,-0.056056653152879,-0.056056653152879,0.033465829508006
12.511562118753,0,0.010653794636591,0,12.511562118753,0.010653794636591,0.010653794636591,0.010653794636591,0.0542734571116003
11.3110693140974,0,0.00982781565554414,0,11.3110693140974,0.00982781565554414,0.00982781565554414,0.00982781565554414,0.0152975413868066
19.3344521561619,0,-0.0178892890128142,0,19.3344521561619,-0.0178892890128142,-0.0178892890128142,-0.0178892890128142,0.0322365626104049
22.4252386829518,0,0.0149224868595611,0,22.4252386829518,0.0149224868595611,0.0149224868595611,0.0149224868595611,0.0125393113695439
12.3654554745313,0,-0.0686880413546458,0,12.3654554745313,-0.0686880413546458,-0.0686880413546458,-0.0686880413546458,0.0513325050706189
19.2556223171704,0,0.0285945738844167,0,19.2556223171704,0.0285945738844167,0.0285945738844167,0.0285945738844167,0.0139726523520546
28.4997237131768,0,0.0332965046822203,0,28.4997237131768,0.0332965046822203,0.0332965046822203,0.0332965046822203,0.0109595446447633
54.7209102152747,0,0.0196726221291343,0,54.7209102152747,0.0196726221291343,0.0196726221291343,0.0196726221291343,0.0109274670854921
6.44620981534856,0,0.014846298512104,0,6.44620981534856,0.014846298512104,0.014846298512104,0.014846298512104,0.0608105741726415
13.7692792179168,0,0.045315959795906,0,13.7692792179168,0.045315959795906,0.045315959795906,0.045315959795906,0.0576659331255503
11.7030101268542,0,0.0664031592294417,0,11.7030101268542,0.0664031592294417,0.0664031592294417,0.0664031592294417,0.0318702419669784
7.36539602284415,0,-0.0247872150245361,0,7.36539602284415,-0.0247872150245361,-0.0247872150245361,-0.0247872150245361,0.114121672795408
7.17535910443418,0,0.0223584830888584,0,7.17535910443418,0.0223584830888584,0.0223584830888584,0.0223584830888584,0.0787357224553916
12.4292894118962,0,0.0421917175883508,0,12.4292894118962,0.0421917175883508,0.0421917175883508,0.0421917175883508,0.0520890612226588
11.8155784180346,0,0.132399483418963,0,11.8155784180346,0.132399483418963,0.132399483418963,0.132399483418963,0.0684128055131695
10.8363107906744,0,-0.028098390818107,0,10.8363107906744,-0.028098390818107,-0.028098390818107,-0.028098390818107,0.071926050301895
11.7003583105711,0,-0.00186774348468509,0,11.7003583105711,-0.00186774348468509,-0.00186774348468509,-0.00186774348468509,0.00589871207554302
14.1717804897526,0,0.027255899623745,0,14.1717804897526,0.027255899623745,0.027255899623745,0.027255899623745,0.0438772018708798
10.4916049522311,0,0.0132463173032987,0,10.4916049522311,0.0132463173032987,0.0132463173032987,0.0132463173032987,0.0267192917518445
17.4700053613048,0,-0.0184802916209333,0,17.4700053613048,-0.0184802916209333,-0.0184802916209333,-0.0184802916209333,0.0310328260487528
22.4190143092695,0,-0.000161199703742028,0,22.4190143092695,-0.000161199703742028,-0.000161199703742028,-0.000161199703742028,0.0167230245622351
23.3384346785706,0,0.0173424537425691,0,23.3384346785706,0.0173424537425691,0.0173424537425691,0.0173424537425691,0.0189266195413323
38.8851950923656,0,-0.0332412043876419,0,38.8851950923656,-0.0332412043876419,-0.0332412043876419,-0.0332412043876419,0.0285556564673136
33.1236118256953,0,-0.00808769374160821,0,33.1236118256953,-0.00808769374160821,-0.00808769374160821,-0.00808769374160821,0.0398141944590775
130.216227665708,0,0.0198117493038606,0,130.216227665708,0.0198117493038606,0.0198117493038606,0.0198117493038606,0.0277236387216602
9.87654480749694,0,-0.0946232449189078,0,9.87654480749694,-0.0946232449189078,-0.0946232449189078,-0.0946232449189078,0.0836731049469832
15.7641037476623,0,0.0452974152246685,0,15.7641037476623,0.0452974152246685,0.0452974152246685,0.0452974152246685,0.0222639606786319
13.2572895170701,0,-0.00547183825283213,0,13.2572895170701,-0.00547183825283213,-0.00547183825283213,-0.00547183825283213,0.0207932850711389
14.6101069409457,0,-0.0361151431713081,0,14.6101069409457,-0.0361151431713081,-0.0361151431713081,-0.0361151431713081,0.0853409147807967
9.82277228593101,0,0.003405640430707,0,9.82277228593101,0.003405640430707,0.003405640430707,0.003405640430707,0.0711265903737062
11.2420027298881,0,-0.0660500012093723,0,11.2420027298881,-0.0660500012093723,-0.0660500012093723,-0.0660500012093723,0.0384705888979592
20.250805971961,0,-0.0722114931141322,0,20.250805971961,-0.0722114931141322,-0.0722114931141322,-0.0722114931141322,0.0558422559374383
28.4056044215739,0,-0.0234835133541325,0,28.4056044215739,-0.0234835133541325,-0.0234835133541325,-0.0234835133541325,0.0460235649191708
9.44659083119766,0,-0.0979355343768668,0,9.44659083119766,-0.0979355343768668,-0.0979355343768668,-0.0979355343768668,0.106984919191722
10.6319539160187,0,0.00587821668928426,0,10.6319539160187,0.00587821668928426,0.00587821668928426,0.00587821668928426,0.0434639030773943
23.722803858762,0,0.00435490338959432,0,23.722803858762,0.00435490338959432,0.00435490338959432,0.00435490338959432,0.0172785731987079
NA,NA,NA,NA,NA,NA,NA,NA,NA
9.30240675050487,0,0.0198716605101052,0,9.30240675050487,0.0198716605101052,0.0198716605101052,0.0198716605101052,0.0714542693242479
6.82559417888738,0,-0.0208488602109932,0,6.82559417888738,-0.0208488602109932,-0.0208488602109932,-0.0208488602109932,0.0626238731585564
7.10118523761685,0,-0.0285278978712163,0,7.10118523761685,-0.0285278978712163,-0.0285278978712163,-0.0285278978712163,0.0595492352872805
8.39406695268219,0,0.0167837864563465,0,8.39406695268219,0.0167837864563465,0.0167837864563465,0.0167837864563465,0.0322473662392579
15.3813680380744,0,-0.0235768509494856,0,15.3813680380744,-0.0235768509494856,-0.0235768509494856,-0.0235768509494856,0.0385600790656454
8.18927423765117,0,0.0659665725964304,0,8.18927423765117,0.0659665725964304,0.0659665725964304,0.0659665725964304,0.0630297284578965
9.567453602661,0,-0.0130573193727359,0,9.567453602661,-0.0130573193727359,-0.0130573193727359,-0.0130573193727359,0.0264340771076804
9.56764954052794,0,-0.00578932875863998,0,9.56764954052794,-0.00578932875863998,-0.00578932875863998,-0.00578932875863998,0.0288617279537588
9.58796747981615,0,0.00725905880614161,0,9.58796747981615,0.00725905880614161,0.00725905880614161,0.00725905880614161,0.0422687684348916
15.1454884083029,0,0.0687427351592194,0,15.1454884083029,0.0687427351592194,0.0687427351592194,0.0687427351592194,0.0334809714396658
9.72468903389732,0,0.0209196079014141,0,9.72468903389732,0.0209196079014141,0.0209196079014141,0.0209196079014141,0.0473210924820652
14.8412385484711,0,0.00805813747067324,0,14.8412385484711,0.00805813747067324,0.00805813747067324,0.00805813747067324,0.0331399934197975
10.6567948708008,0,0.0203455428827325,0,10.6567948708008,0.0203455428827325,0.0203455428827325,0.0203455428827325,0.0367174068081082
12.7697291709358,0,0.00135812282131545,0,12.7697291709358,0.00135812282131545,0.00135812282131545,0.00135812282131545,0.0331331000834964
17.7014293147066,0,0.0234372077444364,0,17.7014293147066,0.0234372077444364,0.0234372077444364,0.0234372077444364,0.0323786122878216
16.016217440795,0,-0.00369944404825601,0,16.016217440795,-0.00369944404825601,-0.00369944404825601,-0.00369944404825601,0.0376637682579198
21.1131806593051,0,-0.056056653152879,0,21.1131806593051,-0.056056653152879,-0.056056653152879,-0.056056653152879,0.033465829508006
12.511562118753,0,0.010653794636591,0,12.511562118753,0.010653794636591,0.010653794636591,0.010653794636591,0.0542734571116003
11.3110693140974,0,0.00982781565554414,0,11.3110693140974,0.00982781565554414,0.00982781565554414,0.00982781565554414,0.0152975413868066
19.3344521561619,0,-0.0178892890128142,0,19.3344521561619,-0.0178892890128142,-0.0178892890128142,-0.0178892890128142,0.0322365626104049
22.4252386829518,0,0.0149224868595611,0,22.4252386829518,0.0149224868595611,0.0149224868595611,0.0149224868595611,0.0125393113695439
12.3654554745313,0,-0.0686880413546458,0,12.3654554745313,-0.0686880413546458,-0.0686880413546458,-0.0686880413546458,0.0513325050706189
19.2556223171704,0,0.0285945738844167,0,19.2556223171704,0.0285945738844167,0.0285945738844167,0.0285945738844167,0.0139726523520546
28.4997237131768,0,0.0332965046822203,0,28.4997237131768,0.0332965046822203,0.0332965046822203,0.0332965046822203,0.0109595446447633
54.7209102152747,0,0.0196726221291343,0,54.7209102152747,0.0196726221291343,0.0196726221291343,0.0196726221291343,0.0109274670854921
6.44620981534856,0,0.014846298512104,0,6.44620981534856,0.014846298512104,0.014846298512104,0.014846298512104,0.0608105741726415
13.7692792179168,0,0.045315959795906,0,13.7692792179168,0.045315959795906,0.045315959795906,0.045315959795906,0.0576659331255503
11.7030101268542,0,0.0664031592294417,0,11.7030101268542,0.0664031592294417,0.0664031592294417,0.0664031592294417,0.0318702419669784
7.36539602284415,0,-0.0247872150245361,0,7.36539602284415,-0.0247872150245361,-0.0247872150245361,-0.0247872150245361,0.114121672795408
7.17535910443418,0,0.0223584830888584,0,7.17535910443418,0.0223584830888584,0.0223584830888584,0.0223584830888584,0.0787357224553916
12.4292894118962,0,0.0421917175883508,0,12.4292894118962,0.0421917175883508,0.0421917175883508,0.0421917175883508,0.0520890612226588
11.8155784180346,0,0.132399483418963,0,11.8155784180346,0.132399483418963,0.132399483418963,0.132399483418963,0.0684128055131695
10.8363107906744,0,-0.028098390818107,0,10.8363107906744,-0.028098390818107,-0.028098390818107,-0.028098390818107,0.071926050301895
11.7003583105711,0,-0.00186774348468509,0,11.7003583105711,-0.00186774348468509,-0.00186774348468509,-0.00186774348468509,0.00589871207554302
14.1717804897526,0,0.027255899623745,0,14.1717804897526,0.027255899623745,0.027255899623745,0.027255899623745,0.0438772018708798
10.4916049522311,0,0.0132463173032987,0,10.4916049522311,0.0132463173032987,0.0132463173032987,0.0132463173032987,0.0267192917518445
17.4700053613048,0,-0.0184802916209333,0,17.4700053613048,-0.0184802916209333,-0.0184802916209333,-0.0184802916209333,0.0310328260487528
22.4190143092695,0,-0.000161199703742028,0,22.4190143092695,-0.000161199703742028,-0.000161199703742028,-0.000161199703742028,0.0167230245622351
23.3384346785706,0,0.0173424537425691,0,23.3384346785706,0.0173424537425691,0.0173424537425691,0.0173424537425691,0.0189266195413323
38.8851950923656,0,-0.0332412043876419,0,38.8851950923656,-0.0332412043876419,-0.0332412043876419,-0.0332412043876419,0.0285556564673136
33.1236118256953,0,-0.00808769374160821,0,33.1236118256953,-0.00808769374160821,-0.00808769374160821,-0.00808769374160821,0.0398141944590775
130.216227665708,0,0.0198117493038606,0,130.216227665708,0.0198117493038606,0.0198117493038606,0.0198117493038606,0.0277236387216602
9.87654480749694,0,-0.0946232449189078,0,9.87654480749694,-0.0946232449189078,-0.0946232449189078,-0.0946232449189078,0.0836731049469832
15.7641037476623,0,0.0452974152246685,0,15.7641037476623,0.0452974152246685,0.0452974152246685,0.0452974152246685,0.0222639606786319
13.2572895170701,0,-0.00547183825283213,0,13.2572895170701,-0.00547183825283213,-0.00547183825283213,-0.00547183825283213,0.0207932850711389
14.6101069409457,0,-0.0361151431713081,0,14.6101069409457,-0.0361151431713081,-0.0361151431713081,-0.0361151431713081,0.0853409147807967
9.82277228593101,0,0.003405640430707,0,9.82277228593101,0.003405640430707,0.003405640430707,0.003405640430707,0.0711265903737062
11.2420027298881,0,-0.0660500012093723,0,11.2420027298881,-0.0660500012093723,-0.0660500012093723,-0.0660500012093723,0.0384705888979592
20.250805971961,0,-0.0722114931141322,0,20.250805971961,-0.0722114931141322,-0.0722114931141322,-0.0722114931141322,0.0558422559374383
28.4056044215739,0,-0.0234835133541325,0,28.4056044215739,-0.0234835133541325,-0.0234835133541325,-0.0234835133541325,0.0460235649191708
9.44659083119766,0,-0.0979355343768668,0,9.44659083119766,-0.0979355343768668,-0.0979355343768668,-0.0979355343768668,0.106984919191722
10.6319539160187,0,0.00587821668928426,0,10.6319539160187,0.00587821668928426,0.00587821668928426,0.00587821668928426,0.0434639030773943
23.722803858762,0,0.00435490338959432,0,23.722803858762,0.00435490338959432,0.00435490338959432,0.00435490338959432,0.0172785731987079
NA,NA,NA,NA,NA,NA,NA,NA,NA
9.30240675050487,0,0.0198716605101052,0,9.30240675050487,0.0198716605101052,0.0198716605101052,0.0198716605101052,0.0714542693242479
6.82559417888738,0,-0.0208488602109932,0,6.82559417888738,-0.0208488602109932,-0.0208488602109932,-0.0208488602109932,0.0626238731585564
7.10118523761685,0,-0.0285278978712163,0,7.10118523761685,-0.0285278978712163,-0.0285278978712163,-0.0285278978712163,0.0595492352872805
8.39406695268219,0,0.0167837864563465,0,8.39406695268219,0.0167837864563465,0.0167837864563465,0.0167837864563465,0.0322473662392579
15.3813680380744,0,-0.0235768509494856,0,15.3813680380744,-0.0235768509494856,-0.0235768509494856,-0.0235768509494856,0.0385600790656454
10.9419857642508,0,-0.0876235523401562,0,10.9419857642508,-0.0876235523401562,-0.0876235523401562,-0.0876235523401562,0.0336377588977628
9.567453602661,0,-0.0130573193727359,0,9.567453602661,-0.0130573193727359,-0.0130573193727359,-0.0130573193727359,0.0264340771076804
9.56764954052794,0,-0.00578932875863998,0,9.56764954052794,-0.00578932875863998,-0.00578932875863998,-0.00578932875863998,0.0288617279537588
9.58796747981615,0,0.00725905880614161,0,9.58796747981615,0.00725905880614161,0.00725905880614161,0.00725905880614161,0.0422687684348916
15.1454884083029,0,0.0687427351592194,0,15.1454884083029,0.0687427351592194,0.0687427351592194,0.0687427351592194,0.0334809714396658
9.72468903389732,0,0.0209196079014141,0,9.72468903389732,0.0209196079014141,0.0209196079014141,0.0209196079014141,0.0473210924820652
14.8412385484711,0,0.00805813747067324,0,14.8412385484711,0.00805813747067324,0.00805813747067324,0.00805813747067324,0.0331399934197975
10.6567948708008,0,0.0203455428827325,0,10.6567948708008,0.0203455428827325,0.0203455428827325,0.0203455428827325,0.0367174068081082
12.7697291709358,0,0.00135812282131545,0,12.7697291709358,0.00135812282131545,0.00135812282131545,0.00135812282131545,0.0331331000834964
17.7014293147066,0,0.0234372077444364,0,17.7014293147066,0.0234372077444364,0.0234372077444364,0.0234372077444364,0.0323786122878216
16.016217440795,0,-0.00369944404825601,0,16.016217440795,-0.00369944404825601,-0.00369944404825601,-0.00369944404825601,0.0376637682579198
21.1131806593051,0,-0.056056653152879,0,21.1131806593051,-0.056056653152879,-0.056056653152879,-0.056056653152879,0.033465829508006
12.511562118753,0,0.010653794636591,0,12.511562118753,0.010653794636591,0.010653794636591,0.010653794636591,0.0542734571116003
11.3110693140974,0,0.00982781565554414,0,11.3110693140974,0.00982781565554414,0.00982781565554414,0.00982781565554414,0.0152975413868066
19.3344521561619,0,-0.0178892890128142,0,19.3344521561619,-0.0178892890128142,-0.0178892890128142,-0.0178892890128142,0.0322365626104049
22.4252386829518,0,0.0149224868595611,0,22.4252386829518,0.0149224868595611,0.0149224868595611,0.0149224868595611,0.0125393113695439
12.3654554745313,0,-0.0686880413546458,0,12.3654554745313,-0.0686880413546458,-0.0686880413546458,-0.0686880413546458,0.0513325050706189
19.2556223171704,0,0.0285945738844167,0,19.2556223171704,0.0285945738844167,0.0285945738844167,0.0285945738844167,0.0139726523520546
28.4997237131768,0,0.0332965046822203,0,28.4997237131768,0.0332965046822203,0.0332965046822203,0.0332965046822203,0.0109595446447633
54.7209102152747,0,0.0196726221291343,0,54.7209102152747,0.0196726221291343,0.0196726221291343,0.0196726221291343,0.0109274670854921
6.44620981534856,0,0.014846298512104,0,6.44620981534856,0.014846298512104,0.014846298512104,0.014846298512104,0.0608105741726415
13.7692792179168,0,0.045315959795906,0,13.7692792179168,0.045315959795906,0.045315959795906,0.045315959795906,0.0576659331255503
11.7030101268542,0,0.0664031592294417,0,11.7030101268542,0.0664031592294417,0.0664031592294417,0.0664031592294417,0.0318702419669784
7.36539602284415,0,-0.0247872150245361,0,7.36539602284415,-0.0247872150245361,-0.0247872150245361,-0.0247872150245361,0.114121672795408
7.17535910443418,0,0.0223584830888584,0,7.17535910443418,0.0223584830888584,0.0223584830888584,0.0223584830888584,0.0787357224553916
12.4292894118962,0,0.0421917175883508,0,12.4292894118962,0.0421917175883508,0.0421917175883508,0.0421917175883508,0.0520890612226588
11.8155784180346,0,0.132399483418963,0,11.8155784180346,0.132399483418963,0.132399483418963,0.132399483418963,0.0684128055131695
10.8363107906744,0,-0.028098390818107,0,10.8363107906744,-0.028098390818107,-0.028098390818107,-0.028098390818107,0.071926050301895
11.7003583105711,0,-0.00186774348468509,0,11.7003583105711,-0.00186774348468509,-0.00186774348468509,-0.00186774348468509,0.00589871207554302
14.1717804897526,0,0.027255899623745,0,14.1717804897526,0.027255899623745,0.027255899623745,0.027255899623745,0.0438772018708798
10.4916049522311,0,0.0132463173032987,0,10.4916049522311,0.0132463173032987,0.0132463173032987,0.0132463173032987,0.0267192917518445
17.4700053613048,0,-0.0184802916209333,0,17.4700053613048,-0.0184802916209333,-0.0184802916209333,-0.0184802916209333,0.0310328260487528
22.4190143092695,0,-0.000161199703742028,0,22.4190143092695,-0.000161199703742028,-0.000161199703742028,-0.000161199703742028,0.0167230245622351
23.3384346785706,0,0.0173424537425691,0,23.3384346785706,0.0173424537425691,0.0173424537425691,0.0173424537425691,0.0189266195413323
38.8851950923656,0,-0.0332412043876419,0,38.8851950923656,-0.0332412043876419,-0.0332412043876419,-0.0332412043876419,0.0285556564673136
33.1236118256953,0,-0.00808769374160821,0,33.1236118256953,-0.00808769374160821,-0.00808769374160821,-0.00808769374160821,0.0398141944590775
130.216227665708,0,0.0198117493038606,0,130.216227665708,0.0198117493038606,0.0198117493038606,0.0198117493038606,0.0277236387216602
9.87654480749694,0,-0.0946232449189078,0,9.87654480749694,-0.0946232449189078,-0.0946232449189078,-0.0946232449189078,0.0836731049469832
15.7641037476623,0,0.0452974152246685,0,15.7641037476623,0.0452974152246685,0.0452974152246685,0.0452974152246685,0.0222639606786319
13.2572895170701,0,-0.00547183825283213,0,13.2572895170701,-0.00547183825283213,-0.00547183825283213,-0.00547183825283213,0.0207932850711389
14.6101069409457,0,-0.0361151431713081,0,14.6101069409457,-0.0361151431713081,-0.0361151431713081,-0.0361151431713081,0.0853409147807967
9.82277228593101,0,0.003405640430707,0,9.82277228593101,0.003405640430707,0.003405640430707,0.003405640430707,0.0711265903737062
11.2420027298881,0,-0.0660500012093723,0,11.2420027298881,-0.0660500012093723,-0.0660500012093723,-0.0660500012093723,0.0384705888979592
20.250805971961,0,-0.0722114931141322,0,20.250805971961,-0.0722114931141322,-0.0722114931141322,-0.0722114931141322,0.0558422559374383
28.4056044215739,0,-0.0234835133541325,0,28.4056044215739,-0.0234835133541325,-0.0234835133541325,-0.0234835133541325,0.0460235649191708
9.44659083119766,0,-0.0979355343768668,0,9.44659083119766,-0.0979355343768668,-0.0979355343768668,-0.0979355343768668,0.106984919191722
10.6319539160187,0,0.00587821668928426,0,10.6319539160187,0.00587821668928426,0.00587821668928426,0.00587821668928426,0.0434639030773943
23.722803858762,0,0.00435490338959432,0,23.722803858762,0.00435490338959432,0.00435490338959432,0.00435490338959432,0.0172785731987079
NA,NA,NA,NA,NA,NA,NA,NA,NA
9.30240675050487,0,0.0198716605101052,0,9.30240675050487,0.0198716605101052,0.0198716605101052,0.0198716605101052,0.0714542693242479
6.82559417888738,0,-0.0208488602109932,0,6.82559417888738,-0.0208488602109932,-0.0208488602109932,-0.0208488602109932,0.0626238731585564
7.10118523761685,0,-0.0285278978712163,0,7.10118523761685,-0.0285278978712163,-0.0285278978712163,-0.0285278978712163,0.0595492352872805
8.39406695268219,0,0.0167837864563465,0,8.39406695268219,0.0167837864563465,0.0167837864563465,0.0167837864563465,0.0322473662392579
15.3813680380744,0,-0.0235768509494856,0,15.3813680380744,-0.0235768509494856,-0.0235768509494856,-0.0235768509494856,0.0385600790656454
10.9419857642508,0,-0.0876235523401562,0,10.9419857642508,-0.0876235523401562,-0.0876235523401562,-0.0876235523401562,0.0336377588977628
9.567453602661,0,-0.0130573193727359,0,9.567453602661,-0.0130573193727359,-0.0130573193727359,-0.0130573193727359,0.0264340771076804
9.56764954052794,0,-0.00578932875863998,0,9.56764954052794,-0.00578932875863998,-0.00578932875863998,-0.00578932875863998,0.0288617279537588
9.58796747981615,0,0.00725905880614161,0,9.58796747981615,0.00725905880614161,0.00725905880614161,0.00725905880614161,0.0422687684348916
15.1454884083029,0,0.0687427351592194,0,15.1454884083029,0.0687427351592194,0.0687427351592194,0.0687427351592194,0.0334809714396658
9.72468903389732,0,0.0209196079014141,0,9.72468903389732,0.0209196079014141,0.0209196079014141,0.0209196079014141,0.0473210924820652
14.8412385484711,0,0.00805813747067324,0,14.8412385484711,0.00805813747067324,0.00805813747067324,0.00805813747067324,0.0331399934197975
10.6567948708008,0,0.0203455428827325,0,10.6567948708008,0.0203455428827325,0.0203455428827325,0.0203455428827325,0.0367174068081082
12.7697291709358,0,0.00135812282131545,0,12.7697291709358,0.00135812282131545,0.00135812282131545,0.00135812282131545,0.0331331000834964
17.7014293147066,0,0.0234372077444364,0,17.7014293147066,0.0234372077444364,0.0234372077444364,0.0234372077444364,0.0323786122878216
16.016217440795,0,-0.00369944404825601,0,16.016217440795,-0.00369944404825601,-0.00369944404825601,-0.00369944404825601,0.0376637682579198
21.1131806593051,0,-0.056056653152879,0,21.1131806593051,-0.056056653152879,-0.056056653152879,-0.056056653152879,0.033465829508006
12.511562118753,0,0.010653794636591,0,12.511562118753,0.010653794636591,0.010653794636591,0.010653794636591,0.0542734571116003
11.3110693140974,0,0.00982781565554414,0,11.3110693140974,0.00982781565554414,0.00982781565554414,0.00982781565554414,0.0152975413868066
19.3344521561619,0,-0.0178892890128142,0,19.3344521561619,-0.0178892890128142,-0.0178892890128142,-0.0178892890128142,0.0322365626104049
22.4252386829518,0,0.0149224868595611,0,22.4252386829518,0.0149224868595611,0.0149224868595611,0.0149224868595611,0.0125393113695439
12.3654554745313,0,-0.0686880413546458,0,12.3654554745313,-0.0686880413546458,-0.0686880413546458,-0.0686880413546458,0.0513325050706189
19.2556223171704,0,0.0285945738844167,0,19.2556223171704,0.0285945738844167,0.0285945738844167,0.0285945738844167,0.0139726523520546
28.4997237131768,0,0.0332965046822203,0,28.4997237131768,0.0332965046822203,0.0332965046822203,0.0332965046822203,0.0109595446447633
54.7209102152747,0,0.0196726221291343,0,54.7209102152747,0.0196726221291343,0.0196726221291343,0.0196726221291343,0.0109274670854921
6.44620981534856,0,0.014846298512104,0,6.44620981534856,0.014846298512104,0.014846298512104,0.014846298512104,0.0608105741726415
13.7692792179168,0,0.045315959795906,0,13.7692792179168,0.045315959795906,0.045315959795906,0.045315959795906,0.0576659331255503
11.7030101268542,0,0.0664031592294417,0,11.7030101268542,0.0664031592294417,0.0664031592294417,0.0664031592294417,0.0318702419669784
7.36539602284415,0,-0.0247872150245361,0,7.36539602284415,-0.0247872150245361,-0.0247872150245361,-0.0247872150245361,0.114121672795408
7.17535910443418,0,0.0223584830888584,0,7.17535910443418,0.0223584830888584,0.0223584830888584,0.0223584830888584,0.0787357224553916
12.4292894118962,0,0.0421917175883508,0,12.4292894118962,0.0421917175883508,0.0421917175883508,0.0421917175883508,0.0520890612226588
11.8155784180346,0,0.132399483418963,0,11.8155784180346,0.132399483418963,0.132399483418963,0.132399483418963,0.0684128055131695
10.8363107906744,0,-0.028098390818107,0,10.8363107906744,-0.028098390818107,-0.028098390818107,-0.028098390818107,0.071926050301895
11.7003583105711,0,-0.00186774348468509,0,11.7003583105711,-0.00186774348468509,-0.00186774348468509,-0.00186774348468509,0.00589871207554302
14.1717804897526,0,0.027255899623745,0,14.1717804897526,0.027255899623745,0.027255899623745,0.027255899623745,0.0438772018708798
10.4916049522311,0,0.0132463173032987,0,10.4916049522311,0.0132463173032987,0.0132463173032987,0.0132463173032987,0.0267192917518445
17.4700053613048,0,-0.0184802916209333,0,17.4700053613048,-0.0184802916209333,-0.0184802916209333,-0.0184802916209333,0.0310328260487528
22.4190143092695,0,-0.000161199703742028,0,22.4190143092695,-0.000161199703742028,-0.000161199703742028,-0.000161199703742028,0.0167230245622351
23.3384346785706,0,0.0173424537425691,0,23.3384346785706,0.0173424537425691,0.0173424537425691,0.0173424537425691,0.0189266195413323
38.8851950923656,0,-0.0332412043876419,0,38.8851950923656,-0.0332412043876419,-0.0332412043876419,-0.0332412043876419,0.0285556564673136
33.1236118256953,0,-0.00808769374160821,0,33.1236118256953,-0.00808769374160821,-0.00808769374160821,-0.00808769374160821,0.0398141944590775
130.216227665708,0,0.0198117493038606,0,130.216227665708,0.0198117493038606,0.0198117493038606,0.0198117493038606,0.0277236387216602
9.87654480749694,0,-0.0946232449189078,0,9.87654480749694,-0.0946232449189078,-0.0946232449189078,-0.0946232449189078,0.0836731049469832
15.7641037476623,0,0.0452974152246685,0,15.7641037476623,0.0452974152246685,0.0452974152246685,0.0452974152246685,0.0222639606786319
13.2572895170701,0,-0.00547183825283213,0,13.2572895170701,-0.00547183825283213,-0.00547183825283213,-0.00547183825283213,0.0207932850711389
14.6101069409457,0,-0.0361151431713081,0,14.6101069409457,-0.0361151431713081,-0.0361151431713081,-0.0361151431713081,0.0853409147807967
9.82277228593101,0,0.003405640430707,0,9.82277228593101,0.003405640430707,0.003405640430707,0.003405640430707,0.0711265903737062
11.2420027298881,0,-0.0660500012093723,0,11.2420027298881,-0.0660500012093723,-0.0660500012093723,-0.0660500012093723,0.0384705888979592
20.250805971961,0,-0.0722114931141322,0,20.250805971961,-0.0722114931141322,-0.0722114931141322,-0.0722114931141322,0.0558422559374383
28.4056044215739,0,-0.0234835133541325,0,28.4056044215739,-0.0234835133541325,-0.0234835133541325,-0.0234835133541325,0.0460235649191708
9.44659083119766,0,-0.0979355343768668,0,9.44659083119766,-0.0979355343768668,-0.0979355343768668,-0.0979355343768668,0.106984919191722
10.6319539160187,0,0.00587821668928426,0,10.6319539160187,0.00587821668928426,0.00587821668928426,0.00587821668928426,0.0434639030773943
23.722803858762,0,0.00435490338959432,0,23.722803858762,0.00435490338959432,0.00435490338959432,0.00435490338959432,0.0172785731987079
NA,NA,NA,NA,NA,NA,NA,NA,NA
9.30240675050487,0,0.0198716605101052,0,9.30240675050487,0.0198716605101052,0.0198716605101052,0.0198716605101052,0.0714542693242479
6.82559417888738,0,-0.0208488602109932,0,6.82559417888738,-0.0208488602109932,-0.0208488602109932,-0.0208488602109932,0.0626238731585564
7.10118523761685,0,-0.0285278978712163,0,7.10118523761685,-0.0285278978712163,-0.0285278978712163,-0.0285278978712163,0.0595492352872805
8.39406695268219,0,0.0167837864563465,0,8.39406695268219,0.0167837864563465,0.0167837864563465,0.0167837864563465,0.0322473662392579
15.3813680380744,0,-0.0235768509494856,0,15.3813680380744,-0.0235768509494856,-0.0235768509494856,-0.0235768509494856,0.0385600790656454
10.9419857642508,0,-0.0876235523401562,0,10.9419857642508,-0.0876235523401562,-0.0876235523401562,-0.0876235523401562,0.0336377588977628
9.567453602661,0,-0.0130573193727359,0,9.567453602661,-0.0130573193727359,-0.0130573193727359,-0.0130573193727359,0.0264340771076804
9.56764954052794,0,-0.00578932875863998,0,9.56764954052794,-0.00578932875863998,-0.00578932875863998,-0.00578932875863998,0.0288617279537588
9.58796747981615,0,0.00725905880614161,0,9.58796747981615,0.00725905880614161,0.00725905880614161,0.00725905880614161,0.0422687684348916
15.1454884083029,0,0.0687427351592194,0,15.1454884083029,0.0687427351592194,0.0687427351592194,0.0687427351592194,0.0334809714396658
9.72468903389732,0,0.0209196079014141,0,9.72468903389732,0.0209196079014141,0.0209196079014141,0.0209196079014141,0.0473210924820652
14.8412385484711,0,0.00805813747067324,0,14.8412385484711,0.00805813747067324,0.00805813747067324,0.00805813747067324,0.0331399934197975
10.6567948708008,0,0.0203455428827325,0,10.6567948708008,0.0203455428827325,0.0203455428827325,0.0203455428827325,0.0367174068081082
12.7697291709358,0,0.00135812282131545,0,12.7697291709358,0.00135812282131545,0.00135812282131545,0.00135812282131545,0.0331331000834964
17.7014293147066,0,0.0234372077444364,0,17.7014293147066,0.0234372077444364,0.0234372077444364,0.0234372077444364,0.0323786122878216
16.016217440795,0,-0.00369944404825601,0,16.016217440795,-0.00369944404825601,-0.00369944404825601,-0.00369944404825601,0.0376637682579198
21.1131806593051,0,-0.056056653152879,0,21.1131806593051,-0.056056653152879,-0.056056653152879,-0.056056653152879,0.033465829508006
12.511562118753,0,0.010653794636591,0,12.511562118753,0.010653794636591,0.010653794636591,0.010653794636591,0.0542734571116003
11.3110693140974,0,0.00982781565554414,0,11.3110693140974,0.00982781565554414,0.00982781565554414,0.00982781565554414,0.0152975413868066
19.3344521561619,0,-0.0178892890128142,0,19.3344521561619,-0.0178892890128142,-0.0178892890128142,-0.0178892890128142,0.0322365626104049
22.4252386829518,0,0.0149224868595611,0,22.4252386829518,0.0149224868595611,0.0149224868595611,0.0149224868595611,0.0125393113695439
12.3654554745313,0,-0.0686880413546458,0,12.3654554745313,-0.0686880413546458,-0.0686880413546458,-0.0686880413546458,0.0513325050706189
19.2556223171704,0,0.0285945738844167,0,19.2556223171704,0.0285945738844167,0.0285945738844167,0.0285945738844167,0.0139726523520546
28.4997237131768,0,0.0332965046822203,0,28.4997237131768,0.0332965046822203,0.0332965046822203,0.0332965046822203,0.0109595446447633
54.7209102152747,0,0.0196726221291343,0,54.7209102152747,0.0196726221291343,0.0196726221291343,0.0196726221291343,0.0109274670854921
6.44620981534856,0,0.014846298512104,0,6.44620981534856,0.014846298512104,0.014846298512104,0.014846298512104,0.0608105741726415
13.7692792179168,0,0.045315959795906,0,13.7692792179168,0.045315959795906,0.045315959795906,0.045315959795906,0.0576659331255503
11.7030101268542,0,0.0664031592294417,0,11.7030101268542,0.0664031592294417,0.0664031592294417,0.0664031592294417,0.0318702419669784
7.36539602284415,0,-0.0247872150245361,0,7.36539602284415,-0.0247872150245361,-0.0247872150245361,-0.0247872150245361,0.114121672795408
7.17535910443418,0,0.0223584830888584,0,7.17535910443418,0.0223584830888584,0.0223584830888584,0.0223584830888584,0.0787357224553916
12.4292894118962,0,0.0421917175883508,0,12.4292894118962,0.0421917175883508,0.0421917175883508,0.0421917175883508,0.0520890612226588
11.8155784180346,0,0.132399483418963,0,11.8155784180346,0.132399483418963,0.132399483418963,0.132399483418963,0.0684128055131695
10.8363107906744,0,-0.028098390818107,0,10.8363107906744,-0.028098390818107,-0.028098390818107,-0.028098390818107,0.071926050301895
11.7003583105711,0,-0.00186774348468509,0,11.7003583105711,-0.00186774348468509,-0.00186774348468509,-0.00186774348468509,0.00589871207554302
14.1717804897526,0,0.027255899623745,0,14.1717804897526,0.027255899623745,0.027255899623745,0.027255899623745,0.0438772018708798
10.4916049522311,0,0.0132463173032987,0,10.4916049522311,0.0132463173032987,0.0132463173032987,0.0132463173032987,0.0267192917518445
17.4700053613048,0,-0.0184802916209333,0,17.4700053613048,-0.0184802916209333,-0.0184802916209333,-0.0184802916209333,0.0310328260487528
22.4190143092695,0,-0.000161199703742028,0,22.4190143092695,-0.000161199703742028,-0.000161199703742028,-0.000161199703742028,0.0167230245622351
23.3384346785706,0,0.0173424537425691,0,23.3384346785706,0.0173424537425691,0.0173424537425691,0.0173424537425691,0.0189266195413323
38.8851950923656,0,-0.0332412043876419,0,38.8851950923656,-0.0332412043876419,-0.0332412043876419,-0.0332412043876419,0.0285556564673136
33.1236118256953,0,-0.00808769374160821,0,33.1236118256953,-0.00808769374160821,-0.00808769374160821,-0.00808769374160821,0.0398141944590775
130.216227665708,0,0.0198117493038606,0,130.216227665708,0.0198117493038606,0.0198117493038606,0.0198117493038606,0.0277236387216602
9.87654480749694,0,-0.0946232449189078,0,9.87654480749694,-0.0946232449189078,-0.0946232449189078,-0.0946232449189078,0.0836731049469832
15.7641037476623,0,0.0452974152246685,0,15.7641037476623,0.0452974152246685,0.0452974152246685,0.0452974152246685,0.0222639606786319
13.2572895170701,0,-0.00547183825283213,0,13.2572895170701,-0.00547183825283213,-0.00547183825283213,-0.00547183825283213,0.0207932850711389
14.6101069409457,0,-0.0361151431713081,0,14.6101069409457,-0.0361151431713081,-0.0361151431713081,-0.0361151431713081,0.0853409147807967
9.82277228593101,0,0.003405640430707,0,9.82277228593101,0.003405640430707,0.003405640430707,0.003405640430707,0.0711265903737062
11.2420027298881,0,-0.0660500012093723,0,11.2420027298881,-0.0660500012093723,-0.0660500012093723,-0.0660500012093723,0.0384705888979592
20.250805971961,0,-0.0722114931141322,0,20.250805971961,-0.0722114931141322,-0.0722114931141322,-0.0722114931141322,0.0558422559374383
28.4056044215739,0,-0.0234835133541325,0,28.4056044215739,-0.0234835133541325,-0.0234835133541325,-0.0234835133541325,0.0460235649191708
9.44659083119766,0,-0.0979355343768668,0,9.44659083119766,-0.0979355343768668,-0.0979355343768668,-0.0979355343768668,0.106984919191722
10.6319539160187,0,0.00587821668928426,0,10.6319539160187,0.00587821668928426,0.00587821668928426,0.00587821668928426,0.0434639030773943
23.722803858762,0,0.00435490338959432,0,23.722803858762,0.00435490338959432,0.00435490338959432,0.00435490338959432,0.0172785731987079
NA,NA,NA,NA,NA,NA,NA,NA,NA
9.30240675050487,0,0.0198716605101052,0,9.30240675050487,0.0198716605101052,0.0198716605101052,0.0198716605101052,0.0714542693242479
6.82559417888738,0,-0.0208488602109932,0,6.82559417888738,-0.0208488602109932,-0.0208488602109932,-0.0208488602109932,0.0626238731585564
7.10118523761685,0,-0.0285278978712163,0,7.10118523761685,-0.0285278978712163,-0.0285278978712163,-0.0285278978712163,0.0595492352872805
8.39406695268219,0,0.0167837864563465,0,8.39406695268219,0.0167837864563465,0.0167837864563465,0.0167837864563465,0.0322473662392579
15.3813680380744,0,-0.0235768509494856,0,15.3813680380744,-0.0235768509494856,-0.0235768509494856,-0.0235768509494856,0.0385600790656454
10.9419857642508,0,-0.0876235523401562,0,10.9419857642508,-0.0876235523401562,-0.0876235523401562,-0.0876235523401562,0.0336377588977628
9.567453602661,0,-0.0130573193727359,0,9.567453602661,-0.0130573193727359,-0.0130573193727359,-0.0130573193727359,0.0264340771076804
9.56764954052794,0,-0.00578932875863998,0,9.56764954052794,-0.00578932875863998,-0.00578932875863998,-0.00578932875863998,0.0288617279537588
9.58796747981615,0,0.00725905880614161,0,9.58796747981615,0.00725905880614161,0.00725905880614161,0.00725905880614161,0.0422687684348916
15.1454884083029,0,0.0687427351592194,0,15.1454884083029,0.0687427351592194,0.0687427351592194,0.0687427351592194,0.0334809714396658
9.72468903389732,0,0.0209196079014141,0,9.72468903389732,0.0209196079014141,0.0209196079014141,0.0209196079014141,0.0473210924820652
14.8412385484711,0,0.00805813747067324,0,14.8412385484711,0.00805813747067324,0.00805813747067324,0.00805813747067324,0.0331399934197975
10.6567948708008,0,0.0203455428827325,0,10.6567948708008,0.0203455428827325,0.0203455428827325,0.0203455428827325,0.0367174068081082
12.7697291709358,0,0.00135812282131545,0,12.7697291709358,0.00135812282131545,0.00135812282131545,0.00135812282131545,0.0331331000834964
17.7014293147066,0,0.0234372077444364,0,17.7014293147066,0.0234372077444364,0.0234372077444364,0.0234372077444364,0.0323786122878216
16.016217440795,0,-0.00369944404825601,0,16.016217440795,-0.00369944404825601,-0.00369944404825601,-0.00369944404825601,0.0376637682579198
21.1131806593051,0,-0.056056653152879,0,21.1131806593051,-0.056056653152879,-0.056056653152879,-0.056056653152879,0.033465829508006
12.511562118753,0,0.010653794636591,0,12.511562118753,0.010653794636591,0.010653794636591,0.010653794636591,0.0542734571116003
11.3110693140974,0,0.00982781565554414,0,11.3110693140974,0.00982781565554414,0.00982781565554414,0.00982781565554414,0.0152975413868066
19.3344521561619,0,-0.0178892890128142,0,19.3344521561619,-0.0178892890128142,-0.0178892890128142,-0.0178892890128142,0.0322365626104049
22.4252386829518,0,0.0149224868595611,0,22.4252386829518,0.0149224868595611,0.0149224868595611,0.0149224868595611,0.0125393113695439
12.3654554745313,0,-0.0686880413546458,0,12.3654554745313,-0.0686880413546458,-0.0686880413546458,-0.0686880413546458,0.0513325050706189
19.2556223171704,0,0.0285945738844167,0,19.2556223171704,0.0285945738844167,0.0285945738844167,0.0285945738844167,0.0139726523520546
33.3795188893743,0,0.0531918815463418,0,33.3795188893743,0.0531918815463418,0.0531918815463418,0.0531918815463418,0.0599363180387264
54.7209102152747,0,0.0196726221291343,0,54.7209102152747,0.0196726221291343,0.0196726221291343,0.0196726221291343,0.0109274670854921
6.44620981534856,0,0.014846298512104,0,6.44620981534856,0.014846298512104,0.014846298512104,0.014846298512104,0.0608105741726415
13.7692792179168,0,0.045315959795906,0,13.7692792179168,0.045315959795906,0.045315959795906,0.045315959795906,0.0576659331255503
11.7030101268542,0,0.0664031592294417,0,11.7030101268542,0.0664031592294417,0.0664031592294417,0.0664031592294417,0.0318702419669784
7.36539602284415,0,-0.0247872150245361,0,7.36539602284415,-0.0247872150245361,-0.0247872150245361,-0.0247872150245361,0.114121672795408
7.17535910443418,0,0.0223584830888584,0,7.17535910443418,0.0223584830888584,0.0223584830888584,0.0223584830888584,0.0787357224553916
12.4292894118962,0,0.0421917175883508,0,12.4292894118962,0.0421917175883508,0.0421917175883508,0.0421917175883508,0.0520890612226588
11.8155784180346,0,0.132399483418963,0,11.8155784180346,0.132399483418963,0.132399483418963,0.132399483418963,0.0684128055131695
10.8363107906744,0,-0.028098390818107,0,10.8363107906744,-0.028098390818107,-0.028098390818107,-0.028098390818107,0.071926050301895
11.7003583105711,0,-0.00186774348468509,0,11.7003583105711,-0.00186774348468509,-0.00186774348468509,-0.00186774348468509,0.00589871207554302
14.1717804897526,0,0.027255899623745,0,14.1717804897526,0.027255899623745,0.027255899623745,0.027255899623745,0.0438772018708798
10.4916049522311,0,0.0132463173032987,0,10.4916049522311,0.0132463173032987,0.0132463173032987,0.0132463173032987,0.0267192917518445
17.4700053613048,0,-0.0184802916209333,0,17.4700053613048,-0.0184802916209333,-0.0184802916209333,-0.0184802916209333,0.0310328260487528
22.4190143092695,0,-0.000161199703742028,0,22.4190143092695,-0.000161199703742028,-0.000161199703742028,-0.000161199703742028,0.0167230245622351
23.3384346785706,0,0.0173424537425691,0,23.3384346785706,0.0173424537425691,0.0173424537425691,0.0173424537425691,0.0189266195413323
38.8851950923656,0,-0.0332412043876419,0,38.8851950923656,-0.0332412043876419,-0.0332412043876419,-0.0332412043876419,0.0285556564673136
33.1236118256953,0,-0.00808769374160821,0,33.1236118256953,-0.00808769374160821,-0.00808769374160821,-0.00808769374160821,0.0398141944590775
130.216227665708,0,0.0198117493038606,0,130.216227665708,0.0198117493038606,0.0198117493038606,0.0198117493038606,0.0277236387216602
9.87654480749694,0,-0.0946232449189078,0,9.87654480749694,-0.0946232449189078,-0.0946232449189078,-0.0946232449189078,0.0836731049469832
15.7641037476623,0,0.0452974152246685,0,15.7641037476623,0.0452974152246685,0.0452974152246685,0.0452974152246685,0.0222639606786319
13.2572895170701,0,-0.00547183825283213,0,13.2572895170701,-0.00547183825283213,-0.00547183825283213,-0.00547183825283213,0.0207932850711389
14.6101069409457,0,-0.0361151431713081,0,14.6101069409457,-0.0361151431713081,-0.0361151431713081,-0.0361151431713081,0.0853409147807967
9.82277228593101,0,0.003405640430707,0,9.82277228593101,0.003405640430707,0.003405640430707,0.003405640430707,0.0711265903737062
11.2420027298881,0,-0.0660500012093723,0,11.2420027298881,-0.0660500012093723,-0.0660500012093723,-0.0660500012093723,0.0384705888979592
20.250805971961,0,-0.0722114931141322,0,20.250805971961,-0.0722114931141322,-0.0722114931141322,-0.0722114931141322,0.0558422559374383
28.4056044215739,0,-0.0234835133541325,0,28.4056044215739,-0.0234835133541325,-0.0234835133541325,-0.0234835133541325,0.0460235649191708
9.44659083119766,0,-0.0979355343768668,0,9.44659083119766,-0.0979355343768668,-0.0979355343768668,-0.0979355343768668,0.106984919191722
10.6319539160187,0,0.00587821668928426,0,10.6319539160187,0.00587821668928426,0.00587821668928426,0.00587821668928426,0.0434639030773943
23.722803858762,0,0.00435490338959432,0,23.722803858762,0.00435490338959432,0.00435490338959432,0.00435490338959432,0.0172785731987079
NA,NA,NA,NA,NA,NA,NA,NA,NA
9.30240675050487,0,0.0198716605101052,0,9.30240675050487,0.0198716605101052,0.0198716605101052,0.0198716605101052,0.0714542693242479
6.82559417888738,0,-0.0208488602109932,0,6.82559417888738,-0.0208488602109932,-0.0208488602109932,-0.0208488602109932,0.0626238731585564
7.10118523761685,0,-0.0285278978712163,0,7.10118523761685,-0.0285278978712163,-0.0285278978712163,-0.0285278978712163,0.0595492352872805
8.39406695268219,0,0.0167837864563465,0,8.39406695268219,0.0167837864563465,0.0167837864563465,0.0167837864563465,0.0322473662392579
15.3813680380744,0,-0.0235768509494856,0,15.3813680380744,-0.0235768509494856,-0.0235768509494856,-0.0235768509494856,0.0385600790656454
10.9419857642508,0,-0.0876235523401562,0,10.9419857642508,-0.0876235523401562,-0.0876235523401562,-0.0876235523401562,0.0336377588977628
9.567453602661,0,-0.0130573193727359,0,9.567453602661,-0.0130573193727359,-0.0130573193727359,-0.0130573193727359,0.0264340771076804
9.56764954052794,0,-0.00578932875863998,0,9.56764954052794,-0.00578932875863998,-0.00578932875863998,-0.00578932875863998,0.0288617279537588
9.58796747981615,0,0.00725905880614161,0,9.58796747981615,0.00725905880614161,0.00725905880614161,0.00725905880614161,0.0422687684348916
15.1454884083029,0,0.0687427351592194,0,15.1454884083029,0.0687427351592194,0.0687427351592194,0.0687427351592194,0.0334809714396658
9.72468903389732,0,0.0209196079014141,0,9.72468903389732,0.0209196079014141,0.0209196079014141,0.0209196079014141,0.0473210924820652
14.8412385484711,0,0.00805813747067324,0,14.8412385484711,0.00805813747067324,0.00805813747067324,0.00805813747067324,0.0331399934197975
10.6567948708008,0,0.0203455428827325,0,10.6567948708008,0.0203455428827325,0.0203455428827325,0.0203455428827325,0.0367174068081082
12.7697291709358,0,0.00135812282131545,0,12.7697291709358,0.00135812282131545,0.00135812282131545,0.00135812282131545,0.0331331000834964
17.7014293147066,0,0.0234372077444364,0,17.7014293147066,0.0234372077444364,0.0234372077444364,0.0234372077444364,0.0323786122878216
16.016217440795,0,-0.00369944404825601,0,16.016217440795,-0.00369944404825601,-0.00369944404825601,-0.00369944404825601,0.0376637682579198
21.1131806593051,0,-0.056056653152879,0,21.1131806593051,-0.056056653152879,-0.056056653152879,-0.056056653152879,0.033465829508006
12.511562118753,0,0.010653794636591,0,12.511562118753,0.010653794636591,0.010653794636591,0.010653794636591,0.0542734571116003
11.3110693140974,0,0.00982781565554414,0,11.3110693140974,0.00982781565554414,0.00982781565554414,0.00982781565554414,0.0152975413868066
19.3344521561619,0,-0.0178892890128142,0,19.3344521561619,-0.0178892890128142,-0.0178892890128142,-0.0178892890128142,0.0322365626104049
22.4252386829518,0,0.0149224868595611,0,22.4252386829518,0.0149224868595611,0.0149224868595611,0.0149224868595611,0.0125393113695439
12.3654554745313,0,-0.0686880413546458,0,12.3654554745313,-0.0686880413546458,-0.0686880413546458,-0.0686880413546458,0.0513325050706189
19.2556223171704,0,0.0285945738844167,0,19.2556223171704,0.0285945738844167,0.0285945738844167,0.0285945738844167,0.0139726523520546
33.3795188893743,0,0.0531918815463418,0,33.3795188893743,0.0531918815463418,0.0531918815463418,0.0531918815463418,0.0599363180387264
54.7209102152747,0,0.0196726221291343,0,54.7209102152747,0.0196726221291343,0.0196726221291343,0.0196726221291343,0.0109274670854921
6.44620981534856,0,0.014846298512104,0,6.44620981534856,0.014846298512104,0.014846298512104,0.014846298512104,0.0608105741726415
13.7692792179168,0,0.045315959795906,0,13.7692792179168,0.045315959795906,0.045315959795906,0.045315959795906,0.0576659331255503
11.7030101268542,0,0.0664031592294417,0,11.7030101268542,0.0664031592294417,0.0664031592294417,0.0664031592294417,0.0318702419669784
7.36539602284415,0,-0.0247872150245361,0,7.36539602284415,-0.0247872150245361,-0.0247872150245361,-0.0247872150245361,0.114121672795408
7.17535910443418,0,0.0223584830888584,0,7.17535910443418,0.0223584830888584,0.0223584830888584,0.0223584830888584,0.0787357224553916
12.4292894118962,0,0.0421917175883508,0,12.4292894118962,0.0421917175883508,0.0421917175883508,0.0421917175883508,0.0520890612226588
11.8155784180346,0,0.132399483418963,0,11.8155784180346,0.132399483418963,0.132399483418963,0.132399483418963,0.0684128055131695
10.8363107906744,0,-0.028098390818107,0,10.8363107906744,-0.028098390818107,-0.028098390818107,-0.028098390818107,0.071926050301895
11.7003583105711,0,-0.00186774348468509,0,11.7003583105711,-0.00186774348468509,-0.00186774348468509,-0.00186774348468509,0.00589871207554302
14.1717804897526,0,0.027255899623745,0,14.1717804897526,0.027255899623745,0.027255899623745,0.027255899623745,0.0438772018708798
10.4916049522311,0,0.0132463173032987,0,10.4916049522311,0.0132463173032987,0.0132463173032987,0.0132463173032987,0.0267192917518445
17.4700053613048,0,-0.0184802916209333,0,17.4700053613048,-0.0184802916209333,-0.0184802916209333,-0.0184802916209333,0.0310328260487528
22.4190143092695,0,-0.000161199703742028,0,22.4190143092695,-0.000161199703742028,-0.000161199703742028,-0.000161199703742028,0.0167230245622351
23.3384346785706,0,0.0173424537425691,0,23.3384346785706,0.0173424537425691,0.0173424537425691,0.0173424537425691,0.0189266195413323
38.8851950923656,0,-0.0332412043876419,0,38.8851950923656,-0.0332412043876419,-0.0332412043876419,-0.0332412043876419,0.0285556564673136
33.1236118256953,0,-0.00808769374160821,0,33.1236118256953,-0.00808769374160821,-0.00808769374160821,-0.00808769374160821,0.0398141944590775
130.216227665708,0,0.0198117493038606,0,130.216227665708,0.0198117493038606,0.0198117493038606,0.0198117493038606,0.0277236387216602
9.87654480749694,0,-0.0946232449189078,0,9.87654480749694,-0.0946232449189078,-0.0946232449189078,-0.0946232449189078,0.0836731049469832
15.7641037476623,0,0.0452974152246685,0,15.7641037476623,0.0452974152246685,0.0452974152246685,0.0452974152246685,0.0222639606786319
13.2572895170701,0,-0.00547183825283213,0,13.2572895170701,-0.00547183825283213,-0.00547183825283213,-0.00547183825283213,0.0207932850711389
14.6101069409457,0,-0.0361151431713081,0,14.6101069409457,-0.0361151431713081,-0.0361151431713081,-0.0361151431713081,0.0853409147807967
9.82277228593101,0,0.003405640430707,0,9.82277228593101,0.003405640430707,0.003405640430707,0.003405640430707,0.0711265903737062
11.2420027298881,0,-0.0660500012093723,0,11.2420027298881,-0.0660500012093723,-0.0660500012093723,-0.0660500012093723,0.0384705888979592
20.250805971961,0,-0.0722114931141322,0,20.250805971961,-0.0722114931141322,-0.0722114931141322,-0.0722114931141322,0.0558422559374383
28.4056044215739,0,-0.0234835133541325,0,28.4056044215739,-0.0234835133541325,-0.0234835133541325,-0.0234835133541325,0.0460235649191708
9.44659083119766,0,-0.0979355343768668,0,9.44659083119766,-0.0979355343768668,-0.0979355343768668,-0.0979355343768668,0.106984919191722
10.6319539160187,0,0.00587821668928426,0,10.6319539160187,0.00587821668928426,0.00587821668928426,0.00587821668928426,0.0434639030773943
23.722803858762,0,0.00435490338959432,0,23.722803858762,0.00435490338959432,0.00435490338959432,0.00435490338959432,0.0172785731987079
NA,NA,NA,NA,NA,NA,NA,NA,NA
9.30240675050487,0,0.0198716605101052,0,9.30240675050487,0.0198716605101052,0.0198716605101052,0.0198716605101052,0.0714542693242479
6.82559417888738,0,-0.0208488602109932,0,6.82559417888738,-0.0208488602109932,-0.0208488602109932,-0.0208488602109932,0.0626238731585564
7.10118523761685,0,-0.0285278978712163,0,7.10118523761685,-0.0285278978712163,-0.0285278978712163,-0.0285278978712163,0.0595492352872805
8.39406695268219,0,0.0167837864563465,0,8.39406695268219,0.0167837864563465,0.0167837864563465,0.0167837864563465,0.0322473662392579
15.3813680380744,0,-0.0235768509494856,0,15.3813680380744,-0.0235768509494856,-0.0235768509494856,-0.0235768509494856,0.0385600790656454
10.9419857642508,0,-0.0876235523401562,0,10.9419857642508,-0.0876235523401562,-0.0876235523401562,-0.0876235523401562,0.0336377588977628
9.567453602661,0,-0.0130573193727359,0,9.567453602661,-0.0130573193727359,-0.0130573193727359,-0.0130573193727359,0.0264340771076804
9.56764954052794,0,-0.00578932875863998,0,9.56764954052794,-0.00578932875863998,-0.00578932875863998,-0.00578932875863998,0.0288617279537588
9.58796747981615,0,0.00725905880614161,0,9.58796747981615,0.00725905880614161,0.00725905880614161,0.00725905880614161,0.0422687684348916
15.1454884083029,0,0.0687427351592194,0,15.1454884083029,0.0687427351592194,0.0687427351592194,0.0687427351592194,0.0334809714396658
9.72468903389732,0,0.0209196079014141,0,9.72468903389732,0.0209196079014141,0.0209196079014141,0.0209196079014141,0.0473210924820652
14.8412385484711,0,0.00805813747067324,0,14.8412385484711,0.00805813747067324,0.00805813747067324,0.00805813747067324,0.0331399934197975
10.6567948708008,0,0.0203455428827325,0,10.6567948708008,0.0203455428827325,0.0203455428827325,0.0203455428827325,0.0367174068081082
12.7697291709358,0,0.00135812282131545,0,12.7697291709358,0.00135812282131545,0.00135812282131545,0.00135812282131545,0.0331331000834964
17.7014293147066,0,0.0234372077444364,0,17.7014293147066,0.0234372077444364,0.0234372077444364,0.0234372077444364,0.0323786122878216
16.016217440795,0,-0.00369944404825601,0,16.016217440795,-0.00369944404825601,-0.00369944404825601,-0.00369944404825601,0.0376637682579198
21.1131806593051,0,-0.056056653152879,0,21.1131806593051,-0.056056653152879,-0.056056653152879,-0.056056653152879,0.033465829508006
12.511562118753,0,0.010653794636591,0,12.511562118753,0.010653794636591,0.010653794636591,0.010653794636591,0.0542734571116003
11.3110693140974,0,0.00982781565554414,0,11.3110693140974,0.00982781565554414,0.00982781565554414,0.00982781565554414,0.0152975413868066
19.3344521561619,0,-0.0178892890128142,0,19.3344521561619,-0.0178892890128142,-0.0178892890128142,-0.0178892890128142,0.0322365626104049
22.4252386829518,0,0.0149224868595611,0,22.4252386829518,0.0149224868595611,0.0149224868595611,0.0149224868595611,0.0125393113695439
12.3654554745313,0,-0.0686880413546458,0,12.3654554745313,-0.0686880413546458,-0.0686880413546458,-0.0686880413546458,0.0513325050706189
19.2556223171704,0,0.0285945738844167,0,19.2556223171704,0.0285945738844167,0.0285945738844167,0.0285945738844167,0.0139726523520546
38.591289819832,0,-0.165045328781403,0,38.591289819832,-0.165045328781403,-0.165045328781403,-0.165045328781403,0.0709996061483967
54.7209102152747,0,0.0196726221291343,0,54.7209102152747,0.0196726221291343,0.0196726221291343,0.0196726221291343,0.0109274670854921
6.44620981534856,0,0.014846298512104,0,6.44620981534856,0.014846298512104,0.014846298512104,0.014846298512104,0.0608105741726415
13.7692792179168,0,0.045315959795906,0,13.7692792179168,0.045315959795906,0.045315959795906,0.045315959795906,0.0576659331255503
11.7030101268542,0,0.0664031592294417,0,11.7030101268542,0.0664031592294417,0.0664031592294417,0.0664031592294417,0.0318702419669784
7.36539602284415,0,-0.0247872150245361,0,7.36539602284415,-0.0247872150245361,-0.0247872150245361,-0.0247872150245361,0.114121672795408
7.17535910443418,0,0.0223584830888584,0,7.17535910443418,0.0223584830888584,0.0223584830888584,0.0223584830888584,0.0787357224553916
12.4292894118962,0,0.0421917175883508,0,12.4292894118962,0.0421917175883508,0.0421917175883508,0.0421917175883508,0.0520890612226588
11.8155784180346,0,0.132399483418963,0,11.8155784180346,0.132399483418963,0.132399483418963,0.132399483418963,0.0684128055131695
10.8363107906744,0,-0.028098390818107,0,10.8363107906744,-0.028098390818107,-0.028098390818107,-0.028098390818107,0.071926050301895
11.7003583105711,0,-0.00186774348468509,0,11.7003583105711,-0.00186774348468509,-0.00186774348468509,-0.00186774348468509,0.00589871207554302
14.1717804897526,0,0.027255899623745,0,14.1717804897526,0.027255899623745,0.027255899623745,0.027255899623745,0.0438772018708798
10.4916049522311,0,0.0132463173032987,0,10.4916049522311,0.0132463173032987,0.0132463173032987,0.0132463173032987,0.0267192917518445
17.4700053613048,0,-0.0184802916209333,0,17.4700053613048,-0.0184802916209333,-0.0184802916209333,-0.0184802916209333,0.0310328260487528
22.4190143092695,0,-0.000161199703742028,0,22.4190143092695,-0.000161199703742028,-0.000161199703742028,-0.000161199703742028,0.0167230245622351
23.3384346785706,0,0.0173424537425691,0,23.3384346785706,0.0173424537425691,0.0173424537425691,0.0173424537425691,0.0189266195413323
38.8851950923656,0,-0.0332412043876419,0,38.8851950923656,-0.0332412043876419,-0.0332412043876419,-0.0332412043876419,0.0285556564673136
33.1236118256953,0,-0.00808769374160821,0,33.1236118256953,-0.00808769374160821,-0.00808769374160821,-0.00808769374160821,0.0398141944590775
130.216227665708,0,0.0198117493038606,0,130.216227665708,0.0198117493038606,0.0198117493038606,0.0198117493038606,0.0277236387216602
9.87654480749694,0,-0.0946232449189078,0,9.87654480749694,-0.0946232449189078,-0.0946232449189078,-0.0946232449189078,0.0836731049469832
15.7641037476623,0,0.0452974152246685,0,15.7641037476623,0.0452974152246685,0.0452974152246685,0.0452974152246685,0.0222639606786319
13.2572895170701,0,-0.00547183825283213,0,13.2572895170701,-0.00547183825283213,-0.00547183825283213,-0.00547183825283213,0.0207932850711389
14.6101069409457,0,-0.0361151431713081,0,14.6101069409457,-0.0361151431713081,-0.0361151431713081,-0.0361151431713081,0.0853409147807967
9.82277228593101,0,0.003405640430707,0,9.82277228593101,0.003405640430707,0.003405640430707,0.003405640430707,0.0711265903737062
11.2420027298881,0,-0.0660500012093723,0,11.2420027298881,-0.0660500012093723,-0.0660500012093723,-0.0660500012093723,0.0384705888979592
20.250805971961,0,-0.0722114931141322,0,20.250805971961,-0.0722114931141322,-0.0722114931141322,-0.0722114931141322,0.0558422559374383
28.4056044215739,0,-0.0234835133541325,0,28.4056044215739,-0.0234835133541325,-0.0234835133541325,-0.0234835133541325,0.0460235649191708
9.44659083119766,0,-0.0979355343768668,0,9.44659083119766,-0.0979355343768668,-0.0979355343768668,-0.0979355343768668,0.106984919191722
10.6319539160187,0,0.00587821668928426,0,10.6319539160187,0.00587821668928426,0.00587821668928426,0.00587821668928426,0.0434639030773943
23.722803858762,0,0.00435490338959432,0,23.722803858762,0.00435490338959432,0.00435490338959432,0.00435490338959432,0.0172785731987079
NA,NA,NA,NA,NA,NA,NA,NA,NA
9.30240675050487,0,0.0198716605101052,0,9.30240675050487,0.0198716605101052,0.0198716605101052,0.0198716605101052,0.0714542693242479
6.82559417888738,0,-0.0208488602109932,0,6.82559417888738,-0.0208488602109932,-0.0208488602109932,-0.0208488602109932,0.0626238731585564
7.10118523761685,0,-0.0285278978712163,0,7.10118523761685,-0.0285278978712163,-0.0285278978712163,-0.0285278978712163,0.0595492352872805
8.39406695268219,0,0.0167837864563465,0,8.39406695268219,0.0167837864563465,0.0167837864563465,0.0167837864563465,0.0322473662392579
15.3813680380744,0,-0.0235768509494856,0,15.3813680380744,-0.0235768509494856,-0.0235768509494856,-0.0235768509494856,0.0385600790656454
10.9419857642508,0,-0.0876235523401562,0,10.9419857642508,-0.0876235523401562,-0.0876235523401562,-0.0876235523401562,0.0336377588977628
9.567453602661,0,-0.0130573193727359,0,9.567453602661,-0.0130573193727359,-0.0130573193727359,-0.0130573193727359,0.0264340771076804
9.56764954052794,0,-0.00578932875863998,0,9.56764954052794,-0.00578932875863998,-0.00578932875863998,-0.00578932875863998,0.0288617279537588
9.58796747981615,0,0.00725905880614161,0,9.58796747981615,0.00725905880614161,0.00725905880614161,0.00725905880614161,0.0422687684348916
15.1454884083029,0,0.0687427351592194,0,15.1454884083029,0.0687427351592194,0.0687427351592194,0.0687427351592194,0.0334809714396658
9.72468903389732,0,0.0209196079014141,0,9.72468903389732,0.0209196079014141,0.0209196079014141,0.0209196079014141,0.0473210924820652
14.8412385484711,0,0.00805813747067324,0,14.8412385484711,0.00805813747067324,0.00805813747067324,0.00805813747067324,0.0331399934197975
10.6567948708008,0,0.0203455428827325,0,10.6567948708008,0.0203455428827325,0.0203455428827325,0.0203455428827325,0.0367174068081082
12.7697291709358,0,0.00135812282131545,0,12.7697291709358,0.00135812282131545,0.00135812282131545,0.00135812282131545,0.0331331000834964
17.7014293147066,0,0.0234372077444364,0,17.7014293147066,0.0234372077444364,0.0234372077444364,0.0234372077444364,0.0323786122878216
16.016217440795,0,-0.00369944404825601,0,16.016217440795,-0.00369944404825601,-0.00369944404825601,-0.00369944404825601,0.0376637682579198
21.1131806593051,0,-0.056056653152879,0,21.1131806593051,-0.056056653152879,-0.056056653152879,-0.056056653152879,0.033465829508006
12.511562118753,0,0.010653794636591,0,12.511562118753,0.010653794636591,0.010653794636591,0.010653794636591,0.0542734571116003
11.3110693140974,0,0.00982781565554414,0,11.3110693140974,0.00982781565554414,0.00982781565554414,0.00982781565554414,0.0152975413868066
19.3344521561619,0,-0.0178892890128142,0,19.3344521561619,-0.0178892890128142,-0.0178892890128142,-0.0178892890128142,0.0322365626104049
22.4252386829518,0,0.0149224868595611,0,22.4252386829518,0.0149224868595611,0.0149224868595611,0.0149224868595611,0.0125393113695439
12.3654554745313,0,-0.0686880413546458,0,12.3654554745313,-0.0686880413546458,-0.0686880413546458,-0.0686880413546458,0.0513325050706189
19.2556223171704,0,0.0285945738844167,0,19.2556223171704,0.0285945738844167,0.0285945738844167,0.0285945738844167,0.0139726523520546
38.591289819832,0,-0.165045328781403,0,38.591289819832,-0.165045328781403,-0.165045328781403,-0.165045328781403,0.0709996061483967
54.7209102152747,0,0.0196726221291343,0,54.7209102152747,0.0196726221291343,0.0196726221291343,0.0196726221291343,0.0109274670854921
6.44620981534856,0,0.014846298512104,0,6.44620981534856,0.014846298512104,0.014846298512104,0.014846298512104,0.0608105741726415
13.7692792179168,0,0.045315959795906,0,13.7692792179168,0.045315959795906,0.045315959795906,0.045315959795906,0.0576659331255503
11.7030101268542,0,0.0664031592294417,0,11.7030101268542,0.0664031592294417,0.0664031592294417,0.0664031592294417,0.0318702419669784
7.36539602284415,0,-0.0247872150245361,0,7.36539602284415,-0.0247872150245361,-0.0247872150245361,-0.0247872150245361,0.114121672795408
7.17535910443418,0,0.0223584830888584,0,7.17535910443418,0.0223584830888584,0.0223584830888584,0.0223584830888584,0.0787357224553916
12.4292894118962,0,0.0421917175883508,0,12.4292894118962,0.0421917175883508,0.0421917175883508,0.0421917175883508,0.0520890612226588
11.8155784180346,0,0.132399483418963,0,11.8155784180346,0.132399483418963,0.132399483418963,0.132399483418963,0.0684128055131695
10.8363107906744,0,-0.028098390818107,0,10.8363107906744,-0.028098390818107,-0.028098390818107,-0.028098390818107,0.071926050301895
11.7003583105711,0,-0.00186774348468509,0,11.7003583105711,-0.00186774348468509,-0.00186774348468509,-0.00186774348468509,0.00589871207554302
14.1717804897526,0,0.027255899623745,0,14.1717804897526,0.027255899623745,0.027255899623745,0.027255899623745,0.0438772018708798
10.4916049522311,0,0.0132463173032987,0,10.4916049522311,0.0132463173032987,0.0132463173032987,0.0132463173032987,0.0267192917518445
17.4700053613048,0,-0.0184802916209333,0,17.4700053613048,-0.0184802916209333,-0.0184802916209333,-0.0184802916209333,0.0310328260487528
22.4190143092695,0,-0.000161199703742028,0,22.4190143092695,-0.000161199703742028,-0.000161199703742028,-0.000161199703742028,0.0167230245622351
23.3384346785706,0,0.0173424537425691,0,23.3384346785706,0.0173424537425691,0.0173424537425691,0.0173424537425691,0.0189266195413323
38.8851950923656,0,-0.0332412043876419,0,38.8851950923656,-0.0332412043876419,-0.0332412043876419,-0.0332412043876419,0.0285556564673136
33.1236118256953,0,-0.00808769374160821,0,33.1236118256953,-0.00808769374160821,-0.00808769374160821,-0.00808769374160821,0.0398141944590775
130.216227665708,0,0.0198117493038606,0,130.216227665708,0.0198117493038606,0.0198117493038606,0.0198117493038606,0.0277236387216602
9.87654480749694,0,-0.0946232449189078,0,9.87654480749694,-0.0946232449189078,-0.0946232449189078,-0.0946232449189078,0.0836731049469832
15.7641037476623,0,0.0452974152246685,0,15.7641037476623,0.0452974152246685,0.0452974152246685,0.0452974152246685,0.0222639606786319
13.2572895170701,0,-0.00547183825283213,0,13.2572895170701,-0.00547183825283213,-0.00547183825283213,-0.00547183825283213,0.0207932850711389
14.6101069409457,0,-0.0361151431713081,0,14.6101069409457,-0.0361151431713081,-0.0361151431713081,-0.0361151431713081,0.0853409147807967
9.82277228593101,0,0.003405640430707,0,9.82277228593101,0.003405640430707,0.003405640430707,0.003405640430707,0.0711265903737062
11.2420027298881,0,-0.0660500012093723,0,11.2420027298881,-0.0660500012093723,-0.0660500012093723,-0.0660500012093723,0.0384705888979592
20.250805971961,0,-0.0722114931141322,0,20.250805971961,-0.0722114931141322,-0.0722114931141322,-0.0722114931141322,0.0558422559374383
28.4056044215739,0,-0.0234835133541325,0,28.4056044215739,-0.0234835133541325,-0.0234835133541325,-0.0234835133541325,0.0460235649191708
9.44659083119766,0,-0.0979355343768668,0,9.44659083119766,-0.0979355343768668,-0.0979355343768668,-0.0979355343768668,0.106984919191722
10.6319539160187,0,0.00587821668928426,0,10.6319539160187,0.00587821668928426,0.00587821668928426,0.00587821668928426,0.0434639030773943
23.722803858762,0,0.00435490338959432,0,23.722803858762,0.00435490338959432,0.00435490338959432,0.00435490338959432,0.0172785731987079
NA,NA,NA,NA,NA,NA,NA,NA,NA
9.30240675050487,0,0.0198716605101052,0,9.30240675050487,0.0198716605101052,0.0198716605101052,0.0198716605101052,0.0714542693242479
6.82559417888738,0,-0.0208488602109932,0,6.82559417888738,-0.0208488602109932,-0.0208488602109932,-0.0208488602109932,0.0626238731585564
7.10118523761685,0,-0.0285278978712163,0,7.10118523761685,-0.0285278978712163,-0.0285278978712163,-0.0285278978712163,0.0595492352872805
8.39406695268219,0,0.0167837864563465,0,8.39406695268219,0.0167837864563465,0.0167837864563465,0.0167837864563465,0.0322473662392579
15.3813680380744,0,-0.0235768509494856,0,15.3813680380744,-0.0235768509494856,-0.0235768509494856,-0.0235768509494856,0.0385600790656454
10.9419857642508,0,-0.0876235523401562,0,10.9419857642508,-0.0876235523401562,-0.0876235523401562,-0.0876235523401562,0.0336377588977628
9.567453602661,0,-0.0130573193727359,0,9.567453602661,-0.0130573193727359,-0.0130573193727359,-0.0130573193727359,0.0264340771076804
9.56764954052794,0,-0.00578932875863998,0,9.56764954052794,-0.00578932875863998,-0.00578932875863998,-0.00578932875863998,0.0288617279537588
9.58796747981615,0,0.00725905880614161,0,9.58796747981615,0.00725905880614161,0.00725905880614161,0.00725905880614161,0.0422687684348916
15.1454884083029,0,0.0687427351592194,0,15.1454884083029,0.0687427351592194,0.0687427351592194,0.0687427351592194,0.0334809714396658
9.72468903389732,0,0.0209196079014141,0,9.72468903389732,0.0209196079014141,0.0209196079014141,0.0209196079014141,0.0473210924820652
14.8412385484711,0,0.00805813747067324,0,14.8412385484711,0.00805813747067324,0.00805813747067324,0.00805813747067324,0.0331399934197975
10.6567948708008,0,0.0203455428827325,0,10.6567948708008,0.0203455428827325,0.0203455428827325,0.0203455428827325,0.0367174068081082
12.7697291709358,0,0.00135812282131545,0,12.7697291709358,0.00135812282131545,0.00135812282131545,0.00135812282131545,0.0331331000834964
17.7014293147066,0,0.0234372077444364,0,17.7014293147066,0.0234372077444364,0.0234372077444364,0.0234372077444364,0.0323786122878216
16.016217440795,0,-0.00369944404825601,0,16.016217440795,-0.00369944404825601,-0.00369944404825601,-0.00369944404825601,0.0376637682579198
21.1131806593051,0,-0.056056653152879,0,21.1131806593051,-0.056056653152879,-0.056056653152879,-0.056056653152879,0.033465829508006
12.511562118753,0,0.010653794636591,0,12.511562118753,0.010653794636591,0.010653794636591,0.010653794636591,0.0542734571116003
11.3110693140974,0,0.00982781565554414,0,11.3110693140974,0.00982781565554414,0.00982781565554414,0.00982781565554414,0.0152975413868066
19.3344521561619,0,-0.0178892890128142,0,19.3344521561619,-0.0178892890128142,-0.0178892890128142,-0.0178892890128142,0.0322365626104049
22.4252386829518,0,0.0149224868595611,0,22.4252386829518,0.0149224868595611,0.0149224868595611,0.0149224868595611,0.0125393113695439
12.3654554745313,0,-0.0686880413546458,0,12.3654554745313,-0.0686880413546458,-0.0686880413546458,-0.0686880413546458,0.0513325050706189
19.2556223171704,0,0.0285945738844167,0,19.2556223171704,0.0285945738844167,0.0285945738844167,0.0285945738844167,0.0139726523520546
38.591289819832,0,-0.165045328781403,0,38.591289819832,-0.165045328781403,-0.165045328781403,-0.165045328781403,0.0709996061483967
54.7209102152747,0,0.0196726221291343,0,54.7209102152747,0.0196726221291343,0.0196726221291343,0.0196726221291343,0.0109274670854921
6.44620981534856,0,0.014846298512104,0,6.44620981534856,0.014846298512104,0.014846298512104,0.014846298512104,0.0608105741726415
13.7692792179168,0,0.045315959795906,0,13.7692792179168,0.045315959795906,0.045315959795906,0.045315959795906,0.0576659331255503
11.7030101268542,0,0.0664031592294417,0,11.7030101268542,0.0664031592294417,0.0664031592294417,0.0664031592294417,0.0318702419669784
7.36539602284415,0,-0.0247872150245361,0,7.36539602284415,-0.0247872150245361,-0.0247872150245361,-0.0247872150245361,0.114121672795408
7.17535910443418,0,0.0223584830888584,0,7.17535910443418,0.0223584830888584,0.0223584830888584,0.0223584830888584,0.0787357224553916
12.4292894118962,0,0.0421917175883508,0,12.4292894118962,0.0421917175883508,0.0421917175883508,0.0421917175883508,0.0520890612226588
11.8155784180346,0,0.132399483418963,0,11.8155784180346,0.132399483418963,0.132399483418963,0.132399483418963,0.0684128055131695
10.8363107906744,0,-0.028098390818107,0,10.8363107906744,-0.028098390818107,-0.028098390818107,-0.028098390818107,0.071926050301895
11.7003583105711,0,-0.00186774348468509,0,11.7003583105711,-0.00186774348468509,-0.00186774348468509,-0.00186774348468509,0.00589871207554302
14.1717804897526,0,0.027255899623745,0,14.1717804897526,0.027255899623745,0.027255899623745,0.027255899623745,0.0438772018708798
10.4916049522311,0,0.0132463173032987,0,10.4916049522311,0.0132463173032987,0.0132463173032987,0.0132463173032987,0.0267192917518445
17.4700053613048,0,-0.0184802916209333,0,17.4700053613048,-0.0184802916209333,-0.0184802916209333,-0.0184802916209333,0.0310328260487528
22.4190143092695,0,-0.000161199703742028,0,22.4190143092695,-0.000161199703742028,-0.000161199703742028,-0.000161199703742028,0.0167230245622351
23.3384346785706,0,0.0173424537425691,0,23.3384346785706,0.0173424537425691,0.0173424537425691,0.0173424537425691,0.0189266195413323
38.8851950923656,0,-0.0332412043876419,0,38.8851950923656,-0.0332412043876419,-0.0332412043876419,-0.0332412043876419,0.0285556564673136
33.1236118256953,0,-0.00808769374160821,0,33.1236118256953,-0.00808769374160821,-0.00808769374160821,-0.00808769374160821,0.0398141944590775
130.216227665708,0,0.0198117493038606,0,130.216227665708,0.0198117493038606,0.0198117493038606,0.0198117493038606,0.0277236387216602
9.87654480749694,0,-0.0946232449189078,0,9.87654480749694,-0.0946232449189078,-0.0946232449189078,-0.0946232449189078,0.0836731049469832
15.7641037476623,0,0.0452974152246685,0,15.7641037476623,0.0452974152246685,0.0452974152246685,0.0452974152246685,0.0222639606786319
13.2572895170701,0,-0.00547183825283213,0,13.2572895170701,-0.00547183825283213,-0.00547183825283213,-0.00547183825283213,0.0207932850711389
14.6101069409457,0,-0.0361151431713081,0,14.6101069409457,-0.0361151431713081,-0.0361151431713081,-0.0361151431713081,0.0853409147807967
9.82277228593101,0,0.003405640430707,0,9.82277228593101,0.003405640430707,0.003405640430707,0.003405640430707,0.0711265903737062
11.2420027298881,0,-0.0660500012093723,0,11.2420027298881,-0.0660500012093723,-0.0660500012093723,-0.0660500012093723,0.0384705888979592
20.250805971961,0,-0.0722114931141322,0,20.250805971961,-0.0722114931141322,-0.0722114931141322,-0.0722114931141322,0.0558422559374383
28.4056044215739,0,-0.0234835133541325,0,28.4056044215739,-0.0234835133541325,-0.0234835133541325,-0.0234835133541325,0.0460235649191708
9.44659083119766,0,-0.0979355343768668,0,9.44659083119766,-0.0979355343768668,-0.0979355343768668,-0.0979355343768668,0.106984919191722
10.6319539160187,0,0.00587821668928426,0,10.6319539160187,0.00587821668928426,0.00587821668928426,0.00587821668928426,0.0434639030773943
23.722803858762,0,0.00435490338959432,0,23.722803858762,0.00435490338959432,0.00435490338959432,0.00435490338959432,0.0172785731987079
NA,NA,NA,NA,NA,NA,NA,NA,NA
9.30240675050487,0,0.0198716605101052,0,9.30240675050487,0.0198716605101052,0.0198716605101052,0.0198716605101052,0.0714542693242479
6.82559417888738,0,-0.0208488602109932,0,6.82559417888738,-0.0208488602109932,-0.0208488602109932,-0.0208488602109932,0.0626238731585564
7.10118523761685,0,-0.0285278978712163,0,7.10118523761685,-0.0285278978712163,-0.0285278978712163,-0.0285278978712163,0.0595492352872805
8.39406695268219,0,0.0167837864563465,0,8.39406695268219,0.0167837864563465,0.0167837864563465,0.0167837864563465,0.0322473662392579
15.3813680380744,0,-0.0235768509494856,0,15.3813680380744,-0.0235768509494856,-0.0235768509494856,-0.0235768509494856,0.0385600790656454
10.9419857642508,0,-0.0876235523401562,0,10.9419857642508,-0.0876235523401562,-0.0876235523401562,-0.0876235523401562,0.0336377588977628
9.567453602661,0,-0.0130573193727359,0,9.567453602661,-0.0130573193727359,-0.0130573193727359,-0.0130573193727359,0.0264340771076804
9.56764954052794,0,-0.00578932875863998,0,9.56764954052794,-0.00578932875863998,-0.00578932875863998,-0.00578932875863998,0.0288617279537588
9.58796747981615,0,0.00725905880614161,0,9.58796747981615,0.00725905880614161,0.00725905880614161,0.00725905880614161,0.0422687684348916
15.1454884083029,0,0.0687427351592194,0,15.1454884083029,0.0687427351592194,0.0687427351592194,0.0687427351592194,0.0334809714396658
9.72468903389732,0,0.0209196079014141,0,9.72468903389732,0.0209196079014141,0.0209196079014141,0.0209196079014141,0.0473210924820652
14.8412385484711,0,0.00805813747067324,0,14.8412385484711,0.00805813747067324,0.00805813747067324,0.00805813747067324,0.0331399934197975
10.6567948708008,0,0.0203455428827325,0,10.6567948708008,0.0203455428827325,0.0203455428827325,0.0203455428827325,0.0367174068081082
12.7697291709358,0,0.00135812282131545,0,12.7697291709358,0.00135812282131545,0.00135812282131545,0.00135812282131545,0.0331331000834964
17.7014293147066,0,0.0234372077444364,0,17.7014293147066,0.0234372077444364,0.0234372077444364,0.0234372077444364,0.0323786122878216
16.016217440795,0,-0.00369944404825601,0,16.016217440795,-0.00369944404825601,-0.00369944404825601,-0.00369944404825601,0.0376637682579198
21.1131806593051,0,-0.056056653152879,0,21.1131806593051,-0.056056653152879,-0.056056653152879,-0.056056653152879,0.033465829508006
12.511562118753,0,0.010653794636591,0,12.511562118753,0.010653794636591,0.010653794636591,0.010653794636591,0.0542734571116003
11.3110693140974,0,0.00982781565554414,0,11.3110693140974,0.00982781565554414,0.00982781565554414,0.00982781565554414,0.0152975413868066
19.3344521561619,0,-0.0178892890128142,0,19.3344521561619,-0.0178892890128142,-0.0178892890128142,-0.0178892890128142,0.0322365626104049
22.4252386829518,0,0.0149224868595611,0,22.4252386829518,0.0149224868595611,0.0149224868595611,0.0149224868595611,0.0125393113695439
12.3654554745313,0,-0.0686880413546458,0,12.3654554745313,-0.0686880413546458,-0.0686880413546458,-0.0686880413546458,0.0513325050706189
19.2556223171704,0,0.0285945738844167,0,19.2556223171704,0.0285945738844167,0.0285945738844167,0.0285945738844167,0.0139726523520546
38.591289819832,0,-0.165045328781403,0,38.591289819832,-0.165045328781403,-0.165045328781403,-0.165045328781403,0.0709996061483967
54.7209102152747,0,0.0196726221291343,0,54.7209102152747,0.0196726221291343,0.0196726221291343,0.0196726221291343,0.0109274670854921
6.44620981534856,0,0.014846298512104,0,6.44620981534856,0.014846298512104,0.014846298512104,0.014846298512104,0.0608105741726415
13.7692792179168,0,0.045315959795906,0,13.7692792179168,0.045315959795906,0.045315959795906,0.045315959795906,0.0576659331255503
11.7030101268542,0,0.0664031592294417,0,11.7030101268542,0.0664031592294417,0.0664031592294417,0.0664031592294417,0.0318702419669784
7.36539602284415,0,-0.0247872150245361,0,7.36539602284415,-0.0247872150245361,-0.0247872150245361,-0.0247872150245361,0.114121672795408
7.17535910443418,0,0.0223584830888584,0,7.17535910443418,0.0223584830888584,0.0223584830888584,0.0223584830888584,0.0787357224553916
12.4292894118962,0,0.0421917175883508,0,12.4292894118962,0.0421917175883508,0.0421917175883508,0.0421917175883508,0.0520890612226588
11.8155784180346,0,0.132399483418963,0,11.8155784180346,0.132399483418963,0.132399483418963,0.132399483418963,0.0684128055131695
10.8363107906744,0,-0.028098390818107,0,10.8363107906744,-0.028098390818107,-0.028098390818107,-0.028098390818107,0.071926050301895
11.7003583105711,0,-0.00186774348468509,0,11.7003583105711,-0.00186774348468509,-0.00186774348468509,-0.00186774348468509,0.00589871207554302
14.1717804897526,0,0.027255899623745,0,14.1717804897526,0.027255899623745,0.027255899623745,0.027255899623745,0.0438772018708798
10.4916049522311,0,0.0132463173032987,0,10.4916049522311,0.0132463173032987,0.0132463173032987,0.0132463173032987,0.0267192917518445
17.4700053613048,0,-0.0184802916209333,0,17.4700053613048,-0.0184802916209333,-0.0184802916209333,-0.0184802916209333,0.0310328260487528
22.4190143092695,0,-0.000161199703742028,0,22.4190143092695,-0.000161199703742028,-0.000161199703742028,-0.000161199703742028,0.0167230245622351
23.3384346785706,0,0.0173424537425691,0,23.3384346785706,0.0173424537425691,0.0173424537425691,0.0173424537425691,0.0189266195413323
38.8851950923656,0,-0.0332412043876419,0,38.8851950923656,-0.0332412043876419,-0.0332412043876419,-0.0332412043876419,0.0285556564673136
33.1236118256953,0,-0.00808769374160821,0,33.1236118256953,-0.00808769374160821,-0.00808769374160821,-0.00808769374160821,0.0398141944590775
130.216227665708,0,0.0198117493038606,0,130.216227665708,0.0198117493038606,0.0198117493038606,0.0198117493038606,0.0277236387216602
9.87654480749694,0,-0.0946232449189078,0,9.87654480749694,-0.0946232449189078,-0.0946232449189078,-0.0946232449189078,0.0836731049469832
15.7641037476623,0,0.0452974152246685,0,15.7641037476623,0.0452974152246685,0.0452974152246685,0.0452974152246685,0.0222639606786319
13.2572895170701,0,-0.00547183825283213,0,13.2572895170701,-0.00547183825283213,-0.00547183825283213,-0.00547183825283213,0.0207932850711389
14.6101069409457,0,-0.0361151431713081,0,14.6101069409457,-0.0361151431713081,-0.0361151431713081,-0.0361151431713081,0.0853409147807967
9.82277228593101,0,0.003405640430707,0,9.82277228593101,0.003405640430707,0.003405640430707,0.003405640430707,0.0711265903737062
11.2420027298881,0,-0.0660500012093723,0,11.2420027298881,-0.0660500012093723,-0.0660500012093723,-0.0660500012093723,0.0384705888979592
20.250805971961,0,-0.0722114931141322,0,20.250805971961,-0.0722114931141322,-0.0722114931141322,-0.0722114931141322,0.0558422559374383
28.4056044215739,0,-0.0234835133541325,0,28.4056044215739,-0.0234835133541325,-0.0234835133541325,-0.0234835133541325,0.0460235649191708
9.44659083119766,0,-0.0979355343768668,0,9.44659083119766,-0.0979355343768668,-0.0979355343768668,-0.0979355343768668,0.106984919191722
10.6319539160187,0,0.00587821668928426,0,10.6319539160187,0.00587821668928426,0.00587821668928426,0.00587821668928426,0.0434639030773943
23.722803858762,0,0.00435490338959432,0,23.722803858762,0.00435490338959432,0.00435490338959432,0.00435490338959432,0.0172785731987079
NA,NA,NA,NA,NA,NA,NA,NA,NA
9.30240675050487,0,0.0198716605101052,0,9.30240675050487,0.0198716605101052,0.0198716605101052,0.0198716605101052,0.0714542693242479
6.82559417888738,0,-0.0208488602109932,0,6.82559417888738,-0.0208488602109932,-0.0208488602109932,-0.0208488602109932,0.0626238731585564
7.10118523761685,0,-0.0285278978712163,0,7.10118523761685,-0.0285278978712163,-0.0285278978712163,-0.0285278978712163,0.0595492352872805
8.39406695268219,0,0.0167837864563465,0,8.39406695268219,0.0167837864563465,0.0167837864563465,0.0167837864563465,0.0322473662392579
15.3813680380744,0,-0.0235768509494856,0,15.3813680380744,-0.0235768509494856,-0.0235768509494856,-0.0235768509494856,0.0385600790656454
10.9419857642508,0,-0.0876235523401562,0,10.9419857642508,-0.0876235523401562,-0.0876235523401562,-0.0876235523401562,0.0336377588977628
9.567453602661,0,-0.0130573193727359,0,9.567453602661,-0.0130573193727359,-0.0130573193727359,-0.0130573193727359,0.0264340771076804
9.56764954052794,0,-0.00578932875863998,0,9.56764954052794,-0.00578932875863998,-0.00578932875863998,-0.00578932875863998,0.0288617279537588
9.58796747981615,0,0.00725905880614161,0,9.58796747981615,0.00725905880614161,0.00725905880614161,0.00725905880614161,0.0422687684348916
15.1454884083029,0,0.0687427351592194,0,15.1454884083029,0.0687427351592194,0.0687427351592194,0.0687427351592194,0.0334809714396658
9.72468903389732,0,0.0209196079014141,0,9.72468903389732,0.0209196079014141,0.0209196079014141,0.0209196079014141,0.0473210924820652
14.8412385484711,0,0.00805813747067324,0,14.8412385484711,0.00805813747067324,0.00805813747067324,0.00805813747067324,0.0331399934197975
10.6567948708008,0,0.0203455428827325,0,10.6567948708008,0.0203455428827325,0.0203455428827325,0.0203455428827325,0.0367174068081082
12.7697291709358,0,0.00135812282131545,0,12.7697291709358,0.00135812282131545,0.00135812282131545,0.00135812282131545,0.0331331000834964
17.7014293147066,0,0.0234372077444364,0,17.7014293147066,0.0234372077444364,0.0234372077444364,0.0234372077444364,0.0323786122878216
16.016217440795,0,-0.00369944404825601,0,16.016217440795,-0.00369944404825601,-0.00369944404825601,-0.00369944404825601,0.0376637682579198
21.1131806593051,0,-0.056056653152879,0,21.1131806593051,-0.056056653152879,-0.056056653152879,-0.056056653152879,0.033465829508006
12.511562118753,0,0.010653794636591,0,12.511562118753,0.010653794636591,0.010653794636591,0.010653794636591,0.0542734571116003
11.3110693140974,0,0.00982781565554414,0,11.3110693140974,0.00982781565554414,0.00982781565554414,0.00982781565554414,0.0152975413868066
19.3344521561619,0,-0.0178892890128142,0,19.3344521561619,-0.0178892890128142,-0.0178892890128142,-0.0178892890128142,0.0322365626104049
22.4252386829518,0,0.0149224868595611,0,22.4252386829518,0.0149224868595611,0.0149224868595611,0.0149224868595611,0.0125393113695439
12.3654554745313,0,-0.0686880413546458,0,12.3654554745313,-0.0686880413546458,-0.0686880413546458,-0.0686880413546458,0.0513325050706189
19.2556223171704,0,0.0285945738844167,0,19.2556223171704,0.0285945738844167,0.0285945738844167,0.0285945738844167,0.0139726523520546
38.591289819832,0,-0.165045328781403,0,38.591289819832,-0.165045328781403,-0.165045328781403,-0.165045328781403,0.0709996061483967
54.7209102152747,0,0.0196726221291343,0,54.7209102152747,0.0196726221291343,0.0196726221291343,0.0196726221291343,0.0109274670854921
6.44620981534856,0,0.014846298512104,0,6.44620981534856,0.014846298512104,0.014846298512104,0.014846298512104,0.0608105741726415
13.7692792179168,0,0.045315959795906,0,13.7692792179168,0.045315959795906,0.045315959795906,0.045315959795906,0.0576659331255503
11.7030101268542,0,0.0664031592294417,0,11.7030101268542,0.0664031592294417,0.0664031592294417,0.0664031592294417,0.0318702419669784
7.36539602284415,0,-0.0247872150245361,0,7.36539602284415,-0.0247872150245361,-0.0247872150245361,-0.0247872150245361,0.114121672795408
7.17535910443418,0,0.0223584830888584,0,7.17535910443418,0.0223584830888584,0.0223584830888584,0.0223584830888584,0.0787357224553916
10.2795400430588,0,-0.0197343725876436,0,10.2795400430588,-0.0197343725876436,-0.0197343725876436,-0.0197343725876436,0.0623990846503716
11.8155784180346,0,0.132399483418963,0,11.8155784180346,0.132399483418963,0.132399483418963,0.132399483418963,0.0684128055131695
10.8363107906744,0,-0.028098390818107,0,10.8363107906744,-0.028098390818107,-0.028098390818107,-0.028098390818107,0.071926050301895
11.7003583105711,0,-0.00186774348468509,0,11.7003583105711,-0.00186774348468509,-0.00186774348468509,-0.00186774348468509,0.00589871207554302
14.1717804897526,0,0.027255899623745,0,14.1717804897526,0.027255899623745,0.027255899623745,0.027255899623745,0.0438772018708798
10.4916049522311,0,0.0132463173032987,0,10.4916049522311,0.0132463173032987,0.0132463173032987,0.0132463173032987,0.0267192917518445
17.4700053613048,0,-0.0184802916209333,0,17.4700053613048,-0.0184802916209333,-0.0184802916209333,-0.0184802916209333,0.0310328260487528
22.4190143092695,0,-0.000161199703742028,0,22.4190143092695,-0.000161199703742028,-0.000161199703742028,-0.000161199703742028,0.0167230245622351
23.3384346785706,0,0.0173424537425691,0,23.3384346785706,0.0173424537425691,0.0173424537425691,0.0173424537425691,0.0189266195413323
38.8851950923656,0,-0.0332412043876419,0,38.8851950923656,-0.0332412043876419,-0.0332412043876419,-0.0332412043876419,0.0285556564673136
33.1236118256953,0,-0.00808769374160821,0,33.1236118256953,-0.00808769374160821,-0.00808769374160821,-0.00808769374160821,0.0398141944590775
130.216227665708,0,0.0198117493038606,0,130.216227665708,0.0198117493038606,0.0198117493038606,0.0198117493038606,0.0277236387216602
9.87654480749694,0,-0.0946232449189078,0,9.87654480749694,-0.0946232449189078,-0.0946232449189078,-0.0946232449189078,0.0836731049469832
15.7641037476623,0,0.0452974152246685,0,15.7641037476623,0.0452974152246685,0.0452974152246685,0.0452974152246685,0.0222639606786319
13.2572895170701,0,-0.00547183825283213,0,13.2572895170701,-0.00547183825283213,-0.00547183825283213,-0.00547183825283213,0.0207932850711389
14.6101069409457,0,-0.0361151431713081,0,14.6101069409457,-0.0361151431713081,-0.0361151431713081,-0.0361151431713081,0.0853409147807967
9.82277228593101,0,0.003405640430707,0,9.82277228593101,0.003405640430707,0.003405640430707,0.003405640430707,0.0711265903737062
11.2420027298881,0,-0.0660500012093723,0,11.2420027298881,-0.0660500012093723,-0.0660500012093723,-0.0660500012093723,0.0384705888979592
20.250805971961,0,-0.0722114931141322,0,20.250805971961,-0.0722114931141322,-0.0722114931141322,-0.0722114931141322,0.0558422559374383
28.4056044215739,0,-0.0234835133541325,0,28.4056044215739,-0.0234835133541325,-0.0234835133541325,-0.0234835133541325,0.0460235649191708
9.44659083119766,0,-0.0979355343768668,0,9.44659083119766,-0.0979355343768668,-0.0979355343768668,-0.0979355343768668,0.106984919191722
10.6319539160187,0,0.00587821668928426,0,10.6319539160187,0.00587821668928426,0.00587821668928426,0.00587821668928426,0.0434639030773943
23.722803858762,0,0.00435490338959432,0,23.722803858762,0.00435490338959432,0.00435490338959432,0.00435490338959432,0.0172785731987079
NA,NA,NA,NA,NA,NA,NA,NA,NA
9.30240675050487,0,0.0198716605101052,0,9.30240675050487,0.0198716605101052,0.0198716605101052,0.0198716605101052,0.0714542693242479
6.82559417888738,0,-0.0208488602109932,0,6.82559417888738,-0.0208488602109932,-0.0208488602109932,-0.0208488602109932,0.0626238731585564
7.10118523761685,0,-0.0285278978712163,0,7.10118523761685,-0.0285278978712163,-0.0285278978712163,-0.0285278978712163,0.0595492352872805
8.39406695268219,0,0.0167837864563465,0,8.39406695268219,0.0167837864563465,0.0167837864563465,0.0167837864563465,0.0322473662392579
15.3813680380744,0,-0.0235768509494856,0,15.3813680380744,-0.0235768509494856,-0.0235768509494856,-0.0235768509494856,0.0385600790656454
10.9419857642508,0,-0.0876235523401562,0,10.9419857642508,-0.0876235523401562,-0.0876235523401562,-0.0876235523401562,0.0336377588977628
9.567453602661,0,-0.0130573193727359,0,9.567453602661,-0.0130573193727359,-0.0130573193727359,-0.0130573193727359,0.0264340771076804
9.56764954052794,0,-0.00578932875863998,0,9.56764954052794,-0.00578932875863998,-0.00578932875863998,-0.00578932875863998,0.0288617279537588
9.58796747981615,0,0.00725905880614161,0,9.58796747981615,0.00725905880614161,0.00725905880614161,0.00725905880614161,0.0422687684348916
15.1454884083029,0,0.0687427351592194,0,15.1454884083029,0.0687427351592194,0.0687427351592194,0.0687427351592194,0.0334809714396658
9.72468903389732,0,0.0209196079014141,0,9.72468903389732,0.0209196079014141,0.0209196079014141,0.0209196079014141,0.0473210924820652
14.8412385484711,0,0.00805813747067324,0,14.8412385484711,0.00805813747067324,0.00805813747067324,0.00805813747067324,0.0331399934197975
10.6567948708008,0,0.0203455428827325,0,10.6567948708008,0.0203455428827325,0.0203455428827325,0.0203455428827325,0.0367174068081082
12.7697291709358,0,0.00135812282131545,0,12.7697291709358,0.00135812282131545,0.00135812282131545,0.00135812282131545,0.0331331000834964
17.7014293147066,0,0.0234372077444364,0,17.7014293147066,0.0234372077444364,0.0234372077444364,0.0234372077444364,0.0323786122878216
16.016217440795,0,-0.00369944404825601,0,16.016217440795,-0.00369944404825601,-0.00369944404825601,-0.00369944404825601,0.0376637682579198
21.1131806593051,0,-0.056056653152879,0,21.1131806593051,-0.056056653152879,-0.056056653152879,-0.056056653152879,0.033465829508006
12.511562118753,0,0.010653794636591,0,12.511562118753,0.010653794636591,0.010653794636591,0.010653794636591,0.0542734571116003
11.3110693140974,0,0.00982781565554414,0,11.3110693140974,0.00982781565554414,0.00982781565554414,0.00982781565554414,0.0152975413868066
19.3344521561619,0,-0.0178892890128142,0,19.3344521561619,-0.0178892890128142,-0.0178892890128142,-0.0178892890128142,0.0322365626104049
22.4252386829518,0,0.0149224868595611,0,22.4252386829518,0.0149224868595611,0.0149224868595611,0.0149224868595611,0.0125393113695439
12.3654554745313,0,-0.0686880413546458,0,12.3654554745313,-0.0686880413546458,-0.0686880413546458,-0.0686880413546458,0.0513325050706189
19.2556223171704,0,0.0285945738844167,0,19.2556223171704,0.0285945738844167,0.0285945738844167,0.0285945738844167,0.0139726523520546
38.591289819832,0,-0.165045328781403,0,38.591289819832,-0.165045328781403,-0.165045328781403,-0.165045328781403,0.0709996061483967
54.7209102152747,0,0.0196726221291343,0,54.7209102152747,0.0196726221291343,0.0196726221291343,0.0196726221291343,0.0109274670854921
6.44620981534856,0,0.014846298512104,0,6.44620981534856,0.014846298512104,0.014846298512104,0.014846298512104,0.0608105741726415
13.7692792179168,0,0.045315959795906,0,13.7692792179168,0.045315959795906,0.045315959795906,0.045315959795906,0.0576659331255503
11.7030101268542,0,0.0664031592294417,0,11.7030101268542,0.0664031592294417,0.0664031592294417,0.0664031592294417,0.0318702419669784
7.36539602284415,0,-0.0247872150245361,0,7.36539602284415,-0.0247872150245361,-0.0247872150245361,-0.0247872150245361,0.114121672795408
7.17535910443418,0,0.0223584830888584,0,7.17535910443418,0.0223584830888584,0.0223584830888584,0.0223584830888584,0.0787357224553916
10.2795400430588,0,-0.0197343725876436,0,10.2795400430588,-0.0197343725876436,-0.0197343725876436,-0.0197343725876436,0.0623990846503716
11.8155784180346,0,0.132399483418963,0,11.8155784180346,0.132399483418963,0.132399483418963,0.132399483418963,0.0684128055131695
10.8363107906744,0,-0.028098390818107,0,10.8363107906744,-0.028098390818107,-0.028098390818107,-0.028098390818107,0.071926050301895
11.7003583105711,0,-0.00186774348468509,0,11.7003583105711,-0.00186774348468509,-0.00186774348468509,-0.00186774348468509,0.00589871207554302
14.1717804897526,0,0.027255899623745,0,14.1717804897526,0.027255899623745,0.027255899623745,0.027255899623745,0.0438772018708798
10.4916049522311,0,0.0132463173032987,0,10.4916049522311,0.0132463173032987,0.0132463173032987,0.0132463173032987,0.0267192917518445
17.4700053613048,0,-0.0184802916209333,0,17.4700053613048,-0.0184802916209333,-0.0184802916209333,-0.0184802916209333,0.0310328260487528
22.4190143092695,0,-0.000161199703742028,0,22.4190143092695,-0.000161199703742028,-0.000161199703742028,-0.000161199703742028,0.0167230245622351
23.3384346785706,0,0.0173424537425691,0,23.3384346785706,0.0173424537425691,0.0173424537425691,0.0173424537425691,0.0189266195413323
38.8851950923656,0,-0.0332412043876419,0,38.8851950923656,-0.0332412043876419,-0.0332412043876419,-0.0332412043876419,0.0285556564673136
33.1236118256953,0,-0.00808769374160821,0,33.1236118256953,-0.00808769374160821,-0.00808769374160821,-0.00808769374160821,0.0398141944590775
130.216227665708,0,0.0198117493038606,0,130.216227665708,0.0198117493038606,0.0198117493038606,0.0198117493038606,0.0277236387216602
9.87654480749694,0,-0.0946232449189078,0,9.87654480749694,-0.0946232449189078,-0.0946232449189078,-0.0946232449189078,0.0836731049469832
15.7641037476623,0,0.0452974152246685,0,15.7641037476623,0.0452974152246685,0.0452974152246685,0.0452974152246685,0.0222639606786319
13.2572895170701,0,-0.00547183825283213,0,13.2572895170701,-0.00547183825283213,-0.00547183825283213,-0.00547183825283213,0.0207932850711389
14.6101069409457,0,-0.0361151431713081,0,14.6101069409457,-0.0361151431713081,-0.0361151431713081,-0.0361151431713081,0.0853409147807967
9.82277228593101,0,0.003405640430707,0,9.82277228593101,0.003405640430707,0.003405640430707,0.003405640430707,0.0711265903737062
11.2420027298881,0,-0.0660500012093723,0,11.2420027298881,-0.0660500012093723,-0.0660500012093723,-0.0660500012093723,0.0384705888979592
20.250805971961,0,-0.0722114931141322,0,20.250805971961,-0.0722114931141322,-0.0722114931141322,-0.0722114931141322,0.0558422559374383
28.4056044215739,0,-0.0234835133541325,0,28.4056044215739,-0.0234835133541325,-0.0234835133541325,-0.0234835133541325,0.0460235649191708
9.44659083119766,0,-0.0979355343768668,0,9.44659083119766,-0.0979355343768668,-0.0979355343768668,-0.0979355343768668,0.106984919191722
10.6319539160187,0,0.00587821668928426,0,10.6319539160187,0.00587821668928426,0.00587821668928426,0.00587821668928426,0.0434639030773943
23.722803858762,0,0.00435490338959432,0,23.722803858762,0.00435490338959432,0.00435490338959432,0.00435490338959432,0.0172785731987079
NA,NA,NA,NA,NA,NA,NA,NA,NA
9.30240675050487,0,0.0198716605101052,0,9.30240675050487,0.0198716605101052,0.0198716605101052,0.0198716605101052,0.0714542693242479
6.82559417888738,0,-0.0208488602109932,0,6.82559417888738,-0.0208488602109932,-0.0208488602109932,-0.0208488602109932,0.0626238731585564
7.10118523761685,0,-0.0285278978712163,0,7.10118523761685,-0.0285278978712163,-0.0285278978712163,-0.0285278978712163,0.0595492352872805
8.39406695268219,0,0.0167837864563465,0,8.39406695268219,0.0167837864563465,0.0167837864563465,0.0167837864563465,0.0322473662392579
15.3813680380744,0,-0.0235768509494856,0,15.3813680380744,-0.0235768509494856,-0.0235768509494856,-0.0235768509494856,0.0385600790656454
10.9419857642508,0,-0.0876235523401562,0,10.9419857642508,-0.0876235523401562,-0.0876235523401562,-0.0876235523401562,0.0336377588977628
9.567453602661,0,-0.0130573193727359,0,9.567453602661,-0.0130573193727359,-0.0130573193727359,-0.0130573193727359,0.0264340771076804
9.56764954052794,0,-0.00578932875863998,0,9.56764954052794,-0.00578932875863998,-0.00578932875863998,-0.00578932875863998,0.0288617279537588
9.58796747981615,0,0.00725905880614161,0,9.58796747981615,0.00725905880614161,0.00725905880614161,0.00725905880614161,0.0422687684348916
15.1454884083029,0,0.0687427351592194,0,15.1454884083029,0.0687427351592194,0.0687427351592194,0.0687427351592194,0.0334809714396658
9.72468903389732,0,0.0209196079014141,0,9.72468903389732,0.0209196079014141,0.0209196079014141,0.0209196079014141,0.0473210924820652
14.8412385484711,0,0.00805813747067324,0,14.8412385484711,0.00805813747067324,0.00805813747067324,0.00805813747067324,0.0331399934197975
10.6567948708008,0,0.0203455428827325,0,10.6567948708008,0.0203455428827325,0.0203455428827325,0.0203455428827325,0.0367174068081082
12.7697291709358,0,0.00135812282131545,0,12.7697291709358,0.00135812282131545,0.00135812282131545,0.00135812282131545,0.0331331000834964
17.7014293147066,0,0.0234372077444364,0,17.7014293147066,0.0234372077444364,0.0234372077444364,0.0234372077444364,0.0323786122878216
16.016217440795,0,-0.00369944404825601,0,16.016217440795,-0.00369944404825601,-0.00369944404825601,-0.00369944404825601,0.0376637682579198
21.1131806593051,0,-0.056056653152879,0,21.1131806593051,-0.056056653152879,-0.056056653152879,-0.056056653152879,0.033465829508006
12.511562118753,0,0.010653794636591,0,12.511562118753,0.010653794636591,0.010653794636591,0.010653794636591,0.0542734571116003
11.3110693140974,0,0.00982781565554414,0,11.3110693140974,0.00982781565554414,0.00982781565554414,0.00982781565554414,0.0152975413868066
19.3344521561619,0,-0.0178892890128142,0,19.3344521561619,-0.0178892890128142,-0.0178892890128142,-0.0178892890128142,0.0322365626104049
22.4252386829518,0,0.0149224868595611,0,22.4252386829518,0.0149224868595611,0.0149224868595611,0.0149224868595611,0.0125393113695439
12.3654554745313,0,-0.0686880413546458,0,12.3654554745313,-0.0686880413546458,-0.0686880413546458,-0.0686880413546458,0.0513325050706189
19.2556223171704,0,0.0285945738844167,0,19.2556223171704,0.0285945738844167,0.0285945738844167,0.0285945738844167,0.0139726523520546
38.591289819832,0,-0.165045328781403,0,38.591289819832,-0.165045328781403,-0.165045328781403,-0.165045328781403,0.0709996061483967
54.7209102152747,0,0.0196726221291343,0,54.7209102152747,0.0196726221291343,0.0196726221291343,0.0196726221291343,0.0109274670854921
6.44620981534856,0,0.014846298512104,0,6.44620981534856,0.014846298512104,0.014846298512104,0.014846298512104,0.0608105741726415
13.7692792179168,0,0.045315959795906,0,13.7692792179168,0.045315959795906,0.045315959795906,0.045315959795906,0.0576659331255503
11.7030101268542,0,0.0664031592294417,0,11.7030101268542,0.0664031592294417,0.0664031592294417,0.0664031592294417,0.0318702419669784
7.36539602284415,0,-0.0247872150245361,0,7.36539602284415,-0.0247872150245361,-0.0247872150245361,-0.0247872150245361,0.114121672795408
7.17535910443418,0,0.0223584830888584,0,7.17535910443418,0.0223584830888584,0.0223584830888584,0.0223584830888584,0.0787357224553916
10.2795400430588,0,-0.0197343725876436,0,10.2795400430588,-0.0197343725876436,-0.0197343725876436,-0.0197343725876436,0.0623990846503716
11.8155784180346,0,0.132399483418963,0,11.8155784180346,0.132399483418963,0.132399483418963,0.132399483418963,0.0684128055131695
10.8363107906744,0,-0.028098390818107,0,10.8363107906744,-0.028098390818107,-0.028098390818107,-0.028098390818107,0.071926050301895
11.7003583105711,0,-0.00186774348468509,0,11.7003583105711,-0.00186774348468509,-0.00186774348468509,-0.00186774348468509,0.00589871207554302
14.1717804897526,0,0.027255899623745,0,14.1717804897526,0.027255899623745,0.027255899623745,0.027255899623745,0.0438772018708798
10.4916049522311,0,0.0132463173032987,0,10.4916049522311,0.0132463173032987,0.0132463173032987,0.0132463173032987,0.0267192917518445
17.4700053613048,0,-0.0184802916209333,0,17.4700053613048,-0.0184802916209333,-0.0184802916209333,-0.0184802916209333,0.0310328260487528
22.4190143092695,0,-0.000161199703742028,0,22.4190143092695,-0.000161199703742028,-0.000161199703742028,-0.000161199703742028,0.0167230245622351
23.3384346785706,0,0.0173424537425691,0,23.3384346785706,0.0173424537425691,0.0173424537425691,0.0173424537425691,0.0189266195413323
38.8851950923656,0,-0.0332412043876419,0,38.8851950923656,-0.0332412043876419,-0.0332412043876419,-0.0332412043876419,0.0285556564673136
33.1236118256953,0,-0.00808769374160821,0,33.1236118256953,-0.00808769374160821,-0.00808769374160821,-0.00808769374160821,0.0398141944590775
130.216227665708,0,0.0198117493038606,0,130.216227665708,0.0198117493038606,0.0198117493038606,0.0198117493038606,0.0277236387216602
9.87654480749694,0,-0.0946232449189078,0,9.87654480749694,-0.0946232449189078,-0.0946232449189078,-0.0946232449189078,0.0836731049469832
15.7641037476623,0,0.0452974152246685,0,15.7641037476623,0.0452974152246685,0.0452974152246685,0.0452974152246685,0.0222639606786319
13.2572895170701,0,-0.00547183825283213,0,13.2572895170701,-0.00547183825283213,-0.00547183825283213,-0.00547183825283213,0.0207932850711389
14.6101069409457,0,-0.0361151431713081,0,14.6101069409457,-0.0361151431713081,-0.0361151431713081,-0.0361151431713081,0.0853409147807967
9.82277228593101,0,0.003405640430707,0,9.82277228593101,0.003405640430707,0.003405640430707,0.003405640430707,0.0711265903737062
11.2420027298881,0,-0.0660500012093723,0,11.2420027298881,-0.0660500012093723,-0.0660500012093723,-0.0660500012093723,0.0384705888979592
20.250805971961,0,-0.0722114931141322,0,20.250805971961,-0.0722114931141322,-0.0722114931141322,-0.0722114931141322,0.0558422559374383
28.4056044215739,0,-0.0234835133541325,0,28.4056044215739,-0.0234835133541325,-0.0234835133541325,-0.0234835133541325,0.0460235649191708
9.44659083119766,0,-0.0979355343768668,0,9.44659083119766,-0.0979355343768668,-0.0979355343768668,-0.0979355343768668,0.106984919191722
10.6319539160187,0,0.00587821668928426,0,10.6319539160187,0.00587821668928426,0.00587821668928426,0.00587821668928426,0.0434639030773943
23.722803858762,0,0.00435490338959432,0,23.722803858762,0.00435490338959432,0.00435490338959432,0.00435490338959432,0.0172785731987079
NA,NA,NA,NA,NA,NA,NA,NA,NA
9.30240675050487,0,0.0198716605101052,0,9.30240675050487,0.0198716605101052,0.0198716605101052,0.0198716605101052,0.0714542693242479
6.82559417888738,0,-0.0208488602109932,0,6.82559417888738,-0.0208488602109932,-0.0208488602109932,-0.0208488602109932,0.0626238731585564
7.10118523761685,0,-0.0285278978712163,0,7.10118523761685,-0.0285278978712163,-0.0285278978712163,-0.0285278978712163,0.0595492352872805
8.39406695268219,0,0.0167837864563465,0,8.39406695268219,0.0167837864563465,0.0167837864563465,0.0167837864563465,0.0322473662392579
15.3813680380744,0,-0.0235768509494856,0,15.3813680380744,-0.0235768509494856,-0.0235768509494856,-0.0235768509494856,0.0385600790656454
10.9419857642508,0,-0.0876235523401562,0,10.9419857642508,-0.0876235523401562,-0.0876235523401562,-0.0876235523401562,0.0336377588977628
9.567453602661,0,-0.0130573193727359,0,9.567453602661,-0.0130573193727359,-0.0130573193727359,-0.0130573193727359,0.0264340771076804
9.56764954052794,0,-0.00578932875863998,0,9.56764954052794,-0.00578932875863998,-0.00578932875863998,-0.00578932875863998,0.0288617279537588
9.58796747981615,0,0.00725905880614161,0,9.58796747981615,0.00725905880614161,0.00725905880614161,0.00725905880614161,0.0422687684348916
15.1454884083029,0,0.0687427351592194,0,15.1454884083029,0.0687427351592194,0.0687427351592194,0.0687427351592194,0.0334809714396658
9.72468903389732,0,0.0209196079014141,0,9.72468903389732,0.0209196079014141,0.0209196079014141,0.0209196079014141,0.0473210924820652
14.8412385484711,0,0.00805813747067324,0,14.8412385484711,0.00805813747067324,0.00805813747067324,0.00805813747067324,0.0331399934197975
10.6567948708008,0,0.0203455428827325,0,10.6567948708008,0.0203455428827325,0.0203455428827325,0.0203455428827325,0.0367174068081082
12.7697291709358,0,0.00135812282131545,0,12.7697291709358,0.00135812282131545,0.00135812282131545,0.00135812282131545,0.0331331000834964
17.7014293147066,0,0.0234372077444364,0,17.7014293147066,0.0234372077444364,0.0234372077444364,0.0234372077444364,0.0323786122878216
16.016217440795,0,-0.00369944404825601,0,16.016217440795,-0.00369944404825601,-0.00369944404825601,-0.00369944404825601,0.0376637682579198
21.1131806593051,0,-0.056056653152879,0,21.1131806593051,-0.056056653152879,-0.056056653152879,-0.056056653152879,0.033465829508006
12.511562118753,0,0.010653794636591,0,12.511562118753,0.010653794636591,0.010653794636591,0.010653794636591,0.0542734571116003
11.3110693140974,0,0.00982781565554414,0,11.3110693140974,0.00982781565554414,0.00982781565554414,0.00982781565554414,0.0152975413868066
19.3344521561619,0,-0.0178892890128142,0,19.3344521561619,-0.0178892890128142,-0.0178892890128142,-0.0178892890128142,0.0322365626104049
22.4252386829518,0,0.0149224868595611,0,22.4252386829518,0.0149224868595611,0.0149224868595611,0.0149224868595611,0.0125393113695439
12.3654554745313,0,-0.0686880413546458,0,12.3654554745313,-0.0686880413546458,-0.0686880413546458,-0.0686880413546458,0.0513325050706189
19.2556223171704,0,0.0285945738844167,0,19.2556223171704,0.0285945738844167,0.0285945738844167,0.0285945738844167,0.0139726523520546
38.591289819832,0,-0.165045328781403,0,38.591289819832,-0.165045328781403,-0.165045328781403,-0.165045328781403,0.0709996061483967
54.7209102152747,0,0.0196726221291343,0,54.7209102152747,0.0196726221291343,0.0196726221291343,0.0196726221291343,0.0109274670854921
6.44620981534856,0,0.014846298512104,0,6.44620981534856,0.014846298512104,0.014846298512104,0.014846298512104,0.0608105741726415
13.7692792179168,0,0.045315959795906,0,13.7692792179168,0.045315959795906,0.045315959795906,0.045315959795906,0.0576659331255503
11.7030101268542,0,0.0664031592294417,0,11.7030101268542,0.0664031592294417,0.0664031592294417,0.0664031592294417,0.0318702419669784
7.36539602284415,0,-0.0247872150245361,0,7.36539602284415,-0.0247872150245361,-0.0247872150245361,-0.0247872150245361,0.114121672795408
7.17535910443418,0,0.0223584830888584,0,7.17535910443418,0.0223584830888584,0.0223584830888584,0.0223584830888584,0.0787357224553916
10.2795400430588,0,-0.0197343725876436,0,10.2795400430588,-0.0197343725876436,-0.0197343725876436,-0.0197343725876436,0.0623990846503716
11.8155784180346,0,0.132399483418963,0,11.8155784180346,0.132399483418963,0.132399483418963,0.132399483418963,0.0684128055131695
10.8363107906744,0,-0.028098390818107,0,10.8363107906744,-0.028098390818107,-0.028098390818107,-0.028098390818107,0.071926050301895
11.7003583105711,0,-0.00186774348468509,0,11.7003583105711,-0.00186774348468509,-0.00186774348468509,-0.00186774348468509,0.00589871207554302
14.1717804897526,0,0.027255899623745,0,14.1717804897526,0.027255899623745,0.027255899623745,0.027255899623745,0.0438772018708798
10.4916049522311,0,0.0132463173032987,0,10.4916049522311,0.0132463173032987,0.0132463173032987,0.0132463173032987,0.0267192917518445
17.4700053613048,0,-0.0184802916209333,0,17.4700053613048,-0.0184802916209333,-0.0184802916209333,-0.0184802916209333,0.0310328260487528
22.4190143092695,0,-0.000161199703742028,0,22.4190143092695,-0.000161199703742028,-0.000161199703742028,-0.000161199703742028,0.0167230245622351
23.3384346785706,0,0.0173424537425691,0,23.3384346785706,0.0173424537425691,0.0173424537425691,0.0173424537425691,0.0189266195413323
38.8851950923656,0,-0.0332412043876419,0,38.8851950923656,-0.0332412043876419,-0.0332412043876419,-0.0332412043876419,0.0285556564673136
33.1236118256953,0,-0.00808769374160821,0,33.1236118256953,-0.00808769374160821,-0.00808769374160821,-0.00808769374160821,0.0398141944590775
130.216227665708,0,0.0198117493038606,0,130.216227665708,0.0198117493038606,0.0198117493038606,0.0198117493038606,0.0277236387216602
9.87654480749694,0,-0.0946232449189078,0,9.87654480749694,-0.0946232449189078,-0.0946232449189078,-0.0946232449189078,0.0836731049469832
15.7641037476623,0,0.0452974152246685,0,15.7641037476623,0.0452974152246685,0.0452974152246685,0.0452974152246685,0.0222639606786319
13.2572895170701,0,-0.00547183825283213,0,13.2572895170701,-0.00547183825283213,-0.00547183825283213,-0.00547183825283213,0.0207932850711389
14.6101069409457,0,-0.0361151431713081,0,14.6101069409457,-0.0361151431713081,-0.0361151431713081,-0.0361151431713081,0.0853409147807967
9.82277228593101,0,0.003405640430707,0,9.82277228593101,0.003405640430707,0.003405640430707,0.003405640430707,0.0711265903737062
11.2420027298881,0,-0.0660500012093723,0,11.2420027298881,-0.0660500012093723,-0.0660500012093723,-0.0660500012093723,0.0384705888979592
20.250805971961,0,-0.0722114931141322,0,20.250805971961,-0.0722114931141322,-0.0722114931141322,-0.0722114931141322,0.0558422559374383
28.4056044215739,0,-0.0234835133541325,0,28.4056044215739,-0.0234835133541325,-0.0234835133541325,-0.0234835133541325,0.0460235649191708
9.44659083119766,0,-0.0979355343768668,0,9.44659083119766,-0.0979355343768668,-0.0979355343768668,-0.0979355343768668,0.106984919191722
10.6319539160187,0,0.00587821668928426,0,10.6319539160187,0.00587821668928426,0.00587821668928426,0.00587821668928426,0.0434639030773943
23.722803858762,0,0.00435490338959432,0,23.722803858762,0.00435490338959432,0.00435490338959432,0.00435490338959432,0.0172785731987079
NA,NA,NA,NA,NA,NA,NA,NA,NA
9.30240675050487,0,0.0198716605101052,0,9.30240675050487,0.0198716605101052,0.0198716605101052,0.0198716605101052,0.0714542693242479
6.82559417888738,0,-0.0208488602109932,0,6.82559417888738,-0.0208488602109932,-0.0208488602109932,-0.0208488602109932,0.0626238731585564
7.10118523761685,0,-0.0285278978712163,0,7.10118523761685,-0.0285278978712163,-0.0285278978712163,-0.0285278978712163,0.0595492352872805
8.39406695268219,0,0.0167837864563465,0,8.39406695268219,0.0167837864563465,0.0167837864563465,0.0167837864563465,0.0322473662392579
15.3813680380744,0,-0.0235768509494856,0,15.3813680380744,-0.0235768509494856,-0.0235768509494856,-0.0235768509494856,0.0385600790656454
10.9419857642508,0,-0.0876235523401562,0,10.9419857642508,-0.0876235523401562,-0.0876235523401562,-0.0876235523401562,0.0336377588977628
9.567453602661,0,-0.0130573193727359,0,9.567453602661,-0.0130573193727359,-0.0130573193727359,-0.0130573193727359,0.0264340771076804
9.56764954052794,0,-0.00578932875863998,0,9.56764954052794,-0.00578932875863998,-0.00578932875863998,-0.00578932875863998,0.0288617279537588
9.58796747981615,0,0.00725905880614161,0,9.58796747981615,0.00725905880614161,0.00725905880614161,0.00725905880614161,0.0422687684348916
15.1454884083029,0,0.0687427351592194,0,15.1454884083029,0.0687427351592194,0.0687427351592194,0.0687427351592194,0.0334809714396658
9.72468903389732,0,0.0209196079014141,0,9.72468903389732,0.0209196079014141,0.0209196079014141,0.0209196079014141,0.0473210924820652
14.8412385484711,0,0.00805813747067324,0,14.8412385484711,0.00805813747067324,0.00805813747067324,0.00805813747067324,0.0331399934197975
10.6567948708008,0,0.0203455428827325,0,10.6567948708008,0.0203455428827325,0.0203455428827325,0.0203455428827325,0.0367174068081082
12.7697291709358,0,0.00135812282131545,0,12.7697291709358,0.00135812282131545,0.00135812282131545,0.00135812282131545,0.0331331000834964
17.7014293147066,0,0.0234372077444364,0,17.7014293147066,0.0234372077444364,0.0234372077444364,0.0234372077444364,0.0323786122878216
16.016217440795,0,-0.00369944404825601,0,16.016217440795,-0.00369944404825601,-0.00369944404825601,-0.00369944404825601,0.0376637682579198
21.1131806593051,0,-0.056056653152879,0,21.1131806593051,-0.056056653152879,-0.056056653152879,-0.056056653152879,0.033465829508006
12.511562118753,0,0.010653794636591,0,12.511562118753,0.010653794636591,0.010653794636591,0.010653794636591,0.0542734571116003
11.3110693140974,0,0.00982781565554414,0,11.3110693140974,0.00982781565554414,0.00982781565554414,0.00982781565554414,0.0152975413868066
19.3344521561619,0,-0.0178892890128142,0,19.3344521561619,-0.0178892890128142,-0.0178892890128142,-0.0178892890128142,0.0322365626104049
22.4252386829518,0,0.0149224868595611,0,22.4252386829518,0.0149224868595611,0.0149224868595611,0.0149224868595611,0.0125393113695439
12.3654554745313,0,-0.0686880413546458,0,12.3654554745313,-0.0686880413546458,-0.0686880413546458,-0.0686880413546458,0.0513325050706189
19.2556223171704,0,0.0285945738844167,0,19.2556223171704,0.0285945738844167,0.0285945738844167,0.0285945738844167,0.0139726523520546
38.591289819832,0,-0.165045328781403,0,38.591289819832,-0.165045328781403,-0.165045328781403,-0.165045328781403,0.0709996061483967
54.7209102152747,0,0.0196726221291343,0,54.7209102152747,0.0196726221291343,0.0196726221291343,0.0196726221291343,0.0109274670854921
6.44620981534856,0,0.014846298512104,0,6.44620981534856,0.014846298512104,0.014846298512104,0.014846298512104,0.0608105741726415
13.7692792179168,0,0.045315959795906,0,13.7692792179168,0.045315959795906,0.045315959795906,0.045315959795906,0.0576659331255503
11.7030101268542,0,0.0664031592294417,0,11.7030101268542,0.0664031592294417,0.0664031592294417,0.0664031592294417,0.0318702419669784
7.36539602284415,0,-0.0247872150245361,0,7.36539602284415,-0.0247872150245361,-0.0247872150245361,-0.0247872150245361,0.114121672795408
7.17535910443418,0,0.0223584830888584,0,7.17535910443418,0.0223584830888584,0.0223584830888584,0.0223584830888584,0.0787357224553916
10.2795400430588,0,-0.0197343725876436,0,10.2795400430588,-0.0197343725876436,-0.0197343725876436,-0.0197343725876436,0.0623990846503716
11.8155784180346,0,0.132399483418963,0,11.8155784180346,0.132399483418963,0.132399483418963,0.132399483418963,0.0684128055131695
10.8363107906744,0,-0.028098390818107,0,10.8363107906744,-0.028098390818107,-0.028098390818107,-0.028098390818107,0.071926050301895
11.7003583105711,0,-0.00186774348468509,0,11.7003583105711,-0.00186774348468509,-0.00186774348468509,-0.00186774348468509,0.00589871207554302
14.1717804897526,0,0.027255899623745,0,14.1717804897526,0.027255899623745,0.027255899623745,0.027255899623745,0.0438772018708798
10.4916049522311,0,0.0132463173032987,0,10.4916049522311,0.0132463173032987,0.0132463173032987,0.0132463173032987,0.0267192917518445
17.4700053613048,0,-0.0184802916209333,0,17.4700053613048,-0.0184802916209333,-0.0184802916209333,-0.0184802916209333,0.0310328260487528
22.4190143092695,0,-0.000161199703742028,0,22.4190143092695,-0.000161199703742028,-0.000161199703742028,-0.000161199703742028,0.0167230245622351
23.3384346785706,0,0.0173424537425691,0,23.3384346785706,0.0173424537425691,0.0173424537425691,0.0173424537425691,0.0189266195413323
38.8851950923656,0,-0.0332412043876419,0,38.8851950923656,-0.0332412043876419,-0.0332412043876419,-0.0332412043876419,0.0285556564673136
33.1236118256953,0,-0.00808769374160821,0,33.1236118256953,-0.00808769374160821,-0.00808769374160821,-0.00808769374160821,0.0398141944590775
130.216227665708,0,0.0198117493038606,0,130.216227665708,0.0198117493038606,0.0198117493038606,0.0198117493038606,0.0277236387216602
9.87654480749694,0,-0.0946232449189078,0,9.87654480749694,-0.0946232449189078,-0.0946232449189078,-0.0946232449189078,0.0836731049469832
15.7641037476623,0,0.0452974152246685,0,15.7641037476623,0.0452974152246685,0.0452974152246685,0.0452974152246685,0.0222639606786319
13.2572895170701,0,-0.00547183825283213,0,13.2572895170701,-0.00547183825283213,-0.00547183825283213,-0.00547183825283213,0.0207932850711389
14.6101069409457,0,-0.0361151431713081,0,14.6101069409457,-0.0361151431713081,-0.0361151431713081,-0.0361151431713081,0.0853409147807967
9.82277228593101,0,0.003405640430707,0,9.82277228593101,0.003405640430707,0.003405640430707,0.003405640430707,0.0711265903737062
11.2420027298881,0,-0.0660500012093723,0,11.2420027298881,-0.0660500012093723,-0.0660500012093723,-0.0660500012093723,0.0384705888979592
20.250805971961,0,-0.0722114931141322,0,20.250805971961,-0.0722114931141322,-0.0722114931141322,-0.0722114931141322,0.0558422559374383
28.4056044215739,0,-0.0234835133541325,0,28.4056044215739,-0.0234835133541325,-0.0234835133541325,-0.0234835133541325,0.0460235649191708
9.44659083119766,0,-0.0979355343768668,0,9.44659083119766,-0.0979355343768668,-0.0979355343768668,-0.0979355343768668,0.106984919191722
10.6319539160187,0,0.00587821668928426,0,10.6319539160187,0.00587821668928426,0.00587821668928426,0.00587821668928426,0.0434639030773943
23.722803858762,0,0.00435490338959432,0,23.722803858762,0.00435490338959432,0.00435490338959432,0.00435490338959432,0.0172785731987079
NA,NA,NA,NA,NA,NA,NA,NA,NA
9.30240675050487,0,0.0198716605101052,0,9.30240675050487,0.0198716605101052,0.0198716605101052,0.0198716605101052,0.0714542693242479
6.82559417888738,0,-0.0208488602109932,0,6.82559417888738,-0.0208488602109932,-0.0208488602109932,-0.0208488602109932,0.0626238731585564
7.10118523761685,0,-0.0285278978712163,0,7.10118523761685,-0.0285278978712163,-0.0285278978712163,-0.0285278978712163,0.0595492352872805
8.39406695268219,0,0.0167837864563465,0,8.39406695268219,0.0167837864563465,0.0167837864563465,0.0167837864563465,0.0322473662392579
15.3813680380744,0,-0.0235768509494856,0,15.3813680380744,-0.0235768509494856,-0.0235768509494856,-0.0235768509494856,0.0385600790656454
10.9419857642508,0,-0.0876235523401562,0,10.9419857642508,-0.0876235523401562,-0.0876235523401562,-0.0876235523401562,0.0336377588977628
9.567453602661,0,-0.0130573193727359,0,9.567453602661,-0.0130573193727359,-0.0130573193727359,-0.0130573193727359,0.0264340771076804
9.56764954052794,0,-0.00578932875863998,0,9.56764954052794,-0.00578932875863998,-0.00578932875863998,-0.00578932875863998,0.0288617279537588
9.58796747981615,0,0.00725905880614161,0,9.58796747981615,0.00725905880614161,0.00725905880614161,0.00725905880614161,0.0422687684348916
15.1454884083029,0,0.0687427351592194,0,15.1454884083029,0.0687427351592194,0.0687427351592194,0.0687427351592194,0.0334809714396658
9.72468903389732,0,0.0209196079014141,0,9.72468903389732,0.0209196079014141,0.0209196079014141,0.0209196079014141,0.0473210924820652
14.8412385484711,0,0.00805813747067324,0,14.8412385484711,0.00805813747067324,0.00805813747067324,0.00805813747067324,0.0331399934197975
10.6567948708008,0,0.0203455428827325,0,10.6567948708008,0.0203455428827325,0.0203455428827325,0.0203455428827325,0.0367174068081082
12.7697291709358,0,0.00135812282131545,0,12.7697291709358,0.00135812282131545,0.00135812282131545,0.00135812282131545,0.0331331000834964
17.7014293147066,0,0.0234372077444364,0,17.7014293147066,0.0234372077444364,0.0234372077444364,0.0234372077444364,0.0323786122878216
16.016217440795,0,-0.00369944404825601,0,16.016217440795,-0.00369944404825601,-0.00369944404825601,-0.00369944404825601,0.0376637682579198
21.1131806593051,0,-0.056056653152879,0,21.1131806593051,-0.056056653152879,-0.056056653152879,-0.056056653152879,0.033465829508006
12.511562118753,0,0.010653794636591,0,12.511562118753,0.010653794636591,0.010653794636591,0.010653794636591,0.0542734571116003
11.3110693140974,0,0.00982781565554414,0,11.3110693140974,0.00982781565554414,0.00982781565554414,0.00982781565554414,0.0152975413868066
19.3344521561619,0,-0.0178892890128142,0,19.3344521561619,-0.0178892890128142,-0.0178892890128142,-0.0178892890128142,0.0322365626104049
22.4252386829518,0,0.0149224868595611,0,22.4252386829518,0.0149224868595611,0.0149224868595611,0.0149224868595611,0.0125393113695439
12.3654554745313,0,-0.0686880413546458,0,12.3654554745313,-0.0686880413546458,-0.0686880413546458,-0.0686880413546458,0.0513325050706189
19.2556223171704,0,0.0285945738844167,0,19.2556223171704,0.0285945738844167,0.0285945738844167,0.0285945738844167,0.0139726523520546
38.591289819832,0,-0.165045328781403,0,38.591289819832,-0.165045328781403,-0.165045328781403,-0.165045328781403,0.0709996061483967
54.7209102152747,0,0.0196726221291343,0,54.7209102152747,0.0196726221291343,0.0196726221291343,0.0196726221291343,0.0109274670854921
6.44620981534856,0,0.014846298512104,0,6.44620981534856,0.014846298512104,0.014846298512104,0.014846298512104,0.0608105741726415
13.7692792179168,0,0.045315959795906,0,13.7692792179168,0.045315959795906,0.045315959795906,0.045315959795906,0.0576659331255503
11.7030101268542,0,0.0664031592294417,0,11.7030101268542,0.0664031592294417,0.0664031592294417,0.0664031592294417,0.0318702419669784
7.36539602284415,0,-0.0247872150245361,0,7.36539602284415,-0.0247872150245361,-0.0247872150245361,-0.0247872150245361,0.114121672795408
7.17535910443418,0,0.0223584830888584,0,7.17535910443418,0.0223584830888584,0.0223584830888584,0.0223584830888584,0.0787357224553916
10.2795400430588,0,-0.0197343725876436,0,10.2795400430588,-0.0197343725876436,-0.0197343725876436,-0.0197343725876436,0.0623990846503716
11.8155784180346,0,0.132399483418963,0,11.8155784180346,0.132399483418963,0.132399483418963,0.132399483418963,0.0684128055131695
10.8363107906744,0,-0.028098390818107,0,10.8363107906744,-0.028098390818107,-0.028098390818107,-0.028098390818107,0.071926050301895
11.7003583105711,0,-0.00186774348468509,0,11.7003583105711,-0.00186774348468509,-0.00186774348468509,-0.00186774348468509,0.00589871207554302
14.1717804897526,0,0.027255899623745,0,14.1717804897526,0.027255899623745,0.027255899623745,0.027255899623745,0.0438772018708798
10.4916049522311,0,0.0132463173032987,0,10.4916049522311,0.0132463173032987,0.0132463173032987,0.0132463173032987,0.0267192917518445
17.4700053613048,0,-0.0184802916209333,0,17.4700053613048,-0.0184802916209333,-0.0184802916209333,-0.0184802916209333,0.0310328260487528
22.4190143092695,0,-0.000161199703742028,0,22.4190143092695,-0.000161199703742028,-0.000161199703742028,-0.000161199703742028,0.0167230245622351
23.3384346785706,0,0.0173424537425691,0,23.3384346785706,0.0173424537425691,0.0173424537425691,0.0173424537425691,0.0189266195413323
38.8851950923656,0,-0.0332412043876419,0,38.8851950923656,-0.0332412043876419,-0.0332412043876419,-0.0332412043876419,0.0285556564673136
33.1236118256953,0,-0.00808769374160821,0,33.1236118256953,-0.00808769374160821,-0.00808769374160821,-0.00808769374160821,0.0398141944590775
130.216227665708,0,0.0198117493038606,0,130.216227665708,0.0198117493038606,0.0198117493038606,0.0198117493038606,0.0277236387216602
9.87654480749694,0,-0.0946232449189078,0,9.87654480749694,-0.0946232449189078,-0.0946232449189078,-0.0946232449189078,0.0836731049469832
15.7641037476623,0,0.0452974152246685,0,15.7641037476623,0.0452974152246685,0.0452974152246685,0.0452974152246685,0.0222639606786319
13.2572895170701,0,-0.00547183825283213,0,13.2572895170701,-0.00547183825283213,-0.00547183825283213,-0.00547183825283213,0.0207932850711389
14.6101069409457,0,-0.0361151431713081,0,14.6101069409457,-0.0361151431713081,-0.0361151431713081,-0.0361151431713081,0.0853409147807967
9.82277228593101,0,0.003405640430707,0,9.82277228593101,0.003405640430707,0.003405640430707,0.003405640430707,0.0711265903737062
11.2420027298881,0,-0.0660500012093723,0,11.2420027298881,-0.0660500012093723,-0.0660500012093723,-0.0660500012093723,0.0384705888979592
20.250805971961,0,-0.0722114931141322,0,20.250805971961,-0.0722114931141322,-0.0722114931141322,-0.0722114931141322,0.0558422559374383
28.4056044215739,0,-0.0234835133541325,0,28.4056044215739,-0.0234835133541325,-0.0234835133541325,-0.0234835133541325,0.0460235649191708
9.44659083119766,0,-0.0979355343768668,0,9.44659083119766,-0.0979355343768668,-0.0979355343768668,-0.0979355343768668,0.106984919191722
10.6319539160187,0,0.00587821668928426,0,10.6319539160187,0.00587821668928426,0.00587821668928426,0.00587821668928426,0.0434639030773943
23.722803858762,0,0.00435490338959432,0,23.722803858762,0.00435490338959432,0.00435490338959432,0.00435490338959432,0.0172785731987079
NA,NA,NA,NA,NA,NA,NA,NA,NA
9.30240675050487,0,0.0198716605101052,0,9.30240675050487,0.0198716605101052,0.0198716605101052,0.0198716605101052,0.0714542693242479
6.82559417888738,0,-0.0208488602109932,0,6.82559417888738,-0.0208488602109932,-0.0208488602109932,-0.0208488602109932,0.0626238731585564
7.10118523761685,0,-0.0285278978712163,0,7.10118523761685,-0.0285278978712163,-0.0285278978712163,-0.0285278978712163,0.0595492352872805
8.39406695268219,0,0.0167837864563465,0,8.39406695268219,0.0167837864563465,0.0167837864563465,0.0167837864563465,0.0322473662392579
15.3813680380744,0,-0.0235768509494856,0,15.3813680380744,-0.0235768509494856,-0.0235768509494856,-0.0235768509494856,0.0385600790656454
10.9419857642508,0,-0.0876235523401562,0,10.9419857642508,-0.0876235523401562,-0.0876235523401562,-0.0876235523401562,0.0336377588977628
9.567453602661,0,-0.0130573193727359,0,9.567453602661,-0.0130573193727359,-0.0130573193727359,-0.0130573193727359,0.0264340771076804
9.56764954052794,0,-0.00578932875863998,0,9.56764954052794,-0.00578932875863998,-0.00578932875863998,-0.00578932875863998,0.0288617279537588
9.58796747981615,0,0.00725905880614161,0,9.58796747981615,0.00725905880614161,0.00725905880614161,0.00725905880614161,0.0422687684348916
15.1454884083029,0,0.0687427351592194,0,15.1454884083029,0.0687427351592194,0.0687427351592194,0.0687427351592194,0.0334809714396658
9.72468903389732,0,0.0209196079014141,0,9.72468903389732,0.0209196079014141,0.0209196079014141,0.0209196079014141,0.0473210924820652
14.8412385484711,0,0.00805813747067324,0,14.8412385484711,0.00805813747067324,0.00805813747067324,0.00805813747067324,0.0331399934197975
10.6567948708008,0,0.0203455428827325,0,10.6567948708008,0.0203455428827325,0.0203455428827325,0.0203455428827325,0.0367174068081082
12.7697291709358,0,0.00135812282131545,0,12.7697291709358,0.00135812282131545,0.00135812282131545,0.00135812282131545,0.0331331000834964
17.7014293147066,0,0.0234372077444364,0,17.7014293147066,0.0234372077444364,0.0234372077444364,0.0234372077444364,0.0323786122878216
16.016217440795,0,-0.00369944404825601,0,16.016217440795,-0.00369944404825601,-0.00369944404825601,-0.00369944404825601,0.0376637682579198
21.1131806593051,0,-0.056056653152879,0,21.1131806593051,-0.056056653152879,-0.056056653152879,-0.056056653152879,0.033465829508006
12.511562118753,0,0.010653794636591,0,12.511562118753,0.010653794636591,0.010653794636591,0.010653794636591,0.0542734571116003
11.3110693140974,0,0.00982781565554414,0,11.3110693140974,0.00982781565554414,0.00982781565554414,0.00982781565554414,0.0152975413868066
19.3344521561619,0,-0.0178892890128142,0,19.3344521561619,-0.0178892890128142,-0.0178892890128142,-0.0178892890128142,0.0322365626104049
22.4252386829518,0,0.0149224868595611,0,22.4252386829518,0.0149224868595611,0.0149224868595611,0.0149224868595611,0.0125393113695439
12.3654554745313,0,-0.0686880413546458,0,12.3654554745313,-0.0686880413546458,-0.0686880413546458,-0.0686880413546458,0.0513325050706189
19.2556223171704,0,0.0285945738844167,0,19.2556223171704,0.0285945738844167,0.0285945738844167,0.0285945738844167,0.0139726523520546
38.591289819832,0,-0.165045328781403,0,38.591289819832,-0.165045328781403,-0.165045328781403,-0.165045328781403,0.0709996061483967
54.7209102152747,0,0.0196726221291343,0,54.7209102152747,0.0196726221291343,0.0196726221291343,0.0196726221291343,0.0109274670854921
6.44620981534856,0,0.014846298512104,0,6.44620981534856,0.014846298512104,0.014846298512104,0.014846298512104,0.0608105741726415
13.7692792179168,0,0.045315959795906,0,13.7692792179168,0.045315959795906,0.045315959795906,0.045315959795906,0.0576659331255503
11.7030101268542,0,0.0664031592294417,0,11.7030101268542,0.0664031592294417,0.0664031592294417,0.0664031592294417,0.0318702419669784
7.36539602284415,0,-0.0247872150245361,0,7.36539602284415,-0.0247872150245361,-0.0247872150245361,-0.0247872150245361,0.114121672795408
7.17535910443418,0,0.0223584830888584,0,7.17535910443418,0.0223584830888584,0.0223584830888584,0.0223584830888584,0.0787357224553916
10.2795400430588,0,-0.0197343725876436,0,10.2795400430588,-0.0197343725876436,-0.0197343725876436,-0.0197343725876436,0.0623990846503716
11.8155784180346,0,0.132399483418963,0,11.8155784180346,0.132399483418963,0.132399483418963,0.132399483418963,0.0684128055131695
10.8363107906744,0,-0.028098390818107,0,10.8363107906744,-0.028098390818107,-0.028098390818107,-0.028098390818107,0.071926050301895
11.7003583105711,0,-0.00186774348468509,0,11.7003583105711,-0.00186774348468509,-0.00186774348468509,-0.00186774348468509,0.00589871207554302
14.1717804897526,0,0.027255899623745,0,14.1717804897526,0.027255899623745,0.027255899623745,0.027255899623745,0.0438772018708798
10.4916049522311,0,0.0132463173032987,0,10.4916049522311,0.0132463173032987,0.0132463173032987,0.0132463173032987,0.0267192917518445
17.4700053613048,0,-0.0184802916209333,0,17.4700053613048,-0.0184802916209333,-0.0184802916209333,-0.0184802916209333,0.0310328260487528
22.4190143092695,0,-0.000161199703742028,0,22.4190143092695,-0.000161199703742028,-0.000161199703742028,-0.000161199703742028,0.0167230245622351
23.3384346785706,0,0.0173424537425691,0,23.3384346785706,0.0173424537425691,0.0173424537425691,0.0173424537425691,0.0189266195413323
38.8851950923656,0,-0.0332412043876419,0,38.8851950923656,-0.0332412043876419,-0.0332412043876419,-0.0332412043876419,0.0285556564673136
33.1236118256953,0,-0.00808769374160821,0,33.1236118256953,-0.00808769374160821,-0.00808769374160821,-0.00808769374160821,0.0398141944590775
130.216227665708,0,0.0198117493038606,0,130.216227665708,0.0198117493038606,0.0198117493038606,0.0198117493038606,0.0277236387216602
9.87654480749694,0,-0.0946232449189078,0,9.87654480749694,-0.0946232449189078,-0.0946232449189078,-0.0946232449189078,0.0836731049469832
15.7641037476623,0,0.0452974152246685,0,15.7641037476623,0.0452974152246685,0.0452974152246685,0.0452974152246685,0.0222639606786319
13.2572895170701,0,-0.00547183825283213,0,13.2572895170701,-0.00547183825283213,-0.00547183825283213,-0.00547183825283213,0.0207932850711389
14.6101069409457,0,-0.0361151431713081,0,14.6101069409457,-0.0361151431713081,-0.0361151431713081,-0.0361151431713081,0.0853409147807967
9.82277228593101,0,0.003405640430707,0,9.82277228593101,0.003405640430707,0.003405640430707,0.003405640430707,0.0711265903737062
11.2420027298881,0,-0.0660500012093723,0,11.2420027298881,-0.0660500012093723,-0.0660500012093723,-0.0660500012093723,0.0384705888979592
20.250805971961,0,-0.0722114931141322,0,20.250805971961,-0.0722114931141322,-0.0722114931141322,-0.0722114931141322,0.0558422559374383
28.4056044215739,0,-0.0234835133541325,0,28.4056044215739,-0.0234835133541325,-0.0234835133541325,-0.0234835133541325,0.0460235649191708
9.44659083119766,0,-0.0979355343768668,0,9.44659083119766,-0.0979355343768668,-0.0979355343768668,-0.0979355343768668,0.106984919191722
10.6319539160187,0,0.00587821668928426,0,10.6319539160187,0.00587821668928426,0.00587821668928426,0.00587821668928426,0.0434639030773943
23.722803858762,0,0.00435490338959432,0,23.722803858762,0.00435490338959432,0.00435490338959432,0.00435490338959432,0.0172785731987079
NA,NA,NA,NA,NA,NA,NA,NA,NA
9.30240675050487,0,0.0198716605101052,0,9.30240675050487,0.0198716605101052,0.0198716605101052,0.0198716605101052,0.0714542693242479
6.82559417888738,0,-0.0208488602109932,0,6.82559417888738,-0.0208488602109932,-0.0208488602109932,-0.0208488602109932,0.0626238731585564
7.10118523761685,0,-0.0285278978712163,0,7.10118523761685,-0.0285278978712163,-0.0285278978712163,-0.0285278978712163,0.0595492352872805
8.39406695268219,0,0.0167837864563465,0,8.39406695268219,0.0167837864563465,0.0167837864563465,0.0167837864563465,0.0322473662392579
15.3813680380744,0,-0.0235768509494856,0,15.3813680380744,-0.0235768509494856,-0.0235768509494856,-0.0235768509494856,0.0385600790656454
10.9419857642508,0,-0.0876235523401562,0,10.9419857642508,-0.0876235523401562,-0.0876235523401562,-0.0876235523401562,0.0336377588977628
9.567453602661,0,-0.0130573193727359,0,9.567453602661,-0.0130573193727359,-0.0130573193727359,-0.0130573193727359,0.0264340771076804
9.56764954052794,0,-0.00578932875863998,0,9.56764954052794,-0.00578932875863998,-0.00578932875863998,-0.00578932875863998,0.0288617279537588
9.58796747981615,0,0.00725905880614161,0,9.58796747981615,0.00725905880614161,0.00725905880614161,0.00725905880614161,0.0422687684348916
15.1454884083029,0,0.0687427351592194,0,15.1454884083029,0.0687427351592194,0.0687427351592194,0.0687427351592194,0.0334809714396658
9.72468903389732,0,0.0209196079014141,0,9.72468903389732,0.0209196079014141,0.0209196079014141,0.0209196079014141,0.0473210924820652
14.8412385484711,0,0.00805813747067324,0,14.8412385484711,0.00805813747067324,0.00805813747067324,0.00805813747067324,0.0331399934197975
10.6567948708008,0,0.0203455428827325,0,10.6567948708008,0.0203455428827325,0.0203455428827325,0.0203455428827325,0.0367174068081082
12.7697291709358,0,0.00135812282131545,0,12.7697291709358,0.00135812282131545,0.00135812282131545,0.00135812282131545,0.0331331000834964
17.7014293147066,0,0.0234372077444364,0,17.7014293147066,0.0234372077444364,0.0234372077444364,0.0234372077444364,0.0323786122878216
16.016217440795,0,-0.00369944404825601,0,16.016217440795,-0.00369944404825601,-0.00369944404825601,-0.00369944404825601,0.0376637682579198
21.1131806593051,0,-0.056056653152879,0,21.1131806593051,-0.056056653152879,-0.056056653152879,-0.056056653152879,0.033465829508006
12.511562118753,0,0.010653794636591,0,12.511562118753,0.010653794636591,0.010653794636591,0.010653794636591,0.0542734571116003
11.3110693140974,0,0.00982781565554414,0,11.3110693140974,0.00982781565554414,0.00982781565554414,0.00982781565554414,0.0152975413868066
19.3344521561619,0,-0.0178892890128142,0,19.3344521561619,-0.0178892890128142,-0.0178892890128142,-0.0178892890128142,0.0322365626104049
22.4252386829518,0,0.0149224868595611,0,22.4252386829518,0.0149224868595611,0.0149224868595611,0.0149224868595611,0.0125393113695439
12.3654554745313,0,-0.0686880413546458,0,12.3654554745313,-0.0686880413546458,-0.0686880413546458,-0.0686880413546458,0.0513325050706189
19.2556223171704,0,0.0285945738844167,0,19.2556223171704,0.0285945738844167,0.0285945738844167,0.0285945738844167,0.0139726523520546
34.7312424253189,0,0.00360906084633839,0,34.7312424253189,0.00360906084633839,0.00360906084633839,0.00360906084633839,0.017575833019559
54.7209102152747,0,0.0196726221291343,0,54.7209102152747,0.0196726221291343,0.0196726221291343,0.0196726221291343,0.0109274670854921
6.44620981534856,0,0.014846298512104,0,6.44620981534856,0.014846298512104,0.014846298512104,0.014846298512104,0.0608105741726415
13.7692792179168,0,0.045315959795906,0,13.7692792179168,0.045315959795906,0.045315959795906,0.045315959795906,0.0576659331255503
11.7030101268542,0,0.0664031592294417,0,11.7030101268542,0.0664031592294417,0.0664031592294417,0.0664031592294417,0.0318702419669784
7.36539602284415,0,-0.0247872150245361,0,7.36539602284415,-0.0247872150245361,-0.0247872150245361,-0.0247872150245361,0.114121672795408
7.17535910443418,0,0.0223584830888584,0,7.17535910443418,0.0223584830888584,0.0223584830888584,0.0223584830888584,0.0787357224553916
10.2795400430588,0,-0.0197343725876436,0,10.2795400430588,-0.0197343725876436,-0.0197343725876436,-0.0197343725876436,0.0623990846503716
11.8155784180346,0,0.132399483418963,0,11.8155784180346,0.132399483418963,0.132399483418963,0.132399483418963,0.0684128055131695
10.8363107906744,0,-0.028098390818107,0,10.8363107906744,-0.028098390818107,-0.028098390818107,-0.028098390818107,0.071926050301895
11.7003583105711,0,-0.00186774348468509,0,11.7003583105711,-0.00186774348468509,-0.00186774348468509,-0.00186774348468509,0.00589871207554302
14.1717804897526,0,0.027255899623745,0,14.1717804897526,0.027255899623745,0.027255899623745,0.027255899623745,0.0438772018708798
10.4916049522311,0,0.0132463173032987,0,10.4916049522311,0.0132463173032987,0.0132463173032987,0.0132463173032987,0.0267192917518445
17.4700053613048,0,-0.0184802916209333,0,17.4700053613048,-0.0184802916209333,-0.0184802916209333,-0.0184802916209333,0.0310328260487528
22.4190143092695,0,-0.000161199703742028,0,22.4190143092695,-0.000161199703742028,-0.000161199703742028,-0.000161199703742028,0.0167230245622351
23.3384346785706,0,0.0173424537425691,0,23.3384346785706,0.0173424537425691,0.0173424537425691,0.0173424537425691,0.0189266195413323
38.8851950923656,0,-0.0332412043876419,0,38.8851950923656,-0.0332412043876419,-0.0332412043876419,-0.0332412043876419,0.0285556564673136
33.1236118256953,0,-0.00808769374160821,0,33.1236118256953,-0.00808769374160821,-0.00808769374160821,-0.00808769374160821,0.0398141944590775
130.216227665708,0,0.0198117493038606,0,130.216227665708,0.0198117493038606,0.0198117493038606,0.0198117493038606,0.0277236387216602
9.87654480749694,0,-0.0946232449189078,0,9.87654480749694,-0.0946232449189078,-0.0946232449189078,-0.0946232449189078,0.0836731049469832
15.7641037476623,0,0.0452974152246685,0,15.7641037476623,0.0452974152246685,0.0452974152246685,0.0452974152246685,0.0222639606786319
13.2572895170701,0,-0.00547183825283213,0,13.2572895170701,-0.00547183825283213,-0.00547183825283213,-0.00547183825283213,0.0207932850711389
14.6101069409457,0,-0.0361151431713081,0,14.6101069409457,-0.0361151431713081,-0.0361151431713081,-0.0361151431713081,0.0853409147807967
9.82277228593101,0,0.003405640430707,0,9.82277228593101,0.003405640430707,0.003405640430707,0.003405640430707,0.0711265903737062
11.2420027298881,0,-0.0660500012093723,0,11.2420027298881,-0.0660500012093723,-0.0660500012093723,-0.0660500012093723,0.0384705888979592
20.250805971961,0,-0.0722114931141322,0,20.250805971961,-0.0722114931141322,-0.0722114931141322,-0.0722114931141322,0.0558422559374383
28.4056044215739,0,-0.0234835133541325,0,28.4056044215739,-0.0234835133541325,-0.0234835133541325,-0.0234835133541325,0.0460235649191708
9.44659083119766,0,-0.0979355343768668,0,9.44659083119766,-0.0979355343768668,-0.0979355343768668,-0.0979355343768668,0.106984919191722
10.6319539160187,0,0.00587821668928426,0,10.6319539160187,0.00587821668928426,0.00587821668928426,0.00587821668928426,0.0434639030773943
23.722803858762,0,0.00435490338959432,0,23.722803858762,0.00435490338959432,0.00435490338959432,0.00435490338959432,0.0172785731987079
NA,NA,NA,NA,NA,NA,NA,NA,NA
9.30240675050487,0,0.0198716605101052,0,9.30240675050487,0.0198716605101052,0.0198716605101052,0.0198716605101052,0.0714542693242479
6.82559417888738,0,-0.0208488602109932,0,6.82559417888738,-0.0208488602109932,-0.0208488602109932,-0.0208488602109932,0.0626238731585564
7.10118523761685,0,-0.0285278978712163,0,7.10118523761685,-0.0285278978712163,-0.0285278978712163,-0.0285278978712163,0.0595492352872805
8.39406695268219,0,0.0167837864563465,0,8.39406695268219,0.0167837864563465,0.0167837864563465,0.0167837864563465,0.0322473662392579
15.3813680380744,0,-0.0235768509494856,0,15.3813680380744,-0.0235768509494856,-0.0235768509494856,-0.0235768509494856,0.0385600790656454
10.9419857642508,0,-0.0876235523401562,0,10.9419857642508,-0.0876235523401562,-0.0876235523401562,-0.0876235523401562,0.0336377588977628
9.567453602661,0,-0.0130573193727359,0,9.567453602661,-0.0130573193727359,-0.0130573193727359,-0.0130573193727359,0.0264340771076804
9.56764954052794,0,-0.00578932875863998,0,9.56764954052794,-0.00578932875863998,-0.00578932875863998,-0.00578932875863998,0.0288617279537588
9.58796747981615,0,0.00725905880614161,0,9.58796747981615,0.00725905880614161,0.00725905880614161,0.00725905880614161,0.0422687684348916
15.1454884083029,0,0.0687427351592194,0,15.1454884083029,0.0687427351592194,0.0687427351592194,0.0687427351592194,0.0334809714396658
9.72468903389732,0,0.0209196079014141,0,9.72468903389732,0.0209196079014141,0.0209196079014141,0.0209196079014141,0.0473210924820652
14.8412385484711,0,0.00805813747067324,0,14.8412385484711,0.00805813747067324,0.00805813747067324,0.00805813747067324,0.0331399934197975
10.6567948708008,0,0.0203455428827325,0,10.6567948708008,0.0203455428827325,0.0203455428827325,0.0203455428827325,0.0367174068081082
12.7697291709358,0,0.00135812282131545,0,12.7697291709358,0.00135812282131545,0.00135812282131545,0.00135812282131545,0.0331331000834964
17.7014293147066,0,0.0234372077444364,0,17.7014293147066,0.0234372077444364,0.0234372077444364,0.0234372077444364,0.0323786122878216
16.016217440795,0,-0.00369944404825601,0,16.016217440795,-0.00369944404825601,-0.00369944404825601,-0.00369944404825601,0.0376637682579198
21.1131806593051,0,-0.056056653152879,0,21.1131806593051,-0.056056653152879,-0.056056653152879,-0.056056653152879,0.033465829508006
12.511562118753,0,0.010653794636591,0,12.511562118753,0.010653794636591,0.010653794636591,0.010653794636591,0.0542734571116003
11.3110693140974,0,0.00982781565554414,0,11.3110693140974,0.00982781565554414,0.00982781565554414,0.00982781565554414,0.0152975413868066
19.3344521561619,0,-0.0178892890128142,0,19.3344521561619,-0.0178892890128142,-0.0178892890128142,-0.0178892890128142,0.0322365626104049
22.4252386829518,0,0.0149224868595611,0,22.4252386829518,0.0149224868595611,0.0149224868595611,0.0149224868595611,0.0125393113695439
12.3654554745313,0,-0.0686880413546458,0,12.3654554745313,-0.0686880413546458,-0.0686880413546458,-0.0686880413546458,0.0513325050706189
19.2556223171704,0,0.0285945738844167,0,19.2556223171704,0.0285945738844167,0.0285945738844167,0.0285945738844167,0.0139726523520546
34.7312424253189,0,0.00360906084633839,0,34.7312424253189,0.00360906084633839,0.00360906084633839,0.00360906084633839,0.017575833019559
54.7209102152747,0,0.0196726221291343,0,54.7209102152747,0.0196726221291343,0.0196726221291343,0.0196726221291343,0.0109274670854921
6.44620981534856,0,0.014846298512104,0,6.44620981534856,0.014846298512104,0.014846298512104,0.014846298512104,0.0608105741726415
13.7692792179168,0,0.045315959795906,0,13.7692792179168,0.045315959795906,0.045315959795906,0.045315959795906,0.0576659331255503
11.7030101268542,0,0.0664031592294417,0,11.7030101268542,0.0664031592294417,0.0664031592294417,0.0664031592294417,0.0318702419669784
7.36539602284415,0,-0.0247872150245361,0,7.36539602284415,-0.0247872150245361,-0.0247872150245361,-0.0247872150245361,0.114121672795408
7.17535910443418,0,0.0223584830888584,0,7.17535910443418,0.0223584830888584,0.0223584830888584,0.0223584830888584,0.0787357224553916
10.2795400430588,0,-0.0197343725876436,0,10.2795400430588,-0.0197343725876436,-0.0197343725876436,-0.0197343725876436,0.0623990846503716
11.8155784180346,0,0.132399483418963,0,11.8155784180346,0.132399483418963,0.132399483418963,0.132399483418963,0.0684128055131695
10.8363107906744,0,-0.028098390818107,0,10.8363107906744,-0.028098390818107,-0.028098390818107,-0.028098390818107,0.071926050301895
11.7003583105711,0,-0.00186774348468509,0,11.7003583105711,-0.00186774348468509,-0.00186774348468509,-0.00186774348468509,0.00589871207554302
14.1717804897526,0,0.027255899623745,0,14.1717804897526,0.027255899623745,0.027255899623745,0.027255899623745,0.0438772018708798
10.4916049522311,0,0.0132463173032987,0,10.4916049522311,0.0132463173032987,0.0132463173032987,0.0132463173032987,0.0267192917518445
17.4700053613048,0,-0.0184802916209333,0,17.4700053613048,-0.0184802916209333,-0.0184802916209333,-0.0184802916209333,0.0310328260487528
22.4190143092695,0,-0.000161199703742028,0,22.4190143092695,-0.000161199703742028,-0.000161199703742028,-0.000161199703742028,0.0167230245622351
23.3384346785706,0,0.0173424537425691,0,23.3384346785706,0.0173424537425691,0.0173424537425691,0.0173424537425691,0.0189266195413323
38.8851950923656,0,-0.0332412043876419,0,38.8851950923656,-0.0332412043876419,-0.0332412043876419,-0.0332412043876419,0.0285556564673136
33.1236118256953,0,-0.00808769374160821,0,33.1236118256953,-0.00808769374160821,-0.00808769374160821,-0.00808769374160821,0.0398141944590775
130.216227665708,0,0.0198117493038606,0,130.216227665708,0.0198117493038606,0.0198117493038606,0.0198117493038606,0.0277236387216602
9.87654480749694,0,-0.0946232449189078,0,9.87654480749694,-0.0946232449189078,-0.0946232449189078,-0.0946232449189078,0.0836731049469832
15.7641037476623,0,0.0452974152246685,0,15.7641037476623,0.0452974152246685,0.0452974152246685,0.0452974152246685,0.0222639606786319
13.2572895170701,0,-0.00547183825283213,0,13.2572895170701,-0.00547183825283213,-0.00547183825283213,-0.00547183825283213,0.0207932850711389
14.6101069409457,0,-0.0361151431713081,0,14.6101069409457,-0.0361151431713081,-0.0361151431713081,-0.0361151431713081,0.0853409147807967
9.82277228593101,0,0.003405640430707,0,9.82277228593101,0.003405640430707,0.003405640430707,0.003405640430707,0.0711265903737062
11.2420027298881,0,-0.0660500012093723,0,11.2420027298881,-0.0660500012093723,-0.0660500012093723,-0.0660500012093723,0.0384705888979592
20.250805971961,0,-0.0722114931141322,0,20.250805971961,-0.0722114931141322,-0.0722114931141322,-0.0722114931141322,0.0558422559374383
28.4056044215739,0,-0.0234835133541325,0,28.4056044215739,-0.0234835133541325,-0.0234835133541325,-0.0234835133541325,0.0460235649191708
9.44659083119766,0,-0.0979355343768668,0,9.44659083119766,-0.0979355343768668,-0.0979355343768668,-0.0979355343768668,0.106984919191722
10.6319539160187,0,0.00587821668928426,0,10.6319539160187,0.00587821668928426,0.00587821668928426,0.00587821668928426,0.0434639030773943
23.722803858762,0,0.00435490338959432,0,23.722803858762,0.00435490338959432,0.00435490338959432,0.00435490338959432,0.0172785731987079
NA,NA,NA,NA,NA,NA,NA,NA,NA
9.30240675050487,0,0.0198716605101052,0,9.30240675050487,0.0198716605101052,0.0198716605101052,0.0198716605101052,0.0714542693242479
6.82559417888738,0,-0.0208488602109932,0,6.82559417888738,-0.0208488602109932,-0.0208488602109932,-0.0208488602109932,0.0626238731585564
7.10118523761685,0,-0.0285278978712163,0,7.10118523761685,-0.0285278978712163,-0.0285278978712163,-0.0285278978712163,0.0595492352872805
8.39406695268219,0,0.0167837864563465,0,8.39406695268219,0.0167837864563465,0.0167837864563465,0.0167837864563465,0.0322473662392579
15.3813680380744,0,-0.0235768509494856,0,15.3813680380744,-0.0235768509494856,-0.0235768509494856,-0.0235768509494856,0.0385600790656454
10.9419857642508,0,-0.0876235523401562,0,10.9419857642508,-0.0876235523401562,-0.0876235523401562,-0.0876235523401562,0.0336377588977628
9.567453602661,0,-0.0130573193727359,0,9.567453602661,-0.0130573193727359,-0.0130573193727359,-0.0130573193727359,0.0264340771076804
9.56764954052794,0,-0.00578932875863998,0,9.56764954052794,-0.00578932875863998,-0.00578932875863998,-0.00578932875863998,0.0288617279537588
9.58796747981615,0,0.00725905880614161,0,9.58796747981615,0.00725905880614161,0.00725905880614161,0.00725905880614161,0.0422687684348916
15.1454884083029,0,0.0687427351592194,0,15.1454884083029,0.0687427351592194,0.0687427351592194,0.0687427351592194,0.0334809714396658
9.72468903389732,0,0.0209196079014141,0,9.72468903389732,0.0209196079014141,0.0209196079014141,0.0209196079014141,0.0473210924820652
14.8412385484711,0,0.00805813747067324,0,14.8412385484711,0.00805813747067324,0.00805813747067324,0.00805813747067324,0.0331399934197975
10.6567948708008,0,0.0203455428827325,0,10.6567948708008,0.0203455428827325,0.0203455428827325,0.0203455428827325,0.0367174068081082
12.7697291709358,0,0.00135812282131545,0,12.7697291709358,0.00135812282131545,0.00135812282131545,0.00135812282131545,0.0331331000834964
17.7014293147066,0,0.0234372077444364,0,17.7014293147066,0.0234372077444364,0.0234372077444364,0.0234372077444364,0.0323786122878216
16.016217440795,0,-0.00369944404825601,0,16.016217440795,-0.00369944404825601,-0.00369944404825601,-0.00369944404825601,0.0376637682579198
21.1131806593051,0,-0.056056653152879,0,21.1131806593051,-0.056056653152879,-0.056056653152879,-0.056056653152879,0.033465829508006
12.511562118753,0,0.010653794636591,0,12.511562118753,0.010653794636591,0.010653794636591,0.010653794636591,0.0542734571116003
11.3110693140974,0,0.00982781565554414,0,11.3110693140974,0.00982781565554414,0.00982781565554414,0.00982781565554414,0.0152975413868066
19.3344521561619,0,-0.0178892890128142,0,19.3344521561619,-0.0178892890128142,-0.0178892890128142,-0.0178892890128142,0.0322365626104049
22.4252386829518,0,0.0149224868595611,0,22.4252386829518,0.0149224868595611,0.0149224868595611,0.0149224868595611,0.0125393113695439
12.3654554745313,0,-0.0686880413546458,0,12.3654554745313,-0.0686880413546458,-0.0686880413546458,-0.0686880413546458,0.0513325050706189
19.2556223171704,0,0.0285945738844167,0,19.2556223171704,0.0285945738844167,0.0285945738844167,0.0285945738844167,0.0139726523520546
34.7312424253189,0,0.00360906084633839,0,34.7312424253189,0.00360906084633839,0.00360906084633839,0.00360906084633839,0.017575833019559
54.7209102152747,0,0.0196726221291343,0,54.7209102152747,0.0196726221291343,0.0196726221291343,0.0196726221291343,0.0109274670854921
6.44620981534856,0,0.014846298512104,0,6.44620981534856,0.014846298512104,0.014846298512104,0.014846298512104,0.0608105741726415
13.7692792179168,0,0.045315959795906,0,13.7692792179168,0.045315959795906,0.045315959795906,0.045315959795906,0.0576659331255503
11.7030101268542,0,0.0664031592294417,0,11.7030101268542,0.0664031592294417,0.0664031592294417,0.0664031592294417,0.0318702419669784
7.36539602284415,0,-0.0247872150245361,0,7.36539602284415,-0.0247872150245361,-0.0247872150245361,-0.0247872150245361,0.114121672795408
7.17535910443418,0,0.0223584830888584,0,7.17535910443418,0.0223584830888584,0.0223584830888584,0.0223584830888584,0.0787357224553916
10.2795400430588,0,-0.0197343725876436,0,10.2795400430588,-0.0197343725876436,-0.0197343725876436,-0.0197343725876436,0.0623990846503716
11.8155784180346,0,0.132399483418963,0,11.8155784180346,0.132399483418963,0.132399483418963,0.132399483418963,0.0684128055131695
10.8363107906744,0,-0.028098390818107,0,10.8363107906744,-0.028098390818107,-0.028098390818107,-0.028098390818107,0.071926050301895
11.7003583105711,0,-0.00186774348468509,0,11.7003583105711,-0.00186774348468509,-0.00186774348468509,-0.00186774348468509,0.00589871207554302
14.1717804897526,0,0.027255899623745,0,14.1717804897526,0.027255899623745,0.027255899623745,0.027255899623745,0.0438772018708798
10.4916049522311,0,0.0132463173032987,0,10.4916049522311,0.0132463173032987,0.0132463173032987,0.0132463173032987,0.0267192917518445
17.4700053613048,0,-0.0184802916209333,0,17.4700053613048,-0.0184802916209333,-0.0184802916209333,-0.0184802916209333,0.0310328260487528
22.4190143092695,0,-0.000161199703742028,0,22.4190143092695,-0.000161199703742028,-0.000161199703742028,-0.000161199703742028,0.0167230245622351
23.3384346785706,0,0.0173424537425691,0,23.3384346785706,0.0173424537425691,0.0173424537425691,0.0173424537425691,0.0189266195413323
38.8851950923656,0,-0.0332412043876419,0,38.8851950923656,-0.0332412043876419,-0.0332412043876419,-0.0332412043876419,0.0285556564673136
33.1236118256953,0,-0.00808769374160821,0,33.1236118256953,-0.00808769374160821,-0.00808769374160821,-0.00808769374160821,0.0398141944590775
130.216227665708,0,0.0198117493038606,0,130.216227665708,0.0198117493038606,0.0198117493038606,0.0198117493038606,0.0277236387216602
9.87654480749694,0,-0.0946232449189078,0,9.87654480749694,-0.0946232449189078,-0.0946232449189078,-0.0946232449189078,0.0836731049469832
15.7641037476623,0,0.0452974152246685,0,15.7641037476623,0.0452974152246685,0.0452974152246685,0.0452974152246685,0.0222639606786319
13.2572895170701,0,-0.00547183825283213,0,13.2572895170701,-0.00547183825283213,-0.00547183825283213,-0.00547183825283213,0.0207932850711389
14.6101069409457,0,-0.0361151431713081,0,14.6101069409457,-0.0361151431713081,-0.0361151431713081,-0.0361151431713081,0.0853409147807967
9.82277228593101,0,0.003405640430707,0,9.82277228593101,0.003405640430707,0.003405640430707,0.003405640430707,0.0711265903737062
11.2420027298881,0,-0.0660500012093723,0,11.2420027298881,-0.0660500012093723,-0.0660500012093723,-0.0660500012093723,0.0384705888979592
20.250805971961,0,-0.0722114931141322,0,20.250805971961,-0.0722114931141322,-0.0722114931141322,-0.0722114931141322,0.0558422559374383
28.4056044215739,0,-0.0234835133541325,0,28.4056044215739,-0.0234835133541325,-0.0234835133541325,-0.0234835133541325,0.0460235649191708
9.44659083119766,0,-0.0979355343768668,0,9.44659083119766,-0.0979355343768668,-0.0979355343768668,-0.0979355343768668,0.106984919191722
10.6319539160187,0,0.00587821668928426,0,10.6319539160187,0.00587821668928426,0.00587821668928426,0.00587821668928426,0.0434639030773943
23.722803858762,0,0.00435490338959432,0,23.722803858762,0.00435490338959432,0.00435490338959432,0.00435490338959432,0.0172785731987079
NA,NA,NA,NA,NA,NA,NA,NA,NA
9.30240675050487,0,0.0198716605101052,0,9.30240675050487,0.0198716605101052,0.0198716605101052,0.0198716605101052,0.0714542693242479
6.82559417888738,0,-0.0208488602109932,0,6.82559417888738,-0.0208488602109932,-0.0208488602109932,-0.0208488602109932,0.0626238731585564
7.10118523761685,0,-0.0285278978712163,0,7.10118523761685,-0.0285278978712163,-0.0285278978712163,-0.0285278978712163,0.0595492352872805
8.39406695268219,0,0.0167837864563465,0,8.39406695268219,0.0167837864563465,0.0167837864563465,0.0167837864563465,0.0322473662392579
15.3813680380744,0,-0.0235768509494856,0,15.3813680380744,-0.0235768509494856,-0.0235768509494856,-0.0235768509494856,0.0385600790656454
10.9419857642508,0,-0.0876235523401562,0,10.9419857642508,-0.0876235523401562,-0.0876235523401562,-0.0876235523401562,0.0336377588977628
9.567453602661,0,-0.0130573193727359,0,9.567453602661,-0.0130573193727359,-0.0130573193727359,-0.0130573193727359,0.0264340771076804
9.56764954052794,0,-0.00578932875863998,0,9.56764954052794,-0.00578932875863998,-0.00578932875863998,-0.00578932875863998,0.0288617279537588
9.58796747981615,0,0.00725905880614161,0,9.58796747981615,0.00725905880614161,0.00725905880614161,0.00725905880614161,0.0422687684348916
15.1454884083029,0,0.0687427351592194,0,15.1454884083029,0.0687427351592194,0.0687427351592194,0.0687427351592194,0.0334809714396658
9.72468903389732,0,0.0209196079014141,0,9.72468903389732,0.0209196079014141,0.0209196079014141,0.0209196079014141,0.0473210924820652
14.8412385484711,0,0.00805813747067324,0,14.8412385484711,0.00805813747067324,0.00805813747067324,0.00805813747067324,0.0331399934197975
10.6567948708008,0,0.0203455428827325,0,10.6567948708008,0.0203455428827325,0.0203455428827325,0.0203455428827325,0.0367174068081082
12.7697291709358,0,0.00135812282131545,0,12.7697291709358,0.00135812282131545,0.00135812282131545,0.00135812282131545,0.0331331000834964
17.7014293147066,0,0.0234372077444364,0,17.7014293147066,0.0234372077444364,0.0234372077444364,0.0234372077444364,0.0323786122878216
16.016217440795,0,-0.00369944404825601,0,16.016217440795,-0.00369944404825601,-0.00369944404825601,-0.00369944404825601,0.0376637682579198
21.1131806593051,0,-0.056056653152879,0,21.1131806593051,-0.056056653152879,-0.056056653152879,-0.056056653152879,0.033465829508006
12.511562118753,0,0.010653794636591,0,12.511562118753,0.010653794636591,0.010653794636591,0.010653794636591,0.0542734571116003
11.3110693140974,0,0.00982781565554414,0,11.3110693140974,0.00982781565554414,0.00982781565554414,0.00982781565554414,0.0152975413868066
19.3344521561619,0,-0.0178892890128142,0,19.3344521561619,-0.0178892890128142,-0.0178892890128142,-0.0178892890128142,0.0322365626104049
22.4252386829518,0,0.0149224868595611,0,22.4252386829518,0.0149224868595611,0.0149224868595611,0.0149224868595611,0.0125393113695439
12.3654554745313,0,-0.0686880413546458,0,12.3654554745313,-0.0686880413546458,-0.0686880413546458,-0.0686880413546458,0.0513325050706189
19.2556223171704,0,0.0285945738844167,0,19.2556223171704,0.0285945738844167,0.0285945738844167,0.0285945738844167,0.0139726523520546
34.7312424253189,0,0.00360906084633839,0,34.7312424253189,0.00360906084633839,0.00360906084633839,0.00360906084633839,0.017575833019559
54.7209102152747,0,0.0196726221291343,0,54.7209102152747,0.0196726221291343,0.0196726221291343,0.0196726221291343,0.0109274670854921
6.44620981534856,0,0.014846298512104,0,6.44620981534856,0.014846298512104,0.014846298512104,0.014846298512104,0.0608105741726415
13.7692792179168,0,0.045315959795906,0,13.7692792179168,0.045315959795906,0.045315959795906,0.045315959795906,0.0576659331255503
11.7030101268542,0,0.0664031592294417,0,11.7030101268542,0.0664031592294417,0.0664031592294417,0.0664031592294417,0.0318702419669784
7.36539602284415,0,-0.0247872150245361,0,7.36539602284415,-0.0247872150245361,-0.0247872150245361,-0.0247872150245361,0.114121672795408
7.17535910443418,0,0.0223584830888584,0,7.17535910443418,0.0223584830888584,0.0223584830888584,0.0223584830888584,0.0787357224553916
10.2795400430588,0,-0.0197343725876436,0,10.2795400430588,-0.0197343725876436,-0.0197343725876436,-0.0197343725876436,0.0623990846503716
11.8155784180346,0,0.132399483418963,0,11.8155784180346,0.132399483418963,0.132399483418963,0.132399483418963,0.0684128055131695
10.8363107906744,0,-0.028098390818107,0,10.8363107906744,-0.028098390818107,-0.028098390818107,-0.028098390818107,0.071926050301895
11.7003583105711,0,-0.00186774348468509,0,11.7003583105711,-0.00186774348468509,-0.00186774348468509,-0.00186774348468509,0.00589871207554302
14.1717804897526,0,0.027255899623745,0,14.1717804897526,0.027255899623745,0.027255899623745,0.027255899623745,0.0438772018708798
10.4916049522311,0,0.0132463173032987,0,10.4916049522311,0.0132463173032987,0.0132463173032987,0.0132463173032987,0.0267192917518445
17.4700053613048,0,-0.0184802916209333,0,17.4700053613048,-0.0184802916209333,-0.0184802916209333,-0.0184802916209333,0.0310328260487528
22.4190143092695,0,-0.000161199703742028,0,22.4190143092695,-0.000161199703742028,-0.000161199703742028,-0.000161199703742028,0.0167230245622351
23.3384346785706,0,0.0173424537425691,0,23.3384346785706,0.0173424537425691,0.0173424537425691,0.0173424537425691,0.0189266195413323
38.8851950923656,0,-0.0332412043876419,0,38.8851950923656,-0.0332412043876419,-0.0332412043876419,-0.0332412043876419,0.0285556564673136
33.1236118256953,0,-0.00808769374160821,0,33.1236118256953,-0.00808769374160821,-0.00808769374160821,-0.00808769374160821,0.0398141944590775
130.216227665708,0,0.0198117493038606,0,130.216227665708,0.0198117493038606,0.0198117493038606,0.0198117493038606,0.0277236387216602
9.87654480749694,0,-0.0946232449189078,0,9.87654480749694,-0.0946232449189078,-0.0946232449189078,-0.0946232449189078,0.0836731049469832
15.7641037476623,0,0.0452974152246685,0,15.7641037476623,0.0452974152246685,0.0452974152246685,0.0452974152246685,0.0222639606786319
13.2572895170701,0,-0.00547183825283213,0,13.2572895170701,-0.00547183825283213,-0.00547183825283213,-0.00547183825283213,0.0207932850711389
14.6101069409457,0,-0.0361151431713081,0,14.6101069409457,-0.0361151431713081,-0.0361151431713081,-0.0361151431713081,0.0853409147807967
9.82277228593101,0,0.003405640430707,0,9.82277228593101,0.003405640430707,0.003405640430707,0.003405640430707,0.0711265903737062
11.2420027298881,0,-0.0660500012093723,0,11.2420027298881,-0.0660500012093723,-0.0660500012093723,-0.0660500012093723,0.0384705888979592
20.250805971961,0,-0.0722114931141322,0,20.250805971961,-0.0722114931141322,-0.0722114931141322,-0.0722114931141322,0.0558422559374383
28.4056044215739,0,-0.0234835133541325,0,28.4056044215739,-0.0234835133541325,-0.0234835133541325,-0.0234835133541325,0.0460235649191708
9.44659083119766,0,-0.0979355343768668,0,9.44659083119766,-0.0979355343768668,-0.0979355343768668,-0.0979355343768668,0.106984919191722
10.6319539160187,0,0.00587821668928426,0,10.6319539160187,0.00587821668928426,0.00587821668928426,0.00587821668928426,0.0434639030773943
23.722803858762,0,0.00435490338959432,0,23.722803858762,0.00435490338959432,0.00435490338959432,0.00435490338959432,0.0172785731987079
NA,NA,NA,NA,NA,NA,NA,NA,NA
9.30240675050487,0,0.0198716605101052,0,9.30240675050487,0.0198716605101052,0.0198716605101052,0.0198716605101052,0.0714542693242479
6.82559417888738,0,-0.0208488602109932,0,6.82559417888738,-0.0208488602109932,-0.0208488602109932,-0.0208488602109932,0.0626238731585564
7.10118523761685,0,-0.0285278978712163,0,7.10118523761685,-0.0285278978712163,-0.0285278978712163,-0.0285278978712163,0.0595492352872805
8.39406695268219,0,0.0167837864563465,0,8.39406695268219,0.0167837864563465,0.0167837864563465,0.0167837864563465,0.0322473662392579
15.3813680380744,0,-0.0235768509494856,0,15.3813680380744,-0.0235768509494856,-0.0235768509494856,-0.0235768509494856,0.0385600790656454
10.9419857642508,0,-0.0876235523401562,0,10.9419857642508,-0.0876235523401562,-0.0876235523401562,-0.0876235523401562,0.0336377588977628
9.567453602661,0,-0.0130573193727359,0,9.567453602661,-0.0130573193727359,-0.0130573193727359,-0.0130573193727359,0.0264340771076804
9.56764954052794,0,-0.00578932875863998,0,9.56764954052794,-0.00578932875863998,-0.00578932875863998,-0.00578932875863998,0.0288617279537588
9.58796747981615,0,0.00725905880614161,0,9.58796747981615,0.00725905880614161,0.00725905880614161,0.00725905880614161,0.0422687684348916
15.1454884083029,0,0.0687427351592194,0,15.1454884083029,0.0687427351592194,0.0687427351592194,0.0687427351592194,0.0334809714396658
9.72468903389732,0,0.0209196079014141,0,9.72468903389732,0.0209196079014141,0.0209196079014141,0.0209196079014141,0.0473210924820652
14.8412385484711,0,0.00805813747067324,0,14.8412385484711,0.00805813747067324,0.00805813747067324,0.00805813747067324,0.0331399934197975
10.6567948708008,0,0.0203455428827325,0,10.6567948708008,0.0203455428827325,0.0203455428827325,0.0203455428827325,0.0367174068081082
12.7697291709358,0,0.00135812282131545,0,12.7697291709358,0.00135812282131545,0.00135812282131545,0.00135812282131545,0.0331331000834964
17.7014293147066,0,0.0234372077444364,0,17.7014293147066,0.0234372077444364,0.0234372077444364,0.0234372077444364,0.0323786122878216
16.016217440795,0,-0.00369944404825601,0,16.016217440795,-0.00369944404825601,-0.00369944404825601,-0.00369944404825601,0.0376637682579198
21.1131806593051,0,-0.056056653152879,0,21.1131806593051,-0.056056653152879,-0.056056653152879,-0.056056653152879,0.033465829508006
12.511562118753,0,0.010653794636591,0,12.511562118753,0.010653794636591,0.010653794636591,0.010653794636591,0.0542734571116003
11.3110693140974,0,0.00982781565554414,0,11.3110693140974,0.00982781565554414,0.00982781565554414,0.00982781565554414,0.0152975413868066
19.3344521561619,0,-0.0178892890128142,0,19.3344521561619,-0.0178892890128142,-0.0178892890128142,-0.0178892890128142,0.0322365626104049
22.4252386829518,0,0.0149224868595611,0,22.4252386829518,0.0149224868595611,0.0149224868595611,0.0149224868595611,0.0125393113695439
12.3654554745313,0,-0.0686880413546458,0,12.3654554745313,-0.0686880413546458,-0.0686880413546458,-0.0686880413546458,0.0513325050706189
19.2556223171704,0,0.0285945738844167,0,19.2556223171704,0.0285945738844167,0.0285945738844167,0.0285945738844167,0.0139726523520546
34.7312424253189,0,0.00360906084633839,0,34.7312424253189,0.00360906084633839,0.00360906084633839,0.00360906084633839,0.017575833019559
54.7209102152747,0,0.0196726221291343,0,54.7209102152747,0.0196726221291343,0.0196726221291343,0.0196726221291343,0.0109274670854921
6.44620981534856,0,0.014846298512104,0,6.44620981534856,0.014846298512104,0.014846298512104,0.014846298512104,0.0608105741726415
13.7692792179168,0,0.045315959795906,0,13.7692792179168,0.045315959795906,0.045315959795906,0.045315959795906,0.0576659331255503
11.7030101268542,0,0.0664031592294417,0,11.7030101268542,0.0664031592294417,0.0664031592294417,0.0664031592294417,0.0318702419669784
7.36539602284415,0,-0.0247872150245361,0,7.36539602284415,-0.0247872150245361,-0.0247872150245361,-0.0247872150245361,0.114121672795408
7.17535910443418,0,0.0223584830888584,0,7.17535910443418,0.0223584830888584,0.0223584830888584,0.0223584830888584,0.0787357224553916
10.2795400430588,0,-0.0197343725876436,0,10.2795400430588,-0.0197343725876436,-0.0197343725876436,-0.0197343725876436,0.0623990846503716
11.8155784180346,0,0.132399483418963,0,11.8155784180346,0.132399483418963,0.132399483418963,0.132399483418963,0.0684128055131695
10.8363107906744,0,-0.028098390818107,0,10.8363107906744,-0.028098390818107,-0.028098390818107,-0.028098390818107,0.071926050301895
11.7003583105711,0,-0.00186774348468509,0,11.7003583105711,-0.00186774348468509,-0.00186774348468509,-0.00186774348468509,0.00589871207554302
14.1717804897526,0,0.027255899623745,0,14.1717804897526,0.027255899623745,0.027255899623745,0.027255899623745,0.0438772018708798
10.4916049522311,0,0.0132463173032987,0,10.4916049522311,0.0132463173032987,0.0132463173032987,0.0132463173032987,0.0267192917518445
17.4700053613048,0,-0.0184802916209333,0,17.4700053613048,-0.0184802916209333,-0.0184802916209333,-0.0184802916209333,0.0310328260487528
22.4190143092695,0,-0.000161199703742028,0,22.4190143092695,-0.000161199703742028,-0.000161199703742028,-0.000161199703742028,0.0167230245622351
23.3384346785706,0,0.0173424537425691,0,23.3384346785706,0.0173424537425691,0.0173424537425691,0.0173424537425691,0.0189266195413323
38.8851950923656,0,-0.0332412043876419,0,38.8851950923656,-0.0332412043876419,-0.0332412043876419,-0.0332412043876419,0.0285556564673136
33.1236118256953,0,-0.00808769374160821,0,33.1236118256953,-0.00808769374160821,-0.00808769374160821,-0.00808769374160821,0.0398141944590775
130.216227665708,0,0.0198117493038606,0,130.216227665708,0.0198117493038606,0.0198117493038606,0.0198117493038606,0.0277236387216602
9.87654480749694,0,-0.0946232449189078,0,9.87654480749694,-0.0946232449189078,-0.0946232449189078,-0.0946232449189078,0.0836731049469832
15.7641037476623,0,0.0452974152246685,0,15.7641037476623,0.0452974152246685,0.0452974152246685,0.0452974152246685,0.0222639606786319
13.2572895170701,0,-0.00547183825283213,0,13.2572895170701,-0.00547183825283213,-0.00547183825283213,-0.00547183825283213,0.0207932850711389
14.6101069409457,0,-0.0361151431713081,0,14.6101069409457,-0.0361151431713081,-0.0361151431713081,-0.0361151431713081,0.0853409147807967
9.82277228593101,0,0.003405640430707,0,9.82277228593101,0.003405640430707,0.003405640430707,0.003405640430707,0.0711265903737062
11.2420027298881,0,-0.0660500012093723,0,11.2420027298881,-0.0660500012093723,-0.0660500012093723,-0.0660500012093723,0.0384705888979592
20.250805971961,0,-0.0722114931141322,0,20.250805971961,-0.0722114931141322,-0.0722114931141322,-0.0722114931141322,0.0558422559374383
28.4056044215739,0,-0.0234835133541325,0,28.4056044215739,-0.0234835133541325,-0.0234835133541325,-0.0234835133541325,0.0460235649191708
9.44659083119766,0,-0.0979355343768668,0,9.44659083119766,-0.0979355343768668,-0.0979355343768668,-0.0979355343768668,0.106984919191722
10.6319539160187,0,0.00587821668928426,0,10.6319539160187,0.00587821668928426,0.00587821668928426,0.00587821668928426,0.0434639030773943
23.722803858762,0,0.00435490338959432,0,23.722803858762,0.00435490338959432,0.00435490338959432,0.00435490338959432,0.0172785731987079
NA,NA,NA,NA,NA,NA,NA,NA,NA
9.30240675050487,0,0.0198716605101052,0,9.30240675050487,0.0198716605101052,0.0198716605101052,0.0198716605101052,0.0714542693242479
6.82559417888738,0,-0.0208488602109932,0,6.82559417888738,-0.0208488602109932,-0.0208488602109932,-0.0208488602109932,0.0626238731585564
7.10118523761685,0,-0.0285278978712163,0,7.10118523761685,-0.0285278978712163,-0.0285278978712163,-0.0285278978712163,0.0595492352872805
8.39406695268219,0,0.0167837864563465,0,8.39406695268219,0.0167837864563465,0.0167837864563465,0.0167837864563465,0.0322473662392579
15.3813680380744,0,-0.0235768509494856,0,15.3813680380744,-0.0235768509494856,-0.0235768509494856,-0.0235768509494856,0.0385600790656454
10.9419857642508,0,-0.0876235523401562,0,10.9419857642508,-0.0876235523401562,-0.0876235523401562,-0.0876235523401562,0.0336377588977628
9.567453602661,0,-0.0130573193727359,0,9.567453602661,-0.0130573193727359,-0.0130573193727359,-0.0130573193727359,0.0264340771076804
9.56764954052794,0,-0.00578932875863998,0,9.56764954052794,-0.00578932875863998,-0.00578932875863998,-0.00578932875863998,0.0288617279537588
9.58796747981615,0,0.00725905880614161,0,9.58796747981615,0.00725905880614161,0.00725905880614161,0.00725905880614161,0.0422687684348916
15.1454884083029,0,0.0687427351592194,0,15.1454884083029,0.0687427351592194,0.0687427351592194,0.0687427351592194,0.0334809714396658
9.72468903389732,0,0.0209196079014141,0,9.72468903389732,0.0209196079014141,0.0209196079014141,0.0209196079014141,0.0473210924820652
14.8412385484711,0,0.00805813747067324,0,14.8412385484711,0.00805813747067324,0.00805813747067324,0.00805813747067324,0.0331399934197975
10.6567948708008,0,0.0203455428827325,0,10.6567948708008,0.0203455428827325,0.0203455428827325,0.0203455428827325,0.0367174068081082
12.7697291709358,0,0.00135812282131545,0,12.7697291709358,0.00135812282131545,0.00135812282131545,0.00135812282131545,0.0331331000834964
17.7014293147066,0,0.0234372077444364,0,17.7014293147066,0.0234372077444364,0.0234372077444364,0.0234372077444364,0.0323786122878216
16.016217440795,0,-0.00369944404825601,0,16.016217440795,-0.00369944404825601,-0.00369944404825601,-0.00369944404825601,0.0376637682579198
21.1131806593051,0,-0.056056653152879,0,21.1131806593051,-0.056056653152879,-0.056056653152879,-0.056056653152879,0.033465829508006
12.511562118753,0,0.010653794636591,0,12.511562118753,0.010653794636591,0.010653794636591,0.010653794636591,0.0542734571116003
11.3110693140974,0,0.00982781565554414,0,11.3110693140974,0.00982781565554414,0.00982781565554414,0.00982781565554414,0.0152975413868066
19.3344521561619,0,-0.0178892890128142,0,19.3344521561619,-0.0178892890128142,-0.0178892890128142,-0.0178892890128142,0.0322365626104049
22.4252386829518,0,0.0149224868595611,0,22.4252386829518,0.0149224868595611,0.0149224868595611,0.0149224868595611,0.0125393113695439
12.3654554745313,0,-0.0686880413546458,0,12.3654554745313,-0.0686880413546458,-0.0686880413546458,-0.0686880413546458,0.0513325050706189
19.2556223171704,0,0.0285945738844167,0,19.2556223171704,0.0285945738844167,0.0285945738844167,0.0285945738844167,0.0139726523520546
34.7312424253189,0,0.00360906084633839,0,34.7312424253189,0.00360906084633839,0.00360906084633839,0.00360906084633839,0.017575833019559
54.7209102152747,0,0.0196726221291343,0,54.7209102152747,0.0196726221291343,0.0196726221291343,0.0196726221291343,0.0109274670854921
6.44620981534856,0,0.014846298512104,0,6.44620981534856,0.014846298512104,0.014846298512104,0.014846298512104,0.0608105741726415
13.7692792179168,0,0.045315959795906,0,13.7692792179168,0.045315959795906,0.045315959795906,0.045315959795906,0.0576659331255503
11.7030101268542,0,0.0664031592294417,0,11.7030101268542,0.0664031592294417,0.0664031592294417,0.0664031592294417,0.0318702419669784
7.36539602284415,0,-0.0247872150245361,0,7.36539602284415,-0.0247872150245361,-0.0247872150245361,-0.0247872150245361,0.114121672795408
7.17535910443418,0,0.0223584830888584,0,7.17535910443418,0.0223584830888584,0.0223584830888584,0.0223584830888584,0.0787357224553916
10.2795400430588,0,-0.0197343725876436,0,10.2795400430588,-0.0197343725876436,-0.0197343725876436,-0.0197343725876436,0.0623990846503716
11.8155784180346,0,0.132399483418963,0,11.8155784180346,0.132399483418963,0.132399483418963,0.132399483418963,0.0684128055131695
10.8363107906744,0,-0.028098390818107,0,10.8363107906744,-0.028098390818107,-0.028098390818107,-0.028098390818107,0.071926050301895
11.7003583105711,0,-0.00186774348468509,0,11.7003583105711,-0.00186774348468509,-0.00186774348468509,-0.00186774348468509,0.00589871207554302
14.1717804897526,0,0.027255899623745,0,14.1717804897526,0.027255899623745,0.027255899623745,0.027255899623745,0.0438772018708798
10.4916049522311,0,0.0132463173032987,0,10.4916049522311,0.0132463173032987,0.0132463173032987,0.0132463173032987,0.0267192917518445
17.4700053613048,0,-0.0184802916209333,0,17.4700053613048,-0.0184802916209333,-0.0184802916209333,-0.0184802916209333,0.0310328260487528
22.4190143092695,0,-0.000161199703742028,0,22.4190143092695,-0.000161199703742028,-0.000161199703742028,-0.000161199703742028,0.0167230245622351
23.3384346785706,0,0.0173424537425691,0,23.3384346785706,0.0173424537425691,0.0173424537425691,0.0173424537425691,0.0189266195413323
38.8851950923656,0,-0.0332412043876419,0,38.8851950923656,-0.0332412043876419,-0.0332412043876419,-0.0332412043876419,0.0285556564673136
33.1236118256953,0,-0.00808769374160821,0,33.1236118256953,-0.00808769374160821,-0.00808769374160821,-0.00808769374160821,0.0398141944590775
130.216227665708,0,0.0198117493038606,0,130.216227665708,0.0198117493038606,0.0198117493038606,0.0198117493038606,0.0277236387216602
9.87654480749694,0,-0.0946232449189078,0,9.87654480749694,-0.0946232449189078,-0.0946232449189078,-0.0946232449189078,0.0836731049469832
15.7641037476623,0,0.0452974152246685,0,15.7641037476623,0.0452974152246685,0.0452974152246685,0.0452974152246685,0.0222639606786319
13.2572895170701,0,-0.00547183825283213,0,13.2572895170701,-0.00547183825283213,-0.00547183825283213,-0.00547183825283213,0.0207932850711389
14.6101069409457,0,-0.0361151431713081,0,14.6101069409457,-0.0361151431713081,-0.0361151431713081,-0.0361151431713081,0.0853409147807967
9.82277228593101,0,0.003405640430707,0,9.82277228593101,0.003405640430707,0.003405640430707,0.003405640430707,0.0711265903737062
11.2420027298881,0,-0.0660500012093723,0,11.2420027298881,-0.0660500012093723,-0.0660500012093723,-0.0660500012093723,0.0384705888979592
20.250805971961,0,-0.0722114931141322,0,20.250805971961,-0.0722114931141322,-0.0722114931141322,-0.0722114931141322,0.0558422559374383
28.4056044215739,0,-0.0234835133541325,0,28.4056044215739,-0.0234835133541325,-0.0234835133541325,-0.0234835133541325,0.0460235649191708
9.44659083119766,0,-0.0979355343768668,0,9.44659083119766,-0.0979355343768668,-0.0979355343768668,-0.0979355343768668,0.106984919191722
10.6319539160187,0,0.00587821668928426,0,10.6319539160187,0.00587821668928426,0.00587821668928426,0.00587821668928426,0.0434639030773943
23.722803858762,0,0.00435490338959432,0,23.722803858762,0.00435490338959432,0.00435490338959432,0.00435490338959432,0.0172785731987079
NA,NA,NA,NA,NA,NA,NA,NA,NA
9.30240675050487,0,0.0198716605101052,0,9.30240675050487,0.0198716605101052,0.0198716605101052,0.0198716605101052,0.0714542693242479
6.82559417888738,0,-0.0208488602109932,0,6.82559417888738,-0.0208488602109932,-0.0208488602109932,-0.0208488602109932,0.0626238731585564
7.10118523761685,0,-0.0285278978712163,0,7.10118523761685,-0.0285278978712163,-0.0285278978712163,-0.0285278978712163,0.0595492352872805
8.39406695268219,0,0.0167837864563465,0,8.39406695268219,0.0167837864563465,0.0167837864563465,0.0167837864563465,0.0322473662392579
15.3813680380744,0,-0.0235768509494856,0,15.3813680380744,-0.0235768509494856,-0.0235768509494856,-0.0235768509494856,0.0385600790656454
10.9419857642508,0,-0.0876235523401562,0,10.9419857642508,-0.0876235523401562,-0.0876235523401562,-0.0876235523401562,0.0336377588977628
9.567453602661,0,-0.0130573193727359,0,9.567453602661,-0.0130573193727359,-0.0130573193727359,-0.0130573193727359,0.0264340771076804
9.56764954052794,0,-0.00578932875863998,0,9.56764954052794,-0.00578932875863998,-0.00578932875863998,-0.00578932875863998,0.0288617279537588
9.58796747981615,0,0.00725905880614161,0,9.58796747981615,0.00725905880614161,0.00725905880614161,0.00725905880614161,0.0422687684348916
15.1454884083029,0,0.0687427351592194,0,15.1454884083029,0.0687427351592194,0.0687427351592194,0.0687427351592194,0.0334809714396658
9.72468903389732,0,0.0209196079014141,0,9.72468903389732,0.0209196079014141,0.0209196079014141,0.0209196079014141,0.0473210924820652
14.8412385484711,0,0.00805813747067324,0,14.8412385484711,0.00805813747067324,0.00805813747067324,0.00805813747067324,0.0331399934197975
10.6567948708008,0,0.0203455428827325,0,10.6567948708008,0.0203455428827325,0.0203455428827325,0.0203455428827325,0.0367174068081082
12.7697291709358,0,0.00135812282131545,0,12.7697291709358,0.00135812282131545,0.00135812282131545,0.00135812282131545,0.0331331000834964
17.7014293147066,0,0.0234372077444364,0,17.7014293147066,0.0234372077444364,0.0234372077444364,0.0234372077444364,0.0323786122878216
16.016217440795,0,-0.00369944404825601,0,16.016217440795,-0.00369944404825601,-0.00369944404825601,-0.00369944404825601,0.0376637682579198
21.1131806593051,0,-0.056056653152879,0,21.1131806593051,-0.056056653152879,-0.056056653152879,-0.056056653152879,0.033465829508006
12.511562118753,0,0.010653794636591,0,12.511562118753,0.010653794636591,0.010653794636591,0.010653794636591,0.0542734571116003
11.3110693140974,0,0.00982781565554414,0,11.3110693140974,0.00982781565554414,0.00982781565554414,0.00982781565554414,0.0152975413868066
19.3344521561619,0,-0.0178892890128142,0,19.3344521561619,-0.0178892890128142,-0.0178892890128142,-0.0178892890128142,0.0322365626104049
22.4252386829518,0,0.0149224868595611,0,22.4252386829518,0.0149224868595611,0.0149224868595611,0.0149224868595611,0.0125393113695439
12.3654554745313,0,-0.0686880413546458,0,12.3654554745313,-0.0686880413546458,-0.0686880413546458,-0.0686880413546458,0.0513325050706189
19.2556223171704,0,0.0285945738844167,0,19.2556223171704,0.0285945738844167,0.0285945738844167,0.0285945738844167,0.0139726523520546
34.7312424253189,0,0.00360906084633839,0,34.7312424253189,0.00360906084633839,0.00360906084633839,0.00360906084633839,0.017575833019559
54.7209102152747,0,0.0196726221291343,0,54.7209102152747,0.0196726221291343,0.0196726221291343,0.0196726221291343,0.0109274670854921
6.44620981534856,0,0.014846298512104,0,6.44620981534856,0.014846298512104,0.014846298512104,0.014846298512104,0.0608105741726415
13.7692792179168,0,0.045315959795906,0,13.7692792179168,0.045315959795906,0.045315959795906,0.045315959795906,0.0576659331255503
11.7030101268542,0,0.0664031592294417,0,11.7030101268542,0.0664031592294417,0.0664031592294417,0.0664031592294417,0.0318702419669784
7.36539602284415,0,-0.0247872150245361,0,7.36539602284415,-0.0247872150245361,-0.0247872150245361,-0.0247872150245361,0.114121672795408
7.17535910443418,0,0.0223584830888584,0,7.17535910443418,0.0223584830888584,0.0223584830888584,0.0223584830888584,0.0787357224553916
10.2795400430588,0,-0.0197343725876436,0,10.2795400430588,-0.0197343725876436,-0.0197343725876436,-0.0197343725876436,0.0623990846503716
11.8155784180346,0,0.132399483418963,0,11.8155784180346,0.132399483418963,0.132399483418963,0.132399483418963,0.0684128055131695
10.8363107906744,0,-0.028098390818107,0,10.8363107906744,-0.028098390818107,-0.028098390818107,-0.028098390818107,0.071926050301895
11.7003583105711,0,-0.00186774348468509,0,11.7003583105711,-0.00186774348468509,-0.00186774348468509,-0.00186774348468509,0.00589871207554302
14.1717804897526,0,0.027255899623745,0,14.1717804897526,0.027255899623745,0.027255899623745,0.027255899623745,0.0438772018708798
10.4916049522311,0,0.0132463173032987,0,10.4916049522311,0.0132463173032987,0.0132463173032987,0.0132463173032987,0.0267192917518445
17.4700053613048,0,-0.0184802916209333,0,17.4700053613048,-0.0184802916209333,-0.0184802916209333,-0.0184802916209333,0.0310328260487528
22.4190143092695,0,-0.000161199703742028,0,22.4190143092695,-0.000161199703742028,-0.000161199703742028,-0.000161199703742028,0.0167230245622351
23.3384346785706,0,0.0173424537425691,0,23.3384346785706,0.0173424537425691,0.0173424537425691,0.0173424537425691,0.0189266195413323
38.8851950923656,0,-0.0332412043876419,0,38.8851950923656,-0.0332412043876419,-0.0332412043876419,-0.0332412043876419,0.0285556564673136
33.1236118256953,0,-0.00808769374160821,0,33.1236118256953,-0.00808769374160821,-0.00808769374160821,-0.00808769374160821,0.0398141944590775
130.216227665708,0,0.0198117493038606,0,130.216227665708,0.0198117493038606,0.0198117493038606,0.0198117493038606,0.0277236387216602
9.87654480749694,0,-0.0946232449189078,0,9.87654480749694,-0.0946232449189078,-0.0946232449189078,-0.0946232449189078,0.0836731049469832
15.7641037476623,0,0.0452974152246685,0,15.7641037476623,0.0452974152246685,0.0452974152246685,0.0452974152246685,0.0222639606786319
13.2572895170701,0,-0.00547183825283213,0,13.2572895170701,-0.00547183825283213,-0.00547183825283213,-0.00547183825283213,0.0207932850711389
14.6101069409457,0,-0.0361151431713081,0,14.6101069409457,-0.0361151431713081,-0.0361151431713081,-0.0361151431713081,0.0853409147807967
9.82277228593101,0,0.003405640430707,0,9.82277228593101,0.003405640430707,0.003405640430707,0.003405640430707,0.0711265903737062
11.2420027298881,0,-0.0660500012093723,0,11.2420027298881,-0.0660500012093723,-0.0660500012093723,-0.0660500012093723,0.0384705888979592
20.250805971961,0,-0.0722114931141322,0,20.250805971961,-0.0722114931141322,-0.0722114931141322,-0.0722114931141322,0.0558422559374383
28.4056044215739,0,-0.0234835133541325,0,28.4056044215739,-0.0234835133541325,-0.0234835133541325,-0.0234835133541325,0.0460235649191708
9.44659083119766,0,-0.0979355343768668,0,9.44659083119766,-0.0979355343768668,-0.0979355343768668,-0.0979355343768668,0.106984919191722
10.6319539160187,0,0.00587821668928426,0,10.6319539160187,0.00587821668928426,0.00587821668928426,0.00587821668928426,0.0434639030773943
23.722803858762,0,0.00435490338959432,0,23.722803858762,0.00435490338959432,0.00435490338959432,0.00435490338959432,0.0172785731987079
NA,NA,NA,NA,NA,NA,NA,NA,NA
9.30240675050487,0,0.0198716605101052,0,9.30240675050487,0.0198716605101052,0.0198716605101052,0.0198716605101052,0.0714542693242479
6.82559417888738,0,-0.0208488602109932,0,6.82559417888738,-0.0208488602109932,-0.0208488602109932,-0.0208488602109932,0.0626238731585564
7.10118523761685,0,-0.0285278978712163,0,7.10118523761685,-0.0285278978712163,-0.0285278978712163,-0.0285278978712163,0.0595492352872805
8.39406695268219,0,0.0167837864563465,0,8.39406695268219,0.0167837864563465,0.0167837864563465,0.0167837864563465,0.0322473662392579
15.3813680380744,0,-0.0235768509494856,0,15.3813680380744,-0.0235768509494856,-0.0235768509494856,-0.0235768509494856,0.0385600790656454
10.9419857642508,0,-0.0876235523401562,0,10.9419857642508,-0.0876235523401562,-0.0876235523401562,-0.0876235523401562,0.0336377588977628
9.567453602661,0,-0.0130573193727359,0,9.567453602661,-0.0130573193727359,-0.0130573193727359,-0.0130573193727359,0.0264340771076804
9.56764954052794,0,-0.00578932875863998,0,9.56764954052794,-0.00578932875863998,-0.00578932875863998,-0.00578932875863998,0.0288617279537588
9.58796747981615,0,0.00725905880614161,0,9.58796747981615,0.00725905880614161,0.00725905880614161,0.00725905880614161,0.0422687684348916
15.1454884083029,0,0.0687427351592194,0,15.1454884083029,0.0687427351592194,0.0687427351592194,0.0687427351592194,0.0334809714396658
9.72468903389732,0,0.0209196079014141,0,9.72468903389732,0.0209196079014141,0.0209196079014141,0.0209196079014141,0.0473210924820652
14.8412385484711,0,0.00805813747067324,0,14.8412385484711,0.00805813747067324,0.00805813747067324,0.00805813747067324,0.0331399934197975
10.6567948708008,0,0.0203455428827325,0,10.6567948708008,0.0203455428827325,0.0203455428827325,0.0203455428827325,0.0367174068081082
12.7697291709358,0,0.00135812282131545,0,12.7697291709358,0.00135812282131545,0.00135812282131545,0.00135812282131545,0.0331331000834964
17.7014293147066,0,0.0234372077444364,0,17.7014293147066,0.0234372077444364,0.0234372077444364,0.0234372077444364,0.0323786122878216
16.016217440795,0,-0.00369944404825601,0,16.016217440795,-0.00369944404825601,-0.00369944404825601,-0.00369944404825601,0.0376637682579198
21.1131806593051,0,-0.056056653152879,0,21.1131806593051,-0.056056653152879,-0.056056653152879,-0.056056653152879,0.033465829508006
12.511562118753,0,0.010653794636591,0,12.511562118753,0.010653794636591,0.010653794636591,0.010653794636591,0.0542734571116003
11.3110693140974,0,0.00982781565554414,0,11.3110693140974,0.00982781565554414,0.00982781565554414,0.00982781565554414,0.0152975413868066
19.3344521561619,0,-0.0178892890128142,0,19.3344521561619,-0.0178892890128142,-0.0178892890128142,-0.0178892890128142,0.0322365626104049
22.4252386829518,0,0.0149224868595611,0,22.4252386829518,0.0149224868595611,0.0149224868595611,0.0149224868595611,0.0125393113695439
12.3654554745313,0,-0.0686880413546458,0,12.3654554745313,-0.0686880413546458,-0.0686880413546458,-0.0686880413546458,0.0513325050706189
19.2556223171704,0,0.0285945738844167,0,19.2556223171704,0.0285945738844167,0.0285945738844167,0.0285945738844167,0.0139726523520546
34.7312424253189,0,0.00360906084633839,0,34.7312424253189,0.00360906084633839,0.00360906084633839,0.00360906084633839,0.017575833019559
54.7209102152747,0,0.0196726221291343,0,54.7209102152747,0.0196726221291343,0.0196726221291343,0.0196726221291343,0.0109274670854921
6.44620981534856,0,0.014846298512104,0,6.44620981534856,0.014846298512104,0.014846298512104,0.014846298512104,0.0608105741726415
13.7692792179168,0,0.045315959795906,0,13.7692792179168,0.045315959795906,0.045315959795906,0.045315959795906,0.0576659331255503
11.7030101268542,0,0.0664031592294417,0,11.7030101268542,0.0664031592294417,0.0664031592294417,0.0664031592294417,0.0318702419669784
7.36539602284415,0,-0.0247872150245361,0,7.36539602284415,-0.0247872150245361,-0.0247872150245361,-0.0247872150245361,0.114121672795408
7.17535910443418,0,0.0223584830888584,0,7.17535910443418,0.0223584830888584,0.0223584830888584,0.0223584830888584,0.0787357224553916
10.2795400430588,0,-0.0197343725876436,0,10.2795400430588,-0.0197343725876436,-0.0197343725876436,-0.0197343725876436,0.0623990846503716
11.8155784180346,0,0.132399483418963,0,11.8155784180346,0.132399483418963,0.132399483418963,0.132399483418963,0.0684128055131695
10.8363107906744,0,-0.028098390818107,0,10.8363107906744,-0.028098390818107,-0.028098390818107,-0.028098390818107,0.071926050301895
11.7003583105711,0,-0.00186774348468509,0,11.7003583105711,-0.00186774348468509,-0.00186774348468509,-0.00186774348468509,0.00589871207554302
14.1717804897526,0,0.027255899623745,0,14.1717804897526,0.027255899623745,0.027255899623745,0.027255899623745,0.0438772018708798
10.4916049522311,0,0.0132463173032987,0,10.4916049522311,0.0132463173032987,0.0132463173032987,0.0132463173032987,0.0267192917518445
17.4700053613048,0,-0.0184802916209333,0,17.4700053613048,-0.0184802916209333,-0.0184802916209333,-0.0184802916209333,0.0310328260487528
22.4190143092695,0,-0.000161199703742028,0,22.4190143092695,-0.000161199703742028,-0.000161199703742028,-0.000161199703742028,0.0167230245622351
23.3384346785706,0,0.0173424537425691,0,23.3384346785706,0.0173424537425691,0.0173424537425691,0.0173424537425691,0.0189266195413323
38.8851950923656,0,-0.0332412043876419,0,38.8851950923656,-0.0332412043876419,-0.0332412043876419,-0.0332412043876419,0.0285556564673136
33.1236118256953,0,-0.00808769374160821,0,33.1236118256953,-0.00808769374160821,-0.00808769374160821,-0.00808769374160821,0.0398141944590775
130.216227665708,0,0.0198117493038606,0,130.216227665708,0.0198117493038606,0.0198117493038606,0.0198117493038606,0.0277236387216602
9.87654480749694,0,-0.0946232449189078,0,9.87654480749694,-0.0946232449189078,-0.0946232449189078,-0.0946232449189078,0.0836731049469832
15.7641037476623,0,0.0452974152246685,0,15.7641037476623,0.0452974152246685,0.0452974152246685,0.0452974152246685,0.0222639606786319
13.2572895170701,0,-0.00547183825283213,0,13.2572895170701,-0.00547183825283213,-0.00547183825283213,-0.00547183825283213,0.0207932850711389
14.6101069409457,0,-0.0361151431713081,0,14.6101069409457,-0.0361151431713081,-0.0361151431713081,-0.0361151431713081,0.0853409147807967
9.82277228593101,0,0.003405640430707,0,9.82277228593101,0.003405640430707,0.003405640430707,0.003405640430707,0.0711265903737062
11.2420027298881,0,-0.0660500012093723,0,11.2420027298881,-0.0660500012093723,-0.0660500012093723,-0.0660500012093723,0.0384705888979592
20.250805971961,0,-0.0722114931141322,0,20.250805971961,-0.0722114931141322,-0.0722114931141322,-0.0722114931141322,0.0558422559374383
28.4056044215739,0,-0.0234835133541325,0,28.4056044215739,-0.0234835133541325,-0.0234835133541325,-0.0234835133541325,0.0460235649191708
9.44659083119766,0,-0.0979355343768668,0,9.44659083119766,-0.0979355343768668,-0.0979355343768668,-0.0979355343768668,0.106984919191722
10.6319539160187,0,0.00587821668928426,0,10.6319539160187,0.00587821668928426,0.00587821668928426,0.00587821668928426,0.0434639030773943
23.722803858762,0,0.00435490338959432,0,23.722803858762,0.00435490338959432,0.00435490338959432,0.00435490338959432,0.0172785731987079
NA,NA,NA,NA,NA,NA,NA,NA,NA
9.30240675050487,0,0.0198716605101052,0,9.30240675050487,0.0198716605101052,0.0198716605101052,0.0198716605101052,0.0714542693242479
6.82559417888738,0,-0.0208488602109932,0,6.82559417888738,-0.0208488602109932,-0.0208488602109932,-0.0208488602109932,0.0626238731585564
7.10118523761685,0,-0.0285278978712163,0,7.10118523761685,-0.0285278978712163,-0.0285278978712163,-0.0285278978712163,0.0595492352872805
8.39406695268219,0,0.0167837864563465,0,8.39406695268219,0.0167837864563465,0.0167837864563465,0.0167837864563465,0.0322473662392579
15.3813680380744,0,-0.0235768509494856,0,15.3813680380744,-0.0235768509494856,-0.0235768509494856,-0.0235768509494856,0.0385600790656454
10.9419857642508,0,-0.0876235523401562,0,10.9419857642508,-0.0876235523401562,-0.0876235523401562,-0.0876235523401562,0.0336377588977628
9.567453602661,0,-0.0130573193727359,0,9.567453602661,-0.0130573193727359,-0.0130573193727359,-0.0130573193727359,0.0264340771076804
9.56764954052794,0,-0.00578932875863998,0,9.56764954052794,-0.00578932875863998,-0.00578932875863998,-0.00578932875863998,0.0288617279537588
9.58796747981615,0,0.00725905880614161,0,9.58796747981615,0.00725905880614161,0.00725905880614161,0.00725905880614161,0.0422687684348916
15.1454884083029,0,0.0687427351592194,0,15.1454884083029,0.0687427351592194,0.0687427351592194,0.0687427351592194,0.0334809714396658
9.72468903389732,0,0.0209196079014141,0,9.72468903389732,0.0209196079014141,0.0209196079014141,0.0209196079014141,0.0473210924820652
14.8412385484711,0,0.00805813747067324,0,14.8412385484711,0.00805813747067324,0.00805813747067324,0.00805813747067324,0.0331399934197975
10.6567948708008,0,0.0203455428827325,0,10.6567948708008,0.0203455428827325,0.0203455428827325,0.0203455428827325,0.0367174068081082
12.7697291709358,0,0.00135812282131545,0,12.7697291709358,0.00135812282131545,0.00135812282131545,0.00135812282131545,0.0331331000834964
17.7014293147066,0,0.0234372077444364,0,17.7014293147066,0.0234372077444364,0.0234372077444364,0.0234372077444364,0.0323786122878216
16.016217440795,0,-0.00369944404825601,0,16.016217440795,-0.00369944404825601,-0.00369944404825601,-0.00369944404825601,0.0376637682579198
21.1131806593051,0,-0.056056653152879,0,21.1131806593051,-0.056056653152879,-0.056056653152879,-0.056056653152879,0.033465829508006
12.511562118753,0,0.010653794636591,0,12.511562118753,0.010653794636591,0.010653794636591,0.010653794636591,0.0542734571116003
11.3110693140974,0,0.00982781565554414,0,11.3110693140974,0.00982781565554414,0.00982781565554414,0.00982781565554414,0.0152975413868066
19.3344521561619,0,-0.0178892890128142,0,19.3344521561619,-0.0178892890128142,-0.0178892890128142,-0.0178892890128142,0.0322365626104049
22.4252386829518,0,0.0149224868595611,0,22.4252386829518,0.0149224868595611,0.0149224868595611,0.0149224868595611,0.0125393113695439
12.3654554745313,0,-0.0686880413546458,0,12.3654554745313,-0.0686880413546458,-0.0686880413546458,-0.0686880413546458,0.0513325050706189
19.2556223171704,0,0.0285945738844167,0,19.2556223171704,0.0285945738844167,0.0285945738844167,0.0285945738844167,0.0139726523520546
34.7312424253189,0,0.00360906084633839,0,34.7312424253189,0.00360906084633839,0.00360906084633839,0.00360906084633839,0.017575833019559
54.7209102152747,0,0.0196726221291343,0,54.7209102152747,0.0196726221291343,0.0196726221291343,0.0196726221291343,0.0109274670854921
6.44620981534856,0,0.014846298512104,0,6.44620981534856,0.014846298512104,0.014846298512104,0.014846298512104,0.0608105741726415
13.7692792179168,0,0.045315959795906,0,13.7692792179168,0.045315959795906,0.045315959795906,0.045315959795906,0.0576659331255503
11.7030101268542,0,0.0664031592294417,0,11.7030101268542,0.0664031592294417,0.0664031592294417,0.0664031592294417,0.0318702419669784
7.36539602284415,0,-0.0247872150245361,0,7.36539602284415,-0.0247872150245361,-0.0247872150245361,-0.0247872150245361,0.114121672795408
7.17535910443418,0,0.0223584830888584,0,7.17535910443418,0.0223584830888584,0.0223584830888584,0.0223584830888584,0.0787357224553916
10.2795400430588,0,-0.0197343725876436,0,10.2795400430588,-0.0197343725876436,-0.0197343725876436,-0.0197343725876436,0.0623990846503716
11.8155784180346,0,0.132399483418963,0,11.8155784180346,0.132399483418963,0.132399483418963,0.132399483418963,0.0684128055131695
10.8363107906744,0,-0.028098390818107,0,10.8363107906744,-0.028098390818107,-0.028098390818107,-0.028098390818107,0.071926050301895
11.7003583105711,0,-0.00186774348468509,0,11.7003583105711,-0.00186774348468509,-0.00186774348468509,-0.00186774348468509,0.00589871207554302
14.1717804897526,0,0.027255899623745,0,14.1717804897526,0.027255899623745,0.027255899623745,0.027255899623745,0.0438772018708798
10.4916049522311,0,0.0132463173032987,0,10.4916049522311,0.0132463173032987,0.0132463173032987,0.0132463173032987,0.0267192917518445
17.4700053613048,0,-0.0184802916209333,0,17.4700053613048,-0.0184802916209333,-0.0184802916209333,-0.0184802916209333,0.0310328260487528
22.4190143092695,0,-0.000161199703742028,0,22.4190143092695,-0.000161199703742028,-0.000161199703742028,-0.000161199703742028,0.0167230245622351
23.3384346785706,0,0.0173424537425691,0,23.3384346785706,0.0173424537425691,0.0173424537425691,0.0173424537425691,0.0189266195413323
38.8851950923656,0,-0.0332412043876419,0,38.8851950923656,-0.0332412043876419,-0.0332412043876419,-0.0332412043876419,0.0285556564673136
33.1236118256953,0,-0.00808769374160821,0,33.1236118256953,-0.00808769374160821,-0.00808769374160821,-0.00808769374160821,0.0398141944590775
130.216227665708,0,0.0198117493038606,0,130.216227665708,0.0198117493038606,0.0198117493038606,0.0198117493038606,0.0277236387216602
9.87654480749694,0,-0.0946232449189078,0,9.87654480749694,-0.0946232449189078,-0.0946232449189078,-0.0946232449189078,0.0836731049469832
15.7641037476623,0,0.0452974152246685,0,15.7641037476623,0.0452974152246685,0.0452974152246685,0.0452974152246685,0.0222639606786319
13.2572895170701,0,-0.00547183825283213,0,13.2572895170701,-0.00547183825283213,-0.00547183825283213,-0.00547183825283213,0.0207932850711389
14.6101069409457,0,-0.0361151431713081,0,14.6101069409457,-0.0361151431713081,-0.0361151431713081,-0.0361151431713081,0.0853409147807967
9.82277228593101,0,0.003405640430707,0,9.82277228593101,0.003405640430707,0.003405640430707,0.003405640430707,0.0711265903737062
11.2420027298881,0,-0.0660500012093723,0,11.2420027298881,-0.0660500012093723,-0.0660500012093723,-0.0660500012093723,0.0384705888979592
20.250805971961,0,-0.0722114931141322,0,20.250805971961,-0.0722114931141322,-0.0722114931141322,-0.0722114931141322,0.0558422559374383
28.4056044215739,0,-0.0234835133541325,0,28.4056044215739,-0.0234835133541325,-0.0234835133541325,-0.0234835133541325,0.0460235649191708
9.44659083119766,0,-0.0979355343768668,0,9.44659083119766,-0.0979355343768668,-0.0979355343768668,-0.0979355343768668,0.106984919191722
10.6319539160187,0,0.00587821668928426,0,10.6319539160187,0.00587821668928426,0.00587821668928426,0.00587821668928426,0.0434639030773943
23.722803858762,0,0.00435490338959432,0,23.722803858762,0.00435490338959432,0.00435490338959432,0.00435490338959432,0.0172785731987079
NA,NA,NA,NA,NA,NA,NA,NA,NA
9.30240675050487,0,0.0198716605101052,0,9.30240675050487,0.0198716605101052,0.0198716605101052,0.0198716605101052,0.0714542693242479
6.82559417888738,0,-0.0208488602109932,0,6.82559417888738,-0.0208488602109932,-0.0208488602109932,-0.0208488602109932,0.0626238731585564
7.10118523761685,0,-0.0285278978712163,0,7.10118523761685,-0.0285278978712163,-0.0285278978712163,-0.0285278978712163,0.0595492352872805
8.39406695268219,0,0.0167837864563465,0,8.39406695268219,0.0167837864563465,0.0167837864563465,0.0167837864563465,0.0322473662392579
15.3813680380744,0,-0.0235768509494856,0,15.3813680380744,-0.0235768509494856,-0.0235768509494856,-0.0235768509494856,0.0385600790656454
10.9419857642508,0,-0.0876235523401562,0,10.9419857642508,-0.0876235523401562,-0.0876235523401562,-0.0876235523401562,0.0336377588977628
9.567453602661,0,-0.0130573193727359,0,9.567453602661,-0.0130573193727359,-0.0130573193727359,-0.0130573193727359,0.0264340771076804
9.56764954052794,0,-0.00578932875863998,0,9.56764954052794,-0.00578932875863998,-0.00578932875863998,-0.00578932875863998,0.0288617279537588
9.58796747981615,0,0.00725905880614161,0,9.58796747981615,0.00725905880614161,0.00725905880614161,0.00725905880614161,0.0422687684348916
15.1454884083029,0,0.0687427351592194,0,15.1454884083029,0.0687427351592194,0.0687427351592194,0.0687427351592194,0.0334809714396658
9.72468903389732,0,0.0209196079014141,0,9.72468903389732,0.0209196079014141,0.0209196079014141,0.0209196079014141,0.0473210924820652
14.8412385484711,0,0.00805813747067324,0,14.8412385484711,0.00805813747067324,0.00805813747067324,0.00805813747067324,0.0331399934197975
10.6567948708008,0,0.0203455428827325,0,10.6567948708008,0.0203455428827325,0.0203455428827325,0.0203455428827325,0.0367174068081082
12.7697291709358,0,0.00135812282131545,0,12.7697291709358,0.00135812282131545,0.00135812282131545,0.00135812282131545,0.0331331000834964
17.7014293147066,0,0.0234372077444364,0,17.7014293147066,0.0234372077444364,0.0234372077444364,0.0234372077444364,0.0323786122878216
16.016217440795,0,-0.00369944404825601,0,16.016217440795,-0.00369944404825601,-0.00369944404825601,-0.00369944404825601,0.0376637682579198
21.1131806593051,0,-0.056056653152879,0,21.1131806593051,-0.056056653152879,-0.056056653152879,-0.056056653152879,0.033465829508006
12.511562118753,0,0.010653794636591,0,12.511562118753,0.010653794636591,0.010653794636591,0.010653794636591,0.0542734571116003
11.3110693140974,0,0.00982781565554414,0,11.3110693140974,0.00982781565554414,0.00982781565554414,0.00982781565554414,0.0152975413868066
19.3344521561619,0,-0.0178892890128142,0,19.3344521561619,-0.0178892890128142,-0.0178892890128142,-0.0178892890128142,0.0322365626104049
22.4252386829518,0,0.0149224868595611,0,22.4252386829518,0.0149224868595611,0.0149224868595611,0.0149224868595611,0.0125393113695439
12.3654554745313,0,-0.0686880413546458,0,12.3654554745313,-0.0686880413546458,-0.0686880413546458,-0.0686880413546458,0.0513325050706189
19.2556223171704,0,0.0285945738844167,0,19.2556223171704,0.0285945738844167,0.0285945738844167,0.0285945738844167,0.0139726523520546
34.7312424253189,0,0.00360906084633839,0,34.7312424253189,0.00360906084633839,0.00360906084633839,0.00360906084633839,0.017575833019559
54.7209102152747,0,0.0196726221291343,0,54.7209102152747,0.0196726221291343,0.0196726221291343,0.0196726221291343,0.0109274670854921
6.44620981534856,0,0.014846298512104,0,6.44620981534856,0.014846298512104,0.014846298512104,0.014846298512104,0.0608105741726415
13.7692792179168,0,0.045315959795906,0,13.7692792179168,0.045315959795906,0.045315959795906,0.045315959795906,0.0576659331255503
11.7030101268542,0,0.0664031592294417,0,11.7030101268542,0.0664031592294417,0.0664031592294417,0.0664031592294417,0.0318702419669784
7.36539602284415,0,-0.0247872150245361,0,7.36539602284415,-0.0247872150245361,-0.0247872150245361,-0.0247872150245361,0.114121672795408
7.17535910443418,0,0.0223584830888584,0,7.17535910443418,0.0223584830888584,0.0223584830888584,0.0223584830888584,0.0787357224553916
10.2795400430588,0,-0.0197343725876436,0,10.2795400430588,-0.0197343725876436,-0.0197343725876436,-0.0197343725876436,0.0623990846503716
11.8155784180346,0,0.132399483418963,0,11.8155784180346,0.132399483418963,0.132399483418963,0.132399483418963,0.0684128055131695
10.8363107906744,0,-0.028098390818107,0,10.8363107906744,-0.028098390818107,-0.028098390818107,-0.028098390818107,0.071926050301895
11.7003583105711,0,-0.00186774348468509,0,11.7003583105711,-0.00186774348468509,-0.00186774348468509,-0.00186774348468509,0.00589871207554302
14.1717804897526,0,0.027255899623745,0,14.1717804897526,0.027255899623745,0.027255899623745,0.027255899623745,0.0438772018708798
10.4916049522311,0,0.0132463173032987,0,10.4916049522311,0.0132463173032987,0.0132463173032987,0.0132463173032987,0.0267192917518445
17.4700053613048,0,-0.0184802916209333,0,17.4700053613048,-0.0184802916209333,-0.0184802916209333,-0.0184802916209333,0.0310328260487528
22.4190143092695,0,-0.000161199703742028,0,22.4190143092695,-0.000161199703742028,-0.000161199703742028,-0.000161199703742028,0.0167230245622351
23.3384346785706,0,0.0173424537425691,0,23.3384346785706,0.0173424537425691,0.0173424537425691,0.0173424537425691,0.0189266195413323
38.8851950923656,0,-0.0332412043876419,0,38.8851950923656,-0.0332412043876419,-0.0332412043876419,-0.0332412043876419,0.0285556564673136
33.1236118256953,0,-0.00808769374160821,0,33.1236118256953,-0.00808769374160821,-0.00808769374160821,-0.00808769374160821,0.0398141944590775
130.216227665708,0,0.0198117493038606,0,130.216227665708,0.0198117493038606,0.0198117493038606,0.0198117493038606,0.0277236387216602
9.87654480749694,0,-0.0946232449189078,0,9.87654480749694,-0.0946232449189078,-0.0946232449189078,-0.0946232449189078,0.0836731049469832
15.7641037476623,0,0.0452974152246685,0,15.7641037476623,0.0452974152246685,0.0452974152246685,0.0452974152246685,0.0222639606786319
13.2572895170701,0,-0.00547183825283213,0,13.2572895170701,-0.00547183825283213,-0.00547183825283213,-0.00547183825283213,0.0207932850711389
14.6101069409457,0,-0.0361151431713081,0,14.6101069409457,-0.0361151431713081,-0.0361151431713081,-0.0361151431713081,0.0853409147807967
9.82277228593101,0,0.003405640430707,0,9.82277228593101,0.003405640430707,0.003405640430707,0.003405640430707,0.0711265903737062
11.2420027298881,0,-0.0660500012093723,0,11.2420027298881,-0.0660500012093723,-0.0660500012093723,-0.0660500012093723,0.0384705888979592
20.250805971961,0,-0.0722114931141322,0,20.250805971961,-0.0722114931141322,-0.0722114931141322,-0.0722114931141322,0.0558422559374383
28.4056044215739,0,-0.0234835133541325,0,28.4056044215739,-0.0234835133541325,-0.0234835133541325,-0.0234835133541325,0.0460235649191708
9.44659083119766,0,-0.0979355343768668,0,9.44659083119766,-0.0979355343768668,-0.0979355343768668,-0.0979355343768668,0.106984919191722
10.6319539160187,0,0.00587821668928426,0,10.6319539160187,0.00587821668928426,0.00587821668928426,0.00587821668928426,0.0434639030773943
23.722803858762,0,0.00435490338959432,0,23.722803858762,0.00435490338959432,0.00435490338959432,0.00435490338959432,0.0172785731987079
NA,NA,NA,NA,NA,NA,NA,NA,NA
9.30240675050487,0,0.0198716605101052,0,9.30240675050487,0.0198716605101052,0.0198716605101052,0.0198716605101052,0.0714542693242479
6.82559417888738,0,-0.0208488602109932,0,6.82559417888738,-0.0208488602109932,-0.0208488602109932,-0.0208488602109932,0.0626238731585564
7.10118523761685,0,-0.0285278978712163,0,7.10118523761685,-0.0285278978712163,-0.0285278978712163,-0.0285278978712163,0.0595492352872805
8.39406695268219,0,0.0167837864563465,0,8.39406695268219,0.0167837864563465,0.0167837864563465,0.0167837864563465,0.0322473662392579
15.3813680380744,0,-0.0235768509494856,0,15.3813680380744,-0.0235768509494856,-0.0235768509494856,-0.0235768509494856,0.0385600790656454
10.9419857642508,0,-0.0876235523401562,0,10.9419857642508,-0.0876235523401562,-0.0876235523401562,-0.0876235523401562,0.0336377588977628
9.567453602661,0,-0.0130573193727359,0,9.567453602661,-0.0130573193727359,-0.0130573193727359,-0.0130573193727359,0.0264340771076804
9.56764954052794,0,-0.00578932875863998,0,9.56764954052794,-0.00578932875863998,-0.00578932875863998,-0.00578932875863998,0.0288617279537588
9.58796747981615,0,0.00725905880614161,0,9.58796747981615,0.00725905880614161,0.00725905880614161,0.00725905880614161,0.0422687684348916
15.1454884083029,0,0.0687427351592194,0,15.1454884083029,0.0687427351592194,0.0687427351592194,0.0687427351592194,0.0334809714396658
9.72468903389732,0,0.0209196079014141,0,9.72468903389732,0.0209196079014141,0.0209196079014141,0.0209196079014141,0.0473210924820652
14.8412385484711,0,0.00805813747067324,0,14.8412385484711,0.00805813747067324,0.00805813747067324,0.00805813747067324,0.0331399934197975
10.6567948708008,0,0.0203455428827325,0,10.6567948708008,0.0203455428827325,0.0203455428827325,0.0203455428827325,0.0367174068081082
12.7697291709358,0,0.00135812282131545,0,12.7697291709358,0.00135812282131545,0.00135812282131545,0.00135812282131545,0.0331331000834964
17.7014293147066,0,0.0234372077444364,0,17.7014293147066,0.0234372077444364,0.0234372077444364,0.0234372077444364,0.0323786122878216
16.016217440795,0,-0.00369944404825601,0,16.016217440795,-0.00369944404825601,-0.00369944404825601,-0.00369944404825601,0.0376637682579198
21.1131806593051,0,-0.056056653152879,0,21.1131806593051,-0.056056653152879,-0.056056653152879,-0.056056653152879,0.033465829508006
12.511562118753,0,0.010653794636591,0,12.511562118753,0.010653794636591,0.010653794636591,0.010653794636591,0.0542734571116003
11.3110693140974,0,0.00982781565554414,0,11.3110693140974,0.00982781565554414,0.00982781565554414,0.00982781565554414,0.0152975413868066
19.3344521561619,0,-0.0178892890128142,0,19.3344521561619,-0.0178892890128142,-0.0178892890128142,-0.0178892890128142,0.0322365626104049
22.4252386829518,0,0.0149224868595611,0,22.4252386829518,0.0149224868595611,0.0149224868595611,0.0149224868595611,0.0125393113695439
12.3654554745313,0,-0.0686880413546458,0,12.3654554745313,-0.0686880413546458,-0.0686880413546458,-0.0686880413546458,0.0513325050706189
19.2556223171704,0,0.0285945738844167,0,19.2556223171704,0.0285945738844167,0.0285945738844167,0.0285945738844167,0.0139726523520546
34.7312424253189,0,0.00360906084633839,0,34.7312424253189,0.00360906084633839,0.00360906084633839,0.00360906084633839,0.017575833019559
54.7209102152747,0,0.0196726221291343,0,54.7209102152747,0.0196726221291343,0.0196726221291343,0.0196726221291343,0.0109274670854921
6.44620981534856,0,0.014846298512104,0,6.44620981534856,0.014846298512104,0.014846298512104,0.014846298512104,0.0608105741726415
13.7692792179168,0,0.045315959795906,0,13.7692792179168,0.045315959795906,0.045315959795906,0.045315959795906,0.0576659331255503
11.7030101268542,0,0.0664031592294417,0,11.7030101268542,0.0664031592294417,0.0664031592294417,0.0664031592294417,0.0318702419669784
7.36539602284415,0,-0.0247872150245361,0,7.36539602284415,-0.0247872150245361,-0.0247872150245361,-0.0247872150245361,0.114121672795408
7.17535910443418,0,0.0223584830888584,0,7.17535910443418,0.0223584830888584,0.0223584830888584,0.0223584830888584,0.0787357224553916
10.2795400430588,0,-0.0197343725876436,0,10.2795400430588,-0.0197343725876436,-0.0197343725876436,-0.0197343725876436,0.0623990846503716
11.8155784180346,0,0.132399483418963,0,11.8155784180346,0.132399483418963,0.132399483418963,0.132399483418963,0.0684128055131695
10.8363107906744,0,-0.028098390818107,0,10.8363107906744,-0.028098390818107,-0.028098390818107,-0.028098390818107,0.071926050301895
11.7003583105711,0,-0.00186774348468509,0,11.7003583105711,-0.00186774348468509,-0.00186774348468509,-0.00186774348468509,0.00589871207554302
14.1717804897526,0,0.027255899623745,0,14.1717804897526,0.027255899623745,0.027255899623745,0.027255899623745,0.0438772018708798
10.4916049522311,0,0.0132463173032987,0,10.4916049522311,0.0132463173032987,0.0132463173032987,0.0132463173032987,0.0267192917518445
17.4700053613048,0,-0.0184802916209333,0,17.4700053613048,-0.0184802916209333,-0.0184802916209333,-0.0184802916209333,0.0310328260487528
22.4190143092695,0,-0.000161199703742028,0,22.4190143092695,-0.000161199703742028,-0.000161199703742028,-0.000161199703742028,0.0167230245622351
23.3384346785706,0,0.0173424537425691,0,23.3384346785706,0.0173424537425691,0.0173424537425691,0.0173424537425691,0.0189266195413323
38.8851950923656,0,-0.0332412043876419,0,38.8851950923656,-0.0332412043876419,-0.0332412043876419,-0.0332412043876419,0.0285556564673136
33.1236118256953,0,-0.00808769374160821,0,33.1236118256953,-0.00808769374160821,-0.00808769374160821,-0.00808769374160821,0.0398141944590775
130.216227665708,0,0.0198117493038606,0,130.216227665708,0.0198117493038606,0.0198117493038606,0.0198117493038606,0.0277236387216602
9.87654480749694,0,-0.0946232449189078,0,9.87654480749694,-0.0946232449189078,-0.0946232449189078,-0.0946232449189078,0.0836731049469832
15.7641037476623,0,0.0452974152246685,0,15.7641037476623,0.0452974152246685,0.0452974152246685,0.0452974152246685,0.0222639606786319
13.2572895170701,0,-0.00547183825283213,0,13.2572895170701,-0.00547183825283213,-0.00547183825283213,-0.00547183825283213,0.0207932850711389
14.6101069409457,0,-0.0361151431713081,0,14.6101069409457,-0.0361151431713081,-0.0361151431713081,-0.0361151431713081,0.0853409147807967
9.82277228593101,0,0.003405640430707,0,9.82277228593101,0.003405640430707,0.003405640430707,0.003405640430707,0.0711265903737062
11.2420027298881,0,-0.0660500012093723,0,11.2420027298881,-0.0660500012093723,-0.0660500012093723,-0.0660500012093723,0.0384705888979592
20.250805971961,0,-0.0722114931141322,0,20.250805971961,-0.0722114931141322,-0.0722114931141322,-0.0722114931141322,0.0558422559374383
28.4056044215739,0,-0.0234835133541325,0,28.4056044215739,-0.0234835133541325,-0.0234835133541325,-0.0234835133541325,0.0460235649191708
9.44659083119766,0,-0.0979355343768668,0,9.44659083119766,-0.0979355343768668,-0.0979355343768668,-0.0979355343768668,0.106984919191722
10.6319539160187,0,0.00587821668928426,0,10.6319539160187,0.00587821668928426,0.00587821668928426,0.00587821668928426,0.0434639030773943
23.722803858762,0,0.00435490338959432,0,23.722803858762,0.00435490338959432,0.00435490338959432,0.00435490338959432,0.0172785731987079
NA,NA,NA,NA,NA,NA,NA,NA,NA
9.30240675050487,0,0.0198716605101052,0,9.30240675050487,0.0198716605101052,0.0198716605101052,0.0198716605101052,0.0714542693242479
6.82559417888738,0,-0.0208488602109932,0,6.82559417888738,-0.0208488602109932,-0.0208488602109932,-0.0208488602109932,0.0626238731585564
7.10118523761685,0,-0.0285278978712163,0,7.10118523761685,-0.0285278978712163,-0.0285278978712163,-0.0285278978712163,0.0595492352872805
8.39406695268219,0,0.0167837864563465,0,8.39406695268219,0.0167837864563465,0.0167837864563465,0.0167837864563465,0.0322473662392579
15.3813680380744,0,-0.0235768509494856,0,15.3813680380744,-0.0235768509494856,-0.0235768509494856,-0.0235768509494856,0.0385600790656454
10.9419857642508,0,-0.0876235523401562,0,10.9419857642508,-0.0876235523401562,-0.0876235523401562,-0.0876235523401562,0.0336377588977628
9.567453602661,0,-0.0130573193727359,0,9.567453602661,-0.0130573193727359,-0.0130573193727359,-0.0130573193727359,0.0264340771076804
9.56764954052794,0,-0.00578932875863998,0,9.56764954052794,-0.00578932875863998,-0.00578932875863998,-0.00578932875863998,0.0288617279537588
9.58796747981615,0,0.00725905880614161,0,9.58796747981615,0.00725905880614161,0.00725905880614161,0.00725905880614161,0.0422687684348916
15.1454884083029,0,0.0687427351592194,0,15.1454884083029,0.0687427351592194,0.0687427351592194,0.0687427351592194,0.0334809714396658
9.72468903389732,0,0.0209196079014141,0,9.72468903389732,0.0209196079014141,0.0209196079014141,0.0209196079014141,0.0473210924820652
14.8412385484711,0,0.00805813747067324,0,14.8412385484711,0.00805813747067324,0.00805813747067324,0.00805813747067324,0.0331399934197975
10.6567948708008,0,0.0203455428827325,0,10.6567948708008,0.0203455428827325,0.0203455428827325,0.0203455428827325,0.0367174068081082
12.7697291709358,0,0.00135812282131545,0,12.7697291709358,0.00135812282131545,0.00135812282131545,0.00135812282131545,0.0331331000834964
17.7014293147066,0,0.0234372077444364,0,17.7014293147066,0.0234372077444364,0.0234372077444364,0.0234372077444364,0.0323786122878216
16.016217440795,0,-0.00369944404825601,0,16.016217440795,-0.00369944404825601,-0.00369944404825601,-0.00369944404825601,0.0376637682579198
21.1131806593051,0,-0.056056653152879,0,21.1131806593051,-0.056056653152879,-0.056056653152879,-0.056056653152879,0.033465829508006
12.511562118753,0,0.010653794636591,0,12.511562118753,0.010653794636591,0.010653794636591,0.010653794636591,0.0542734571116003
11.3110693140974,0,0.00982781565554414,0,11.3110693140974,0.00982781565554414,0.00982781565554414,0.00982781565554414,0.0152975413868066
19.3344521561619,0,-0.0178892890128142,0,19.3344521561619,-0.0178892890128142,-0.0178892890128142,-0.0178892890128142,0.0322365626104049
22.4252386829518,0,0.0149224868595611,0,22.4252386829518,0.0149224868595611,0.0149224868595611,0.0149224868595611,0.0125393113695439
12.3654554745313,0,-0.0686880413546458,0,12.3654554745313,-0.0686880413546458,-0.0686880413546458,-0.0686880413546458,0.0513325050706189
19.2556223171704,0,0.0285945738844167,0,19.2556223171704,0.0285945738844167,0.0285945738844167,0.0285945738844167,0.0139726523520546
34.7312424253189,0,0.00360906084633839,0,34.7312424253189,0.00360906084633839,0.00360906084633839,0.00360906084633839,0.017575833019559
54.7209102152747,0,0.0196726221291343,0,54.7209102152747,0.0196726221291343,0.0196726221291343,0.0196726221291343,0.0109274670854921
6.44620981534856,0,0.014846298512104,0,6.44620981534856,0.014846298512104,0.014846298512104,0.014846298512104,0.0608105741726415
13.7692792179168,0,0.045315959795906,0,13.7692792179168,0.045315959795906,0.045315959795906,0.045315959795906,0.0576659331255503
11.7030101268542,0,0.0664031592294417,0,11.7030101268542,0.0664031592294417,0.0664031592294417,0.0664031592294417,0.0318702419669784
7.36539602284415,0,-0.0247872150245361,0,7.36539602284415,-0.0247872150245361,-0.0247872150245361,-0.0247872150245361,0.114121672795408
7.17535910443418,0,0.0223584830888584,0,7.17535910443418,0.0223584830888584,0.0223584830888584,0.0223584830888584,0.0787357224553916
10.2795400430588,0,-0.0197343725876436,0,10.2795400430588,-0.0197343725876436,-0.0197343725876436,-0.0197343725876436,0.0623990846503716
11.8155784180346,0,0.132399483418963,0,11.8155784180346,0.132399483418963,0.132399483418963,0.132399483418963,0.0684128055131695
10.8363107906744,0,-0.028098390818107,0,10.8363107906744,-0.028098390818107,-0.028098390818107,-0.028098390818107,0.071926050301895
11.7003583105711,0,-0.00186774348468509,0,11.7003583105711,-0.00186774348468509,-0.00186774348468509,-0.00186774348468509,0.00589871207554302
14.1717804897526,0,0.027255899623745,0,14.1717804897526,0.027255899623745,0.027255899623745,0.027255899623745,0.0438772018708798
10.4916049522311,0,0.0132463173032987,0,10.4916049522311,0.0132463173032987,0.0132463173032987,0.0132463173032987,0.0267192917518445
17.4700053613048,0,-0.0184802916209333,0,17.4700053613048,-0.0184802916209333,-0.0184802916209333,-0.0184802916209333,0.0310328260487528
22.4190143092695,0,-0.000161199703742028,0,22.4190143092695,-0.000161199703742028,-0.000161199703742028,-0.000161199703742028,0.0167230245622351
23.3384346785706,0,0.0173424537425691,0,23.3384346785706,0.0173424537425691,0.0173424537425691,0.0173424537425691,0.0189266195413323
38.8851950923656,0,-0.0332412043876419,0,38.8851950923656,-0.0332412043876419,-0.0332412043876419,-0.0332412043876419,0.0285556564673136
33.1236118256953,0,-0.00808769374160821,0,33.1236118256953,-0.00808769374160821,-0.00808769374160821,-0.00808769374160821,0.0398141944590775
130.216227665708,0,0.0198117493038606,0,130.216227665708,0.0198117493038606,0.0198117493038606,0.0198117493038606,0.0277236387216602
9.87654480749694,0,-0.0946232449189078,0,9.87654480749694,-0.0946232449189078,-0.0946232449189078,-0.0946232449189078,0.0836731049469832
15.7641037476623,0,0.0452974152246685,0,15.7641037476623,0.0452974152246685,0.0452974152246685,0.0452974152246685,0.0222639606786319
13.2572895170701,0,-0.00547183825283213,0,13.2572895170701,-0.00547183825283213,-0.00547183825283213,-0.00547183825283213,0.0207932850711389
14.6101069409457,0,-0.0361151431713081,0,14.6101069409457,-0.0361151431713081,-0.0361151431713081,-0.0361151431713081,0.0853409147807967
9.82277228593101,0,0.003405640430707,0,9.82277228593101,0.003405640430707,0.003405640430707,0.003405640430707,0.0711265903737062
11.2420027298881,0,-0.0660500012093723,0,11.2420027298881,-0.0660500012093723,-0.0660500012093723,-0.0660500012093723,0.0384705888979592
20.250805971961,0,-0.0722114931141322,0,20.250805971961,-0.0722114931141322,-0.0722114931141322,-0.0722114931141322,0.0558422559374383
28.4056044215739,0,-0.0234835133541325,0,28.4056044215739,-0.0234835133541325,-0.0234835133541325,-0.0234835133541325,0.0460235649191708
9.44659083119766,0,-0.0979355343768668,0,9.44659083119766,-0.0979355343768668,-0.0979355343768668,-0.0979355343768668,0.106984919191722
10.6319539160187,0,0.00587821668928426,0,10.6319539160187,0.00587821668928426,0.00587821668928426,0.00587821668928426,0.0434639030773943
23.722803858762,0,0.00435490338959432,0,23.722803858762,0.00435490338959432,0.00435490338959432,0.00435490338959432,0.0172785731987079
NA,NA,NA,NA,NA,NA,NA,NA,NA
9.30240675050487,0,0.0198716605101052,0,9.30240675050487,0.0198716605101052,0.0198716605101052,0.0198716605101052,0.0714542693242479
6.82559417888738,0,-0.0208488602109932,0,6.82559417888738,-0.0208488602109932,-0.0208488602109932,-0.0208488602109932,0.0626238731585564
7.10118523761685,0,-0.0285278978712163,0,7.10118523761685,-0.0285278978712163,-0.0285278978712163,-0.0285278978712163,0.0595492352872805
8.39406695268219,0,0.0167837864563465,0,8.39406695268219,0.0167837864563465,0.0167837864563465,0.0167837864563465,0.0322473662392579
15.3813680380744,0,-0.0235768509494856,0,15.3813680380744,-0.0235768509494856,-0.0235768509494856,-0.0235768509494856,0.0385600790656454
10.9419857642508,0,-0.0876235523401562,0,10.9419857642508,-0.0876235523401562,-0.0876235523401562,-0.0876235523401562,0.0336377588977628
9.567453602661,0,-0.0130573193727359,0,9.567453602661,-0.0130573193727359,-0.0130573193727359,-0.0130573193727359,0.0264340771076804
9.56764954052794,0,-0.00578932875863998,0,9.56764954052794,-0.00578932875863998,-0.00578932875863998,-0.00578932875863998,0.0288617279537588
9.58796747981615,0,0.00725905880614161,0,9.58796747981615,0.00725905880614161,0.00725905880614161,0.00725905880614161,0.0422687684348916
15.1454884083029,0,0.0687427351592194,0,15.1454884083029,0.0687427351592194,0.0687427351592194,0.0687427351592194,0.0334809714396658
9.72468903389732,0,0.0209196079014141,0,9.72468903389732,0.0209196079014141,0.0209196079014141,0.0209196079014141,0.0473210924820652
14.8412385484711,0,0.00805813747067324,0,14.8412385484711,0.00805813747067324,0.00805813747067324,0.00805813747067324,0.0331399934197975
10.6567948708008,0,0.0203455428827325,0,10.6567948708008,0.0203455428827325,0.0203455428827325,0.0203455428827325,0.0367174068081082
12.7697291709358,0,0.00135812282131545,0,12.7697291709358,0.00135812282131545,0.00135812282131545,0.00135812282131545,0.0331331000834964
17.7014293147066,0,0.0234372077444364,0,17.7014293147066,0.0234372077444364,0.0234372077444364,0.0234372077444364,0.0323786122878216
16.016217440795,0,-0.00369944404825601,0,16.016217440795,-0.00369944404825601,-0.00369944404825601,-0.00369944404825601,0.0376637682579198
21.1131806593051,0,-0.056056653152879,0,21.1131806593051,-0.056056653152879,-0.056056653152879,-0.056056653152879,0.033465829508006
12.511562118753,0,0.010653794636591,0,12.511562118753,0.010653794636591,0.010653794636591,0.010653794636591,0.0542734571116003
11.3110693140974,0,0.00982781565554414,0,11.3110693140974,0.00982781565554414,0.00982781565554414,0.00982781565554414,0.0152975413868066
19.3344521561619,0,-0.0178892890128142,0,19.3344521561619,-0.0178892890128142,-0.0178892890128142,-0.0178892890128142,0.0322365626104049
22.4252386829518,0,0.0149224868595611,0,22.4252386829518,0.0149224868595611,0.0149224868595611,0.0149224868595611,0.0125393113695439
12.3654554745313,0,-0.0686880413546458,0,12.3654554745313,-0.0686880413546458,-0.0686880413546458,-0.0686880413546458,0.0513325050706189
19.2556223171704,0,0.0285945738844167,0,19.2556223171704,0.0285945738844167,0.0285945738844167,0.0285945738844167,0.0139726523520546
34.7312424253189,0,0.00360906084633839,0,34.7312424253189,0.00360906084633839,0.00360906084633839,0.00360906084633839,0.017575833019559
54.7209102152747,0,0.0196726221291343,0,54.7209102152747,0.0196726221291343,0.0196726221291343,0.0196726221291343,0.0109274670854921
6.44620981534856,0,0.014846298512104,0,6.44620981534856,0.014846298512104,0.014846298512104,0.014846298512104,0.0608105741726415
13.7692792179168,0,0.045315959795906,0,13.7692792179168,0.045315959795906,0.045315959795906,0.045315959795906,0.0576659331255503
11.7030101268542,0,0.0664031592294417,0,11.7030101268542,0.0664031592294417,0.0664031592294417,0.0664031592294417,0.0318702419669784
7.36539602284415,0,-0.0247872150245361,0,7.36539602284415,-0.0247872150245361,-0.0247872150245361,-0.0247872150245361,0.114121672795408
7.17535910443418,0,0.0223584830888584,0,7.17535910443418,0.0223584830888584,0.0223584830888584,0.0223584830888584,0.0787357224553916
10.2795400430588,0,-0.0197343725876436,0,10.2795400430588,-0.0197343725876436,-0.0197343725876436,-0.0197343725876436,0.0623990846503716
11.8155784180346,0,0.132399483418963,0,11.8155784180346,0.132399483418963,0.132399483418963,0.132399483418963,0.0684128055131695
10.8363107906744,0,-0.028098390818107,0,10.8363107906744,-0.028098390818107,-0.028098390818107,-0.028098390818107,0.071926050301895
11.7003583105711,0,-0.00186774348468509,0,11.7003583105711,-0.00186774348468509,-0.00186774348468509,-0.00186774348468509,0.00589871207554302
14.1717804897526,0,0.027255899623745,0,14.1717804897526,0.027255899623745,0.027255899623745,0.027255899623745,0.0438772018708798
10.4916049522311,0,0.0132463173032987,0,10.4916049522311,0.0132463173032987,0.0132463173032987,0.0132463173032987,0.0267192917518445
17.4700053613048,0,-0.0184802916209333,0,17.4700053613048,-0.0184802916209333,-0.0184802916209333,-0.0184802916209333,0.0310328260487528
22.4190143092695,0,-0.000161199703742028,0,22.4190143092695,-0.000161199703742028,-0.000161199703742028,-0.000161199703742028,0.0167230245622351
23.3384346785706,0,0.0173424537425691,0,23.3384346785706,0.0173424537425691,0.0173424537425691,0.0173424537425691,0.0189266195413323
38.8851950923656,0,-0.0332412043876419,0,38.8851950923656,-0.0332412043876419,-0.0332412043876419,-0.0332412043876419,0.0285556564673136
33.1236118256953,0,-0.00808769374160821,0,33.1236118256953,-0.00808769374160821,-0.00808769374160821,-0.00808769374160821,0.0398141944590775
130.216227665708,0,0.0198117493038606,0,130.216227665708,0.0198117493038606,0.0198117493038606,0.0198117493038606,0.0277236387216602
9.87654480749694,0,-0.0946232449189078,0,9.87654480749694,-0.0946232449189078,-0.0946232449189078,-0.0946232449189078,0.0836731049469832
15.7641037476623,0,0.0452974152246685,0,15.7641037476623,0.0452974152246685,0.0452974152246685,0.0452974152246685,0.0222639606786319
13.2572895170701,0,-0.00547183825283213,0,13.2572895170701,-0.00547183825283213,-0.00547183825283213,-0.00547183825283213,0.0207932850711389
14.6101069409457,0,-0.0361151431713081,0,14.6101069409457,-0.0361151431713081,-0.0361151431713081,-0.0361151431713081,0.0853409147807967
9.82277228593101,0,0.003405640430707,0,9.82277228593101,0.003405640430707,0.003405640430707,0.003405640430707,0.0711265903737062
11.2420027298881,0,-0.0660500012093723,0,11.2420027298881,-0.0660500012093723,-0.0660500012093723,-0.0660500012093723,0.0384705888979592
20.250805971961,0,-0.0722114931141322,0,20.250805971961,-0.0722114931141322,-0.0722114931141322,-0.0722114931141322,0.0558422559374383
28.4056044215739,0,-0.0234835133541325,0,28.4056044215739,-0.0234835133541325,-0.0234835133541325,-0.0234835133541325,0.0460235649191708
9.44659083119766,0,-0.0979355343768668,0,9.44659083119766,-0.0979355343768668,-0.0979355343768668,-0.0979355343768668,0.106984919191722
10.6319539160187,0,0.00587821668928426,0,10.6319539160187,0.00587821668928426,0.00587821668928426,0.00587821668928426,0.0434639030773943
23.722803858762,0,0.00435490338959432,0,23.722803858762,0.00435490338959432,0.00435490338959432,0.00435490338959432,0.0172785731987079
NA,NA,NA,NA,NA,NA,NA,NA,NA
9.30240675050487,0,0.0198716605101052,0,9.30240675050487,0.0198716605101052,0.0198716605101052,0.0198716605101052,0.0714542693242479
6.82559417888738,0,-0.0208488602109932,0,6.82559417888738,-0.0208488602109932,-0.0208488602109932,-0.0208488602109932,0.0626238731585564
7.10118523761685,0,-0.0285278978712163,0,7.10118523761685,-0.0285278978712163,-0.0285278978712163,-0.0285278978712163,0.0595492352872805
8.39406695268219,0,0.0167837864563465,0,8.39406695268219,0.0167837864563465,0.0167837864563465,0.0167837864563465,0.0322473662392579
15.3813680380744,0,-0.0235768509494856,0,15.3813680380744,-0.0235768509494856,-0.0235768509494856,-0.0235768509494856,0.0385600790656454
10.9419857642508,0,-0.0876235523401562,0,10.9419857642508,-0.0876235523401562,-0.0876235523401562,-0.0876235523401562,0.0336377588977628
9.567453602661,0,-0.0130573193727359,0,9.567453602661,-0.0130573193727359,-0.0130573193727359,-0.0130573193727359,0.0264340771076804
9.56764954052794,0,-0.00578932875863998,0,9.56764954052794,-0.00578932875863998,-0.00578932875863998,-0.00578932875863998,0.0288617279537588
9.58796747981615,0,0.00725905880614161,0,9.58796747981615,0.00725905880614161,0.00725905880614161,0.00725905880614161,0.0422687684348916
15.1454884083029,0,0.0687427351592194,0,15.1454884083029,0.0687427351592194,0.0687427351592194,0.0687427351592194,0.0334809714396658
9.72468903389732,0,0.0209196079014141,0,9.72468903389732,0.0209196079014141,0.0209196079014141,0.0209196079014141,0.0473210924820652
14.8412385484711,0,0.00805813747067324,0,14.8412385484711,0.00805813747067324,0.00805813747067324,0.00805813747067324,0.0331399934197975
10.6567948708008,0,0.0203455428827325,0,10.6567948708008,0.0203455428827325,0.0203455428827325,0.0203455428827325,0.0367174068081082
12.7697291709358,0,0.00135812282131545,0,12.7697291709358,0.00135812282131545,0.00135812282131545,0.00135812282131545,0.0331331000834964
17.7014293147066,0,0.0234372077444364,0,17.7014293147066,0.0234372077444364,0.0234372077444364,0.0234372077444364,0.0323786122878216
16.016217440795,0,-0.00369944404825601,0,16.016217440795,-0.00369944404825601,-0.00369944404825601,-0.00369944404825601,0.0376637682579198
21.1131806593051,0,-0.056056653152879,0,21.1131806593051,-0.056056653152879,-0.056056653152879,-0.056056653152879,0.033465829508006
12.511562118753,0,0.010653794636591,0,12.511562118753,0.010653794636591,0.010653794636591,0.010653794636591,0.0542734571116003
11.3110693140974,0,0.00982781565554414,0,11.3110693140974,0.00982781565554414,0.00982781565554414,0.00982781565554414,0.0152975413868066
19.3344521561619,0,-0.0178892890128142,0,19.3344521561619,-0.0178892890128142,-0.0178892890128142,-0.0178892890128142,0.0322365626104049
22.4252386829518,0,0.0149224868595611,0,22.4252386829518,0.0149224868595611,0.0149224868595611,0.0149224868595611,0.0125393113695439
12.3654554745313,0,-0.0686880413546458,0,12.3654554745313,-0.0686880413546458,-0.0686880413546458,-0.0686880413546458,0.0513325050706189
19.2556223171704,0,0.0285945738844167,0,19.2556223171704,0.0285945738844167,0.0285945738844167,0.0285945738844167,0.0139726523520546
34.7312424253189,0,0.00360906084633839,0,34.7312424253189,0.00360906084633839,0.00360906084633839,0.00360906084633839,0.017575833019559
54.7209102152747,0,0.0196726221291343,0,54.7209102152747,0.0196726221291343,0.0196726221291343,0.0196726221291343,0.0109274670854921
6.44620981534856,0,0.014846298512104,0,6.44620981534856,0.014846298512104,0.014846298512104,0.014846298512104,0.0608105741726415
13.7692792179168,0,0.045315959795906,0,13.7692792179168,0.045315959795906,0.045315959795906,0.045315959795906,0.0576659331255503
11.7030101268542,0,0.0664031592294417,0,11.7030101268542,0.0664031592294417,0.0664031592294417,0.0664031592294417,0.0318702419669784
7.36539602284415,0,-0.0247872150245361,0,7.36539602284415,-0.0247872150245361,-0.0247872150245361,-0.0247872150245361,0.114121672795408
7.17535910443418,0,0.0223584830888584,0,7.17535910443418,0.0223584830888584,0.0223584830888584,0.0223584830888584,0.0787357224553916
10.2795400430588,0,-0.0197343725876436,0,10.2795400430588,-0.0197343725876436,-0.0197343725876436,-0.0197343725876436,0.0623990846503716
11.8155784180346,0,0.132399483418963,0,11.8155784180346,0.132399483418963,0.132399483418963,0.132399483418963,0.0684128055131695
10.8363107906744,0,-0.028098390818107,0,10.8363107906744,-0.028098390818107,-0.028098390818107,-0.028098390818107,0.071926050301895
11.7003583105711,0,-0.00186774348468509,0,11.7003583105711,-0.00186774348468509,-0.00186774348468509,-0.00186774348468509,0.00589871207554302
14.1717804897526,0,0.027255899623745,0,14.1717804897526,0.027255899623745,0.027255899623745,0.027255899623745,0.0438772018708798
10.4916049522311,0,0.0132463173032987,0,10.4916049522311,0.0132463173032987,0.0132463173032987,0.0132463173032987,0.0267192917518445
17.4700053613048,0,-0.0184802916209333,0,17.4700053613048,-0.0184802916209333,-0.0184802916209333,-0.0184802916209333,0.0310328260487528
22.4190143092695,0,-0.000161199703742028,0,22.4190143092695,-0.000161199703742028,-0.000161199703742028,-0.000161199703742028,0.0167230245622351
23.3384346785706,0,0.0173424537425691,0,23.3384346785706,0.0173424537425691,0.0173424537425691,0.0173424537425691,0.0189266195413323
38.8851950923656,0,-0.0332412043876419,0,38.8851950923656,-0.0332412043876419,-0.0332412043876419,-0.0332412043876419,0.0285556564673136
18.868464140174,0,-0.0601138815581494,0,18.868464140174,-0.0601138815581494,-0.0601138815581494,-0.0601138815581494,0.0841243606959225
130.216227665708,0,0.0198117493038606,0,130.216227665708,0.0198117493038606,0.0198117493038606,0.0198117493038606,0.0277236387216602
9.87654480749694,0,-0.0946232449189078,0,9.87654480749694,-0.0946232449189078,-0.0946232449189078,-0.0946232449189078,0.0836731049469832
15.7641037476623,0,0.0452974152246685,0,15.7641037476623,0.0452974152246685,0.0452974152246685,0.0452974152246685,0.0222639606786319
13.2572895170701,0,-0.00547183825283213,0,13.2572895170701,-0.00547183825283213,-0.00547183825283213,-0.00547183825283213,0.0207932850711389
14.6101069409457,0,-0.0361151431713081,0,14.6101069409457,-0.0361151431713081,-0.0361151431713081,-0.0361151431713081,0.0853409147807967
9.82277228593101,0,0.003405640430707,0,9.82277228593101,0.003405640430707,0.003405640430707,0.003405640430707,0.0711265903737062
11.2420027298881,0,-0.0660500012093723,0,11.2420027298881,-0.0660500012093723,-0.0660500012093723,-0.0660500012093723,0.0384705888979592
20.250805971961,0,-0.0722114931141322,0,20.250805971961,-0.0722114931141322,-0.0722114931141322,-0.0722114931141322,0.0558422559374383
28.4056044215739,0,-0.0234835133541325,0,28.4056044215739,-0.0234835133541325,-0.0234835133541325,-0.0234835133541325,0.0460235649191708
9.44659083119766,0,-0.0979355343768668,0,9.44659083119766,-0.0979355343768668,-0.0979355343768668,-0.0979355343768668,0.106984919191722
10.6319539160187,0,0.00587821668928426,0,10.6319539160187,0.00587821668928426,0.00587821668928426,0.00587821668928426,0.0434639030773943
23.722803858762,0,0.00435490338959432,0,23.722803858762,0.00435490338959432,0.00435490338959432,0.00435490338959432,0.0172785731987079
NA,NA,NA,NA,NA,NA,NA,NA,NA
9.30240675050487,0,0.0198716605101052,0,9.30240675050487,0.0198716605101052,0.0198716605101052,0.0198716605101052,0.0714542693242479
6.82559417888738,0,-0.0208488602109932,0,6.82559417888738,-0.0208488602109932,-0.0208488602109932,-0.0208488602109932,0.0626238731585564
7.10118523761685,0,-0.0285278978712163,0,7.10118523761685,-0.0285278978712163,-0.0285278978712163,-0.0285278978712163,0.0595492352872805
8.39406695268219,0,0.0167837864563465,0,8.39406695268219,0.0167837864563465,0.0167837864563465,0.0167837864563465,0.0322473662392579
15.3813680380744,0,-0.0235768509494856,0,15.3813680380744,-0.0235768509494856,-0.0235768509494856,-0.0235768509494856,0.0385600790656454
10.9419857642508,0,-0.0876235523401562,0,10.9419857642508,-0.0876235523401562,-0.0876235523401562,-0.0876235523401562,0.0336377588977628
9.567453602661,0,-0.0130573193727359,0,9.567453602661,-0.0130573193727359,-0.0130573193727359,-0.0130573193727359,0.0264340771076804
9.56764954052794,0,-0.00578932875863998,0,9.56764954052794,-0.00578932875863998,-0.00578932875863998,-0.00578932875863998,0.0288617279537588
9.58796747981615,0,0.00725905880614161,0,9.58796747981615,0.00725905880614161,0.00725905880614161,0.00725905880614161,0.0422687684348916
15.1454884083029,0,0.0687427351592194,0,15.1454884083029,0.0687427351592194,0.0687427351592194,0.0687427351592194,0.0334809714396658
9.72468903389732,0,0.0209196079014141,0,9.72468903389732,0.0209196079014141,0.0209196079014141,0.0209196079014141,0.0473210924820652
14.8412385484711,0,0.00805813747067324,0,14.8412385484711,0.00805813747067324,0.00805813747067324,0.00805813747067324,0.0331399934197975
10.6567948708008,0,0.0203455428827325,0,10.6567948708008,0.0203455428827325,0.0203455428827325,0.0203455428827325,0.0367174068081082
12.7697291709358,0,0.00135812282131545,0,12.7697291709358,0.00135812282131545,0.00135812282131545,0.00135812282131545,0.0331331000834964
17.7014293147066,0,0.0234372077444364,0,17.7014293147066,0.0234372077444364,0.0234372077444364,0.0234372077444364,0.0323786122878216
16.016217440795,0,-0.00369944404825601,0,16.016217440795,-0.00369944404825601,-0.00369944404825601,-0.00369944404825601,0.0376637682579198
21.1131806593051,0,-0.056056653152879,0,21.1131806593051,-0.056056653152879,-0.056056653152879,-0.056056653152879,0.033465829508006
12.511562118753,0,0.010653794636591,0,12.511562118753,0.010653794636591,0.010653794636591,0.010653794636591,0.0542734571116003
11.3110693140974,0,0.00982781565554414,0,11.3110693140974,0.00982781565554414,0.00982781565554414,0.00982781565554414,0.0152975413868066
19.3344521561619,0,-0.0178892890128142,0,19.3344521561619,-0.0178892890128142,-0.0178892890128142,-0.0178892890128142,0.0322365626104049
22.4252386829518,0,0.0149224868595611,0,22.4252386829518,0.0149224868595611,0.0149224868595611,0.0149224868595611,0.0125393113695439
12.3654554745313,0,-0.0686880413546458,0,12.3654554745313,-0.0686880413546458,-0.0686880413546458,-0.0686880413546458,0.0513325050706189
19.2556223171704,0,0.0285945738844167,0,19.2556223171704,0.0285945738844167,0.0285945738844167,0.0285945738844167,0.0139726523520546
34.7312424253189,0,0.00360906084633839,0,34.7312424253189,0.00360906084633839,0.00360906084633839,0.00360906084633839,0.017575833019559
54.7209102152747,0,0.0196726221291343,0,54.7209102152747,0.0196726221291343,0.0196726221291343,0.0196726221291343,0.0109274670854921
6.44620981534856,0,0.014846298512104,0,6.44620981534856,0.014846298512104,0.014846298512104,0.014846298512104,0.0608105741726415
13.7692792179168,0,0.045315959795906,0,13.7692792179168,0.045315959795906,0.045315959795906,0.045315959795906,0.0576659331255503
11.7030101268542,0,0.0664031592294417,0,11.7030101268542,0.0664031592294417,0.0664031592294417,0.0664031592294417,0.0318702419669784
7.36539602284415,0,-0.0247872150245361,0,7.36539602284415,-0.0247872150245361,-0.0247872150245361,-0.0247872150245361,0.114121672795408
7.17535910443418,0,0.0223584830888584,0,7.17535910443418,0.0223584830888584,0.0223584830888584,0.0223584830888584,0.0787357224553916
10.2795400430588,0,-0.0197343725876436,0,10.2795400430588,-0.0197343725876436,-0.0197343725876436,-0.0197343725876436,0.0623990846503716
11.8155784180346,0,0.132399483418963,0,11.8155784180346,0.132399483418963,0.132399483418963,0.132399483418963,0.0684128055131695
10.8363107906744,0,-0.028098390818107,0,10.8363107906744,-0.028098390818107,-0.028098390818107,-0.028098390818107,0.071926050301895
11.7003583105711,0,-0.00186774348468509,0,11.7003583105711,-0.00186774348468509,-0.00186774348468509,-0.00186774348468509,0.00589871207554302
14.1717804897526,0,0.027255899623745,0,14.1717804897526,0.027255899623745,0.027255899623745,0.027255899623745,0.0438772018708798
10.4916049522311,0,0.0132463173032987,0,10.4916049522311,0.0132463173032987,0.0132463173032987,0.0132463173032987,0.0267192917518445
17.4700053613048,0,-0.0184802916209333,0,17.4700053613048,-0.0184802916209333,-0.0184802916209333,-0.0184802916209333,0.0310328260487528
22.4190143092695,0,-0.000161199703742028,0,22.4190143092695,-0.000161199703742028,-0.000161199703742028,-0.000161199703742028,0.0167230245622351
23.3384346785706,0,0.0173424537425691,0,23.3384346785706,0.0173424537425691,0.0173424537425691,0.0173424537425691,0.0189266195413323
38.8851950923656,0,-0.0332412043876419,0,38.8851950923656,-0.0332412043876419,-0.0332412043876419,-0.0332412043876419,0.0285556564673136
18.868464140174,0,-0.0601138815581494,0,18.868464140174,-0.0601138815581494,-0.0601138815581494,-0.0601138815581494,0.0841243606959225
130.216227665708,0,0.0198117493038606,0,130.216227665708,0.0198117493038606,0.0198117493038606,0.0198117493038606,0.0277236387216602
9.87654480749694,0,-0.0946232449189078,0,9.87654480749694,-0.0946232449189078,-0.0946232449189078,-0.0946232449189078,0.0836731049469832
15.7641037476623,0,0.0452974152246685,0,15.7641037476623,0.0452974152246685,0.0452974152246685,0.0452974152246685,0.0222639606786319
13.2572895170701,0,-0.00547183825283213,0,13.2572895170701,-0.00547183825283213,-0.00547183825283213,-0.00547183825283213,0.0207932850711389
14.6101069409457,0,-0.0361151431713081,0,14.6101069409457,-0.0361151431713081,-0.0361151431713081,-0.0361151431713081,0.0853409147807967
9.82277228593101,0,0.003405640430707,0,9.82277228593101,0.003405640430707,0.003405640430707,0.003405640430707,0.0711265903737062
11.2420027298881,0,-0.0660500012093723,0,11.2420027298881,-0.0660500012093723,-0.0660500012093723,-0.0660500012093723,0.0384705888979592
20.250805971961,0,-0.0722114931141322,0,20.250805971961,-0.0722114931141322,-0.0722114931141322,-0.0722114931141322,0.0558422559374383
28.4056044215739,0,-0.0234835133541325,0,28.4056044215739,-0.0234835133541325,-0.0234835133541325,-0.0234835133541325,0.0460235649191708
9.44659083119766,0,-0.0979355343768668,0,9.44659083119766,-0.0979355343768668,-0.0979355343768668,-0.0979355343768668,0.106984919191722
10.6319539160187,0,0.00587821668928426,0,10.6319539160187,0.00587821668928426,0.00587821668928426,0.00587821668928426,0.0434639030773943
23.722803858762,0,0.00435490338959432,0,23.722803858762,0.00435490338959432,0.00435490338959432,0.00435490338959432,0.0172785731987079
NA,NA,NA,NA,NA,NA,NA,NA,NA
9.30240675050487,0,0.0198716605101052,0,9.30240675050487,0.0198716605101052,0.0198716605101052,0.0198716605101052,0.0714542693242479
6.82559417888738,0,-0.0208488602109932,0,6.82559417888738,-0.0208488602109932,-0.0208488602109932,-0.0208488602109932,0.0626238731585564
7.10118523761685,0,-0.0285278978712163,0,7.10118523761685,-0.0285278978712163,-0.0285278978712163,-0.0285278978712163,0.0595492352872805
8.39406695268219,0,0.0167837864563465,0,8.39406695268219,0.0167837864563465,0.0167837864563465,0.0167837864563465,0.0322473662392579
15.3813680380744,0,-0.0235768509494856,0,15.3813680380744,-0.0235768509494856,-0.0235768509494856,-0.0235768509494856,0.0385600790656454
10.9419857642508,0,-0.0876235523401562,0,10.9419857642508,-0.0876235523401562,-0.0876235523401562,-0.0876235523401562,0.0336377588977628
9.567453602661,0,-0.0130573193727359,0,9.567453602661,-0.0130573193727359,-0.0130573193727359,-0.0130573193727359,0.0264340771076804
9.56764954052794,0,-0.00578932875863998,0,9.56764954052794,-0.00578932875863998,-0.00578932875863998,-0.00578932875863998,0.0288617279537588
9.58796747981615,0,0.00725905880614161,0,9.58796747981615,0.00725905880614161,0.00725905880614161,0.00725905880614161,0.0422687684348916
15.1454884083029,0,0.0687427351592194,0,15.1454884083029,0.0687427351592194,0.0687427351592194,0.0687427351592194,0.0334809714396658
9.72468903389732,0,0.0209196079014141,0,9.72468903389732,0.0209196079014141,0.0209196079014141,0.0209196079014141,0.0473210924820652
14.8412385484711,0,0.00805813747067324,0,14.8412385484711,0.00805813747067324,0.00805813747067324,0.00805813747067324,0.0331399934197975
10.6567948708008,0,0.0203455428827325,0,10.6567948708008,0.0203455428827325,0.0203455428827325,0.0203455428827325,0.0367174068081082
12.7697291709358,0,0.00135812282131545,0,12.7697291709358,0.00135812282131545,0.00135812282131545,0.00135812282131545,0.0331331000834964
17.7014293147066,0,0.0234372077444364,0,17.7014293147066,0.0234372077444364,0.0234372077444364,0.0234372077444364,0.0323786122878216
16.016217440795,0,-0.00369944404825601,0,16.016217440795,-0.00369944404825601,-0.00369944404825601,-0.00369944404825601,0.0376637682579198
21.1131806593051,0,-0.056056653152879,0,21.1131806593051,-0.056056653152879,-0.056056653152879,-0.056056653152879,0.033465829508006
12.511562118753,0,0.010653794636591,0,12.511562118753,0.010653794636591,0.010653794636591,0.010653794636591,0.0542734571116003
11.3110693140974,0,0.00982781565554414,0,11.3110693140974,0.00982781565554414,0.00982781565554414,0.00982781565554414,0.0152975413868066
19.3344521561619,0,-0.0178892890128142,0,19.3344521561619,-0.0178892890128142,-0.0178892890128142,-0.0178892890128142,0.0322365626104049
22.4252386829518,0,0.0149224868595611,0,22.4252386829518,0.0149224868595611,0.0149224868595611,0.0149224868595611,0.0125393113695439
12.3654554745313,0,-0.0686880413546458,0,12.3654554745313,-0.0686880413546458,-0.0686880413546458,-0.0686880413546458,0.0513325050706189
19.2556223171704,0,0.0285945738844167,0,19.2556223171704,0.0285945738844167,0.0285945738844167,0.0285945738844167,0.0139726523520546
34.7312424253189,0,0.00360906084633839,0,34.7312424253189,0.00360906084633839,0.00360906084633839,0.00360906084633839,0.017575833019559
54.7209102152747,0,0.0196726221291343,0,54.7209102152747,0.0196726221291343,0.0196726221291343,0.0196726221291343,0.0109274670854921
6.44620981534856,0,0.014846298512104,0,6.44620981534856,0.014846298512104,0.014846298512104,0.014846298512104,0.0608105741726415
13.7692792179168,0,0.045315959795906,0,13.7692792179168,0.045315959795906,0.045315959795906,0.045315959795906,0.0576659331255503
11.7030101268542,0,0.0664031592294417,0,11.7030101268542,0.0664031592294417,0.0664031592294417,0.0664031592294417,0.0318702419669784
7.36539602284415,0,-0.0247872150245361,0,7.36539602284415,-0.0247872150245361,-0.0247872150245361,-0.0247872150245361,0.114121672795408
7.17535910443418,0,0.0223584830888584,0,7.17535910443418,0.0223584830888584,0.0223584830888584,0.0223584830888584,0.0787357224553916
10.2795400430588,0,-0.0197343725876436,0,10.2795400430588,-0.0197343725876436,-0.0197343725876436,-0.0197343725876436,0.0623990846503716
11.8155784180346,0,0.132399483418963,0,11.8155784180346,0.132399483418963,0.132399483418963,0.132399483418963,0.0684128055131695
10.8363107906744,0,-0.028098390818107,0,10.8363107906744,-0.028098390818107,-0.028098390818107,-0.028098390818107,0.071926050301895
11.7003583105711,0,-0.00186774348468509,0,11.7003583105711,-0.00186774348468509,-0.00186774348468509,-0.00186774348468509,0.00589871207554302
14.1717804897526,0,0.027255899623745,0,14.1717804897526,0.027255899623745,0.027255899623745,0.027255899623745,0.0438772018708798
10.4916049522311,0,0.0132463173032987,0,10.4916049522311,0.0132463173032987,0.0132463173032987,0.0132463173032987,0.0267192917518445
17.4700053613048,0,-0.0184802916209333,0,17.4700053613048,-0.0184802916209333,-0.0184802916209333,-0.0184802916209333,0.0310328260487528
22.4190143092695,0,-0.000161199703742028,0,22.4190143092695,-0.000161199703742028,-0.000161199703742028,-0.000161199703742028,0.0167230245622351
23.3384346785706,0,0.0173424537425691,0,23.3384346785706,0.0173424537425691,0.0173424537425691,0.0173424537425691,0.0189266195413323
38.8851950923656,0,-0.0332412043876419,0,38.8851950923656,-0.0332412043876419,-0.0332412043876419,-0.0332412043876419,0.0285556564673136
18.868464140174,0,-0.0601138815581494,0,18.868464140174,-0.0601138815581494,-0.0601138815581494,-0.0601138815581494,0.0841243606959225
130.216227665708,0,0.0198117493038606,0,130.216227665708,0.0198117493038606,0.0198117493038606,0.0198117493038606,0.0277236387216602
9.87654480749694,0,-0.0946232449189078,0,9.87654480749694,-0.0946232449189078,-0.0946232449189078,-0.0946232449189078,0.0836731049469832
15.7641037476623,0,0.0452974152246685,0,15.7641037476623,0.0452974152246685,0.0452974152246685,0.0452974152246685,0.0222639606786319
13.2572895170701,0,-0.00547183825283213,0,13.2572895170701,-0.00547183825283213,-0.00547183825283213,-0.00547183825283213,0.0207932850711389
14.6101069409457,0,-0.0361151431713081,0,14.6101069409457,-0.0361151431713081,-0.0361151431713081,-0.0361151431713081,0.0853409147807967
9.82277228593101,0,0.003405640430707,0,9.82277228593101,0.003405640430707,0.003405640430707,0.003405640430707,0.0711265903737062
11.2420027298881,0,-0.0660500012093723,0,11.2420027298881,-0.0660500012093723,-0.0660500012093723,-0.0660500012093723,0.0384705888979592
20.250805971961,0,-0.0722114931141322,0,20.250805971961,-0.0722114931141322,-0.0722114931141322,-0.0722114931141322,0.0558422559374383
28.4056044215739,0,-0.0234835133541325,0,28.4056044215739,-0.0234835133541325,-0.0234835133541325,-0.0234835133541325,0.0460235649191708
9.44659083119766,0,-0.0979355343768668,0,9.44659083119766,-0.0979355343768668,-0.0979355343768668,-0.0979355343768668,0.106984919191722
10.6319539160187,0,0.00587821668928426,0,10.6319539160187,0.00587821668928426,0.00587821668928426,0.00587821668928426,0.0434639030773943
23.722803858762,0,0.00435490338959432,0,23.722803858762,0.00435490338959432,0.00435490338959432,0.00435490338959432,0.0172785731987079
NA,NA,NA,NA,NA,NA,NA,NA,NA
9.30240675050487,0,0.0198716605101052,0,9.30240675050487,0.0198716605101052,0.0198716605101052,0.0198716605101052,0.0714542693242479
6.82559417888738,0,-0.0208488602109932,0,6.82559417888738,-0.0208488602109932,-0.0208488602109932,-0.0208488602109932,0.0626238731585564
7.10118523761685,0,-0.0285278978712163,0,7.10118523761685,-0.0285278978712163,-0.0285278978712163,-0.0285278978712163,0.0595492352872805
8.39406695268219,0,0.0167837864563465,0,8.39406695268219,0.0167837864563465,0.0167837864563465,0.0167837864563465,0.0322473662392579
15.3813680380744,0,-0.0235768509494856,0,15.3813680380744,-0.0235768509494856,-0.0235768509494856,-0.0235768509494856,0.0385600790656454
10.9419857642508,0,-0.0876235523401562,0,10.9419857642508,-0.0876235523401562,-0.0876235523401562,-0.0876235523401562,0.0336377588977628
9.567453602661,0,-0.0130573193727359,0,9.567453602661,-0.0130573193727359,-0.0130573193727359,-0.0130573193727359,0.0264340771076804
9.56764954052794,0,-0.00578932875863998,0,9.56764954052794,-0.00578932875863998,-0.00578932875863998,-0.00578932875863998,0.0288617279537588
9.58796747981615,0,0.00725905880614161,0,9.58796747981615,0.00725905880614161,0.00725905880614161,0.00725905880614161,0.0422687684348916
15.1454884083029,0,0.0687427351592194,0,15.1454884083029,0.0687427351592194,0.0687427351592194,0.0687427351592194,0.0334809714396658
9.72468903389732,0,0.0209196079014141,0,9.72468903389732,0.0209196079014141,0.0209196079014141,0.0209196079014141,0.0473210924820652
14.8412385484711,0,0.00805813747067324,0,14.8412385484711,0.00805813747067324,0.00805813747067324,0.00805813747067324,0.0331399934197975
10.6567948708008,0,0.0203455428827325,0,10.6567948708008,0.0203455428827325,0.0203455428827325,0.0203455428827325,0.0367174068081082
12.7697291709358,0,0.00135812282131545,0,12.7697291709358,0.00135812282131545,0.00135812282131545,0.00135812282131545,0.0331331000834964
17.7014293147066,0,0.0234372077444364,0,17.7014293147066,0.0234372077444364,0.0234372077444364,0.0234372077444364,0.0323786122878216
16.016217440795,0,-0.00369944404825601,0,16.016217440795,-0.00369944404825601,-0.00369944404825601,-0.00369944404825601,0.0376637682579198
21.1131806593051,0,-0.056056653152879,0,21.1131806593051,-0.056056653152879,-0.056056653152879,-0.056056653152879,0.033465829508006
12.511562118753,0,0.010653794636591,0,12.511562118753,0.010653794636591,0.010653794636591,0.010653794636591,0.0542734571116003
11.3110693140974,0,0.00982781565554414,0,11.3110693140974,0.00982781565554414,0.00982781565554414,0.00982781565554414,0.0152975413868066
19.3344521561619,0,-0.0178892890128142,0,19.3344521561619,-0.0178892890128142,-0.0178892890128142,-0.0178892890128142,0.0322365626104049
22.4252386829518,0,0.0149224868595611,0,22.4252386829518,0.0149224868595611,0.0149224868595611,0.0149224868595611,0.0125393113695439
12.3654554745313,0,-0.0686880413546458,0,12.3654554745313,-0.0686880413546458,-0.0686880413546458,-0.0686880413546458,0.0513325050706189
19.2556223171704,0,0.0285945738844167,0,19.2556223171704,0.0285945738844167,0.0285945738844167,0.0285945738844167,0.0139726523520546
34.7312424253189,0,0.00360906084633839,0,34.7312424253189,0.00360906084633839,0.00360906084633839,0.00360906084633839,0.017575833019559
54.7209102152747,0,0.0196726221291343,0,54.7209102152747,0.0196726221291343,0.0196726221291343,0.0196726221291343,0.0109274670854921
6.44620981534856,0,0.014846298512104,0,6.44620981534856,0.014846298512104,0.014846298512104,0.014846298512104,0.0608105741726415
13.7692792179168,0,0.045315959795906,0,13.7692792179168,0.045315959795906,0.045315959795906,0.045315959795906,0.0576659331255503
11.7030101268542,0,0.0664031592294417,0,11.7030101268542,0.0664031592294417,0.0664031592294417,0.0664031592294417,0.0318702419669784
7.36539602284415,0,-0.0247872150245361,0,7.36539602284415,-0.0247872150245361,-0.0247872150245361,-0.0247872150245361,0.114121672795408
7.17535910443418,0,0.0223584830888584,0,7.17535910443418,0.0223584830888584,0.0223584830888584,0.0223584830888584,0.0787357224553916
10.2795400430588,0,-0.0197343725876436,0,10.2795400430588,-0.0197343725876436,-0.0197343725876436,-0.0197343725876436,0.0623990846503716
11.8155784180346,0,0.132399483418963,0,11.8155784180346,0.132399483418963,0.132399483418963,0.132399483418963,0.0684128055131695
10.8363107906744,0,-0.028098390818107,0,10.8363107906744,-0.028098390818107,-0.028098390818107,-0.028098390818107,0.071926050301895
11.7003583105711,0,-0.00186774348468509,0,11.7003583105711,-0.00186774348468509,-0.00186774348468509,-0.00186774348468509,0.00589871207554302
14.1717804897526,0,0.027255899623745,0,14.1717804897526,0.027255899623745,0.027255899623745,0.027255899623745,0.0438772018708798
10.4916049522311,0,0.0132463173032987,0,10.4916049522311,0.0132463173032987,0.0132463173032987,0.0132463173032987,0.0267192917518445
17.4700053613048,0,-0.0184802916209333,0,17.4700053613048,-0.0184802916209333,-0.0184802916209333,-0.0184802916209333,0.0310328260487528
22.4190143092695,0,-0.000161199703742028,0,22.4190143092695,-0.000161199703742028,-0.000161199703742028,-0.000161199703742028,0.0167230245622351
23.3384346785706,0,0.0173424537425691,0,23.3384346785706,0.0173424537425691,0.0173424537425691,0.0173424537425691,0.0189266195413323
38.8851950923656,0,-0.0332412043876419,0,38.8851950923656,-0.0332412043876419,-0.0332412043876419,-0.0332412043876419,0.0285556564673136
18.868464140174,0,-0.0601138815581494,0,18.868464140174,-0.0601138815581494,-0.0601138815581494,-0.0601138815581494,0.0841243606959225
130.216227665708,0,0.0198117493038606,0,130.216227665708,0.0198117493038606,0.0198117493038606,0.0198117493038606,0.0277236387216602
9.87654480749694,0,-0.0946232449189078,0,9.87654480749694,-0.0946232449189078,-0.0946232449189078,-0.0946232449189078,0.0836731049469832
15.7641037476623,0,0.0452974152246685,0,15.7641037476623,0.0452974152246685,0.0452974152246685,0.0452974152246685,0.0222639606786319
13.2572895170701,0,-0.00547183825283213,0,13.2572895170701,-0.00547183825283213,-0.00547183825283213,-0.00547183825283213,0.0207932850711389
14.6101069409457,0,-0.0361151431713081,0,14.6101069409457,-0.0361151431713081,-0.0361151431713081,-0.0361151431713081,0.0853409147807967
9.82277228593101,0,0.003405640430707,0,9.82277228593101,0.003405640430707,0.003405640430707,0.003405640430707,0.0711265903737062
11.2420027298881,0,-0.0660500012093723,0,11.2420027298881,-0.0660500012093723,-0.0660500012093723,-0.0660500012093723,0.0384705888979592
20.250805971961,0,-0.0722114931141322,0,20.250805971961,-0.0722114931141322,-0.0722114931141322,-0.0722114931141322,0.0558422559374383
28.4056044215739,0,-0.0234835133541325,0,28.4056044215739,-0.0234835133541325,-0.0234835133541325,-0.0234835133541325,0.0460235649191708
9.44659083119766,0,-0.0979355343768668,0,9.44659083119766,-0.0979355343768668,-0.0979355343768668,-0.0979355343768668,0.106984919191722
10.6319539160187,0,0.00587821668928426,0,10.6319539160187,0.00587821668928426,0.00587821668928426,0.00587821668928426,0.0434639030773943
23.722803858762,0,0.00435490338959432,0,23.722803858762,0.00435490338959432,0.00435490338959432,0.00435490338959432,0.0172785731987079
NA,NA,NA,NA,NA,NA,NA,NA,NA
9.30240675050487,0,0.0198716605101052,0,9.30240675050487,0.0198716605101052,0.0198716605101052,0.0198716605101052,0.0714542693242479
6.82559417888738,0,-0.0208488602109932,0,6.82559417888738,-0.0208488602109932,-0.0208488602109932,-0.0208488602109932,0.0626238731585564
7.10118523761685,0,-0.0285278978712163,0,7.10118523761685,-0.0285278978712163,-0.0285278978712163,-0.0285278978712163,0.0595492352872805
8.39406695268219,0,0.0167837864563465,0,8.39406695268219,0.0167837864563465,0.0167837864563465,0.0167837864563465,0.0322473662392579
15.3813680380744,0,-0.0235768509494856,0,15.3813680380744,-0.0235768509494856,-0.0235768509494856,-0.0235768509494856,0.0385600790656454
10.9419857642508,0,-0.0876235523401562,0,10.9419857642508,-0.0876235523401562,-0.0876235523401562,-0.0876235523401562,0.0336377588977628
9.567453602661,0,-0.0130573193727359,0,9.567453602661,-0.0130573193727359,-0.0130573193727359,-0.0130573193727359,0.0264340771076804
9.56764954052794,0,-0.00578932875863998,0,9.56764954052794,-0.00578932875863998,-0.00578932875863998,-0.00578932875863998,0.0288617279537588
9.58796747981615,0,0.00725905880614161,0,9.58796747981615,0.00725905880614161,0.00725905880614161,0.00725905880614161,0.0422687684348916
15.1454884083029,0,0.0687427351592194,0,15.1454884083029,0.0687427351592194,0.0687427351592194,0.0687427351592194,0.0334809714396658
9.72468903389732,0,0.0209196079014141,0,9.72468903389732,0.0209196079014141,0.0209196079014141,0.0209196079014141,0.0473210924820652
14.8412385484711,0,0.00805813747067324,0,14.8412385484711,0.00805813747067324,0.00805813747067324,0.00805813747067324,0.0331399934197975
10.6567948708008,0,0.0203455428827325,0,10.6567948708008,0.0203455428827325,0.0203455428827325,0.0203455428827325,0.0367174068081082
12.7697291709358,0,0.00135812282131545,0,12.7697291709358,0.00135812282131545,0.00135812282131545,0.00135812282131545,0.0331331000834964
17.7014293147066,0,0.0234372077444364,0,17.7014293147066,0.0234372077444364,0.0234372077444364,0.0234372077444364,0.0323786122878216
16.016217440795,0,-0.00369944404825601,0,16.016217440795,-0.00369944404825601,-0.00369944404825601,-0.00369944404825601,0.0376637682579198
21.1131806593051,0,-0.056056653152879,0,21.1131806593051,-0.056056653152879,-0.056056653152879,-0.056056653152879,0.033465829508006
12.511562118753,0,0.010653794636591,0,12.511562118753,0.010653794636591,0.010653794636591,0.010653794636591,0.0542734571116003
11.3110693140974,0,0.00982781565554414,0,11.3110693140974,0.00982781565554414,0.00982781565554414,0.00982781565554414,0.0152975413868066
19.3344521561619,0,-0.0178892890128142,0,19.3344521561619,-0.0178892890128142,-0.0178892890128142,-0.0178892890128142,0.0322365626104049
22.4252386829518,0,0.0149224868595611,0,22.4252386829518,0.0149224868595611,0.0149224868595611,0.0149224868595611,0.0125393113695439
12.3654554745313,0,-0.0686880413546458,0,12.3654554745313,-0.0686880413546458,-0.0686880413546458,-0.0686880413546458,0.0513325050706189
19.2556223171704,0,0.0285945738844167,0,19.2556223171704,0.0285945738844167,0.0285945738844167,0.0285945738844167,0.0139726523520546
34.7312424253189,0,0.00360906084633839,0,34.7312424253189,0.00360906084633839,0.00360906084633839,0.00360906084633839,0.017575833019559
54.7209102152747,0,0.0196726221291343,0,54.7209102152747,0.0196726221291343,0.0196726221291343,0.0196726221291343,0.0109274670854921
6.44620981534856,0,0.014846298512104,0,6.44620981534856,0.014846298512104,0.014846298512104,0.014846298512104,0.0608105741726415
13.7692792179168,0,0.045315959795906,0,13.7692792179168,0.045315959795906,0.045315959795906,0.045315959795906,0.0576659331255503
11.7030101268542,0,0.0664031592294417,0,11.7030101268542,0.0664031592294417,0.0664031592294417,0.0664031592294417,0.0318702419669784
7.36539602284415,0,-0.0247872150245361,0,7.36539602284415,-0.0247872150245361,-0.0247872150245361,-0.0247872150245361,0.114121672795408
7.17535910443418,0,0.0223584830888584,0,7.17535910443418,0.0223584830888584,0.0223584830888584,0.0223584830888584,0.0787357224553916
10.2795400430588,0,-0.0197343725876436,0,10.2795400430588,-0.0197343725876436,-0.0197343725876436,-0.0197343725876436,0.0623990846503716
11.8155784180346,0,0.132399483418963,0,11.8155784180346,0.132399483418963,0.132399483418963,0.132399483418963,0.0684128055131695
10.8363107906744,0,-0.028098390818107,0,10.8363107906744,-0.028098390818107,-0.028098390818107,-0.028098390818107,0.071926050301895
11.7003583105711,0,-0.00186774348468509,0,11.7003583105711,-0.00186774348468509,-0.00186774348468509,-0.00186774348468509,0.00589871207554302
14.1717804897526,0,0.027255899623745,0,14.1717804897526,0.027255899623745,0.027255899623745,0.027255899623745,0.0438772018708798
10.4916049522311,0,0.0132463173032987,0,10.4916049522311,0.0132463173032987,0.0132463173032987,0.0132463173032987,0.0267192917518445
17.4700053613048,0,-0.0184802916209333,0,17.4700053613048,-0.0184802916209333,-0.0184802916209333,-0.0184802916209333,0.0310328260487528
22.4190143092695,0,-0.000161199703742028,0,22.4190143092695,-0.000161199703742028,-0.000161199703742028,-0.000161199703742028,0.0167230245622351
23.3384346785706,0,0.0173424537425691,0,23.3384346785706,0.0173424537425691,0.0173424537425691,0.0173424537425691,0.0189266195413323
38.8851950923656,0,-0.0332412043876419,0,38.8851950923656,-0.0332412043876419,-0.0332412043876419,-0.0332412043876419,0.0285556564673136
18.868464140174,0,-0.0601138815581494,0,18.868464140174,-0.0601138815581494,-0.0601138815581494,-0.0601138815581494,0.0841243606959225
130.216227665708,0,0.0198117493038606,0,130.216227665708,0.0198117493038606,0.0198117493038606,0.0198117493038606,0.0277236387216602
9.87654480749694,0,-0.0946232449189078,0,9.87654480749694,-0.0946232449189078,-0.0946232449189078,-0.0946232449189078,0.0836731049469832
15.7641037476623,0,0.0452974152246685,0,15.7641037476623,0.0452974152246685,0.0452974152246685,0.0452974152246685,0.0222639606786319
13.2572895170701,0,-0.00547183825283213,0,13.2572895170701,-0.00547183825283213,-0.00547183825283213,-0.00547183825283213,0.0207932850711389
14.6101069409457,0,-0.0361151431713081,0,14.6101069409457,-0.0361151431713081,-0.0361151431713081,-0.0361151431713081,0.0853409147807967
9.82277228593101,0,0.003405640430707,0,9.82277228593101,0.003405640430707,0.003405640430707,0.003405640430707,0.0711265903737062
11.2420027298881,0,-0.0660500012093723,0,11.2420027298881,-0.0660500012093723,-0.0660500012093723,-0.0660500012093723,0.0384705888979592
20.250805971961,0,-0.0722114931141322,0,20.250805971961,-0.0722114931141322,-0.0722114931141322,-0.0722114931141322,0.0558422559374383
28.4056044215739,0,-0.0234835133541325,0,28.4056044215739,-0.0234835133541325,-0.0234835133541325,-0.0234835133541325,0.0460235649191708
9.44659083119766,0,-0.0979355343768668,0,9.44659083119766,-0.0979355343768668,-0.0979355343768668,-0.0979355343768668,0.106984919191722
10.6319539160187,0,0.00587821668928426,0,10.6319539160187,0.00587821668928426,0.00587821668928426,0.00587821668928426,0.0434639030773943
23.722803858762,0,0.00435490338959432,0,23.722803858762,0.00435490338959432,0.00435490338959432,0.00435490338959432,0.0172785731987079
NA,NA,NA,NA,NA,NA,NA,NA,NA
9.30240675050487,0,0.0198716605101052,0,9.30240675050487,0.0198716605101052,0.0198716605101052,0.0198716605101052,0.0714542693242479
6.82559417888738,0,-0.0208488602109932,0,6.82559417888738,-0.0208488602109932,-0.0208488602109932,-0.0208488602109932,0.0626238731585564
7.10118523761685,0,-0.0285278978712163,0,7.10118523761685,-0.0285278978712163,-0.0285278978712163,-0.0285278978712163,0.0595492352872805
8.39406695268219,0,0.0167837864563465,0,8.39406695268219,0.0167837864563465,0.0167837864563465,0.0167837864563465,0.0322473662392579
15.3813680380744,0,-0.0235768509494856,0,15.3813680380744,-0.0235768509494856,-0.0235768509494856,-0.0235768509494856,0.0385600790656454
10.9419857642508,0,-0.0876235523401562,0,10.9419857642508,-0.0876235523401562,-0.0876235523401562,-0.0876235523401562,0.0336377588977628
9.567453602661,0,-0.0130573193727359,0,9.567453602661,-0.0130573193727359,-0.0130573193727359,-0.0130573193727359,0.0264340771076804
9.56764954052794,0,-0.00578932875863998,0,9.56764954052794,-0.00578932875863998,-0.00578932875863998,-0.00578932875863998,0.0288617279537588
9.58796747981615,0,0.00725905880614161,0,9.58796747981615,0.00725905880614161,0.00725905880614161,0.00725905880614161,0.0422687684348916
15.1454884083029,0,0.0687427351592194,0,15.1454884083029,0.0687427351592194,0.0687427351592194,0.0687427351592194,0.0334809714396658
9.72468903389732,0,0.0209196079014141,0,9.72468903389732,0.0209196079014141,0.0209196079014141,0.0209196079014141,0.0473210924820652
14.8412385484711,0,0.00805813747067324,0,14.8412385484711,0.00805813747067324,0.00805813747067324,0.00805813747067324,0.0331399934197975
10.6567948708008,0,0.0203455428827325,0,10.6567948708008,0.0203455428827325,0.0203455428827325,0.0203455428827325,0.0367174068081082
12.7697291709358,0,0.00135812282131545,0,12.7697291709358,0.00135812282131545,0.00135812282131545,0.00135812282131545,0.0331331000834964
17.7014293147066,0,0.0234372077444364,0,17.7014293147066,0.0234372077444364,0.0234372077444364,0.0234372077444364,0.0323786122878216
16.016217440795,0,-0.00369944404825601,0,16.016217440795,-0.00369944404825601,-0.00369944404825601,-0.00369944404825601,0.0376637682579198
21.1131806593051,0,-0.056056653152879,0,21.1131806593051,-0.056056653152879,-0.056056653152879,-0.056056653152879,0.033465829508006
12.511562118753,0,0.010653794636591,0,12.511562118753,0.010653794636591,0.010653794636591,0.010653794636591,0.0542734571116003
11.3110693140974,0,0.00982781565554414,0,11.3110693140974,0.00982781565554414,0.00982781565554414,0.00982781565554414,0.0152975413868066
19.3344521561619,0,-0.0178892890128142,0,19.3344521561619,-0.0178892890128142,-0.0178892890128142,-0.0178892890128142,0.0322365626104049
22.4252386829518,0,0.0149224868595611,0,22.4252386829518,0.0149224868595611,0.0149224868595611,0.0149224868595611,0.0125393113695439
12.3654554745313,0,-0.0686880413546458,0,12.3654554745313,-0.0686880413546458,-0.0686880413546458,-0.0686880413546458,0.0513325050706189
19.2556223171704,0,0.0285945738844167,0,19.2556223171704,0.0285945738844167,0.0285945738844167,0.0285945738844167,0.0139726523520546
34.7312424253189,0,0.00360906084633839,0,34.7312424253189,0.00360906084633839,0.00360906084633839,0.00360906084633839,0.017575833019559
54.7209102152747,0,0.0196726221291343,0,54.7209102152747,0.0196726221291343,0.0196726221291343,0.0196726221291343,0.0109274670854921
6.44620981534856,0,0.014846298512104,0,6.44620981534856,0.014846298512104,0.014846298512104,0.014846298512104,0.0608105741726415
13.7692792179168,0,0.045315959795906,0,13.7692792179168,0.045315959795906,0.045315959795906,0.045315959795906,0.0576659331255503
11.7030101268542,0,0.0664031592294417,0,11.7030101268542,0.0664031592294417,0.0664031592294417,0.0664031592294417,0.0318702419669784
7.36539602284415,0,-0.0247872150245361,0,7.36539602284415,-0.0247872150245361,-0.0247872150245361,-0.0247872150245361,0.114121672795408
7.17535910443418,0,0.0223584830888584,0,7.17535910443418,0.0223584830888584,0.0223584830888584,0.0223584830888584,0.0787357224553916
10.2795400430588,0,-0.0197343725876436,0,10.2795400430588,-0.0197343725876436,-0.0197343725876436,-0.0197343725876436,0.0623990846503716
11.8155784180346,0,0.132399483418963,0,11.8155784180346,0.132399483418963,0.132399483418963,0.132399483418963,0.0684128055131695
10.8363107906744,0,-0.028098390818107,0,10.8363107906744,-0.028098390818107,-0.028098390818107,-0.028098390818107,0.071926050301895
11.7003583105711,0,-0.00186774348468509,0,11.7003583105711,-0.00186774348468509,-0.00186774348468509,-0.00186774348468509,0.00589871207554302
14.1717804897526,0,0.027255899623745,0,14.1717804897526,0.027255899623745,0.027255899623745,0.027255899623745,0.0438772018708798
10.4916049522311,0,0.0132463173032987,0,10.4916049522311,0.0132463173032987,0.0132463173032987,0.0132463173032987,0.0267192917518445
17.4700053613048,0,-0.0184802916209333,0,17.4700053613048,-0.0184802916209333,-0.0184802916209333,-0.0184802916209333,0.0310328260487528
22.4190143092695,0,-0.000161199703742028,0,22.4190143092695,-0.000161199703742028,-0.000161199703742028,-0.000161199703742028,0.0167230245622351
23.3384346785706,0,0.0173424537425691,0,23.3384346785706,0.0173424537425691,0.0173424537425691,0.0173424537425691,0.0189266195413323
38.8851950923656,0,-0.0332412043876419,0,38.8851950923656,-0.0332412043876419,-0.0332412043876419,-0.0332412043876419,0.0285556564673136
18.868464140174,0,-0.0601138815581494,0,18.868464140174,-0.0601138815581494,-0.0601138815581494,-0.0601138815581494,0.0841243606959225
130.216227665708,0,0.0198117493038606,0,130.216227665708,0.0198117493038606,0.0198117493038606,0.0198117493038606,0.0277236387216602
9.87654480749694,0,-0.0946232449189078,0,9.87654480749694,-0.0946232449189078,-0.0946232449189078,-0.0946232449189078,0.0836731049469832
15.7641037476623,0,0.0452974152246685,0,15.7641037476623,0.0452974152246685,0.0452974152246685,0.0452974152246685,0.0222639606786319
13.2572895170701,0,-0.00547183825283213,0,13.2572895170701,-0.00547183825283213,-0.00547183825283213,-0.00547183825283213,0.0207932850711389
14.6101069409457,0,-0.0361151431713081,0,14.6101069409457,-0.0361151431713081,-0.0361151431713081,-0.0361151431713081,0.0853409147807967
9.82277228593101,0,0.003405640430707,0,9.82277228593101,0.003405640430707,0.003405640430707,0.003405640430707,0.0711265903737062
11.2420027298881,0,-0.0660500012093723,0,11.2420027298881,-0.0660500012093723,-0.0660500012093723,-0.0660500012093723,0.0384705888979592
20.250805971961,0,-0.0722114931141322,0,20.250805971961,-0.0722114931141322,-0.0722114931141322,-0.0722114931141322,0.0558422559374383
28.4056044215739,0,-0.0234835133541325,0,28.4056044215739,-0.0234835133541325,-0.0234835133541325,-0.0234835133541325,0.0460235649191708
9.44659083119766,0,-0.0979355343768668,0,9.44659083119766,-0.0979355343768668,-0.0979355343768668,-0.0979355343768668,0.106984919191722
10.6319539160187,0,0.00587821668928426,0,10.6319539160187,0.00587821668928426,0.00587821668928426,0.00587821668928426,0.0434639030773943
23.722803858762,0,0.00435490338959432,0,23.722803858762,0.00435490338959432,0.00435490338959432,0.00435490338959432,0.0172785731987079
NA,NA,NA,NA,NA,NA,NA,NA,NA
9.30240675050487,0,0.0198716605101052,0,9.30240675050487,0.0198716605101052,0.0198716605101052,0.0198716605101052,0.0714542693242479
6.82559417888738,0,-0.0208488602109932,0,6.82559417888738,-0.0208488602109932,-0.0208488602109932,-0.0208488602109932,0.0626238731585564
7.10118523761685,0,-0.0285278978712163,0,7.10118523761685,-0.0285278978712163,-0.0285278978712163,-0.0285278978712163,0.0595492352872805
8.39406695268219,0,0.0167837864563465,0,8.39406695268219,0.0167837864563465,0.0167837864563465,0.0167837864563465,0.0322473662392579
15.3813680380744,0,-0.0235768509494856,0,15.3813680380744,-0.0235768509494856,-0.0235768509494856,-0.0235768509494856,0.0385600790656454
10.9419857642508,0,-0.0876235523401562,0,10.9419857642508,-0.0876235523401562,-0.0876235523401562,-0.0876235523401562,0.0336377588977628
9.567453602661,0,-0.0130573193727359,0,9.567453602661,-0.0130573193727359,-0.0130573193727359,-0.0130573193727359,0.0264340771076804
9.56764954052794,0,-0.00578932875863998,0,9.56764954052794,-0.00578932875863998,-0.00578932875863998,-0.00578932875863998,0.0288617279537588
9.58796747981615,0,0.00725905880614161,0,9.58796747981615,0.00725905880614161,0.00725905880614161,0.00725905880614161,0.0422687684348916
15.1454884083029,0,0.0687427351592194,0,15.1454884083029,0.0687427351592194,0.0687427351592194,0.0687427351592194,0.0334809714396658
9.72468903389732,0,0.0209196079014141,0,9.72468903389732,0.0209196079014141,0.0209196079014141,0.0209196079014141,0.0473210924820652
14.8412385484711,0,0.00805813747067324,0,14.8412385484711,0.00805813747067324,0.00805813747067324,0.00805813747067324,0.0331399934197975
10.6567948708008,0,0.0203455428827325,0,10.6567948708008,0.0203455428827325,0.0203455428827325,0.0203455428827325,0.0367174068081082
12.7697291709358,0,0.00135812282131545,0,12.7697291709358,0.00135812282131545,0.00135812282131545,0.00135812282131545,0.0331331000834964
17.7014293147066,0,0.0234372077444364,0,17.7014293147066,0.0234372077444364,0.0234372077444364,0.0234372077444364,0.0323786122878216
16.016217440795,0,-0.00369944404825601,0,16.016217440795,-0.00369944404825601,-0.00369944404825601,-0.00369944404825601,0.0376637682579198
21.1131806593051,0,-0.056056653152879,0,21.1131806593051,-0.056056653152879,-0.056056653152879,-0.056056653152879,0.033465829508006
12.511562118753,0,0.010653794636591,0,12.511562118753,0.010653794636591,0.010653794636591,0.010653794636591,0.0542734571116003
11.3110693140974,0,0.00982781565554414,0,11.3110693140974,0.00982781565554414,0.00982781565554414,0.00982781565554414,0.0152975413868066
19.3344521561619,0,-0.0178892890128142,0,19.3344521561619,-0.0178892890128142,-0.0178892890128142,-0.0178892890128142,0.0322365626104049
22.4252386829518,0,0.0149224868595611,0,22.4252386829518,0.0149224868595611,0.0149224868595611,0.0149224868595611,0.0125393113695439
12.3654554745313,0,-0.0686880413546458,0,12.3654554745313,-0.0686880413546458,-0.0686880413546458,-0.0686880413546458,0.0513325050706189
19.2556223171704,0,0.0285945738844167,0,19.2556223171704,0.0285945738844167,0.0285945738844167,0.0285945738844167,0.0139726523520546
34.7312424253189,0,0.00360906084633839,0,34.7312424253189,0.00360906084633839,0.00360906084633839,0.00360906084633839,0.017575833019559
54.7209102152747,0,0.0196726221291343,0,54.7209102152747,0.0196726221291343,0.0196726221291343,0.0196726221291343,0.0109274670854921
6.44620981534856,0,0.014846298512104,0,6.44620981534856,0.014846298512104,0.014846298512104,0.014846298512104,0.0608105741726415
13.7692792179168,0,0.045315959795906,0,13.7692792179168,0.045315959795906,0.045315959795906,0.045315959795906,0.0576659331255503
11.7030101268542,0,0.0664031592294417,0,11.7030101268542,0.0664031592294417,0.0664031592294417,0.0664031592294417,0.0318702419669784
7.36539602284415,0,-0.0247872150245361,0,7.36539602284415,-0.0247872150245361,-0.0247872150245361,-0.0247872150245361,0.114121672795408
7.17535910443418,0,0.0223584830888584,0,7.17535910443418,0.0223584830888584,0.0223584830888584,0.0223584830888584,0.0787357224553916
10.2795400430588,0,-0.0197343725876436,0,10.2795400430588,-0.0197343725876436,-0.0197343725876436,-0.0197343725876436,0.0623990846503716
11.8155784180346,0,0.132399483418963,0,11.8155784180346,0.132399483418963,0.132399483418963,0.132399483418963,0.0684128055131695
10.8363107906744,0,-0.028098390818107,0,10.8363107906744,-0.028098390818107,-0.028098390818107,-0.028098390818107,0.071926050301895
11.7003583105711,0,-0.00186774348468509,0,11.7003583105711,-0.00186774348468509,-0.00186774348468509,-0.00186774348468509,0.00589871207554302
14.1717804897526,0,0.027255899623745,0,14.1717804897526,0.027255899623745,0.027255899623745,0.027255899623745,0.0438772018708798
10.4916049522311,0,0.0132463173032987,0,10.4916049522311,0.0132463173032987,0.0132463173032987,0.0132463173032987,0.0267192917518445
17.4700053613048,0,-0.0184802916209333,0,17.4700053613048,-0.0184802916209333,-0.0184802916209333,-0.0184802916209333,0.0310328260487528
22.4190143092695,0,-0.000161199703742028,0,22.4190143092695,-0.000161199703742028,-0.000161199703742028,-0.000161199703742028,0.0167230245622351
23.3384346785706,0,0.0173424537425691,0,23.3384346785706,0.0173424537425691,0.0173424537425691,0.0173424537425691,0.0189266195413323
38.8851950923656,0,-0.0332412043876419,0,38.8851950923656,-0.0332412043876419,-0.0332412043876419,-0.0332412043876419,0.0285556564673136
18.868464140174,0,-0.0601138815581494,0,18.868464140174,-0.0601138815581494,-0.0601138815581494,-0.0601138815581494,0.0841243606959225
130.216227665708,0,0.0198117493038606,0,130.216227665708,0.0198117493038606,0.0198117493038606,0.0198117493038606,0.0277236387216602
9.87654480749694,0,-0.0946232449189078,0,9.87654480749694,-0.0946232449189078,-0.0946232449189078,-0.0946232449189078,0.0836731049469832
15.7641037476623,0,0.0452974152246685,0,15.7641037476623,0.0452974152246685,0.0452974152246685,0.0452974152246685,0.0222639606786319
13.2572895170701,0,-0.00547183825283213,0,13.2572895170701,-0.00547183825283213,-0.00547183825283213,-0.00547183825283213,0.0207932850711389
14.6101069409457,0,-0.0361151431713081,0,14.6101069409457,-0.0361151431713081,-0.0361151431713081,-0.0361151431713081,0.0853409147807967
9.82277228593101,0,0.003405640430707,0,9.82277228593101,0.003405640430707,0.003405640430707,0.003405640430707,0.0711265903737062
11.2420027298881,0,-0.0660500012093723,0,11.2420027298881,-0.0660500012093723,-0.0660500012093723,-0.0660500012093723,0.0384705888979592
20.250805971961,0,-0.0722114931141322,0,20.250805971961,-0.0722114931141322,-0.0722114931141322,-0.0722114931141322,0.0558422559374383
28.4056044215739,0,-0.0234835133541325,0,28.4056044215739,-0.0234835133541325,-0.0234835133541325,-0.0234835133541325,0.0460235649191708
9.44659083119766,0,-0.0979355343768668,0,9.44659083119766,-0.0979355343768668,-0.0979355343768668,-0.0979355343768668,0.106984919191722
10.6319539160187,0,0.00587821668928426,0,10.6319539160187,0.00587821668928426,0.00587821668928426,0.00587821668928426,0.0434639030773943
23.722803858762,0,0.00435490338959432,0,23.722803858762,0.00435490338959432,0.00435490338959432,0.00435490338959432,0.0172785731987079
NA,NA,NA,NA,NA,NA,NA,NA,NA
9.30240675050487,0,0.0198716605101052,0,9.30240675050487,0.0198716605101052,0.0198716605101052,0.0198716605101052,0.0714542693242479
6.82559417888738,0,-0.0208488602109932,0,6.82559417888738,-0.0208488602109932,-0.0208488602109932,-0.0208488602109932,0.0626238731585564
7.10118523761685,0,-0.0285278978712163,0,7.10118523761685,-0.0285278978712163,-0.0285278978712163,-0.0285278978712163,0.0595492352872805
8.39406695268219,0,0.0167837864563465,0,8.39406695268219,0.0167837864563465,0.0167837864563465,0.0167837864563465,0.0322473662392579
15.3813680380744,0,-0.0235768509494856,0,15.3813680380744,-0.0235768509494856,-0.0235768509494856,-0.0235768509494856,0.0385600790656454
10.9419857642508,0,-0.0876235523401562,0,10.9419857642508,-0.0876235523401562,-0.0876235523401562,-0.0876235523401562,0.0336377588977628
9.567453602661,0,-0.0130573193727359,0,9.567453602661,-0.0130573193727359,-0.0130573193727359,-0.0130573193727359,0.0264340771076804
9.56764954052794,0,-0.00578932875863998,0,9.56764954052794,-0.00578932875863998,-0.00578932875863998,-0.00578932875863998,0.0288617279537588
9.58796747981615,0,0.00725905880614161,0,9.58796747981615,0.00725905880614161,0.00725905880614161,0.00725905880614161,0.0422687684348916
15.1454884083029,0,0.0687427351592194,0,15.1454884083029,0.0687427351592194,0.0687427351592194,0.0687427351592194,0.0334809714396658
9.72468903389732,0,0.0209196079014141,0,9.72468903389732,0.0209196079014141,0.0209196079014141,0.0209196079014141,0.0473210924820652
14.8412385484711,0,0.00805813747067324,0,14.8412385484711,0.00805813747067324,0.00805813747067324,0.00805813747067324,0.0331399934197975
10.6567948708008,0,0.0203455428827325,0,10.6567948708008,0.0203455428827325,0.0203455428827325,0.0203455428827325,0.0367174068081082
12.7697291709358,0,0.00135812282131545,0,12.7697291709358,0.00135812282131545,0.00135812282131545,0.00135812282131545,0.0331331000834964
17.7014293147066,0,0.0234372077444364,0,17.7014293147066,0.0234372077444364,0.0234372077444364,0.0234372077444364,0.0323786122878216
16.016217440795,0,-0.00369944404825601,0,16.016217440795,-0.00369944404825601,-0.00369944404825601,-0.00369944404825601,0.0376637682579198
21.1131806593051,0,-0.056056653152879,0,21.1131806593051,-0.056056653152879,-0.056056653152879,-0.056056653152879,0.033465829508006
12.511562118753,0,0.010653794636591,0,12.511562118753,0.010653794636591,0.010653794636591,0.010653794636591,0.0542734571116003
11.3110693140974,0,0.00982781565554414,0,11.3110693140974,0.00982781565554414,0.00982781565554414,0.00982781565554414,0.0152975413868066
19.3344521561619,0,-0.0178892890128142,0,19.3344521561619,-0.0178892890128142,-0.0178892890128142,-0.0178892890128142,0.0322365626104049
22.4252386829518,0,0.0149224868595611,0,22.4252386829518,0.0149224868595611,0.0149224868595611,0.0149224868595611,0.0125393113695439
12.3654554745313,0,-0.0686880413546458,0,12.3654554745313,-0.0686880413546458,-0.0686880413546458,-0.0686880413546458,0.0513325050706189
19.2556223171704,0,0.0285945738844167,0,19.2556223171704,0.0285945738844167,0.0285945738844167,0.0285945738844167,0.0139726523520546
34.7312424253189,0,0.00360906084633839,0,34.7312424253189,0.00360906084633839,0.00360906084633839,0.00360906084633839,0.017575833019559
54.7209102152747,0,0.0196726221291343,0,54.7209102152747,0.0196726221291343,0.0196726221291343,0.0196726221291343,0.0109274670854921
6.44620981534856,0,0.014846298512104,0,6.44620981534856,0.014846298512104,0.014846298512104,0.014846298512104,0.0608105741726415
13.7692792179168,0,0.045315959795906,0,13.7692792179168,0.045315959795906,0.045315959795906,0.045315959795906,0.0576659331255503
11.7030101268542,0,0.0664031592294417,0,11.7030101268542,0.0664031592294417,0.0664031592294417,0.0664031592294417,0.0318702419669784
7.36539602284415,0,-0.0247872150245361,0,7.36539602284415,-0.0247872150245361,-0.0247872150245361,-0.0247872150245361,0.114121672795408
7.17535910443418,0,0.0223584830888584,0,7.17535910443418,0.0223584830888584,0.0223584830888584,0.0223584830888584,0.0787357224553916
10.2795400430588,0,-0.0197343725876436,0,10.2795400430588,-0.0197343725876436,-0.0197343725876436,-0.0197343725876436,0.0623990846503716
11.8155784180346,0,0.132399483418963,0,11.8155784180346,0.132399483418963,0.132399483418963,0.132399483418963,0.0684128055131695
10.8363107906744,0,-0.028098390818107,0,10.8363107906744,-0.028098390818107,-0.028098390818107,-0.028098390818107,0.071926050301895
11.7003583105711,0,-0.00186774348468509,0,11.7003583105711,-0.00186774348468509,-0.00186774348468509,-0.00186774348468509,0.00589871207554302
14.1717804897526,0,0.027255899623745,0,14.1717804897526,0.027255899623745,0.027255899623745,0.027255899623745,0.0438772018708798
10.4916049522311,0,0.0132463173032987,0,10.4916049522311,0.0132463173032987,0.0132463173032987,0.0132463173032987,0.0267192917518445
17.4700053613048,0,-0.0184802916209333,0,17.4700053613048,-0.0184802916209333,-0.0184802916209333,-0.0184802916209333,0.0310328260487528
22.4190143092695,0,-0.000161199703742028,0,22.4190143092695,-0.000161199703742028,-0.000161199703742028,-0.000161199703742028,0.0167230245622351
23.3384346785706,0,0.0173424537425691,0,23.3384346785706,0.0173424537425691,0.0173424537425691,0.0173424537425691,0.0189266195413323
38.8851950923656,0,-0.0332412043876419,0,38.8851950923656,-0.0332412043876419,-0.0332412043876419,-0.0332412043876419,0.0285556564673136
18.868464140174,0,-0.0601138815581494,0,18.868464140174,-0.0601138815581494,-0.0601138815581494,-0.0601138815581494,0.0841243606959225
130.216227665708,0,0.0198117493038606,0,130.216227665708,0.0198117493038606,0.0198117493038606,0.0198117493038606,0.0277236387216602
9.87654480749694,0,-0.0946232449189078,0,9.87654480749694,-0.0946232449189078,-0.0946232449189078,-0.0946232449189078,0.0836731049469832
15.7641037476623,0,0.0452974152246685,0,15.7641037476623,0.0452974152246685,0.0452974152246685,0.0452974152246685,0.0222639606786319
13.2572895170701,0,-0.00547183825283213,0,13.2572895170701,-0.00547183825283213,-0.00547183825283213,-0.00547183825283213,0.0207932850711389
14.6101069409457,0,-0.0361151431713081,0,14.6101069409457,-0.0361151431713081,-0.0361151431713081,-0.0361151431713081,0.0853409147807967
9.82277228593101,0,0.003405640430707,0,9.82277228593101,0.003405640430707,0.003405640430707,0.003405640430707,0.0711265903737062
11.2420027298881,0,-0.0660500012093723,0,11.2420027298881,-0.0660500012093723,-0.0660500012093723,-0.0660500012093723,0.0384705888979592
20.250805971961,0,-0.0722114931141322,0,20.250805971961,-0.0722114931141322,-0.0722114931141322,-0.0722114931141322,0.0558422559374383
28.4056044215739,0,-0.0234835133541325,0,28.4056044215739,-0.0234835133541325,-0.0234835133541325,-0.0234835133541325,0.0460235649191708
9.44659083119766,0,-0.0979355343768668,0,9.44659083119766,-0.0979355343768668,-0.0979355343768668,-0.0979355343768668,0.106984919191722
10.6319539160187,0,0.00587821668928426,0,10.6319539160187,0.00587821668928426,0.00587821668928426,0.00587821668928426,0.0434639030773943
23.722803858762,0,0.00435490338959432,0,23.722803858762,0.00435490338959432,0.00435490338959432,0.00435490338959432,0.0172785731987079
NA,NA,NA,NA,NA,NA,NA,NA,NA
9.30240675050487,0,0.0198716605101052,0,9.30240675050487,0.0198716605101052,0.0198716605101052,0.0198716605101052,0.0714542693242479
6.82559417888738,0,-0.0208488602109932,0,6.82559417888738,-0.0208488602109932,-0.0208488602109932,-0.0208488602109932,0.0626238731585564
7.10118523761685,0,-0.0285278978712163,0,7.10118523761685,-0.0285278978712163,-0.0285278978712163,-0.0285278978712163,0.0595492352872805
8.39406695268219,0,0.0167837864563465,0,8.39406695268219,0.0167837864563465,0.0167837864563465,0.0167837864563465,0.0322473662392579
15.3813680380744,0,-0.0235768509494856,0,15.3813680380744,-0.0235768509494856,-0.0235768509494856,-0.0235768509494856,0.0385600790656454
10.9419857642508,0,-0.0876235523401562,0,10.9419857642508,-0.0876235523401562,-0.0876235523401562,-0.0876235523401562,0.0336377588977628
9.567453602661,0,-0.0130573193727359,0,9.567453602661,-0.0130573193727359,-0.0130573193727359,-0.0130573193727359,0.0264340771076804
9.56764954052794,0,-0.00578932875863998,0,9.56764954052794,-0.00578932875863998,-0.00578932875863998,-0.00578932875863998,0.0288617279537588
9.58796747981615,0,0.00725905880614161,0,9.58796747981615,0.00725905880614161,0.00725905880614161,0.00725905880614161,0.0422687684348916
15.1454884083029,0,0.0687427351592194,0,15.1454884083029,0.0687427351592194,0.0687427351592194,0.0687427351592194,0.0334809714396658
9.72468903389732,0,0.0209196079014141,0,9.72468903389732,0.0209196079014141,0.0209196079014141,0.0209196079014141,0.0473210924820652
14.8412385484711,0,0.00805813747067324,0,14.8412385484711,0.00805813747067324,0.00805813747067324,0.00805813747067324,0.0331399934197975
10.6567948708008,0,0.0203455428827325,0,10.6567948708008,0.0203455428827325,0.0203455428827325,0.0203455428827325,0.0367174068081082
12.7697291709358,0,0.00135812282131545,0,12.7697291709358,0.00135812282131545,0.00135812282131545,0.00135812282131545,0.0331331000834964
17.7014293147066,0,0.0234372077444364,0,17.7014293147066,0.0234372077444364,0.0234372077444364,0.0234372077444364,0.0323786122878216
16.016217440795,0,-0.00369944404825601,0,16.016217440795,-0.00369944404825601,-0.00369944404825601,-0.00369944404825601,0.0376637682579198
21.1131806593051,0,-0.056056653152879,0,21.1131806593051,-0.056056653152879,-0.056056653152879,-0.056056653152879,0.033465829508006
12.511562118753,0,0.010653794636591,0,12.511562118753,0.010653794636591,0.010653794636591,0.010653794636591,0.0542734571116003
11.3110693140974,0,0.00982781565554414,0,11.3110693140974,0.00982781565554414,0.00982781565554414,0.00982781565554414,0.0152975413868066
19.3344521561619,0,-0.0178892890128142,0,19.3344521561619,-0.0178892890128142,-0.0178892890128142,-0.0178892890128142,0.0322365626104049
22.4252386829518,0,0.0149224868595611,0,22.4252386829518,0.0149224868595611,0.0149224868595611,0.0149224868595611,0.0125393113695439
12.3654554745313,0,-0.0686880413546458,0,12.3654554745313,-0.0686880413546458,-0.0686880413546458,-0.0686880413546458,0.0513325050706189
19.2556223171704,0,0.0285945738844167,0,19.2556223171704,0.0285945738844167,0.0285945738844167,0.0285945738844167,0.0139726523520546
34.7312424253189,0,0.00360906084633839,0,34.7312424253189,0.00360906084633839,0.00360906084633839,0.00360906084633839,0.017575833019559
54.7209102152747,0,0.0196726221291343,0,54.7209102152747,0.0196726221291343,0.0196726221291343,0.0196726221291343,0.0109274670854921
6.44620981534856,0,0.014846298512104,0,6.44620981534856,0.014846298512104,0.014846298512104,0.014846298512104,0.0608105741726415
13.7692792179168,0,0.045315959795906,0,13.7692792179168,0.045315959795906,0.045315959795906,0.045315959795906,0.0576659331255503
11.7030101268542,0,0.0664031592294417,0,11.7030101268542,0.0664031592294417,0.0664031592294417,0.0664031592294417,0.0318702419669784
7.36539602284415,0,-0.0247872150245361,0,7.36539602284415,-0.0247872150245361,-0.0247872150245361,-0.0247872150245361,0.114121672795408
7.17535910443418,0,0.0223584830888584,0,7.17535910443418,0.0223584830888584,0.0223584830888584,0.0223584830888584,0.0787357224553916
10.2795400430588,0,-0.0197343725876436,0,10.2795400430588,-0.0197343725876436,-0.0197343725876436,-0.0197343725876436,0.0623990846503716
11.8155784180346,0,0.132399483418963,0,11.8155784180346,0.132399483418963,0.132399483418963,0.132399483418963,0.0684128055131695
10.8363107906744,0,-0.028098390818107,0,10.8363107906744,-0.028098390818107,-0.028098390818107,-0.028098390818107,0.071926050301895
11.7003583105711,0,-0.00186774348468509,0,11.7003583105711,-0.00186774348468509,-0.00186774348468509,-0.00186774348468509,0.00589871207554302
14.1717804897526,0,0.027255899623745,0,14.1717804897526,0.027255899623745,0.027255899623745,0.027255899623745,0.0438772018708798
10.4916049522311,0,0.0132463173032987,0,10.4916049522311,0.0132463173032987,0.0132463173032987,0.0132463173032987,0.0267192917518445
17.4700053613048,0,-0.0184802916209333,0,17.4700053613048,-0.0184802916209333,-0.0184802916209333,-0.0184802916209333,0.0310328260487528
22.4190143092695,0,-0.000161199703742028,0,22.4190143092695,-0.000161199703742028,-0.000161199703742028,-0.000161199703742028,0.0167230245622351
23.3384346785706,0,0.0173424537425691,0,23.3384346785706,0.0173424537425691,0.0173424537425691,0.0173424537425691,0.0189266195413323
38.8851950923656,0,-0.0332412043876419,0,38.8851950923656,-0.0332412043876419,-0.0332412043876419,-0.0332412043876419,0.0285556564673136
18.868464140174,0,-0.0601138815581494,0,18.868464140174,-0.0601138815581494,-0.0601138815581494,-0.0601138815581494,0.0841243606959225
130.216227665708,0,0.0198117493038606,0,130.216227665708,0.0198117493038606,0.0198117493038606,0.0198117493038606,0.0277236387216602
9.87654480749694,0,-0.0946232449189078,0,9.87654480749694,-0.0946232449189078,-0.0946232449189078,-0.0946232449189078,0.0836731049469832
15.7641037476623,0,0.0452974152246685,0,15.7641037476623,0.0452974152246685,0.0452974152246685,0.0452974152246685,0.0222639606786319
13.2572895170701,0,-0.00547183825283213,0,13.2572895170701,-0.00547183825283213,-0.00547183825283213,-0.00547183825283213,0.0207932850711389
14.6101069409457,0,-0.0361151431713081,0,14.6101069409457,-0.0361151431713081,-0.0361151431713081,-0.0361151431713081,0.0853409147807967
9.82277228593101,0,0.003405640430707,0,9.82277228593101,0.003405640430707,0.003405640430707,0.003405640430707,0.0711265903737062
11.2420027298881,0,-0.0660500012093723,0,11.2420027298881,-0.0660500012093723,-0.0660500012093723,-0.0660500012093723,0.0384705888979592
20.250805971961,0,-0.0722114931141322,0,20.250805971961,-0.0722114931141322,-0.0722114931141322,-0.0722114931141322,0.0558422559374383
28.4056044215739,0,-0.0234835133541325,0,28.4056044215739,-0.0234835133541325,-0.0234835133541325,-0.0234835133541325,0.0460235649191708
9.44659083119766,0,-0.0979355343768668,0,9.44659083119766,-0.0979355343768668,-0.0979355343768668,-0.0979355343768668,0.106984919191722
10.6319539160187,0,0.00587821668928426,0,10.6319539160187,0.00587821668928426,0.00587821668928426,0.00587821668928426,0.0434639030773943
23.722803858762,0,0.00435490338959432,0,23.722803858762,0.00435490338959432,0.00435490338959432,0.00435490338959432,0.0172785731987079
NA,NA,NA,NA,NA,NA,NA,NA,NA
9.30240675050487,0,0.0198716605101052,0,9.30240675050487,0.0198716605101052,0.0198716605101052,0.0198716605101052,0.0714542693242479
6.82559417888738,0,-0.0208488602109932,0,6.82559417888738,-0.0208488602109932,-0.0208488602109932,-0.0208488602109932,0.0626238731585564
7.10118523761685,0,-0.0285278978712163,0,7.10118523761685,-0.0285278978712163,-0.0285278978712163,-0.0285278978712163,0.0595492352872805
8.39406695268219,0,0.0167837864563465,0,8.39406695268219,0.0167837864563465,0.0167837864563465,0.0167837864563465,0.0322473662392579
15.3813680380744,0,-0.0235768509494856,0,15.3813680380744,-0.0235768509494856,-0.0235768509494856,-0.0235768509494856,0.0385600790656454
10.9419857642508,0,-0.0876235523401562,0,10.9419857642508,-0.0876235523401562,-0.0876235523401562,-0.0876235523401562,0.0336377588977628
9.567453602661,0,-0.0130573193727359,0,9.567453602661,-0.0130573193727359,-0.0130573193727359,-0.0130573193727359,0.0264340771076804
9.56764954052794,0,-0.00578932875863998,0,9.56764954052794,-0.00578932875863998,-0.00578932875863998,-0.00578932875863998,0.0288617279537588
9.58796747981615,0,0.00725905880614161,0,9.58796747981615,0.00725905880614161,0.00725905880614161,0.00725905880614161,0.0422687684348916
15.1454884083029,0,0.0687427351592194,0,15.1454884083029,0.0687427351592194,0.0687427351592194,0.0687427351592194,0.0334809714396658
9.72468903389732,0,0.0209196079014141,0,9.72468903389732,0.0209196079014141,0.0209196079014141,0.0209196079014141,0.0473210924820652
14.8412385484711,0,0.00805813747067324,0,14.8412385484711,0.00805813747067324,0.00805813747067324,0.00805813747067324,0.0331399934197975
10.6567948708008,0,0.0203455428827325,0,10.6567948708008,0.0203455428827325,0.0203455428827325,0.0203455428827325,0.0367174068081082
12.7697291709358,0,0.00135812282131545,0,12.7697291709358,0.00135812282131545,0.00135812282131545,0.00135812282131545,0.0331331000834964
17.7014293147066,0,0.0234372077444364,0,17.7014293147066,0.0234372077444364,0.0234372077444364,0.0234372077444364,0.0323786122878216
16.016217440795,0,-0.00369944404825601,0,16.016217440795,-0.00369944404825601,-0.00369944404825601,-0.00369944404825601,0.0376637682579198
21.1131806593051,0,-0.056056653152879,0,21.1131806593051,-0.056056653152879,-0.056056653152879,-0.056056653152879,0.033465829508006
12.511562118753,0,0.010653794636591,0,12.511562118753,0.010653794636591,0.010653794636591,0.010653794636591,0.0542734571116003
11.3110693140974,0,0.00982781565554414,0,11.3110693140974,0.00982781565554414,0.00982781565554414,0.00982781565554414,0.0152975413868066
19.3344521561619,0,-0.0178892890128142,0,19.3344521561619,-0.0178892890128142,-0.0178892890128142,-0.0178892890128142,0.0322365626104049
22.4252386829518,0,0.0149224868595611,0,22.4252386829518,0.0149224868595611,0.0149224868595611,0.0149224868595611,0.0125393113695439
12.3654554745313,0,-0.0686880413546458,0,12.3654554745313,-0.0686880413546458,-0.0686880413546458,-0.0686880413546458,0.0513325050706189
19.2556223171704,0,0.0285945738844167,0,19.2556223171704,0.0285945738844167,0.0285945738844167,0.0285945738844167,0.0139726523520546
34.7312424253189,0,0.00360906084633839,0,34.7312424253189,0.00360906084633839,0.00360906084633839,0.00360906084633839,0.017575833019559
54.7209102152747,0,0.0196726221291343,0,54.7209102152747,0.0196726221291343,0.0196726221291343,0.0196726221291343,0.0109274670854921
6.44620981534856,0,0.014846298512104,0,6.44620981534856,0.014846298512104,0.014846298512104,0.014846298512104,0.0608105741726415
13.7692792179168,0,0.045315959795906,0,13.7692792179168,0.045315959795906,0.045315959795906,0.045315959795906,0.0576659331255503
11.7030101268542,0,0.0664031592294417,0,11.7030101268542,0.0664031592294417,0.0664031592294417,0.0664031592294417,0.0318702419669784
7.36539602284415,0,-0.0247872150245361,0,7.36539602284415,-0.0247872150245361,-0.0247872150245361,-0.0247872150245361,0.114121672795408
7.17535910443418,0,0.0223584830888584,0,7.17535910443418,0.0223584830888584,0.0223584830888584,0.0223584830888584,0.0787357224553916
10.2795400430588,0,-0.0197343725876436,0,10.2795400430588,-0.0197343725876436,-0.0197343725876436,-0.0197343725876436,0.0623990846503716
11.8155784180346,0,0.132399483418963,0,11.8155784180346,0.132399483418963,0.132399483418963,0.132399483418963,0.0684128055131695
10.8363107906744,0,-0.028098390818107,0,10.8363107906744,-0.028098390818107,-0.028098390818107,-0.028098390818107,0.071926050301895
11.7003583105711,0,-0.00186774348468509,0,11.7003583105711,-0.00186774348468509,-0.00186774348468509,-0.00186774348468509,0.00589871207554302
14.1717804897526,0,0.027255899623745,0,14.1717804897526,0.027255899623745,0.027255899623745,0.027255899623745,0.0438772018708798
10.4916049522311,0,0.0132463173032987,0,10.4916049522311,0.0132463173032987,0.0132463173032987,0.0132463173032987,0.0267192917518445
17.4700053613048,0,-0.0184802916209333,0,17.4700053613048,-0.0184802916209333,-0.0184802916209333,-0.0184802916209333,0.0310328260487528
22.4190143092695,0,-0.000161199703742028,0,22.4190143092695,-0.000161199703742028,-0.000161199703742028,-0.000161199703742028,0.0167230245622351
23.3384346785706,0,0.0173424537425691,0,23.3384346785706,0.0173424537425691,0.0173424537425691,0.0173424537425691,0.0189266195413323
38.8851950923656,0,-0.0332412043876419,0,38.8851950923656,-0.0332412043876419,-0.0332412043876419,-0.0332412043876419,0.0285556564673136
18.868464140174,0,-0.0601138815581494,0,18.868464140174,-0.0601138815581494,-0.0601138815581494,-0.0601138815581494,0.0841243606959225
130.216227665708,0,0.0198117493038606,0,130.216227665708,0.0198117493038606,0.0198117493038606,0.0198117493038606,0.0277236387216602
9.87654480749694,0,-0.0946232449189078,0,9.87654480749694,-0.0946232449189078,-0.0946232449189078,-0.0946232449189078,0.0836731049469832
15.7641037476623,0,0.0452974152246685,0,15.7641037476623,0.0452974152246685,0.0452974152246685,0.0452974152246685,0.0222639606786319
13.2572895170701,0,-0.00547183825283213,0,13.2572895170701,-0.00547183825283213,-0.00547183825283213,-0.00547183825283213,0.0207932850711389
14.6101069409457,0,-0.0361151431713081,0,14.6101069409457,-0.0361151431713081,-0.0361151431713081,-0.0361151431713081,0.0853409147807967
9.82277228593101,0,0.003405640430707,0,9.82277228593101,0.003405640430707,0.003405640430707,0.003405640430707,0.0711265903737062
11.2420027298881,0,-0.0660500012093723,0,11.2420027298881,-0.0660500012093723,-0.0660500012093723,-0.0660500012093723,0.0384705888979592
20.250805971961,0,-0.0722114931141322,0,20.250805971961,-0.0722114931141322,-0.0722114931141322,-0.0722114931141322,0.0558422559374383
28.4056044215739,0,-0.0234835133541325,0,28.4056044215739,-0.0234835133541325,-0.0234835133541325,-0.0234835133541325,0.0460235649191708
9.44659083119766,0,-0.0979355343768668,0,9.44659083119766,-0.0979355343768668,-0.0979355343768668,-0.0979355343768668,0.106984919191722
10.6319539160187,0,0.00587821668928426,0,10.6319539160187,0.00587821668928426,0.00587821668928426,0.00587821668928426,0.0434639030773943
23.722803858762,0,0.00435490338959432,0,23.722803858762,0.00435490338959432,0.00435490338959432,0.00435490338959432,0.0172785731987079
NA,NA,NA,NA,NA,NA,NA,NA,NA
9.30240675050487,0,0.0198716605101052,0,9.30240675050487,0.0198716605101052,0.0198716605101052,0.0198716605101052,0.0714542693242479
6.82559417888738,0,-0.0208488602109932,0,6.82559417888738,-0.0208488602109932,-0.0208488602109932,-0.0208488602109932,0.0626238731585564
7.10118523761685,0,-0.0285278978712163,0,7.10118523761685,-0.0285278978712163,-0.0285278978712163,-0.0285278978712163,0.0595492352872805
8.39406695268219,0,0.0167837864563465,0,8.39406695268219,0.0167837864563465,0.0167837864563465,0.0167837864563465,0.0322473662392579
15.3813680380744,0,-0.0235768509494856,0,15.3813680380744,-0.0235768509494856,-0.0235768509494856,-0.0235768509494856,0.0385600790656454
10.9419857642508,0,-0.0876235523401562,0,10.9419857642508,-0.0876235523401562,-0.0876235523401562,-0.0876235523401562,0.0336377588977628
9.567453602661,0,-0.0130573193727359,0,9.567453602661,-0.0130573193727359,-0.0130573193727359,-0.0130573193727359,0.0264340771076804
9.56764954052794,0,-0.00578932875863998,0,9.56764954052794,-0.00578932875863998,-0.00578932875863998,-0.00578932875863998,0.0288617279537588
9.58796747981615,0,0.00725905880614161,0,9.58796747981615,0.00725905880614161,0.00725905880614161,0.00725905880614161,0.0422687684348916
15.1454884083029,0,0.0687427351592194,0,15.1454884083029,0.0687427351592194,0.0687427351592194,0.0687427351592194,0.0334809714396658
9.72468903389732,0,0.0209196079014141,0,9.72468903389732,0.0209196079014141,0.0209196079014141,0.0209196079014141,0.0473210924820652
14.8412385484711,0,0.00805813747067324,0,14.8412385484711,0.00805813747067324,0.00805813747067324,0.00805813747067324,0.0331399934197975
10.6567948708008,0,0.0203455428827325,0,10.6567948708008,0.0203455428827325,0.0203455428827325,0.0203455428827325,0.0367174068081082
12.7697291709358,0,0.00135812282131545,0,12.7697291709358,0.00135812282131545,0.00135812282131545,0.00135812282131545,0.0331331000834964
17.7014293147066,0,0.0234372077444364,0,17.7014293147066,0.0234372077444364,0.0234372077444364,0.0234372077444364,0.0323786122878216
16.016217440795,0,-0.00369944404825601,0,16.016217440795,-0.00369944404825601,-0.00369944404825601,-0.00369944404825601,0.0376637682579198
21.1131806593051,0,-0.056056653152879,0,21.1131806593051,-0.056056653152879,-0.056056653152879,-0.056056653152879,0.033465829508006
12.511562118753,0,0.010653794636591,0,12.511562118753,0.010653794636591,0.010653794636591,0.010653794636591,0.0542734571116003
11.3110693140974,0,0.00982781565554414,0,11.3110693140974,0.00982781565554414,0.00982781565554414,0.00982781565554414,0.0152975413868066
19.3344521561619,0,-0.0178892890128142,0,19.3344521561619,-0.0178892890128142,-0.0178892890128142,-0.0178892890128142,0.0322365626104049
22.4252386829518,0,0.0149224868595611,0,22.4252386829518,0.0149224868595611,0.0149224868595611,0.0149224868595611,0.0125393113695439
12.3654554745313,0,-0.0686880413546458,0,12.3654554745313,-0.0686880413546458,-0.0686880413546458,-0.0686880413546458,0.0513325050706189
19.2556223171704,0,0.0285945738844167,0,19.2556223171704,0.0285945738844167,0.0285945738844167,0.0285945738844167,0.0139726523520546
34.7312424253189,0,0.00360906084633839,0,34.7312424253189,0.00360906084633839,0.00360906084633839,0.00360906084633839,0.017575833019559
54.7209102152747,0,0.0196726221291343,0,54.7209102152747,0.0196726221291343,0.0196726221291343,0.0196726221291343,0.0109274670854921
6.44620981534856,0,0.014846298512104,0,6.44620981534856,0.014846298512104,0.014846298512104,0.014846298512104,0.0608105741726415
13.7692792179168,0,0.045315959795906,0,13.7692792179168,0.045315959795906,0.045315959795906,0.045315959795906,0.0576659331255503
11.7030101268542,0,0.0664031592294417,0,11.7030101268542,0.0664031592294417,0.0664031592294417,0.0664031592294417,0.0318702419669784
7.36539602284415,0,-0.0247872150245361,0,7.36539602284415,-0.0247872150245361,-0.0247872150245361,-0.0247872150245361,0.114121672795408
7.17535910443418,0,0.0223584830888584,0,7.17535910443418,0.0223584830888584,0.0223584830888584,0.0223584830888584,0.0787357224553916
10.2795400430588,0,-0.0197343725876436,0,10.2795400430588,-0.0197343725876436,-0.0197343725876436,-0.0197343725876436,0.0623990846503716
11.8155784180346,0,0.132399483418963,0,11.8155784180346,0.132399483418963,0.132399483418963,0.132399483418963,0.0684128055131695
10.8363107906744,0,-0.028098390818107,0,10.8363107906744,-0.028098390818107,-0.028098390818107,-0.028098390818107,0.071926050301895
11.7003583105711,0,-0.00186774348468509,0,11.7003583105711,-0.00186774348468509,-0.00186774348468509,-0.00186774348468509,0.00589871207554302
14.1717804897526,0,0.027255899623745,0,14.1717804897526,0.027255899623745,0.027255899623745,0.027255899623745,0.0438772018708798
10.4916049522311,0,0.0132463173032987,0,10.4916049522311,0.0132463173032987,0.0132463173032987,0.0132463173032987,0.0267192917518445
17.4700053613048,0,-0.0184802916209333,0,17.4700053613048,-0.0184802916209333,-0.0184802916209333,-0.0184802916209333,0.0310328260487528
22.4190143092695,0,-0.000161199703742028,0,22.4190143092695,-0.000161199703742028,-0.000161199703742028,-0.000161199703742028,0.0167230245622351
23.3384346785706,0,0.0173424537425691,0,23.3384346785706,0.0173424537425691,0.0173424537425691,0.0173424537425691,0.0189266195413323
38.8851950923656,0,-0.0332412043876419,0,38.8851950923656,-0.0332412043876419,-0.0332412043876419,-0.0332412043876419,0.0285556564673136
18.868464140174,0,-0.0601138815581494,0,18.868464140174,-0.0601138815581494,-0.0601138815581494,-0.0601138815581494,0.0841243606959225
130.216227665708,0,0.0198117493038606,0,130.216227665708,0.0198117493038606,0.0198117493038606,0.0198117493038606,0.0277236387216602
9.87654480749694,0,-0.0946232449189078,0,9.87654480749694,-0.0946232449189078,-0.0946232449189078,-0.0946232449189078,0.0836731049469832
15.7641037476623,0,0.0452974152246685,0,15.7641037476623,0.0452974152246685,0.0452974152246685,0.0452974152246685,0.0222639606786319
13.2572895170701,0,-0.00547183825283213,0,13.2572895170701,-0.00547183825283213,-0.00547183825283213,-0.00547183825283213,0.0207932850711389
14.6101069409457,0,-0.0361151431713081,0,14.6101069409457,-0.0361151431713081,-0.0361151431713081,-0.0361151431713081,0.0853409147807967
9.82277228593101,0,0.003405640430707,0,9.82277228593101,0.003405640430707,0.003405640430707,0.003405640430707,0.0711265903737062
11.2420027298881,0,-0.0660500012093723,0,11.2420027298881,-0.0660500012093723,-0.0660500012093723,-0.0660500012093723,0.0384705888979592
20.250805971961,0,-0.0722114931141322,0,20.250805971961,-0.0722114931141322,-0.0722114931141322,-0.0722114931141322,0.0558422559374383
28.4056044215739,0,-0.0234835133541325,0,28.4056044215739,-0.0234835133541325,-0.0234835133541325,-0.0234835133541325,0.0460235649191708
9.44659083119766,0,-0.0979355343768668,0,9.44659083119766,-0.0979355343768668,-0.0979355343768668,-0.0979355343768668,0.106984919191722
10.6319539160187,0,0.00587821668928426,0,10.6319539160187,0.00587821668928426,0.00587821668928426,0.00587821668928426,0.0434639030773943
23.722803858762,0,0.00435490338959432,0,23.722803858762,0.00435490338959432,0.00435490338959432,0.00435490338959432,0.0172785731987079
NA,NA,NA,NA,NA,NA,NA,NA,NA
9.30240675050487,0,0.0198716605101052,0,9.30240675050487,0.0198716605101052,0.0198716605101052,0.0198716605101052,0.0714542693242479
6.82559417888738,0,-0.0208488602109932,0,6.82559417888738,-0.0208488602109932,-0.0208488602109932,-0.0208488602109932,0.0626238731585564
7.10118523761685,0,-0.0285278978712163,0,7.10118523761685,-0.0285278978712163,-0.0285278978712163,-0.0285278978712163,0.0595492352872805
8.39406695268219,0,0.0167837864563465,0,8.39406695268219,0.0167837864563465,0.0167837864563465,0.0167837864563465,0.0322473662392579
15.3813680380744,0,-0.0235768509494856,0,15.3813680380744,-0.0235768509494856,-0.0235768509494856,-0.0235768509494856,0.0385600790656454
10.9419857642508,0,-0.0876235523401562,0,10.9419857642508,-0.0876235523401562,-0.0876235523401562,-0.0876235523401562,0.0336377588977628
9.567453602661,0,-0.0130573193727359,0,9.567453602661,-0.0130573193727359,-0.0130573193727359,-0.0130573193727359,0.0264340771076804
9.56764954052794,0,-0.00578932875863998,0,9.56764954052794,-0.00578932875863998,-0.00578932875863998,-0.00578932875863998,0.0288617279537588
9.58796747981615,0,0.00725905880614161,0,9.58796747981615,0.00725905880614161,0.00725905880614161,0.00725905880614161,0.0422687684348916
15.1454884083029,0,0.0687427351592194,0,15.1454884083029,0.0687427351592194,0.0687427351592194,0.0687427351592194,0.0334809714396658
9.72468903389732,0,0.0209196079014141,0,9.72468903389732,0.0209196079014141,0.0209196079014141,0.0209196079014141,0.0473210924820652
14.8412385484711,0,0.00805813747067324,0,14.8412385484711,0.00805813747067324,0.00805813747067324,0.00805813747067324,0.0331399934197975
10.6567948708008,0,0.0203455428827325,0,10.6567948708008,0.0203455428827325,0.0203455428827325,0.0203455428827325,0.0367174068081082
12.7697291709358,0,0.00135812282131545,0,12.7697291709358,0.00135812282131545,0.00135812282131545,0.00135812282131545,0.0331331000834964
17.7014293147066,0,0.0234372077444364,0,17.7014293147066,0.0234372077444364,0.0234372077444364,0.0234372077444364,0.0323786122878216
16.016217440795,0,-0.00369944404825601,0,16.016217440795,-0.00369944404825601,-0.00369944404825601,-0.00369944404825601,0.0376637682579198
21.1131806593051,0,-0.056056653152879,0,21.1131806593051,-0.056056653152879,-0.056056653152879,-0.056056653152879,0.033465829508006
12.511562118753,0,0.010653794636591,0,12.511562118753,0.010653794636591,0.010653794636591,0.010653794636591,0.0542734571116003
11.3110693140974,0,0.00982781565554414,0,11.3110693140974,0.00982781565554414,0.00982781565554414,0.00982781565554414,0.0152975413868066
19.3344521561619,0,-0.0178892890128142,0,19.3344521561619,-0.0178892890128142,-0.0178892890128142,-0.0178892890128142,0.0322365626104049
22.4252386829518,0,0.0149224868595611,0,22.4252386829518,0.0149224868595611,0.0149224868595611,0.0149224868595611,0.0125393113695439
12.3654554745313,0,-0.0686880413546458,0,12.3654554745313,-0.0686880413546458,-0.0686880413546458,-0.0686880413546458,0.0513325050706189
19.2556223171704,0,0.0285945738844167,0,19.2556223171704,0.0285945738844167,0.0285945738844167,0.0285945738844167,0.0139726523520546
34.7312424253189,0,0.00360906084633839,0,34.7312424253189,0.00360906084633839,0.00360906084633839,0.00360906084633839,0.017575833019559
54.7209102152747,0,0.0196726221291343,0,54.7209102152747,0.0196726221291343,0.0196726221291343,0.0196726221291343,0.0109274670854921
6.44620981534856,0,0.014846298512104,0,6.44620981534856,0.014846298512104,0.014846298512104,0.014846298512104,0.0608105741726415
13.7692792179168,0,0.045315959795906,0,13.7692792179168,0.045315959795906,0.045315959795906,0.045315959795906,0.0576659331255503
11.7030101268542,0,0.0664031592294417,0,11.7030101268542,0.0664031592294417,0.0664031592294417,0.0664031592294417,0.0318702419669784
7.36539602284415,0,-0.0247872150245361,0,7.36539602284415,-0.0247872150245361,-0.0247872150245361,-0.0247872150245361,0.114121672795408
7.17535910443418,0,0.0223584830888584,0,7.17535910443418,0.0223584830888584,0.0223584830888584,0.0223584830888584,0.0787357224553916
10.2795400430588,0,-0.0197343725876436,0,10.2795400430588,-0.0197343725876436,-0.0197343725876436,-0.0197343725876436,0.0623990846503716
11.8155784180346,0,0.132399483418963,0,11.8155784180346,0.132399483418963,0.132399483418963,0.132399483418963,0.0684128055131695
10.8363107906744,0,-0.028098390818107,0,10.8363107906744,-0.028098390818107,-0.028098390818107,-0.028098390818107,0.071926050301895
11.7003583105711,0,-0.00186774348468509,0,11.7003583105711,-0.00186774348468509,-0.00186774348468509,-0.00186774348468509,0.00589871207554302
14.1717804897526,0,0.027255899623745,0,14.1717804897526,0.027255899623745,0.027255899623745,0.027255899623745,0.0438772018708798
10.4916049522311,0,0.0132463173032987,0,10.4916049522311,0.0132463173032987,0.0132463173032987,0.0132463173032987,0.0267192917518445
17.4700053613048,0,-0.0184802916209333,0,17.4700053613048,-0.0184802916209333,-0.0184802916209333,-0.0184802916209333,0.0310328260487528
22.4190143092695,0,-0.000161199703742028,0,22.4190143092695,-0.000161199703742028,-0.000161199703742028,-0.000161199703742028,0.0167230245622351
23.3384346785706,0,0.0173424537425691,0,23.3384346785706,0.0173424537425691,0.0173424537425691,0.0173424537425691,0.0189266195413323
38.8851950923656,0,-0.0332412043876419,0,38.8851950923656,-0.0332412043876419,-0.0332412043876419,-0.0332412043876419,0.0285556564673136
18.868464140174,0,-0.0601138815581494,0,18.868464140174,-0.0601138815581494,-0.0601138815581494,-0.0601138815581494,0.0841243606959225
130.216227665708,0,0.0198117493038606,0,130.216227665708,0.0198117493038606,0.0198117493038606,0.0198117493038606,0.0277236387216602
9.87654480749694,0,-0.0946232449189078,0,9.87654480749694,-0.0946232449189078,-0.0946232449189078,-0.0946232449189078,0.0836731049469832
15.7641037476623,0,0.0452974152246685,0,15.7641037476623,0.0452974152246685,0.0452974152246685,0.0452974152246685,0.0222639606786319
13.2572895170701,0,-0.00547183825283213,0,13.2572895170701,-0.00547183825283213,-0.00547183825283213,-0.00547183825283213,0.0207932850711389
14.6101069409457,0,-0.0361151431713081,0,14.6101069409457,-0.0361151431713081,-0.0361151431713081,-0.0361151431713081,0.0853409147807967
9.82277228593101,0,0.003405640430707,0,9.82277228593101,0.003405640430707,0.003405640430707,0.003405640430707,0.0711265903737062
11.2420027298881,0,-0.0660500012093723,0,11.2420027298881,-0.0660500012093723,-0.0660500012093723,-0.0660500012093723,0.0384705888979592
20.250805971961,0,-0.0722114931141322,0,20.250805971961,-0.0722114931141322,-0.0722114931141322,-0.0722114931141322,0.0558422559374383
28.4056044215739,0,-0.0234835133541325,0,28.4056044215739,-0.0234835133541325,-0.0234835133541325,-0.0234835133541325,0.0460235649191708
9.44659083119766,0,-0.0979355343768668,0,9.44659083119766,-0.0979355343768668,-0.0979355343768668,-0.0979355343768668,0.106984919191722
10.6319539160187,0,0.00587821668928426,0,10.6319539160187,0.00587821668928426,0.00587821668928426,0.00587821668928426,0.0434639030773943
23.722803858762,0,0.00435490338959432,0,23.722803858762,0.00435490338959432,0.00435490338959432,0.00435490338959432,0.0172785731987079
NA,NA,NA,NA,NA,NA,NA,NA,NA
9.30240675050487,0,0.0198716605101052,0,9.30240675050487,0.0198716605101052,0.0198716605101052,0.0198716605101052,0.0714542693242479
6.82559417888738,0,-0.0208488602109932,0,6.82559417888738,-0.0208488602109932,-0.0208488602109932,-0.0208488602109932,0.0626238731585564
7.10118523761685,0,-0.0285278978712163,0,7.10118523761685,-0.0285278978712163,-0.0285278978712163,-0.0285278978712163,0.0595492352872805
8.39406695268219,0,0.0167837864563465,0,8.39406695268219,0.0167837864563465,0.0167837864563465,0.0167837864563465,0.0322473662392579
15.3813680380744,0,-0.0235768509494856,0,15.3813680380744,-0.0235768509494856,-0.0235768509494856,-0.0235768509494856,0.0385600790656454
10.9419857642508,0,-0.0876235523401562,0,10.9419857642508,-0.0876235523401562,-0.0876235523401562,-0.0876235523401562,0.0336377588977628
9.567453602661,0,-0.0130573193727359,0,9.567453602661,-0.0130573193727359,-0.0130573193727359,-0.0130573193727359,0.0264340771076804
9.56764954052794,0,-0.00578932875863998,0,9.56764954052794,-0.00578932875863998,-0.00578932875863998,-0.00578932875863998,0.0288617279537588
9.58796747981615,0,0.00725905880614161,0,9.58796747981615,0.00725905880614161,0.00725905880614161,0.00725905880614161,0.0422687684348916
15.1454884083029,0,0.0687427351592194,0,15.1454884083029,0.0687427351592194,0.0687427351592194,0.0687427351592194,0.0334809714396658
9.72468903389732,0,0.0209196079014141,0,9.72468903389732,0.0209196079014141,0.0209196079014141,0.0209196079014141,0.0473210924820652
14.8412385484711,0,0.00805813747067324,0,14.8412385484711,0.00805813747067324,0.00805813747067324,0.00805813747067324,0.0331399934197975
10.6567948708008,0,0.0203455428827325,0,10.6567948708008,0.0203455428827325,0.0203455428827325,0.0203455428827325,0.0367174068081082
12.7697291709358,0,0.00135812282131545,0,12.7697291709358,0.00135812282131545,0.00135812282131545,0.00135812282131545,0.0331331000834964
17.7014293147066,0,0.0234372077444364,0,17.7014293147066,0.0234372077444364,0.0234372077444364,0.0234372077444364,0.0323786122878216
16.016217440795,0,-0.00369944404825601,0,16.016217440795,-0.00369944404825601,-0.00369944404825601,-0.00369944404825601,0.0376637682579198
21.1131806593051,0,-0.056056653152879,0,21.1131806593051,-0.056056653152879,-0.056056653152879,-0.056056653152879,0.033465829508006
12.511562118753,0,0.010653794636591,0,12.511562118753,0.010653794636591,0.010653794636591,0.010653794636591,0.0542734571116003
11.3110693140974,0,0.00982781565554414,0,11.3110693140974,0.00982781565554414,0.00982781565554414,0.00982781565554414,0.0152975413868066
19.3344521561619,0,-0.0178892890128142,0,19.3344521561619,-0.0178892890128142,-0.0178892890128142,-0.0178892890128142,0.0322365626104049
22.4252386829518,0,0.0149224868595611,0,22.4252386829518,0.0149224868595611,0.0149224868595611,0.0149224868595611,0.0125393113695439
12.3654554745313,0,-0.0686880413546458,0,12.3654554745313,-0.0686880413546458,-0.0686880413546458,-0.0686880413546458,0.0513325050706189
19.2556223171704,0,0.0285945738844167,0,19.2556223171704,0.0285945738844167,0.0285945738844167,0.0285945738844167,0.0139726523520546
34.7312424253189,0,0.00360906084633839,0,34.7312424253189,0.00360906084633839,0.00360906084633839,0.00360906084633839,0.017575833019559
54.7209102152747,0,0.0196726221291343,0,54.7209102152747,0.0196726221291343,0.0196726221291343,0.0196726221291343,0.0109274670854921
6.44620981534856,0,0.014846298512104,0,6.44620981534856,0.014846298512104,0.014846298512104,0.014846298512104,0.0608105741726415
13.7692792179168,0,0.045315959795906,0,13.7692792179168,0.045315959795906,0.045315959795906,0.045315959795906,0.0576659331255503
11.7030101268542,0,0.0664031592294417,0,11.7030101268542,0.0664031592294417,0.0664031592294417,0.0664031592294417,0.0318702419669784
7.36539602284415,0,-0.0247872150245361,0,7.36539602284415,-0.0247872150245361,-0.0247872150245361,-0.0247872150245361,0.114121672795408
7.17535910443418,0,0.0223584830888584,0,7.17535910443418,0.0223584830888584,0.0223584830888584,0.0223584830888584,0.0787357224553916
10.2795400430588,0,-0.0197343725876436,0,10.2795400430588,-0.0197343725876436,-0.0197343725876436,-0.0197343725876436,0.0623990846503716
11.8155784180346,0,0.132399483418963,0,11.8155784180346,0.132399483418963,0.132399483418963,0.132399483418963,0.0684128055131695
10.8363107906744,0,-0.028098390818107,0,10.8363107906744,-0.028098390818107,-0.028098390818107,-0.028098390818107,0.071926050301895
11.7003583105711,0,-0.00186774348468509,0,11.7003583105711,-0.00186774348468509,-0.00186774348468509,-0.00186774348468509,0.00589871207554302
14.1717804897526,0,0.027255899623745,0,14.1717804897526,0.027255899623745,0.027255899623745,0.027255899623745,0.0438772018708798
10.4916049522311,0,0.0132463173032987,0,10.4916049522311,0.0132463173032987,0.0132463173032987,0.0132463173032987,0.0267192917518445
17.4700053613048,0,-0.0184802916209333,0,17.4700053613048,-0.0184802916209333,-0.0184802916209333,-0.0184802916209333,0.0310328260487528
22.4190143092695,0,-0.000161199703742028,0,22.4190143092695,-0.000161199703742028,-0.000161199703742028,-0.000161199703742028,0.0167230245622351
23.3384346785706,0,0.0173424537425691,0,23.3384346785706,0.0173424537425691,0.0173424537425691,0.0173424537425691,0.0189266195413323
38.8851950923656,0,-0.0332412043876419,0,38.8851950923656,-0.0332412043876419,-0.0332412043876419,-0.0332412043876419,0.0285556564673136
18.868464140174,0,-0.0601138815581494,0,18.868464140174,-0.0601138815581494,-0.0601138815581494,-0.0601138815581494,0.0841243606959225
130.216227665708,0,0.0198117493038606,0,130.216227665708,0.0198117493038606,0.0198117493038606,0.0198117493038606,0.0277236387216602
9.87654480749694,0,-0.0946232449189078,0,9.87654480749694,-0.0946232449189078,-0.0946232449189078,-0.0946232449189078,0.0836731049469832
15.7641037476623,0,0.0452974152246685,0,15.7641037476623,0.0452974152246685,0.0452974152246685,0.0452974152246685,0.0222639606786319
13.2572895170701,0,-0.00547183825283213,0,13.2572895170701,-0.00547183825283213,-0.00547183825283213,-0.00547183825283213,0.0207932850711389
14.6101069409457,0,-0.0361151431713081,0,14.6101069409457,-0.0361151431713081,-0.0361151431713081,-0.0361151431713081,0.0853409147807967
9.82277228593101,0,0.003405640430707,0,9.82277228593101,0.003405640430707,0.003405640430707,0.003405640430707,0.0711265903737062
11.2420027298881,0,-0.0660500012093723,0,11.2420027298881,-0.0660500012093723,-0.0660500012093723,-0.0660500012093723,0.0384705888979592
20.250805971961,0,-0.0722114931141322,0,20.250805971961,-0.0722114931141322,-0.0722114931141322,-0.0722114931141322,0.0558422559374383
28.4056044215739,0,-0.0234835133541325,0,28.4056044215739,-0.0234835133541325,-0.0234835133541325,-0.0234835133541325,0.0460235649191708
9.44659083119766,0,-0.0979355343768668,0,9.44659083119766,-0.0979355343768668,-0.0979355343768668,-0.0979355343768668,0.106984919191722
10.6319539160187,0,0.00587821668928426,0,10.6319539160187,0.00587821668928426,0.00587821668928426,0.00587821668928426,0.0434639030773943
23.722803858762,0,0.00435490338959432,0,23.722803858762,0.00435490338959432,0.00435490338959432,0.00435490338959432,0.0172785731987079
NA,NA,NA,NA,NA,NA,NA,NA,NA
14.5501339822123,0,-0.0241508994853178,0,14.5501339822123,-0.0241508994853178,-0.0241508994853178,-0.0241508994853178,0.0112761190742462
6.82559417888738,0,-0.0208488602109932,0,6.82559417888738,-0.0208488602109932,-0.0208488602109932,-0.0208488602109932,0.0626238731585564
7.10118523761685,0,-0.0285278978712163,0,7.10118523761685,-0.0285278978712163,-0.0285278978712163,-0.0285278978712163,0.0595492352872805
8.39406695268219,0,0.0167837864563465,0,8.39406695268219,0.0167837864563465,0.0167837864563465,0.0167837864563465,0.0322473662392579
15.3813680380744,0,-0.0235768509494856,0,15.3813680380744,-0.0235768509494856,-0.0235768509494856,-0.0235768509494856,0.0385600790656454
10.9419857642508,0,-0.0876235523401562,0,10.9419857642508,-0.0876235523401562,-0.0876235523401562,-0.0876235523401562,0.0336377588977628
9.567453602661,0,-0.0130573193727359,0,9.567453602661,-0.0130573193727359,-0.0130573193727359,-0.0130573193727359,0.0264340771076804
9.56764954052794,0,-0.00578932875863998,0,9.56764954052794,-0.00578932875863998,-0.00578932875863998,-0.00578932875863998,0.0288617279537588
9.58796747981615,0,0.00725905880614161,0,9.58796747981615,0.00725905880614161,0.00725905880614161,0.00725905880614161,0.0422687684348916
15.1454884083029,0,0.0687427351592194,0,15.1454884083029,0.0687427351592194,0.0687427351592194,0.0687427351592194,0.0334809714396658
9.72468903389732,0,0.0209196079014141,0,9.72468903389732,0.0209196079014141,0.0209196079014141,0.0209196079014141,0.0473210924820652
14.8412385484711,0,0.00805813747067324,0,14.8412385484711,0.00805813747067324,0.00805813747067324,0.00805813747067324,0.0331399934197975
10.6567948708008,0,0.0203455428827325,0,10.6567948708008,0.0203455428827325,0.0203455428827325,0.0203455428827325,0.0367174068081082
12.7697291709358,0,0.00135812282131545,0,12.7697291709358,0.00135812282131545,0.00135812282131545,0.00135812282131545,0.0331331000834964
17.7014293147066,0,0.0234372077444364,0,17.7014293147066,0.0234372077444364,0.0234372077444364,0.0234372077444364,0.0323786122878216
16.016217440795,0,-0.00369944404825601,0,16.016217440795,-0.00369944404825601,-0.00369944404825601,-0.00369944404825601,0.0376637682579198
21.1131806593051,0,-0.056056653152879,0,21.1131806593051,-0.056056653152879,-0.056056653152879,-0.056056653152879,0.033465829508006
12.511562118753,0,0.010653794636591,0,12.511562118753,0.010653794636591,0.010653794636591,0.010653794636591,0.0542734571116003
11.3110693140974,0,0.00982781565554414,0,11.3110693140974,0.00982781565554414,0.00982781565554414,0.00982781565554414,0.0152975413868066
19.3344521561619,0,-0.0178892890128142,0,19.3344521561619,-0.0178892890128142,-0.0178892890128142,-0.0178892890128142,0.0322365626104049
12.3671082351961,0,0.0210231372322994,0,12.3671082351961,0.0210231372322994,0.0210231372322994,0.0210231372322994,0.0160828742749283
12.3654554745313,0,-0.0686880413546458,0,12.3654554745313,-0.0686880413546458,-0.0686880413546458,-0.0686880413546458,0.0513325050706189
19.2556223171704,0,0.0285945738844167,0,19.2556223171704,0.0285945738844167,0.0285945738844167,0.0285945738844167,0.0139726523520546
34.7312424253189,0,0.00360906084633839,0,34.7312424253189,0.00360906084633839,0.00360906084633839,0.00360906084633839,0.017575833019559
54.7209102152747,0,0.0196726221291343,0,54.7209102152747,0.0196726221291343,0.0196726221291343,0.0196726221291343,0.0109274670854921
6.44620981534856,0,0.014846298512104,0,6.44620981534856,0.014846298512104,0.014846298512104,0.014846298512104,0.0608105741726415
13.7692792179168,0,0.045315959795906,0,13.7692792179168,0.045315959795906,0.045315959795906,0.045315959795906,0.0576659331255503
11.7030101268542,0,0.0664031592294417,0,11.7030101268542,0.0664031592294417,0.0664031592294417,0.0664031592294417,0.0318702419669784
7.36539602284415,0,-0.0247872150245361,0,7.36539602284415,-0.0247872150245361,-0.0247872150245361,-0.0247872150245361,0.114121672795408
7.17535910443418,0,0.0223584830888584,0,7.17535910443418,0.0223584830888584,0.0223584830888584,0.0223584830888584,0.0787357224553916
10.2795400430588,0,-0.0197343725876436,0,10.2795400430588,-0.0197343725876436,-0.0197343725876436,-0.0197343725876436,0.0623990846503716
11.8155784180346,0,0.132399483418963,0,11.8155784180346,0.132399483418963,0.132399483418963,0.132399483418963,0.0684128055131695
10.8363107906744,0,-0.028098390818107,0,10.8363107906744,-0.028098390818107,-0.028098390818107,-0.028098390818107,0.071926050301895
11.7003583105711,0,-0.00186774348468509,0,11.7003583105711,-0.00186774348468509,-0.00186774348468509,-0.00186774348468509,0.00589871207554302
14.1717804897526,0,0.027255899623745,0,14.1717804897526,0.027255899623745,0.027255899623745,0.027255899623745,0.0438772018708798
10.4916049522311,0,0.0132463173032987,0,10.4916049522311,0.0132463173032987,0.0132463173032987,0.0132463173032987,0.0267192917518445
17.4700053613048,0,-0.0184802916209333,0,17.4700053613048,-0.0184802916209333,-0.0184802916209333,-0.0184802916209333,0.0310328260487528
22.4190143092695,0,-0.000161199703742028,0,22.4190143092695,-0.000161199703742028,-0.000161199703742028,-0.000161199703742028,0.0167230245622351
23.3384346785706,0,0.0173424537425691,0,23.3384346785706,0.0173424537425691,0.0173424537425691,0.0173424537425691,0.0189266195413323
38.8851950923656,0,-0.0332412043876419,0,38.8851950923656,-0.0332412043876419,-0.0332412043876419,-0.0332412043876419,0.0285556564673136
18.868464140174,0,-0.0601138815581494,0,18.868464140174,-0.0601138815581494,-0.0601138815581494,-0.0601138815581494,0.0841243606959225
130.216227665708,0,0.0198117493038606,0,130.216227665708,0.0198117493038606,0.0198117493038606,0.0198117493038606,0.0277236387216602
9.87654480749694,0,-0.0946232449189078,0,9.87654480749694,-0.0946232449189078,-0.0946232449189078,-0.0946232449189078,0.0836731049469832
15.7641037476623,0,0.0452974152246685,0,15.7641037476623,0.0452974152246685,0.0452974152246685,0.0452974152246685,0.0222639606786319
13.2572895170701,0,-0.00547183825283213,0,13.2572895170701,-0.00547183825283213,-0.00547183825283213,-0.00547183825283213,0.0207932850711389
14.6101069409457,0,-0.0361151431713081,0,14.6101069409457,-0.0361151431713081,-0.0361151431713081,-0.0361151431713081,0.0853409147807967
9.82277228593101,0,0.003405640430707,0,9.82277228593101,0.003405640430707,0.003405640430707,0.003405640430707,0.0711265903737062
11.2420027298881,0,-0.0660500012093723,0,11.2420027298881,-0.0660500012093723,-0.0660500012093723,-0.0660500012093723,0.0384705888979592
20.250805971961,0,-0.0722114931141322,0,20.250805971961,-0.0722114931141322,-0.0722114931141322,-0.0722114931141322,0.0558422559374383
28.4056044215739,0,-0.0234835133541325,0,28.4056044215739,-0.0234835133541325,-0.0234835133541325,-0.0234835133541325,0.0460235649191708
9.44659083119766,0,-0.0979355343768668,0,9.44659083119766,-0.0979355343768668,-0.0979355343768668,-0.0979355343768668,0.106984919191722
10.6319539160187,0,0.00587821668928426,0,10.6319539160187,0.00587821668928426,0.00587821668928426,0.00587821668928426,0.0434639030773943
23.722803858762,0,0.00435490338959432,0,23.722803858762,0.00435490338959432,0.00435490338959432,0.00435490338959432,0.0172785731987079
NA,NA,NA,NA,NA,NA,NA,NA,NA
14.5501339822123,0,-0.0241508994853178,0,14.5501339822123,-0.0241508994853178,-0.0241508994853178,-0.0241508994853178,0.0112761190742462
6.82559417888738,0,-0.0208488602109932,0,6.82559417888738,-0.0208488602109932,-0.0208488602109932,-0.0208488602109932,0.0626238731585564
7.10118523761685,0,-0.0285278978712163,0,7.10118523761685,-0.0285278978712163,-0.0285278978712163,-0.0285278978712163,0.0595492352872805
8.39406695268219,0,0.0167837864563465,0,8.39406695268219,0.0167837864563465,0.0167837864563465,0.0167837864563465,0.0322473662392579
15.3813680380744,0,-0.0235768509494856,0,15.3813680380744,-0.0235768509494856,-0.0235768509494856,-0.0235768509494856,0.0385600790656454
10.9419857642508,0,-0.0876235523401562,0,10.9419857642508,-0.0876235523401562,-0.0876235523401562,-0.0876235523401562,0.0336377588977628
9.567453602661,0,-0.0130573193727359,0,9.567453602661,-0.0130573193727359,-0.0130573193727359,-0.0130573193727359,0.0264340771076804
9.56764954052794,0,-0.00578932875863998,0,9.56764954052794,-0.00578932875863998,-0.00578932875863998,-0.00578932875863998,0.0288617279537588
9.58796747981615,0,0.00725905880614161,0,9.58796747981615,0.00725905880614161,0.00725905880614161,0.00725905880614161,0.0422687684348916
15.1454884083029,0,0.0687427351592194,0,15.1454884083029,0.0687427351592194,0.0687427351592194,0.0687427351592194,0.0334809714396658
9.72468903389732,0,0.0209196079014141,0,9.72468903389732,0.0209196079014141,0.0209196079014141,0.0209196079014141,0.0473210924820652
14.8412385484711,0,0.00805813747067324,0,14.8412385484711,0.00805813747067324,0.00805813747067324,0.00805813747067324,0.0331399934197975
10.6567948708008,0,0.0203455428827325,0,10.6567948708008,0.0203455428827325,0.0203455428827325,0.0203455428827325,0.0367174068081082
12.7697291709358,0,0.00135812282131545,0,12.7697291709358,0.00135812282131545,0.00135812282131545,0.00135812282131545,0.0331331000834964
17.7014293147066,0,0.0234372077444364,0,17.7014293147066,0.0234372077444364,0.0234372077444364,0.0234372077444364,0.0323786122878216
16.016217440795,0,-0.00369944404825601,0,16.016217440795,-0.00369944404825601,-0.00369944404825601,-0.00369944404825601,0.0376637682579198
21.1131806593051,0,-0.056056653152879,0,21.1131806593051,-0.056056653152879,-0.056056653152879,-0.056056653152879,0.033465829508006
12.511562118753,0,0.010653794636591,0,12.511562118753,0.010653794636591,0.010653794636591,0.010653794636591,0.0542734571116003
11.3110693140974,0,0.00982781565554414,0,11.3110693140974,0.00982781565554414,0.00982781565554414,0.00982781565554414,0.0152975413868066
19.3344521561619,0,-0.0178892890128142,0,19.3344521561619,-0.0178892890128142,-0.0178892890128142,-0.0178892890128142,0.0322365626104049
12.3671082351961,0,0.0210231372322994,0,12.3671082351961,0.0210231372322994,0.0210231372322994,0.0210231372322994,0.0160828742749283
12.3654554745313,0,-0.0686880413546458,0,12.3654554745313,-0.0686880413546458,-0.0686880413546458,-0.0686880413546458,0.0513325050706189
19.2556223171704,0,0.0285945738844167,0,19.2556223171704,0.0285945738844167,0.0285945738844167,0.0285945738844167,0.0139726523520546
34.7312424253189,0,0.00360906084633839,0,34.7312424253189,0.00360906084633839,0.00360906084633839,0.00360906084633839,0.017575833019559
54.7209102152747,0,0.0196726221291343,0,54.7209102152747,0.0196726221291343,0.0196726221291343,0.0196726221291343,0.0109274670854921
6.44620981534856,0,0.014846298512104,0,6.44620981534856,0.014846298512104,0.014846298512104,0.014846298512104,0.0608105741726415
13.7692792179168,0,0.045315959795906,0,13.7692792179168,0.045315959795906,0.045315959795906,0.045315959795906,0.0576659331255503
11.7030101268542,0,0.0664031592294417,0,11.7030101268542,0.0664031592294417,0.0664031592294417,0.0664031592294417,0.0318702419669784
7.36539602284415,0,-0.0247872150245361,0,7.36539602284415,-0.0247872150245361,-0.0247872150245361,-0.0247872150245361,0.114121672795408
7.17535910443418,0,0.0223584830888584,0,7.17535910443418,0.0223584830888584,0.0223584830888584,0.0223584830888584,0.0787357224553916
10.2795400430588,0,-0.0197343725876436,0,10.2795400430588,-0.0197343725876436,-0.0197343725876436,-0.0197343725876436,0.0623990846503716
11.8155784180346,0,0.132399483418963,0,11.8155784180346,0.132399483418963,0.132399483418963,0.132399483418963,0.0684128055131695
10.8363107906744,0,-0.028098390818107,0,10.8363107906744,-0.028098390818107,-0.028098390818107,-0.028098390818107,0.071926050301895
11.7003583105711,0,-0.00186774348468509,0,11.7003583105711,-0.00186774348468509,-0.00186774348468509,-0.00186774348468509,0.00589871207554302
14.1717804897526,0,0.027255899623745,0,14.1717804897526,0.027255899623745,0.027255899623745,0.027255899623745,0.0438772018708798
10.4916049522311,0,0.0132463173032987,0,10.4916049522311,0.0132463173032987,0.0132463173032987,0.0132463173032987,0.0267192917518445
17.4700053613048,0,-0.0184802916209333,0,17.4700053613048,-0.0184802916209333,-0.0184802916209333,-0.0184802916209333,0.0310328260487528
22.4190143092695,0,-0.000161199703742028,0,22.4190143092695,-0.000161199703742028,-0.000161199703742028,-0.000161199703742028,0.0167230245622351
23.3384346785706,0,0.0173424537425691,0,23.3384346785706,0.0173424537425691,0.0173424537425691,0.0173424537425691,0.0189266195413323
38.8851950923656,0,-0.0332412043876419,0,38.8851950923656,-0.0332412043876419,-0.0332412043876419,-0.0332412043876419,0.0285556564673136
18.868464140174,0,-0.0601138815581494,0,18.868464140174,-0.0601138815581494,-0.0601138815581494,-0.0601138815581494,0.0841243606959225
130.216227665708,0,0.0198117493038606,0,130.216227665708,0.0198117493038606,0.0198117493038606,0.0198117493038606,0.0277236387216602
9.87654480749694,0,-0.0946232449189078,0,9.87654480749694,-0.0946232449189078,-0.0946232449189078,-0.0946232449189078,0.0836731049469832
15.7641037476623,0,0.0452974152246685,0,15.7641037476623,0.0452974152246685,0.0452974152246685,0.0452974152246685,0.0222639606786319
13.2572895170701,0,-0.00547183825283213,0,13.2572895170701,-0.00547183825283213,-0.00547183825283213,-0.00547183825283213,0.0207932850711389
14.6101069409457,0,-0.0361151431713081,0,14.6101069409457,-0.0361151431713081,-0.0361151431713081,-0.0361151431713081,0.0853409147807967
9.82277228593101,0,0.003405640430707,0,9.82277228593101,0.003405640430707,0.003405640430707,0.003405640430707,0.0711265903737062
11.2420027298881,0,-0.0660500012093723,0,11.2420027298881,-0.0660500012093723,-0.0660500012093723,-0.0660500012093723,0.0384705888979592
25.0274800711776,0,-0.0187256249614442,0,25.0274800711776,-0.0187256249614442,-0.0187256249614442,-0.0187256249614442,0.0960019772095373
28.4056044215739,0,-0.0234835133541325,0,28.4056044215739,-0.0234835133541325,-0.0234835133541325,-0.0234835133541325,0.0460235649191708
9.44659083119766,0,-0.0979355343768668,0,9.44659083119766,-0.0979355343768668,-0.0979355343768668,-0.0979355343768668,0.106984919191722
10.6319539160187,0,0.00587821668928426,0,10.6319539160187,0.00587821668928426,0.00587821668928426,0.00587821668928426,0.0434639030773943
23.722803858762,0,0.00435490338959432,0,23.722803858762,0.00435490338959432,0.00435490338959432,0.00435490338959432,0.0172785731987079
NA,NA,NA,NA,NA,NA,NA,NA,NA
14.5501339822123,0,-0.0241508994853178,0,14.5501339822123,-0.0241508994853178,-0.0241508994853178,-0.0241508994853178,0.0112761190742462
6.82559417888738,0,-0.0208488602109932,0,6.82559417888738,-0.0208488602109932,-0.0208488602109932,-0.0208488602109932,0.0626238731585564
7.10118523761685,0,-0.0285278978712163,0,7.10118523761685,-0.0285278978712163,-0.0285278978712163,-0.0285278978712163,0.0595492352872805
8.39406695268219,0,0.0167837864563465,0,8.39406695268219,0.0167837864563465,0.0167837864563465,0.0167837864563465,0.0322473662392579
15.3813680380744,0,-0.0235768509494856,0,15.3813680380744,-0.0235768509494856,-0.0235768509494856,-0.0235768509494856,0.0385600790656454
10.9419857642508,0,-0.0876235523401562,0,10.9419857642508,-0.0876235523401562,-0.0876235523401562,-0.0876235523401562,0.0336377588977628
9.567453602661,0,-0.0130573193727359,0,9.567453602661,-0.0130573193727359,-0.0130573193727359,-0.0130573193727359,0.0264340771076804
9.56764954052794,0,-0.00578932875863998,0,9.56764954052794,-0.00578932875863998,-0.00578932875863998,-0.00578932875863998,0.0288617279537588
9.58796747981615,0,0.00725905880614161,0,9.58796747981615,0.00725905880614161,0.00725905880614161,0.00725905880614161,0.0422687684348916
15.1454884083029,0,0.0687427351592194,0,15.1454884083029,0.0687427351592194,0.0687427351592194,0.0687427351592194,0.0334809714396658
9.72468903389732,0,0.0209196079014141,0,9.72468903389732,0.0209196079014141,0.0209196079014141,0.0209196079014141,0.0473210924820652
14.8412385484711,0,0.00805813747067324,0,14.8412385484711,0.00805813747067324,0.00805813747067324,0.00805813747067324,0.0331399934197975
10.6567948708008,0,0.0203455428827325,0,10.6567948708008,0.0203455428827325,0.0203455428827325,0.0203455428827325,0.0367174068081082
12.7697291709358,0,0.00135812282131545,0,12.7697291709358,0.00135812282131545,0.00135812282131545,0.00135812282131545,0.0331331000834964
17.7014293147066,0,0.0234372077444364,0,17.7014293147066,0.0234372077444364,0.0234372077444364,0.0234372077444364,0.0323786122878216
16.016217440795,0,-0.00369944404825601,0,16.016217440795,-0.00369944404825601,-0.00369944404825601,-0.00369944404825601,0.0376637682579198
21.1131806593051,0,-0.056056653152879,0,21.1131806593051,-0.056056653152879,-0.056056653152879,-0.056056653152879,0.033465829508006
12.511562118753,0,0.010653794636591,0,12.511562118753,0.010653794636591,0.010653794636591,0.010653794636591,0.0542734571116003
11.3110693140974,0,0.00982781565554414,0,11.3110693140974,0.00982781565554414,0.00982781565554414,0.00982781565554414,0.0152975413868066
19.3344521561619,0,-0.0178892890128142,0,19.3344521561619,-0.0178892890128142,-0.0178892890128142,-0.0178892890128142,0.0322365626104049
12.3671082351961,0,0.0210231372322994,0,12.3671082351961,0.0210231372322994,0.0210231372322994,0.0210231372322994,0.0160828742749283
12.3654554745313,0,-0.0686880413546458,0,12.3654554745313,-0.0686880413546458,-0.0686880413546458,-0.0686880413546458,0.0513325050706189
19.2556223171704,0,0.0285945738844167,0,19.2556223171704,0.0285945738844167,0.0285945738844167,0.0285945738844167,0.0139726523520546
34.7312424253189,0,0.00360906084633839,0,34.7312424253189,0.00360906084633839,0.00360906084633839,0.00360906084633839,0.017575833019559
54.7209102152747,0,0.0196726221291343,0,54.7209102152747,0.0196726221291343,0.0196726221291343,0.0196726221291343,0.0109274670854921
6.44620981534856,0,0.014846298512104,0,6.44620981534856,0.014846298512104,0.014846298512104,0.014846298512104,0.0608105741726415
13.7692792179168,0,0.045315959795906,0,13.7692792179168,0.045315959795906,0.045315959795906,0.045315959795906,0.0576659331255503
11.7030101268542,0,0.0664031592294417,0,11.7030101268542,0.0664031592294417,0.0664031592294417,0.0664031592294417,0.0318702419669784
7.36539602284415,0,-0.0247872150245361,0,7.36539602284415,-0.0247872150245361,-0.0247872150245361,-0.0247872150245361,0.114121672795408
7.17535910443418,0,0.0223584830888584,0,7.17535910443418,0.0223584830888584,0.0223584830888584,0.0223584830888584,0.0787357224553916
10.2795400430588,0,-0.0197343725876436,0,10.2795400430588,-0.0197343725876436,-0.0197343725876436,-0.0197343725876436,0.0623990846503716
11.8155784180346,0,0.132399483418963,0,11.8155784180346,0.132399483418963,0.132399483418963,0.132399483418963,0.0684128055131695
10.8363107906744,0,-0.028098390818107,0,10.8363107906744,-0.028098390818107,-0.028098390818107,-0.028098390818107,0.071926050301895
11.7003583105711,0,-0.00186774348468509,0,11.7003583105711,-0.00186774348468509,-0.00186774348468509,-0.00186774348468509,0.00589871207554302
14.1717804897526,0,0.027255899623745,0,14.1717804897526,0.027255899623745,0.027255899623745,0.027255899623745,0.0438772018708798
10.4916049522311,0,0.0132463173032987,0,10.4916049522311,0.0132463173032987,0.0132463173032987,0.0132463173032987,0.0267192917518445
17.4700053613048,0,-0.0184802916209333,0,17.4700053613048,-0.0184802916209333,-0.0184802916209333,-0.0184802916209333,0.0310328260487528
22.4190143092695,0,-0.000161199703742028,0,22.4190143092695,-0.000161199703742028,-0.000161199703742028,-0.000161199703742028,0.0167230245622351
23.3384346785706,0,0.0173424537425691,0,23.3384346785706,0.0173424537425691,0.0173424537425691,0.0173424537425691,0.0189266195413323
38.8851950923656,0,-0.0332412043876419,0,38.8851950923656,-0.0332412043876419,-0.0332412043876419,-0.0332412043876419,0.0285556564673136
18.868464140174,0,-0.0601138815581494,0,18.868464140174,-0.0601138815581494,-0.0601138815581494,-0.0601138815581494,0.0841243606959225
130.216227665708,0,0.0198117493038606,0,130.216227665708,0.0198117493038606,0.0198117493038606,0.0198117493038606,0.0277236387216602
9.87654480749694,0,-0.0946232449189078,0,9.87654480749694,-0.0946232449189078,-0.0946232449189078,-0.0946232449189078,0.0836731049469832
15.7641037476623,0,0.0452974152246685,0,15.7641037476623,0.0452974152246685,0.0452974152246685,0.0452974152246685,0.0222639606786319
13.2572895170701,0,-0.00547183825283213,0,13.2572895170701,-0.00547183825283213,-0.00547183825283213,-0.00547183825283213,0.0207932850711389
14.6101069409457,0,-0.0361151431713081,0,14.6101069409457,-0.0361151431713081,-0.0361151431713081,-0.0361151431713081,0.0853409147807967
9.82277228593101,0,0.003405640430707,0,9.82277228593101,0.003405640430707,0.003405640430707,0.003405640430707,0.0711265903737062
11.2420027298881,0,-0.0660500012093723,0,11.2420027298881,-0.0660500012093723,-0.0660500012093723,-0.0660500012093723,0.0384705888979592
25.0274800711776,0,-0.0187256249614442,0,25.0274800711776,-0.0187256249614442,-0.0187256249614442,-0.0187256249614442,0.0960019772095373
28.4056044215739,0,-0.0234835133541325,0,28.4056044215739,-0.0234835133541325,-0.0234835133541325,-0.0234835133541325,0.0460235649191708
9.44659083119766,0,-0.0979355343768668,0,9.44659083119766,-0.0979355343768668,-0.0979355343768668,-0.0979355343768668,0.106984919191722
10.6319539160187,0,0.00587821668928426,0,10.6319539160187,0.00587821668928426,0.00587821668928426,0.00587821668928426,0.0434639030773943
23.722803858762,0,0.00435490338959432,0,23.722803858762,0.00435490338959432,0.00435490338959432,0.00435490338959432,0.0172785731987079
NA,NA,NA,NA,NA,NA,NA,NA,NA
14.5501339822123,0,-0.0241508994853178,0,14.5501339822123,-0.0241508994853178,-0.0241508994853178,-0.0241508994853178,0.0112761190742462
6.82559417888738,0,-0.0208488602109932,0,6.82559417888738,-0.0208488602109932,-0.0208488602109932,-0.0208488602109932,0.0626238731585564
7.10118523761685,0,-0.0285278978712163,0,7.10118523761685,-0.0285278978712163,-0.0285278978712163,-0.0285278978712163,0.0595492352872805
8.39406695268219,0,0.0167837864563465,0,8.39406695268219,0.0167837864563465,0.0167837864563465,0.0167837864563465,0.0322473662392579
15.3813680380744,0,-0.0235768509494856,0,15.3813680380744,-0.0235768509494856,-0.0235768509494856,-0.0235768509494856,0.0385600790656454
10.9419857642508,0,-0.0876235523401562,0,10.9419857642508,-0.0876235523401562,-0.0876235523401562,-0.0876235523401562,0.0336377588977628
9.567453602661,0,-0.0130573193727359,0,9.567453602661,-0.0130573193727359,-0.0130573193727359,-0.0130573193727359,0.0264340771076804
9.56764954052794,0,-0.00578932875863998,0,9.56764954052794,-0.00578932875863998,-0.00578932875863998,-0.00578932875863998,0.0288617279537588
9.58796747981615,0,0.00725905880614161,0,9.58796747981615,0.00725905880614161,0.00725905880614161,0.00725905880614161,0.0422687684348916
15.1454884083029,0,0.0687427351592194,0,15.1454884083029,0.0687427351592194,0.0687427351592194,0.0687427351592194,0.0334809714396658
9.72468903389732,0,0.0209196079014141,0,9.72468903389732,0.0209196079014141,0.0209196079014141,0.0209196079014141,0.0473210924820652
14.8412385484711,0,0.00805813747067324,0,14.8412385484711,0.00805813747067324,0.00805813747067324,0.00805813747067324,0.0331399934197975
10.6567948708008,0,0.0203455428827325,0,10.6567948708008,0.0203455428827325,0.0203455428827325,0.0203455428827325,0.0367174068081082
12.7697291709358,0,0.00135812282131545,0,12.7697291709358,0.00135812282131545,0.00135812282131545,0.00135812282131545,0.0331331000834964
17.7014293147066,0,0.0234372077444364,0,17.7014293147066,0.0234372077444364,0.0234372077444364,0.0234372077444364,0.0323786122878216
16.016217440795,0,-0.00369944404825601,0,16.016217440795,-0.00369944404825601,-0.00369944404825601,-0.00369944404825601,0.0376637682579198
21.1131806593051,0,-0.056056653152879,0,21.1131806593051,-0.056056653152879,-0.056056653152879,-0.056056653152879,0.033465829508006
12.511562118753,0,0.010653794636591,0,12.511562118753,0.010653794636591,0.010653794636591,0.010653794636591,0.0542734571116003
11.3110693140974,0,0.00982781565554414,0,11.3110693140974,0.00982781565554414,0.00982781565554414,0.00982781565554414,0.0152975413868066
19.3344521561619,0,-0.0178892890128142,0,19.3344521561619,-0.0178892890128142,-0.0178892890128142,-0.0178892890128142,0.0322365626104049
12.3671082351961,0,0.0210231372322994,0,12.3671082351961,0.0210231372322994,0.0210231372322994,0.0210231372322994,0.0160828742749283
12.3654554745313,0,-0.0686880413546458,0,12.3654554745313,-0.0686880413546458,-0.0686880413546458,-0.0686880413546458,0.0513325050706189
19.2556223171704,0,0.0285945738844167,0,19.2556223171704,0.0285945738844167,0.0285945738844167,0.0285945738844167,0.0139726523520546
34.7312424253189,0,0.00360906084633839,0,34.7312424253189,0.00360906084633839,0.00360906084633839,0.00360906084633839,0.017575833019559
54.7209102152747,0,0.0196726221291343,0,54.7209102152747,0.0196726221291343,0.0196726221291343,0.0196726221291343,0.0109274670854921
6.44620981534856,0,0.014846298512104,0,6.44620981534856,0.014846298512104,0.014846298512104,0.014846298512104,0.0608105741726415
13.7692792179168,0,0.045315959795906,0,13.7692792179168,0.045315959795906,0.045315959795906,0.045315959795906,0.0576659331255503
11.7030101268542,0,0.0664031592294417,0,11.7030101268542,0.0664031592294417,0.0664031592294417,0.0664031592294417,0.0318702419669784
7.36539602284415,0,-0.0247872150245361,0,7.36539602284415,-0.0247872150245361,-0.0247872150245361,-0.0247872150245361,0.114121672795408
7.17535910443418,0,0.0223584830888584,0,7.17535910443418,0.0223584830888584,0.0223584830888584,0.0223584830888584,0.0787357224553916
10.2795400430588,0,-0.0197343725876436,0,10.2795400430588,-0.0197343725876436,-0.0197343725876436,-0.0197343725876436,0.0623990846503716
11.8155784180346,0,0.132399483418963,0,11.8155784180346,0.132399483418963,0.132399483418963,0.132399483418963,0.0684128055131695
10.8363107906744,0,-0.028098390818107,0,10.8363107906744,-0.028098390818107,-0.028098390818107,-0.028098390818107,0.071926050301895
11.7003583105711,0,-0.00186774348468509,0,11.7003583105711,-0.00186774348468509,-0.00186774348468509,-0.00186774348468509,0.00589871207554302
14.1717804897526,0,0.027255899623745,0,14.1717804897526,0.027255899623745,0.027255899623745,0.027255899623745,0.0438772018708798
10.4916049522311,0,0.0132463173032987,0,10.4916049522311,0.0132463173032987,0.0132463173032987,0.0132463173032987,0.0267192917518445
17.4700053613048,0,-0.0184802916209333,0,17.4700053613048,-0.0184802916209333,-0.0184802916209333,-0.0184802916209333,0.0310328260487528
22.4190143092695,0,-0.000161199703742028,0,22.4190143092695,-0.000161199703742028,-0.000161199703742028,-0.000161199703742028,0.0167230245622351
23.3384346785706,0,0.0173424537425691,0,23.3384346785706,0.0173424537425691,0.0173424537425691,0.0173424537425691,0.0189266195413323
38.8851950923656,0,-0.0332412043876419,0,38.8851950923656,-0.0332412043876419,-0.0332412043876419,-0.0332412043876419,0.0285556564673136
18.868464140174,0,-0.0601138815581494,0,18.868464140174,-0.0601138815581494,-0.0601138815581494,-0.0601138815581494,0.0841243606959225
130.216227665708,0,0.0198117493038606,0,130.216227665708,0.0198117493038606,0.0198117493038606,0.0198117493038606,0.0277236387216602
9.87654480749694,0,-0.0946232449189078,0,9.87654480749694,-0.0946232449189078,-0.0946232449189078,-0.0946232449189078,0.0836731049469832
15.7641037476623,0,0.0452974152246685,0,15.7641037476623,0.0452974152246685,0.0452974152246685,0.0452974152246685,0.0222639606786319
13.2572895170701,0,-0.00547183825283213,0,13.2572895170701,-0.00547183825283213,-0.00547183825283213,-0.00547183825283213,0.0207932850711389
14.6101069409457,0,-0.0361151431713081,0,14.6101069409457,-0.0361151431713081,-0.0361151431713081,-0.0361151431713081,0.0853409147807967
9.82277228593101,0,0.003405640430707,0,9.82277228593101,0.003405640430707,0.003405640430707,0.003405640430707,0.0711265903737062
11.2420027298881,0,-0.0660500012093723,0,11.2420027298881,-0.0660500012093723,-0.0660500012093723,-0.0660500012093723,0.0384705888979592
25.0274800711776,0,-0.0187256249614442,0,25.0274800711776,-0.0187256249614442,-0.0187256249614442,-0.0187256249614442,0.0960019772095373
28.4056044215739,0,-0.0234835133541325,0,28.4056044215739,-0.0234835133541325,-0.0234835133541325,-0.0234835133541325,0.0460235649191708
9.44659083119766,0,-0.0979355343768668,0,9.44659083119766,-0.0979355343768668,-0.0979355343768668,-0.0979355343768668,0.106984919191722
10.6319539160187,0,0.00587821668928426,0,10.6319539160187,0.00587821668928426,0.00587821668928426,0.00587821668928426,0.0434639030773943
23.722803858762,0,0.00435490338959432,0,23.722803858762,0.00435490338959432,0.00435490338959432,0.00435490338959432,0.0172785731987079
NA,NA,NA,NA,NA,NA,NA,NA,NA
14.5501339822123,0,-0.0241508994853178,0,14.5501339822123,-0.0241508994853178,-0.0241508994853178,-0.0241508994853178,0.0112761190742462
6.82559417888738,0,-0.0208488602109932,0,6.82559417888738,-0.0208488602109932,-0.0208488602109932,-0.0208488602109932,0.0626238731585564
7.10118523761685,0,-0.0285278978712163,0,7.10118523761685,-0.0285278978712163,-0.0285278978712163,-0.0285278978712163,0.0595492352872805
8.39406695268219,0,0.0167837864563465,0,8.39406695268219,0.0167837864563465,0.0167837864563465,0.0167837864563465,0.0322473662392579
15.3813680380744,0,-0.0235768509494856,0,15.3813680380744,-0.0235768509494856,-0.0235768509494856,-0.0235768509494856,0.0385600790656454
10.9419857642508,0,-0.0876235523401562,0,10.9419857642508,-0.0876235523401562,-0.0876235523401562,-0.0876235523401562,0.0336377588977628
9.567453602661,0,-0.0130573193727359,0,9.567453602661,-0.0130573193727359,-0.0130573193727359,-0.0130573193727359,0.0264340771076804
9.56764954052794,0,-0.00578932875863998,0,9.56764954052794,-0.00578932875863998,-0.00578932875863998,-0.00578932875863998,0.0288617279537588
9.58796747981615,0,0.00725905880614161,0,9.58796747981615,0.00725905880614161,0.00725905880614161,0.00725905880614161,0.0422687684348916
15.1454884083029,0,0.0687427351592194,0,15.1454884083029,0.0687427351592194,0.0687427351592194,0.0687427351592194,0.0334809714396658
9.72468903389732,0,0.0209196079014141,0,9.72468903389732,0.0209196079014141,0.0209196079014141,0.0209196079014141,0.0473210924820652
14.8412385484711,0,0.00805813747067324,0,14.8412385484711,0.00805813747067324,0.00805813747067324,0.00805813747067324,0.0331399934197975
10.6567948708008,0,0.0203455428827325,0,10.6567948708008,0.0203455428827325,0.0203455428827325,0.0203455428827325,0.0367174068081082
12.7697291709358,0,0.00135812282131545,0,12.7697291709358,0.00135812282131545,0.00135812282131545,0.00135812282131545,0.0331331000834964
17.7014293147066,0,0.0234372077444364,0,17.7014293147066,0.0234372077444364,0.0234372077444364,0.0234372077444364,0.0323786122878216
16.016217440795,0,-0.00369944404825601,0,16.016217440795,-0.00369944404825601,-0.00369944404825601,-0.00369944404825601,0.0376637682579198
21.1131806593051,0,-0.056056653152879,0,21.1131806593051,-0.056056653152879,-0.056056653152879,-0.056056653152879,0.033465829508006
12.511562118753,0,0.010653794636591,0,12.511562118753,0.010653794636591,0.010653794636591,0.010653794636591,0.0542734571116003
11.3110693140974,0,0.00982781565554414,0,11.3110693140974,0.00982781565554414,0.00982781565554414,0.00982781565554414,0.0152975413868066
19.3344521561619,0,-0.0178892890128142,0,19.3344521561619,-0.0178892890128142,-0.0178892890128142,-0.0178892890128142,0.0322365626104049
12.3671082351961,0,0.0210231372322994,0,12.3671082351961,0.0210231372322994,0.0210231372322994,0.0210231372322994,0.0160828742749283
12.3654554745313,0,-0.0686880413546458,0,12.3654554745313,-0.0686880413546458,-0.0686880413546458,-0.0686880413546458,0.0513325050706189
19.2556223171704,0,0.0285945738844167,0,19.2556223171704,0.0285945738844167,0.0285945738844167,0.0285945738844167,0.0139726523520546
34.7312424253189,0,0.00360906084633839,0,34.7312424253189,0.00360906084633839,0.00360906084633839,0.00360906084633839,0.017575833019559
54.7209102152747,0,0.0196726221291343,0,54.7209102152747,0.0196726221291343,0.0196726221291343,0.0196726221291343,0.0109274670854921
6.44620981534856,0,0.014846298512104,0,6.44620981534856,0.014846298512104,0.014846298512104,0.014846298512104,0.0608105741726415
13.7692792179168,0,0.045315959795906,0,13.7692792179168,0.045315959795906,0.045315959795906,0.045315959795906,0.0576659331255503
11.7030101268542,0,0.0664031592294417,0,11.7030101268542,0.0664031592294417,0.0664031592294417,0.0664031592294417,0.0318702419669784
7.36539602284415,0,-0.0247872150245361,0,7.36539602284415,-0.0247872150245361,-0.0247872150245361,-0.0247872150245361,0.114121672795408
7.17535910443418,0,0.0223584830888584,0,7.17535910443418,0.0223584830888584,0.0223584830888584,0.0223584830888584,0.0787357224553916
10.2795400430588,0,-0.0197343725876436,0,10.2795400430588,-0.0197343725876436,-0.0197343725876436,-0.0197343725876436,0.0623990846503716
11.8155784180346,0,0.132399483418963,0,11.8155784180346,0.132399483418963,0.132399483418963,0.132399483418963,0.0684128055131695
10.8363107906744,0,-0.028098390818107,0,10.8363107906744,-0.028098390818107,-0.028098390818107,-0.028098390818107,0.071926050301895
11.7003583105711,0,-0.00186774348468509,0,11.7003583105711,-0.00186774348468509,-0.00186774348468509,-0.00186774348468509,0.00589871207554302
14.1717804897526,0,0.027255899623745,0,14.1717804897526,0.027255899623745,0.027255899623745,0.027255899623745,0.0438772018708798
10.4916049522311,0,0.0132463173032987,0,10.4916049522311,0.0132463173032987,0.0132463173032987,0.0132463173032987,0.0267192917518445
17.4700053613048,0,-0.0184802916209333,0,17.4700053613048,-0.0184802916209333,-0.0184802916209333,-0.0184802916209333,0.0310328260487528
22.4190143092695,0,-0.000161199703742028,0,22.4190143092695,-0.000161199703742028,-0.000161199703742028,-0.000161199703742028,0.0167230245622351
23.3384346785706,0,0.0173424537425691,0,23.3384346785706,0.0173424537425691,0.0173424537425691,0.0173424537425691,0.0189266195413323
38.8851950923656,0,-0.0332412043876419,0,38.8851950923656,-0.0332412043876419,-0.0332412043876419,-0.0332412043876419,0.0285556564673136
18.868464140174,0,-0.0601138815581494,0,18.868464140174,-0.0601138815581494,-0.0601138815581494,-0.0601138815581494,0.0841243606959225
130.216227665708,0,0.0198117493038606,0,130.216227665708,0.0198117493038606,0.0198117493038606,0.0198117493038606,0.0277236387216602
9.87654480749694,0,-0.0946232449189078,0,9.87654480749694,-0.0946232449189078,-0.0946232449189078,-0.0946232449189078,0.0836731049469832
15.7641037476623,0,0.0452974152246685,0,15.7641037476623,0.0452974152246685,0.0452974152246685,0.0452974152246685,0.0222639606786319
13.2572895170701,0,-0.00547183825283213,0,13.2572895170701,-0.00547183825283213,-0.00547183825283213,-0.00547183825283213,0.0207932850711389
14.6101069409457,0,-0.0361151431713081,0,14.6101069409457,-0.0361151431713081,-0.0361151431713081,-0.0361151431713081,0.0853409147807967
9.82277228593101,0,0.003405640430707,0,9.82277228593101,0.003405640430707,0.003405640430707,0.003405640430707,0.0711265903737062
11.2420027298881,0,-0.0660500012093723,0,11.2420027298881,-0.0660500012093723,-0.0660500012093723,-0.0660500012093723,0.0384705888979592
25.0274800711776,0,-0.0187256249614442,0,25.0274800711776,-0.0187256249614442,-0.0187256249614442,-0.0187256249614442,0.0960019772095373
28.4056044215739,0,-0.0234835133541325,0,28.4056044215739,-0.0234835133541325,-0.0234835133541325,-0.0234835133541325,0.0460235649191708
9.44659083119766,0,-0.0979355343768668,0,9.44659083119766,-0.0979355343768668,-0.0979355343768668,-0.0979355343768668,0.106984919191722
10.6319539160187,0,0.00587821668928426,0,10.6319539160187,0.00587821668928426,0.00587821668928426,0.00587821668928426,0.0434639030773943
23.722803858762,0,0.00435490338959432,0,23.722803858762,0.00435490338959432,0.00435490338959432,0.00435490338959432,0.0172785731987079
NA,NA,NA,NA,NA,NA,NA,NA,NA
14.5501339822123,0,-0.0241508994853178,0,14.5501339822123,-0.0241508994853178,-0.0241508994853178,-0.0241508994853178,0.0112761190742462
6.82559417888738,0,-0.0208488602109932,0,6.82559417888738,-0.0208488602109932,-0.0208488602109932,-0.0208488602109932,0.0626238731585564
7.10118523761685,0,-0.0285278978712163,0,7.10118523761685,-0.0285278978712163,-0.0285278978712163,-0.0285278978712163,0.0595492352872805
8.39406695268219,0,0.0167837864563465,0,8.39406695268219,0.0167837864563465,0.0167837864563465,0.0167837864563465,0.0322473662392579
15.3813680380744,0,-0.0235768509494856,0,15.3813680380744,-0.0235768509494856,-0.0235768509494856,-0.0235768509494856,0.0385600790656454
10.9419857642508,0,-0.0876235523401562,0,10.9419857642508,-0.0876235523401562,-0.0876235523401562,-0.0876235523401562,0.0336377588977628
9.567453602661,0,-0.0130573193727359,0,9.567453602661,-0.0130573193727359,-0.0130573193727359,-0.0130573193727359,0.0264340771076804
9.56764954052794,0,-0.00578932875863998,0,9.56764954052794,-0.00578932875863998,-0.00578932875863998,-0.00578932875863998,0.0288617279537588
9.58796747981615,0,0.00725905880614161,0,9.58796747981615,0.00725905880614161,0.00725905880614161,0.00725905880614161,0.0422687684348916
15.1454884083029,0,0.0687427351592194,0,15.1454884083029,0.0687427351592194,0.0687427351592194,0.0687427351592194,0.0334809714396658
9.72468903389732,0,0.0209196079014141,0,9.72468903389732,0.0209196079014141,0.0209196079014141,0.0209196079014141,0.0473210924820652
14.8412385484711,0,0.00805813747067324,0,14.8412385484711,0.00805813747067324,0.00805813747067324,0.00805813747067324,0.0331399934197975
10.6567948708008,0,0.0203455428827325,0,10.6567948708008,0.0203455428827325,0.0203455428827325,0.0203455428827325,0.0367174068081082
12.7697291709358,0,0.00135812282131545,0,12.7697291709358,0.00135812282131545,0.00135812282131545,0.00135812282131545,0.0331331000834964
17.7014293147066,0,0.0234372077444364,0,17.7014293147066,0.0234372077444364,0.0234372077444364,0.0234372077444364,0.0323786122878216
16.016217440795,0,-0.00369944404825601,0,16.016217440795,-0.00369944404825601,-0.00369944404825601,-0.00369944404825601,0.0376637682579198
21.1131806593051,0,-0.056056653152879,0,21.1131806593051,-0.056056653152879,-0.056056653152879,-0.056056653152879,0.033465829508006
12.511562118753,0,0.010653794636591,0,12.511562118753,0.010653794636591,0.010653794636591,0.010653794636591,0.0542734571116003
11.3110693140974,0,0.00982781565554414,0,11.3110693140974,0.00982781565554414,0.00982781565554414,0.00982781565554414,0.0152975413868066
19.3344521561619,0,-0.0178892890128142,0,19.3344521561619,-0.0178892890128142,-0.0178892890128142,-0.0178892890128142,0.0322365626104049
12.3671082351961,0,0.0210231372322994,0,12.3671082351961,0.0210231372322994,0.0210231372322994,0.0210231372322994,0.0160828742749283
12.3654554745313,0,-0.0686880413546458,0,12.3654554745313,-0.0686880413546458,-0.0686880413546458,-0.0686880413546458,0.0513325050706189
19.2556223171704,0,0.0285945738844167,0,19.2556223171704,0.0285945738844167,0.0285945738844167,0.0285945738844167,0.0139726523520546
34.7312424253189,0,0.00360906084633839,0,34.7312424253189,0.00360906084633839,0.00360906084633839,0.00360906084633839,0.017575833019559
54.7209102152747,0,0.0196726221291343,0,54.7209102152747,0.0196726221291343,0.0196726221291343,0.0196726221291343,0.0109274670854921
6.44620981534856,0,0.014846298512104,0,6.44620981534856,0.014846298512104,0.014846298512104,0.014846298512104,0.0608105741726415
13.7692792179168,0,0.045315959795906,0,13.7692792179168,0.045315959795906,0.045315959795906,0.045315959795906,0.0576659331255503
11.7030101268542,0,0.0664031592294417,0,11.7030101268542,0.0664031592294417,0.0664031592294417,0.0664031592294417,0.0318702419669784
7.36539602284415,0,-0.0247872150245361,0,7.36539602284415,-0.0247872150245361,-0.0247872150245361,-0.0247872150245361,0.114121672795408
7.17535910443418,0,0.0223584830888584,0,7.17535910443418,0.0223584830888584,0.0223584830888584,0.0223584830888584,0.0787357224553916
10.2795400430588,0,-0.0197343725876436,0,10.2795400430588,-0.0197343725876436,-0.0197343725876436,-0.0197343725876436,0.0623990846503716
11.8155784180346,0,0.132399483418963,0,11.8155784180346,0.132399483418963,0.132399483418963,0.132399483418963,0.0684128055131695
10.8363107906744,0,-0.028098390818107,0,10.8363107906744,-0.028098390818107,-0.028098390818107,-0.028098390818107,0.071926050301895
11.7003583105711,0,-0.00186774348468509,0,11.7003583105711,-0.00186774348468509,-0.00186774348468509,-0.00186774348468509,0.00589871207554302
14.1717804897526,0,0.027255899623745,0,14.1717804897526,0.027255899623745,0.027255899623745,0.027255899623745,0.0438772018708798
10.4916049522311,0,0.0132463173032987,0,10.4916049522311,0.0132463173032987,0.0132463173032987,0.0132463173032987,0.0267192917518445
17.4700053613048,0,-0.0184802916209333,0,17.4700053613048,-0.0184802916209333,-0.0184802916209333,-0.0184802916209333,0.0310328260487528
22.4190143092695,0,-0.000161199703742028,0,22.4190143092695,-0.000161199703742028,-0.000161199703742028,-0.000161199703742028,0.0167230245622351
23.3384346785706,0,0.0173424537425691,0,23.3384346785706,0.0173424537425691,0.0173424537425691,0.0173424537425691,0.0189266195413323
38.8851950923656,0,-0.0332412043876419,0,38.8851950923656,-0.0332412043876419,-0.0332412043876419,-0.0332412043876419,0.0285556564673136
18.868464140174,0,-0.0601138815581494,0,18.868464140174,-0.0601138815581494,-0.0601138815581494,-0.0601138815581494,0.0841243606959225
130.216227665708,0,0.0198117493038606,0,130.216227665708,0.0198117493038606,0.0198117493038606,0.0198117493038606,0.0277236387216602
9.87654480749694,0,-0.0946232449189078,0,9.87654480749694,-0.0946232449189078,-0.0946232449189078,-0.0946232449189078,0.0836731049469832
15.7641037476623,0,0.0452974152246685,0,15.7641037476623,0.0452974152246685,0.0452974152246685,0.0452974152246685,0.0222639606786319
13.2572895170701,0,-0.00547183825283213,0,13.2572895170701,-0.00547183825283213,-0.00547183825283213,-0.00547183825283213,0.0207932850711389
14.6101069409457,0,-0.0361151431713081,0,14.6101069409457,-0.0361151431713081,-0.0361151431713081,-0.0361151431713081,0.0853409147807967
9.82277228593101,0,0.003405640430707,0,9.82277228593101,0.003405640430707,0.003405640430707,0.003405640430707,0.0711265903737062
11.2420027298881,0,-0.0660500012093723,0,11.2420027298881,-0.0660500012093723,-0.0660500012093723,-0.0660500012093723,0.0384705888979592
25.0274800711776,0,-0.0187256249614442,0,25.0274800711776,-0.0187256249614442,-0.0187256249614442,-0.0187256249614442,0.0960019772095373
28.4056044215739,0,-0.0234835133541325,0,28.4056044215739,-0.0234835133541325,-0.0234835133541325,-0.0234835133541325,0.0460235649191708
9.44659083119766,0,-0.0979355343768668,0,9.44659083119766,-0.0979355343768668,-0.0979355343768668,-0.0979355343768668,0.106984919191722
10.6319539160187,0,0.00587821668928426,0,10.6319539160187,0.00587821668928426,0.00587821668928426,0.00587821668928426,0.0434639030773943
23.722803858762,0,0.00435490338959432,0,23.722803858762,0.00435490338959432,0.00435490338959432,0.00435490338959432,0.0172785731987079
NA,NA,NA,NA,NA,NA,NA,NA,NA
14.5501339822123,0,-0.0241508994853178,0,14.5501339822123,-0.0241508994853178,-0.0241508994853178,-0.0241508994853178,0.0112761190742462
6.82559417888738,0,-0.0208488602109932,0,6.82559417888738,-0.0208488602109932,-0.0208488602109932,-0.0208488602109932,0.0626238731585564
7.10118523761685,0,-0.0285278978712163,0,7.10118523761685,-0.0285278978712163,-0.0285278978712163,-0.0285278978712163,0.0595492352872805
8.39406695268219,0,0.0167837864563465,0,8.39406695268219,0.0167837864563465,0.0167837864563465,0.0167837864563465,0.0322473662392579
15.3813680380744,0,-0.0235768509494856,0,15.3813680380744,-0.0235768509494856,-0.0235768509494856,-0.0235768509494856,0.0385600790656454
10.9419857642508,0,-0.0876235523401562,0,10.9419857642508,-0.0876235523401562,-0.0876235523401562,-0.0876235523401562,0.0336377588977628
9.567453602661,0,-0.0130573193727359,0,9.567453602661,-0.0130573193727359,-0.0130573193727359,-0.0130573193727359,0.0264340771076804
9.56764954052794,0,-0.00578932875863998,0,9.56764954052794,-0.00578932875863998,-0.00578932875863998,-0.00578932875863998,0.0288617279537588
9.58796747981615,0,0.00725905880614161,0,9.58796747981615,0.00725905880614161,0.00725905880614161,0.00725905880614161,0.0422687684348916
15.1454884083029,0,0.0687427351592194,0,15.1454884083029,0.0687427351592194,0.0687427351592194,0.0687427351592194,0.0334809714396658
9.72468903389732,0,0.0209196079014141,0,9.72468903389732,0.0209196079014141,0.0209196079014141,0.0209196079014141,0.0473210924820652
14.8412385484711,0,0.00805813747067324,0,14.8412385484711,0.00805813747067324,0.00805813747067324,0.00805813747067324,0.0331399934197975
10.6567948708008,0,0.0203455428827325,0,10.6567948708008,0.0203455428827325,0.0203455428827325,0.0203455428827325,0.0367174068081082
12.7697291709358,0,0.00135812282131545,0,12.7697291709358,0.00135812282131545,0.00135812282131545,0.00135812282131545,0.0331331000834964
17.7014293147066,0,0.0234372077444364,0,17.7014293147066,0.0234372077444364,0.0234372077444364,0.0234372077444364,0.0323786122878216
16.016217440795,0,-0.00369944404825601,0,16.016217440795,-0.00369944404825601,-0.00369944404825601,-0.00369944404825601,0.0376637682579198
21.1131806593051,0,-0.056056653152879,0,21.1131806593051,-0.056056653152879,-0.056056653152879,-0.056056653152879,0.033465829508006
12.511562118753,0,0.010653794636591,0,12.511562118753,0.010653794636591,0.010653794636591,0.010653794636591,0.0542734571116003
11.3110693140974,0,0.00982781565554414,0,11.3110693140974,0.00982781565554414,0.00982781565554414,0.00982781565554414,0.0152975413868066
19.3344521561619,0,-0.0178892890128142,0,19.3344521561619,-0.0178892890128142,-0.0178892890128142,-0.0178892890128142,0.0322365626104049
12.3671082351961,0,0.0210231372322994,0,12.3671082351961,0.0210231372322994,0.0210231372322994,0.0210231372322994,0.0160828742749283
12.3654554745313,0,-0.0686880413546458,0,12.3654554745313,-0.0686880413546458,-0.0686880413546458,-0.0686880413546458,0.0513325050706189
19.2556223171704,0,0.0285945738844167,0,19.2556223171704,0.0285945738844167,0.0285945738844167,0.0285945738844167,0.0139726523520546
34.7312424253189,0,0.00360906084633839,0,34.7312424253189,0.00360906084633839,0.00360906084633839,0.00360906084633839,0.017575833019559
54.7209102152747,0,0.0196726221291343,0,54.7209102152747,0.0196726221291343,0.0196726221291343,0.0196726221291343,0.0109274670854921
6.44620981534856,0,0.014846298512104,0,6.44620981534856,0.014846298512104,0.014846298512104,0.014846298512104,0.0608105741726415
13.7692792179168,0,0.045315959795906,0,13.7692792179168,0.045315959795906,0.045315959795906,0.045315959795906,0.0576659331255503
11.7030101268542,0,0.0664031592294417,0,11.7030101268542,0.0664031592294417,0.0664031592294417,0.0664031592294417,0.0318702419669784
7.36539602284415,0,-0.0247872150245361,0,7.36539602284415,-0.0247872150245361,-0.0247872150245361,-0.0247872150245361,0.114121672795408
7.17535910443418,0,0.0223584830888584,0,7.17535910443418,0.0223584830888584,0.0223584830888584,0.0223584830888584,0.0787357224553916
10.2795400430588,0,-0.0197343725876436,0,10.2795400430588,-0.0197343725876436,-0.0197343725876436,-0.0197343725876436,0.0623990846503716
11.8155784180346,0,0.132399483418963,0,11.8155784180346,0.132399483418963,0.132399483418963,0.132399483418963,0.0684128055131695
10.8363107906744,0,-0.028098390818107,0,10.8363107906744,-0.028098390818107,-0.028098390818107,-0.028098390818107,0.071926050301895
11.7003583105711,0,-0.00186774348468509,0,11.7003583105711,-0.00186774348468509,-0.00186774348468509,-0.00186774348468509,0.00589871207554302
14.1717804897526,0,0.027255899623745,0,14.1717804897526,0.027255899623745,0.027255899623745,0.027255899623745,0.0438772018708798
10.4916049522311,0,0.0132463173032987,0,10.4916049522311,0.0132463173032987,0.0132463173032987,0.0132463173032987,0.0267192917518445
17.4700053613048,0,-0.0184802916209333,0,17.4700053613048,-0.0184802916209333,-0.0184802916209333,-0.0184802916209333,0.0310328260487528
22.4190143092695,0,-0.000161199703742028,0,22.4190143092695,-0.000161199703742028,-0.000161199703742028,-0.000161199703742028,0.0167230245622351
23.3384346785706,0,0.0173424537425691,0,23.3384346785706,0.0173424537425691,0.0173424537425691,0.0173424537425691,0.0189266195413323
38.8851950923656,0,-0.0332412043876419,0,38.8851950923656,-0.0332412043876419,-0.0332412043876419,-0.0332412043876419,0.0285556564673136
18.868464140174,0,-0.0601138815581494,0,18.868464140174,-0.0601138815581494,-0.0601138815581494,-0.0601138815581494,0.0841243606959225
130.216227665708,0,0.0198117493038606,0,130.216227665708,0.0198117493038606,0.0198117493038606,0.0198117493038606,0.0277236387216602
9.87654480749694,0,-0.0946232449189078,0,9.87654480749694,-0.0946232449189078,-0.0946232449189078,-0.0946232449189078,0.0836731049469832
15.7641037476623,0,0.0452974152246685,0,15.7641037476623,0.0452974152246685,0.0452974152246685,0.0452974152246685,0.0222639606786319
13.2572895170701,0,-0.00547183825283213,0,13.2572895170701,-0.00547183825283213,-0.00547183825283213,-0.00547183825283213,0.0207932850711389
14.6101069409457,0,-0.0361151431713081,0,14.6101069409457,-0.0361151431713081,-0.0361151431713081,-0.0361151431713081,0.0853409147807967
9.82277228593101,0,0.003405640430707,0,9.82277228593101,0.003405640430707,0.003405640430707,0.003405640430707,0.0711265903737062
11.2420027298881,0,-0.0660500012093723,0,11.2420027298881,-0.0660500012093723,-0.0660500012093723,-0.0660500012093723,0.0384705888979592
25.0274800711776,0,-0.0187256249614442,0,25.0274800711776,-0.0187256249614442,-0.0187256249614442,-0.0187256249614442,0.0960019772095373
28.4056044215739,0,-0.0234835133541325,0,28.4056044215739,-0.0234835133541325,-0.0234835133541325,-0.0234835133541325,0.0460235649191708
9.44659083119766,0,-0.0979355343768668,0,9.44659083119766,-0.0979355343768668,-0.0979355343768668,-0.0979355343768668,0.106984919191722
10.6319539160187,0,0.00587821668928426,0,10.6319539160187,0.00587821668928426,0.00587821668928426,0.00587821668928426,0.0434639030773943
23.722803858762,0,0.00435490338959432,0,23.722803858762,0.00435490338959432,0.00435490338959432,0.00435490338959432,0.0172785731987079
NA,NA,NA,NA,NA,NA,NA,NA,NA
14.5501339822123,0,-0.0241508994853178,0,14.5501339822123,-0.0241508994853178,-0.0241508994853178,-0.0241508994853178,0.0112761190742462
6.82559417888738,0,-0.0208488602109932,0,6.82559417888738,-0.0208488602109932,-0.0208488602109932,-0.0208488602109932,0.0626238731585564
7.10118523761685,0,-0.0285278978712163,0,7.10118523761685,-0.0285278978712163,-0.0285278978712163,-0.0285278978712163,0.0595492352872805
8.39406695268219,0,0.0167837864563465,0,8.39406695268219,0.0167837864563465,0.0167837864563465,0.0167837864563465,0.0322473662392579
15.3813680380744,0,-0.0235768509494856,0,15.3813680380744,-0.0235768509494856,-0.0235768509494856,-0.0235768509494856,0.0385600790656454
10.9419857642508,0,-0.0876235523401562,0,10.9419857642508,-0.0876235523401562,-0.0876235523401562,-0.0876235523401562,0.0336377588977628
9.567453602661,0,-0.0130573193727359,0,9.567453602661,-0.0130573193727359,-0.0130573193727359,-0.0130573193727359,0.0264340771076804
9.56764954052794,0,-0.00578932875863998,0,9.56764954052794,-0.00578932875863998,-0.00578932875863998,-0.00578932875863998,0.0288617279537588
9.58796747981615,0,0.00725905880614161,0,9.58796747981615,0.00725905880614161,0.00725905880614161,0.00725905880614161,0.0422687684348916
15.1454884083029,0,0.0687427351592194,0,15.1454884083029,0.0687427351592194,0.0687427351592194,0.0687427351592194,0.0334809714396658
9.72468903389732,0,0.0209196079014141,0,9.72468903389732,0.0209196079014141,0.0209196079014141,0.0209196079014141,0.0473210924820652
14.8412385484711,0,0.00805813747067324,0,14.8412385484711,0.00805813747067324,0.00805813747067324,0.00805813747067324,0.0331399934197975
10.6567948708008,0,0.0203455428827325,0,10.6567948708008,0.0203455428827325,0.0203455428827325,0.0203455428827325,0.0367174068081082
12.7697291709358,0,0.00135812282131545,0,12.7697291709358,0.00135812282131545,0.00135812282131545,0.00135812282131545,0.0331331000834964
17.7014293147066,0,0.0234372077444364,0,17.7014293147066,0.0234372077444364,0.0234372077444364,0.0234372077444364,0.0323786122878216
16.016217440795,0,-0.00369944404825601,0,16.016217440795,-0.00369944404825601,-0.00369944404825601,-0.00369944404825601,0.0376637682579198
21.1131806593051,0,-0.056056653152879,0,21.1131806593051,-0.056056653152879,-0.056056653152879,-0.056056653152879,0.033465829508006
12.511562118753,0,0.010653794636591,0,12.511562118753,0.010653794636591,0.010653794636591,0.010653794636591,0.0542734571116003
11.3110693140974,0,0.00982781565554414,0,11.3110693140974,0.00982781565554414,0.00982781565554414,0.00982781565554414,0.0152975413868066
19.3344521561619,0,-0.0178892890128142,0,19.3344521561619,-0.0178892890128142,-0.0178892890128142,-0.0178892890128142,0.0322365626104049
12.3671082351961,0,0.0210231372322994,0,12.3671082351961,0.0210231372322994,0.0210231372322994,0.0210231372322994,0.0160828742749283
12.3654554745313,0,-0.0686880413546458,0,12.3654554745313,-0.0686880413546458,-0.0686880413546458,-0.0686880413546458,0.0513325050706189
19.2556223171704,0,0.0285945738844167,0,19.2556223171704,0.0285945738844167,0.0285945738844167,0.0285945738844167,0.0139726523520546
34.7312424253189,0,0.00360906084633839,0,34.7312424253189,0.00360906084633839,0.00360906084633839,0.00360906084633839,0.017575833019559
54.7209102152747,0,0.0196726221291343,0,54.7209102152747,0.0196726221291343,0.0196726221291343,0.0196726221291343,0.0109274670854921
6.44620981534856,0,0.014846298512104,0,6.44620981534856,0.014846298512104,0.014846298512104,0.014846298512104,0.0608105741726415
13.7692792179168,0,0.045315959795906,0,13.7692792179168,0.045315959795906,0.045315959795906,0.045315959795906,0.0576659331255503
11.7030101268542,0,0.0664031592294417,0,11.7030101268542,0.0664031592294417,0.0664031592294417,0.0664031592294417,0.0318702419669784
7.36539602284415,0,-0.0247872150245361,0,7.36539602284415,-0.0247872150245361,-0.0247872150245361,-0.0247872150245361,0.114121672795408
7.17535910443418,0,0.0223584830888584,0,7.17535910443418,0.0223584830888584,0.0223584830888584,0.0223584830888584,0.0787357224553916
10.2795400430588,0,-0.0197343725876436,0,10.2795400430588,-0.0197343725876436,-0.0197343725876436,-0.0197343725876436,0.0623990846503716
11.8155784180346,0,0.132399483418963,0,11.8155784180346,0.132399483418963,0.132399483418963,0.132399483418963,0.0684128055131695
10.8363107906744,0,-0.028098390818107,0,10.8363107906744,-0.028098390818107,-0.028098390818107,-0.028098390818107,0.071926050301895
11.7003583105711,0,-0.00186774348468509,0,11.7003583105711,-0.00186774348468509,-0.00186774348468509,-0.00186774348468509,0.00589871207554302
14.1717804897526,0,0.027255899623745,0,14.1717804897526,0.027255899623745,0.027255899623745,0.027255899623745,0.0438772018708798
10.4916049522311,0,0.0132463173032987,0,10.4916049522311,0.0132463173032987,0.0132463173032987,0.0132463173032987,0.0267192917518445
17.4700053613048,0,-0.0184802916209333,0,17.4700053613048,-0.0184802916209333,-0.0184802916209333,-0.0184802916209333,0.0310328260487528
22.4190143092695,0,-0.000161199703742028,0,22.4190143092695,-0.000161199703742028,-0.000161199703742028,-0.000161199703742028,0.0167230245622351
23.3384346785706,0,0.0173424537425691,0,23.3384346785706,0.0173424537425691,0.0173424537425691,0.0173424537425691,0.0189266195413323
38.8851950923656,0,-0.0332412043876419,0,38.8851950923656,-0.0332412043876419,-0.0332412043876419,-0.0332412043876419,0.0285556564673136
18.868464140174,0,-0.0601138815581494,0,18.868464140174,-0.0601138815581494,-0.0601138815581494,-0.0601138815581494,0.0841243606959225
130.216227665708,0,0.0198117493038606,0,130.216227665708,0.0198117493038606,0.0198117493038606,0.0198117493038606,0.0277236387216602
9.87654480749694,0,-0.0946232449189078,0,9.87654480749694,-0.0946232449189078,-0.0946232449189078,-0.0946232449189078,0.0836731049469832
15.7641037476623,0,0.0452974152246685,0,15.7641037476623,0.0452974152246685,0.0452974152246685,0.0452974152246685,0.0222639606786319
13.2572895170701,0,-0.00547183825283213,0,13.2572895170701,-0.00547183825283213,-0.00547183825283213,-0.00547183825283213,0.0207932850711389
14.6101069409457,0,-0.0361151431713081,0,14.6101069409457,-0.0361151431713081,-0.0361151431713081,-0.0361151431713081,0.0853409147807967
9.82277228593101,0,0.003405640430707,0,9.82277228593101,0.003405640430707,0.003405640430707,0.003405640430707,0.0711265903737062
11.2420027298881,0,-0.0660500012093723,0,11.2420027298881,-0.0660500012093723,-0.0660500012093723,-0.0660500012093723,0.0384705888979592
25.0274800711776,0,-0.0187256249614442,0,25.0274800711776,-0.0187256249614442,-0.0187256249614442,-0.0187256249614442,0.0960019772095373
28.4056044215739,0,-0.0234835133541325,0,28.4056044215739,-0.0234835133541325,-0.0234835133541325,-0.0234835133541325,0.0460235649191708
9.44659083119766,0,-0.0979355343768668,0,9.44659083119766,-0.0979355343768668,-0.0979355343768668,-0.0979355343768668,0.106984919191722
10.6319539160187,0,0.00587821668928426,0,10.6319539160187,0.00587821668928426,0.00587821668928426,0.00587821668928426,0.0434639030773943
23.722803858762,0,0.00435490338959432,0,23.722803858762,0.00435490338959432,0.00435490338959432,0.00435490338959432,0.0172785731987079
NA,NA,NA,NA,NA,NA,NA,NA,NA
14.5501339822123,0,-0.0241508994853178,0,14.5501339822123,-0.0241508994853178,-0.0241508994853178,-0.0241508994853178,0.0112761190742462
6.82559417888738,0,-0.0208488602109932,0,6.82559417888738,-0.0208488602109932,-0.0208488602109932,-0.0208488602109932,0.0626238731585564
7.10118523761685,0,-0.0285278978712163,0,7.10118523761685,-0.0285278978712163,-0.0285278978712163,-0.0285278978712163,0.0595492352872805
8.39406695268219,0,0.0167837864563465,0,8.39406695268219,0.0167837864563465,0.0167837864563465,0.0167837864563465,0.0322473662392579
15.3813680380744,0,-0.0235768509494856,0,15.3813680380744,-0.0235768509494856,-0.0235768509494856,-0.0235768509494856,0.0385600790656454
10.9419857642508,0,-0.0876235523401562,0,10.9419857642508,-0.0876235523401562,-0.0876235523401562,-0.0876235523401562,0.0336377588977628
9.567453602661,0,-0.0130573193727359,0,9.567453602661,-0.0130573193727359,-0.0130573193727359,-0.0130573193727359,0.0264340771076804
9.56764954052794,0,-0.00578932875863998,0,9.56764954052794,-0.00578932875863998,-0.00578932875863998,-0.00578932875863998,0.0288617279537588
9.58796747981615,0,0.00725905880614161,0,9.58796747981615,0.00725905880614161,0.00725905880614161,0.00725905880614161,0.0422687684348916
15.1454884083029,0,0.0687427351592194,0,15.1454884083029,0.0687427351592194,0.0687427351592194,0.0687427351592194,0.0334809714396658
9.72468903389732,0,0.0209196079014141,0,9.72468903389732,0.0209196079014141,0.0209196079014141,0.0209196079014141,0.0473210924820652
14.8412385484711,0,0.00805813747067324,0,14.8412385484711,0.00805813747067324,0.00805813747067324,0.00805813747067324,0.0331399934197975
10.6567948708008,0,0.0203455428827325,0,10.6567948708008,0.0203455428827325,0.0203455428827325,0.0203455428827325,0.0367174068081082
12.7697291709358,0,0.00135812282131545,0,12.7697291709358,0.00135812282131545,0.00135812282131545,0.00135812282131545,0.0331331000834964
17.7014293147066,0,0.0234372077444364,0,17.7014293147066,0.0234372077444364,0.0234372077444364,0.0234372077444364,0.0323786122878216
16.016217440795,0,-0.00369944404825601,0,16.016217440795,-0.00369944404825601,-0.00369944404825601,-0.00369944404825601,0.0376637682579198
21.1131806593051,0,-0.056056653152879,0,21.1131806593051,-0.056056653152879,-0.056056653152879,-0.056056653152879,0.033465829508006
12.511562118753,0,0.010653794636591,0,12.511562118753,0.010653794636591,0.010653794636591,0.010653794636591,0.0542734571116003
11.3110693140974,0,0.00982781565554414,0,11.3110693140974,0.00982781565554414,0.00982781565554414,0.00982781565554414,0.0152975413868066
19.3344521561619,0,-0.0178892890128142,0,19.3344521561619,-0.0178892890128142,-0.0178892890128142,-0.0178892890128142,0.0322365626104049
12.3671082351961,0,0.0210231372322994,0,12.3671082351961,0.0210231372322994,0.0210231372322994,0.0210231372322994,0.0160828742749283
12.3654554745313,0,-0.0686880413546458,0,12.3654554745313,-0.0686880413546458,-0.0686880413546458,-0.0686880413546458,0.0513325050706189
19.2556223171704,0,0.0285945738844167,0,19.2556223171704,0.0285945738844167,0.0285945738844167,0.0285945738844167,0.0139726523520546
34.7312424253189,0,0.00360906084633839,0,34.7312424253189,0.00360906084633839,0.00360906084633839,0.00360906084633839,0.017575833019559
54.7209102152747,0,0.0196726221291343,0,54.7209102152747,0.0196726221291343,0.0196726221291343,0.0196726221291343,0.0109274670854921
6.44620981534856,0,0.014846298512104,0,6.44620981534856,0.014846298512104,0.014846298512104,0.014846298512104,0.0608105741726415
13.7692792179168,0,0.045315959795906,0,13.7692792179168,0.045315959795906,0.045315959795906,0.045315959795906,0.0576659331255503
11.7030101268542,0,0.0664031592294417,0,11.7030101268542,0.0664031592294417,0.0664031592294417,0.0664031592294417,0.0318702419669784
7.36539602284415,0,-0.0247872150245361,0,7.36539602284415,-0.0247872150245361,-0.0247872150245361,-0.0247872150245361,0.114121672795408
7.17535910443418,0,0.0223584830888584,0,7.17535910443418,0.0223584830888584,0.0223584830888584,0.0223584830888584,0.0787357224553916
10.2795400430588,0,-0.0197343725876436,0,10.2795400430588,-0.0197343725876436,-0.0197343725876436,-0.0197343725876436,0.0623990846503716
11.8155784180346,0,0.132399483418963,0,11.8155784180346,0.132399483418963,0.132399483418963,0.132399483418963,0.0684128055131695
10.8363107906744,0,-0.028098390818107,0,10.8363107906744,-0.028098390818107,-0.028098390818107,-0.028098390818107,0.071926050301895
11.7003583105711,0,-0.00186774348468509,0,11.7003583105711,-0.00186774348468509,-0.00186774348468509,-0.00186774348468509,0.00589871207554302
14.1717804897526,0,0.027255899623745,0,14.1717804897526,0.027255899623745,0.027255899623745,0.027255899623745,0.0438772018708798
10.4916049522311,0,0.0132463173032987,0,10.4916049522311,0.0132463173032987,0.0132463173032987,0.0132463173032987,0.0267192917518445
17.4700053613048,0,-0.0184802916209333,0,17.4700053613048,-0.0184802916209333,-0.0184802916209333,-0.0184802916209333,0.0310328260487528
22.4190143092695,0,-0.000161199703742028,0,22.4190143092695,-0.000161199703742028,-0.000161199703742028,-0.000161199703742028,0.0167230245622351
23.3384346785706,0,0.0173424537425691,0,23.3384346785706,0.0173424537425691,0.0173424537425691,0.0173424537425691,0.0189266195413323
38.8851950923656,0,-0.0332412043876419,0,38.8851950923656,-0.0332412043876419,-0.0332412043876419,-0.0332412043876419,0.0285556564673136
18.868464140174,0,-0.0601138815581494,0,18.868464140174,-0.0601138815581494,-0.0601138815581494,-0.0601138815581494,0.0841243606959225
130.216227665708,0,0.0198117493038606,0,130.216227665708,0.0198117493038606,0.0198117493038606,0.0198117493038606,0.0277236387216602
9.87654480749694,0,-0.0946232449189078,0,9.87654480749694,-0.0946232449189078,-0.0946232449189078,-0.0946232449189078,0.0836731049469832
15.7641037476623,0,0.0452974152246685,0,15.7641037476623,0.0452974152246685,0.0452974152246685,0.0452974152246685,0.0222639606786319
13.2572895170701,0,-0.00547183825283213,0,13.2572895170701,-0.00547183825283213,-0.00547183825283213,-0.00547183825283213,0.0207932850711389
14.6101069409457,0,-0.0361151431713081,0,14.6101069409457,-0.0361151431713081,-0.0361151431713081,-0.0361151431713081,0.0853409147807967
9.82277228593101,0,0.003405640430707,0,9.82277228593101,0.003405640430707,0.003405640430707,0.003405640430707,0.0711265903737062
11.2420027298881,0,-0.0660500012093723,0,11.2420027298881,-0.0660500012093723,-0.0660500012093723,-0.0660500012093723,0.0384705888979592
25.0274800711776,0,-0.0187256249614442,0,25.0274800711776,-0.0187256249614442,-0.0187256249614442,-0.0187256249614442,0.0960019772095373
28.4056044215739,0,-0.0234835133541325,0,28.4056044215739,-0.0234835133541325,-0.0234835133541325,-0.0234835133541325,0.0460235649191708
9.44659083119766,0,-0.0979355343768668,0,9.44659083119766,-0.0979355343768668,-0.0979355343768668,-0.0979355343768668,0.106984919191722
10.6319539160187,0,0.00587821668928426,0,10.6319539160187,0.00587821668928426,0.00587821668928426,0.00587821668928426,0.0434639030773943
23.722803858762,0,0.00435490338959432,0,23.722803858762,0.00435490338959432,0.00435490338959432,0.00435490338959432,0.0172785731987079
NA,NA,NA,NA,NA,NA,NA,NA,NA
14.5501339822123,0,-0.0241508994853178,0,14.5501339822123,-0.0241508994853178,-0.0241508994853178,-0.0241508994853178,0.0112761190742462
6.82559417888738,0,-0.0208488602109932,0,6.82559417888738,-0.0208488602109932,-0.0208488602109932,-0.0208488602109932,0.0626238731585564
7.10118523761685,0,-0.0285278978712163,0,7.10118523761685,-0.0285278978712163,-0.0285278978712163,-0.0285278978712163,0.0595492352872805
8.39406695268219,0,0.0167837864563465,0,8.39406695268219,0.0167837864563465,0.0167837864563465,0.0167837864563465,0.0322473662392579
15.3813680380744,0,-0.0235768509494856,0,15.3813680380744,-0.0235768509494856,-0.0235768509494856,-0.0235768509494856,0.0385600790656454
10.9419857642508,0,-0.0876235523401562,0,10.9419857642508,-0.0876235523401562,-0.0876235523401562,-0.0876235523401562,0.0336377588977628
9.567453602661,0,-0.0130573193727359,0,9.567453602661,-0.0130573193727359,-0.0130573193727359,-0.0130573193727359,0.0264340771076804
9.56764954052794,0,-0.00578932875863998,0,9.56764954052794,-0.00578932875863998,-0.00578932875863998,-0.00578932875863998,0.0288617279537588
9.58796747981615,0,0.00725905880614161,0,9.58796747981615,0.00725905880614161,0.00725905880614161,0.00725905880614161,0.0422687684348916
15.1454884083029,0,0.0687427351592194,0,15.1454884083029,0.0687427351592194,0.0687427351592194,0.0687427351592194,0.0334809714396658
9.72468903389732,0,0.0209196079014141,0,9.72468903389732,0.0209196079014141,0.0209196079014141,0.0209196079014141,0.0473210924820652
14.8412385484711,0,0.00805813747067324,0,14.8412385484711,0.00805813747067324,0.00805813747067324,0.00805813747067324,0.0331399934197975
10.6567948708008,0,0.0203455428827325,0,10.6567948708008,0.0203455428827325,0.0203455428827325,0.0203455428827325,0.0367174068081082
12.7697291709358,0,0.00135812282131545,0,12.7697291709358,0.00135812282131545,0.00135812282131545,0.00135812282131545,0.0331331000834964
17.7014293147066,0,0.0234372077444364,0,17.7014293147066,0.0234372077444364,0.0234372077444364,0.0234372077444364,0.0323786122878216
16.016217440795,0,-0.00369944404825601,0,16.016217440795,-0.00369944404825601,-0.00369944404825601,-0.00369944404825601,0.0376637682579198
21.1131806593051,0,-0.056056653152879,0,21.1131806593051,-0.056056653152879,-0.056056653152879,-0.056056653152879,0.033465829508006
12.511562118753,0,0.010653794636591,0,12.511562118753,0.010653794636591,0.010653794636591,0.010653794636591,0.0542734571116003
11.3110693140974,0,0.00982781565554414,0,11.3110693140974,0.00982781565554414,0.00982781565554414,0.00982781565554414,0.0152975413868066
19.3344521561619,0,-0.0178892890128142,0,19.3344521561619,-0.0178892890128142,-0.0178892890128142,-0.0178892890128142,0.0322365626104049
12.3671082351961,0,0.0210231372322994,0,12.3671082351961,0.0210231372322994,0.0210231372322994,0.0210231372322994,0.0160828742749283
12.3654554745313,0,-0.0686880413546458,0,12.3654554745313,-0.0686880413546458,-0.0686880413546458,-0.0686880413546458,0.0513325050706189
19.2556223171704,0,0.0285945738844167,0,19.2556223171704,0.0285945738844167,0.0285945738844167,0.0285945738844167,0.0139726523520546
34.7312424253189,0,0.00360906084633839,0,34.7312424253189,0.00360906084633839,0.00360906084633839,0.00360906084633839,0.017575833019559
54.7209102152747,0,0.0196726221291343,0,54.7209102152747,0.0196726221291343,0.0196726221291343,0.0196726221291343,0.0109274670854921
6.44620981534856,0,0.014846298512104,0,6.44620981534856,0.014846298512104,0.014846298512104,0.014846298512104,0.0608105741726415
13.7692792179168,0,0.045315959795906,0,13.7692792179168,0.045315959795906,0.045315959795906,0.045315959795906,0.0576659331255503
11.7030101268542,0,0.0664031592294417,0,11.7030101268542,0.0664031592294417,0.0664031592294417,0.0664031592294417,0.0318702419669784
7.36539602284415,0,-0.0247872150245361,0,7.36539602284415,-0.0247872150245361,-0.0247872150245361,-0.0247872150245361,0.114121672795408
7.17535910443418,0,0.0223584830888584,0,7.17535910443418,0.0223584830888584,0.0223584830888584,0.0223584830888584,0.0787357224553916
10.2795400430588,0,-0.0197343725876436,0,10.2795400430588,-0.0197343725876436,-0.0197343725876436,-0.0197343725876436,0.0623990846503716
11.8155784180346,0,0.132399483418963,0,11.8155784180346,0.132399483418963,0.132399483418963,0.132399483418963,0.0684128055131695
10.8363107906744,0,-0.028098390818107,0,10.8363107906744,-0.028098390818107,-0.028098390818107,-0.028098390818107,0.071926050301895
11.7003583105711,0,-0.00186774348468509,0,11.7003583105711,-0.00186774348468509,-0.00186774348468509,-0.00186774348468509,0.00589871207554302
14.1717804897526,0,0.027255899623745,0,14.1717804897526,0.027255899623745,0.027255899623745,0.027255899623745,0.0438772018708798
10.4916049522311,0,0.0132463173032987,0,10.4916049522311,0.0132463173032987,0.0132463173032987,0.0132463173032987,0.0267192917518445
17.4700053613048,0,-0.0184802916209333,0,17.4700053613048,-0.0184802916209333,-0.0184802916209333,-0.0184802916209333,0.0310328260487528
22.4190143092695,0,-0.000161199703742028,0,22.4190143092695,-0.000161199703742028,-0.000161199703742028,-0.000161199703742028,0.0167230245622351
23.3384346785706,0,0.0173424537425691,0,23.3384346785706,0.0173424537425691,0.0173424537425691,0.0173424537425691,0.0189266195413323
38.8851950923656,0,-0.0332412043876419,0,38.8851950923656,-0.0332412043876419,-0.0332412043876419,-0.0332412043876419,0.0285556564673136
18.868464140174,0,-0.0601138815581494,0,18.868464140174,-0.0601138815581494,-0.0601138815581494,-0.0601138815581494,0.0841243606959225
130.216227665708,0,0.0198117493038606,0,130.216227665708,0.0198117493038606,0.0198117493038606,0.0198117493038606,0.0277236387216602
9.87654480749694,0,-0.0946232449189078,0,9.87654480749694,-0.0946232449189078,-0.0946232449189078,-0.0946232449189078,0.0836731049469832
15.7641037476623,0,0.0452974152246685,0,15.7641037476623,0.0452974152246685,0.0452974152246685,0.0452974152246685,0.0222639606786319
13.2572895170701,0,-0.00547183825283213,0,13.2572895170701,-0.00547183825283213,-0.00547183825283213,-0.00547183825283213,0.0207932850711389
14.6101069409457,0,-0.0361151431713081,0,14.6101069409457,-0.0361151431713081,-0.0361151431713081,-0.0361151431713081,0.0853409147807967
9.82277228593101,0,0.003405640430707,0,9.82277228593101,0.003405640430707,0.003405640430707,0.003405640430707,0.0711265903737062
11.2420027298881,0,-0.0660500012093723,0,11.2420027298881,-0.0660500012093723,-0.0660500012093723,-0.0660500012093723,0.0384705888979592
25.0274800711776,0,-0.0187256249614442,0,25.0274800711776,-0.0187256249614442,-0.0187256249614442,-0.0187256249614442,0.0960019772095373
28.4056044215739,0,-0.0234835133541325,0,28.4056044215739,-0.0234835133541325,-0.0234835133541325,-0.0234835133541325,0.0460235649191708
9.44659083119766,0,-0.0979355343768668,0,9.44659083119766,-0.0979355343768668,-0.0979355343768668,-0.0979355343768668,0.106984919191722
10.6319539160187,0,0.00587821668928426,0,10.6319539160187,0.00587821668928426,0.00587821668928426,0.00587821668928426,0.0434639030773943
23.722803858762,0,0.00435490338959432,0,23.722803858762,0.00435490338959432,0.00435490338959432,0.00435490338959432,0.0172785731987079
NA,NA,NA,NA,NA,NA,NA,NA,NA
14.5501339822123,0,-0.0241508994853178,0,14.5501339822123,-0.0241508994853178,-0.0241508994853178,-0.0241508994853178,0.0112761190742462
6.82559417888738,0,-0.0208488602109932,0,6.82559417888738,-0.0208488602109932,-0.0208488602109932,-0.0208488602109932,0.0626238731585564
7.10118523761685,0,-0.0285278978712163,0,7.10118523761685,-0.0285278978712163,-0.0285278978712163,-0.0285278978712163,0.0595492352872805
8.39406695268219,0,0.0167837864563465,0,8.39406695268219,0.0167837864563465,0.0167837864563465,0.0167837864563465,0.0322473662392579
15.3813680380744,0,-0.0235768509494856,0,15.3813680380744,-0.0235768509494856,-0.0235768509494856,-0.0235768509494856,0.0385600790656454
10.9419857642508,0,-0.0876235523401562,0,10.9419857642508,-0.0876235523401562,-0.0876235523401562,-0.0876235523401562,0.0336377588977628
9.567453602661,0,-0.0130573193727359,0,9.567453602661,-0.0130573193727359,-0.0130573193727359,-0.0130573193727359,0.0264340771076804
9.56764954052794,0,-0.00578932875863998,0,9.56764954052794,-0.00578932875863998,-0.00578932875863998,-0.00578932875863998,0.0288617279537588
9.58796747981615,0,0.00725905880614161,0,9.58796747981615,0.00725905880614161,0.00725905880614161,0.00725905880614161,0.0422687684348916
15.1454884083029,0,0.0687427351592194,0,15.1454884083029,0.0687427351592194,0.0687427351592194,0.0687427351592194,0.0334809714396658
9.72468903389732,0,0.0209196079014141,0,9.72468903389732,0.0209196079014141,0.0209196079014141,0.0209196079014141,0.0473210924820652
14.8412385484711,0,0.00805813747067324,0,14.8412385484711,0.00805813747067324,0.00805813747067324,0.00805813747067324,0.0331399934197975
10.6567948708008,0,0.0203455428827325,0,10.6567948708008,0.0203455428827325,0.0203455428827325,0.0203455428827325,0.0367174068081082
12.7697291709358,0,0.00135812282131545,0,12.7697291709358,0.00135812282131545,0.00135812282131545,0.00135812282131545,0.0331331000834964
17.7014293147066,0,0.0234372077444364,0,17.7014293147066,0.0234372077444364,0.0234372077444364,0.0234372077444364,0.0323786122878216
16.016217440795,0,-0.00369944404825601,0,16.016217440795,-0.00369944404825601,-0.00369944404825601,-0.00369944404825601,0.0376637682579198
21.1131806593051,0,-0.056056653152879,0,21.1131806593051,-0.056056653152879,-0.056056653152879,-0.056056653152879,0.033465829508006
12.511562118753,0,0.010653794636591,0,12.511562118753,0.010653794636591,0.010653794636591,0.010653794636591,0.0542734571116003
11.3110693140974,0,0.00982781565554414,0,11.3110693140974,0.00982781565554414,0.00982781565554414,0.00982781565554414,0.0152975413868066
19.3344521561619,0,-0.0178892890128142,0,19.3344521561619,-0.0178892890128142,-0.0178892890128142,-0.0178892890128142,0.0322365626104049
12.3671082351961,0,0.0210231372322994,0,12.3671082351961,0.0210231372322994,0.0210231372322994,0.0210231372322994,0.0160828742749283
12.3654554745313,0,-0.0686880413546458,0,12.3654554745313,-0.0686880413546458,-0.0686880413546458,-0.0686880413546458,0.0513325050706189
19.2556223171704,0,0.0285945738844167,0,19.2556223171704,0.0285945738844167,0.0285945738844167,0.0285945738844167,0.0139726523520546
34.7312424253189,0,0.00360906084633839,0,34.7312424253189,0.00360906084633839,0.00360906084633839,0.00360906084633839,0.017575833019559
54.7209102152747,0,0.0196726221291343,0,54.7209102152747,0.0196726221291343,0.0196726221291343,0.0196726221291343,0.0109274670854921
6.44620981534856,0,0.014846298512104,0,6.44620981534856,0.014846298512104,0.014846298512104,0.014846298512104,0.0608105741726415
13.7692792179168,0,0.045315959795906,0,13.7692792179168,0.045315959795906,0.045315959795906,0.045315959795906,0.0576659331255503
11.7030101268542,0,0.0664031592294417,0,11.7030101268542,0.0664031592294417,0.0664031592294417,0.0664031592294417,0.0318702419669784
7.36539602284415,0,-0.0247872150245361,0,7.36539602284415,-0.0247872150245361,-0.0247872150245361,-0.0247872150245361,0.114121672795408
7.17535910443418,0,0.0223584830888584,0,7.17535910443418,0.0223584830888584,0.0223584830888584,0.0223584830888584,0.0787357224553916
10.2795400430588,0,-0.0197343725876436,0,10.2795400430588,-0.0197343725876436,-0.0197343725876436,-0.0197343725876436,0.0623990846503716
11.8155784180346,0,0.132399483418963,0,11.8155784180346,0.132399483418963,0.132399483418963,0.132399483418963,0.0684128055131695
10.8363107906744,0,-0.028098390818107,0,10.8363107906744,-0.028098390818107,-0.028098390818107,-0.028098390818107,0.071926050301895
11.7003583105711,0,-0.00186774348468509,0,11.7003583105711,-0.00186774348468509,-0.00186774348468509,-0.00186774348468509,0.00589871207554302
14.1717804897526,0,0.027255899623745,0,14.1717804897526,0.027255899623745,0.027255899623745,0.027255899623745,0.0438772018708798
10.4916049522311,0,0.0132463173032987,0,10.4916049522311,0.0132463173032987,0.0132463173032987,0.0132463173032987,0.0267192917518445
17.4700053613048,0,-0.0184802916209333,0,17.4700053613048,-0.0184802916209333,-0.0184802916209333,-0.0184802916209333,0.0310328260487528
22.4190143092695,0,-0.000161199703742028,0,22.4190143092695,-0.000161199703742028,-0.000161199703742028,-0.000161199703742028,0.0167230245622351
23.3384346785706,0,0.0173424537425691,0,23.3384346785706,0.0173424537425691,0.0173424537425691,0.0173424537425691,0.0189266195413323
38.8851950923656,0,-0.0332412043876419,0,38.8851950923656,-0.0332412043876419,-0.0332412043876419,-0.0332412043876419,0.0285556564673136
18.868464140174,0,-0.0601138815581494,0,18.868464140174,-0.0601138815581494,-0.0601138815581494,-0.0601138815581494,0.0841243606959225
130.216227665708,0,0.0198117493038606,0,130.216227665708,0.0198117493038606,0.0198117493038606,0.0198117493038606,0.0277236387216602
9.87654480749694,0,-0.0946232449189078,0,9.87654480749694,-0.0946232449189078,-0.0946232449189078,-0.0946232449189078,0.0836731049469832
15.7641037476623,0,0.0452974152246685,0,15.7641037476623,0.0452974152246685,0.0452974152246685,0.0452974152246685,0.0222639606786319
13.2572895170701,0,-0.00547183825283213,0,13.2572895170701,-0.00547183825283213,-0.00547183825283213,-0.00547183825283213,0.0207932850711389
14.6101069409457,0,-0.0361151431713081,0,14.6101069409457,-0.0361151431713081,-0.0361151431713081,-0.0361151431713081,0.0853409147807967
9.82277228593101,0,0.003405640430707,0,9.82277228593101,0.003405640430707,0.003405640430707,0.003405640430707,0.0711265903737062
11.2420027298881,0,-0.0660500012093723,0,11.2420027298881,-0.0660500012093723,-0.0660500012093723,-0.0660500012093723,0.0384705888979592
25.0274800711776,0,-0.0187256249614442,0,25.0274800711776,-0.0187256249614442,-0.0187256249614442,-0.0187256249614442,0.0960019772095373
28.4056044215739,0,-0.0234835133541325,0,28.4056044215739,-0.0234835133541325,-0.0234835133541325,-0.0234835133541325,0.0460235649191708
9.44659083119766,0,-0.0979355343768668,0,9.44659083119766,-0.0979355343768668,-0.0979355343768668,-0.0979355343768668,0.106984919191722
10.6319539160187,0,0.00587821668928426,0,10.6319539160187,0.00587821668928426,0.00587821668928426,0.00587821668928426,0.0434639030773943
23.722803858762,0,0.00435490338959432,0,23.722803858762,0.00435490338959432,0.00435490338959432,0.00435490338959432,0.0172785731987079
NA,NA,NA,NA,NA,NA,NA,NA,NA
14.5501339822123,0,-0.0241508994853178,0,14.5501339822123,-0.0241508994853178,-0.0241508994853178,-0.0241508994853178,0.0112761190742462
6.82559417888738,0,-0.0208488602109932,0,6.82559417888738,-0.0208488602109932,-0.0208488602109932,-0.0208488602109932,0.0626238731585564
7.10118523761685,0,-0.0285278978712163,0,7.10118523761685,-0.0285278978712163,-0.0285278978712163,-0.0285278978712163,0.0595492352872805
8.39406695268219,0,0.0167837864563465,0,8.39406695268219,0.0167837864563465,0.0167837864563465,0.0167837864563465,0.0322473662392579
15.3813680380744,0,-0.0235768509494856,0,15.3813680380744,-0.0235768509494856,-0.0235768509494856,-0.0235768509494856,0.0385600790656454
10.9419857642508,0,-0.0876235523401562,0,10.9419857642508,-0.0876235523401562,-0.0876235523401562,-0.0876235523401562,0.0336377588977628
9.567453602661,0,-0.0130573193727359,0,9.567453602661,-0.0130573193727359,-0.0130573193727359,-0.0130573193727359,0.0264340771076804
9.56764954052794,0,-0.00578932875863998,0,9.56764954052794,-0.00578932875863998,-0.00578932875863998,-0.00578932875863998,0.0288617279537588
9.58796747981615,0,0.00725905880614161,0,9.58796747981615,0.00725905880614161,0.00725905880614161,0.00725905880614161,0.0422687684348916
15.1454884083029,0,0.0687427351592194,0,15.1454884083029,0.0687427351592194,0.0687427351592194,0.0687427351592194,0.0334809714396658
9.72468903389732,0,0.0209196079014141,0,9.72468903389732,0.0209196079014141,0.0209196079014141,0.0209196079014141,0.0473210924820652
14.8412385484711,0,0.00805813747067324,0,14.8412385484711,0.00805813747067324,0.00805813747067324,0.00805813747067324,0.0331399934197975
10.6567948708008,0,0.0203455428827325,0,10.6567948708008,0.0203455428827325,0.0203455428827325,0.0203455428827325,0.0367174068081082
12.7697291709358,0,0.00135812282131545,0,12.7697291709358,0.00135812282131545,0.00135812282131545,0.00135812282131545,0.0331331000834964
17.7014293147066,0,0.0234372077444364,0,17.7014293147066,0.0234372077444364,0.0234372077444364,0.0234372077444364,0.0323786122878216
16.016217440795,0,-0.00369944404825601,0,16.016217440795,-0.00369944404825601,-0.00369944404825601,-0.00369944404825601,0.0376637682579198
21.1131806593051,0,-0.056056653152879,0,21.1131806593051,-0.056056653152879,-0.056056653152879,-0.056056653152879,0.033465829508006
12.511562118753,0,0.010653794636591,0,12.511562118753,0.010653794636591,0.010653794636591,0.010653794636591,0.0542734571116003
11.3110693140974,0,0.00982781565554414,0,11.3110693140974,0.00982781565554414,0.00982781565554414,0.00982781565554414,0.0152975413868066
19.3344521561619,0,-0.0178892890128142,0,19.3344521561619,-0.0178892890128142,-0.0178892890128142,-0.0178892890128142,0.0322365626104049
12.3671082351961,0,0.0210231372322994,0,12.3671082351961,0.0210231372322994,0.0210231372322994,0.0210231372322994,0.0160828742749283
12.3654554745313,0,-0.0686880413546458,0,12.3654554745313,-0.0686880413546458,-0.0686880413546458,-0.0686880413546458,0.0513325050706189
19.2556223171704,0,0.0285945738844167,0,19.2556223171704,0.0285945738844167,0.0285945738844167,0.0285945738844167,0.0139726523520546
34.7312424253189,0,0.00360906084633839,0,34.7312424253189,0.00360906084633839,0.00360906084633839,0.00360906084633839,0.017575833019559
54.7209102152747,0,0.0196726221291343,0,54.7209102152747,0.0196726221291343,0.0196726221291343,0.0196726221291343,0.0109274670854921
6.44620981534856,0,0.014846298512104,0,6.44620981534856,0.014846298512104,0.014846298512104,0.014846298512104,0.0608105741726415
13.7692792179168,0,0.045315959795906,0,13.7692792179168,0.045315959795906,0.045315959795906,0.045315959795906,0.0576659331255503
11.7030101268542,0,0.0664031592294417,0,11.7030101268542,0.0664031592294417,0.0664031592294417,0.0664031592294417,0.0318702419669784
7.36539602284415,0,-0.0247872150245361,0,7.36539602284415,-0.0247872150245361,-0.0247872150245361,-0.0247872150245361,0.114121672795408
7.17535910443418,0,0.0223584830888584,0,7.17535910443418,0.0223584830888584,0.0223584830888584,0.0223584830888584,0.0787357224553916
10.2795400430588,0,-0.0197343725876436,0,10.2795400430588,-0.0197343725876436,-0.0197343725876436,-0.0197343725876436,0.0623990846503716
11.8155784180346,0,0.132399483418963,0,11.8155784180346,0.132399483418963,0.132399483418963,0.132399483418963,0.0684128055131695
10.8363107906744,0,-0.028098390818107,0,10.8363107906744,-0.028098390818107,-0.028098390818107,-0.028098390818107,0.071926050301895
11.7003583105711,0,-0.00186774348468509,0,11.7003583105711,-0.00186774348468509,-0.00186774348468509,-0.00186774348468509,0.00589871207554302
14.1717804897526,0,0.027255899623745,0,14.1717804897526,0.027255899623745,0.027255899623745,0.027255899623745,0.0438772018708798
10.4916049522311,0,0.0132463173032987,0,10.4916049522311,0.0132463173032987,0.0132463173032987,0.0132463173032987,0.0267192917518445
17.4700053613048,0,-0.0184802916209333,0,17.4700053613048,-0.0184802916209333,-0.0184802916209333,-0.0184802916209333,0.0310328260487528
22.4190143092695,0,-0.000161199703742028,0,22.4190143092695,-0.000161199703742028,-0.000161199703742028,-0.000161199703742028,0.0167230245622351
23.3384346785706,0,0.0173424537425691,0,23.3384346785706,0.0173424537425691,0.0173424537425691,0.0173424537425691,0.0189266195413323
38.8851950923656,0,-0.0332412043876419,0,38.8851950923656,-0.0332412043876419,-0.0332412043876419,-0.0332412043876419,0.0285556564673136
18.868464140174,0,-0.0601138815581494,0,18.868464140174,-0.0601138815581494,-0.0601138815581494,-0.0601138815581494,0.0841243606959225
130.216227665708,0,0.0198117493038606,0,130.216227665708,0.0198117493038606,0.0198117493038606,0.0198117493038606,0.0277236387216602
9.87654480749694,0,-0.0946232449189078,0,9.87654480749694,-0.0946232449189078,-0.0946232449189078,-0.0946232449189078,0.0836731049469832
15.7641037476623,0,0.0452974152246685,0,15.7641037476623,0.0452974152246685,0.0452974152246685,0.0452974152246685,0.0222639606786319
13.2572895170701,0,-0.00547183825283213,0,13.2572895170701,-0.00547183825283213,-0.00547183825283213,-0.00547183825283213,0.0207932850711389
14.6101069409457,0,-0.0361151431713081,0,14.6101069409457,-0.0361151431713081,-0.0361151431713081,-0.0361151431713081,0.0853409147807967
9.82277228593101,0,0.003405640430707,0,9.82277228593101,0.003405640430707,0.003405640430707,0.003405640430707,0.0711265903737062
11.2420027298881,0,-0.0660500012093723,0,11.2420027298881,-0.0660500012093723,-0.0660500012093723,-0.0660500012093723,0.0384705888979592
25.0274800711776,0,-0.0187256249614442,0,25.0274800711776,-0.0187256249614442,-0.0187256249614442,-0.0187256249614442,0.0960019772095373
28.4056044215739,0,-0.0234835133541325,0,28.4056044215739,-0.0234835133541325,-0.0234835133541325,-0.0234835133541325,0.0460235649191708
9.44659083119766,0,-0.0979355343768668,0,9.44659083119766,-0.0979355343768668,-0.0979355343768668,-0.0979355343768668,0.106984919191722
10.6319539160187,0,0.00587821668928426,0,10.6319539160187,0.00587821668928426,0.00587821668928426,0.00587821668928426,0.0434639030773943
23.722803858762,0,0.00435490338959432,0,23.722803858762,0.00435490338959432,0.00435490338959432,0.00435490338959432,0.0172785731987079
NA,NA,NA,NA,NA,NA,NA,NA,NA
14.5501339822123,0,-0.0241508994853178,0,14.5501339822123,-0.0241508994853178,-0.0241508994853178,-0.0241508994853178,0.0112761190742462
6.82559417888738,0,-0.0208488602109932,0,6.82559417888738,-0.0208488602109932,-0.0208488602109932,-0.0208488602109932,0.0626238731585564
7.10118523761685,0,-0.0285278978712163,0,7.10118523761685,-0.0285278978712163,-0.0285278978712163,-0.0285278978712163,0.0595492352872805
8.39406695268219,0,0.0167837864563465,0,8.39406695268219,0.0167837864563465,0.0167837864563465,0.0167837864563465,0.0322473662392579
15.3813680380744,0,-0.0235768509494856,0,15.3813680380744,-0.0235768509494856,-0.0235768509494856,-0.0235768509494856,0.0385600790656454
10.9419857642508,0,-0.0876235523401562,0,10.9419857642508,-0.0876235523401562,-0.0876235523401562,-0.0876235523401562,0.0336377588977628
9.567453602661,0,-0.0130573193727359,0,9.567453602661,-0.0130573193727359,-0.0130573193727359,-0.0130573193727359,0.0264340771076804
9.56764954052794,0,-0.00578932875863998,0,9.56764954052794,-0.00578932875863998,-0.00578932875863998,-0.00578932875863998,0.0288617279537588
9.58796747981615,0,0.00725905880614161,0,9.58796747981615,0.00725905880614161,0.00725905880614161,0.00725905880614161,0.0422687684348916
15.1454884083029,0,0.0687427351592194,0,15.1454884083029,0.0687427351592194,0.0687427351592194,0.0687427351592194,0.0334809714396658
9.72468903389732,0,0.0209196079014141,0,9.72468903389732,0.0209196079014141,0.0209196079014141,0.0209196079014141,0.0473210924820652
14.8412385484711,0,0.00805813747067324,0,14.8412385484711,0.00805813747067324,0.00805813747067324,0.00805813747067324,0.0331399934197975
10.6567948708008,0,0.0203455428827325,0,10.6567948708008,0.0203455428827325,0.0203455428827325,0.0203455428827325,0.0367174068081082
12.7697291709358,0,0.00135812282131545,0,12.7697291709358,0.00135812282131545,0.00135812282131545,0.00135812282131545,0.0331331000834964
17.7014293147066,0,0.0234372077444364,0,17.7014293147066,0.0234372077444364,0.0234372077444364,0.0234372077444364,0.0323786122878216
16.016217440795,0,-0.00369944404825601,0,16.016217440795,-0.00369944404825601,-0.00369944404825601,-0.00369944404825601,0.0376637682579198
21.1131806593051,0,-0.056056653152879,0,21.1131806593051,-0.056056653152879,-0.056056653152879,-0.056056653152879,0.033465829508006
12.511562118753,0,0.010653794636591,0,12.511562118753,0.010653794636591,0.010653794636591,0.010653794636591,0.0542734571116003
11.3110693140974,0,0.00982781565554414,0,11.3110693140974,0.00982781565554414,0.00982781565554414,0.00982781565554414,0.0152975413868066
19.3344521561619,0,-0.0178892890128142,0,19.3344521561619,-0.0178892890128142,-0.0178892890128142,-0.0178892890128142,0.0322365626104049
12.3671082351961,0,0.0210231372322994,0,12.3671082351961,0.0210231372322994,0.0210231372322994,0.0210231372322994,0.0160828742749283
12.3654554745313,0,-0.0686880413546458,0,12.3654554745313,-0.0686880413546458,-0.0686880413546458,-0.0686880413546458,0.0513325050706189
19.2556223171704,0,0.0285945738844167,0,19.2556223171704,0.0285945738844167,0.0285945738844167,0.0285945738844167,0.0139726523520546
34.7312424253189,0,0.00360906084633839,0,34.7312424253189,0.00360906084633839,0.00360906084633839,0.00360906084633839,0.017575833019559
54.7209102152747,0,0.0196726221291343,0,54.7209102152747,0.0196726221291343,0.0196726221291343,0.0196726221291343,0.0109274670854921
6.44620981534856,0,0.014846298512104,0,6.44620981534856,0.014846298512104,0.014846298512104,0.014846298512104,0.0608105741726415
13.7692792179168,0,0.045315959795906,0,13.7692792179168,0.045315959795906,0.045315959795906,0.045315959795906,0.0576659331255503
11.7030101268542,0,0.0664031592294417,0,11.7030101268542,0.0664031592294417,0.0664031592294417,0.0664031592294417,0.0318702419669784
7.36539602284415,0,-0.0247872150245361,0,7.36539602284415,-0.0247872150245361,-0.0247872150245361,-0.0247872150245361,0.114121672795408
7.17535910443418,0,0.0223584830888584,0,7.17535910443418,0.0223584830888584,0.0223584830888584,0.0223584830888584,0.0787357224553916
10.2795400430588,0,-0.0197343725876436,0,10.2795400430588,-0.0197343725876436,-0.0197343725876436,-0.0197343725876436,0.0623990846503716
11.8155784180346,0,0.132399483418963,0,11.8155784180346,0.132399483418963,0.132399483418963,0.132399483418963,0.0684128055131695
10.8363107906744,0,-0.028098390818107,0,10.8363107906744,-0.028098390818107,-0.028098390818107,-0.028098390818107,0.071926050301895
11.7003583105711,0,-0.00186774348468509,0,11.7003583105711,-0.00186774348468509,-0.00186774348468509,-0.00186774348468509,0.00589871207554302
14.1717804897526,0,0.027255899623745,0,14.1717804897526,0.027255899623745,0.027255899623745,0.027255899623745,0.0438772018708798
10.4916049522311,0,0.0132463173032987,0,10.4916049522311,0.0132463173032987,0.0132463173032987,0.0132463173032987,0.0267192917518445
17.4700053613048,0,-0.0184802916209333,0,17.4700053613048,-0.0184802916209333,-0.0184802916209333,-0.0184802916209333,0.0310328260487528
22.4190143092695,0,-0.000161199703742028,0,22.4190143092695,-0.000161199703742028,-0.000161199703742028,-0.000161199703742028,0.0167230245622351
23.3384346785706,0,0.0173424537425691,0,23.3384346785706,0.0173424537425691,0.0173424537425691,0.0173424537425691,0.0189266195413323
38.8851950923656,0,-0.0332412043876419,0,38.8851950923656,-0.0332412043876419,-0.0332412043876419,-0.0332412043876419,0.0285556564673136
18.868464140174,0,-0.0601138815581494,0,18.868464140174,-0.0601138815581494,-0.0601138815581494,-0.0601138815581494,0.0841243606959225
130.216227665708,0,0.0198117493038606,0,130.216227665708,0.0198117493038606,0.0198117493038606,0.0198117493038606,0.0277236387216602
9.87654480749694,0,-0.0946232449189078,0,9.87654480749694,-0.0946232449189078,-0.0946232449189078,-0.0946232449189078,0.0836731049469832
15.7641037476623,0,0.0452974152246685,0,15.7641037476623,0.0452974152246685,0.0452974152246685,0.0452974152246685,0.0222639606786319
13.2572895170701,0,-0.00547183825283213,0,13.2572895170701,-0.00547183825283213,-0.00547183825283213,-0.00547183825283213,0.0207932850711389
14.6101069409457,0,-0.0361151431713081,0,14.6101069409457,-0.0361151431713081,-0.0361151431713081,-0.0361151431713081,0.0853409147807967
9.82277228593101,0,0.003405640430707,0,9.82277228593101,0.003405640430707,0.003405640430707,0.003405640430707,0.0711265903737062
11.2420027298881,0,-0.0660500012093723,0,11.2420027298881,-0.0660500012093723,-0.0660500012093723,-0.0660500012093723,0.0384705888979592
25.0274800711776,0,-0.0187256249614442,0,25.0274800711776,-0.0187256249614442,-0.0187256249614442,-0.0187256249614442,0.0960019772095373
28.4056044215739,0,-0.0234835133541325,0,28.4056044215739,-0.0234835133541325,-0.0234835133541325,-0.0234835133541325,0.0460235649191708
9.44659083119766,0,-0.0979355343768668,0,9.44659083119766,-0.0979355343768668,-0.0979355343768668,-0.0979355343768668,0.106984919191722
10.6319539160187,0,0.00587821668928426,0,10.6319539160187,0.00587821668928426,0.00587821668928426,0.00587821668928426,0.0434639030773943
23.722803858762,0,0.00435490338959432,0,23.722803858762,0.00435490338959432,0.00435490338959432,0.00435490338959432,0.0172785731987079
NA,NA,NA,NA,NA,NA,NA,NA,NA
14.5501339822123,0,-0.0241508994853178,0,14.5501339822123,-0.0241508994853178,-0.0241508994853178,-0.0241508994853178,0.0112761190742462
6.82559417888738,0,-0.0208488602109932,0,6.82559417888738,-0.0208488602109932,-0.0208488602109932,-0.0208488602109932,0.0626238731585564
7.10118523761685,0,-0.0285278978712163,0,7.10118523761685,-0.0285278978712163,-0.0285278978712163,-0.0285278978712163,0.0595492352872805
8.39406695268219,0,0.0167837864563465,0,8.39406695268219,0.0167837864563465,0.0167837864563465,0.0167837864563465,0.0322473662392579
15.3813680380744,0,-0.0235768509494856,0,15.3813680380744,-0.0235768509494856,-0.0235768509494856,-0.0235768509494856,0.0385600790656454
10.9419857642508,0,-0.0876235523401562,0,10.9419857642508,-0.0876235523401562,-0.0876235523401562,-0.0876235523401562,0.0336377588977628
9.567453602661,0,-0.0130573193727359,0,9.567453602661,-0.0130573193727359,-0.0130573193727359,-0.0130573193727359,0.0264340771076804
9.56764954052794,0,-0.00578932875863998,0,9.56764954052794,-0.00578932875863998,-0.00578932875863998,-0.00578932875863998,0.0288617279537588
9.58796747981615,0,0.00725905880614161,0,9.58796747981615,0.00725905880614161,0.00725905880614161,0.00725905880614161,0.0422687684348916
15.1454884083029,0,0.0687427351592194,0,15.1454884083029,0.0687427351592194,0.0687427351592194,0.0687427351592194,0.0334809714396658
9.72468903389732,0,0.0209196079014141,0,9.72468903389732,0.0209196079014141,0.0209196079014141,0.0209196079014141,0.0473210924820652
14.8412385484711,0,0.00805813747067324,0,14.8412385484711,0.00805813747067324,0.00805813747067324,0.00805813747067324,0.0331399934197975
10.6567948708008,0,0.0203455428827325,0,10.6567948708008,0.0203455428827325,0.0203455428827325,0.0203455428827325,0.0367174068081082
12.7697291709358,0,0.00135812282131545,0,12.7697291709358,0.00135812282131545,0.00135812282131545,0.00135812282131545,0.0331331000834964
17.7014293147066,0,0.0234372077444364,0,17.7014293147066,0.0234372077444364,0.0234372077444364,0.0234372077444364,0.0323786122878216
16.016217440795,0,-0.00369944404825601,0,16.016217440795,-0.00369944404825601,-0.00369944404825601,-0.00369944404825601,0.0376637682579198
21.1131806593051,0,-0.056056653152879,0,21.1131806593051,-0.056056653152879,-0.056056653152879,-0.056056653152879,0.033465829508006
12.511562118753,0,0.010653794636591,0,12.511562118753,0.010653794636591,0.010653794636591,0.010653794636591,0.0542734571116003
11.3110693140974,0,0.00982781565554414,0,11.3110693140974,0.00982781565554414,0.00982781565554414,0.00982781565554414,0.0152975413868066
19.3344521561619,0,-0.0178892890128142,0,19.3344521561619,-0.0178892890128142,-0.0178892890128142,-0.0178892890128142,0.0322365626104049
12.3671082351961,0,0.0210231372322994,0,12.3671082351961,0.0210231372322994,0.0210231372322994,0.0210231372322994,0.0160828742749283
12.3654554745313,0,-0.0686880413546458,0,12.3654554745313,-0.0686880413546458,-0.0686880413546458,-0.0686880413546458,0.0513325050706189
19.2556223171704,0,0.0285945738844167,0,19.2556223171704,0.0285945738844167,0.0285945738844167,0.0285945738844167,0.0139726523520546
34.7312424253189,0,0.00360906084633839,0,34.7312424253189,0.00360906084633839,0.00360906084633839,0.00360906084633839,0.017575833019559
54.7209102152747,0,0.0196726221291343,0,54.7209102152747,0.0196726221291343,0.0196726221291343,0.0196726221291343,0.0109274670854921
6.44620981534856,0,0.014846298512104,0,6.44620981534856,0.014846298512104,0.014846298512104,0.014846298512104,0.0608105741726415
13.7692792179168,0,0.045315959795906,0,13.7692792179168,0.045315959795906,0.045315959795906,0.045315959795906,0.0576659331255503
11.7030101268542,0,0.0664031592294417,0,11.7030101268542,0.0664031592294417,0.0664031592294417,0.0664031592294417,0.0318702419669784
7.36539602284415,0,-0.0247872150245361,0,7.36539602284415,-0.0247872150245361,-0.0247872150245361,-0.0247872150245361,0.114121672795408
7.17535910443418,0,0.0223584830888584,0,7.17535910443418,0.0223584830888584,0.0223584830888584,0.0223584830888584,0.0787357224553916
10.2795400430588,0,-0.0197343725876436,0,10.2795400430588,-0.0197343725876436,-0.0197343725876436,-0.0197343725876436,0.0623990846503716
11.8155784180346,0,0.132399483418963,0,11.8155784180346,0.132399483418963,0.132399483418963,0.132399483418963,0.0684128055131695
10.8363107906744,0,-0.028098390818107,0,10.8363107906744,-0.028098390818107,-0.028098390818107,-0.028098390818107,0.071926050301895
11.7003583105711,0,-0.00186774348468509,0,11.7003583105711,-0.00186774348468509,-0.00186774348468509,-0.00186774348468509,0.00589871207554302
14.1717804897526,0,0.027255899623745,0,14.1717804897526,0.027255899623745,0.027255899623745,0.027255899623745,0.0438772018708798
10.4916049522311,0,0.0132463173032987,0,10.4916049522311,0.0132463173032987,0.0132463173032987,0.0132463173032987,0.0267192917518445
17.4700053613048,0,-0.0184802916209333,0,17.4700053613048,-0.0184802916209333,-0.0184802916209333,-0.0184802916209333,0.0310328260487528
22.4190143092695,0,-0.000161199703742028,0,22.4190143092695,-0.000161199703742028,-0.000161199703742028,-0.000161199703742028,0.0167230245622351
23.3384346785706,0,0.0173424537425691,0,23.3384346785706,0.0173424537425691,0.0173424537425691,0.0173424537425691,0.0189266195413323
38.8851950923656,0,-0.0332412043876419,0,38.8851950923656,-0.0332412043876419,-0.0332412043876419,-0.0332412043876419,0.0285556564673136
18.868464140174,0,-0.0601138815581494,0,18.868464140174,-0.0601138815581494,-0.0601138815581494,-0.0601138815581494,0.0841243606959225
130.216227665708,0,0.0198117493038606,0,130.216227665708,0.0198117493038606,0.0198117493038606,0.0198117493038606,0.0277236387216602
9.87654480749694,0,-0.0946232449189078,0,9.87654480749694,-0.0946232449189078,-0.0946232449189078,-0.0946232449189078,0.0836731049469832
15.7641037476623,0,0.0452974152246685,0,15.7641037476623,0.0452974152246685,0.0452974152246685,0.0452974152246685,0.0222639606786319
13.2572895170701,0,-0.00547183825283213,0,13.2572895170701,-0.00547183825283213,-0.00547183825283213,-0.00547183825283213,0.0207932850711389
14.6101069409457,0,-0.0361151431713081,0,14.6101069409457,-0.0361151431713081,-0.0361151431713081,-0.0361151431713081,0.0853409147807967
9.82277228593101,0,0.003405640430707,0,9.82277228593101,0.003405640430707,0.003405640430707,0.003405640430707,0.0711265903737062
11.2420027298881,0,-0.0660500012093723,0,11.2420027298881,-0.0660500012093723,-0.0660500012093723,-0.0660500012093723,0.0384705888979592
25.0274800711776,0,-0.0187256249614442,0,25.0274800711776,-0.0187256249614442,-0.0187256249614442,-0.0187256249614442,0.0960019772095373
28.4056044215739,0,-0.0234835133541325,0,28.4056044215739,-0.0234835133541325,-0.0234835133541325,-0.0234835133541325,0.0460235649191708
9.44659083119766,0,-0.0979355343768668,0,9.44659083119766,-0.0979355343768668,-0.0979355343768668,-0.0979355343768668,0.106984919191722
10.6319539160187,0,0.00587821668928426,0,10.6319539160187,0.00587821668928426,0.00587821668928426,0.00587821668928426,0.0434639030773943
23.722803858762,0,0.00435490338959432,0,23.722803858762,0.00435490338959432,0.00435490338959432,0.00435490338959432,0.0172785731987079
NA,NA,NA,NA,NA,NA,NA,NA,NA
14.5501339822123,0,-0.0241508994853178,0,14.5501339822123,-0.0241508994853178,-0.0241508994853178,-0.0241508994853178,0.0112761190742462
6.82559417888738,0,-0.0208488602109932,0,6.82559417888738,-0.0208488602109932,-0.0208488602109932,-0.0208488602109932,0.0626238731585564
7.10118523761685,0,-0.0285278978712163,0,7.10118523761685,-0.0285278978712163,-0.0285278978712163,-0.0285278978712163,0.0595492352872805
8.39406695268219,0,0.0167837864563465,0,8.39406695268219,0.0167837864563465,0.0167837864563465,0.0167837864563465,0.0322473662392579
15.3813680380744,0,-0.0235768509494856,0,15.3813680380744,-0.0235768509494856,-0.0235768509494856,-0.0235768509494856,0.0385600790656454
10.9419857642508,0,-0.0876235523401562,0,10.9419857642508,-0.0876235523401562,-0.0876235523401562,-0.0876235523401562,0.0336377588977628
9.567453602661,0,-0.0130573193727359,0,9.567453602661,-0.0130573193727359,-0.0130573193727359,-0.0130573193727359,0.0264340771076804
9.56764954052794,0,-0.00578932875863998,0,9.56764954052794,-0.00578932875863998,-0.00578932875863998,-0.00578932875863998,0.0288617279537588
9.58796747981615,0,0.00725905880614161,0,9.58796747981615,0.00725905880614161,0.00725905880614161,0.00725905880614161,0.0422687684348916
15.1454884083029,0,0.0687427351592194,0,15.1454884083029,0.0687427351592194,0.0687427351592194,0.0687427351592194,0.0334809714396658
9.72468903389732,0,0.0209196079014141,0,9.72468903389732,0.0209196079014141,0.0209196079014141,0.0209196079014141,0.0473210924820652
14.8412385484711,0,0.00805813747067324,0,14.8412385484711,0.00805813747067324,0.00805813747067324,0.00805813747067324,0.0331399934197975
10.6567948708008,0,0.0203455428827325,0,10.6567948708008,0.0203455428827325,0.0203455428827325,0.0203455428827325,0.0367174068081082
12.7697291709358,0,0.00135812282131545,0,12.7697291709358,0.00135812282131545,0.00135812282131545,0.00135812282131545,0.0331331000834964
17.7014293147066,0,0.0234372077444364,0,17.7014293147066,0.0234372077444364,0.0234372077444364,0.0234372077444364,0.0323786122878216
16.016217440795,0,-0.00369944404825601,0,16.016217440795,-0.00369944404825601,-0.00369944404825601,-0.00369944404825601,0.0376637682579198
21.1131806593051,0,-0.056056653152879,0,21.1131806593051,-0.056056653152879,-0.056056653152879,-0.056056653152879,0.033465829508006
12.511562118753,0,0.010653794636591,0,12.511562118753,0.010653794636591,0.010653794636591,0.010653794636591,0.0542734571116003
11.3110693140974,0,0.00982781565554414,0,11.3110693140974,0.00982781565554414,0.00982781565554414,0.00982781565554414,0.0152975413868066
19.3344521561619,0,-0.0178892890128142,0,19.3344521561619,-0.0178892890128142,-0.0178892890128142,-0.0178892890128142,0.0322365626104049
12.3671082351961,0,0.0210231372322994,0,12.3671082351961,0.0210231372322994,0.0210231372322994,0.0210231372322994,0.0160828742749283
12.3654554745313,0,-0.0686880413546458,0,12.3654554745313,-0.0686880413546458,-0.0686880413546458,-0.0686880413546458,0.0513325050706189
19.2556223171704,0,0.0285945738844167,0,19.2556223171704,0.0285945738844167,0.0285945738844167,0.0285945738844167,0.0139726523520546
34.7312424253189,0,0.00360906084633839,0,34.7312424253189,0.00360906084633839,0.00360906084633839,0.00360906084633839,0.017575833019559
54.7209102152747,0,0.0196726221291343,0,54.7209102152747,0.0196726221291343,0.0196726221291343,0.0196726221291343,0.0109274670854921
6.44620981534856,0,0.014846298512104,0,6.44620981534856,0.014846298512104,0.014846298512104,0.014846298512104,0.0608105741726415
13.7692792179168,0,0.045315959795906,0,13.7692792179168,0.045315959795906,0.045315959795906,0.045315959795906,0.0576659331255503
11.7030101268542,0,0.0664031592294417,0,11.7030101268542,0.0664031592294417,0.0664031592294417,0.0664031592294417,0.0318702419669784
7.36539602284415,0,-0.0247872150245361,0,7.36539602284415,-0.0247872150245361,-0.0247872150245361,-0.0247872150245361,0.114121672795408
7.17535910443418,0,0.0223584830888584,0,7.17535910443418,0.0223584830888584,0.0223584830888584,0.0223584830888584,0.0787357224553916
10.2795400430588,0,-0.0197343725876436,0,10.2795400430588,-0.0197343725876436,-0.0197343725876436,-0.0197343725876436,0.0623990846503716
11.8155784180346,0,0.132399483418963,0,11.8155784180346,0.132399483418963,0.132399483418963,0.132399483418963,0.0684128055131695
10.8363107906744,0,-0.028098390818107,0,10.8363107906744,-0.028098390818107,-0.028098390818107,-0.028098390818107,0.071926050301895
11.7003583105711,0,-0.00186774348468509,0,11.7003583105711,-0.00186774348468509,-0.00186774348468509,-0.00186774348468509,0.00589871207554302
14.1717804897526,0,0.027255899623745,0,14.1717804897526,0.027255899623745,0.027255899623745,0.027255899623745,0.0438772018708798
10.4916049522311,0,0.0132463173032987,0,10.4916049522311,0.0132463173032987,0.0132463173032987,0.0132463173032987,0.0267192917518445
17.4700053613048,0,-0.0184802916209333,0,17.4700053613048,-0.0184802916209333,-0.0184802916209333,-0.0184802916209333,0.0310328260487528
22.4190143092695,0,-0.000161199703742028,0,22.4190143092695,-0.000161199703742028,-0.000161199703742028,-0.000161199703742028,0.0167230245622351
23.3384346785706,0,0.0173424537425691,0,23.3384346785706,0.0173424537425691,0.0173424537425691,0.0173424537425691,0.0189266195413323
38.8851950923656,0,-0.0332412043876419,0,38.8851950923656,-0.0332412043876419,-0.0332412043876419,-0.0332412043876419,0.0285556564673136
18.868464140174,0,-0.0601138815581494,0,18.868464140174,-0.0601138815581494,-0.0601138815581494,-0.0601138815581494,0.0841243606959225
130.216227665708,0,0.0198117493038606,0,130.216227665708,0.0198117493038606,0.0198117493038606,0.0198117493038606,0.0277236387216602
9.87654480749694,0,-0.0946232449189078,0,9.87654480749694,-0.0946232449189078,-0.0946232449189078,-0.0946232449189078,0.0836731049469832
15.7641037476623,0,0.0452974152246685,0,15.7641037476623,0.0452974152246685,0.0452974152246685,0.0452974152246685,0.0222639606786319
13.2572895170701,0,-0.00547183825283213,0,13.2572895170701,-0.00547183825283213,-0.00547183825283213,-0.00547183825283213,0.0207932850711389
14.6101069409457,0,-0.0361151431713081,0,14.6101069409457,-0.0361151431713081,-0.0361151431713081,-0.0361151431713081,0.0853409147807967
8.10146185701589,0,0.0427555806686441,0,8.10146185701589,0.0427555806686441,0.0427555806686441,0.0427555806686441,0.0518433181255775
11.2420027298881,0,-0.0660500012093723,0,11.2420027298881,-0.0660500012093723,-0.0660500012093723,-0.0660500012093723,0.0384705888979592
25.0274800711776,0,-0.0187256249614442,0,25.0274800711776,-0.0187256249614442,-0.0187256249614442,-0.0187256249614442,0.0960019772095373
28.4056044215739,0,-0.0234835133541325,0,28.4056044215739,-0.0234835133541325,-0.0234835133541325,-0.0234835133541325,0.0460235649191708
9.44659083119766,0,-0.0979355343768668,0,9.44659083119766,-0.0979355343768668,-0.0979355343768668,-0.0979355343768668,0.106984919191722
10.6319539160187,0,0.00587821668928426,0,10.6319539160187,0.00587821668928426,0.00587821668928426,0.00587821668928426,0.0434639030773943
23.722803858762,0,0.00435490338959432,0,23.722803858762,0.00435490338959432,0.00435490338959432,0.00435490338959432,0.0172785731987079
NA,NA,NA,NA,NA,NA,NA,NA,NA
14.5501339822123,0,-0.0241508994853178,0,14.5501339822123,-0.0241508994853178,-0.0241508994853178,-0.0241508994853178,0.0112761190742462
6.82559417888738,0,-0.0208488602109932,0,6.82559417888738,-0.0208488602109932,-0.0208488602109932,-0.0208488602109932,0.0626238731585564
7.10118523761685,0,-0.0285278978712163,0,7.10118523761685,-0.0285278978712163,-0.0285278978712163,-0.0285278978712163,0.0595492352872805
8.39406695268219,0,0.0167837864563465,0,8.39406695268219,0.0167837864563465,0.0167837864563465,0.0167837864563465,0.0322473662392579
15.3813680380744,0,-0.0235768509494856,0,15.3813680380744,-0.0235768509494856,-0.0235768509494856,-0.0235768509494856,0.0385600790656454
10.9419857642508,0,-0.0876235523401562,0,10.9419857642508,-0.0876235523401562,-0.0876235523401562,-0.0876235523401562,0.0336377588977628
9.567453602661,0,-0.0130573193727359,0,9.567453602661,-0.0130573193727359,-0.0130573193727359,-0.0130573193727359,0.0264340771076804
9.56764954052794,0,-0.00578932875863998,0,9.56764954052794,-0.00578932875863998,-0.00578932875863998,-0.00578932875863998,0.0288617279537588
9.58796747981615,0,0.00725905880614161,0,9.58796747981615,0.00725905880614161,0.00725905880614161,0.00725905880614161,0.0422687684348916
15.1454884083029,0,0.0687427351592194,0,15.1454884083029,0.0687427351592194,0.0687427351592194,0.0687427351592194,0.0334809714396658
9.72468903389732,0,0.0209196079014141,0,9.72468903389732,0.0209196079014141,0.0209196079014141,0.0209196079014141,0.0473210924820652
14.8412385484711,0,0.00805813747067324,0,14.8412385484711,0.00805813747067324,0.00805813747067324,0.00805813747067324,0.0331399934197975
10.6567948708008,0,0.0203455428827325,0,10.6567948708008,0.0203455428827325,0.0203455428827325,0.0203455428827325,0.0367174068081082
12.7697291709358,0,0.00135812282131545,0,12.7697291709358,0.00135812282131545,0.00135812282131545,0.00135812282131545,0.0331331000834964
17.7014293147066,0,0.0234372077444364,0,17.7014293147066,0.0234372077444364,0.0234372077444364,0.0234372077444364,0.0323786122878216
16.016217440795,0,-0.00369944404825601,0,16.016217440795,-0.00369944404825601,-0.00369944404825601,-0.00369944404825601,0.0376637682579198
21.1131806593051,0,-0.056056653152879,0,21.1131806593051,-0.056056653152879,-0.056056653152879,-0.056056653152879,0.033465829508006
12.511562118753,0,0.010653794636591,0,12.511562118753,0.010653794636591,0.010653794636591,0.010653794636591,0.0542734571116003
11.3110693140974,0,0.00982781565554414,0,11.3110693140974,0.00982781565554414,0.00982781565554414,0.00982781565554414,0.0152975413868066
19.3344521561619,0,-0.0178892890128142,0,19.3344521561619,-0.0178892890128142,-0.0178892890128142,-0.0178892890128142,0.0322365626104049
12.3671082351961,0,0.0210231372322994,0,12.3671082351961,0.0210231372322994,0.0210231372322994,0.0210231372322994,0.0160828742749283
12.3654554745313,0,-0.0686880413546458,0,12.3654554745313,-0.0686880413546458,-0.0686880413546458,-0.0686880413546458,0.0513325050706189
19.2556223171704,0,0.0285945738844167,0,19.2556223171704,0.0285945738844167,0.0285945738844167,0.0285945738844167,0.0139726523520546
34.7312424253189,0,0.00360906084633839,0,34.7312424253189,0.00360906084633839,0.00360906084633839,0.00360906084633839,0.017575833019559
54.7209102152747,0,0.0196726221291343,0,54.7209102152747,0.0196726221291343,0.0196726221291343,0.0196726221291343,0.0109274670854921
6.44620981534856,0,0.014846298512104,0,6.44620981534856,0.014846298512104,0.014846298512104,0.014846298512104,0.0608105741726415
13.7692792179168,0,0.045315959795906,0,13.7692792179168,0.045315959795906,0.045315959795906,0.045315959795906,0.0576659331255503
11.7030101268542,0,0.0664031592294417,0,11.7030101268542,0.0664031592294417,0.0664031592294417,0.0664031592294417,0.0318702419669784
7.36539602284415,0,-0.0247872150245361,0,7.36539602284415,-0.0247872150245361,-0.0247872150245361,-0.0247872150245361,0.114121672795408
7.17535910443418,0,0.0223584830888584,0,7.17535910443418,0.0223584830888584,0.0223584830888584,0.0223584830888584,0.0787357224553916
10.3934503295043,0,0.0619972167608137,0,10.3934503295043,0.0619972167608137,0.0619972167608137,0.0619972167608137,0.0947975137929517
11.8155784180346,0,0.132399483418963,0,11.8155784180346,0.132399483418963,0.132399483418963,0.132399483418963,0.0684128055131695
10.8363107906744,0,-0.028098390818107,0,10.8363107906744,-0.028098390818107,-0.028098390818107,-0.028098390818107,0.071926050301895
11.7003583105711,0,-0.00186774348468509,0,11.7003583105711,-0.00186774348468509,-0.00186774348468509,-0.00186774348468509,0.00589871207554302
14.1717804897526,0,0.027255899623745,0,14.1717804897526,0.027255899623745,0.027255899623745,0.027255899623745,0.0438772018708798
10.4916049522311,0,0.0132463173032987,0,10.4916049522311,0.0132463173032987,0.0132463173032987,0.0132463173032987,0.0267192917518445
17.4700053613048,0,-0.0184802916209333,0,17.4700053613048,-0.0184802916209333,-0.0184802916209333,-0.0184802916209333,0.0310328260487528
22.4190143092695,0,-0.000161199703742028,0,22.4190143092695,-0.000161199703742028,-0.000161199703742028,-0.000161199703742028,0.0167230245622351
23.3384346785706,0,0.0173424537425691,0,23.3384346785706,0.0173424537425691,0.0173424537425691,0.0173424537425691,0.0189266195413323
38.8851950923656,0,-0.0332412043876419,0,38.8851950923656,-0.0332412043876419,-0.0332412043876419,-0.0332412043876419,0.0285556564673136
18.868464140174,0,-0.0601138815581494,0,18.868464140174,-0.0601138815581494,-0.0601138815581494,-0.0601138815581494,0.0841243606959225
130.216227665708,0,0.0198117493038606,0,130.216227665708,0.0198117493038606,0.0198117493038606,0.0198117493038606,0.0277236387216602
9.87654480749694,0,-0.0946232449189078,0,9.87654480749694,-0.0946232449189078,-0.0946232449189078,-0.0946232449189078,0.0836731049469832
15.7641037476623,0,0.0452974152246685,0,15.7641037476623,0.0452974152246685,0.0452974152246685,0.0452974152246685,0.0222639606786319
13.2572895170701,0,-0.00547183825283213,0,13.2572895170701,-0.00547183825283213,-0.00547183825283213,-0.00547183825283213,0.0207932850711389
14.6101069409457,0,-0.0361151431713081,0,14.6101069409457,-0.0361151431713081,-0.0361151431713081,-0.0361151431713081,0.0853409147807967
8.10146185701589,0,0.0427555806686441,0,8.10146185701589,0.0427555806686441,0.0427555806686441,0.0427555806686441,0.0518433181255775
11.2420027298881,0,-0.0660500012093723,0,11.2420027298881,-0.0660500012093723,-0.0660500012093723,-0.0660500012093723,0.0384705888979592
25.0274800711776,0,-0.0187256249614442,0,25.0274800711776,-0.0187256249614442,-0.0187256249614442,-0.0187256249614442,0.0960019772095373
28.4056044215739,0,-0.0234835133541325,0,28.4056044215739,-0.0234835133541325,-0.0234835133541325,-0.0234835133541325,0.0460235649191708
9.44659083119766,0,-0.0979355343768668,0,9.44659083119766,-0.0979355343768668,-0.0979355343768668,-0.0979355343768668,0.106984919191722
10.6319539160187,0,0.00587821668928426,0,10.6319539160187,0.00587821668928426,0.00587821668928426,0.00587821668928426,0.0434639030773943
23.722803858762,0,0.00435490338959432,0,23.722803858762,0.00435490338959432,0.00435490338959432,0.00435490338959432,0.0172785731987079
NA,NA,NA,NA,NA,NA,NA,NA,NA
14.5501339822123,0,-0.0241508994853178,0,14.5501339822123,-0.0241508994853178,-0.0241508994853178,-0.0241508994853178,0.0112761190742462
6.82559417888738,0,-0.0208488602109932,0,6.82559417888738,-0.0208488602109932,-0.0208488602109932,-0.0208488602109932,0.0626238731585564
7.10118523761685,0,-0.0285278978712163,0,7.10118523761685,-0.0285278978712163,-0.0285278978712163,-0.0285278978712163,0.0595492352872805
8.39406695268219,0,0.0167837864563465,0,8.39406695268219,0.0167837864563465,0.0167837864563465,0.0167837864563465,0.0322473662392579
15.3813680380744,0,-0.0235768509494856,0,15.3813680380744,-0.0235768509494856,-0.0235768509494856,-0.0235768509494856,0.0385600790656454
10.9419857642508,0,-0.0876235523401562,0,10.9419857642508,-0.0876235523401562,-0.0876235523401562,-0.0876235523401562,0.0336377588977628
9.567453602661,0,-0.0130573193727359,0,9.567453602661,-0.0130573193727359,-0.0130573193727359,-0.0130573193727359,0.0264340771076804
9.56764954052794,0,-0.00578932875863998,0,9.56764954052794,-0.00578932875863998,-0.00578932875863998,-0.00578932875863998,0.0288617279537588
9.58796747981615,0,0.00725905880614161,0,9.58796747981615,0.00725905880614161,0.00725905880614161,0.00725905880614161,0.0422687684348916
15.1454884083029,0,0.0687427351592194,0,15.1454884083029,0.0687427351592194,0.0687427351592194,0.0687427351592194,0.0334809714396658
9.72468903389732,0,0.0209196079014141,0,9.72468903389732,0.0209196079014141,0.0209196079014141,0.0209196079014141,0.0473210924820652
14.8412385484711,0,0.00805813747067324,0,14.8412385484711,0.00805813747067324,0.00805813747067324,0.00805813747067324,0.0331399934197975
10.6567948708008,0,0.0203455428827325,0,10.6567948708008,0.0203455428827325,0.0203455428827325,0.0203455428827325,0.0367174068081082
15.83958844307,0,0.0399832495665445,0,15.83958844307,0.0399832495665445,0.0399832495665445,0.0399832495665445,0.0130470310288665
17.7014293147066,0,0.0234372077444364,0,17.7014293147066,0.0234372077444364,0.0234372077444364,0.0234372077444364,0.0323786122878216
16.016217440795,0,-0.00369944404825601,0,16.016217440795,-0.00369944404825601,-0.00369944404825601,-0.00369944404825601,0.0376637682579198
21.1131806593051,0,-0.056056653152879,0,21.1131806593051,-0.056056653152879,-0.056056653152879,-0.056056653152879,0.033465829508006
12.511562118753,0,0.010653794636591,0,12.511562118753,0.010653794636591,0.010653794636591,0.010653794636591,0.0542734571116003
11.3110693140974,0,0.00982781565554414,0,11.3110693140974,0.00982781565554414,0.00982781565554414,0.00982781565554414,0.0152975413868066
19.3344521561619,0,-0.0178892890128142,0,19.3344521561619,-0.0178892890128142,-0.0178892890128142,-0.0178892890128142,0.0322365626104049
12.3671082351961,0,0.0210231372322994,0,12.3671082351961,0.0210231372322994,0.0210231372322994,0.0210231372322994,0.0160828742749283
12.3654554745313,0,-0.0686880413546458,0,12.3654554745313,-0.0686880413546458,-0.0686880413546458,-0.0686880413546458,0.0513325050706189
19.2556223171704,0,0.0285945738844167,0,19.2556223171704,0.0285945738844167,0.0285945738844167,0.0285945738844167,0.0139726523520546
34.7312424253189,0,0.00360906084633839,0,34.7312424253189,0.00360906084633839,0.00360906084633839,0.00360906084633839,0.017575833019559
54.7209102152747,0,0.0196726221291343,0,54.7209102152747,0.0196726221291343,0.0196726221291343,0.0196726221291343,0.0109274670854921
6.44620981534856,0,0.014846298512104,0,6.44620981534856,0.014846298512104,0.014846298512104,0.014846298512104,0.0608105741726415
13.7692792179168,0,0.045315959795906,0,13.7692792179168,0.045315959795906,0.045315959795906,0.045315959795906,0.0576659331255503
11.7030101268542,0,0.0664031592294417,0,11.7030101268542,0.0664031592294417,0.0664031592294417,0.0664031592294417,0.0318702419669784
7.36539602284415,0,-0.0247872150245361,0,7.36539602284415,-0.0247872150245361,-0.0247872150245361,-0.0247872150245361,0.114121672795408
7.17535910443418,0,0.0223584830888584,0,7.17535910443418,0.0223584830888584,0.0223584830888584,0.0223584830888584,0.0787357224553916
10.3934503295043,0,0.0619972167608137,0,10.3934503295043,0.0619972167608137,0.0619972167608137,0.0619972167608137,0.0947975137929517
11.8155784180346,0,0.132399483418963,0,11.8155784180346,0.132399483418963,0.132399483418963,0.132399483418963,0.0684128055131695
10.8363107906744,0,-0.028098390818107,0,10.8363107906744,-0.028098390818107,-0.028098390818107,-0.028098390818107,0.071926050301895
11.7003583105711,0,-0.00186774348468509,0,11.7003583105711,-0.00186774348468509,-0.00186774348468509,-0.00186774348468509,0.00589871207554302
14.1717804897526,0,0.027255899623745,0,14.1717804897526,0.027255899623745,0.027255899623745,0.027255899623745,0.0438772018708798
10.4916049522311,0,0.0132463173032987,0,10.4916049522311,0.0132463173032987,0.0132463173032987,0.0132463173032987,0.0267192917518445
17.4700053613048,0,-0.0184802916209333,0,17.4700053613048,-0.0184802916209333,-0.0184802916209333,-0.0184802916209333,0.0310328260487528
22.4190143092695,0,-0.000161199703742028,0,22.4190143092695,-0.000161199703742028,-0.000161199703742028,-0.000161199703742028,0.0167230245622351
23.3384346785706,0,0.0173424537425691,0,23.3384346785706,0.0173424537425691,0.0173424537425691,0.0173424537425691,0.0189266195413323
38.8851950923656,0,-0.0332412043876419,0,38.8851950923656,-0.0332412043876419,-0.0332412043876419,-0.0332412043876419,0.0285556564673136
18.868464140174,0,-0.0601138815581494,0,18.868464140174,-0.0601138815581494,-0.0601138815581494,-0.0601138815581494,0.0841243606959225
130.216227665708,0,0.0198117493038606,0,130.216227665708,0.0198117493038606,0.0198117493038606,0.0198117493038606,0.0277236387216602
9.87654480749694,0,-0.0946232449189078,0,9.87654480749694,-0.0946232449189078,-0.0946232449189078,-0.0946232449189078,0.0836731049469832
15.7641037476623,0,0.0452974152246685,0,15.7641037476623,0.0452974152246685,0.0452974152246685,0.0452974152246685,0.0222639606786319
13.2572895170701,0,-0.00547183825283213,0,13.2572895170701,-0.00547183825283213,-0.00547183825283213,-0.00547183825283213,0.0207932850711389
14.6101069409457,0,-0.0361151431713081,0,14.6101069409457,-0.0361151431713081,-0.0361151431713081,-0.0361151431713081,0.0853409147807967
8.10146185701589,0,0.0427555806686441,0,8.10146185701589,0.0427555806686441,0.0427555806686441,0.0427555806686441,0.0518433181255775
11.2420027298881,0,-0.0660500012093723,0,11.2420027298881,-0.0660500012093723,-0.0660500012093723,-0.0660500012093723,0.0384705888979592
25.0274800711776,0,-0.0187256249614442,0,25.0274800711776,-0.0187256249614442,-0.0187256249614442,-0.0187256249614442,0.0960019772095373
28.4056044215739,0,-0.0234835133541325,0,28.4056044215739,-0.0234835133541325,-0.0234835133541325,-0.0234835133541325,0.0460235649191708
9.44659083119766,0,-0.0979355343768668,0,9.44659083119766,-0.0979355343768668,-0.0979355343768668,-0.0979355343768668,0.106984919191722
10.6319539160187,0,0.00587821668928426,0,10.6319539160187,0.00587821668928426,0.00587821668928426,0.00587821668928426,0.0434639030773943
23.722803858762,0,0.00435490338959432,0,23.722803858762,0.00435490338959432,0.00435490338959432,0.00435490338959432,0.0172785731987079
NA,NA,NA,NA,NA,NA,NA,NA,NA
14.5501339822123,0,-0.0241508994853178,0,14.5501339822123,-0.0241508994853178,-0.0241508994853178,-0.0241508994853178,0.0112761190742462
6.82559417888738,0,-0.0208488602109932,0,6.82559417888738,-0.0208488602109932,-0.0208488602109932,-0.0208488602109932,0.0626238731585564
7.10118523761685,0,-0.0285278978712163,0,7.10118523761685,-0.0285278978712163,-0.0285278978712163,-0.0285278978712163,0.0595492352872805
8.39406695268219,0,0.0167837864563465,0,8.39406695268219,0.0167837864563465,0.0167837864563465,0.0167837864563465,0.0322473662392579
15.3813680380744,0,-0.0235768509494856,0,15.3813680380744,-0.0235768509494856,-0.0235768509494856,-0.0235768509494856,0.0385600790656454
10.9419857642508,0,-0.0876235523401562,0,10.9419857642508,-0.0876235523401562,-0.0876235523401562,-0.0876235523401562,0.0336377588977628
9.567453602661,0,-0.0130573193727359,0,9.567453602661,-0.0130573193727359,-0.0130573193727359,-0.0130573193727359,0.0264340771076804
9.56764954052794,0,-0.00578932875863998,0,9.56764954052794,-0.00578932875863998,-0.00578932875863998,-0.00578932875863998,0.0288617279537588
9.58796747981615,0,0.00725905880614161,0,9.58796747981615,0.00725905880614161,0.00725905880614161,0.00725905880614161,0.0422687684348916
15.1454884083029,0,0.0687427351592194,0,15.1454884083029,0.0687427351592194,0.0687427351592194,0.0687427351592194,0.0334809714396658
9.72468903389732,0,0.0209196079014141,0,9.72468903389732,0.0209196079014141,0.0209196079014141,0.0209196079014141,0.0473210924820652
14.8412385484711,0,0.00805813747067324,0,14.8412385484711,0.00805813747067324,0.00805813747067324,0.00805813747067324,0.0331399934197975
10.6567948708008,0,0.0203455428827325,0,10.6567948708008,0.0203455428827325,0.0203455428827325,0.0203455428827325,0.0367174068081082
15.83958844307,0,0.0399832495665445,0,15.83958844307,0.0399832495665445,0.0399832495665445,0.0399832495665445,0.0130470310288665
17.7014293147066,0,0.0234372077444364,0,17.7014293147066,0.0234372077444364,0.0234372077444364,0.0234372077444364,0.0323786122878216
16.016217440795,0,-0.00369944404825601,0,16.016217440795,-0.00369944404825601,-0.00369944404825601,-0.00369944404825601,0.0376637682579198
21.1131806593051,0,-0.056056653152879,0,21.1131806593051,-0.056056653152879,-0.056056653152879,-0.056056653152879,0.033465829508006
12.511562118753,0,0.010653794636591,0,12.511562118753,0.010653794636591,0.010653794636591,0.010653794636591,0.0542734571116003
11.3110693140974,0,0.00982781565554414,0,11.3110693140974,0.00982781565554414,0.00982781565554414,0.00982781565554414,0.0152975413868066
19.3344521561619,0,-0.0178892890128142,0,19.3344521561619,-0.0178892890128142,-0.0178892890128142,-0.0178892890128142,0.0322365626104049
12.3671082351961,0,0.0210231372322994,0,12.3671082351961,0.0210231372322994,0.0210231372322994,0.0210231372322994,0.0160828742749283
12.3654554745313,0,-0.0686880413546458,0,12.3654554745313,-0.0686880413546458,-0.0686880413546458,-0.0686880413546458,0.0513325050706189
19.2556223171704,0,0.0285945738844167,0,19.2556223171704,0.0285945738844167,0.0285945738844167,0.0285945738844167,0.0139726523520546
34.7312424253189,0,0.00360906084633839,0,34.7312424253189,0.00360906084633839,0.00360906084633839,0.00360906084633839,0.017575833019559
54.7209102152747,0,0.0196726221291343,0,54.7209102152747,0.0196726221291343,0.0196726221291343,0.0196726221291343,0.0109274670854921
6.44620981534856,0,0.014846298512104,0,6.44620981534856,0.014846298512104,0.014846298512104,0.014846298512104,0.0608105741726415
13.7692792179168,0,0.045315959795906,0,13.7692792179168,0.045315959795906,0.045315959795906,0.045315959795906,0.0576659331255503
11.7030101268542,0,0.0664031592294417,0,11.7030101268542,0.0664031592294417,0.0664031592294417,0.0664031592294417,0.0318702419669784
7.36539602284415,0,-0.0247872150245361,0,7.36539602284415,-0.0247872150245361,-0.0247872150245361,-0.0247872150245361,0.114121672795408
7.17535910443418,0,0.0223584830888584,0,7.17535910443418,0.0223584830888584,0.0223584830888584,0.0223584830888584,0.0787357224553916
10.3934503295043,0,0.0619972167608137,0,10.3934503295043,0.0619972167608137,0.0619972167608137,0.0619972167608137,0.0947975137929517
11.8155784180346,0,0.132399483418963,0,11.8155784180346,0.132399483418963,0.132399483418963,0.132399483418963,0.0684128055131695
10.8363107906744,0,-0.028098390818107,0,10.8363107906744,-0.028098390818107,-0.028098390818107,-0.028098390818107,0.071926050301895
11.7003583105711,0,-0.00186774348468509,0,11.7003583105711,-0.00186774348468509,-0.00186774348468509,-0.00186774348468509,0.00589871207554302
14.1717804897526,0,0.027255899623745,0,14.1717804897526,0.027255899623745,0.027255899623745,0.027255899623745,0.0438772018708798
10.4916049522311,0,0.0132463173032987,0,10.4916049522311,0.0132463173032987,0.0132463173032987,0.0132463173032987,0.0267192917518445
17.4700053613048,0,-0.0184802916209333,0,17.4700053613048,-0.0184802916209333,-0.0184802916209333,-0.0184802916209333,0.0310328260487528
22.4190143092695,0,-0.000161199703742028,0,22.4190143092695,-0.000161199703742028,-0.000161199703742028,-0.000161199703742028,0.0167230245622351
23.3384346785706,0,0.0173424537425691,0,23.3384346785706,0.0173424537425691,0.0173424537425691,0.0173424537425691,0.0189266195413323
38.8851950923656,0,-0.0332412043876419,0,38.8851950923656,-0.0332412043876419,-0.0332412043876419,-0.0332412043876419,0.0285556564673136
18.868464140174,0,-0.0601138815581494,0,18.868464140174,-0.0601138815581494,-0.0601138815581494,-0.0601138815581494,0.0841243606959225
130.216227665708,0,0.0198117493038606,0,130.216227665708,0.0198117493038606,0.0198117493038606,0.0198117493038606,0.0277236387216602
9.87654480749694,0,-0.0946232449189078,0,9.87654480749694,-0.0946232449189078,-0.0946232449189078,-0.0946232449189078,0.0836731049469832
15.7641037476623,0,0.0452974152246685,0,15.7641037476623,0.0452974152246685,0.0452974152246685,0.0452974152246685,0.0222639606786319
13.2572895170701,0,-0.00547183825283213,0,13.2572895170701,-0.00547183825283213,-0.00547183825283213,-0.00547183825283213,0.0207932850711389
14.6101069409457,0,-0.0361151431713081,0,14.6101069409457,-0.0361151431713081,-0.0361151431713081,-0.0361151431713081,0.0853409147807967
8.10146185701589,0,0.0427555806686441,0,8.10146185701589,0.0427555806686441,0.0427555806686441,0.0427555806686441,0.0518433181255775
11.2420027298881,0,-0.0660500012093723,0,11.2420027298881,-0.0660500012093723,-0.0660500012093723,-0.0660500012093723,0.0384705888979592
25.0274800711776,0,-0.0187256249614442,0,25.0274800711776,-0.0187256249614442,-0.0187256249614442,-0.0187256249614442,0.0960019772095373
28.4056044215739,0,-0.0234835133541325,0,28.4056044215739,-0.0234835133541325,-0.0234835133541325,-0.0234835133541325,0.0460235649191708
9.44659083119766,0,-0.0979355343768668,0,9.44659083119766,-0.0979355343768668,-0.0979355343768668,-0.0979355343768668,0.106984919191722
10.6319539160187,0,0.00587821668928426,0,10.6319539160187,0.00587821668928426,0.00587821668928426,0.00587821668928426,0.0434639030773943
23.722803858762,0,0.00435490338959432,0,23.722803858762,0.00435490338959432,0.00435490338959432,0.00435490338959432,0.0172785731987079
NA,NA,NA,NA,NA,NA,NA,NA,NA
14.5501339822123,0,-0.0241508994853178,0,14.5501339822123,-0.0241508994853178,-0.0241508994853178,-0.0241508994853178,0.0112761190742462
6.82559417888738,0,-0.0208488602109932,0,6.82559417888738,-0.0208488602109932,-0.0208488602109932,-0.0208488602109932,0.0626238731585564
7.10118523761685,0,-0.0285278978712163,0,7.10118523761685,-0.0285278978712163,-0.0285278978712163,-0.0285278978712163,0.0595492352872805
8.39406695268219,0,0.0167837864563465,0,8.39406695268219,0.0167837864563465,0.0167837864563465,0.0167837864563465,0.0322473662392579
15.3813680380744,0,-0.0235768509494856,0,15.3813680380744,-0.0235768509494856,-0.0235768509494856,-0.0235768509494856,0.0385600790656454
10.9419857642508,0,-0.0876235523401562,0,10.9419857642508,-0.0876235523401562,-0.0876235523401562,-0.0876235523401562,0.0336377588977628
9.567453602661,0,-0.0130573193727359,0,9.567453602661,-0.0130573193727359,-0.0130573193727359,-0.0130573193727359,0.0264340771076804
9.56764954052794,0,-0.00578932875863998,0,9.56764954052794,-0.00578932875863998,-0.00578932875863998,-0.00578932875863998,0.0288617279537588
9.58796747981615,0,0.00725905880614161,0,9.58796747981615,0.00725905880614161,0.00725905880614161,0.00725905880614161,0.0422687684348916
15.1454884083029,0,0.0687427351592194,0,15.1454884083029,0.0687427351592194,0.0687427351592194,0.0687427351592194,0.0334809714396658
9.72468903389732,0,0.0209196079014141,0,9.72468903389732,0.0209196079014141,0.0209196079014141,0.0209196079014141,0.0473210924820652
14.8412385484711,0,0.00805813747067324,0,14.8412385484711,0.00805813747067324,0.00805813747067324,0.00805813747067324,0.0331399934197975
10.6567948708008,0,0.0203455428827325,0,10.6567948708008,0.0203455428827325,0.0203455428827325,0.0203455428827325,0.0367174068081082
15.83958844307,0,0.0399832495665445,0,15.83958844307,0.0399832495665445,0.0399832495665445,0.0399832495665445,0.0130470310288665
17.7014293147066,0,0.0234372077444364,0,17.7014293147066,0.0234372077444364,0.0234372077444364,0.0234372077444364,0.0323786122878216
16.016217440795,0,-0.00369944404825601,0,16.016217440795,-0.00369944404825601,-0.00369944404825601,-0.00369944404825601,0.0376637682579198
21.1131806593051,0,-0.056056653152879,0,21.1131806593051,-0.056056653152879,-0.056056653152879,-0.056056653152879,0.033465829508006
12.511562118753,0,0.010653794636591,0,12.511562118753,0.010653794636591,0.010653794636591,0.010653794636591,0.0542734571116003
11.3110693140974,0,0.00982781565554414,0,11.3110693140974,0.00982781565554414,0.00982781565554414,0.00982781565554414,0.0152975413868066
19.3344521561619,0,-0.0178892890128142,0,19.3344521561619,-0.0178892890128142,-0.0178892890128142,-0.0178892890128142,0.0322365626104049
12.3671082351961,0,0.0210231372322994,0,12.3671082351961,0.0210231372322994,0.0210231372322994,0.0210231372322994,0.0160828742749283
12.3654554745313,0,-0.0686880413546458,0,12.3654554745313,-0.0686880413546458,-0.0686880413546458,-0.0686880413546458,0.0513325050706189
19.2556223171704,0,0.0285945738844167,0,19.2556223171704,0.0285945738844167,0.0285945738844167,0.0285945738844167,0.0139726523520546
34.7312424253189,0,0.00360906084633839,0,34.7312424253189,0.00360906084633839,0.00360906084633839,0.00360906084633839,0.017575833019559
54.7209102152747,0,0.0196726221291343,0,54.7209102152747,0.0196726221291343,0.0196726221291343,0.0196726221291343,0.0109274670854921
6.44620981534856,0,0.014846298512104,0,6.44620981534856,0.014846298512104,0.014846298512104,0.014846298512104,0.0608105741726415
13.7692792179168,0,0.045315959795906,0,13.7692792179168,0.045315959795906,0.045315959795906,0.045315959795906,0.0576659331255503
11.7030101268542,0,0.0664031592294417,0,11.7030101268542,0.0664031592294417,0.0664031592294417,0.0664031592294417,0.0318702419669784
7.36539602284415,0,-0.0247872150245361,0,7.36539602284415,-0.0247872150245361,-0.0247872150245361,-0.0247872150245361,0.114121672795408
7.17535910443418,0,0.0223584830888584,0,7.17535910443418,0.0223584830888584,0.0223584830888584,0.0223584830888584,0.0787357224553916
10.3934503295043,0,0.0619972167608137,0,10.3934503295043,0.0619972167608137,0.0619972167608137,0.0619972167608137,0.0947975137929517
11.8155784180346,0,0.132399483418963,0,11.8155784180346,0.132399483418963,0.132399483418963,0.132399483418963,0.0684128055131695
10.8363107906744,0,-0.028098390818107,0,10.8363107906744,-0.028098390818107,-0.028098390818107,-0.028098390818107,0.071926050301895
11.7003583105711,0,-0.00186774348468509,0,11.7003583105711,-0.00186774348468509,-0.00186774348468509,-0.00186774348468509,0.00589871207554302
14.1717804897526,0,0.027255899623745,0,14.1717804897526,0.027255899623745,0.027255899623745,0.027255899623745,0.0438772018708798
10.4916049522311,0,0.0132463173032987,0,10.4916049522311,0.0132463173032987,0.0132463173032987,0.0132463173032987,0.0267192917518445
17.4700053613048,0,-0.0184802916209333,0,17.4700053613048,-0.0184802916209333,-0.0184802916209333,-0.0184802916209333,0.0310328260487528
22.4190143092695,0,-0.000161199703742028,0,22.4190143092695,-0.000161199703742028,-0.000161199703742028,-0.000161199703742028,0.0167230245622351
23.3384346785706,0,0.0173424537425691,0,23.3384346785706,0.0173424537425691,0.0173424537425691,0.0173424537425691,0.0189266195413323
38.8851950923656,0,-0.0332412043876419,0,38.8851950923656,-0.0332412043876419,-0.0332412043876419,-0.0332412043876419,0.0285556564673136
18.868464140174,0,-0.0601138815581494,0,18.868464140174,-0.0601138815581494,-0.0601138815581494,-0.0601138815581494,0.0841243606959225
130.216227665708,0,0.0198117493038606,0,130.216227665708,0.0198117493038606,0.0198117493038606,0.0198117493038606,0.0277236387216602
9.87654480749694,0,-0.0946232449189078,0,9.87654480749694,-0.0946232449189078,-0.0946232449189078,-0.0946232449189078,0.0836731049469832
15.7641037476623,0,0.0452974152246685,0,15.7641037476623,0.0452974152246685,0.0452974152246685,0.0452974152246685,0.0222639606786319
13.2572895170701,0,-0.00547183825283213,0,13.2572895170701,-0.00547183825283213,-0.00547183825283213,-0.00547183825283213,0.0207932850711389
14.6101069409457,0,-0.0361151431713081,0,14.6101069409457,-0.0361151431713081,-0.0361151431713081,-0.0361151431713081,0.0853409147807967
8.10146185701589,0,0.0427555806686441,0,8.10146185701589,0.0427555806686441,0.0427555806686441,0.0427555806686441,0.0518433181255775
11.2420027298881,0,-0.0660500012093723,0,11.2420027298881,-0.0660500012093723,-0.0660500012093723,-0.0660500012093723,0.0384705888979592
25.0274800711776,0,-0.0187256249614442,0,25.0274800711776,-0.0187256249614442,-0.0187256249614442,-0.0187256249614442,0.0960019772095373
28.4056044215739,0,-0.0234835133541325,0,28.4056044215739,-0.0234835133541325,-0.0234835133541325,-0.0234835133541325,0.0460235649191708
9.44659083119766,0,-0.0979355343768668,0,9.44659083119766,-0.0979355343768668,-0.0979355343768668,-0.0979355343768668,0.106984919191722
10.6319539160187,0,0.00587821668928426,0,10.6319539160187,0.00587821668928426,0.00587821668928426,0.00587821668928426,0.0434639030773943
23.722803858762,0,0.00435490338959432,0,23.722803858762,0.00435490338959432,0.00435490338959432,0.00435490338959432,0.0172785731987079
NA,NA,NA,NA,NA,NA,NA,NA,NA
14.5501339822123,0,-0.0241508994853178,0,14.5501339822123,-0.0241508994853178,-0.0241508994853178,-0.0241508994853178,0.0112761190742462
6.82559417888738,0,-0.0208488602109932,0,6.82559417888738,-0.0208488602109932,-0.0208488602109932,-0.0208488602109932,0.0626238731585564
7.10118523761685,0,-0.0285278978712163,0,7.10118523761685,-0.0285278978712163,-0.0285278978712163,-0.0285278978712163,0.0595492352872805
8.39406695268219,0,0.0167837864563465,0,8.39406695268219,0.0167837864563465,0.0167837864563465,0.0167837864563465,0.0322473662392579
15.3813680380744,0,-0.0235768509494856,0,15.3813680380744,-0.0235768509494856,-0.0235768509494856,-0.0235768509494856,0.0385600790656454
10.9419857642508,0,-0.0876235523401562,0,10.9419857642508,-0.0876235523401562,-0.0876235523401562,-0.0876235523401562,0.0336377588977628
9.567453602661,0,-0.0130573193727359,0,9.567453602661,-0.0130573193727359,-0.0130573193727359,-0.0130573193727359,0.0264340771076804
9.56764954052794,0,-0.00578932875863998,0,9.56764954052794,-0.00578932875863998,-0.00578932875863998,-0.00578932875863998,0.0288617279537588
9.58796747981615,0,0.00725905880614161,0,9.58796747981615,0.00725905880614161,0.00725905880614161,0.00725905880614161,0.0422687684348916
15.1454884083029,0,0.0687427351592194,0,15.1454884083029,0.0687427351592194,0.0687427351592194,0.0687427351592194,0.0334809714396658
9.72468903389732,0,0.0209196079014141,0,9.72468903389732,0.0209196079014141,0.0209196079014141,0.0209196079014141,0.0473210924820652
14.8412385484711,0,0.00805813747067324,0,14.8412385484711,0.00805813747067324,0.00805813747067324,0.00805813747067324,0.0331399934197975
10.6567948708008,0,0.0203455428827325,0,10.6567948708008,0.0203455428827325,0.0203455428827325,0.0203455428827325,0.0367174068081082
15.83958844307,0,0.0399832495665445,0,15.83958844307,0.0399832495665445,0.0399832495665445,0.0399832495665445,0.0130470310288665
17.7014293147066,0,0.0234372077444364,0,17.7014293147066,0.0234372077444364,0.0234372077444364,0.0234372077444364,0.0323786122878216
16.016217440795,0,-0.00369944404825601,0,16.016217440795,-0.00369944404825601,-0.00369944404825601,-0.00369944404825601,0.0376637682579198
21.1131806593051,0,-0.056056653152879,0,21.1131806593051,-0.056056653152879,-0.056056653152879,-0.056056653152879,0.033465829508006
12.511562118753,0,0.010653794636591,0,12.511562118753,0.010653794636591,0.010653794636591,0.010653794636591,0.0542734571116003
11.3110693140974,0,0.00982781565554414,0,11.3110693140974,0.00982781565554414,0.00982781565554414,0.00982781565554414,0.0152975413868066
19.3344521561619,0,-0.0178892890128142,0,19.3344521561619,-0.0178892890128142,-0.0178892890128142,-0.0178892890128142,0.0322365626104049
12.3671082351961,0,0.0210231372322994,0,12.3671082351961,0.0210231372322994,0.0210231372322994,0.0210231372322994,0.0160828742749283
12.3654554745313,0,-0.0686880413546458,0,12.3654554745313,-0.0686880413546458,-0.0686880413546458,-0.0686880413546458,0.0513325050706189
19.2556223171704,0,0.0285945738844167,0,19.2556223171704,0.0285945738844167,0.0285945738844167,0.0285945738844167,0.0139726523520546
34.7312424253189,0,0.00360906084633839,0,34.7312424253189,0.00360906084633839,0.00360906084633839,0.00360906084633839,0.017575833019559
54.7209102152747,0,0.0196726221291343,0,54.7209102152747,0.0196726221291343,0.0196726221291343,0.0196726221291343,0.0109274670854921
6.44620981534856,0,0.014846298512104,0,6.44620981534856,0.014846298512104,0.014846298512104,0.014846298512104,0.0608105741726415
13.7692792179168,0,0.045315959795906,0,13.7692792179168,0.045315959795906,0.045315959795906,0.045315959795906,0.0576659331255503
11.7030101268542,0,0.0664031592294417,0,11.7030101268542,0.0664031592294417,0.0664031592294417,0.0664031592294417,0.0318702419669784
7.36539602284415,0,-0.0247872150245361,0,7.36539602284415,-0.0247872150245361,-0.0247872150245361,-0.0247872150245361,0.114121672795408
7.17535910443418,0,0.0223584830888584,0,7.17535910443418,0.0223584830888584,0.0223584830888584,0.0223584830888584,0.0787357224553916
10.3934503295043,0,0.0619972167608137,0,10.3934503295043,0.0619972167608137,0.0619972167608137,0.0619972167608137,0.0947975137929517
11.8155784180346,0,0.132399483418963,0,11.8155784180346,0.132399483418963,0.132399483418963,0.132399483418963,0.0684128055131695
10.8363107906744,0,-0.028098390818107,0,10.8363107906744,-0.028098390818107,-0.028098390818107,-0.028098390818107,0.071926050301895
11.7003583105711,0,-0.00186774348468509,0,11.7003583105711,-0.00186774348468509,-0.00186774348468509,-0.00186774348468509,0.00589871207554302
14.1717804897526,0,0.027255899623745,0,14.1717804897526,0.027255899623745,0.027255899623745,0.027255899623745,0.0438772018708798
10.4916049522311,0,0.0132463173032987,0,10.4916049522311,0.0132463173032987,0.0132463173032987,0.0132463173032987,0.0267192917518445
17.4700053613048,0,-0.0184802916209333,0,17.4700053613048,-0.0184802916209333,-0.0184802916209333,-0.0184802916209333,0.0310328260487528
22.4190143092695,0,-0.000161199703742028,0,22.4190143092695,-0.000161199703742028,-0.000161199703742028,-0.000161199703742028,0.0167230245622351
23.3384346785706,0,0.0173424537425691,0,23.3384346785706,0.0173424537425691,0.0173424537425691,0.0173424537425691,0.0189266195413323
38.8851950923656,0,-0.0332412043876419,0,38.8851950923656,-0.0332412043876419,-0.0332412043876419,-0.0332412043876419,0.0285556564673136
18.868464140174,0,-0.0601138815581494,0,18.868464140174,-0.0601138815581494,-0.0601138815581494,-0.0601138815581494,0.0841243606959225
130.216227665708,0,0.0198117493038606,0,130.216227665708,0.0198117493038606,0.0198117493038606,0.0198117493038606,0.0277236387216602
9.87654480749694,0,-0.0946232449189078,0,9.87654480749694,-0.0946232449189078,-0.0946232449189078,-0.0946232449189078,0.0836731049469832
15.7641037476623,0,0.0452974152246685,0,15.7641037476623,0.0452974152246685,0.0452974152246685,0.0452974152246685,0.0222639606786319
13.2572895170701,0,-0.00547183825283213,0,13.2572895170701,-0.00547183825283213,-0.00547183825283213,-0.00547183825283213,0.0207932850711389
14.6101069409457,0,-0.0361151431713081,0,14.6101069409457,-0.0361151431713081,-0.0361151431713081,-0.0361151431713081,0.0853409147807967
8.10146185701589,0,0.0427555806686441,0,8.10146185701589,0.0427555806686441,0.0427555806686441,0.0427555806686441,0.0518433181255775
11.2420027298881,0,-0.0660500012093723,0,11.2420027298881,-0.0660500012093723,-0.0660500012093723,-0.0660500012093723,0.0384705888979592
25.0274800711776,0,-0.0187256249614442,0,25.0274800711776,-0.0187256249614442,-0.0187256249614442,-0.0187256249614442,0.0960019772095373
28.4056044215739,0,-0.0234835133541325,0,28.4056044215739,-0.0234835133541325,-0.0234835133541325,-0.0234835133541325,0.0460235649191708
9.44659083119766,0,-0.0979355343768668,0,9.44659083119766,-0.0979355343768668,-0.0979355343768668,-0.0979355343768668,0.106984919191722
10.6319539160187,0,0.00587821668928426,0,10.6319539160187,0.00587821668928426,0.00587821668928426,0.00587821668928426,0.0434639030773943
23.722803858762,0,0.00435490338959432,0,23.722803858762,0.00435490338959432,0.00435490338959432,0.00435490338959432,0.0172785731987079
NA,NA,NA,NA,NA,NA,NA,NA,NA
14.5501339822123,0,-0.0241508994853178,0,14.5501339822123,-0.0241508994853178,-0.0241508994853178,-0.0241508994853178,0.0112761190742462
6.82559417888738,0,-0.0208488602109932,0,6.82559417888738,-0.0208488602109932,-0.0208488602109932,-0.0208488602109932,0.0626238731585564
7.10118523761685,0,-0.0285278978712163,0,7.10118523761685,-0.0285278978712163,-0.0285278978712163,-0.0285278978712163,0.0595492352872805
8.39406695268219,0,0.0167837864563465,0,8.39406695268219,0.0167837864563465,0.0167837864563465,0.0167837864563465,0.0322473662392579
15.3813680380744,0,-0.0235768509494856,0,15.3813680380744,-0.0235768509494856,-0.0235768509494856,-0.0235768509494856,0.0385600790656454
10.9419857642508,0,-0.0876235523401562,0,10.9419857642508,-0.0876235523401562,-0.0876235523401562,-0.0876235523401562,0.0336377588977628
9.567453602661,0,-0.0130573193727359,0,9.567453602661,-0.0130573193727359,-0.0130573193727359,-0.0130573193727359,0.0264340771076804
9.56764954052794,0,-0.00578932875863998,0,9.56764954052794,-0.00578932875863998,-0.00578932875863998,-0.00578932875863998,0.0288617279537588
9.58796747981615,0,0.00725905880614161,0,9.58796747981615,0.00725905880614161,0.00725905880614161,0.00725905880614161,0.0422687684348916
15.1454884083029,0,0.0687427351592194,0,15.1454884083029,0.0687427351592194,0.0687427351592194,0.0687427351592194,0.0334809714396658
9.72468903389732,0,0.0209196079014141,0,9.72468903389732,0.0209196079014141,0.0209196079014141,0.0209196079014141,0.0473210924820652
14.8412385484711,0,0.00805813747067324,0,14.8412385484711,0.00805813747067324,0.00805813747067324,0.00805813747067324,0.0331399934197975
10.6567948708008,0,0.0203455428827325,0,10.6567948708008,0.0203455428827325,0.0203455428827325,0.0203455428827325,0.0367174068081082
15.83958844307,0,0.0399832495665445,0,15.83958844307,0.0399832495665445,0.0399832495665445,0.0399832495665445,0.0130470310288665
17.7014293147066,0,0.0234372077444364,0,17.7014293147066,0.0234372077444364,0.0234372077444364,0.0234372077444364,0.0323786122878216
16.016217440795,0,-0.00369944404825601,0,16.016217440795,-0.00369944404825601,-0.00369944404825601,-0.00369944404825601,0.0376637682579198
21.1131806593051,0,-0.056056653152879,0,21.1131806593051,-0.056056653152879,-0.056056653152879,-0.056056653152879,0.033465829508006
12.511562118753,0,0.010653794636591,0,12.511562118753,0.010653794636591,0.010653794636591,0.010653794636591,0.0542734571116003
11.3110693140974,0,0.00982781565554414,0,11.3110693140974,0.00982781565554414,0.00982781565554414,0.00982781565554414,0.0152975413868066
19.3344521561619,0,-0.0178892890128142,0,19.3344521561619,-0.0178892890128142,-0.0178892890128142,-0.0178892890128142,0.0322365626104049
12.3671082351961,0,0.0210231372322994,0,12.3671082351961,0.0210231372322994,0.0210231372322994,0.0210231372322994,0.0160828742749283
12.3654554745313,0,-0.0686880413546458,0,12.3654554745313,-0.0686880413546458,-0.0686880413546458,-0.0686880413546458,0.0513325050706189
19.2556223171704,0,0.0285945738844167,0,19.2556223171704,0.0285945738844167,0.0285945738844167,0.0285945738844167,0.0139726523520546
34.7312424253189,0,0.00360906084633839,0,34.7312424253189,0.00360906084633839,0.00360906084633839,0.00360906084633839,0.017575833019559
54.7209102152747,0,0.0196726221291343,0,54.7209102152747,0.0196726221291343,0.0196726221291343,0.0196726221291343,0.0109274670854921
6.44620981534856,0,0.014846298512104,0,6.44620981534856,0.014846298512104,0.014846298512104,0.014846298512104,0.0608105741726415
13.7692792179168,0,0.045315959795906,0,13.7692792179168,0.045315959795906,0.045315959795906,0.045315959795906,0.0576659331255503
11.7030101268542,0,0.0664031592294417,0,11.7030101268542,0.0664031592294417,0.0664031592294417,0.0664031592294417,0.0318702419669784
7.36539602284415,0,-0.0247872150245361,0,7.36539602284415,-0.0247872150245361,-0.0247872150245361,-0.0247872150245361,0.114121672795408
7.17535910443418,0,0.0223584830888584,0,7.17535910443418,0.0223584830888584,0.0223584830888584,0.0223584830888584,0.0787357224553916
10.3934503295043,0,0.0619972167608137,0,10.3934503295043,0.0619972167608137,0.0619972167608137,0.0619972167608137,0.0947975137929517
11.8155784180346,0,0.132399483418963,0,11.8155784180346,0.132399483418963,0.132399483418963,0.132399483418963,0.0684128055131695
10.8363107906744,0,-0.028098390818107,0,10.8363107906744,-0.028098390818107,-0.028098390818107,-0.028098390818107,0.071926050301895
11.7003583105711,0,-0.00186774348468509,0,11.7003583105711,-0.00186774348468509,-0.00186774348468509,-0.00186774348468509,0.00589871207554302
14.1717804897526,0,0.027255899623745,0,14.1717804897526,0.027255899623745,0.027255899623745,0.027255899623745,0.0438772018708798
10.4916049522311,0,0.0132463173032987,0,10.4916049522311,0.0132463173032987,0.0132463173032987,0.0132463173032987,0.0267192917518445
17.4700053613048,0,-0.0184802916209333,0,17.4700053613048,-0.0184802916209333,-0.0184802916209333,-0.0184802916209333,0.0310328260487528
22.4190143092695,0,-0.000161199703742028,0,22.4190143092695,-0.000161199703742028,-0.000161199703742028,-0.000161199703742028,0.0167230245622351
23.3384346785706,0,0.0173424537425691,0,23.3384346785706,0.0173424537425691,0.0173424537425691,0.0173424537425691,0.0189266195413323
38.8851950923656,0,-0.0332412043876419,0,38.8851950923656,-0.0332412043876419,-0.0332412043876419,-0.0332412043876419,0.0285556564673136
18.868464140174,0,-0.0601138815581494,0,18.868464140174,-0.0601138815581494,-0.0601138815581494,-0.0601138815581494,0.0841243606959225
130.216227665708,0,0.0198117493038606,0,130.216227665708,0.0198117493038606,0.0198117493038606,0.0198117493038606,0.0277236387216602
9.87654480749694,0,-0.0946232449189078,0,9.87654480749694,-0.0946232449189078,-0.0946232449189078,-0.0946232449189078,0.0836731049469832
15.7641037476623,0,0.0452974152246685,0,15.7641037476623,0.0452974152246685,0.0452974152246685,0.0452974152246685,0.0222639606786319
13.2572895170701,0,-0.00547183825283213,0,13.2572895170701,-0.00547183825283213,-0.00547183825283213,-0.00547183825283213,0.0207932850711389
14.6101069409457,0,-0.0361151431713081,0,14.6101069409457,-0.0361151431713081,-0.0361151431713081,-0.0361151431713081,0.0853409147807967
8.10146185701589,0,0.0427555806686441,0,8.10146185701589,0.0427555806686441,0.0427555806686441,0.0427555806686441,0.0518433181255775
11.2420027298881,0,-0.0660500012093723,0,11.2420027298881,-0.0660500012093723,-0.0660500012093723,-0.0660500012093723,0.0384705888979592
25.0274800711776,0,-0.0187256249614442,0,25.0274800711776,-0.0187256249614442,-0.0187256249614442,-0.0187256249614442,0.0960019772095373
28.4056044215739,0,-0.0234835133541325,0,28.4056044215739,-0.0234835133541325,-0.0234835133541325,-0.0234835133541325,0.0460235649191708
9.44659083119766,0,-0.0979355343768668,0,9.44659083119766,-0.0979355343768668,-0.0979355343768668,-0.0979355343768668,0.106984919191722
10.6319539160187,0,0.00587821668928426,0,10.6319539160187,0.00587821668928426,0.00587821668928426,0.00587821668928426,0.0434639030773943
23.722803858762,0,0.00435490338959432,0,23.722803858762,0.00435490338959432,0.00435490338959432,0.00435490338959432,0.0172785731987079
NA,NA,NA,NA,NA,NA,NA,NA,NA
14.5501339822123,0,-0.0241508994853178,0,14.5501339822123,-0.0241508994853178,-0.0241508994853178,-0.0241508994853178,0.0112761190742462
6.82559417888738,0,-0.0208488602109932,0,6.82559417888738,-0.0208488602109932,-0.0208488602109932,-0.0208488602109932,0.0626238731585564
7.10118523761685,0,-0.0285278978712163,0,7.10118523761685,-0.0285278978712163,-0.0285278978712163,-0.0285278978712163,0.0595492352872805
8.39406695268219,0,0.0167837864563465,0,8.39406695268219,0.0167837864563465,0.0167837864563465,0.0167837864563465,0.0322473662392579
15.3813680380744,0,-0.0235768509494856,0,15.3813680380744,-0.0235768509494856,-0.0235768509494856,-0.0235768509494856,0.0385600790656454
10.9419857642508,0,-0.0876235523401562,0,10.9419857642508,-0.0876235523401562,-0.0876235523401562,-0.0876235523401562,0.0336377588977628
9.567453602661,0,-0.0130573193727359,0,9.567453602661,-0.0130573193727359,-0.0130573193727359,-0.0130573193727359,0.0264340771076804
9.56764954052794,0,-0.00578932875863998,0,9.56764954052794,-0.00578932875863998,-0.00578932875863998,-0.00578932875863998,0.0288617279537588
9.58796747981615,0,0.00725905880614161,0,9.58796747981615,0.00725905880614161,0.00725905880614161,0.00725905880614161,0.0422687684348916
15.1454884083029,0,0.0687427351592194,0,15.1454884083029,0.0687427351592194,0.0687427351592194,0.0687427351592194,0.0334809714396658
9.72468903389732,0,0.0209196079014141,0,9.72468903389732,0.0209196079014141,0.0209196079014141,0.0209196079014141,0.0473210924820652
14.8412385484711,0,0.00805813747067324,0,14.8412385484711,0.00805813747067324,0.00805813747067324,0.00805813747067324,0.0331399934197975
10.6567948708008,0,0.0203455428827325,0,10.6567948708008,0.0203455428827325,0.0203455428827325,0.0203455428827325,0.0367174068081082
15.83958844307,0,0.0399832495665445,0,15.83958844307,0.0399832495665445,0.0399832495665445,0.0399832495665445,0.0130470310288665
17.7014293147066,0,0.0234372077444364,0,17.7014293147066,0.0234372077444364,0.0234372077444364,0.0234372077444364,0.0323786122878216
16.016217440795,0,-0.00369944404825601,0,16.016217440795,-0.00369944404825601,-0.00369944404825601,-0.00369944404825601,0.0376637682579198
21.1131806593051,0,-0.056056653152879,0,21.1131806593051,-0.056056653152879,-0.056056653152879,-0.056056653152879,0.033465829508006
12.511562118753,0,0.010653794636591,0,12.511562118753,0.010653794636591,0.010653794636591,0.010653794636591,0.0542734571116003
11.3110693140974,0,0.00982781565554414,0,11.3110693140974,0.00982781565554414,0.00982781565554414,0.00982781565554414,0.0152975413868066
19.3344521561619,0,-0.0178892890128142,0,19.3344521561619,-0.0178892890128142,-0.0178892890128142,-0.0178892890128142,0.0322365626104049
12.3671082351961,0,0.0210231372322994,0,12.3671082351961,0.0210231372322994,0.0210231372322994,0.0210231372322994,0.0160828742749283
12.3654554745313,0,-0.0686880413546458,0,12.3654554745313,-0.0686880413546458,-0.0686880413546458,-0.0686880413546458,0.0513325050706189
19.2556223171704,0,0.0285945738844167,0,19.2556223171704,0.0285945738844167,0.0285945738844167,0.0285945738844167,0.0139726523520546
34.7312424253189,0,0.00360906084633839,0,34.7312424253189,0.00360906084633839,0.00360906084633839,0.00360906084633839,0.017575833019559
54.7209102152747,0,0.0196726221291343,0,54.7209102152747,0.0196726221291343,0.0196726221291343,0.0196726221291343,0.0109274670854921
6.44620981534856,0,0.014846298512104,0,6.44620981534856,0.014846298512104,0.014846298512104,0.014846298512104,0.0608105741726415
13.7692792179168,0,0.045315959795906,0,13.7692792179168,0.045315959795906,0.045315959795906,0.045315959795906,0.0576659331255503
11.7030101268542,0,0.0664031592294417,0,11.7030101268542,0.0664031592294417,0.0664031592294417,0.0664031592294417,0.0318702419669784
7.36539602284415,0,-0.0247872150245361,0,7.36539602284415,-0.0247872150245361,-0.0247872150245361,-0.0247872150245361,0.114121672795408
7.17535910443418,0,0.0223584830888584,0,7.17535910443418,0.0223584830888584,0.0223584830888584,0.0223584830888584,0.0787357224553916
10.3934503295043,0,0.0619972167608137,0,10.3934503295043,0.0619972167608137,0.0619972167608137,0.0619972167608137,0.0947975137929517
11.8155784180346,0,0.132399483418963,0,11.8155784180346,0.132399483418963,0.132399483418963,0.132399483418963,0.0684128055131695
10.8363107906744,0,-0.028098390818107,0,10.8363107906744,-0.028098390818107,-0.028098390818107,-0.028098390818107,0.071926050301895
11.7003583105711,0,-0.00186774348468509,0,11.7003583105711,-0.00186774348468509,-0.00186774348468509,-0.00186774348468509,0.00589871207554302
14.1717804897526,0,0.027255899623745,0,14.1717804897526,0.027255899623745,0.027255899623745,0.027255899623745,0.0438772018708798
10.4916049522311,0,0.0132463173032987,0,10.4916049522311,0.0132463173032987,0.0132463173032987,0.0132463173032987,0.0267192917518445
17.4700053613048,0,-0.0184802916209333,0,17.4700053613048,-0.0184802916209333,-0.0184802916209333,-0.0184802916209333,0.0310328260487528
22.4190143092695,0,-0.000161199703742028,0,22.4190143092695,-0.000161199703742028,-0.000161199703742028,-0.000161199703742028,0.0167230245622351
23.3384346785706,0,0.0173424537425691,0,23.3384346785706,0.0173424537425691,0.0173424537425691,0.0173424537425691,0.0189266195413323
38.8851950923656,0,-0.0332412043876419,0,38.8851950923656,-0.0332412043876419,-0.0332412043876419,-0.0332412043876419,0.0285556564673136
18.868464140174,0,-0.0601138815581494,0,18.868464140174,-0.0601138815581494,-0.0601138815581494,-0.0601138815581494,0.0841243606959225
130.216227665708,0,0.0198117493038606,0,130.216227665708,0.0198117493038606,0.0198117493038606,0.0198117493038606,0.0277236387216602
9.87654480749694,0,-0.0946232449189078,0,9.87654480749694,-0.0946232449189078,-0.0946232449189078,-0.0946232449189078,0.0836731049469832
15.7641037476623,0,0.0452974152246685,0,15.7641037476623,0.0452974152246685,0.0452974152246685,0.0452974152246685,0.0222639606786319
13.2572895170701,0,-0.00547183825283213,0,13.2572895170701,-0.00547183825283213,-0.00547183825283213,-0.00547183825283213,0.0207932850711389
14.6101069409457,0,-0.0361151431713081,0,14.6101069409457,-0.0361151431713081,-0.0361151431713081,-0.0361151431713081,0.0853409147807967
8.10146185701589,0,0.0427555806686441,0,8.10146185701589,0.0427555806686441,0.0427555806686441,0.0427555806686441,0.0518433181255775
11.2420027298881,0,-0.0660500012093723,0,11.2420027298881,-0.0660500012093723,-0.0660500012093723,-0.0660500012093723,0.0384705888979592
25.0274800711776,0,-0.0187256249614442,0,25.0274800711776,-0.0187256249614442,-0.0187256249614442,-0.0187256249614442,0.0960019772095373
28.4056044215739,0,-0.0234835133541325,0,28.4056044215739,-0.0234835133541325,-0.0234835133541325,-0.0234835133541325,0.0460235649191708
9.44659083119766,0,-0.0979355343768668,0,9.44659083119766,-0.0979355343768668,-0.0979355343768668,-0.0979355343768668,0.106984919191722
10.6319539160187,0,0.00587821668928426,0,10.6319539160187,0.00587821668928426,0.00587821668928426,0.00587821668928426,0.0434639030773943
23.722803858762,0,0.00435490338959432,0,23.722803858762,0.00435490338959432,0.00435490338959432,0.00435490338959432,0.0172785731987079
NA,NA,NA,NA,NA,NA,NA,NA,NA
14.5501339822123,0,-0.0241508994853178,0,14.5501339822123,-0.0241508994853178,-0.0241508994853178,-0.0241508994853178,0.0112761190742462
6.82559417888738,0,-0.0208488602109932,0,6.82559417888738,-0.0208488602109932,-0.0208488602109932,-0.0208488602109932,0.0626238731585564
7.10118523761685,0,-0.0285278978712163,0,7.10118523761685,-0.0285278978712163,-0.0285278978712163,-0.0285278978712163,0.0595492352872805
8.39406695268219,0,0.0167837864563465,0,8.39406695268219,0.0167837864563465,0.0167837864563465,0.0167837864563465,0.0322473662392579
15.3813680380744,0,-0.0235768509494856,0,15.3813680380744,-0.0235768509494856,-0.0235768509494856,-0.0235768509494856,0.0385600790656454
10.9419857642508,0,-0.0876235523401562,0,10.9419857642508,-0.0876235523401562,-0.0876235523401562,-0.0876235523401562,0.0336377588977628
9.567453602661,0,-0.0130573193727359,0,9.567453602661,-0.0130573193727359,-0.0130573193727359,-0.0130573193727359,0.0264340771076804
9.56764954052794,0,-0.00578932875863998,0,9.56764954052794,-0.00578932875863998,-0.00578932875863998,-0.00578932875863998,0.0288617279537588
9.58796747981615,0,0.00725905880614161,0,9.58796747981615,0.00725905880614161,0.00725905880614161,0.00725905880614161,0.0422687684348916
15.1454884083029,0,0.0687427351592194,0,15.1454884083029,0.0687427351592194,0.0687427351592194,0.0687427351592194,0.0334809714396658
9.72468903389732,0,0.0209196079014141,0,9.72468903389732,0.0209196079014141,0.0209196079014141,0.0209196079014141,0.0473210924820652
14.8412385484711,0,0.00805813747067324,0,14.8412385484711,0.00805813747067324,0.00805813747067324,0.00805813747067324,0.0331399934197975
10.6567948708008,0,0.0203455428827325,0,10.6567948708008,0.0203455428827325,0.0203455428827325,0.0203455428827325,0.0367174068081082
15.83958844307,0,0.0399832495665445,0,15.83958844307,0.0399832495665445,0.0399832495665445,0.0399832495665445,0.0130470310288665
17.7014293147066,0,0.0234372077444364,0,17.7014293147066,0.0234372077444364,0.0234372077444364,0.0234372077444364,0.0323786122878216
16.016217440795,0,-0.00369944404825601,0,16.016217440795,-0.00369944404825601,-0.00369944404825601,-0.00369944404825601,0.0376637682579198
21.1131806593051,0,-0.056056653152879,0,21.1131806593051,-0.056056653152879,-0.056056653152879,-0.056056653152879,0.033465829508006
12.511562118753,0,0.010653794636591,0,12.511562118753,0.010653794636591,0.010653794636591,0.010653794636591,0.0542734571116003
11.3110693140974,0,0.00982781565554414,0,11.3110693140974,0.00982781565554414,0.00982781565554414,0.00982781565554414,0.0152975413868066
19.3344521561619,0,-0.0178892890128142,0,19.3344521561619,-0.0178892890128142,-0.0178892890128142,-0.0178892890128142,0.0322365626104049
12.3671082351961,0,0.0210231372322994,0,12.3671082351961,0.0210231372322994,0.0210231372322994,0.0210231372322994,0.0160828742749283
12.3654554745313,0,-0.0686880413546458,0,12.3654554745313,-0.0686880413546458,-0.0686880413546458,-0.0686880413546458,0.0513325050706189
19.2556223171704,0,0.0285945738844167,0,19.2556223171704,0.0285945738844167,0.0285945738844167,0.0285945738844167,0.0139726523520546
34.7312424253189,0,0.00360906084633839,0,34.7312424253189,0.00360906084633839,0.00360906084633839,0.00360906084633839,0.017575833019559
54.7209102152747,0,0.0196726221291343,0,54.7209102152747,0.0196726221291343,0.0196726221291343,0.0196726221291343,0.0109274670854921
6.44620981534856,0,0.014846298512104,0,6.44620981534856,0.014846298512104,0.014846298512104,0.014846298512104,0.0608105741726415
13.7692792179168,0,0.045315959795906,0,13.7692792179168,0.045315959795906,0.045315959795906,0.045315959795906,0.0576659331255503
11.7030101268542,0,0.0664031592294417,0,11.7030101268542,0.0664031592294417,0.0664031592294417,0.0664031592294417,0.0318702419669784
7.36539602284415,0,-0.0247872150245361,0,7.36539602284415,-0.0247872150245361,-0.0247872150245361,-0.0247872150245361,0.114121672795408
7.17535910443418,0,0.0223584830888584,0,7.17535910443418,0.0223584830888584,0.0223584830888584,0.0223584830888584,0.0787357224553916
10.3934503295043,0,0.0619972167608137,0,10.3934503295043,0.0619972167608137,0.0619972167608137,0.0619972167608137,0.0947975137929517
11.8155784180346,0,0.132399483418963,0,11.8155784180346,0.132399483418963,0.132399483418963,0.132399483418963,0.0684128055131695
10.8363107906744,0,-0.028098390818107,0,10.8363107906744,-0.028098390818107,-0.028098390818107,-0.028098390818107,0.071926050301895
11.7003583105711,0,-0.00186774348468509,0,11.7003583105711,-0.00186774348468509,-0.00186774348468509,-0.00186774348468509,0.00589871207554302
14.1717804897526,0,0.027255899623745,0,14.1717804897526,0.027255899623745,0.027255899623745,0.027255899623745,0.0438772018708798
10.4916049522311,0,0.0132463173032987,0,10.4916049522311,0.0132463173032987,0.0132463173032987,0.0132463173032987,0.0267192917518445
17.4700053613048,0,-0.0184802916209333,0,17.4700053613048,-0.0184802916209333,-0.0184802916209333,-0.0184802916209333,0.0310328260487528
22.4190143092695,0,-0.000161199703742028,0,22.4190143092695,-0.000161199703742028,-0.000161199703742028,-0.000161199703742028,0.0167230245622351
23.3384346785706,0,0.0173424537425691,0,23.3384346785706,0.0173424537425691,0.0173424537425691,0.0173424537425691,0.0189266195413323
38.8851950923656,0,-0.0332412043876419,0,38.8851950923656,-0.0332412043876419,-0.0332412043876419,-0.0332412043876419,0.0285556564673136
18.868464140174,0,-0.0601138815581494,0,18.868464140174,-0.0601138815581494,-0.0601138815581494,-0.0601138815581494,0.0841243606959225
130.216227665708,0,0.0198117493038606,0,130.216227665708,0.0198117493038606,0.0198117493038606,0.0198117493038606,0.0277236387216602
9.87654480749694,0,-0.0946232449189078,0,9.87654480749694,-0.0946232449189078,-0.0946232449189078,-0.0946232449189078,0.0836731049469832
15.7641037476623,0,0.0452974152246685,0,15.7641037476623,0.0452974152246685,0.0452974152246685,0.0452974152246685,0.0222639606786319
13.2572895170701,0,-0.00547183825283213,0,13.2572895170701,-0.00547183825283213,-0.00547183825283213,-0.00547183825283213,0.0207932850711389
14.6101069409457,0,-0.0361151431713081,0,14.6101069409457,-0.0361151431713081,-0.0361151431713081,-0.0361151431713081,0.0853409147807967
8.10146185701589,0,0.0427555806686441,0,8.10146185701589,0.0427555806686441,0.0427555806686441,0.0427555806686441,0.0518433181255775
11.2420027298881,0,-0.0660500012093723,0,11.2420027298881,-0.0660500012093723,-0.0660500012093723,-0.0660500012093723,0.0384705888979592
25.0274800711776,0,-0.0187256249614442,0,25.0274800711776,-0.0187256249614442,-0.0187256249614442,-0.0187256249614442,0.0960019772095373
28.4056044215739,0,-0.0234835133541325,0,28.4056044215739,-0.0234835133541325,-0.0234835133541325,-0.0234835133541325,0.0460235649191708
9.44659083119766,0,-0.0979355343768668,0,9.44659083119766,-0.0979355343768668,-0.0979355343768668,-0.0979355343768668,0.106984919191722
10.6319539160187,0,0.00587821668928426,0,10.6319539160187,0.00587821668928426,0.00587821668928426,0.00587821668928426,0.0434639030773943
23.722803858762,0,0.00435490338959432,0,23.722803858762,0.00435490338959432,0.00435490338959432,0.00435490338959432,0.0172785731987079
NA,NA,NA,NA,NA,NA,NA,NA,NA
14.5501339822123,0,-0.0241508994853178,0,14.5501339822123,-0.0241508994853178,-0.0241508994853178,-0.0241508994853178,0.0112761190742462
6.82559417888738,0,-0.0208488602109932,0,6.82559417888738,-0.0208488602109932,-0.0208488602109932,-0.0208488602109932,0.0626238731585564
7.10118523761685,0,-0.0285278978712163,0,7.10118523761685,-0.0285278978712163,-0.0285278978712163,-0.0285278978712163,0.0595492352872805
8.39406695268219,0,0.0167837864563465,0,8.39406695268219,0.0167837864563465,0.0167837864563465,0.0167837864563465,0.0322473662392579
15.3813680380744,0,-0.0235768509494856,0,15.3813680380744,-0.0235768509494856,-0.0235768509494856,-0.0235768509494856,0.0385600790656454
10.9419857642508,0,-0.0876235523401562,0,10.9419857642508,-0.0876235523401562,-0.0876235523401562,-0.0876235523401562,0.0336377588977628
9.567453602661,0,-0.0130573193727359,0,9.567453602661,-0.0130573193727359,-0.0130573193727359,-0.0130573193727359,0.0264340771076804
9.56764954052794,0,-0.00578932875863998,0,9.56764954052794,-0.00578932875863998,-0.00578932875863998,-0.00578932875863998,0.0288617279537588
9.58796747981615,0,0.00725905880614161,0,9.58796747981615,0.00725905880614161,0.00725905880614161,0.00725905880614161,0.0422687684348916
15.1454884083029,0,0.0687427351592194,0,15.1454884083029,0.0687427351592194,0.0687427351592194,0.0687427351592194,0.0334809714396658
9.72468903389732,0,0.0209196079014141,0,9.72468903389732,0.0209196079014141,0.0209196079014141,0.0209196079014141,0.0473210924820652
14.8412385484711,0,0.00805813747067324,0,14.8412385484711,0.00805813747067324,0.00805813747067324,0.00805813747067324,0.0331399934197975
10.6567948708008,0,0.0203455428827325,0,10.6567948708008,0.0203455428827325,0.0203455428827325,0.0203455428827325,0.0367174068081082
15.83958844307,0,0.0399832495665445,0,15.83958844307,0.0399832495665445,0.0399832495665445,0.0399832495665445,0.0130470310288665
17.7014293147066,0,0.0234372077444364,0,17.7014293147066,0.0234372077444364,0.0234372077444364,0.0234372077444364,0.0323786122878216
16.016217440795,0,-0.00369944404825601,0,16.016217440795,-0.00369944404825601,-0.00369944404825601,-0.00369944404825601,0.0376637682579198
21.1131806593051,0,-0.056056653152879,0,21.1131806593051,-0.056056653152879,-0.056056653152879,-0.056056653152879,0.033465829508006
12.511562118753,0,0.010653794636591,0,12.511562118753,0.010653794636591,0.010653794636591,0.010653794636591,0.0542734571116003
11.3110693140974,0,0.00982781565554414,0,11.3110693140974,0.00982781565554414,0.00982781565554414,0.00982781565554414,0.0152975413868066
19.3344521561619,0,-0.0178892890128142,0,19.3344521561619,-0.0178892890128142,-0.0178892890128142,-0.0178892890128142,0.0322365626104049
12.3671082351961,0,0.0210231372322994,0,12.3671082351961,0.0210231372322994,0.0210231372322994,0.0210231372322994,0.0160828742749283
12.3654554745313,0,-0.0686880413546458,0,12.3654554745313,-0.0686880413546458,-0.0686880413546458,-0.0686880413546458,0.0513325050706189
19.2556223171704,0,0.0285945738844167,0,19.2556223171704,0.0285945738844167,0.0285945738844167,0.0285945738844167,0.0139726523520546
34.7312424253189,0,0.00360906084633839,0,34.7312424253189,0.00360906084633839,0.00360906084633839,0.00360906084633839,0.017575833019559
54.7209102152747,0,0.0196726221291343,0,54.7209102152747,0.0196726221291343,0.0196726221291343,0.0196726221291343,0.0109274670854921
6.44620981534856,0,0.014846298512104,0,6.44620981534856,0.014846298512104,0.014846298512104,0.014846298512104,0.0608105741726415
13.7692792179168,0,0.045315959795906,0,13.7692792179168,0.045315959795906,0.045315959795906,0.045315959795906,0.0576659331255503
11.7030101268542,0,0.0664031592294417,0,11.7030101268542,0.0664031592294417,0.0664031592294417,0.0664031592294417,0.0318702419669784
7.36539602284415,0,-0.0247872150245361,0,7.36539602284415,-0.0247872150245361,-0.0247872150245361,-0.0247872150245361,0.114121672795408
7.17535910443418,0,0.0223584830888584,0,7.17535910443418,0.0223584830888584,0.0223584830888584,0.0223584830888584,0.0787357224553916
10.3934503295043,0,0.0619972167608137,0,10.3934503295043,0.0619972167608137,0.0619972167608137,0.0619972167608137,0.0947975137929517
11.8155784180346,0,0.132399483418963,0,11.8155784180346,0.132399483418963,0.132399483418963,0.132399483418963,0.0684128055131695
10.8363107906744,0,-0.028098390818107,0,10.8363107906744,-0.028098390818107,-0.028098390818107,-0.028098390818107,0.071926050301895
11.7003583105711,0,-0.00186774348468509,0,11.7003583105711,-0.00186774348468509,-0.00186774348468509,-0.00186774348468509,0.00589871207554302
14.1717804897526,0,0.027255899623745,0,14.1717804897526,0.027255899623745,0.027255899623745,0.027255899623745,0.0438772018708798
10.4916049522311,0,0.0132463173032987,0,10.4916049522311,0.0132463173032987,0.0132463173032987,0.0132463173032987,0.0267192917518445
17.4700053613048,0,-0.0184802916209333,0,17.4700053613048,-0.0184802916209333,-0.0184802916209333,-0.0184802916209333,0.0310328260487528
22.4190143092695,0,-0.000161199703742028,0,22.4190143092695,-0.000161199703742028,-0.000161199703742028,-0.000161199703742028,0.0167230245622351
23.3384346785706,0,0.0173424537425691,0,23.3384346785706,0.0173424537425691,0.0173424537425691,0.0173424537425691,0.0189266195413323
38.8851950923656,0,-0.0332412043876419,0,38.8851950923656,-0.0332412043876419,-0.0332412043876419,-0.0332412043876419,0.0285556564673136
18.868464140174,0,-0.0601138815581494,0,18.868464140174,-0.0601138815581494,-0.0601138815581494,-0.0601138815581494,0.0841243606959225
130.216227665708,0,0.0198117493038606,0,130.216227665708,0.0198117493038606,0.0198117493038606,0.0198117493038606,0.0277236387216602
9.87654480749694,0,-0.0946232449189078,0,9.87654480749694,-0.0946232449189078,-0.0946232449189078,-0.0946232449189078,0.0836731049469832
15.7641037476623,0,0.0452974152246685,0,15.7641037476623,0.0452974152246685,0.0452974152246685,0.0452974152246685,0.0222639606786319
13.2572895170701,0,-0.00547183825283213,0,13.2572895170701,-0.00547183825283213,-0.00547183825283213,-0.00547183825283213,0.0207932850711389
14.6101069409457,0,-0.0361151431713081,0,14.6101069409457,-0.0361151431713081,-0.0361151431713081,-0.0361151431713081,0.0853409147807967
8.10146185701589,0,0.0427555806686441,0,8.10146185701589,0.0427555806686441,0.0427555806686441,0.0427555806686441,0.0518433181255775
11.2420027298881,0,-0.0660500012093723,0,11.2420027298881,-0.0660500012093723,-0.0660500012093723,-0.0660500012093723,0.0384705888979592
25.0274800711776,0,-0.0187256249614442,0,25.0274800711776,-0.0187256249614442,-0.0187256249614442,-0.0187256249614442,0.0960019772095373
28.4056044215739,0,-0.0234835133541325,0,28.4056044215739,-0.0234835133541325,-0.0234835133541325,-0.0234835133541325,0.0460235649191708
9.44659083119766,0,-0.0979355343768668,0,9.44659083119766,-0.0979355343768668,-0.0979355343768668,-0.0979355343768668,0.106984919191722
10.6319539160187,0,0.00587821668928426,0,10.6319539160187,0.00587821668928426,0.00587821668928426,0.00587821668928426,0.0434639030773943
23.722803858762,0,0.00435490338959432,0,23.722803858762,0.00435490338959432,0.00435490338959432,0.00435490338959432,0.0172785731987079
NA,NA,NA,NA,NA,NA,NA,NA,NA
14.5501339822123,0,-0.0241508994853178,0,14.5501339822123,-0.0241508994853178,-0.0241508994853178,-0.0241508994853178,0.0112761190742462
6.82559417888738,0,-0.0208488602109932,0,6.82559417888738,-0.0208488602109932,-0.0208488602109932,-0.0208488602109932,0.0626238731585564
7.10118523761685,0,-0.0285278978712163,0,7.10118523761685,-0.0285278978712163,-0.0285278978712163,-0.0285278978712163,0.0595492352872805
8.39406695268219,0,0.0167837864563465,0,8.39406695268219,0.0167837864563465,0.0167837864563465,0.0167837864563465,0.0322473662392579
15.3813680380744,0,-0.0235768509494856,0,15.3813680380744,-0.0235768509494856,-0.0235768509494856,-0.0235768509494856,0.0385600790656454
10.9419857642508,0,-0.0876235523401562,0,10.9419857642508,-0.0876235523401562,-0.0876235523401562,-0.0876235523401562,0.0336377588977628
9.567453602661,0,-0.0130573193727359,0,9.567453602661,-0.0130573193727359,-0.0130573193727359,-0.0130573193727359,0.0264340771076804
9.56764954052794,0,-0.00578932875863998,0,9.56764954052794,-0.00578932875863998,-0.00578932875863998,-0.00578932875863998,0.0288617279537588
9.58796747981615,0,0.00725905880614161,0,9.58796747981615,0.00725905880614161,0.00725905880614161,0.00725905880614161,0.0422687684348916
15.1454884083029,0,0.0687427351592194,0,15.1454884083029,0.0687427351592194,0.0687427351592194,0.0687427351592194,0.0334809714396658
9.72468903389732,0,0.0209196079014141,0,9.72468903389732,0.0209196079014141,0.0209196079014141,0.0209196079014141,0.0473210924820652
14.8412385484711,0,0.00805813747067324,0,14.8412385484711,0.00805813747067324,0.00805813747067324,0.00805813747067324,0.0331399934197975
10.6567948708008,0,0.0203455428827325,0,10.6567948708008,0.0203455428827325,0.0203455428827325,0.0203455428827325,0.0367174068081082
15.83958844307,0,0.0399832495665445,0,15.83958844307,0.0399832495665445,0.0399832495665445,0.0399832495665445,0.0130470310288665
17.7014293147066,0,0.0234372077444364,0,17.7014293147066,0.0234372077444364,0.0234372077444364,0.0234372077444364,0.0323786122878216
16.016217440795,0,-0.00369944404825601,0,16.016217440795,-0.00369944404825601,-0.00369944404825601,-0.00369944404825601,0.0376637682579198
21.1131806593051,0,-0.056056653152879,0,21.1131806593051,-0.056056653152879,-0.056056653152879,-0.056056653152879,0.033465829508006
12.511562118753,0,0.010653794636591,0,12.511562118753,0.010653794636591,0.010653794636591,0.010653794636591,0.0542734571116003
11.3110693140974,0,0.00982781565554414,0,11.3110693140974,0.00982781565554414,0.00982781565554414,0.00982781565554414,0.0152975413868066
19.3344521561619,0,-0.0178892890128142,0,19.3344521561619,-0.0178892890128142,-0.0178892890128142,-0.0178892890128142,0.0322365626104049
12.3671082351961,0,0.0210231372322994,0,12.3671082351961,0.0210231372322994,0.0210231372322994,0.0210231372322994,0.0160828742749283
12.3654554745313,0,-0.0686880413546458,0,12.3654554745313,-0.0686880413546458,-0.0686880413546458,-0.0686880413546458,0.0513325050706189
19.2556223171704,0,0.0285945738844167,0,19.2556223171704,0.0285945738844167,0.0285945738844167,0.0285945738844167,0.0139726523520546
34.7312424253189,0,0.00360906084633839,0,34.7312424253189,0.00360906084633839,0.00360906084633839,0.00360906084633839,0.017575833019559
54.7209102152747,0,0.0196726221291343,0,54.7209102152747,0.0196726221291343,0.0196726221291343,0.0196726221291343,0.0109274670854921
6.44620981534856,0,0.014846298512104,0,6.44620981534856,0.014846298512104,0.014846298512104,0.014846298512104,0.0608105741726415
13.7692792179168,0,0.045315959795906,0,13.7692792179168,0.045315959795906,0.045315959795906,0.045315959795906,0.0576659331255503
11.7030101268542,0,0.0664031592294417,0,11.7030101268542,0.0664031592294417,0.0664031592294417,0.0664031592294417,0.0318702419669784
7.36539602284415,0,-0.0247872150245361,0,7.36539602284415,-0.0247872150245361,-0.0247872150245361,-0.0247872150245361,0.114121672795408
7.17535910443418,0,0.0223584830888584,0,7.17535910443418,0.0223584830888584,0.0223584830888584,0.0223584830888584,0.0787357224553916
10.3934503295043,0,0.0619972167608137,0,10.3934503295043,0.0619972167608137,0.0619972167608137,0.0619972167608137,0.0947975137929517
11.8155784180346,0,0.132399483418963,0,11.8155784180346,0.132399483418963,0.132399483418963,0.132399483418963,0.0684128055131695
10.8363107906744,0,-0.028098390818107,0,10.8363107906744,-0.028098390818107,-0.028098390818107,-0.028098390818107,0.071926050301895
11.7003583105711,0,-0.00186774348468509,0,11.7003583105711,-0.00186774348468509,-0.00186774348468509,-0.00186774348468509,0.00589871207554302
14.1717804897526,0,0.027255899623745,0,14.1717804897526,0.027255899623745,0.027255899623745,0.027255899623745,0.0438772018708798
10.4916049522311,0,0.0132463173032987,0,10.4916049522311,0.0132463173032987,0.0132463173032987,0.0132463173032987,0.0267192917518445
17.4700053613048,0,-0.0184802916209333,0,17.4700053613048,-0.0184802916209333,-0.0184802916209333,-0.0184802916209333,0.0310328260487528
22.4190143092695,0,-0.000161199703742028,0,22.4190143092695,-0.000161199703742028,-0.000161199703742028,-0.000161199703742028,0.0167230245622351
23.3384346785706,0,0.0173424537425691,0,23.3384346785706,0.0173424537425691,0.0173424537425691,0.0173424537425691,0.0189266195413323
38.8851950923656,0,-0.0332412043876419,0,38.8851950923656,-0.0332412043876419,-0.0332412043876419,-0.0332412043876419,0.0285556564673136
18.868464140174,0,-0.0601138815581494,0,18.868464140174,-0.0601138815581494,-0.0601138815581494,-0.0601138815581494,0.0841243606959225
130.216227665708,0,0.0198117493038606,0,130.216227665708,0.0198117493038606,0.0198117493038606,0.0198117493038606,0.0277236387216602
9.87654480749694,0,-0.0946232449189078,0,9.87654480749694,-0.0946232449189078,-0.0946232449189078,-0.0946232449189078,0.0836731049469832
15.7641037476623,0,0.0452974152246685,0,15.7641037476623,0.0452974152246685,0.0452974152246685,0.0452974152246685,0.0222639606786319
13.2572895170701,0,-0.00547183825283213,0,13.2572895170701,-0.00547183825283213,-0.00547183825283213,-0.00547183825283213,0.0207932850711389
14.6101069409457,0,-0.0361151431713081,0,14.6101069409457,-0.0361151431713081,-0.0361151431713081,-0.0361151431713081,0.0853409147807967
8.10146185701589,0,0.0427555806686441,0,8.10146185701589,0.0427555806686441,0.0427555806686441,0.0427555806686441,0.0518433181255775
11.2420027298881,0,-0.0660500012093723,0,11.2420027298881,-0.0660500012093723,-0.0660500012093723,-0.0660500012093723,0.0384705888979592
25.0274800711776,0,-0.0187256249614442,0,25.0274800711776,-0.0187256249614442,-0.0187256249614442,-0.0187256249614442,0.0960019772095373
28.4056044215739,0,-0.0234835133541325,0,28.4056044215739,-0.0234835133541325,-0.0234835133541325,-0.0234835133541325,0.0460235649191708
9.44659083119766,0,-0.0979355343768668,0,9.44659083119766,-0.0979355343768668,-0.0979355343768668,-0.0979355343768668,0.106984919191722
10.6319539160187,0,0.00587821668928426,0,10.6319539160187,0.00587821668928426,0.00587821668928426,0.00587821668928426,0.0434639030773943
23.722803858762,0,0.00435490338959432,0,23.722803858762,0.00435490338959432,0.00435490338959432,0.00435490338959432,0.0172785731987079
NA,NA,NA,NA,NA,NA,NA,NA,NA
14.5501339822123,0,-0.0241508994853178,0,14.5501339822123,-0.0241508994853178,-0.0241508994853178,-0.0241508994853178,0.0112761190742462
6.82559417888738,0,-0.0208488602109932,0,6.82559417888738,-0.0208488602109932,-0.0208488602109932,-0.0208488602109932,0.0626238731585564
7.10118523761685,0,-0.0285278978712163,0,7.10118523761685,-0.0285278978712163,-0.0285278978712163,-0.0285278978712163,0.0595492352872805
8.39406695268219,0,0.0167837864563465,0,8.39406695268219,0.0167837864563465,0.0167837864563465,0.0167837864563465,0.0322473662392579
15.3813680380744,0,-0.0235768509494856,0,15.3813680380744,-0.0235768509494856,-0.0235768509494856,-0.0235768509494856,0.0385600790656454
10.9419857642508,0,-0.0876235523401562,0,10.9419857642508,-0.0876235523401562,-0.0876235523401562,-0.0876235523401562,0.0336377588977628
9.567453602661,0,-0.0130573193727359,0,9.567453602661,-0.0130573193727359,-0.0130573193727359,-0.0130573193727359,0.0264340771076804
9.56764954052794,0,-0.00578932875863998,0,9.56764954052794,-0.00578932875863998,-0.00578932875863998,-0.00578932875863998,0.0288617279537588
9.58796747981615,0,0.00725905880614161,0,9.58796747981615,0.00725905880614161,0.00725905880614161,0.00725905880614161,0.0422687684348916
15.1454884083029,0,0.0687427351592194,0,15.1454884083029,0.0687427351592194,0.0687427351592194,0.0687427351592194,0.0334809714396658
9.72468903389732,0,0.0209196079014141,0,9.72468903389732,0.0209196079014141,0.0209196079014141,0.0209196079014141,0.0473210924820652
14.8412385484711,0,0.00805813747067324,0,14.8412385484711,0.00805813747067324,0.00805813747067324,0.00805813747067324,0.0331399934197975
10.6567948708008,0,0.0203455428827325,0,10.6567948708008,0.0203455428827325,0.0203455428827325,0.0203455428827325,0.0367174068081082
15.83958844307,0,0.0399832495665445,0,15.83958844307,0.0399832495665445,0.0399832495665445,0.0399832495665445,0.0130470310288665
17.7014293147066,0,0.0234372077444364,0,17.7014293147066,0.0234372077444364,0.0234372077444364,0.0234372077444364,0.0323786122878216
16.016217440795,0,-0.00369944404825601,0,16.016217440795,-0.00369944404825601,-0.00369944404825601,-0.00369944404825601,0.0376637682579198
21.1131806593051,0,-0.056056653152879,0,21.1131806593051,-0.056056653152879,-0.056056653152879,-0.056056653152879,0.033465829508006
12.511562118753,0,0.010653794636591,0,12.511562118753,0.010653794636591,0.010653794636591,0.010653794636591,0.0542734571116003
11.3110693140974,0,0.00982781565554414,0,11.3110693140974,0.00982781565554414,0.00982781565554414,0.00982781565554414,0.0152975413868066
19.3344521561619,0,-0.0178892890128142,0,19.3344521561619,-0.0178892890128142,-0.0178892890128142,-0.0178892890128142,0.0322365626104049
12.3671082351961,0,0.0210231372322994,0,12.3671082351961,0.0210231372322994,0.0210231372322994,0.0210231372322994,0.0160828742749283
12.3654554745313,0,-0.0686880413546458,0,12.3654554745313,-0.0686880413546458,-0.0686880413546458,-0.0686880413546458,0.0513325050706189
19.2556223171704,0,0.0285945738844167,0,19.2556223171704,0.0285945738844167,0.0285945738844167,0.0285945738844167,0.0139726523520546
34.7312424253189,0,0.00360906084633839,0,34.7312424253189,0.00360906084633839,0.00360906084633839,0.00360906084633839,0.017575833019559
54.7209102152747,0,0.0196726221291343,0,54.7209102152747,0.0196726221291343,0.0196726221291343,0.0196726221291343,0.0109274670854921
6.44620981534856,0,0.014846298512104,0,6.44620981534856,0.014846298512104,0.014846298512104,0.014846298512104,0.0608105741726415
13.7692792179168,0,0.045315959795906,0,13.7692792179168,0.045315959795906,0.045315959795906,0.045315959795906,0.0576659331255503
11.7030101268542,0,0.0664031592294417,0,11.7030101268542,0.0664031592294417,0.0664031592294417,0.0664031592294417,0.0318702419669784
7.36539602284415,0,-0.0247872150245361,0,7.36539602284415,-0.0247872150245361,-0.0247872150245361,-0.0247872150245361,0.114121672795408
7.17535910443418,0,0.0223584830888584,0,7.17535910443418,0.0223584830888584,0.0223584830888584,0.0223584830888584,0.0787357224553916
10.3934503295043,0,0.0619972167608137,0,10.3934503295043,0.0619972167608137,0.0619972167608137,0.0619972167608137,0.0947975137929517
11.8155784180346,0,0.132399483418963,0,11.8155784180346,0.132399483418963,0.132399483418963,0.132399483418963,0.0684128055131695
10.8363107906744,0,-0.028098390818107,0,10.8363107906744,-0.028098390818107,-0.028098390818107,-0.028098390818107,0.071926050301895
11.7003583105711,0,-0.00186774348468509,0,11.7003583105711,-0.00186774348468509,-0.00186774348468509,-0.00186774348468509,0.00589871207554302
14.1717804897526,0,0.027255899623745,0,14.1717804897526,0.027255899623745,0.027255899623745,0.027255899623745,0.0438772018708798
10.4916049522311,0,0.0132463173032987,0,10.4916049522311,0.0132463173032987,0.0132463173032987,0.0132463173032987,0.0267192917518445
17.4700053613048,0,-0.0184802916209333,0,17.4700053613048,-0.0184802916209333,-0.0184802916209333,-0.0184802916209333,0.0310328260487528
22.4190143092695,0,-0.000161199703742028,0,22.4190143092695,-0.000161199703742028,-0.000161199703742028,-0.000161199703742028,0.0167230245622351
23.3384346785706,0,0.0173424537425691,0,23.3384346785706,0.0173424537425691,0.0173424537425691,0.0173424537425691,0.0189266195413323
38.8851950923656,0,-0.0332412043876419,0,38.8851950923656,-0.0332412043876419,-0.0332412043876419,-0.0332412043876419,0.0285556564673136
18.868464140174,0,-0.0601138815581494,0,18.868464140174,-0.0601138815581494,-0.0601138815581494,-0.0601138815581494,0.0841243606959225
130.216227665708,0,0.0198117493038606,0,130.216227665708,0.0198117493038606,0.0198117493038606,0.0198117493038606,0.0277236387216602
9.87654480749694,0,-0.0946232449189078,0,9.87654480749694,-0.0946232449189078,-0.0946232449189078,-0.0946232449189078,0.0836731049469832
15.7641037476623,0,0.0452974152246685,0,15.7641037476623,0.0452974152246685,0.0452974152246685,0.0452974152246685,0.0222639606786319
13.2572895170701,0,-0.00547183825283213,0,13.2572895170701,-0.00547183825283213,-0.00547183825283213,-0.00547183825283213,0.0207932850711389
14.6101069409457,0,-0.0361151431713081,0,14.6101069409457,-0.0361151431713081,-0.0361151431713081,-0.0361151431713081,0.0853409147807967
8.10146185701589,0,0.0427555806686441,0,8.10146185701589,0.0427555806686441,0.0427555806686441,0.0427555806686441,0.0518433181255775
11.2420027298881,0,-0.0660500012093723,0,11.2420027298881,-0.0660500012093723,-0.0660500012093723,-0.0660500012093723,0.0384705888979592
25.0274800711776,0,-0.0187256249614442,0,25.0274800711776,-0.0187256249614442,-0.0187256249614442,-0.0187256249614442,0.0960019772095373
28.4056044215739,0,-0.0234835133541325,0,28.4056044215739,-0.0234835133541325,-0.0234835133541325,-0.0234835133541325,0.0460235649191708
9.44659083119766,0,-0.0979355343768668,0,9.44659083119766,-0.0979355343768668,-0.0979355343768668,-0.0979355343768668,0.106984919191722
10.6319539160187,0,0.00587821668928426,0,10.6319539160187,0.00587821668928426,0.00587821668928426,0.00587821668928426,0.0434639030773943
23.722803858762,0,0.00435490338959432,0,23.722803858762,0.00435490338959432,0.00435490338959432,0.00435490338959432,0.0172785731987079
NA,NA,NA,NA,NA,NA,NA,NA,NA
14.5501339822123,0,-0.0241508994853178,0,14.5501339822123,-0.0241508994853178,-0.0241508994853178,-0.0241508994853178,0.0112761190742462
6.82559417888738,0,-0.0208488602109932,0,6.82559417888738,-0.0208488602109932,-0.0208488602109932,-0.0208488602109932,0.0626238731585564
7.10118523761685,0,-0.0285278978712163,0,7.10118523761685,-0.0285278978712163,-0.0285278978712163,-0.0285278978712163,0.0595492352872805
8.39406695268219,0,0.0167837864563465,0,8.39406695268219,0.0167837864563465,0.0167837864563465,0.0167837864563465,0.0322473662392579
15.3813680380744,0,-0.0235768509494856,0,15.3813680380744,-0.0235768509494856,-0.0235768509494856,-0.0235768509494856,0.0385600790656454
10.9419857642508,0,-0.0876235523401562,0,10.9419857642508,-0.0876235523401562,-0.0876235523401562,-0.0876235523401562,0.0336377588977628
9.567453602661,0,-0.0130573193727359,0,9.567453602661,-0.0130573193727359,-0.0130573193727359,-0.0130573193727359,0.0264340771076804
9.56764954052794,0,-0.00578932875863998,0,9.56764954052794,-0.00578932875863998,-0.00578932875863998,-0.00578932875863998,0.0288617279537588
9.58796747981615,0,0.00725905880614161,0,9.58796747981615,0.00725905880614161,0.00725905880614161,0.00725905880614161,0.0422687684348916
15.1454884083029,0,0.0687427351592194,0,15.1454884083029,0.0687427351592194,0.0687427351592194,0.0687427351592194,0.0334809714396658
9.72468903389732,0,0.0209196079014141,0,9.72468903389732,0.0209196079014141,0.0209196079014141,0.0209196079014141,0.0473210924820652
14.8412385484711,0,0.00805813747067324,0,14.8412385484711,0.00805813747067324,0.00805813747067324,0.00805813747067324,0.0331399934197975
10.6567948708008,0,0.0203455428827325,0,10.6567948708008,0.0203455428827325,0.0203455428827325,0.0203455428827325,0.0367174068081082
15.83958844307,0,0.0399832495665445,0,15.83958844307,0.0399832495665445,0.0399832495665445,0.0399832495665445,0.0130470310288665
17.7014293147066,0,0.0234372077444364,0,17.7014293147066,0.0234372077444364,0.0234372077444364,0.0234372077444364,0.0323786122878216
16.016217440795,0,-0.00369944404825601,0,16.016217440795,-0.00369944404825601,-0.00369944404825601,-0.00369944404825601,0.0376637682579198
21.1131806593051,0,-0.056056653152879,0,21.1131806593051,-0.056056653152879,-0.056056653152879,-0.056056653152879,0.033465829508006
12.511562118753,0,0.010653794636591,0,12.511562118753,0.010653794636591,0.010653794636591,0.010653794636591,0.0542734571116003
11.3110693140974,0,0.00982781565554414,0,11.3110693140974,0.00982781565554414,0.00982781565554414,0.00982781565554414,0.0152975413868066
19.3344521561619,0,-0.0178892890128142,0,19.3344521561619,-0.0178892890128142,-0.0178892890128142,-0.0178892890128142,0.0322365626104049
12.3671082351961,0,0.0210231372322994,0,12.3671082351961,0.0210231372322994,0.0210231372322994,0.0210231372322994,0.0160828742749283
12.3654554745313,0,-0.0686880413546458,0,12.3654554745313,-0.0686880413546458,-0.0686880413546458,-0.0686880413546458,0.0513325050706189
19.2556223171704,0,0.0285945738844167,0,19.2556223171704,0.0285945738844167,0.0285945738844167,0.0285945738844167,0.0139726523520546
34.7312424253189,0,0.00360906084633839,0,34.7312424253189,0.00360906084633839,0.00360906084633839,0.00360906084633839,0.017575833019559
54.7209102152747,0,0.0196726221291343,0,54.7209102152747,0.0196726221291343,0.0196726221291343,0.0196726221291343,0.0109274670854921
6.44620981534856,0,0.014846298512104,0,6.44620981534856,0.014846298512104,0.014846298512104,0.014846298512104,0.0608105741726415
13.7692792179168,0,0.045315959795906,0,13.7692792179168,0.045315959795906,0.045315959795906,0.045315959795906,0.0576659331255503
11.7030101268542,0,0.0664031592294417,0,11.7030101268542,0.0664031592294417,0.0664031592294417,0.0664031592294417,0.0318702419669784
7.36539602284415,0,-0.0247872150245361,0,7.36539602284415,-0.0247872150245361,-0.0247872150245361,-0.0247872150245361,0.114121672795408
7.17535910443418,0,0.0223584830888584,0,7.17535910443418,0.0223584830888584,0.0223584830888584,0.0223584830888584,0.0787357224553916
10.3934503295043,0,0.0619972167608137,0,10.3934503295043,0.0619972167608137,0.0619972167608137,0.0619972167608137,0.0947975137929517
11.8155784180346,0,0.132399483418963,0,11.8155784180346,0.132399483418963,0.132399483418963,0.132399483418963,0.0684128055131695
10.8363107906744,0,-0.028098390818107,0,10.8363107906744,-0.028098390818107,-0.028098390818107,-0.028098390818107,0.071926050301895
11.7003583105711,0,-0.00186774348468509,0,11.7003583105711,-0.00186774348468509,-0.00186774348468509,-0.00186774348468509,0.00589871207554302
14.1717804897526,0,0.027255899623745,0,14.1717804897526,0.027255899623745,0.027255899623745,0.027255899623745,0.0438772018708798
10.4916049522311,0,0.0132463173032987,0,10.4916049522311,0.0132463173032987,0.0132463173032987,0.0132463173032987,0.0267192917518445
17.4700053613048,0,-0.0184802916209333,0,17.4700053613048,-0.0184802916209333,-0.0184802916209333,-0.0184802916209333,0.0310328260487528
22.4190143092695,0,-0.000161199703742028,0,22.4190143092695,-0.000161199703742028,-0.000161199703742028,-0.000161199703742028,0.0167230245622351
23.3384346785706,0,0.0173424537425691,0,23.3384346785706,0.0173424537425691,0.0173424537425691,0.0173424537425691,0.0189266195413323
38.8851950923656,0,-0.0332412043876419,0,38.8851950923656,-0.0332412043876419,-0.0332412043876419,-0.0332412043876419,0.0285556564673136
18.868464140174,0,-0.0601138815581494,0,18.868464140174,-0.0601138815581494,-0.0601138815581494,-0.0601138815581494,0.0841243606959225
130.216227665708,0,0.0198117493038606,0,130.216227665708,0.0198117493038606,0.0198117493038606,0.0198117493038606,0.0277236387216602
9.87654480749694,0,-0.0946232449189078,0,9.87654480749694,-0.0946232449189078,-0.0946232449189078,-0.0946232449189078,0.0836731049469832
15.7641037476623,0,0.0452974152246685,0,15.7641037476623,0.0452974152246685,0.0452974152246685,0.0452974152246685,0.0222639606786319
13.2572895170701,0,-0.00547183825283213,0,13.2572895170701,-0.00547183825283213,-0.00547183825283213,-0.00547183825283213,0.0207932850711389
14.6101069409457,0,-0.0361151431713081,0,14.6101069409457,-0.0361151431713081,-0.0361151431713081,-0.0361151431713081,0.0853409147807967
8.10146185701589,0,0.0427555806686441,0,8.10146185701589,0.0427555806686441,0.0427555806686441,0.0427555806686441,0.0518433181255775
11.2420027298881,0,-0.0660500012093723,0,11.2420027298881,-0.0660500012093723,-0.0660500012093723,-0.0660500012093723,0.0384705888979592
25.0274800711776,0,-0.0187256249614442,0,25.0274800711776,-0.0187256249614442,-0.0187256249614442,-0.0187256249614442,0.0960019772095373
28.4056044215739,0,-0.0234835133541325,0,28.4056044215739,-0.0234835133541325,-0.0234835133541325,-0.0234835133541325,0.0460235649191708
9.44659083119766,0,-0.0979355343768668,0,9.44659083119766,-0.0979355343768668,-0.0979355343768668,-0.0979355343768668,0.106984919191722
10.6319539160187,0,0.00587821668928426,0,10.6319539160187,0.00587821668928426,0.00587821668928426,0.00587821668928426,0.0434639030773943
23.722803858762,0,0.00435490338959432,0,23.722803858762,0.00435490338959432,0.00435490338959432,0.00435490338959432,0.0172785731987079
NA,NA,NA,NA,NA,NA,NA,NA,NA
14.5501339822123,0,-0.0241508994853178,0,14.5501339822123,-0.0241508994853178,-0.0241508994853178,-0.0241508994853178,0.0112761190742462
6.82559417888738,0,-0.0208488602109932,0,6.82559417888738,-0.0208488602109932,-0.0208488602109932,-0.0208488602109932,0.0626238731585564
7.10118523761685,0,-0.0285278978712163,0,7.10118523761685,-0.0285278978712163,-0.0285278978712163,-0.0285278978712163,0.0595492352872805
8.39406695268219,0,0.0167837864563465,0,8.39406695268219,0.0167837864563465,0.0167837864563465,0.0167837864563465,0.0322473662392579
15.3813680380744,0,-0.0235768509494856,0,15.3813680380744,-0.0235768509494856,-0.0235768509494856,-0.0235768509494856,0.0385600790656454
10.9419857642508,0,-0.0876235523401562,0,10.9419857642508,-0.0876235523401562,-0.0876235523401562,-0.0876235523401562,0.0336377588977628
9.567453602661,0,-0.0130573193727359,0,9.567453602661,-0.0130573193727359,-0.0130573193727359,-0.0130573193727359,0.0264340771076804
9.56764954052794,0,-0.00578932875863998,0,9.56764954052794,-0.00578932875863998,-0.00578932875863998,-0.00578932875863998,0.0288617279537588
9.58796747981615,0,0.00725905880614161,0,9.58796747981615,0.00725905880614161,0.00725905880614161,0.00725905880614161,0.0422687684348916
15.1454884083029,0,0.0687427351592194,0,15.1454884083029,0.0687427351592194,0.0687427351592194,0.0687427351592194,0.0334809714396658
9.72468903389732,0,0.0209196079014141,0,9.72468903389732,0.0209196079014141,0.0209196079014141,0.0209196079014141,0.0473210924820652
14.8412385484711,0,0.00805813747067324,0,14.8412385484711,0.00805813747067324,0.00805813747067324,0.00805813747067324,0.0331399934197975
10.6567948708008,0,0.0203455428827325,0,10.6567948708008,0.0203455428827325,0.0203455428827325,0.0203455428827325,0.0367174068081082
15.83958844307,0,0.0399832495665445,0,15.83958844307,0.0399832495665445,0.0399832495665445,0.0399832495665445,0.0130470310288665
17.7014293147066,0,0.0234372077444364,0,17.7014293147066,0.0234372077444364,0.0234372077444364,0.0234372077444364,0.0323786122878216
16.016217440795,0,-0.00369944404825601,0,16.016217440795,-0.00369944404825601,-0.00369944404825601,-0.00369944404825601,0.0376637682579198
21.1131806593051,0,-0.056056653152879,0,21.1131806593051,-0.056056653152879,-0.056056653152879,-0.056056653152879,0.033465829508006
12.511562118753,0,0.010653794636591,0,12.511562118753,0.010653794636591,0.010653794636591,0.010653794636591,0.0542734571116003
11.3110693140974,0,0.00982781565554414,0,11.3110693140974,0.00982781565554414,0.00982781565554414,0.00982781565554414,0.0152975413868066
19.3344521561619,0,-0.0178892890128142,0,19.3344521561619,-0.0178892890128142,-0.0178892890128142,-0.0178892890128142,0.0322365626104049
12.3671082351961,0,0.0210231372322994,0,12.3671082351961,0.0210231372322994,0.0210231372322994,0.0210231372322994,0.0160828742749283
12.3654554745313,0,-0.0686880413546458,0,12.3654554745313,-0.0686880413546458,-0.0686880413546458,-0.0686880413546458,0.0513325050706189
19.2556223171704,0,0.0285945738844167,0,19.2556223171704,0.0285945738844167,0.0285945738844167,0.0285945738844167,0.0139726523520546
34.7312424253189,0,0.00360906084633839,0,34.7312424253189,0.00360906084633839,0.00360906084633839,0.00360906084633839,0.017575833019559
54.7209102152747,0,0.0196726221291343,0,54.7209102152747,0.0196726221291343,0.0196726221291343,0.0196726221291343,0.0109274670854921
6.44620981534856,0,0.014846298512104,0,6.44620981534856,0.014846298512104,0.014846298512104,0.014846298512104,0.0608105741726415
13.7692792179168,0,0.045315959795906,0,13.7692792179168,0.045315959795906,0.045315959795906,0.045315959795906,0.0576659331255503
11.7030101268542,0,0.0664031592294417,0,11.7030101268542,0.0664031592294417,0.0664031592294417,0.0664031592294417,0.0318702419669784
7.36539602284415,0,-0.0247872150245361,0,7.36539602284415,-0.0247872150245361,-0.0247872150245361,-0.0247872150245361,0.114121672795408
7.17535910443418,0,0.0223584830888584,0,7.17535910443418,0.0223584830888584,0.0223584830888584,0.0223584830888584,0.0787357224553916
10.3934503295043,0,0.0619972167608137,0,10.3934503295043,0.0619972167608137,0.0619972167608137,0.0619972167608137,0.0947975137929517
11.8155784180346,0,0.132399483418963,0,11.8155784180346,0.132399483418963,0.132399483418963,0.132399483418963,0.0684128055131695
10.8363107906744,0,-0.028098390818107,0,10.8363107906744,-0.028098390818107,-0.028098390818107,-0.028098390818107,0.071926050301895
11.7003583105711,0,-0.00186774348468509,0,11.7003583105711,-0.00186774348468509,-0.00186774348468509,-0.00186774348468509,0.00589871207554302
14.1717804897526,0,0.027255899623745,0,14.1717804897526,0.027255899623745,0.027255899623745,0.027255899623745,0.0438772018708798
10.4916049522311,0,0.0132463173032987,0,10.4916049522311,0.0132463173032987,0.0132463173032987,0.0132463173032987,0.0267192917518445
17.4700053613048,0,-0.0184802916209333,0,17.4700053613048,-0.0184802916209333,-0.0184802916209333,-0.0184802916209333,0.0310328260487528
22.4190143092695,0,-0.000161199703742028,0,22.4190143092695,-0.000161199703742028,-0.000161199703742028,-0.000161199703742028,0.0167230245622351
23.3384346785706,0,0.0173424537425691,0,23.3384346785706,0.0173424537425691,0.0173424537425691,0.0173424537425691,0.0189266195413323
38.8851950923656,0,-0.0332412043876419,0,38.8851950923656,-0.0332412043876419,-0.0332412043876419,-0.0332412043876419,0.0285556564673136
18.868464140174,0,-0.0601138815581494,0,18.868464140174,-0.0601138815581494,-0.0601138815581494,-0.0601138815581494,0.0841243606959225
130.216227665708,0,0.0198117493038606,0,130.216227665708,0.0198117493038606,0.0198117493038606,0.0198117493038606,0.0277236387216602
9.87654480749694,0,-0.0946232449189078,0,9.87654480749694,-0.0946232449189078,-0.0946232449189078,-0.0946232449189078,0.0836731049469832
15.7641037476623,0,0.0452974152246685,0,15.7641037476623,0.0452974152246685,0.0452974152246685,0.0452974152246685,0.0222639606786319
13.2572895170701,0,-0.00547183825283213,0,13.2572895170701,-0.00547183825283213,-0.00547183825283213,-0.00547183825283213,0.0207932850711389
14.6101069409457,0,-0.0361151431713081,0,14.6101069409457,-0.0361151431713081,-0.0361151431713081,-0.0361151431713081,0.0853409147807967
8.10146185701589,0,0.0427555806686441,0,8.10146185701589,0.0427555806686441,0.0427555806686441,0.0427555806686441,0.0518433181255775
11.2420027298881,0,-0.0660500012093723,0,11.2420027298881,-0.0660500012093723,-0.0660500012093723,-0.0660500012093723,0.0384705888979592
25.0274800711776,0,-0.0187256249614442,0,25.0274800711776,-0.0187256249614442,-0.0187256249614442,-0.0187256249614442,0.0960019772095373
28.4056044215739,0,-0.0234835133541325,0,28.4056044215739,-0.0234835133541325,-0.0234835133541325,-0.0234835133541325,0.0460235649191708
9.44659083119766,0,-0.0979355343768668,0,9.44659083119766,-0.0979355343768668,-0.0979355343768668,-0.0979355343768668,0.106984919191722
10.6319539160187,0,0.00587821668928426,0,10.6319539160187,0.00587821668928426,0.00587821668928426,0.00587821668928426,0.0434639030773943
23.722803858762,0,0.00435490338959432,0,23.722803858762,0.00435490338959432,0.00435490338959432,0.00435490338959432,0.0172785731987079
NA,NA,NA,NA,NA,NA,NA,NA,NA
14.5501339822123,0,-0.0241508994853178,0,14.5501339822123,-0.0241508994853178,-0.0241508994853178,-0.0241508994853178,0.0112761190742462
6.82559417888738,0,-0.0208488602109932,0,6.82559417888738,-0.0208488602109932,-0.0208488602109932,-0.0208488602109932,0.0626238731585564
7.10118523761685,0,-0.0285278978712163,0,7.10118523761685,-0.0285278978712163,-0.0285278978712163,-0.0285278978712163,0.0595492352872805
8.39406695268219,0,0.0167837864563465,0,8.39406695268219,0.0167837864563465,0.0167837864563465,0.0167837864563465,0.0322473662392579
15.3813680380744,0,-0.0235768509494856,0,15.3813680380744,-0.0235768509494856,-0.0235768509494856,-0.0235768509494856,0.0385600790656454
10.9419857642508,0,-0.0876235523401562,0,10.9419857642508,-0.0876235523401562,-0.0876235523401562,-0.0876235523401562,0.0336377588977628
9.567453602661,0,-0.0130573193727359,0,9.567453602661,-0.0130573193727359,-0.0130573193727359,-0.0130573193727359,0.0264340771076804
9.56764954052794,0,-0.00578932875863998,0,9.56764954052794,-0.00578932875863998,-0.00578932875863998,-0.00578932875863998,0.0288617279537588
9.58796747981615,0,0.00725905880614161,0,9.58796747981615,0.00725905880614161,0.00725905880614161,0.00725905880614161,0.0422687684348916
15.1454884083029,0,0.0687427351592194,0,15.1454884083029,0.0687427351592194,0.0687427351592194,0.0687427351592194,0.0334809714396658
9.72468903389732,0,0.0209196079014141,0,9.72468903389732,0.0209196079014141,0.0209196079014141,0.0209196079014141,0.0473210924820652
14.8412385484711,0,0.00805813747067324,0,14.8412385484711,0.00805813747067324,0.00805813747067324,0.00805813747067324,0.0331399934197975
10.6567948708008,0,0.0203455428827325,0,10.6567948708008,0.0203455428827325,0.0203455428827325,0.0203455428827325,0.0367174068081082
15.83958844307,0,0.0399832495665445,0,15.83958844307,0.0399832495665445,0.0399832495665445,0.0399832495665445,0.0130470310288665
17.7014293147066,0,0.0234372077444364,0,17.7014293147066,0.0234372077444364,0.0234372077444364,0.0234372077444364,0.0323786122878216
16.016217440795,0,-0.00369944404825601,0,16.016217440795,-0.00369944404825601,-0.00369944404825601,-0.00369944404825601,0.0376637682579198
21.1131806593051,0,-0.056056653152879,0,21.1131806593051,-0.056056653152879,-0.056056653152879,-0.056056653152879,0.033465829508006
12.511562118753,0,0.010653794636591,0,12.511562118753,0.010653794636591,0.010653794636591,0.010653794636591,0.0542734571116003
11.3110693140974,0,0.00982781565554414,0,11.3110693140974,0.00982781565554414,0.00982781565554414,0.00982781565554414,0.0152975413868066
19.3344521561619,0,-0.0178892890128142,0,19.3344521561619,-0.0178892890128142,-0.0178892890128142,-0.0178892890128142,0.0322365626104049
12.3671082351961,0,0.0210231372322994,0,12.3671082351961,0.0210231372322994,0.0210231372322994,0.0210231372322994,0.0160828742749283
12.3654554745313,0,-0.0686880413546458,0,12.3654554745313,-0.0686880413546458,-0.0686880413546458,-0.0686880413546458,0.0513325050706189
19.2556223171704,0,0.0285945738844167,0,19.2556223171704,0.0285945738844167,0.0285945738844167,0.0285945738844167,0.0139726523520546
34.7312424253189,0,0.00360906084633839,0,34.7312424253189,0.00360906084633839,0.00360906084633839,0.00360906084633839,0.017575833019559
54.7209102152747,0,0.0196726221291343,0,54.7209102152747,0.0196726221291343,0.0196726221291343,0.0196726221291343,0.0109274670854921
6.44620981534856,0,0.014846298512104,0,6.44620981534856,0.014846298512104,0.014846298512104,0.014846298512104,0.0608105741726415
13.7692792179168,0,0.045315959795906,0,13.7692792179168,0.045315959795906,0.045315959795906,0.045315959795906,0.0576659331255503
11.7030101268542,0,0.0664031592294417,0,11.7030101268542,0.0664031592294417,0.0664031592294417,0.0664031592294417,0.0318702419669784
7.36539602284415,0,-0.0247872150245361,0,7.36539602284415,-0.0247872150245361,-0.0247872150245361,-0.0247872150245361,0.114121672795408
7.17535910443418,0,0.0223584830888584,0,7.17535910443418,0.0223584830888584,0.0223584830888584,0.0223584830888584,0.0787357224553916
10.3934503295043,0,0.0619972167608137,0,10.3934503295043,0.0619972167608137,0.0619972167608137,0.0619972167608137,0.0947975137929517
11.8155784180346,0,0.132399483418963,0,11.8155784180346,0.132399483418963,0.132399483418963,0.132399483418963,0.0684128055131695
10.8363107906744,0,-0.028098390818107,0,10.8363107906744,-0.028098390818107,-0.028098390818107,-0.028098390818107,0.071926050301895
11.7003583105711,0,-0.00186774348468509,0,11.7003583105711,-0.00186774348468509,-0.00186774348468509,-0.00186774348468509,0.00589871207554302
14.1717804897526,0,0.027255899623745,0,14.1717804897526,0.027255899623745,0.027255899623745,0.027255899623745,0.0438772018708798
10.4916049522311,0,0.0132463173032987,0,10.4916049522311,0.0132463173032987,0.0132463173032987,0.0132463173032987,0.0267192917518445
17.4700053613048,0,-0.0184802916209333,0,17.4700053613048,-0.0184802916209333,-0.0184802916209333,-0.0184802916209333,0.0310328260487528
22.4190143092695,0,-0.000161199703742028,0,22.4190143092695,-0.000161199703742028,-0.000161199703742028,-0.000161199703742028,0.0167230245622351
23.3384346785706,0,0.0173424537425691,0,23.3384346785706,0.0173424537425691,0.0173424537425691,0.0173424537425691,0.0189266195413323
38.8851950923656,0,-0.0332412043876419,0,38.8851950923656,-0.0332412043876419,-0.0332412043876419,-0.0332412043876419,0.0285556564673136
18.868464140174,0,-0.0601138815581494,0,18.868464140174,-0.0601138815581494,-0.0601138815581494,-0.0601138815581494,0.0841243606959225
130.216227665708,0,0.0198117493038606,0,130.216227665708,0.0198117493038606,0.0198117493038606,0.0198117493038606,0.0277236387216602
9.87654480749694,0,-0.0946232449189078,0,9.87654480749694,-0.0946232449189078,-0.0946232449189078,-0.0946232449189078,0.0836731049469832
15.7641037476623,0,0.0452974152246685,0,15.7641037476623,0.0452974152246685,0.0452974152246685,0.0452974152246685,0.0222639606786319
13.2572895170701,0,-0.00547183825283213,0,13.2572895170701,-0.00547183825283213,-0.00547183825283213,-0.00547183825283213,0.0207932850711389
14.6101069409457,0,-0.0361151431713081,0,14.6101069409457,-0.0361151431713081,-0.0361151431713081,-0.0361151431713081,0.0853409147807967
8.10146185701589,0,0.0427555806686441,0,8.10146185701589,0.0427555806686441,0.0427555806686441,0.0427555806686441,0.0518433181255775
11.2420027298881,0,-0.0660500012093723,0,11.2420027298881,-0.0660500012093723,-0.0660500012093723,-0.0660500012093723,0.0384705888979592
25.0274800711776,0,-0.0187256249614442,0,25.0274800711776,-0.0187256249614442,-0.0187256249614442,-0.0187256249614442,0.0960019772095373
28.4056044215739,0,-0.0234835133541325,0,28.4056044215739,-0.0234835133541325,-0.0234835133541325,-0.0234835133541325,0.0460235649191708
9.44659083119766,0,-0.0979355343768668,0,9.44659083119766,-0.0979355343768668,-0.0979355343768668,-0.0979355343768668,0.106984919191722
10.6319539160187,0,0.00587821668928426,0,10.6319539160187,0.00587821668928426,0.00587821668928426,0.00587821668928426,0.0434639030773943
23.722803858762,0,0.00435490338959432,0,23.722803858762,0.00435490338959432,0.00435490338959432,0.00435490338959432,0.0172785731987079
NA,NA,NA,NA,NA,NA,NA,NA,NA
14.5501339822123,0,-0.0241508994853178,0,14.5501339822123,-0.0241508994853178,-0.0241508994853178,-0.0241508994853178,0.0112761190742462
6.82559417888738,0,-0.0208488602109932,0,6.82559417888738,-0.0208488602109932,-0.0208488602109932,-0.0208488602109932,0.0626238731585564
7.10118523761685,0,-0.0285278978712163,0,7.10118523761685,-0.0285278978712163,-0.0285278978712163,-0.0285278978712163,0.0595492352872805
8.39406695268219,0,0.0167837864563465,0,8.39406695268219,0.0167837864563465,0.0167837864563465,0.0167837864563465,0.0322473662392579
15.3813680380744,0,-0.0235768509494856,0,15.3813680380744,-0.0235768509494856,-0.0235768509494856,-0.0235768509494856,0.0385600790656454
10.9419857642508,0,-0.0876235523401562,0,10.9419857642508,-0.0876235523401562,-0.0876235523401562,-0.0876235523401562,0.0336377588977628
9.567453602661,0,-0.0130573193727359,0,9.567453602661,-0.0130573193727359,-0.0130573193727359,-0.0130573193727359,0.0264340771076804
9.56764954052794,0,-0.00578932875863998,0,9.56764954052794,-0.00578932875863998,-0.00578932875863998,-0.00578932875863998,0.0288617279537588
9.58796747981615,0,0.00725905880614161,0,9.58796747981615,0.00725905880614161,0.00725905880614161,0.00725905880614161,0.0422687684348916
15.1454884083029,0,0.0687427351592194,0,15.1454884083029,0.0687427351592194,0.0687427351592194,0.0687427351592194,0.0334809714396658
9.72468903389732,0,0.0209196079014141,0,9.72468903389732,0.0209196079014141,0.0209196079014141,0.0209196079014141,0.0473210924820652
14.8412385484711,0,0.00805813747067324,0,14.8412385484711,0.00805813747067324,0.00805813747067324,0.00805813747067324,0.0331399934197975
10.6567948708008,0,0.0203455428827325,0,10.6567948708008,0.0203455428827325,0.0203455428827325,0.0203455428827325,0.0367174068081082
15.83958844307,0,0.0399832495665445,0,15.83958844307,0.0399832495665445,0.0399832495665445,0.0399832495665445,0.0130470310288665
17.7014293147066,0,0.0234372077444364,0,17.7014293147066,0.0234372077444364,0.0234372077444364,0.0234372077444364,0.0323786122878216
16.016217440795,0,-0.00369944404825601,0,16.016217440795,-0.00369944404825601,-0.00369944404825601,-0.00369944404825601,0.0376637682579198
21.1131806593051,0,-0.056056653152879,0,21.1131806593051,-0.056056653152879,-0.056056653152879,-0.056056653152879,0.033465829508006
12.511562118753,0,0.010653794636591,0,12.511562118753,0.010653794636591,0.010653794636591,0.010653794636591,0.0542734571116003
11.3110693140974,0,0.00982781565554414,0,11.3110693140974,0.00982781565554414,0.00982781565554414,0.00982781565554414,0.0152975413868066
19.3344521561619,0,-0.0178892890128142,0,19.3344521561619,-0.0178892890128142,-0.0178892890128142,-0.0178892890128142,0.0322365626104049
12.3671082351961,0,0.0210231372322994,0,12.3671082351961,0.0210231372322994,0.0210231372322994,0.0210231372322994,0.0160828742749283
12.3654554745313,0,-0.0686880413546458,0,12.3654554745313,-0.0686880413546458,-0.0686880413546458,-0.0686880413546458,0.0513325050706189
19.2556223171704,0,0.0285945738844167,0,19.2556223171704,0.0285945738844167,0.0285945738844167,0.0285945738844167,0.0139726523520546
34.7312424253189,0,0.00360906084633839,0,34.7312424253189,0.00360906084633839,0.00360906084633839,0.00360906084633839,0.017575833019559
54.7209102152747,0,0.0196726221291343,0,54.7209102152747,0.0196726221291343,0.0196726221291343,0.0196726221291343,0.0109274670854921
6.44620981534856,0,0.014846298512104,0,6.44620981534856,0.014846298512104,0.014846298512104,0.014846298512104,0.0608105741726415
13.7692792179168,0,0.045315959795906,0,13.7692792179168,0.045315959795906,0.045315959795906,0.045315959795906,0.0576659331255503
11.7030101268542,0,0.0664031592294417,0,11.7030101268542,0.0664031592294417,0.0664031592294417,0.0664031592294417,0.0318702419669784
7.36539602284415,0,-0.0247872150245361,0,7.36539602284415,-0.0247872150245361,-0.0247872150245361,-0.0247872150245361,0.114121672795408
7.17535910443418,0,0.0223584830888584,0,7.17535910443418,0.0223584830888584,0.0223584830888584,0.0223584830888584,0.0787357224553916
10.3934503295043,0,0.0619972167608137,0,10.3934503295043,0.0619972167608137,0.0619972167608137,0.0619972167608137,0.0947975137929517
11.8155784180346,0,0.132399483418963,0,11.8155784180346,0.132399483418963,0.132399483418963,0.132399483418963,0.0684128055131695
10.8363107906744,0,-0.028098390818107,0,10.8363107906744,-0.028098390818107,-0.028098390818107,-0.028098390818107,0.071926050301895
11.7003583105711,0,-0.00186774348468509,0,11.7003583105711,-0.00186774348468509,-0.00186774348468509,-0.00186774348468509,0.00589871207554302
14.1717804897526,0,0.027255899623745,0,14.1717804897526,0.027255899623745,0.027255899623745,0.027255899623745,0.0438772018708798
10.4916049522311,0,0.0132463173032987,0,10.4916049522311,0.0132463173032987,0.0132463173032987,0.0132463173032987,0.0267192917518445
17.4700053613048,0,-0.0184802916209333,0,17.4700053613048,-0.0184802916209333,-0.0184802916209333,-0.0184802916209333,0.0310328260487528
22.4190143092695,0,-0.000161199703742028,0,22.4190143092695,-0.000161199703742028,-0.000161199703742028,-0.000161199703742028,0.0167230245622351
23.3384346785706,0,0.0173424537425691,0,23.3384346785706,0.0173424537425691,0.0173424537425691,0.0173424537425691,0.0189266195413323
38.8851950923656,0,-0.0332412043876419,0,38.8851950923656,-0.0332412043876419,-0.0332412043876419,-0.0332412043876419,0.0285556564673136
18.868464140174,0,-0.0601138815581494,0,18.868464140174,-0.0601138815581494,-0.0601138815581494,-0.0601138815581494,0.0841243606959225
130.216227665708,0,0.0198117493038606,0,130.216227665708,0.0198117493038606,0.0198117493038606,0.0198117493038606,0.0277236387216602
9.87654480749694,0,-0.0946232449189078,0,9.87654480749694,-0.0946232449189078,-0.0946232449189078,-0.0946232449189078,0.0836731049469832
15.7641037476623,0,0.0452974152246685,0,15.7641037476623,0.0452974152246685,0.0452974152246685,0.0452974152246685,0.0222639606786319
13.2572895170701,0,-0.00547183825283213,0,13.2572895170701,-0.00547183825283213,-0.00547183825283213,-0.00547183825283213,0.0207932850711389
14.6101069409457,0,-0.0361151431713081,0,14.6101069409457,-0.0361151431713081,-0.0361151431713081,-0.0361151431713081,0.0853409147807967
8.10146185701589,0,0.0427555806686441,0,8.10146185701589,0.0427555806686441,0.0427555806686441,0.0427555806686441,0.0518433181255775
11.2420027298881,0,-0.0660500012093723,0,11.2420027298881,-0.0660500012093723,-0.0660500012093723,-0.0660500012093723,0.0384705888979592
25.0274800711776,0,-0.0187256249614442,0,25.0274800711776,-0.0187256249614442,-0.0187256249614442,-0.0187256249614442,0.0960019772095373
28.4056044215739,0,-0.0234835133541325,0,28.4056044215739,-0.0234835133541325,-0.0234835133541325,-0.0234835133541325,0.0460235649191708
9.44659083119766,0,-0.0979355343768668,0,9.44659083119766,-0.0979355343768668,-0.0979355343768668,-0.0979355343768668,0.106984919191722
10.6319539160187,0,0.00587821668928426,0,10.6319539160187,0.00587821668928426,0.00587821668928426,0.00587821668928426,0.0434639030773943
23.722803858762,0,0.00435490338959432,0,23.722803858762,0.00435490338959432,0.00435490338959432,0.00435490338959432,0.0172785731987079
NA,NA,NA,NA,NA,NA,NA,NA,NA
14.5501339822123,0,-0.0241508994853178,0,14.5501339822123,-0.0241508994853178,-0.0241508994853178,-0.0241508994853178,0.0112761190742462
6.82559417888738,0,-0.0208488602109932,0,6.82559417888738,-0.0208488602109932,-0.0208488602109932,-0.0208488602109932,0.0626238731585564
7.10118523761685,0,-0.0285278978712163,0,7.10118523761685,-0.0285278978712163,-0.0285278978712163,-0.0285278978712163,0.0595492352872805
8.39406695268219,0,0.0167837864563465,0,8.39406695268219,0.0167837864563465,0.0167837864563465,0.0167837864563465,0.0322473662392579
15.3813680380744,0,-0.0235768509494856,0,15.3813680380744,-0.0235768509494856,-0.0235768509494856,-0.0235768509494856,0.0385600790656454
10.9419857642508,0,-0.0876235523401562,0,10.9419857642508,-0.0876235523401562,-0.0876235523401562,-0.0876235523401562,0.0336377588977628
9.567453602661,0,-0.0130573193727359,0,9.567453602661,-0.0130573193727359,-0.0130573193727359,-0.0130573193727359,0.0264340771076804
9.56764954052794,0,-0.00578932875863998,0,9.56764954052794,-0.00578932875863998,-0.00578932875863998,-0.00578932875863998,0.0288617279537588
9.58796747981615,0,0.00725905880614161,0,9.58796747981615,0.00725905880614161,0.00725905880614161,0.00725905880614161,0.0422687684348916
15.1454884083029,0,0.0687427351592194,0,15.1454884083029,0.0687427351592194,0.0687427351592194,0.0687427351592194,0.0334809714396658
9.72468903389732,0,0.0209196079014141,0,9.72468903389732,0.0209196079014141,0.0209196079014141,0.0209196079014141,0.0473210924820652
14.8412385484711,0,0.00805813747067324,0,14.8412385484711,0.00805813747067324,0.00805813747067324,0.00805813747067324,0.0331399934197975
10.6567948708008,0,0.0203455428827325,0,10.6567948708008,0.0203455428827325,0.0203455428827325,0.0203455428827325,0.0367174068081082
15.83958844307,0,0.0399832495665445,0,15.83958844307,0.0399832495665445,0.0399832495665445,0.0399832495665445,0.0130470310288665
17.7014293147066,0,0.0234372077444364,0,17.7014293147066,0.0234372077444364,0.0234372077444364,0.0234372077444364,0.0323786122878216
16.016217440795,0,-0.00369944404825601,0,16.016217440795,-0.00369944404825601,-0.00369944404825601,-0.00369944404825601,0.0376637682579198
21.1131806593051,0,-0.056056653152879,0,21.1131806593051,-0.056056653152879,-0.056056653152879,-0.056056653152879,0.033465829508006
12.511562118753,0,0.010653794636591,0,12.511562118753,0.010653794636591,0.010653794636591,0.010653794636591,0.0542734571116003
11.3110693140974,0,0.00982781565554414,0,11.3110693140974,0.00982781565554414,0.00982781565554414,0.00982781565554414,0.0152975413868066
19.3344521561619,0,-0.0178892890128142,0,19.3344521561619,-0.0178892890128142,-0.0178892890128142,-0.0178892890128142,0.0322365626104049
12.3671082351961,0,0.0210231372322994,0,12.3671082351961,0.0210231372322994,0.0210231372322994,0.0210231372322994,0.0160828742749283
12.3654554745313,0,-0.0686880413546458,0,12.3654554745313,-0.0686880413546458,-0.0686880413546458,-0.0686880413546458,0.0513325050706189
19.2556223171704,0,0.0285945738844167,0,19.2556223171704,0.0285945738844167,0.0285945738844167,0.0285945738844167,0.0139726523520546
34.7312424253189,0,0.00360906084633839,0,34.7312424253189,0.00360906084633839,0.00360906084633839,0.00360906084633839,0.017575833019559
54.7209102152747,0,0.0196726221291343,0,54.7209102152747,0.0196726221291343,0.0196726221291343,0.0196726221291343,0.0109274670854921
6.44620981534856,0,0.014846298512104,0,6.44620981534856,0.014846298512104,0.014846298512104,0.014846298512104,0.0608105741726415
13.7692792179168,0,0.045315959795906,0,13.7692792179168,0.045315959795906,0.045315959795906,0.045315959795906,0.0576659331255503
11.7030101268542,0,0.0664031592294417,0,11.7030101268542,0.0664031592294417,0.0664031592294417,0.0664031592294417,0.0318702419669784
7.36539602284415,0,-0.0247872150245361,0,7.36539602284415,-0.0247872150245361,-0.0247872150245361,-0.0247872150245361,0.114121672795408
7.17535910443418,0,0.0223584830888584,0,7.17535910443418,0.0223584830888584,0.0223584830888584,0.0223584830888584,0.0787357224553916
10.3934503295043,0,0.0619972167608137,0,10.3934503295043,0.0619972167608137,0.0619972167608137,0.0619972167608137,0.0947975137929517
11.8155784180346,0,0.132399483418963,0,11.8155784180346,0.132399483418963,0.132399483418963,0.132399483418963,0.0684128055131695
10.8363107906744,0,-0.028098390818107,0,10.8363107906744,-0.028098390818107,-0.028098390818107,-0.028098390818107,0.071926050301895
11.7003583105711,0,-0.00186774348468509,0,11.7003583105711,-0.00186774348468509,-0.00186774348468509,-0.00186774348468509,0.00589871207554302
14.1717804897526,0,0.027255899623745,0,14.1717804897526,0.027255899623745,0.027255899623745,0.027255899623745,0.0438772018708798
10.4916049522311,0,0.0132463173032987,0,10.4916049522311,0.0132463173032987,0.0132463173032987,0.0132463173032987,0.0267192917518445
17.4700053613048,0,-0.0184802916209333,0,17.4700053613048,-0.0184802916209333,-0.0184802916209333,-0.0184802916209333,0.0310328260487528
22.4190143092695,0,-0.000161199703742028,0,22.4190143092695,-0.000161199703742028,-0.000161199703742028,-0.000161199703742028,0.0167230245622351
23.3384346785706,0,0.0173424537425691,0,23.3384346785706,0.0173424537425691,0.0173424537425691,0.0173424537425691,0.0189266195413323
38.8851950923656,0,-0.0332412043876419,0,38.8851950923656,-0.0332412043876419,-0.0332412043876419,-0.0332412043876419,0.0285556564673136
18.868464140174,0,-0.0601138815581494,0,18.868464140174,-0.0601138815581494,-0.0601138815581494,-0.0601138815581494,0.0841243606959225
130.216227665708,0,0.0198117493038606,0,130.216227665708,0.0198117493038606,0.0198117493038606,0.0198117493038606,0.0277236387216602
9.87654480749694,0,-0.0946232449189078,0,9.87654480749694,-0.0946232449189078,-0.0946232449189078,-0.0946232449189078,0.0836731049469832
15.7641037476623,0,0.0452974152246685,0,15.7641037476623,0.0452974152246685,0.0452974152246685,0.0452974152246685,0.0222639606786319
13.2572895170701,0,-0.00547183825283213,0,13.2572895170701,-0.00547183825283213,-0.00547183825283213,-0.00547183825283213,0.0207932850711389
14.6101069409457,0,-0.0361151431713081,0,14.6101069409457,-0.0361151431713081,-0.0361151431713081,-0.0361151431713081,0.0853409147807967
8.10146185701589,0,0.0427555806686441,0,8.10146185701589,0.0427555806686441,0.0427555806686441,0.0427555806686441,0.0518433181255775
11.2420027298881,0,-0.0660500012093723,0,11.2420027298881,-0.0660500012093723,-0.0660500012093723,-0.0660500012093723,0.0384705888979592
25.0274800711776,0,-0.0187256249614442,0,25.0274800711776,-0.0187256249614442,-0.0187256249614442,-0.0187256249614442,0.0960019772095373
28.4056044215739,0,-0.0234835133541325,0,28.4056044215739,-0.0234835133541325,-0.0234835133541325,-0.0234835133541325,0.0460235649191708
9.44659083119766,0,-0.0979355343768668,0,9.44659083119766,-0.0979355343768668,-0.0979355343768668,-0.0979355343768668,0.106984919191722
10.6319539160187,0,0.00587821668928426,0,10.6319539160187,0.00587821668928426,0.00587821668928426,0.00587821668928426,0.0434639030773943
23.722803858762,0,0.00435490338959432,0,23.722803858762,0.00435490338959432,0.00435490338959432,0.00435490338959432,0.0172785731987079
NA,NA,NA,NA,NA,NA,NA,NA,NA
14.5501339822123,0,-0.0241508994853178,0,14.5501339822123,-0.0241508994853178,-0.0241508994853178,-0.0241508994853178,0.0112761190742462
6.82559417888738,0,-0.0208488602109932,0,6.82559417888738,-0.0208488602109932,-0.0208488602109932,-0.0208488602109932,0.0626238731585564
7.10118523761685,0,-0.0285278978712163,0,7.10118523761685,-0.0285278978712163,-0.0285278978712163,-0.0285278978712163,0.0595492352872805
8.39406695268219,0,0.0167837864563465,0,8.39406695268219,0.0167837864563465,0.0167837864563465,0.0167837864563465,0.0322473662392579
15.3813680380744,0,-0.0235768509494856,0,15.3813680380744,-0.0235768509494856,-0.0235768509494856,-0.0235768509494856,0.0385600790656454
10.9419857642508,0,-0.0876235523401562,0,10.9419857642508,-0.0876235523401562,-0.0876235523401562,-0.0876235523401562,0.0336377588977628
9.567453602661,0,-0.0130573193727359,0,9.567453602661,-0.0130573193727359,-0.0130573193727359,-0.0130573193727359,0.0264340771076804
9.56764954052794,0,-0.00578932875863998,0,9.56764954052794,-0.00578932875863998,-0.00578932875863998,-0.00578932875863998,0.0288617279537588
9.58796747981615,0,0.00725905880614161,0,9.58796747981615,0.00725905880614161,0.00725905880614161,0.00725905880614161,0.0422687684348916
15.1454884083029,0,0.0687427351592194,0,15.1454884083029,0.0687427351592194,0.0687427351592194,0.0687427351592194,0.0334809714396658
9.72468903389732,0,0.0209196079014141,0,9.72468903389732,0.0209196079014141,0.0209196079014141,0.0209196079014141,0.0473210924820652
14.8412385484711,0,0.00805813747067324,0,14.8412385484711,0.00805813747067324,0.00805813747067324,0.00805813747067324,0.0331399934197975
10.6567948708008,0,0.0203455428827325,0,10.6567948708008,0.0203455428827325,0.0203455428827325,0.0203455428827325,0.0367174068081082
15.83958844307,0,0.0399832495665445,0,15.83958844307,0.0399832495665445,0.0399832495665445,0.0399832495665445,0.0130470310288665
17.7014293147066,0,0.0234372077444364,0,17.7014293147066,0.0234372077444364,0.0234372077444364,0.0234372077444364,0.0323786122878216
16.016217440795,0,-0.00369944404825601,0,16.016217440795,-0.00369944404825601,-0.00369944404825601,-0.00369944404825601,0.0376637682579198
21.1131806593051,0,-0.056056653152879,0,21.1131806593051,-0.056056653152879,-0.056056653152879,-0.056056653152879,0.033465829508006
12.511562118753,0,0.010653794636591,0,12.511562118753,0.010653794636591,0.010653794636591,0.010653794636591,0.0542734571116003
11.3110693140974,0,0.00982781565554414,0,11.3110693140974,0.00982781565554414,0.00982781565554414,0.00982781565554414,0.0152975413868066
19.3344521561619,0,-0.0178892890128142,0,19.3344521561619,-0.0178892890128142,-0.0178892890128142,-0.0178892890128142,0.0322365626104049
12.3671082351961,0,0.0210231372322994,0,12.3671082351961,0.0210231372322994,0.0210231372322994,0.0210231372322994,0.0160828742749283
12.3654554745313,0,-0.0686880413546458,0,12.3654554745313,-0.0686880413546458,-0.0686880413546458,-0.0686880413546458,0.0513325050706189
19.2556223171704,0,0.0285945738844167,0,19.2556223171704,0.0285945738844167,0.0285945738844167,0.0285945738844167,0.0139726523520546
34.7312424253189,0,0.00360906084633839,0,34.7312424253189,0.00360906084633839,0.00360906084633839,0.00360906084633839,0.017575833019559
54.7209102152747,0,0.0196726221291343,0,54.7209102152747,0.0196726221291343,0.0196726221291343,0.0196726221291343,0.0109274670854921
6.44620981534856,0,0.014846298512104,0,6.44620981534856,0.014846298512104,0.014846298512104,0.014846298512104,0.0608105741726415
13.7692792179168,0,0.045315959795906,0,13.7692792179168,0.045315959795906,0.045315959795906,0.045315959795906,0.0576659331255503
11.7030101268542,0,0.0664031592294417,0,11.7030101268542,0.0664031592294417,0.0664031592294417,0.0664031592294417,0.0318702419669784
7.36539602284415,0,-0.0247872150245361,0,7.36539602284415,-0.0247872150245361,-0.0247872150245361,-0.0247872150245361,0.114121672795408
7.17535910443418,0,0.0223584830888584,0,7.17535910443418,0.0223584830888584,0.0223584830888584,0.0223584830888584,0.0787357224553916
10.3934503295043,0,0.0619972167608137,0,10.3934503295043,0.0619972167608137,0.0619972167608137,0.0619972167608137,0.0947975137929517
11.8155784180346,0,0.132399483418963,0,11.8155784180346,0.132399483418963,0.132399483418963,0.132399483418963,0.0684128055131695
10.8363107906744,0,-0.028098390818107,0,10.8363107906744,-0.028098390818107,-0.028098390818107,-0.028098390818107,0.071926050301895
11.7003583105711,0,-0.00186774348468509,0,11.7003583105711,-0.00186774348468509,-0.00186774348468509,-0.00186774348468509,0.00589871207554302
14.1717804897526,0,0.027255899623745,0,14.1717804897526,0.027255899623745,0.027255899623745,0.027255899623745,0.0438772018708798
10.4916049522311,0,0.0132463173032987,0,10.4916049522311,0.0132463173032987,0.0132463173032987,0.0132463173032987,0.0267192917518445
17.4700053613048,0,-0.0184802916209333,0,17.4700053613048,-0.0184802916209333,-0.0184802916209333,-0.0184802916209333,0.0310328260487528
22.4190143092695,0,-0.000161199703742028,0,22.4190143092695,-0.000161199703742028,-0.000161199703742028,-0.000161199703742028,0.0167230245622351
23.3384346785706,0,0.0173424537425691,0,23.3384346785706,0.0173424537425691,0.0173424537425691,0.0173424537425691,0.0189266195413323
38.8851950923656,0,-0.0332412043876419,0,38.8851950923656,-0.0332412043876419,-0.0332412043876419,-0.0332412043876419,0.0285556564673136
18.868464140174,0,-0.0601138815581494,0,18.868464140174,-0.0601138815581494,-0.0601138815581494,-0.0601138815581494,0.0841243606959225
130.216227665708,0,0.0198117493038606,0,130.216227665708,0.0198117493038606,0.0198117493038606,0.0198117493038606,0.0277236387216602
9.87654480749694,0,-0.0946232449189078,0,9.87654480749694,-0.0946232449189078,-0.0946232449189078,-0.0946232449189078,0.0836731049469832
15.7641037476623,0,0.0452974152246685,0,15.7641037476623,0.0452974152246685,0.0452974152246685,0.0452974152246685,0.0222639606786319
13.2572895170701,0,-0.00547183825283213,0,13.2572895170701,-0.00547183825283213,-0.00547183825283213,-0.00547183825283213,0.0207932850711389
14.6101069409457,0,-0.0361151431713081,0,14.6101069409457,-0.0361151431713081,-0.0361151431713081,-0.0361151431713081,0.0853409147807967
8.10146185701589,0,0.0427555806686441,0,8.10146185701589,0.0427555806686441,0.0427555806686441,0.0427555806686441,0.0518433181255775
11.2420027298881,0,-0.0660500012093723,0,11.2420027298881,-0.0660500012093723,-0.0660500012093723,-0.0660500012093723,0.0384705888979592
25.0274800711776,0,-0.0187256249614442,0,25.0274800711776,-0.0187256249614442,-0.0187256249614442,-0.0187256249614442,0.0960019772095373
28.4056044215739,0,-0.0234835133541325,0,28.4056044215739,-0.0234835133541325,-0.0234835133541325,-0.0234835133541325,0.0460235649191708
9.44659083119766,0,-0.0979355343768668,0,9.44659083119766,-0.0979355343768668,-0.0979355343768668,-0.0979355343768668,0.106984919191722
10.6319539160187,0,0.00587821668928426,0,10.6319539160187,0.00587821668928426,0.00587821668928426,0.00587821668928426,0.0434639030773943
23.722803858762,0,0.00435490338959432,0,23.722803858762,0.00435490338959432,0.00435490338959432,0.00435490338959432,0.0172785731987079
NA,NA,NA,NA,NA,NA,NA,NA,NA
14.5501339822123,0,-0.0241508994853178,0,14.5501339822123,-0.0241508994853178,-0.0241508994853178,-0.0241508994853178,0.0112761190742462
6.82559417888738,0,-0.0208488602109932,0,6.82559417888738,-0.0208488602109932,-0.0208488602109932,-0.0208488602109932,0.0626238731585564
7.10118523761685,0,-0.0285278978712163,0,7.10118523761685,-0.0285278978712163,-0.0285278978712163,-0.0285278978712163,0.0595492352872805
8.39406695268219,0,0.0167837864563465,0,8.39406695268219,0.0167837864563465,0.0167837864563465,0.0167837864563465,0.0322473662392579
15.3813680380744,0,-0.0235768509494856,0,15.3813680380744,-0.0235768509494856,-0.0235768509494856,-0.0235768509494856,0.0385600790656454
10.9419857642508,0,-0.0876235523401562,0,10.9419857642508,-0.0876235523401562,-0.0876235523401562,-0.0876235523401562,0.0336377588977628
9.567453602661,0,-0.0130573193727359,0,9.567453602661,-0.0130573193727359,-0.0130573193727359,-0.0130573193727359,0.0264340771076804
9.56764954052794,0,-0.00578932875863998,0,9.56764954052794,-0.00578932875863998,-0.00578932875863998,-0.00578932875863998,0.0288617279537588
9.58796747981615,0,0.00725905880614161,0,9.58796747981615,0.00725905880614161,0.00725905880614161,0.00725905880614161,0.0422687684348916
15.1454884083029,0,0.0687427351592194,0,15.1454884083029,0.0687427351592194,0.0687427351592194,0.0687427351592194,0.0334809714396658
9.72468903389732,0,0.0209196079014141,0,9.72468903389732,0.0209196079014141,0.0209196079014141,0.0209196079014141,0.0473210924820652
14.8412385484711,0,0.00805813747067324,0,14.8412385484711,0.00805813747067324,0.00805813747067324,0.00805813747067324,0.0331399934197975
10.6567948708008,0,0.0203455428827325,0,10.6567948708008,0.0203455428827325,0.0203455428827325,0.0203455428827325,0.0367174068081082
15.83958844307,0,0.0399832495665445,0,15.83958844307,0.0399832495665445,0.0399832495665445,0.0399832495665445,0.0130470310288665
17.7014293147066,0,0.0234372077444364,0,17.7014293147066,0.0234372077444364,0.0234372077444364,0.0234372077444364,0.0323786122878216
16.016217440795,0,-0.00369944404825601,0,16.016217440795,-0.00369944404825601,-0.00369944404825601,-0.00369944404825601,0.0376637682579198
21.1131806593051,0,-0.056056653152879,0,21.1131806593051,-0.056056653152879,-0.056056653152879,-0.056056653152879,0.033465829508006
12.511562118753,0,0.010653794636591,0,12.511562118753,0.010653794636591,0.010653794636591,0.010653794636591,0.0542734571116003
11.3110693140974,0,0.00982781565554414,0,11.3110693140974,0.00982781565554414,0.00982781565554414,0.00982781565554414,0.0152975413868066
19.3344521561619,0,-0.0178892890128142,0,19.3344521561619,-0.0178892890128142,-0.0178892890128142,-0.0178892890128142,0.0322365626104049
12.3671082351961,0,0.0210231372322994,0,12.3671082351961,0.0210231372322994,0.0210231372322994,0.0210231372322994,0.0160828742749283
12.3654554745313,0,-0.0686880413546458,0,12.3654554745313,-0.0686880413546458,-0.0686880413546458,-0.0686880413546458,0.0513325050706189
19.2556223171704,0,0.0285945738844167,0,19.2556223171704,0.0285945738844167,0.0285945738844167,0.0285945738844167,0.0139726523520546
34.7312424253189,0,0.00360906084633839,0,34.7312424253189,0.00360906084633839,0.00360906084633839,0.00360906084633839,0.017575833019559
54.7209102152747,0,0.0196726221291343,0,54.7209102152747,0.0196726221291343,0.0196726221291343,0.0196726221291343,0.0109274670854921
6.44620981534856,0,0.014846298512104,0,6.44620981534856,0.014846298512104,0.014846298512104,0.014846298512104,0.0608105741726415
13.7692792179168,0,0.045315959795906,0,13.7692792179168,0.045315959795906,0.045315959795906,0.045315959795906,0.0576659331255503
11.7030101268542,0,0.0664031592294417,0,11.7030101268542,0.0664031592294417,0.0664031592294417,0.0664031592294417,0.0318702419669784
7.36539602284415,0,-0.0247872150245361,0,7.36539602284415,-0.0247872150245361,-0.0247872150245361,-0.0247872150245361,0.114121672795408
7.17535910443418,0,0.0223584830888584,0,7.17535910443418,0.0223584830888584,0.0223584830888584,0.0223584830888584,0.0787357224553916
10.3934503295043,0,0.0619972167608137,0,10.3934503295043,0.0619972167608137,0.0619972167608137,0.0619972167608137,0.0947975137929517
11.8155784180346,0,0.132399483418963,0,11.8155784180346,0.132399483418963,0.132399483418963,0.132399483418963,0.0684128055131695
10.8363107906744,0,-0.028098390818107,0,10.8363107906744,-0.028098390818107,-0.028098390818107,-0.028098390818107,0.071926050301895
11.7003583105711,0,-0.00186774348468509,0,11.7003583105711,-0.00186774348468509,-0.00186774348468509,-0.00186774348468509,0.00589871207554302
14.1717804897526,0,0.027255899623745,0,14.1717804897526,0.027255899623745,0.027255899623745,0.027255899623745,0.0438772018708798
10.4916049522311,0,0.0132463173032987,0,10.4916049522311,0.0132463173032987,0.0132463173032987,0.0132463173032987,0.0267192917518445
17.4700053613048,0,-0.0184802916209333,0,17.4700053613048,-0.0184802916209333,-0.0184802916209333,-0.0184802916209333,0.0310328260487528
22.4190143092695,0,-0.000161199703742028,0,22.4190143092695,-0.000161199703742028,-0.000161199703742028,-0.000161199703742028,0.0167230245622351
23.3384346785706,0,0.0173424537425691,0,23.3384346785706,0.0173424537425691,0.0173424537425691,0.0173424537425691,0.0189266195413323
38.8851950923656,0,-0.0332412043876419,0,38.8851950923656,-0.0332412043876419,-0.0332412043876419,-0.0332412043876419,0.0285556564673136
18.868464140174,0,-0.0601138815581494,0,18.868464140174,-0.0601138815581494,-0.0601138815581494,-0.0601138815581494,0.0841243606959225
130.216227665708,0,0.0198117493038606,0,130.216227665708,0.0198117493038606,0.0198117493038606,0.0198117493038606,0.0277236387216602
9.87654480749694,0,-0.0946232449189078,0,9.87654480749694,-0.0946232449189078,-0.0946232449189078,-0.0946232449189078,0.0836731049469832
15.7641037476623,0,0.0452974152246685,0,15.7641037476623,0.0452974152246685,0.0452974152246685,0.0452974152246685,0.0222639606786319
13.2572895170701,0,-0.00547183825283213,0,13.2572895170701,-0.00547183825283213,-0.00547183825283213,-0.00547183825283213,0.0207932850711389
14.6101069409457,0,-0.0361151431713081,0,14.6101069409457,-0.0361151431713081,-0.0361151431713081,-0.0361151431713081,0.0853409147807967
8.10146185701589,0,0.0427555806686441,0,8.10146185701589,0.0427555806686441,0.0427555806686441,0.0427555806686441,0.0518433181255775
11.2420027298881,0,-0.0660500012093723,0,11.2420027298881,-0.0660500012093723,-0.0660500012093723,-0.0660500012093723,0.0384705888979592
25.0274800711776,0,-0.0187256249614442,0,25.0274800711776,-0.0187256249614442,-0.0187256249614442,-0.0187256249614442,0.0960019772095373
28.4056044215739,0,-0.0234835133541325,0,28.4056044215739,-0.0234835133541325,-0.0234835133541325,-0.0234835133541325,0.0460235649191708
9.44659083119766,0,-0.0979355343768668,0,9.44659083119766,-0.0979355343768668,-0.0979355343768668,-0.0979355343768668,0.106984919191722
10.6319539160187,0,0.00587821668928426,0,10.6319539160187,0.00587821668928426,0.00587821668928426,0.00587821668928426,0.0434639030773943
23.722803858762,0,0.00435490338959432,0,23.722803858762,0.00435490338959432,0.00435490338959432,0.00435490338959432,0.0172785731987079
NA,NA,NA,NA,NA,NA,NA,NA,NA
14.5501339822123,0,-0.0241508994853178,0,14.5501339822123,-0.0241508994853178,-0.0241508994853178,-0.0241508994853178,0.0112761190742462
6.82559417888738,0,-0.0208488602109932,0,6.82559417888738,-0.0208488602109932,-0.0208488602109932,-0.0208488602109932,0.0626238731585564
7.10118523761685,0,-0.0285278978712163,0,7.10118523761685,-0.0285278978712163,-0.0285278978712163,-0.0285278978712163,0.0595492352872805
8.39406695268219,0,0.0167837864563465,0,8.39406695268219,0.0167837864563465,0.0167837864563465,0.0167837864563465,0.0322473662392579
15.3813680380744,0,-0.0235768509494856,0,15.3813680380744,-0.0235768509494856,-0.0235768509494856,-0.0235768509494856,0.0385600790656454
10.9419857642508,0,-0.0876235523401562,0,10.9419857642508,-0.0876235523401562,-0.0876235523401562,-0.0876235523401562,0.0336377588977628
9.567453602661,0,-0.0130573193727359,0,9.567453602661,-0.0130573193727359,-0.0130573193727359,-0.0130573193727359,0.0264340771076804
9.56764954052794,0,-0.00578932875863998,0,9.56764954052794,-0.00578932875863998,-0.00578932875863998,-0.00578932875863998,0.0288617279537588
9.58796747981615,0,0.00725905880614161,0,9.58796747981615,0.00725905880614161,0.00725905880614161,0.00725905880614161,0.0422687684348916
15.1454884083029,0,0.0687427351592194,0,15.1454884083029,0.0687427351592194,0.0687427351592194,0.0687427351592194,0.0334809714396658
9.72468903389732,0,0.0209196079014141,0,9.72468903389732,0.0209196079014141,0.0209196079014141,0.0209196079014141,0.0473210924820652
14.8412385484711,0,0.00805813747067324,0,14.8412385484711,0.00805813747067324,0.00805813747067324,0.00805813747067324,0.0331399934197975
10.6567948708008,0,0.0203455428827325,0,10.6567948708008,0.0203455428827325,0.0203455428827325,0.0203455428827325,0.0367174068081082
15.83958844307,0,0.0399832495665445,0,15.83958844307,0.0399832495665445,0.0399832495665445,0.0399832495665445,0.0130470310288665
17.7014293147066,0,0.0234372077444364,0,17.7014293147066,0.0234372077444364,0.0234372077444364,0.0234372077444364,0.0323786122878216
16.016217440795,0,-0.00369944404825601,0,16.016217440795,-0.00369944404825601,-0.00369944404825601,-0.00369944404825601,0.0376637682579198
21.1131806593051,0,-0.056056653152879,0,21.1131806593051,-0.056056653152879,-0.056056653152879,-0.056056653152879,0.033465829508006
12.511562118753,0,0.010653794636591,0,12.511562118753,0.010653794636591,0.010653794636591,0.010653794636591,0.0542734571116003
11.3110693140974,0,0.00982781565554414,0,11.3110693140974,0.00982781565554414,0.00982781565554414,0.00982781565554414,0.0152975413868066
19.3344521561619,0,-0.0178892890128142,0,19.3344521561619,-0.0178892890128142,-0.0178892890128142,-0.0178892890128142,0.0322365626104049
12.3671082351961,0,0.0210231372322994,0,12.3671082351961,0.0210231372322994,0.0210231372322994,0.0210231372322994,0.0160828742749283
12.3654554745313,0,-0.0686880413546458,0,12.3654554745313,-0.0686880413546458,-0.0686880413546458,-0.0686880413546458,0.0513325050706189
19.2556223171704,0,0.0285945738844167,0,19.2556223171704,0.0285945738844167,0.0285945738844167,0.0285945738844167,0.0139726523520546
34.7312424253189,0,0.00360906084633839,0,34.7312424253189,0.00360906084633839,0.00360906084633839,0.00360906084633839,0.017575833019559
54.7209102152747,0,0.0196726221291343,0,54.7209102152747,0.0196726221291343,0.0196726221291343,0.0196726221291343,0.0109274670854921
6.44620981534856,0,0.014846298512104,0,6.44620981534856,0.014846298512104,0.014846298512104,0.014846298512104,0.0608105741726415
13.7692792179168,0,0.045315959795906,0,13.7692792179168,0.045315959795906,0.045315959795906,0.045315959795906,0.0576659331255503
11.7030101268542,0,0.0664031592294417,0,11.7030101268542,0.0664031592294417,0.0664031592294417,0.0664031592294417,0.0318702419669784
7.36539602284415,0,-0.0247872150245361,0,7.36539602284415,-0.0247872150245361,-0.0247872150245361,-0.0247872150245361,0.114121672795408
7.17535910443418,0,0.0223584830888584,0,7.17535910443418,0.0223584830888584,0.0223584830888584,0.0223584830888584,0.0787357224553916
10.3934503295043,0,0.0619972167608137,0,10.3934503295043,0.0619972167608137,0.0619972167608137,0.0619972167608137,0.0947975137929517
11.8155784180346,0,0.132399483418963,0,11.8155784180346,0.132399483418963,0.132399483418963,0.132399483418963,0.0684128055131695
10.8363107906744,0,-0.028098390818107,0,10.8363107906744,-0.028098390818107,-0.028098390818107,-0.028098390818107,0.071926050301895
11.7003583105711,0,-0.00186774348468509,0,11.7003583105711,-0.00186774348468509,-0.00186774348468509,-0.00186774348468509,0.00589871207554302
14.1717804897526,0,0.027255899623745,0,14.1717804897526,0.027255899623745,0.027255899623745,0.027255899623745,0.0438772018708798
10.4916049522311,0,0.0132463173032987,0,10.4916049522311,0.0132463173032987,0.0132463173032987,0.0132463173032987,0.0267192917518445
17.4700053613048,0,-0.0184802916209333,0,17.4700053613048,-0.0184802916209333,-0.0184802916209333,-0.0184802916209333,0.0310328260487528
22.4190143092695,0,-0.000161199703742028,0,22.4190143092695,-0.000161199703742028,-0.000161199703742028,-0.000161199703742028,0.0167230245622351
23.3384346785706,0,0.0173424537425691,0,23.3384346785706,0.0173424537425691,0.0173424537425691,0.0173424537425691,0.0189266195413323
38.8851950923656,0,-0.0332412043876419,0,38.8851950923656,-0.0332412043876419,-0.0332412043876419,-0.0332412043876419,0.0285556564673136
18.868464140174,0,-0.0601138815581494,0,18.868464140174,-0.0601138815581494,-0.0601138815581494,-0.0601138815581494,0.0841243606959225
130.216227665708,0,0.0198117493038606,0,130.216227665708,0.0198117493038606,0.0198117493038606,0.0198117493038606,0.0277236387216602
9.87654480749694,0,-0.0946232449189078,0,9.87654480749694,-0.0946232449189078,-0.0946232449189078,-0.0946232449189078,0.0836731049469832
15.7641037476623,0,0.0452974152246685,0,15.7641037476623,0.0452974152246685,0.0452974152246685,0.0452974152246685,0.0222639606786319
13.2572895170701,0,-0.00547183825283213,0,13.2572895170701,-0.00547183825283213,-0.00547183825283213,-0.00547183825283213,0.0207932850711389
14.6101069409457,0,-0.0361151431713081,0,14.6101069409457,-0.0361151431713081,-0.0361151431713081,-0.0361151431713081,0.0853409147807967
8.10146185701589,0,0.0427555806686441,0,8.10146185701589,0.0427555806686441,0.0427555806686441,0.0427555806686441,0.0518433181255775
11.2420027298881,0,-0.0660500012093723,0,11.2420027298881,-0.0660500012093723,-0.0660500012093723,-0.0660500012093723,0.0384705888979592
25.0274800711776,0,-0.0187256249614442,0,25.0274800711776,-0.0187256249614442,-0.0187256249614442,-0.0187256249614442,0.0960019772095373
28.4056044215739,0,-0.0234835133541325,0,28.4056044215739,-0.0234835133541325,-0.0234835133541325,-0.0234835133541325,0.0460235649191708
9.44659083119766,0,-0.0979355343768668,0,9.44659083119766,-0.0979355343768668,-0.0979355343768668,-0.0979355343768668,0.106984919191722
10.6319539160187,0,0.00587821668928426,0,10.6319539160187,0.00587821668928426,0.00587821668928426,0.00587821668928426,0.0434639030773943
23.722803858762,0,0.00435490338959432,0,23.722803858762,0.00435490338959432,0.00435490338959432,0.00435490338959432,0.0172785731987079
NA,NA,NA,NA,NA,NA,NA,NA,NA
14.5501339822123,0,-0.0241508994853178,0,14.5501339822123,-0.0241508994853178,-0.0241508994853178,-0.0241508994853178,0.0112761190742462
6.82559417888738,0,-0.0208488602109932,0,6.82559417888738,-0.0208488602109932,-0.0208488602109932,-0.0208488602109932,0.0626238731585564
7.10118523761685,0,-0.0285278978712163,0,7.10118523761685,-0.0285278978712163,-0.0285278978712163,-0.0285278978712163,0.0595492352872805
8.39406695268219,0,0.0167837864563465,0,8.39406695268219,0.0167837864563465,0.0167837864563465,0.0167837864563465,0.0322473662392579
15.3813680380744,0,-0.0235768509494856,0,15.3813680380744,-0.0235768509494856,-0.0235768509494856,-0.0235768509494856,0.0385600790656454
10.9419857642508,0,-0.0876235523401562,0,10.9419857642508,-0.0876235523401562,-0.0876235523401562,-0.0876235523401562,0.0336377588977628
9.567453602661,0,-0.0130573193727359,0,9.567453602661,-0.0130573193727359,-0.0130573193727359,-0.0130573193727359,0.0264340771076804
9.56764954052794,0,-0.00578932875863998,0,9.56764954052794,-0.00578932875863998,-0.00578932875863998,-0.00578932875863998,0.0288617279537588
9.58796747981615,0,0.00725905880614161,0,9.58796747981615,0.00725905880614161,0.00725905880614161,0.00725905880614161,0.0422687684348916
15.1454884083029,0,0.0687427351592194,0,15.1454884083029,0.0687427351592194,0.0687427351592194,0.0687427351592194,0.0334809714396658
9.72468903389732,0,0.0209196079014141,0,9.72468903389732,0.0209196079014141,0.0209196079014141,0.0209196079014141,0.0473210924820652
14.8412385484711,0,0.00805813747067324,0,14.8412385484711,0.00805813747067324,0.00805813747067324,0.00805813747067324,0.0331399934197975
10.6567948708008,0,0.0203455428827325,0,10.6567948708008,0.0203455428827325,0.0203455428827325,0.0203455428827325,0.0367174068081082
15.83958844307,0,0.0399832495665445,0,15.83958844307,0.0399832495665445,0.0399832495665445,0.0399832495665445,0.0130470310288665
17.7014293147066,0,0.0234372077444364,0,17.7014293147066,0.0234372077444364,0.0234372077444364,0.0234372077444364,0.0323786122878216
16.016217440795,0,-0.00369944404825601,0,16.016217440795,-0.00369944404825601,-0.00369944404825601,-0.00369944404825601,0.0376637682579198
21.1131806593051,0,-0.056056653152879,0,21.1131806593051,-0.056056653152879,-0.056056653152879,-0.056056653152879,0.033465829508006
12.511562118753,0,0.010653794636591,0,12.511562118753,0.010653794636591,0.010653794636591,0.010653794636591,0.0542734571116003
11.3110693140974,0,0.00982781565554414,0,11.3110693140974,0.00982781565554414,0.00982781565554414,0.00982781565554414,0.0152975413868066
19.3344521561619,0,-0.0178892890128142,0,19.3344521561619,-0.0178892890128142,-0.0178892890128142,-0.0178892890128142,0.0322365626104049
12.3671082351961,0,0.0210231372322994,0,12.3671082351961,0.0210231372322994,0.0210231372322994,0.0210231372322994,0.0160828742749283
12.3654554745313,0,-0.0686880413546458,0,12.3654554745313,-0.0686880413546458,-0.0686880413546458,-0.0686880413546458,0.0513325050706189
19.2556223171704,0,0.0285945738844167,0,19.2556223171704,0.0285945738844167,0.0285945738844167,0.0285945738844167,0.0139726523520546
34.7312424253189,0,0.00360906084633839,0,34.7312424253189,0.00360906084633839,0.00360906084633839,0.00360906084633839,0.017575833019559
54.7209102152747,0,0.0196726221291343,0,54.7209102152747,0.0196726221291343,0.0196726221291343,0.0196726221291343,0.0109274670854921
6.44620981534856,0,0.014846298512104,0,6.44620981534856,0.014846298512104,0.014846298512104,0.014846298512104,0.0608105741726415
13.7692792179168,0,0.045315959795906,0,13.7692792179168,0.045315959795906,0.045315959795906,0.045315959795906,0.0576659331255503
11.7030101268542,0,0.0664031592294417,0,11.7030101268542,0.0664031592294417,0.0664031592294417,0.0664031592294417,0.0318702419669784
7.36539602284415,0,-0.0247872150245361,0,7.36539602284415,-0.0247872150245361,-0.0247872150245361,-0.0247872150245361,0.114121672795408
7.17535910443418,0,0.0223584830888584,0,7.17535910443418,0.0223584830888584,0.0223584830888584,0.0223584830888584,0.0787357224553916
10.3934503295043,0,0.0619972167608137,0,10.3934503295043,0.0619972167608137,0.0619972167608137,0.0619972167608137,0.0947975137929517
11.8155784180346,0,0.132399483418963,0,11.8155784180346,0.132399483418963,0.132399483418963,0.132399483418963,0.0684128055131695
10.8363107906744,0,-0.028098390818107,0,10.8363107906744,-0.028098390818107,-0.028098390818107,-0.028098390818107,0.071926050301895
11.7003583105711,0,-0.00186774348468509,0,11.7003583105711,-0.00186774348468509,-0.00186774348468509,-0.00186774348468509,0.00589871207554302
14.1717804897526,0,0.027255899623745,0,14.1717804897526,0.027255899623745,0.027255899623745,0.027255899623745,0.0438772018708798
10.4916049522311,0,0.0132463173032987,0,10.4916049522311,0.0132463173032987,0.0132463173032987,0.0132463173032987,0.0267192917518445
17.4700053613048,0,-0.0184802916209333,0,17.4700053613048,-0.0184802916209333,-0.0184802916209333,-0.0184802916209333,0.0310328260487528
22.4190143092695,0,-0.000161199703742028,0,22.4190143092695,-0.000161199703742028,-0.000161199703742028,-0.000161199703742028,0.0167230245622351
23.3384346785706,0,0.0173424537425691,0,23.3384346785706,0.0173424537425691,0.0173424537425691,0.0173424537425691,0.0189266195413323
38.8851950923656,0,-0.0332412043876419,0,38.8851950923656,-0.0332412043876419,-0.0332412043876419,-0.0332412043876419,0.0285556564673136
18.868464140174,0,-0.0601138815581494,0,18.868464140174,-0.0601138815581494,-0.0601138815581494,-0.0601138815581494,0.0841243606959225
130.216227665708,0,0.0198117493038606,0,130.216227665708,0.0198117493038606,0.0198117493038606,0.0198117493038606,0.0277236387216602
9.87654480749694,0,-0.0946232449189078,0,9.87654480749694,-0.0946232449189078,-0.0946232449189078,-0.0946232449189078,0.0836731049469832
15.7641037476623,0,0.0452974152246685,0,15.7641037476623,0.0452974152246685,0.0452974152246685,0.0452974152246685,0.0222639606786319
13.2572895170701,0,-0.00547183825283213,0,13.2572895170701,-0.00547183825283213,-0.00547183825283213,-0.00547183825283213,0.0207932850711389
14.6101069409457,0,-0.0361151431713081,0,14.6101069409457,-0.0361151431713081,-0.0361151431713081,-0.0361151431713081,0.0853409147807967
8.10146185701589,0,0.0427555806686441,0,8.10146185701589,0.0427555806686441,0.0427555806686441,0.0427555806686441,0.0518433181255775
11.2420027298881,0,-0.0660500012093723,0,11.2420027298881,-0.0660500012093723,-0.0660500012093723,-0.0660500012093723,0.0384705888979592
25.0274800711776,0,-0.0187256249614442,0,25.0274800711776,-0.0187256249614442,-0.0187256249614442,-0.0187256249614442,0.0960019772095373
28.4056044215739,0,-0.0234835133541325,0,28.4056044215739,-0.0234835133541325,-0.0234835133541325,-0.0234835133541325,0.0460235649191708
9.44659083119766,0,-0.0979355343768668,0,9.44659083119766,-0.0979355343768668,-0.0979355343768668,-0.0979355343768668,0.106984919191722
10.6319539160187,0,0.00587821668928426,0,10.6319539160187,0.00587821668928426,0.00587821668928426,0.00587821668928426,0.0434639030773943
23.722803858762,0,0.00435490338959432,0,23.722803858762,0.00435490338959432,0.00435490338959432,0.00435490338959432,0.0172785731987079
NA,NA,NA,NA,NA,NA,NA,NA,NA
14.5501339822123,0,-0.0241508994853178,0,14.5501339822123,-0.0241508994853178,-0.0241508994853178,-0.0241508994853178,0.0112761190742462
6.82559417888738,0,-0.0208488602109932,0,6.82559417888738,-0.0208488602109932,-0.0208488602109932,-0.0208488602109932,0.0626238731585564
7.10118523761685,0,-0.0285278978712163,0,7.10118523761685,-0.0285278978712163,-0.0285278978712163,-0.0285278978712163,0.0595492352872805
8.39406695268219,0,0.0167837864563465,0,8.39406695268219,0.0167837864563465,0.0167837864563465,0.0167837864563465,0.0322473662392579
15.3813680380744,0,-0.0235768509494856,0,15.3813680380744,-0.0235768509494856,-0.0235768509494856,-0.0235768509494856,0.0385600790656454
10.9419857642508,0,-0.0876235523401562,0,10.9419857642508,-0.0876235523401562,-0.0876235523401562,-0.0876235523401562,0.0336377588977628
9.567453602661,0,-0.0130573193727359,0,9.567453602661,-0.0130573193727359,-0.0130573193727359,-0.0130573193727359,0.0264340771076804
9.56764954052794,0,-0.00578932875863998,0,9.56764954052794,-0.00578932875863998,-0.00578932875863998,-0.00578932875863998,0.0288617279537588
9.58796747981615,0,0.00725905880614161,0,9.58796747981615,0.00725905880614161,0.00725905880614161,0.00725905880614161,0.0422687684348916
15.1454884083029,0,0.0687427351592194,0,15.1454884083029,0.0687427351592194,0.0687427351592194,0.0687427351592194,0.0334809714396658
9.72468903389732,0,0.0209196079014141,0,9.72468903389732,0.0209196079014141,0.0209196079014141,0.0209196079014141,0.0473210924820652
14.8412385484711,0,0.00805813747067324,0,14.8412385484711,0.00805813747067324,0.00805813747067324,0.00805813747067324,0.0331399934197975
10.6567948708008,0,0.0203455428827325,0,10.6567948708008,0.0203455428827325,0.0203455428827325,0.0203455428827325,0.0367174068081082
15.83958844307,0,0.0399832495665445,0,15.83958844307,0.0399832495665445,0.0399832495665445,0.0399832495665445,0.0130470310288665
17.7014293147066,0,0.0234372077444364,0,17.7014293147066,0.0234372077444364,0.0234372077444364,0.0234372077444364,0.0323786122878216
16.016217440795,0,-0.00369944404825601,0,16.016217440795,-0.00369944404825601,-0.00369944404825601,-0.00369944404825601,0.0376637682579198
21.1131806593051,0,-0.056056653152879,0,21.1131806593051,-0.056056653152879,-0.056056653152879,-0.056056653152879,0.033465829508006
12.511562118753,0,0.010653794636591,0,12.511562118753,0.010653794636591,0.010653794636591,0.010653794636591,0.0542734571116003
11.3110693140974,0,0.00982781565554414,0,11.3110693140974,0.00982781565554414,0.00982781565554414,0.00982781565554414,0.0152975413868066
19.3344521561619,0,-0.0178892890128142,0,19.3344521561619,-0.0178892890128142,-0.0178892890128142,-0.0178892890128142,0.0322365626104049
12.3671082351961,0,0.0210231372322994,0,12.3671082351961,0.0210231372322994,0.0210231372322994,0.0210231372322994,0.0160828742749283
12.3654554745313,0,-0.0686880413546458,0,12.3654554745313,-0.0686880413546458,-0.0686880413546458,-0.0686880413546458,0.0513325050706189
19.2556223171704,0,0.0285945738844167,0,19.2556223171704,0.0285945738844167,0.0285945738844167,0.0285945738844167,0.0139726523520546
34.7312424253189,0,0.00360906084633839,0,34.7312424253189,0.00360906084633839,0.00360906084633839,0.00360906084633839,0.017575833019559
54.7209102152747,0,0.0196726221291343,0,54.7209102152747,0.0196726221291343,0.0196726221291343,0.0196726221291343,0.0109274670854921
6.44620981534856,0,0.014846298512104,0,6.44620981534856,0.014846298512104,0.014846298512104,0.014846298512104,0.0608105741726415
13.7692792179168,0,0.045315959795906,0,13.7692792179168,0.045315959795906,0.045315959795906,0.045315959795906,0.0576659331255503
11.7030101268542,0,0.0664031592294417,0,11.7030101268542,0.0664031592294417,0.0664031592294417,0.0664031592294417,0.0318702419669784
7.36539602284415,0,-0.0247872150245361,0,7.36539602284415,-0.0247872150245361,-0.0247872150245361,-0.0247872150245361,0.114121672795408
7.17535910443418,0,0.0223584830888584,0,7.17535910443418,0.0223584830888584,0.0223584830888584,0.0223584830888584,0.0787357224553916
10.3934503295043,0,0.0619972167608137,0,10.3934503295043,0.0619972167608137,0.0619972167608137,0.0619972167608137,0.0947975137929517
11.8155784180346,0,0.132399483418963,0,11.8155784180346,0.132399483418963,0.132399483418963,0.132399483418963,0.0684128055131695
10.8363107906744,0,-0.028098390818107,0,10.8363107906744,-0.028098390818107,-0.028098390818107,-0.028098390818107,0.071926050301895
11.7003583105711,0,-0.00186774348468509,0,11.7003583105711,-0.00186774348468509,-0.00186774348468509,-0.00186774348468509,0.00589871207554302
14.1717804897526,0,0.027255899623745,0,14.1717804897526,0.027255899623745,0.027255899623745,0.027255899623745,0.0438772018708798
10.4916049522311,0,0.0132463173032987,0,10.4916049522311,0.0132463173032987,0.0132463173032987,0.0132463173032987,0.0267192917518445
17.4700053613048,0,-0.0184802916209333,0,17.4700053613048,-0.0184802916209333,-0.0184802916209333,-0.0184802916209333,0.0310328260487528
22.4190143092695,0,-0.000161199703742028,0,22.4190143092695,-0.000161199703742028,-0.000161199703742028,-0.000161199703742028,0.0167230245622351
23.3384346785706,0,0.0173424537425691,0,23.3384346785706,0.0173424537425691,0.0173424537425691,0.0173424537425691,0.0189266195413323
38.8851950923656,0,-0.0332412043876419,0,38.8851950923656,-0.0332412043876419,-0.0332412043876419,-0.0332412043876419,0.0285556564673136
18.868464140174,0,-0.0601138815581494,0,18.868464140174,-0.0601138815581494,-0.0601138815581494,-0.0601138815581494,0.0841243606959225
130.216227665708,0,0.0198117493038606,0,130.216227665708,0.0198117493038606,0.0198117493038606,0.0198117493038606,0.0277236387216602
9.87654480749694,0,-0.0946232449189078,0,9.87654480749694,-0.0946232449189078,-0.0946232449189078,-0.0946232449189078,0.0836731049469832
15.7641037476623,0,0.0452974152246685,0,15.7641037476623,0.0452974152246685,0.0452974152246685,0.0452974152246685,0.0222639606786319
13.2572895170701,0,-0.00547183825283213,0,13.2572895170701,-0.00547183825283213,-0.00547183825283213,-0.00547183825283213,0.0207932850711389
14.6101069409457,0,-0.0361151431713081,0,14.6101069409457,-0.0361151431713081,-0.0361151431713081,-0.0361151431713081,0.0853409147807967
8.10146185701589,0,0.0427555806686441,0,8.10146185701589,0.0427555806686441,0.0427555806686441,0.0427555806686441,0.0518433181255775
11.2420027298881,0,-0.0660500012093723,0,11.2420027298881,-0.0660500012093723,-0.0660500012093723,-0.0660500012093723,0.0384705888979592
25.0274800711776,0,-0.0187256249614442,0,25.0274800711776,-0.0187256249614442,-0.0187256249614442,-0.0187256249614442,0.0960019772095373
28.4056044215739,0,-0.0234835133541325,0,28.4056044215739,-0.0234835133541325,-0.0234835133541325,-0.0234835133541325,0.0460235649191708
9.44659083119766,0,-0.0979355343768668,0,9.44659083119766,-0.0979355343768668,-0.0979355343768668,-0.0979355343768668,0.106984919191722
10.6319539160187,0,0.00587821668928426,0,10.6319539160187,0.00587821668928426,0.00587821668928426,0.00587821668928426,0.0434639030773943
23.722803858762,0,0.00435490338959432,0,23.722803858762,0.00435490338959432,0.00435490338959432,0.00435490338959432,0.0172785731987079
NA,NA,NA,NA,NA,NA,NA,NA,NA
14.5501339822123,0,-0.0241508994853178,0,14.5501339822123,-0.0241508994853178,-0.0241508994853178,-0.0241508994853178,0.0112761190742462
6.82559417888738,0,-0.0208488602109932,0,6.82559417888738,-0.0208488602109932,-0.0208488602109932,-0.0208488602109932,0.0626238731585564
7.10118523761685,0,-0.0285278978712163,0,7.10118523761685,-0.0285278978712163,-0.0285278978712163,-0.0285278978712163,0.0595492352872805
8.39406695268219,0,0.0167837864563465,0,8.39406695268219,0.0167837864563465,0.0167837864563465,0.0167837864563465,0.0322473662392579
15.3813680380744,0,-0.0235768509494856,0,15.3813680380744,-0.0235768509494856,-0.0235768509494856,-0.0235768509494856,0.0385600790656454
10.9419857642508,0,-0.0876235523401562,0,10.9419857642508,-0.0876235523401562,-0.0876235523401562,-0.0876235523401562,0.0336377588977628
9.567453602661,0,-0.0130573193727359,0,9.567453602661,-0.0130573193727359,-0.0130573193727359,-0.0130573193727359,0.0264340771076804
9.56764954052794,0,-0.00578932875863998,0,9.56764954052794,-0.00578932875863998,-0.00578932875863998,-0.00578932875863998,0.0288617279537588
9.58796747981615,0,0.00725905880614161,0,9.58796747981615,0.00725905880614161,0.00725905880614161,0.00725905880614161,0.0422687684348916
15.1454884083029,0,0.0687427351592194,0,15.1454884083029,0.0687427351592194,0.0687427351592194,0.0687427351592194,0.0334809714396658
9.72468903389732,0,0.0209196079014141,0,9.72468903389732,0.0209196079014141,0.0209196079014141,0.0209196079014141,0.0473210924820652
14.8412385484711,0,0.00805813747067324,0,14.8412385484711,0.00805813747067324,0.00805813747067324,0.00805813747067324,0.0331399934197975
10.6567948708008,0,0.0203455428827325,0,10.6567948708008,0.0203455428827325,0.0203455428827325,0.0203455428827325,0.0367174068081082
15.83958844307,0,0.0399832495665445,0,15.83958844307,0.0399832495665445,0.0399832495665445,0.0399832495665445,0.0130470310288665
17.7014293147066,0,0.0234372077444364,0,17.7014293147066,0.0234372077444364,0.0234372077444364,0.0234372077444364,0.0323786122878216
16.016217440795,0,-0.00369944404825601,0,16.016217440795,-0.00369944404825601,-0.00369944404825601,-0.00369944404825601,0.0376637682579198
21.1131806593051,0,-0.056056653152879,0,21.1131806593051,-0.056056653152879,-0.056056653152879,-0.056056653152879,0.033465829508006
12.511562118753,0,0.010653794636591,0,12.511562118753,0.010653794636591,0.010653794636591,0.010653794636591,0.0542734571116003
11.3110693140974,0,0.00982781565554414,0,11.3110693140974,0.00982781565554414,0.00982781565554414,0.00982781565554414,0.0152975413868066
19.3344521561619,0,-0.0178892890128142,0,19.3344521561619,-0.0178892890128142,-0.0178892890128142,-0.0178892890128142,0.0322365626104049
12.3671082351961,0,0.0210231372322994,0,12.3671082351961,0.0210231372322994,0.0210231372322994,0.0210231372322994,0.0160828742749283
12.3654554745313,0,-0.0686880413546458,0,12.3654554745313,-0.0686880413546458,-0.0686880413546458,-0.0686880413546458,0.0513325050706189
19.2556223171704,0,0.0285945738844167,0,19.2556223171704,0.0285945738844167,0.0285945738844167,0.0285945738844167,0.0139726523520546
34.7312424253189,0,0.00360906084633839,0,34.7312424253189,0.00360906084633839,0.00360906084633839,0.00360906084633839,0.017575833019559
54.7209102152747,0,0.0196726221291343,0,54.7209102152747,0.0196726221291343,0.0196726221291343,0.0196726221291343,0.0109274670854921
6.44620981534856,0,0.014846298512104,0,6.44620981534856,0.014846298512104,0.014846298512104,0.014846298512104,0.0608105741726415
13.7692792179168,0,0.045315959795906,0,13.7692792179168,0.045315959795906,0.045315959795906,0.045315959795906,0.0576659331255503
11.7030101268542,0,0.0664031592294417,0,11.7030101268542,0.0664031592294417,0.0664031592294417,0.0664031592294417,0.0318702419669784
7.36539602284415,0,-0.0247872150245361,0,7.36539602284415,-0.0247872150245361,-0.0247872150245361,-0.0247872150245361,0.114121672795408
7.17535910443418,0,0.0223584830888584,0,7.17535910443418,0.0223584830888584,0.0223584830888584,0.0223584830888584,0.0787357224553916
10.3934503295043,0,0.0619972167608137,0,10.3934503295043,0.0619972167608137,0.0619972167608137,0.0619972167608137,0.0947975137929517
11.8155784180346,0,0.132399483418963,0,11.8155784180346,0.132399483418963,0.132399483418963,0.132399483418963,0.0684128055131695
10.8363107906744,0,-0.028098390818107,0,10.8363107906744,-0.028098390818107,-0.028098390818107,-0.028098390818107,0.071926050301895
11.7003583105711,0,-0.00186774348468509,0,11.7003583105711,-0.00186774348468509,-0.00186774348468509,-0.00186774348468509,0.00589871207554302
14.1717804897526,0,0.027255899623745,0,14.1717804897526,0.027255899623745,0.027255899623745,0.027255899623745,0.0438772018708798
10.4916049522311,0,0.0132463173032987,0,10.4916049522311,0.0132463173032987,0.0132463173032987,0.0132463173032987,0.0267192917518445
17.4700053613048,0,-0.0184802916209333,0,17.4700053613048,-0.0184802916209333,-0.0184802916209333,-0.0184802916209333,0.0310328260487528
22.4190143092695,0,-0.000161199703742028,0,22.4190143092695,-0.000161199703742028,-0.000161199703742028,-0.000161199703742028,0.0167230245622351
23.3384346785706,0,0.0173424537425691,0,23.3384346785706,0.0173424537425691,0.0173424537425691,0.0173424537425691,0.0189266195413323
38.8851950923656,0,-0.0332412043876419,0,38.8851950923656,-0.0332412043876419,-0.0332412043876419,-0.0332412043876419,0.0285556564673136
18.868464140174,0,-0.0601138815581494,0,18.868464140174,-0.0601138815581494,-0.0601138815581494,-0.0601138815581494,0.0841243606959225
130.216227665708,0,0.0198117493038606,0,130.216227665708,0.0198117493038606,0.0198117493038606,0.0198117493038606,0.0277236387216602
9.87654480749694,0,-0.0946232449189078,0,9.87654480749694,-0.0946232449189078,-0.0946232449189078,-0.0946232449189078,0.0836731049469832
15.7641037476623,0,0.0452974152246685,0,15.7641037476623,0.0452974152246685,0.0452974152246685,0.0452974152246685,0.0222639606786319
13.2572895170701,0,-0.00547183825283213,0,13.2572895170701,-0.00547183825283213,-0.00547183825283213,-0.00547183825283213,0.0207932850711389
14.6101069409457,0,-0.0361151431713081,0,14.6101069409457,-0.0361151431713081,-0.0361151431713081,-0.0361151431713081,0.0853409147807967
8.10146185701589,0,0.0427555806686441,0,8.10146185701589,0.0427555806686441,0.0427555806686441,0.0427555806686441,0.0518433181255775
11.2420027298881,0,-0.0660500012093723,0,11.2420027298881,-0.0660500012093723,-0.0660500012093723,-0.0660500012093723,0.0384705888979592
25.0274800711776,0,-0.0187256249614442,0,25.0274800711776,-0.0187256249614442,-0.0187256249614442,-0.0187256249614442,0.0960019772095373
28.4056044215739,0,-0.0234835133541325,0,28.4056044215739,-0.0234835133541325,-0.0234835133541325,-0.0234835133541325,0.0460235649191708
9.44659083119766,0,-0.0979355343768668,0,9.44659083119766,-0.0979355343768668,-0.0979355343768668,-0.0979355343768668,0.106984919191722
10.6319539160187,0,0.00587821668928426,0,10.6319539160187,0.00587821668928426,0.00587821668928426,0.00587821668928426,0.0434639030773943
23.722803858762,0,0.00435490338959432,0,23.722803858762,0.00435490338959432,0.00435490338959432,0.00435490338959432,0.0172785731987079
NA,NA,NA,NA,NA,NA,NA,NA,NA
14.5501339822123,0,-0.0241508994853178,0,14.5501339822123,-0.0241508994853178,-0.0241508994853178,-0.0241508994853178,0.0112761190742462
6.82559417888738,0,-0.0208488602109932,0,6.82559417888738,-0.0208488602109932,-0.0208488602109932,-0.0208488602109932,0.0626238731585564
7.10118523761685,0,-0.0285278978712163,0,7.10118523761685,-0.0285278978712163,-0.0285278978712163,-0.0285278978712163,0.0595492352872805
8.39406695268219,0,0.0167837864563465,0,8.39406695268219,0.0167837864563465,0.0167837864563465,0.0167837864563465,0.0322473662392579
15.3813680380744,0,-0.0235768509494856,0,15.3813680380744,-0.0235768509494856,-0.0235768509494856,-0.0235768509494856,0.0385600790656454
10.9419857642508,0,-0.0876235523401562,0,10.9419857642508,-0.0876235523401562,-0.0876235523401562,-0.0876235523401562,0.0336377588977628
9.567453602661,0,-0.0130573193727359,0,9.567453602661,-0.0130573193727359,-0.0130573193727359,-0.0130573193727359,0.0264340771076804
9.56764954052794,0,-0.00578932875863998,0,9.56764954052794,-0.00578932875863998,-0.00578932875863998,-0.00578932875863998,0.0288617279537588
9.58796747981615,0,0.00725905880614161,0,9.58796747981615,0.00725905880614161,0.00725905880614161,0.00725905880614161,0.0422687684348916
15.1454884083029,0,0.0687427351592194,0,15.1454884083029,0.0687427351592194,0.0687427351592194,0.0687427351592194,0.0334809714396658
9.72468903389732,0,0.0209196079014141,0,9.72468903389732,0.0209196079014141,0.0209196079014141,0.0209196079014141,0.0473210924820652
14.8412385484711,0,0.00805813747067324,0,14.8412385484711,0.00805813747067324,0.00805813747067324,0.00805813747067324,0.0331399934197975
10.6567948708008,0,0.0203455428827325,0,10.6567948708008,0.0203455428827325,0.0203455428827325,0.0203455428827325,0.0367174068081082
15.83958844307,0,0.0399832495665445,0,15.83958844307,0.0399832495665445,0.0399832495665445,0.0399832495665445,0.0130470310288665
17.7014293147066,0,0.0234372077444364,0,17.7014293147066,0.0234372077444364,0.0234372077444364,0.0234372077444364,0.0323786122878216
16.016217440795,0,-0.00369944404825601,0,16.016217440795,-0.00369944404825601,-0.00369944404825601,-0.00369944404825601,0.0376637682579198
21.1131806593051,0,-0.056056653152879,0,21.1131806593051,-0.056056653152879,-0.056056653152879,-0.056056653152879,0.033465829508006
12.511562118753,0,0.010653794636591,0,12.511562118753,0.010653794636591,0.010653794636591,0.010653794636591,0.0542734571116003
11.3110693140974,0,0.00982781565554414,0,11.3110693140974,0.00982781565554414,0.00982781565554414,0.00982781565554414,0.0152975413868066
19.3344521561619,0,-0.0178892890128142,0,19.3344521561619,-0.0178892890128142,-0.0178892890128142,-0.0178892890128142,0.0322365626104049
12.3671082351961,0,0.0210231372322994,0,12.3671082351961,0.0210231372322994,0.0210231372322994,0.0210231372322994,0.0160828742749283
12.3654554745313,0,-0.0686880413546458,0,12.3654554745313,-0.0686880413546458,-0.0686880413546458,-0.0686880413546458,0.0513325050706189
19.2556223171704,0,0.0285945738844167,0,19.2556223171704,0.0285945738844167,0.0285945738844167,0.0285945738844167,0.0139726523520546
34.7312424253189,0,0.00360906084633839,0,34.7312424253189,0.00360906084633839,0.00360906084633839,0.00360906084633839,0.017575833019559
54.7209102152747,0,0.0196726221291343,0,54.7209102152747,0.0196726221291343,0.0196726221291343,0.0196726221291343,0.0109274670854921
6.44620981534856,0,0.014846298512104,0,6.44620981534856,0.014846298512104,0.014846298512104,0.014846298512104,0.0608105741726415
13.7692792179168,0,0.045315959795906,0,13.7692792179168,0.045315959795906,0.045315959795906,0.045315959795906,0.0576659331255503
11.7030101268542,0,0.0664031592294417,0,11.7030101268542,0.0664031592294417,0.0664031592294417,0.0664031592294417,0.0318702419669784
7.36539602284415,0,-0.0247872150245361,0,7.36539602284415,-0.0247872150245361,-0.0247872150245361,-0.0247872150245361,0.114121672795408
7.17535910443418,0,0.0223584830888584,0,7.17535910443418,0.0223584830888584,0.0223584830888584,0.0223584830888584,0.0787357224553916
10.3934503295043,0,0.0619972167608137,0,10.3934503295043,0.0619972167608137,0.0619972167608137,0.0619972167608137,0.0947975137929517
11.8155784180346,0,0.132399483418963,0,11.8155784180346,0.132399483418963,0.132399483418963,0.132399483418963,0.0684128055131695
10.8363107906744,0,-0.028098390818107,0,10.8363107906744,-0.028098390818107,-0.028098390818107,-0.028098390818107,0.071926050301895
11.7003583105711,0,-0.00186774348468509,0,11.7003583105711,-0.00186774348468509,-0.00186774348468509,-0.00186774348468509,0.00589871207554302
14.1717804897526,0,0.027255899623745,0,14.1717804897526,0.027255899623745,0.027255899623745,0.027255899623745,0.0438772018708798
10.4916049522311,0,0.0132463173032987,0,10.4916049522311,0.0132463173032987,0.0132463173032987,0.0132463173032987,0.0267192917518445
17.4700053613048,0,-0.0184802916209333,0,17.4700053613048,-0.0184802916209333,-0.0184802916209333,-0.0184802916209333,0.0310328260487528
22.4190143092695,0,-0.000161199703742028,0,22.4190143092695,-0.000161199703742028,-0.000161199703742028,-0.000161199703742028,0.0167230245622351
23.3384346785706,0,0.0173424537425691,0,23.3384346785706,0.0173424537425691,0.0173424537425691,0.0173424537425691,0.0189266195413323
38.8851950923656,0,-0.0332412043876419,0,38.8851950923656,-0.0332412043876419,-0.0332412043876419,-0.0332412043876419,0.0285556564673136
18.868464140174,0,-0.0601138815581494,0,18.868464140174,-0.0601138815581494,-0.0601138815581494,-0.0601138815581494,0.0841243606959225
130.216227665708,0,0.0198117493038606,0,130.216227665708,0.0198117493038606,0.0198117493038606,0.0198117493038606,0.0277236387216602
9.87654480749694,0,-0.0946232449189078,0,9.87654480749694,-0.0946232449189078,-0.0946232449189078,-0.0946232449189078,0.0836731049469832
15.7641037476623,0,0.0452974152246685,0,15.7641037476623,0.0452974152246685,0.0452974152246685,0.0452974152246685,0.0222639606786319
13.2572895170701,0,-0.00547183825283213,0,13.2572895170701,-0.00547183825283213,-0.00547183825283213,-0.00547183825283213,0.0207932850711389
14.6101069409457,0,-0.0361151431713081,0,14.6101069409457,-0.0361151431713081,-0.0361151431713081,-0.0361151431713081,0.0853409147807967
8.10146185701589,0,0.0427555806686441,0,8.10146185701589,0.0427555806686441,0.0427555806686441,0.0427555806686441,0.0518433181255775
11.2420027298881,0,-0.0660500012093723,0,11.2420027298881,-0.0660500012093723,-0.0660500012093723,-0.0660500012093723,0.0384705888979592
25.0274800711776,0,-0.0187256249614442,0,25.0274800711776,-0.0187256249614442,-0.0187256249614442,-0.0187256249614442,0.0960019772095373
28.4056044215739,0,-0.0234835133541325,0,28.4056044215739,-0.0234835133541325,-0.0234835133541325,-0.0234835133541325,0.0460235649191708
9.44659083119766,0,-0.0979355343768668,0,9.44659083119766,-0.0979355343768668,-0.0979355343768668,-0.0979355343768668,0.106984919191722
10.6319539160187,0,0.00587821668928426,0,10.6319539160187,0.00587821668928426,0.00587821668928426,0.00587821668928426,0.0434639030773943
23.722803858762,0,0.00435490338959432,0,23.722803858762,0.00435490338959432,0.00435490338959432,0.00435490338959432,0.0172785731987079
NA,NA,NA,NA,NA,NA,NA,NA,NA
14.5501339822123,0,-0.0241508994853178,0,14.5501339822123,-0.0241508994853178,-0.0241508994853178,-0.0241508994853178,0.0112761190742462
6.82559417888738,0,-0.0208488602109932,0,6.82559417888738,-0.0208488602109932,-0.0208488602109932,-0.0208488602109932,0.0626238731585564
7.10118523761685,0,-0.0285278978712163,0,7.10118523761685,-0.0285278978712163,-0.0285278978712163,-0.0285278978712163,0.0595492352872805
8.39406695268219,0,0.0167837864563465,0,8.39406695268219,0.0167837864563465,0.0167837864563465,0.0167837864563465,0.0322473662392579
15.3813680380744,0,-0.0235768509494856,0,15.3813680380744,-0.0235768509494856,-0.0235768509494856,-0.0235768509494856,0.0385600790656454
10.9419857642508,0,-0.0876235523401562,0,10.9419857642508,-0.0876235523401562,-0.0876235523401562,-0.0876235523401562,0.0336377588977628
9.567453602661,0,-0.0130573193727359,0,9.567453602661,-0.0130573193727359,-0.0130573193727359,-0.0130573193727359,0.0264340771076804
9.56764954052794,0,-0.00578932875863998,0,9.56764954052794,-0.00578932875863998,-0.00578932875863998,-0.00578932875863998,0.0288617279537588
9.58796747981615,0,0.00725905880614161,0,9.58796747981615,0.00725905880614161,0.00725905880614161,0.00725905880614161,0.0422687684348916
15.1454884083029,0,0.0687427351592194,0,15.1454884083029,0.0687427351592194,0.0687427351592194,0.0687427351592194,0.0334809714396658
9.72468903389732,0,0.0209196079014141,0,9.72468903389732,0.0209196079014141,0.0209196079014141,0.0209196079014141,0.0473210924820652
14.8412385484711,0,0.00805813747067324,0,14.8412385484711,0.00805813747067324,0.00805813747067324,0.00805813747067324,0.0331399934197975
10.6567948708008,0,0.0203455428827325,0,10.6567948708008,0.0203455428827325,0.0203455428827325,0.0203455428827325,0.0367174068081082
15.83958844307,0,0.0399832495665445,0,15.83958844307,0.0399832495665445,0.0399832495665445,0.0399832495665445,0.0130470310288665
17.7014293147066,0,0.0234372077444364,0,17.7014293147066,0.0234372077444364,0.0234372077444364,0.0234372077444364,0.0323786122878216
16.016217440795,0,-0.00369944404825601,0,16.016217440795,-0.00369944404825601,-0.00369944404825601,-0.00369944404825601,0.0376637682579198
21.1131806593051,0,-0.056056653152879,0,21.1131806593051,-0.056056653152879,-0.056056653152879,-0.056056653152879,0.033465829508006
12.511562118753,0,0.010653794636591,0,12.511562118753,0.010653794636591,0.010653794636591,0.010653794636591,0.0542734571116003
11.3110693140974,0,0.00982781565554414,0,11.3110693140974,0.00982781565554414,0.00982781565554414,0.00982781565554414,0.0152975413868066
19.3344521561619,0,-0.0178892890128142,0,19.3344521561619,-0.0178892890128142,-0.0178892890128142,-0.0178892890128142,0.0322365626104049
12.3671082351961,0,0.0210231372322994,0,12.3671082351961,0.0210231372322994,0.0210231372322994,0.0210231372322994,0.0160828742749283
12.3654554745313,0,-0.0686880413546458,0,12.3654554745313,-0.0686880413546458,-0.0686880413546458,-0.0686880413546458,0.0513325050706189
19.2556223171704,0,0.0285945738844167,0,19.2556223171704,0.0285945738844167,0.0285945738844167,0.0285945738844167,0.0139726523520546
34.7312424253189,0,0.00360906084633839,0,34.7312424253189,0.00360906084633839,0.00360906084633839,0.00360906084633839,0.017575833019559
54.7209102152747,0,0.0196726221291343,0,54.7209102152747,0.0196726221291343,0.0196726221291343,0.0196726221291343,0.0109274670854921
6.44620981534856,0,0.014846298512104,0,6.44620981534856,0.014846298512104,0.014846298512104,0.014846298512104,0.0608105741726415
13.7692792179168,0,0.045315959795906,0,13.7692792179168,0.045315959795906,0.045315959795906,0.045315959795906,0.0576659331255503
11.7030101268542,0,0.0664031592294417,0,11.7030101268542,0.0664031592294417,0.0664031592294417,0.0664031592294417,0.0318702419669784
7.36539602284415,0,-0.0247872150245361,0,7.36539602284415,-0.0247872150245361,-0.0247872150245361,-0.0247872150245361,0.114121672795408
7.17535910443418,0,0.0223584830888584,0,7.17535910443418,0.0223584830888584,0.0223584830888584,0.0223584830888584,0.0787357224553916
10.3934503295043,0,0.0619972167608137,0,10.3934503295043,0.0619972167608137,0.0619972167608137,0.0619972167608137,0.0947975137929517
11.8155784180346,0,0.132399483418963,0,11.8155784180346,0.132399483418963,0.132399483418963,0.132399483418963,0.0684128055131695
10.8363107906744,0,-0.028098390818107,0,10.8363107906744,-0.028098390818107,-0.028098390818107,-0.028098390818107,0.071926050301895
11.7003583105711,0,-0.00186774348468509,0,11.7003583105711,-0.00186774348468509,-0.00186774348468509,-0.00186774348468509,0.00589871207554302
14.1717804897526,0,0.027255899623745,0,14.1717804897526,0.027255899623745,0.027255899623745,0.027255899623745,0.0438772018708798
10.4916049522311,0,0.0132463173032987,0,10.4916049522311,0.0132463173032987,0.0132463173032987,0.0132463173032987,0.0267192917518445
17.4700053613048,0,-0.0184802916209333,0,17.4700053613048,-0.0184802916209333,-0.0184802916209333,-0.0184802916209333,0.0310328260487528
22.4190143092695,0,-0.000161199703742028,0,22.4190143092695,-0.000161199703742028,-0.000161199703742028,-0.000161199703742028,0.0167230245622351
23.3384346785706,0,0.0173424537425691,0,23.3384346785706,0.0173424537425691,0.0173424537425691,0.0173424537425691,0.0189266195413323
38.8851950923656,0,-0.0332412043876419,0,38.8851950923656,-0.0332412043876419,-0.0332412043876419,-0.0332412043876419,0.0285556564673136
18.868464140174,0,-0.0601138815581494,0,18.868464140174,-0.0601138815581494,-0.0601138815581494,-0.0601138815581494,0.0841243606959225
130.216227665708,0,0.0198117493038606,0,130.216227665708,0.0198117493038606,0.0198117493038606,0.0198117493038606,0.0277236387216602
9.87654480749694,0,-0.0946232449189078,0,9.87654480749694,-0.0946232449189078,-0.0946232449189078,-0.0946232449189078,0.0836731049469832
15.7641037476623,0,0.0452974152246685,0,15.7641037476623,0.0452974152246685,0.0452974152246685,0.0452974152246685,0.0222639606786319
13.2572895170701,0,-0.00547183825283213,0,13.2572895170701,-0.00547183825283213,-0.00547183825283213,-0.00547183825283213,0.0207932850711389
14.6101069409457,0,-0.0361151431713081,0,14.6101069409457,-0.0361151431713081,-0.0361151431713081,-0.0361151431713081,0.0853409147807967
8.10146185701589,0,0.0427555806686441,0,8.10146185701589,0.0427555806686441,0.0427555806686441,0.0427555806686441,0.0518433181255775
11.2420027298881,0,-0.0660500012093723,0,11.2420027298881,-0.0660500012093723,-0.0660500012093723,-0.0660500012093723,0.0384705888979592
25.0274800711776,0,-0.0187256249614442,0,25.0274800711776,-0.0187256249614442,-0.0187256249614442,-0.0187256249614442,0.0960019772095373
28.4056044215739,0,-0.0234835133541325,0,28.4056044215739,-0.0234835133541325,-0.0234835133541325,-0.0234835133541325,0.0460235649191708
9.44659083119766,0,-0.0979355343768668,0,9.44659083119766,-0.0979355343768668,-0.0979355343768668,-0.0979355343768668,0.106984919191722
10.6319539160187,0,0.00587821668928426,0,10.6319539160187,0.00587821668928426,0.00587821668928426,0.00587821668928426,0.0434639030773943
23.722803858762,0,0.00435490338959432,0,23.722803858762,0.00435490338959432,0.00435490338959432,0.00435490338959432,0.0172785731987079
NA,NA,NA,NA,NA,NA,NA,NA,NA
14.5501339822123,0,-0.0241508994853178,0,14.5501339822123,-0.0241508994853178,-0.0241508994853178,-0.0241508994853178,0.0112761190742462
6.82559417888738,0,-0.0208488602109932,0,6.82559417888738,-0.0208488602109932,-0.0208488602109932,-0.0208488602109932,0.0626238731585564
7.10118523761685,0,-0.0285278978712163,0,7.10118523761685,-0.0285278978712163,-0.0285278978712163,-0.0285278978712163,0.0595492352872805
8.39406695268219,0,0.0167837864563465,0,8.39406695268219,0.0167837864563465,0.0167837864563465,0.0167837864563465,0.0322473662392579
15.3813680380744,0,-0.0235768509494856,0,15.3813680380744,-0.0235768509494856,-0.0235768509494856,-0.0235768509494856,0.0385600790656454
10.9419857642508,0,-0.0876235523401562,0,10.9419857642508,-0.0876235523401562,-0.0876235523401562,-0.0876235523401562,0.0336377588977628
9.567453602661,0,-0.0130573193727359,0,9.567453602661,-0.0130573193727359,-0.0130573193727359,-0.0130573193727359,0.0264340771076804
9.56764954052794,0,-0.00578932875863998,0,9.56764954052794,-0.00578932875863998,-0.00578932875863998,-0.00578932875863998,0.0288617279537588
9.58796747981615,0,0.00725905880614161,0,9.58796747981615,0.00725905880614161,0.00725905880614161,0.00725905880614161,0.0422687684348916
15.1454884083029,0,0.0687427351592194,0,15.1454884083029,0.0687427351592194,0.0687427351592194,0.0687427351592194,0.0334809714396658
9.72468903389732,0,0.0209196079014141,0,9.72468903389732,0.0209196079014141,0.0209196079014141,0.0209196079014141,0.0473210924820652
14.8412385484711,0,0.00805813747067324,0,14.8412385484711,0.00805813747067324,0.00805813747067324,0.00805813747067324,0.0331399934197975
10.6567948708008,0,0.0203455428827325,0,10.6567948708008,0.0203455428827325,0.0203455428827325,0.0203455428827325,0.0367174068081082
15.83958844307,0,0.0399832495665445,0,15.83958844307,0.0399832495665445,0.0399832495665445,0.0399832495665445,0.0130470310288665
17.7014293147066,0,0.0234372077444364,0,17.7014293147066,0.0234372077444364,0.0234372077444364,0.0234372077444364,0.0323786122878216
16.016217440795,0,-0.00369944404825601,0,16.016217440795,-0.00369944404825601,-0.00369944404825601,-0.00369944404825601,0.0376637682579198
21.1131806593051,0,-0.056056653152879,0,21.1131806593051,-0.056056653152879,-0.056056653152879,-0.056056653152879,0.033465829508006
12.511562118753,0,0.010653794636591,0,12.511562118753,0.010653794636591,0.010653794636591,0.010653794636591,0.0542734571116003
11.3110693140974,0,0.00982781565554414,0,11.3110693140974,0.00982781565554414,0.00982781565554414,0.00982781565554414,0.0152975413868066
19.3344521561619,0,-0.0178892890128142,0,19.3344521561619,-0.0178892890128142,-0.0178892890128142,-0.0178892890128142,0.0322365626104049
12.3671082351961,0,0.0210231372322994,0,12.3671082351961,0.0210231372322994,0.0210231372322994,0.0210231372322994,0.0160828742749283
12.3654554745313,0,-0.0686880413546458,0,12.3654554745313,-0.0686880413546458,-0.0686880413546458,-0.0686880413546458,0.0513325050706189
19.2556223171704,0,0.0285945738844167,0,19.2556223171704,0.0285945738844167,0.0285945738844167,0.0285945738844167,0.0139726523520546
34.7312424253189,0,0.00360906084633839,0,34.7312424253189,0.00360906084633839,0.00360906084633839,0.00360906084633839,0.017575833019559
54.7209102152747,0,0.0196726221291343,0,54.7209102152747,0.0196726221291343,0.0196726221291343,0.0196726221291343,0.0109274670854921
6.44620981534856,0,0.014846298512104,0,6.44620981534856,0.014846298512104,0.014846298512104,0.014846298512104,0.0608105741726415
13.7692792179168,0,0.045315959795906,0,13.7692792179168,0.045315959795906,0.045315959795906,0.045315959795906,0.0576659331255503
11.7030101268542,0,0.0664031592294417,0,11.7030101268542,0.0664031592294417,0.0664031592294417,0.0664031592294417,0.0318702419669784
7.36539602284415,0,-0.0247872150245361,0,7.36539602284415,-0.0247872150245361,-0.0247872150245361,-0.0247872150245361,0.114121672795408
7.17535910443418,0,0.0223584830888584,0,7.17535910443418,0.0223584830888584,0.0223584830888584,0.0223584830888584,0.0787357224553916
10.3934503295043,0,0.0619972167608137,0,10.3934503295043,0.0619972167608137,0.0619972167608137,0.0619972167608137,0.0947975137929517
11.8155784180346,0,0.132399483418963,0,11.8155784180346,0.132399483418963,0.132399483418963,0.132399483418963,0.0684128055131695
10.8363107906744,0,-0.028098390818107,0,10.8363107906744,-0.028098390818107,-0.028098390818107,-0.028098390818107,0.071926050301895
11.7003583105711,0,-0.00186774348468509,0,11.7003583105711,-0.00186774348468509,-0.00186774348468509,-0.00186774348468509,0.00589871207554302
14.1717804897526,0,0.027255899623745,0,14.1717804897526,0.027255899623745,0.027255899623745,0.027255899623745,0.0438772018708798
10.4916049522311,0,0.0132463173032987,0,10.4916049522311,0.0132463173032987,0.0132463173032987,0.0132463173032987,0.0267192917518445
17.4700053613048,0,-0.0184802916209333,0,17.4700053613048,-0.0184802916209333,-0.0184802916209333,-0.0184802916209333,0.0310328260487528
22.4190143092695,0,-0.000161199703742028,0,22.4190143092695,-0.000161199703742028,-0.000161199703742028,-0.000161199703742028,0.0167230245622351
23.3384346785706,0,0.0173424537425691,0,23.3384346785706,0.0173424537425691,0.0173424537425691,0.0173424537425691,0.0189266195413323
38.8851950923656,0,-0.0332412043876419,0,38.8851950923656,-0.0332412043876419,-0.0332412043876419,-0.0332412043876419,0.0285556564673136
18.868464140174,0,-0.0601138815581494,0,18.868464140174,-0.0601138815581494,-0.0601138815581494,-0.0601138815581494,0.0841243606959225
130.216227665708,0,0.0198117493038606,0,130.216227665708,0.0198117493038606,0.0198117493038606,0.0198117493038606,0.0277236387216602
9.87654480749694,0,-0.0946232449189078,0,9.87654480749694,-0.0946232449189078,-0.0946232449189078,-0.0946232449189078,0.0836731049469832
15.7641037476623,0,0.0452974152246685,0,15.7641037476623,0.0452974152246685,0.0452974152246685,0.0452974152246685,0.0222639606786319
13.2572895170701,0,-0.00547183825283213,0,13.2572895170701,-0.00547183825283213,-0.00547183825283213,-0.00547183825283213,0.0207932850711389
14.6101069409457,0,-0.0361151431713081,0,14.6101069409457,-0.0361151431713081,-0.0361151431713081,-0.0361151431713081,0.0853409147807967
8.10146185701589,0,0.0427555806686441,0,8.10146185701589,0.0427555806686441,0.0427555806686441,0.0427555806686441,0.0518433181255775
11.2420027298881,0,-0.0660500012093723,0,11.2420027298881,-0.0660500012093723,-0.0660500012093723,-0.0660500012093723,0.0384705888979592
25.0274800711776,0,-0.0187256249614442,0,25.0274800711776,-0.0187256249614442,-0.0187256249614442,-0.0187256249614442,0.0960019772095373
28.4056044215739,0,-0.0234835133541325,0,28.4056044215739,-0.0234835133541325,-0.0234835133541325,-0.0234835133541325,0.0460235649191708
9.44659083119766,0,-0.0979355343768668,0,9.44659083119766,-0.0979355343768668,-0.0979355343768668,-0.0979355343768668,0.106984919191722
10.6319539160187,0,0.00587821668928426,0,10.6319539160187,0.00587821668928426,0.00587821668928426,0.00587821668928426,0.0434639030773943
23.722803858762,0,0.00435490338959432,0,23.722803858762,0.00435490338959432,0.00435490338959432,0.00435490338959432,0.0172785731987079
NA,NA,NA,NA,NA,NA,NA,NA,NA
14.5501339822123,0,-0.0241508994853178,0,14.5501339822123,-0.0241508994853178,-0.0241508994853178,-0.0241508994853178,0.0112761190742462
6.82559417888738,0,-0.0208488602109932,0,6.82559417888738,-0.0208488602109932,-0.0208488602109932,-0.0208488602109932,0.0626238731585564
7.10118523761685,0,-0.0285278978712163,0,7.10118523761685,-0.0285278978712163,-0.0285278978712163,-0.0285278978712163,0.0595492352872805
8.39406695268219,0,0.0167837864563465,0,8.39406695268219,0.0167837864563465,0.0167837864563465,0.0167837864563465,0.0322473662392579
15.3813680380744,0,-0.0235768509494856,0,15.3813680380744,-0.0235768509494856,-0.0235768509494856,-0.0235768509494856,0.0385600790656454
10.9419857642508,0,-0.0876235523401562,0,10.9419857642508,-0.0876235523401562,-0.0876235523401562,-0.0876235523401562,0.0336377588977628
9.567453602661,0,-0.0130573193727359,0,9.567453602661,-0.0130573193727359,-0.0130573193727359,-0.0130573193727359,0.0264340771076804
9.56764954052794,0,-0.00578932875863998,0,9.56764954052794,-0.00578932875863998,-0.00578932875863998,-0.00578932875863998,0.0288617279537588
9.58796747981615,0,0.00725905880614161,0,9.58796747981615,0.00725905880614161,0.00725905880614161,0.00725905880614161,0.0422687684348916
15.1454884083029,0,0.0687427351592194,0,15.1454884083029,0.0687427351592194,0.0687427351592194,0.0687427351592194,0.0334809714396658
9.72468903389732,0,0.0209196079014141,0,9.72468903389732,0.0209196079014141,0.0209196079014141,0.0209196079014141,0.0473210924820652
14.8412385484711,0,0.00805813747067324,0,14.8412385484711,0.00805813747067324,0.00805813747067324,0.00805813747067324,0.0331399934197975
10.6567948708008,0,0.0203455428827325,0,10.6567948708008,0.0203455428827325,0.0203455428827325,0.0203455428827325,0.0367174068081082
15.83958844307,0,0.0399832495665445,0,15.83958844307,0.0399832495665445,0.0399832495665445,0.0399832495665445,0.0130470310288665
17.7014293147066,0,0.0234372077444364,0,17.7014293147066,0.0234372077444364,0.0234372077444364,0.0234372077444364,0.0323786122878216
16.016217440795,0,-0.00369944404825601,0,16.016217440795,-0.00369944404825601,-0.00369944404825601,-0.00369944404825601,0.0376637682579198
21.1131806593051,0,-0.056056653152879,0,21.1131806593051,-0.056056653152879,-0.056056653152879,-0.056056653152879,0.033465829508006
12.511562118753,0,0.010653794636591,0,12.511562118753,0.010653794636591,0.010653794636591,0.010653794636591,0.0542734571116003
11.3110693140974,0,0.00982781565554414,0,11.3110693140974,0.00982781565554414,0.00982781565554414,0.00982781565554414,0.0152975413868066
19.3344521561619,0,-0.0178892890128142,0,19.3344521561619,-0.0178892890128142,-0.0178892890128142,-0.0178892890128142,0.0322365626104049
12.3671082351961,0,0.0210231372322994,0,12.3671082351961,0.0210231372322994,0.0210231372322994,0.0210231372322994,0.0160828742749283
12.3654554745313,0,-0.0686880413546458,0,12.3654554745313,-0.0686880413546458,-0.0686880413546458,-0.0686880413546458,0.0513325050706189
19.2556223171704,0,0.0285945738844167,0,19.2556223171704,0.0285945738844167,0.0285945738844167,0.0285945738844167,0.0139726523520546
34.7312424253189,0,0.00360906084633839,0,34.7312424253189,0.00360906084633839,0.00360906084633839,0.00360906084633839,0.017575833019559
54.7209102152747,0,0.0196726221291343,0,54.7209102152747,0.0196726221291343,0.0196726221291343,0.0196726221291343,0.0109274670854921
6.44620981534856,0,0.014846298512104,0,6.44620981534856,0.014846298512104,0.014846298512104,0.014846298512104,0.0608105741726415
13.7692792179168,0,0.045315959795906,0,13.7692792179168,0.045315959795906,0.045315959795906,0.045315959795906,0.0576659331255503
11.7030101268542,0,0.0664031592294417,0,11.7030101268542,0.0664031592294417,0.0664031592294417,0.0664031592294417,0.0318702419669784
7.36539602284415,0,-0.0247872150245361,0,7.36539602284415,-0.0247872150245361,-0.0247872150245361,-0.0247872150245361,0.114121672795408
7.17535910443418,0,0.0223584830888584,0,7.17535910443418,0.0223584830888584,0.0223584830888584,0.0223584830888584,0.0787357224553916
10.3934503295043,0,0.0619972167608137,0,10.3934503295043,0.0619972167608137,0.0619972167608137,0.0619972167608137,0.0947975137929517
11.8155784180346,0,0.132399483418963,0,11.8155784180346,0.132399483418963,0.132399483418963,0.132399483418963,0.0684128055131695
10.8363107906744,0,-0.028098390818107,0,10.8363107906744,-0.028098390818107,-0.028098390818107,-0.028098390818107,0.071926050301895
11.7003583105711,0,-0.00186774348468509,0,11.7003583105711,-0.00186774348468509,-0.00186774348468509,-0.00186774348468509,0.00589871207554302
14.1717804897526,0,0.027255899623745,0,14.1717804897526,0.027255899623745,0.027255899623745,0.027255899623745,0.0438772018708798
10.4916049522311,0,0.0132463173032987,0,10.4916049522311,0.0132463173032987,0.0132463173032987,0.0132463173032987,0.0267192917518445
17.4700053613048,0,-0.0184802916209333,0,17.4700053613048,-0.0184802916209333,-0.0184802916209333,-0.0184802916209333,0.0310328260487528
22.4190143092695,0,-0.000161199703742028,0,22.4190143092695,-0.000161199703742028,-0.000161199703742028,-0.000161199703742028,0.0167230245622351
23.3384346785706,0,0.0173424537425691,0,23.3384346785706,0.0173424537425691,0.0173424537425691,0.0173424537425691,0.0189266195413323
38.8851950923656,0,-0.0332412043876419,0,38.8851950923656,-0.0332412043876419,-0.0332412043876419,-0.0332412043876419,0.0285556564673136
18.868464140174,0,-0.0601138815581494,0,18.868464140174,-0.0601138815581494,-0.0601138815581494,-0.0601138815581494,0.0841243606959225
130.216227665708,0,0.0198117493038606,0,130.216227665708,0.0198117493038606,0.0198117493038606,0.0198117493038606,0.0277236387216602
9.87654480749694,0,-0.0946232449189078,0,9.87654480749694,-0.0946232449189078,-0.0946232449189078,-0.0946232449189078,0.0836731049469832
15.7641037476623,0,0.0452974152246685,0,15.7641037476623,0.0452974152246685,0.0452974152246685,0.0452974152246685,0.0222639606786319
13.2572895170701,0,-0.00547183825283213,0,13.2572895170701,-0.00547183825283213,-0.00547183825283213,-0.00547183825283213,0.0207932850711389
14.6101069409457,0,-0.0361151431713081,0,14.6101069409457,-0.0361151431713081,-0.0361151431713081,-0.0361151431713081,0.0853409147807967
8.10146185701589,0,0.0427555806686441,0,8.10146185701589,0.0427555806686441,0.0427555806686441,0.0427555806686441,0.0518433181255775
11.2420027298881,0,-0.0660500012093723,0,11.2420027298881,-0.0660500012093723,-0.0660500012093723,-0.0660500012093723,0.0384705888979592
25.0274800711776,0,-0.0187256249614442,0,25.0274800711776,-0.0187256249614442,-0.0187256249614442,-0.0187256249614442,0.0960019772095373
28.4056044215739,0,-0.0234835133541325,0,28.4056044215739,-0.0234835133541325,-0.0234835133541325,-0.0234835133541325,0.0460235649191708
9.44659083119766,0,-0.0979355343768668,0,9.44659083119766,-0.0979355343768668,-0.0979355343768668,-0.0979355343768668,0.106984919191722
10.6319539160187,0,0.00587821668928426,0,10.6319539160187,0.00587821668928426,0.00587821668928426,0.00587821668928426,0.0434639030773943
23.722803858762,0,0.00435490338959432,0,23.722803858762,0.00435490338959432,0.00435490338959432,0.00435490338959432,0.0172785731987079
NA,NA,NA,NA,NA,NA,NA,NA,NA
14.5501339822123,0,-0.0241508994853178,0,14.5501339822123,-0.0241508994853178,-0.0241508994853178,-0.0241508994853178,0.0112761190742462
6.82559417888738,0,-0.0208488602109932,0,6.82559417888738,-0.0208488602109932,-0.0208488602109932,-0.0208488602109932,0.0626238731585564
7.10118523761685,0,-0.0285278978712163,0,7.10118523761685,-0.0285278978712163,-0.0285278978712163,-0.0285278978712163,0.0595492352872805
8.39406695268219,0,0.0167837864563465,0,8.39406695268219,0.0167837864563465,0.0167837864563465,0.0167837864563465,0.0322473662392579
15.3813680380744,0,-0.0235768509494856,0,15.3813680380744,-0.0235768509494856,-0.0235768509494856,-0.0235768509494856,0.0385600790656454
10.9419857642508,0,-0.0876235523401562,0,10.9419857642508,-0.0876235523401562,-0.0876235523401562,-0.0876235523401562,0.0336377588977628
9.567453602661,0,-0.0130573193727359,0,9.567453602661,-0.0130573193727359,-0.0130573193727359,-0.0130573193727359,0.0264340771076804
9.56764954052794,0,-0.00578932875863998,0,9.56764954052794,-0.00578932875863998,-0.00578932875863998,-0.00578932875863998,0.0288617279537588
9.58796747981615,0,0.00725905880614161,0,9.58796747981615,0.00725905880614161,0.00725905880614161,0.00725905880614161,0.0422687684348916
15.1454884083029,0,0.0687427351592194,0,15.1454884083029,0.0687427351592194,0.0687427351592194,0.0687427351592194,0.0334809714396658
9.72468903389732,0,0.0209196079014141,0,9.72468903389732,0.0209196079014141,0.0209196079014141,0.0209196079014141,0.0473210924820652
14.8412385484711,0,0.00805813747067324,0,14.8412385484711,0.00805813747067324,0.00805813747067324,0.00805813747067324,0.0331399934197975
10.6567948708008,0,0.0203455428827325,0,10.6567948708008,0.0203455428827325,0.0203455428827325,0.0203455428827325,0.0367174068081082
15.83958844307,0,0.0399832495665445,0,15.83958844307,0.0399832495665445,0.0399832495665445,0.0399832495665445,0.0130470310288665
17.7014293147066,0,0.0234372077444364,0,17.7014293147066,0.0234372077444364,0.0234372077444364,0.0234372077444364,0.0323786122878216
16.016217440795,0,-0.00369944404825601,0,16.016217440795,-0.00369944404825601,-0.00369944404825601,-0.00369944404825601,0.0376637682579198
21.1131806593051,0,-0.056056653152879,0,21.1131806593051,-0.056056653152879,-0.056056653152879,-0.056056653152879,0.033465829508006
12.511562118753,0,0.010653794636591,0,12.511562118753,0.010653794636591,0.010653794636591,0.010653794636591,0.0542734571116003
11.3110693140974,0,0.00982781565554414,0,11.3110693140974,0.00982781565554414,0.00982781565554414,0.00982781565554414,0.0152975413868066
19.3344521561619,0,-0.0178892890128142,0,19.3344521561619,-0.0178892890128142,-0.0178892890128142,-0.0178892890128142,0.0322365626104049
12.3671082351961,0,0.0210231372322994,0,12.3671082351961,0.0210231372322994,0.0210231372322994,0.0210231372322994,0.0160828742749283
12.3654554745313,0,-0.0686880413546458,0,12.3654554745313,-0.0686880413546458,-0.0686880413546458,-0.0686880413546458,0.0513325050706189
19.2556223171704,0,0.0285945738844167,0,19.2556223171704,0.0285945738844167,0.0285945738844167,0.0285945738844167,0.0139726523520546
34.7312424253189,0,0.00360906084633839,0,34.7312424253189,0.00360906084633839,0.00360906084633839,0.00360906084633839,0.017575833019559
54.7209102152747,0,0.0196726221291343,0,54.7209102152747,0.0196726221291343,0.0196726221291343,0.0196726221291343,0.0109274670854921
6.44620981534856,0,0.014846298512104,0,6.44620981534856,0.014846298512104,0.014846298512104,0.014846298512104,0.0608105741726415
13.7692792179168,0,0.045315959795906,0,13.7692792179168,0.045315959795906,0.045315959795906,0.045315959795906,0.0576659331255503
11.7030101268542,0,0.0664031592294417,0,11.7030101268542,0.0664031592294417,0.0664031592294417,0.0664031592294417,0.0318702419669784
7.36539602284415,0,-0.0247872150245361,0,7.36539602284415,-0.0247872150245361,-0.0247872150245361,-0.0247872150245361,0.114121672795408
7.17535910443418,0,0.0223584830888584,0,7.17535910443418,0.0223584830888584,0.0223584830888584,0.0223584830888584,0.0787357224553916
10.3934503295043,0,0.0619972167608137,0,10.3934503295043,0.0619972167608137,0.0619972167608137,0.0619972167608137,0.0947975137929517
11.8155784180346,0,0.132399483418963,0,11.8155784180346,0.132399483418963,0.132399483418963,0.132399483418963,0.0684128055131695
10.8363107906744,0,-0.028098390818107,0,10.8363107906744,-0.028098390818107,-0.028098390818107,-0.028098390818107,0.071926050301895
11.7003583105711,0,-0.00186774348468509,0,11.7003583105711,-0.00186774348468509,-0.00186774348468509,-0.00186774348468509,0.00589871207554302
14.1717804897526,0,0.027255899623745,0,14.1717804897526,0.027255899623745,0.027255899623745,0.027255899623745,0.0438772018708798
10.4916049522311,0,0.0132463173032987,0,10.4916049522311,0.0132463173032987,0.0132463173032987,0.0132463173032987,0.0267192917518445
17.4700053613048,0,-0.0184802916209333,0,17.4700053613048,-0.0184802916209333,-0.0184802916209333,-0.0184802916209333,0.0310328260487528
22.4190143092695,0,-0.000161199703742028,0,22.4190143092695,-0.000161199703742028,-0.000161199703742028,-0.000161199703742028,0.0167230245622351
23.3384346785706,0,0.0173424537425691,0,23.3384346785706,0.0173424537425691,0.0173424537425691,0.0173424537425691,0.0189266195413323
38.8851950923656,0,-0.0332412043876419,0,38.8851950923656,-0.0332412043876419,-0.0332412043876419,-0.0332412043876419,0.0285556564673136
18.868464140174,0,-0.0601138815581494,0,18.868464140174,-0.0601138815581494,-0.0601138815581494,-0.0601138815581494,0.0841243606959225
130.216227665708,0,0.0198117493038606,0,130.216227665708,0.0198117493038606,0.0198117493038606,0.0198117493038606,0.0277236387216602
9.87654480749694,0,-0.0946232449189078,0,9.87654480749694,-0.0946232449189078,-0.0946232449189078,-0.0946232449189078,0.0836731049469832
15.7641037476623,0,0.0452974152246685,0,15.7641037476623,0.0452974152246685,0.0452974152246685,0.0452974152246685,0.0222639606786319
13.2572895170701,0,-0.00547183825283213,0,13.2572895170701,-0.00547183825283213,-0.00547183825283213,-0.00547183825283213,0.0207932850711389
14.6101069409457,0,-0.0361151431713081,0,14.6101069409457,-0.0361151431713081,-0.0361151431713081,-0.0361151431713081,0.0853409147807967
8.10146185701589,0,0.0427555806686441,0,8.10146185701589,0.0427555806686441,0.0427555806686441,0.0427555806686441,0.0518433181255775
11.2420027298881,0,-0.0660500012093723,0,11.2420027298881,-0.0660500012093723,-0.0660500012093723,-0.0660500012093723,0.0384705888979592
25.0274800711776,0,-0.0187256249614442,0,25.0274800711776,-0.0187256249614442,-0.0187256249614442,-0.0187256249614442,0.0960019772095373
28.4056044215739,0,-0.0234835133541325,0,28.4056044215739,-0.0234835133541325,-0.0234835133541325,-0.0234835133541325,0.0460235649191708
9.44659083119766,0,-0.0979355343768668,0,9.44659083119766,-0.0979355343768668,-0.0979355343768668,-0.0979355343768668,0.106984919191722
10.6319539160187,0,0.00587821668928426,0,10.6319539160187,0.00587821668928426,0.00587821668928426,0.00587821668928426,0.0434639030773943
23.722803858762,0,0.00435490338959432,0,23.722803858762,0.00435490338959432,0.00435490338959432,0.00435490338959432,0.0172785731987079
NA,NA,NA,NA,NA,NA,NA,NA,NA
14.5501339822123,0,-0.0241508994853178,0,14.5501339822123,-0.0241508994853178,-0.0241508994853178,-0.0241508994853178,0.0112761190742462
6.82559417888738,0,-0.0208488602109932,0,6.82559417888738,-0.0208488602109932,-0.0208488602109932,-0.0208488602109932,0.0626238731585564
7.10118523761685,0,-0.0285278978712163,0,7.10118523761685,-0.0285278978712163,-0.0285278978712163,-0.0285278978712163,0.0595492352872805
8.39406695268219,0,0.0167837864563465,0,8.39406695268219,0.0167837864563465,0.0167837864563465,0.0167837864563465,0.0322473662392579
15.3813680380744,0,-0.0235768509494856,0,15.3813680380744,-0.0235768509494856,-0.0235768509494856,-0.0235768509494856,0.0385600790656454
10.9419857642508,0,-0.0876235523401562,0,10.9419857642508,-0.0876235523401562,-0.0876235523401562,-0.0876235523401562,0.0336377588977628
9.567453602661,0,-0.0130573193727359,0,9.567453602661,-0.0130573193727359,-0.0130573193727359,-0.0130573193727359,0.0264340771076804
9.56764954052794,0,-0.00578932875863998,0,9.56764954052794,-0.00578932875863998,-0.00578932875863998,-0.00578932875863998,0.0288617279537588
9.58796747981615,0,0.00725905880614161,0,9.58796747981615,0.00725905880614161,0.00725905880614161,0.00725905880614161,0.0422687684348916
15.1454884083029,0,0.0687427351592194,0,15.1454884083029,0.0687427351592194,0.0687427351592194,0.0687427351592194,0.0334809714396658
9.72468903389732,0,0.0209196079014141,0,9.72468903389732,0.0209196079014141,0.0209196079014141,0.0209196079014141,0.0473210924820652
14.8412385484711,0,0.00805813747067324,0,14.8412385484711,0.00805813747067324,0.00805813747067324,0.00805813747067324,0.0331399934197975
10.6567948708008,0,0.0203455428827325,0,10.6567948708008,0.0203455428827325,0.0203455428827325,0.0203455428827325,0.0367174068081082
15.83958844307,0,0.0399832495665445,0,15.83958844307,0.0399832495665445,0.0399832495665445,0.0399832495665445,0.0130470310288665
17.7014293147066,0,0.0234372077444364,0,17.7014293147066,0.0234372077444364,0.0234372077444364,0.0234372077444364,0.0323786122878216
16.016217440795,0,-0.00369944404825601,0,16.016217440795,-0.00369944404825601,-0.00369944404825601,-0.00369944404825601,0.0376637682579198
21.1131806593051,0,-0.056056653152879,0,21.1131806593051,-0.056056653152879,-0.056056653152879,-0.056056653152879,0.033465829508006
12.511562118753,0,0.010653794636591,0,12.511562118753,0.010653794636591,0.010653794636591,0.010653794636591,0.0542734571116003
11.3110693140974,0,0.00982781565554414,0,11.3110693140974,0.00982781565554414,0.00982781565554414,0.00982781565554414,0.0152975413868066
19.3344521561619,0,-0.0178892890128142,0,19.3344521561619,-0.0178892890128142,-0.0178892890128142,-0.0178892890128142,0.0322365626104049
12.3671082351961,0,0.0210231372322994,0,12.3671082351961,0.0210231372322994,0.0210231372322994,0.0210231372322994,0.0160828742749283
12.3654554745313,0,-0.0686880413546458,0,12.3654554745313,-0.0686880413546458,-0.0686880413546458,-0.0686880413546458,0.0513325050706189
19.2556223171704,0,0.0285945738844167,0,19.2556223171704,0.0285945738844167,0.0285945738844167,0.0285945738844167,0.0139726523520546
34.7312424253189,0,0.00360906084633839,0,34.7312424253189,0.00360906084633839,0.00360906084633839,0.00360906084633839,0.017575833019559
54.7209102152747,0,0.0196726221291343,0,54.7209102152747,0.0196726221291343,0.0196726221291343,0.0196726221291343,0.0109274670854921
6.44620981534856,0,0.014846298512104,0,6.44620981534856,0.014846298512104,0.014846298512104,0.014846298512104,0.0608105741726415
13.7692792179168,0,0.045315959795906,0,13.7692792179168,0.045315959795906,0.045315959795906,0.045315959795906,0.0576659331255503
11.7030101268542,0,0.0664031592294417,0,11.7030101268542,0.0664031592294417,0.0664031592294417,0.0664031592294417,0.0318702419669784
7.36539602284415,0,-0.0247872150245361,0,7.36539602284415,-0.0247872150245361,-0.0247872150245361,-0.0247872150245361,0.114121672795408
7.17535910443418,0,0.0223584830888584,0,7.17535910443418,0.0223584830888584,0.0223584830888584,0.0223584830888584,0.0787357224553916
10.3934503295043,0,0.0619972167608137,0,10.3934503295043,0.0619972167608137,0.0619972167608137,0.0619972167608137,0.0947975137929517
11.8155784180346,0,0.132399483418963,0,11.8155784180346,0.132399483418963,0.132399483418963,0.132399483418963,0.0684128055131695
10.8363107906744,0,-0.028098390818107,0,10.8363107906744,-0.028098390818107,-0.028098390818107,-0.028098390818107,0.071926050301895
11.7003583105711,0,-0.00186774348468509,0,11.7003583105711,-0.00186774348468509,-0.00186774348468509,-0.00186774348468509,0.00589871207554302
14.1717804897526,0,0.027255899623745,0,14.1717804897526,0.027255899623745,0.027255899623745,0.027255899623745,0.0438772018708798
10.4916049522311,0,0.0132463173032987,0,10.4916049522311,0.0132463173032987,0.0132463173032987,0.0132463173032987,0.0267192917518445
17.4700053613048,0,-0.0184802916209333,0,17.4700053613048,-0.0184802916209333,-0.0184802916209333,-0.0184802916209333,0.0310328260487528
22.4190143092695,0,-0.000161199703742028,0,22.4190143092695,-0.000161199703742028,-0.000161199703742028,-0.000161199703742028,0.0167230245622351
23.3384346785706,0,0.0173424537425691,0,23.3384346785706,0.0173424537425691,0.0173424537425691,0.0173424537425691,0.0189266195413323
38.8851950923656,0,-0.0332412043876419,0,38.8851950923656,-0.0332412043876419,-0.0332412043876419,-0.0332412043876419,0.0285556564673136
18.868464140174,0,-0.0601138815581494,0,18.868464140174,-0.0601138815581494,-0.0601138815581494,-0.0601138815581494,0.0841243606959225
130.216227665708,0,0.0198117493038606,0,130.216227665708,0.0198117493038606,0.0198117493038606,0.0198117493038606,0.0277236387216602
9.87654480749694,0,-0.0946232449189078,0,9.87654480749694,-0.0946232449189078,-0.0946232449189078,-0.0946232449189078,0.0836731049469832
15.7641037476623,0,0.0452974152246685,0,15.7641037476623,0.0452974152246685,0.0452974152246685,0.0452974152246685,0.0222639606786319
13.2572895170701,0,-0.00547183825283213,0,13.2572895170701,-0.00547183825283213,-0.00547183825283213,-0.00547183825283213,0.0207932850711389
14.6101069409457,0,-0.0361151431713081,0,14.6101069409457,-0.0361151431713081,-0.0361151431713081,-0.0361151431713081,0.0853409147807967
8.10146185701589,0,0.0427555806686441,0,8.10146185701589,0.0427555806686441,0.0427555806686441,0.0427555806686441,0.0518433181255775
11.2420027298881,0,-0.0660500012093723,0,11.2420027298881,-0.0660500012093723,-0.0660500012093723,-0.0660500012093723,0.0384705888979592
25.0274800711776,0,-0.0187256249614442,0,25.0274800711776,-0.0187256249614442,-0.0187256249614442,-0.0187256249614442,0.0960019772095373
28.4056044215739,0,-0.0234835133541325,0,28.4056044215739,-0.0234835133541325,-0.0234835133541325,-0.0234835133541325,0.0460235649191708
9.44659083119766,0,-0.0979355343768668,0,9.44659083119766,-0.0979355343768668,-0.0979355343768668,-0.0979355343768668,0.106984919191722
10.6319539160187,0,0.00587821668928426,0,10.6319539160187,0.00587821668928426,0.00587821668928426,0.00587821668928426,0.0434639030773943
23.722803858762,0,0.00435490338959432,0,23.722803858762,0.00435490338959432,0.00435490338959432,0.00435490338959432,0.0172785731987079
NA,NA,NA,NA,NA,NA,NA,NA,NA
14.5501339822123,0,-0.0241508994853178,0,14.5501339822123,-0.0241508994853178,-0.0241508994853178,-0.0241508994853178,0.0112761190742462
6.82559417888738,0,-0.0208488602109932,0,6.82559417888738,-0.0208488602109932,-0.0208488602109932,-0.0208488602109932,0.0626238731585564
7.10118523761685,0,-0.0285278978712163,0,7.10118523761685,-0.0285278978712163,-0.0285278978712163,-0.0285278978712163,0.0595492352872805
8.39406695268219,0,0.0167837864563465,0,8.39406695268219,0.0167837864563465,0.0167837864563465,0.0167837864563465,0.0322473662392579
15.3813680380744,0,-0.0235768509494856,0,15.3813680380744,-0.0235768509494856,-0.0235768509494856,-0.0235768509494856,0.0385600790656454
10.9419857642508,0,-0.0876235523401562,0,10.9419857642508,-0.0876235523401562,-0.0876235523401562,-0.0876235523401562,0.0336377588977628
9.567453602661,0,-0.0130573193727359,0,9.567453602661,-0.0130573193727359,-0.0130573193727359,-0.0130573193727359,0.0264340771076804
9.56764954052794,0,-0.00578932875863998,0,9.56764954052794,-0.00578932875863998,-0.00578932875863998,-0.00578932875863998,0.0288617279537588
9.58796747981615,0,0.00725905880614161,0,9.58796747981615,0.00725905880614161,0.00725905880614161,0.00725905880614161,0.0422687684348916
15.1454884083029,0,0.0687427351592194,0,15.1454884083029,0.0687427351592194,0.0687427351592194,0.0687427351592194,0.0334809714396658
9.72468903389732,0,0.0209196079014141,0,9.72468903389732,0.0209196079014141,0.0209196079014141,0.0209196079014141,0.0473210924820652
14.8412385484711,0,0.00805813747067324,0,14.8412385484711,0.00805813747067324,0.00805813747067324,0.00805813747067324,0.0331399934197975
10.6567948708008,0,0.0203455428827325,0,10.6567948708008,0.0203455428827325,0.0203455428827325,0.0203455428827325,0.0367174068081082
15.83958844307,0,0.0399832495665445,0,15.83958844307,0.0399832495665445,0.0399832495665445,0.0399832495665445,0.0130470310288665
17.7014293147066,0,0.0234372077444364,0,17.7014293147066,0.0234372077444364,0.0234372077444364,0.0234372077444364,0.0323786122878216
16.016217440795,0,-0.00369944404825601,0,16.016217440795,-0.00369944404825601,-0.00369944404825601,-0.00369944404825601,0.0376637682579198
21.1131806593051,0,-0.056056653152879,0,21.1131806593051,-0.056056653152879,-0.056056653152879,-0.056056653152879,0.033465829508006
12.511562118753,0,0.010653794636591,0,12.511562118753,0.010653794636591,0.010653794636591,0.010653794636591,0.0542734571116003
11.3110693140974,0,0.00982781565554414,0,11.3110693140974,0.00982781565554414,0.00982781565554414,0.00982781565554414,0.0152975413868066
19.3344521561619,0,-0.0178892890128142,0,19.3344521561619,-0.0178892890128142,-0.0178892890128142,-0.0178892890128142,0.0322365626104049
12.3671082351961,0,0.0210231372322994,0,12.3671082351961,0.0210231372322994,0.0210231372322994,0.0210231372322994,0.0160828742749283
12.3654554745313,0,-0.0686880413546458,0,12.3654554745313,-0.0686880413546458,-0.0686880413546458,-0.0686880413546458,0.0513325050706189
19.2556223171704,0,0.0285945738844167,0,19.2556223171704,0.0285945738844167,0.0285945738844167,0.0285945738844167,0.0139726523520546
34.7312424253189,0,0.00360906084633839,0,34.7312424253189,0.00360906084633839,0.00360906084633839,0.00360906084633839,0.017575833019559
54.7209102152747,0,0.0196726221291343,0,54.7209102152747,0.0196726221291343,0.0196726221291343,0.0196726221291343,0.0109274670854921
6.44620981534856,0,0.014846298512104,0,6.44620981534856,0.014846298512104,0.014846298512104,0.014846298512104,0.0608105741726415
13.7692792179168,0,0.045315959795906,0,13.7692792179168,0.045315959795906,0.045315959795906,0.045315959795906,0.0576659331255503
11.7030101268542,0,0.0664031592294417,0,11.7030101268542,0.0664031592294417,0.0664031592294417,0.0664031592294417,0.0318702419669784
7.36539602284415,0,-0.0247872150245361,0,7.36539602284415,-0.0247872150245361,-0.0247872150245361,-0.0247872150245361,0.114121672795408
7.17535910443418,0,0.0223584830888584,0,7.17535910443418,0.0223584830888584,0.0223584830888584,0.0223584830888584,0.0787357224553916
10.3934503295043,0,0.0619972167608137,0,10.3934503295043,0.0619972167608137,0.0619972167608137,0.0619972167608137,0.0947975137929517
11.8155784180346,0,0.132399483418963,0,11.8155784180346,0.132399483418963,0.132399483418963,0.132399483418963,0.0684128055131695
10.8363107906744,0,-0.028098390818107,0,10.8363107906744,-0.028098390818107,-0.028098390818107,-0.028098390818107,0.071926050301895
11.7003583105711,0,-0.00186774348468509,0,11.7003583105711,-0.00186774348468509,-0.00186774348468509,-0.00186774348468509,0.00589871207554302
14.1717804897526,0,0.027255899623745,0,14.1717804897526,0.027255899623745,0.027255899623745,0.027255899623745,0.0438772018708798
10.4916049522311,0,0.0132463173032987,0,10.4916049522311,0.0132463173032987,0.0132463173032987,0.0132463173032987,0.0267192917518445
17.4700053613048,0,-0.0184802916209333,0,17.4700053613048,-0.0184802916209333,-0.0184802916209333,-0.0184802916209333,0.0310328260487528
22.4190143092695,0,-0.000161199703742028,0,22.4190143092695,-0.000161199703742028,-0.000161199703742028,-0.000161199703742028,0.0167230245622351
23.3384346785706,0,0.0173424537425691,0,23.3384346785706,0.0173424537425691,0.0173424537425691,0.0173424537425691,0.0189266195413323
38.8851950923656,0,-0.0332412043876419,0,38.8851950923656,-0.0332412043876419,-0.0332412043876419,-0.0332412043876419,0.0285556564673136
18.868464140174,0,-0.0601138815581494,0,18.868464140174,-0.0601138815581494,-0.0601138815581494,-0.0601138815581494,0.0841243606959225
130.216227665708,0,0.0198117493038606,0,130.216227665708,0.0198117493038606,0.0198117493038606,0.0198117493038606,0.0277236387216602
9.87654480749694,0,-0.0946232449189078,0,9.87654480749694,-0.0946232449189078,-0.0946232449189078,-0.0946232449189078,0.0836731049469832
15.7641037476623,0,0.0452974152246685,0,15.7641037476623,0.0452974152246685,0.0452974152246685,0.0452974152246685,0.0222639606786319
13.2572895170701,0,-0.00547183825283213,0,13.2572895170701,-0.00547183825283213,-0.00547183825283213,-0.00547183825283213,0.0207932850711389
14.6101069409457,0,-0.0361151431713081,0,14.6101069409457,-0.0361151431713081,-0.0361151431713081,-0.0361151431713081,0.0853409147807967
8.10146185701589,0,0.0427555806686441,0,8.10146185701589,0.0427555806686441,0.0427555806686441,0.0427555806686441,0.0518433181255775
11.2420027298881,0,-0.0660500012093723,0,11.2420027298881,-0.0660500012093723,-0.0660500012093723,-0.0660500012093723,0.0384705888979592
25.0274800711776,0,-0.0187256249614442,0,25.0274800711776,-0.0187256249614442,-0.0187256249614442,-0.0187256249614442,0.0960019772095373
28.4056044215739,0,-0.0234835133541325,0,28.4056044215739,-0.0234835133541325,-0.0234835133541325,-0.0234835133541325,0.0460235649191708
6.18231367632381,0,0.0296324701339503,0,6.18231367632381,0.0296324701339503,0.0296324701339503,0.0296324701339503,0.0435263969486212
9.44659083119766,0,-0.0979355343768668,0,9.44659083119766,-0.0979355343768668,-0.0979355343768668,-0.0979355343768668,0.106984919191722
10.6319539160187,0,0.00587821668928426,0,10.6319539160187,0.00587821668928426,0.00587821668928426,0.00587821668928426,0.0434639030773943
23.722803858762,0,0.00435490338959432,0,23.722803858762,0.00435490338959432,0.00435490338959432,0.00435490338959432,0.0172785731987079
NA,NA,NA,NA,NA,NA,NA,NA,NA
14.5501339822123,0,-0.0241508994853178,0,14.5501339822123,-0.0241508994853178,-0.0241508994853178,-0.0241508994853178,0.0112761190742462
6.82559417888738,0,-0.0208488602109932,0,6.82559417888738,-0.0208488602109932,-0.0208488602109932,-0.0208488602109932,0.0626238731585564
7.10118523761685,0,-0.0285278978712163,0,7.10118523761685,-0.0285278978712163,-0.0285278978712163,-0.0285278978712163,0.0595492352872805
8.39406695268219,0,0.0167837864563465,0,8.39406695268219,0.0167837864563465,0.0167837864563465,0.0167837864563465,0.0322473662392579
15.3813680380744,0,-0.0235768509494856,0,15.3813680380744,-0.0235768509494856,-0.0235768509494856,-0.0235768509494856,0.0385600790656454
10.9419857642508,0,-0.0876235523401562,0,10.9419857642508,-0.0876235523401562,-0.0876235523401562,-0.0876235523401562,0.0336377588977628
9.567453602661,0,-0.0130573193727359,0,9.567453602661,-0.0130573193727359,-0.0130573193727359,-0.0130573193727359,0.0264340771076804
9.56764954052794,0,-0.00578932875863998,0,9.56764954052794,-0.00578932875863998,-0.00578932875863998,-0.00578932875863998,0.0288617279537588
9.58796747981615,0,0.00725905880614161,0,9.58796747981615,0.00725905880614161,0.00725905880614161,0.00725905880614161,0.0422687684348916
15.1454884083029,0,0.0687427351592194,0,15.1454884083029,0.0687427351592194,0.0687427351592194,0.0687427351592194,0.0334809714396658
9.72468903389732,0,0.0209196079014141,0,9.72468903389732,0.0209196079014141,0.0209196079014141,0.0209196079014141,0.0473210924820652
14.8412385484711,0,0.00805813747067324,0,14.8412385484711,0.00805813747067324,0.00805813747067324,0.00805813747067324,0.0331399934197975
10.6567948708008,0,0.0203455428827325,0,10.6567948708008,0.0203455428827325,0.0203455428827325,0.0203455428827325,0.0367174068081082
15.83958844307,0,0.0399832495665445,0,15.83958844307,0.0399832495665445,0.0399832495665445,0.0399832495665445,0.0130470310288665
17.7014293147066,0,0.0234372077444364,0,17.7014293147066,0.0234372077444364,0.0234372077444364,0.0234372077444364,0.0323786122878216
16.016217440795,0,-0.00369944404825601,0,16.016217440795,-0.00369944404825601,-0.00369944404825601,-0.00369944404825601,0.0376637682579198
21.1131806593051,0,-0.056056653152879,0,21.1131806593051,-0.056056653152879,-0.056056653152879,-0.056056653152879,0.033465829508006
12.511562118753,0,0.010653794636591,0,12.511562118753,0.010653794636591,0.010653794636591,0.010653794636591,0.0542734571116003
11.3110693140974,0,0.00982781565554414,0,11.3110693140974,0.00982781565554414,0.00982781565554414,0.00982781565554414,0.0152975413868066
19.3344521561619,0,-0.0178892890128142,0,19.3344521561619,-0.0178892890128142,-0.0178892890128142,-0.0178892890128142,0.0322365626104049
12.3671082351961,0,0.0210231372322994,0,12.3671082351961,0.0210231372322994,0.0210231372322994,0.0210231372322994,0.0160828742749283
12.3654554745313,0,-0.0686880413546458,0,12.3654554745313,-0.0686880413546458,-0.0686880413546458,-0.0686880413546458,0.0513325050706189
19.2556223171704,0,0.0285945738844167,0,19.2556223171704,0.0285945738844167,0.0285945738844167,0.0285945738844167,0.0139726523520546
34.7312424253189,0,0.00360906084633839,0,34.7312424253189,0.00360906084633839,0.00360906084633839,0.00360906084633839,0.017575833019559
54.7209102152747,0,0.0196726221291343,0,54.7209102152747,0.0196726221291343,0.0196726221291343,0.0196726221291343,0.0109274670854921
6.44620981534856,0,0.014846298512104,0,6.44620981534856,0.014846298512104,0.014846298512104,0.014846298512104,0.0608105741726415
13.7692792179168,0,0.045315959795906,0,13.7692792179168,0.045315959795906,0.045315959795906,0.045315959795906,0.0576659331255503
11.7030101268542,0,0.0664031592294417,0,11.7030101268542,0.0664031592294417,0.0664031592294417,0.0664031592294417,0.0318702419669784
7.36539602284415,0,-0.0247872150245361,0,7.36539602284415,-0.0247872150245361,-0.0247872150245361,-0.0247872150245361,0.114121672795408
7.17535910443418,0,0.0223584830888584,0,7.17535910443418,0.0223584830888584,0.0223584830888584,0.0223584830888584,0.0787357224553916
10.3934503295043,0,0.0619972167608137,0,10.3934503295043,0.0619972167608137,0.0619972167608137,0.0619972167608137,0.0947975137929517
11.8155784180346,0,0.132399483418963,0,11.8155784180346,0.132399483418963,0.132399483418963,0.132399483418963,0.0684128055131695
10.8363107906744,0,-0.028098390818107,0,10.8363107906744,-0.028098390818107,-0.028098390818107,-0.028098390818107,0.071926050301895
11.7003583105711,0,-0.00186774348468509,0,11.7003583105711,-0.00186774348468509,-0.00186774348468509,-0.00186774348468509,0.00589871207554302
14.1717804897526,0,0.027255899623745,0,14.1717804897526,0.027255899623745,0.027255899623745,0.027255899623745,0.0438772018708798
10.4916049522311,0,0.0132463173032987,0,10.4916049522311,0.0132463173032987,0.0132463173032987,0.0132463173032987,0.0267192917518445
17.4700053613048,0,-0.0184802916209333,0,17.4700053613048,-0.0184802916209333,-0.0184802916209333,-0.0184802916209333,0.0310328260487528
22.4190143092695,0,-0.000161199703742028,0,22.4190143092695,-0.000161199703742028,-0.000161199703742028,-0.000161199703742028,0.0167230245622351
23.3384346785706,0,0.0173424537425691,0,23.3384346785706,0.0173424537425691,0.0173424537425691,0.0173424537425691,0.0189266195413323
38.8851950923656,0,-0.0332412043876419,0,38.8851950923656,-0.0332412043876419,-0.0332412043876419,-0.0332412043876419,0.0285556564673136
18.868464140174,0,-0.0601138815581494,0,18.868464140174,-0.0601138815581494,-0.0601138815581494,-0.0601138815581494,0.0841243606959225
130.216227665708,0,0.0198117493038606,0,130.216227665708,0.0198117493038606,0.0198117493038606,0.0198117493038606,0.0277236387216602
9.87654480749694,0,-0.0946232449189078,0,9.87654480749694,-0.0946232449189078,-0.0946232449189078,-0.0946232449189078,0.0836731049469832
15.7641037476623,0,0.0452974152246685,0,15.7641037476623,0.0452974152246685,0.0452974152246685,0.0452974152246685,0.0222639606786319
13.2572895170701,0,-0.00547183825283213,0,13.2572895170701,-0.00547183825283213,-0.00547183825283213,-0.00547183825283213,0.0207932850711389
6.18231367632381,0,0.0296324701339503,0,6.18231367632381,0.0296324701339503,0.0296324701339503,0.0296324701339503,0.0435263969486212
8.10146185701589,0,0.0427555806686441,0,8.10146185701589,0.0427555806686441,0.0427555806686441,0.0427555806686441,0.0518433181255775
11.2420027298881,0,-0.0660500012093723,0,11.2420027298881,-0.0660500012093723,-0.0660500012093723,-0.0660500012093723,0.0384705888979592
25.0274800711776,0,-0.0187256249614442,0,25.0274800711776,-0.0187256249614442,-0.0187256249614442,-0.0187256249614442,0.0960019772095373
28.4056044215739,0,-0.0234835133541325,0,28.4056044215739,-0.0234835133541325,-0.0234835133541325,-0.0234835133541325,0.0460235649191708
9.44659083119766,0,-0.0979355343768668,0,9.44659083119766,-0.0979355343768668,-0.0979355343768668,-0.0979355343768668,0.106984919191722
10.6319539160187,0,0.00587821668928426,0,10.6319539160187,0.00587821668928426,0.00587821668928426,0.00587821668928426,0.0434639030773943
23.722803858762,0,0.00435490338959432,0,23.722803858762,0.00435490338959432,0.00435490338959432,0.00435490338959432,0.0172785731987079
NA,NA,NA,NA,NA,NA,NA,NA,NA
14.5501339822123,0,-0.0241508994853178,0,14.5501339822123,-0.0241508994853178,-0.0241508994853178,-0.0241508994853178,0.0112761190742462
6.82559417888738,0,-0.0208488602109932,0,6.82559417888738,-0.0208488602109932,-0.0208488602109932,-0.0208488602109932,0.0626238731585564
7.10118523761685,0,-0.0285278978712163,0,7.10118523761685,-0.0285278978712163,-0.0285278978712163,-0.0285278978712163,0.0595492352872805
8.39406695268219,0,0.0167837864563465,0,8.39406695268219,0.0167837864563465,0.0167837864563465,0.0167837864563465,0.0322473662392579
15.3813680380744,0,-0.0235768509494856,0,15.3813680380744,-0.0235768509494856,-0.0235768509494856,-0.0235768509494856,0.0385600790656454
10.9419857642508,0,-0.0876235523401562,0,10.9419857642508,-0.0876235523401562,-0.0876235523401562,-0.0876235523401562,0.0336377588977628
9.567453602661,0,-0.0130573193727359,0,9.567453602661,-0.0130573193727359,-0.0130573193727359,-0.0130573193727359,0.0264340771076804
9.56764954052794,0,-0.00578932875863998,0,9.56764954052794,-0.00578932875863998,-0.00578932875863998,-0.00578932875863998,0.0288617279537588
9.58796747981615,0,0.00725905880614161,0,9.58796747981615,0.00725905880614161,0.00725905880614161,0.00725905880614161,0.0422687684348916
15.1454884083029,0,0.0687427351592194,0,15.1454884083029,0.0687427351592194,0.0687427351592194,0.0687427351592194,0.0334809714396658
9.72468903389732,0,0.0209196079014141,0,9.72468903389732,0.0209196079014141,0.0209196079014141,0.0209196079014141,0.0473210924820652
14.8412385484711,0,0.00805813747067324,0,14.8412385484711,0.00805813747067324,0.00805813747067324,0.00805813747067324,0.0331399934197975
10.6567948708008,0,0.0203455428827325,0,10.6567948708008,0.0203455428827325,0.0203455428827325,0.0203455428827325,0.0367174068081082
15.83958844307,0,0.0399832495665445,0,15.83958844307,0.0399832495665445,0.0399832495665445,0.0399832495665445,0.0130470310288665
17.7014293147066,0,0.0234372077444364,0,17.7014293147066,0.0234372077444364,0.0234372077444364,0.0234372077444364,0.0323786122878216
16.016217440795,0,-0.00369944404825601,0,16.016217440795,-0.00369944404825601,-0.00369944404825601,-0.00369944404825601,0.0376637682579198
21.1131806593051,0,-0.056056653152879,0,21.1131806593051,-0.056056653152879,-0.056056653152879,-0.056056653152879,0.033465829508006
12.511562118753,0,0.010653794636591,0,12.511562118753,0.010653794636591,0.010653794636591,0.010653794636591,0.0542734571116003
11.3110693140974,0,0.00982781565554414,0,11.3110693140974,0.00982781565554414,0.00982781565554414,0.00982781565554414,0.0152975413868066
19.3344521561619,0,-0.0178892890128142,0,19.3344521561619,-0.0178892890128142,-0.0178892890128142,-0.0178892890128142,0.0322365626104049
12.3671082351961,0,0.0210231372322994,0,12.3671082351961,0.0210231372322994,0.0210231372322994,0.0210231372322994,0.0160828742749283
12.3654554745313,0,-0.0686880413546458,0,12.3654554745313,-0.0686880413546458,-0.0686880413546458,-0.0686880413546458,0.0513325050706189
19.2556223171704,0,0.0285945738844167,0,19.2556223171704,0.0285945738844167,0.0285945738844167,0.0285945738844167,0.0139726523520546
34.7312424253189,0,0.00360906084633839,0,34.7312424253189,0.00360906084633839,0.00360906084633839,0.00360906084633839,0.017575833019559
54.7209102152747,0,0.0196726221291343,0,54.7209102152747,0.0196726221291343,0.0196726221291343,0.0196726221291343,0.0109274670854921
6.44620981534856,0,0.014846298512104,0,6.44620981534856,0.014846298512104,0.014846298512104,0.014846298512104,0.0608105741726415
13.7692792179168,0,0.045315959795906,0,13.7692792179168,0.045315959795906,0.045315959795906,0.045315959795906,0.0576659331255503
11.7030101268542,0,0.0664031592294417,0,11.7030101268542,0.0664031592294417,0.0664031592294417,0.0664031592294417,0.0318702419669784
7.36539602284415,0,-0.0247872150245361,0,7.36539602284415,-0.0247872150245361,-0.0247872150245361,-0.0247872150245361,0.114121672795408
7.17535910443418,0,0.0223584830888584,0,7.17535910443418,0.0223584830888584,0.0223584830888584,0.0223584830888584,0.0787357224553916
10.3934503295043,0,0.0619972167608137,0,10.3934503295043,0.0619972167608137,0.0619972167608137,0.0619972167608137,0.0947975137929517
11.8155784180346,0,0.132399483418963,0,11.8155784180346,0.132399483418963,0.132399483418963,0.132399483418963,0.0684128055131695
10.8363107906744,0,-0.028098390818107,0,10.8363107906744,-0.028098390818107,-0.028098390818107,-0.028098390818107,0.071926050301895
11.7003583105711,0,-0.00186774348468509,0,11.7003583105711,-0.00186774348468509,-0.00186774348468509,-0.00186774348468509,0.00589871207554302
14.1717804897526,0,0.027255899623745,0,14.1717804897526,0.027255899623745,0.027255899623745,0.027255899623745,0.0438772018708798
10.4916049522311,0,0.0132463173032987,0,10.4916049522311,0.0132463173032987,0.0132463173032987,0.0132463173032987,0.0267192917518445
17.4700053613048,0,-0.0184802916209333,0,17.4700053613048,-0.0184802916209333,-0.0184802916209333,-0.0184802916209333,0.0310328260487528
22.4190143092695,0,-0.000161199703742028,0,22.4190143092695,-0.000161199703742028,-0.000161199703742028,-0.000161199703742028,0.0167230245622351
23.3384346785706,0,0.0173424537425691,0,23.3384346785706,0.0173424537425691,0.0173424537425691,0.0173424537425691,0.0189266195413323
38.8851950923656,0,-0.0332412043876419,0,38.8851950923656,-0.0332412043876419,-0.0332412043876419,-0.0332412043876419,0.0285556564673136
18.868464140174,0,-0.0601138815581494,0,18.868464140174,-0.0601138815581494,-0.0601138815581494,-0.0601138815581494,0.0841243606959225
130.216227665708,0,0.0198117493038606,0,130.216227665708,0.0198117493038606,0.0198117493038606,0.0198117493038606,0.0277236387216602
9.87654480749694,0,-0.0946232449189078,0,9.87654480749694,-0.0946232449189078,-0.0946232449189078,-0.0946232449189078,0.0836731049469832
15.7641037476623,0,0.0452974152246685,0,15.7641037476623,0.0452974152246685,0.0452974152246685,0.0452974152246685,0.0222639606786319
13.2572895170701,0,-0.00547183825283213,0,13.2572895170701,-0.00547183825283213,-0.00547183825283213,-0.00547183825283213,0.0207932850711389
6.18231367632381,0,0.0296324701339503,0,6.18231367632381,0.0296324701339503,0.0296324701339503,0.0296324701339503,0.0435263969486212
8.10146185701589,0,0.0427555806686441,0,8.10146185701589,0.0427555806686441,0.0427555806686441,0.0427555806686441,0.0518433181255775
11.2420027298881,0,-0.0660500012093723,0,11.2420027298881,-0.0660500012093723,-0.0660500012093723,-0.0660500012093723,0.0384705888979592
25.0274800711776,0,-0.0187256249614442,0,25.0274800711776,-0.0187256249614442,-0.0187256249614442,-0.0187256249614442,0.0960019772095373
28.4056044215739,0,-0.0234835133541325,0,28.4056044215739,-0.0234835133541325,-0.0234835133541325,-0.0234835133541325,0.0460235649191708
9.44659083119766,0,-0.0979355343768668,0,9.44659083119766,-0.0979355343768668,-0.0979355343768668,-0.0979355343768668,0.106984919191722
10.6319539160187,0,0.00587821668928426,0,10.6319539160187,0.00587821668928426,0.00587821668928426,0.00587821668928426,0.0434639030773943
23.722803858762,0,0.00435490338959432,0,23.722803858762,0.00435490338959432,0.00435490338959432,0.00435490338959432,0.0172785731987079
NA,NA,NA,NA,NA,NA,NA,NA,NA
14.5501339822123,0,-0.0241508994853178,0,14.5501339822123,-0.0241508994853178,-0.0241508994853178,-0.0241508994853178,0.0112761190742462
6.82559417888738,0,-0.0208488602109932,0,6.82559417888738,-0.0208488602109932,-0.0208488602109932,-0.0208488602109932,0.0626238731585564
7.10118523761685,0,-0.0285278978712163,0,7.10118523761685,-0.0285278978712163,-0.0285278978712163,-0.0285278978712163,0.0595492352872805
8.39406695268219,0,0.0167837864563465,0,8.39406695268219,0.0167837864563465,0.0167837864563465,0.0167837864563465,0.0322473662392579
15.3813680380744,0,-0.0235768509494856,0,15.3813680380744,-0.0235768509494856,-0.0235768509494856,-0.0235768509494856,0.0385600790656454
10.9419857642508,0,-0.0876235523401562,0,10.9419857642508,-0.0876235523401562,-0.0876235523401562,-0.0876235523401562,0.0336377588977628
9.567453602661,0,-0.0130573193727359,0,9.567453602661,-0.0130573193727359,-0.0130573193727359,-0.0130573193727359,0.0264340771076804
9.56764954052794,0,-0.00578932875863998,0,9.56764954052794,-0.00578932875863998,-0.00578932875863998,-0.00578932875863998,0.0288617279537588
9.58796747981615,0,0.00725905880614161,0,9.58796747981615,0.00725905880614161,0.00725905880614161,0.00725905880614161,0.0422687684348916
15.1454884083029,0,0.0687427351592194,0,15.1454884083029,0.0687427351592194,0.0687427351592194,0.0687427351592194,0.0334809714396658
9.72468903389732,0,0.0209196079014141,0,9.72468903389732,0.0209196079014141,0.0209196079014141,0.0209196079014141,0.0473210924820652
14.8412385484711,0,0.00805813747067324,0,14.8412385484711,0.00805813747067324,0.00805813747067324,0.00805813747067324,0.0331399934197975
10.6567948708008,0,0.0203455428827325,0,10.6567948708008,0.0203455428827325,0.0203455428827325,0.0203455428827325,0.0367174068081082
15.83958844307,0,0.0399832495665445,0,15.83958844307,0.0399832495665445,0.0399832495665445,0.0399832495665445,0.0130470310288665
17.7014293147066,0,0.0234372077444364,0,17.7014293147066,0.0234372077444364,0.0234372077444364,0.0234372077444364,0.0323786122878216
16.016217440795,0,-0.00369944404825601,0,16.016217440795,-0.00369944404825601,-0.00369944404825601,-0.00369944404825601,0.0376637682579198
21.1131806593051,0,-0.056056653152879,0,21.1131806593051,-0.056056653152879,-0.056056653152879,-0.056056653152879,0.033465829508006
12.511562118753,0,0.010653794636591,0,12.511562118753,0.010653794636591,0.010653794636591,0.010653794636591,0.0542734571116003
11.3110693140974,0,0.00982781565554414,0,11.3110693140974,0.00982781565554414,0.00982781565554414,0.00982781565554414,0.0152975413868066
19.3344521561619,0,-0.0178892890128142,0,19.3344521561619,-0.0178892890128142,-0.0178892890128142,-0.0178892890128142,0.0322365626104049
12.3671082351961,0,0.0210231372322994,0,12.3671082351961,0.0210231372322994,0.0210231372322994,0.0210231372322994,0.0160828742749283
12.3654554745313,0,-0.0686880413546458,0,12.3654554745313,-0.0686880413546458,-0.0686880413546458,-0.0686880413546458,0.0513325050706189
19.2556223171704,0,0.0285945738844167,0,19.2556223171704,0.0285945738844167,0.0285945738844167,0.0285945738844167,0.0139726523520546
34.7312424253189,0,0.00360906084633839,0,34.7312424253189,0.00360906084633839,0.00360906084633839,0.00360906084633839,0.017575833019559
54.7209102152747,0,0.0196726221291343,0,54.7209102152747,0.0196726221291343,0.0196726221291343,0.0196726221291343,0.0109274670854921
6.44620981534856,0,0.014846298512104,0,6.44620981534856,0.014846298512104,0.014846298512104,0.014846298512104,0.0608105741726415
13.7692792179168,0,0.045315959795906,0,13.7692792179168,0.045315959795906,0.045315959795906,0.045315959795906,0.0576659331255503
11.7030101268542,0,0.0664031592294417,0,11.7030101268542,0.0664031592294417,0.0664031592294417,0.0664031592294417,0.0318702419669784
7.36539602284415,0,-0.0247872150245361,0,7.36539602284415,-0.0247872150245361,-0.0247872150245361,-0.0247872150245361,0.114121672795408
7.17535910443418,0,0.0223584830888584,0,7.17535910443418,0.0223584830888584,0.0223584830888584,0.0223584830888584,0.0787357224553916
10.3934503295043,0,0.0619972167608137,0,10.3934503295043,0.0619972167608137,0.0619972167608137,0.0619972167608137,0.0947975137929517
11.8155784180346,0,0.132399483418963,0,11.8155784180346,0.132399483418963,0.132399483418963,0.132399483418963,0.0684128055131695
10.8363107906744,0,-0.028098390818107,0,10.8363107906744,-0.028098390818107,-0.028098390818107,-0.028098390818107,0.071926050301895
11.7003583105711,0,-0.00186774348468509,0,11.7003583105711,-0.00186774348468509,-0.00186774348468509,-0.00186774348468509,0.00589871207554302
14.1717804897526,0,0.027255899623745,0,14.1717804897526,0.027255899623745,0.027255899623745,0.027255899623745,0.0438772018708798
10.4916049522311,0,0.0132463173032987,0,10.4916049522311,0.0132463173032987,0.0132463173032987,0.0132463173032987,0.0267192917518445
17.4700053613048,0,-0.0184802916209333,0,17.4700053613048,-0.0184802916209333,-0.0184802916209333,-0.0184802916209333,0.0310328260487528
22.4190143092695,0,-0.000161199703742028,0,22.4190143092695,-0.000161199703742028,-0.000161199703742028,-0.000161199703742028,0.0167230245622351
23.3384346785706,0,0.0173424537425691,0,23.3384346785706,0.0173424537425691,0.0173424537425691,0.0173424537425691,0.0189266195413323
38.8851950923656,0,-0.0332412043876419,0,38.8851950923656,-0.0332412043876419,-0.0332412043876419,-0.0332412043876419,0.0285556564673136
18.868464140174,0,-0.0601138815581494,0,18.868464140174,-0.0601138815581494,-0.0601138815581494,-0.0601138815581494,0.0841243606959225
130.216227665708,0,0.0198117493038606,0,130.216227665708,0.0198117493038606,0.0198117493038606,0.0198117493038606,0.0277236387216602
9.87654480749694,0,-0.0946232449189078,0,9.87654480749694,-0.0946232449189078,-0.0946232449189078,-0.0946232449189078,0.0836731049469832
15.7641037476623,0,0.0452974152246685,0,15.7641037476623,0.0452974152246685,0.0452974152246685,0.0452974152246685,0.0222639606786319
13.2572895170701,0,-0.00547183825283213,0,13.2572895170701,-0.00547183825283213,-0.00547183825283213,-0.00547183825283213,0.0207932850711389
6.18231367632381,0,0.0296324701339503,0,6.18231367632381,0.0296324701339503,0.0296324701339503,0.0296324701339503,0.0435263969486212
8.10146185701589,0,0.0427555806686441,0,8.10146185701589,0.0427555806686441,0.0427555806686441,0.0427555806686441,0.0518433181255775
11.2420027298881,0,-0.0660500012093723,0,11.2420027298881,-0.0660500012093723,-0.0660500012093723,-0.0660500012093723,0.0384705888979592
25.0274800711776,0,-0.0187256249614442,0,25.0274800711776,-0.0187256249614442,-0.0187256249614442,-0.0187256249614442,0.0960019772095373
28.4056044215739,0,-0.0234835133541325,0,28.4056044215739,-0.0234835133541325,-0.0234835133541325,-0.0234835133541325,0.0460235649191708
9.44659083119766,0,-0.0979355343768668,0,9.44659083119766,-0.0979355343768668,-0.0979355343768668,-0.0979355343768668,0.106984919191722
10.6319539160187,0,0.00587821668928426,0,10.6319539160187,0.00587821668928426,0.00587821668928426,0.00587821668928426,0.0434639030773943
23.722803858762,0,0.00435490338959432,0,23.722803858762,0.00435490338959432,0.00435490338959432,0.00435490338959432,0.0172785731987079
NA,NA,NA,NA,NA,NA,NA,NA,NA
14.5501339822123,0,-0.0241508994853178,0,14.5501339822123,-0.0241508994853178,-0.0241508994853178,-0.0241508994853178,0.0112761190742462
6.82559417888738,0,-0.0208488602109932,0,6.82559417888738,-0.0208488602109932,-0.0208488602109932,-0.0208488602109932,0.0626238731585564
7.10118523761685,0,-0.0285278978712163,0,7.10118523761685,-0.0285278978712163,-0.0285278978712163,-0.0285278978712163,0.0595492352872805
8.39406695268219,0,0.0167837864563465,0,8.39406695268219,0.0167837864563465,0.0167837864563465,0.0167837864563465,0.0322473662392579
15.3813680380744,0,-0.0235768509494856,0,15.3813680380744,-0.0235768509494856,-0.0235768509494856,-0.0235768509494856,0.0385600790656454
10.9419857642508,0,-0.0876235523401562,0,10.9419857642508,-0.0876235523401562,-0.0876235523401562,-0.0876235523401562,0.0336377588977628
9.567453602661,0,-0.0130573193727359,0,9.567453602661,-0.0130573193727359,-0.0130573193727359,-0.0130573193727359,0.0264340771076804
9.56764954052794,0,-0.00578932875863998,0,9.56764954052794,-0.00578932875863998,-0.00578932875863998,-0.00578932875863998,0.0288617279537588
9.58796747981615,0,0.00725905880614161,0,9.58796747981615,0.00725905880614161,0.00725905880614161,0.00725905880614161,0.0422687684348916
15.1454884083029,0,0.0687427351592194,0,15.1454884083029,0.0687427351592194,0.0687427351592194,0.0687427351592194,0.0334809714396658
9.72468903389732,0,0.0209196079014141,0,9.72468903389732,0.0209196079014141,0.0209196079014141,0.0209196079014141,0.0473210924820652
14.8412385484711,0,0.00805813747067324,0,14.8412385484711,0.00805813747067324,0.00805813747067324,0.00805813747067324,0.0331399934197975
10.6567948708008,0,0.0203455428827325,0,10.6567948708008,0.0203455428827325,0.0203455428827325,0.0203455428827325,0.0367174068081082
15.83958844307,0,0.0399832495665445,0,15.83958844307,0.0399832495665445,0.0399832495665445,0.0399832495665445,0.0130470310288665
17.7014293147066,0,0.0234372077444364,0,17.7014293147066,0.0234372077444364,0.0234372077444364,0.0234372077444364,0.0323786122878216
16.016217440795,0,-0.00369944404825601,0,16.016217440795,-0.00369944404825601,-0.00369944404825601,-0.00369944404825601,0.0376637682579198
21.1131806593051,0,-0.056056653152879,0,21.1131806593051,-0.056056653152879,-0.056056653152879,-0.056056653152879,0.033465829508006
12.511562118753,0,0.010653794636591,0,12.511562118753,0.010653794636591,0.010653794636591,0.010653794636591,0.0542734571116003
11.3110693140974,0,0.00982781565554414,0,11.3110693140974,0.00982781565554414,0.00982781565554414,0.00982781565554414,0.0152975413868066
19.3344521561619,0,-0.0178892890128142,0,19.3344521561619,-0.0178892890128142,-0.0178892890128142,-0.0178892890128142,0.0322365626104049
12.3671082351961,0,0.0210231372322994,0,12.3671082351961,0.0210231372322994,0.0210231372322994,0.0210231372322994,0.0160828742749283
12.3654554745313,0,-0.0686880413546458,0,12.3654554745313,-0.0686880413546458,-0.0686880413546458,-0.0686880413546458,0.0513325050706189
19.2556223171704,0,0.0285945738844167,0,19.2556223171704,0.0285945738844167,0.0285945738844167,0.0285945738844167,0.0139726523520546
34.7312424253189,0,0.00360906084633839,0,34.7312424253189,0.00360906084633839,0.00360906084633839,0.00360906084633839,0.017575833019559
54.7209102152747,0,0.0196726221291343,0,54.7209102152747,0.0196726221291343,0.0196726221291343,0.0196726221291343,0.0109274670854921
6.44620981534856,0,0.014846298512104,0,6.44620981534856,0.014846298512104,0.014846298512104,0.014846298512104,0.0608105741726415
13.7692792179168,0,0.045315959795906,0,13.7692792179168,0.045315959795906,0.045315959795906,0.045315959795906,0.0576659331255503
11.7030101268542,0,0.0664031592294417,0,11.7030101268542,0.0664031592294417,0.0664031592294417,0.0664031592294417,0.0318702419669784
7.36539602284415,0,-0.0247872150245361,0,7.36539602284415,-0.0247872150245361,-0.0247872150245361,-0.0247872150245361,0.114121672795408
7.17535910443418,0,0.0223584830888584,0,7.17535910443418,0.0223584830888584,0.0223584830888584,0.0223584830888584,0.0787357224553916
10.3934503295043,0,0.0619972167608137,0,10.3934503295043,0.0619972167608137,0.0619972167608137,0.0619972167608137,0.0947975137929517
11.8155784180346,0,0.132399483418963,0,11.8155784180346,0.132399483418963,0.132399483418963,0.132399483418963,0.0684128055131695
10.8363107906744,0,-0.028098390818107,0,10.8363107906744,-0.028098390818107,-0.028098390818107,-0.028098390818107,0.071926050301895
11.7003583105711,0,-0.00186774348468509,0,11.7003583105711,-0.00186774348468509,-0.00186774348468509,-0.00186774348468509,0.00589871207554302
14.1717804897526,0,0.027255899623745,0,14.1717804897526,0.027255899623745,0.027255899623745,0.027255899623745,0.0438772018708798
10.4916049522311,0,0.0132463173032987,0,10.4916049522311,0.0132463173032987,0.0132463173032987,0.0132463173032987,0.0267192917518445
17.4700053613048,0,-0.0184802916209333,0,17.4700053613048,-0.0184802916209333,-0.0184802916209333,-0.0184802916209333,0.0310328260487528
22.4190143092695,0,-0.000161199703742028,0,22.4190143092695,-0.000161199703742028,-0.000161199703742028,-0.000161199703742028,0.0167230245622351
23.3384346785706,0,0.0173424537425691,0,23.3384346785706,0.0173424537425691,0.0173424537425691,0.0173424537425691,0.0189266195413323
38.8851950923656,0,-0.0332412043876419,0,38.8851950923656,-0.0332412043876419,-0.0332412043876419,-0.0332412043876419,0.0285556564673136
18.868464140174,0,-0.0601138815581494,0,18.868464140174,-0.0601138815581494,-0.0601138815581494,-0.0601138815581494,0.0841243606959225
130.216227665708,0,0.0198117493038606,0,130.216227665708,0.0198117493038606,0.0198117493038606,0.0198117493038606,0.0277236387216602
9.87654480749694,0,-0.0946232449189078,0,9.87654480749694,-0.0946232449189078,-0.0946232449189078,-0.0946232449189078,0.0836731049469832
15.7641037476623,0,0.0452974152246685,0,15.7641037476623,0.0452974152246685,0.0452974152246685,0.0452974152246685,0.0222639606786319
13.2572895170701,0,-0.00547183825283213,0,13.2572895170701,-0.00547183825283213,-0.00547183825283213,-0.00547183825283213,0.0207932850711389
6.18231367632381,0,0.0296324701339503,0,6.18231367632381,0.0296324701339503,0.0296324701339503,0.0296324701339503,0.0435263969486212
8.10146185701589,0,0.0427555806686441,0,8.10146185701589,0.0427555806686441,0.0427555806686441,0.0427555806686441,0.0518433181255775
11.2420027298881,0,-0.0660500012093723,0,11.2420027298881,-0.0660500012093723,-0.0660500012093723,-0.0660500012093723,0.0384705888979592
25.0274800711776,0,-0.0187256249614442,0,25.0274800711776,-0.0187256249614442,-0.0187256249614442,-0.0187256249614442,0.0960019772095373
28.4056044215739,0,-0.0234835133541325,0,28.4056044215739,-0.0234835133541325,-0.0234835133541325,-0.0234835133541325,0.0460235649191708
9.44659083119766,0,-0.0979355343768668,0,9.44659083119766,-0.0979355343768668,-0.0979355343768668,-0.0979355343768668,0.106984919191722
10.6319539160187,0,0.00587821668928426,0,10.6319539160187,0.00587821668928426,0.00587821668928426,0.00587821668928426,0.0434639030773943
23.722803858762,0,0.00435490338959432,0,23.722803858762,0.00435490338959432,0.00435490338959432,0.00435490338959432,0.0172785731987079
NA,NA,NA,NA,NA,NA,NA,NA,NA
14.5501339822123,0,-0.0241508994853178,0,14.5501339822123,-0.0241508994853178,-0.0241508994853178,-0.0241508994853178,0.0112761190742462
6.82559417888738,0,-0.0208488602109932,0,6.82559417888738,-0.0208488602109932,-0.0208488602109932,-0.0208488602109932,0.0626238731585564
7.10118523761685,0,-0.0285278978712163,0,7.10118523761685,-0.0285278978712163,-0.0285278978712163,-0.0285278978712163,0.0595492352872805
8.39406695268219,0,0.0167837864563465,0,8.39406695268219,0.0167837864563465,0.0167837864563465,0.0167837864563465,0.0322473662392579
15.3813680380744,0,-0.0235768509494856,0,15.3813680380744,-0.0235768509494856,-0.0235768509494856,-0.0235768509494856,0.0385600790656454
10.9419857642508,0,-0.0876235523401562,0,10.9419857642508,-0.0876235523401562,-0.0876235523401562,-0.0876235523401562,0.0336377588977628
9.567453602661,0,-0.0130573193727359,0,9.567453602661,-0.0130573193727359,-0.0130573193727359,-0.0130573193727359,0.0264340771076804
9.56764954052794,0,-0.00578932875863998,0,9.56764954052794,-0.00578932875863998,-0.00578932875863998,-0.00578932875863998,0.0288617279537588
9.58796747981615,0,0.00725905880614161,0,9.58796747981615,0.00725905880614161,0.00725905880614161,0.00725905880614161,0.0422687684348916
15.1454884083029,0,0.0687427351592194,0,15.1454884083029,0.0687427351592194,0.0687427351592194,0.0687427351592194,0.0334809714396658
9.72468903389732,0,0.0209196079014141,0,9.72468903389732,0.0209196079014141,0.0209196079014141,0.0209196079014141,0.0473210924820652
14.8412385484711,0,0.00805813747067324,0,14.8412385484711,0.00805813747067324,0.00805813747067324,0.00805813747067324,0.0331399934197975
10.6567948708008,0,0.0203455428827325,0,10.6567948708008,0.0203455428827325,0.0203455428827325,0.0203455428827325,0.0367174068081082
15.83958844307,0,0.0399832495665445,0,15.83958844307,0.0399832495665445,0.0399832495665445,0.0399832495665445,0.0130470310288665
17.7014293147066,0,0.0234372077444364,0,17.7014293147066,0.0234372077444364,0.0234372077444364,0.0234372077444364,0.0323786122878216
16.016217440795,0,-0.00369944404825601,0,16.016217440795,-0.00369944404825601,-0.00369944404825601,-0.00369944404825601,0.0376637682579198
21.1131806593051,0,-0.056056653152879,0,21.1131806593051,-0.056056653152879,-0.056056653152879,-0.056056653152879,0.033465829508006
12.511562118753,0,0.010653794636591,0,12.511562118753,0.010653794636591,0.010653794636591,0.010653794636591,0.0542734571116003
11.3110693140974,0,0.00982781565554414,0,11.3110693140974,0.00982781565554414,0.00982781565554414,0.00982781565554414,0.0152975413868066
19.3344521561619,0,-0.0178892890128142,0,19.3344521561619,-0.0178892890128142,-0.0178892890128142,-0.0178892890128142,0.0322365626104049
12.3671082351961,0,0.0210231372322994,0,12.3671082351961,0.0210231372322994,0.0210231372322994,0.0210231372322994,0.0160828742749283
12.3654554745313,0,-0.0686880413546458,0,12.3654554745313,-0.0686880413546458,-0.0686880413546458,-0.0686880413546458,0.0513325050706189
19.2556223171704,0,0.0285945738844167,0,19.2556223171704,0.0285945738844167,0.0285945738844167,0.0285945738844167,0.0139726523520546
34.7312424253189,0,0.00360906084633839,0,34.7312424253189,0.00360906084633839,0.00360906084633839,0.00360906084633839,0.017575833019559
54.7209102152747,0,0.0196726221291343,0,54.7209102152747,0.0196726221291343,0.0196726221291343,0.0196726221291343,0.0109274670854921
6.44620981534856,0,0.014846298512104,0,6.44620981534856,0.014846298512104,0.014846298512104,0.014846298512104,0.0608105741726415
13.7692792179168,0,0.045315959795906,0,13.7692792179168,0.045315959795906,0.045315959795906,0.045315959795906,0.0576659331255503
11.7030101268542,0,0.0664031592294417,0,11.7030101268542,0.0664031592294417,0.0664031592294417,0.0664031592294417,0.0318702419669784
7.36539602284415,0,-0.0247872150245361,0,7.36539602284415,-0.0247872150245361,-0.0247872150245361,-0.0247872150245361,0.114121672795408
7.17535910443418,0,0.0223584830888584,0,7.17535910443418,0.0223584830888584,0.0223584830888584,0.0223584830888584,0.0787357224553916
10.3934503295043,0,0.0619972167608137,0,10.3934503295043,0.0619972167608137,0.0619972167608137,0.0619972167608137,0.0947975137929517
11.8155784180346,0,0.132399483418963,0,11.8155784180346,0.132399483418963,0.132399483418963,0.132399483418963,0.0684128055131695
10.8363107906744,0,-0.028098390818107,0,10.8363107906744,-0.028098390818107,-0.028098390818107,-0.028098390818107,0.071926050301895
11.7003583105711,0,-0.00186774348468509,0,11.7003583105711,-0.00186774348468509,-0.00186774348468509,-0.00186774348468509,0.00589871207554302
14.1717804897526,0,0.027255899623745,0,14.1717804897526,0.027255899623745,0.027255899623745,0.027255899623745,0.0438772018708798
10.4916049522311,0,0.0132463173032987,0,10.4916049522311,0.0132463173032987,0.0132463173032987,0.0132463173032987,0.0267192917518445
17.4700053613048,0,-0.0184802916209333,0,17.4700053613048,-0.0184802916209333,-0.0184802916209333,-0.0184802916209333,0.0310328260487528
22.4190143092695,0,-0.000161199703742028,0,22.4190143092695,-0.000161199703742028,-0.000161199703742028,-0.000161199703742028,0.0167230245622351
23.3384346785706,0,0.0173424537425691,0,23.3384346785706,0.0173424537425691,0.0173424537425691,0.0173424537425691,0.0189266195413323
38.8851950923656,0,-0.0332412043876419,0,38.8851950923656,-0.0332412043876419,-0.0332412043876419,-0.0332412043876419,0.0285556564673136
18.868464140174,0,-0.0601138815581494,0,18.868464140174,-0.0601138815581494,-0.0601138815581494,-0.0601138815581494,0.0841243606959225
130.216227665708,0,0.0198117493038606,0,130.216227665708,0.0198117493038606,0.0198117493038606,0.0198117493038606,0.0277236387216602
9.87654480749694,0,-0.0946232449189078,0,9.87654480749694,-0.0946232449189078,-0.0946232449189078,-0.0946232449189078,0.0836731049469832
15.7641037476623,0,0.0452974152246685,0,15.7641037476623,0.0452974152246685,0.0452974152246685,0.0452974152246685,0.0222639606786319
13.2572895170701,0,-0.00547183825283213,0,13.2572895170701,-0.00547183825283213,-0.00547183825283213,-0.00547183825283213,0.0207932850711389
6.18231367632381,0,0.0296324701339503,0,6.18231367632381,0.0296324701339503,0.0296324701339503,0.0296324701339503,0.0435263969486212
8.10146185701589,0,0.0427555806686441,0,8.10146185701589,0.0427555806686441,0.0427555806686441,0.0427555806686441,0.0518433181255775
11.2420027298881,0,-0.0660500012093723,0,11.2420027298881,-0.0660500012093723,-0.0660500012093723,-0.0660500012093723,0.0384705888979592
25.0274800711776,0,-0.0187256249614442,0,25.0274800711776,-0.0187256249614442,-0.0187256249614442,-0.0187256249614442,0.0960019772095373
28.4056044215739,0,-0.0234835133541325,0,28.4056044215739,-0.0234835133541325,-0.0234835133541325,-0.0234835133541325,0.0460235649191708
9.44659083119766,0,-0.0979355343768668,0,9.44659083119766,-0.0979355343768668,-0.0979355343768668,-0.0979355343768668,0.106984919191722
10.6319539160187,0,0.00587821668928426,0,10.6319539160187,0.00587821668928426,0.00587821668928426,0.00587821668928426,0.0434639030773943
23.722803858762,0,0.00435490338959432,0,23.722803858762,0.00435490338959432,0.00435490338959432,0.00435490338959432,0.0172785731987079
NA,NA,NA,NA,NA,NA,NA,NA,NA
14.5501339822123,0,-0.0241508994853178,0,14.5501339822123,-0.0241508994853178,-0.0241508994853178,-0.0241508994853178,0.0112761190742462
6.82559417888738,0,-0.0208488602109932,0,6.82559417888738,-0.0208488602109932,-0.0208488602109932,-0.0208488602109932,0.0626238731585564
7.10118523761685,0,-0.0285278978712163,0,7.10118523761685,-0.0285278978712163,-0.0285278978712163,-0.0285278978712163,0.0595492352872805
8.39406695268219,0,0.0167837864563465,0,8.39406695268219,0.0167837864563465,0.0167837864563465,0.0167837864563465,0.0322473662392579
15.3813680380744,0,-0.0235768509494856,0,15.3813680380744,-0.0235768509494856,-0.0235768509494856,-0.0235768509494856,0.0385600790656454
10.9419857642508,0,-0.0876235523401562,0,10.9419857642508,-0.0876235523401562,-0.0876235523401562,-0.0876235523401562,0.0336377588977628
9.567453602661,0,-0.0130573193727359,0,9.567453602661,-0.0130573193727359,-0.0130573193727359,-0.0130573193727359,0.0264340771076804
9.56764954052794,0,-0.00578932875863998,0,9.56764954052794,-0.00578932875863998,-0.00578932875863998,-0.00578932875863998,0.0288617279537588
9.58796747981615,0,0.00725905880614161,0,9.58796747981615,0.00725905880614161,0.00725905880614161,0.00725905880614161,0.0422687684348916
15.1454884083029,0,0.0687427351592194,0,15.1454884083029,0.0687427351592194,0.0687427351592194,0.0687427351592194,0.0334809714396658
9.72468903389732,0,0.0209196079014141,0,9.72468903389732,0.0209196079014141,0.0209196079014141,0.0209196079014141,0.0473210924820652
14.8412385484711,0,0.00805813747067324,0,14.8412385484711,0.00805813747067324,0.00805813747067324,0.00805813747067324,0.0331399934197975
10.6567948708008,0,0.0203455428827325,0,10.6567948708008,0.0203455428827325,0.0203455428827325,0.0203455428827325,0.0367174068081082
15.83958844307,0,0.0399832495665445,0,15.83958844307,0.0399832495665445,0.0399832495665445,0.0399832495665445,0.0130470310288665
17.7014293147066,0,0.0234372077444364,0,17.7014293147066,0.0234372077444364,0.0234372077444364,0.0234372077444364,0.0323786122878216
16.016217440795,0,-0.00369944404825601,0,16.016217440795,-0.00369944404825601,-0.00369944404825601,-0.00369944404825601,0.0376637682579198
21.1131806593051,0,-0.056056653152879,0,21.1131806593051,-0.056056653152879,-0.056056653152879,-0.056056653152879,0.033465829508006
12.511562118753,0,0.010653794636591,0,12.511562118753,0.010653794636591,0.010653794636591,0.010653794636591,0.0542734571116003
11.3110693140974,0,0.00982781565554414,0,11.3110693140974,0.00982781565554414,0.00982781565554414,0.00982781565554414,0.0152975413868066
19.3344521561619,0,-0.0178892890128142,0,19.3344521561619,-0.0178892890128142,-0.0178892890128142,-0.0178892890128142,0.0322365626104049
12.3671082351961,0,0.0210231372322994,0,12.3671082351961,0.0210231372322994,0.0210231372322994,0.0210231372322994,0.0160828742749283
12.3654554745313,0,-0.0686880413546458,0,12.3654554745313,-0.0686880413546458,-0.0686880413546458,-0.0686880413546458,0.0513325050706189
19.2556223171704,0,0.0285945738844167,0,19.2556223171704,0.0285945738844167,0.0285945738844167,0.0285945738844167,0.0139726523520546
34.7312424253189,0,0.00360906084633839,0,34.7312424253189,0.00360906084633839,0.00360906084633839,0.00360906084633839,0.017575833019559
54.7209102152747,0,0.0196726221291343,0,54.7209102152747,0.0196726221291343,0.0196726221291343,0.0196726221291343,0.0109274670854921
6.44620981534856,0,0.014846298512104,0,6.44620981534856,0.014846298512104,0.014846298512104,0.014846298512104,0.0608105741726415
13.7692792179168,0,0.045315959795906,0,13.7692792179168,0.045315959795906,0.045315959795906,0.045315959795906,0.0576659331255503
11.7030101268542,0,0.0664031592294417,0,11.7030101268542,0.0664031592294417,0.0664031592294417,0.0664031592294417,0.0318702419669784
7.36539602284415,0,-0.0247872150245361,0,7.36539602284415,-0.0247872150245361,-0.0247872150245361,-0.0247872150245361,0.114121672795408
7.17535910443418,0,0.0223584830888584,0,7.17535910443418,0.0223584830888584,0.0223584830888584,0.0223584830888584,0.0787357224553916
10.3934503295043,0,0.0619972167608137,0,10.3934503295043,0.0619972167608137,0.0619972167608137,0.0619972167608137,0.0947975137929517
11.8155784180346,0,0.132399483418963,0,11.8155784180346,0.132399483418963,0.132399483418963,0.132399483418963,0.0684128055131695
10.8363107906744,0,-0.028098390818107,0,10.8363107906744,-0.028098390818107,-0.028098390818107,-0.028098390818107,0.071926050301895
11.7003583105711,0,-0.00186774348468509,0,11.7003583105711,-0.00186774348468509,-0.00186774348468509,-0.00186774348468509,0.00589871207554302
14.1717804897526,0,0.027255899623745,0,14.1717804897526,0.027255899623745,0.027255899623745,0.027255899623745,0.0438772018708798
10.4916049522311,0,0.0132463173032987,0,10.4916049522311,0.0132463173032987,0.0132463173032987,0.0132463173032987,0.0267192917518445
17.4700053613048,0,-0.0184802916209333,0,17.4700053613048,-0.0184802916209333,-0.0184802916209333,-0.0184802916209333,0.0310328260487528
22.4190143092695,0,-0.000161199703742028,0,22.4190143092695,-0.000161199703742028,-0.000161199703742028,-0.000161199703742028,0.0167230245622351
23.3384346785706,0,0.0173424537425691,0,23.3384346785706,0.0173424537425691,0.0173424537425691,0.0173424537425691,0.0189266195413323
38.8851950923656,0,-0.0332412043876419,0,38.8851950923656,-0.0332412043876419,-0.0332412043876419,-0.0332412043876419,0.0285556564673136
18.868464140174,0,-0.0601138815581494,0,18.868464140174,-0.0601138815581494,-0.0601138815581494,-0.0601138815581494,0.0841243606959225
130.216227665708,0,0.0198117493038606,0,130.216227665708,0.0198117493038606,0.0198117493038606,0.0198117493038606,0.0277236387216602
9.87654480749694,0,-0.0946232449189078,0,9.87654480749694,-0.0946232449189078,-0.0946232449189078,-0.0946232449189078,0.0836731049469832
15.7641037476623,0,0.0452974152246685,0,15.7641037476623,0.0452974152246685,0.0452974152246685,0.0452974152246685,0.0222639606786319
13.2572895170701,0,-0.00547183825283213,0,13.2572895170701,-0.00547183825283213,-0.00547183825283213,-0.00547183825283213,0.0207932850711389
6.18231367632381,0,0.0296324701339503,0,6.18231367632381,0.0296324701339503,0.0296324701339503,0.0296324701339503,0.0435263969486212
8.10146185701589,0,0.0427555806686441,0,8.10146185701589,0.0427555806686441,0.0427555806686441,0.0427555806686441,0.0518433181255775
11.2420027298881,0,-0.0660500012093723,0,11.2420027298881,-0.0660500012093723,-0.0660500012093723,-0.0660500012093723,0.0384705888979592
25.0274800711776,0,-0.0187256249614442,0,25.0274800711776,-0.0187256249614442,-0.0187256249614442,-0.0187256249614442,0.0960019772095373
28.4056044215739,0,-0.0234835133541325,0,28.4056044215739,-0.0234835133541325,-0.0234835133541325,-0.0234835133541325,0.0460235649191708
9.44659083119766,0,-0.0979355343768668,0,9.44659083119766,-0.0979355343768668,-0.0979355343768668,-0.0979355343768668,0.106984919191722
10.6319539160187,0,0.00587821668928426,0,10.6319539160187,0.00587821668928426,0.00587821668928426,0.00587821668928426,0.0434639030773943
23.722803858762,0,0.00435490338959432,0,23.722803858762,0.00435490338959432,0.00435490338959432,0.00435490338959432,0.0172785731987079
NA,NA,NA,NA,NA,NA,NA,NA,NA
14.5501339822123,0,-0.0241508994853178,0,14.5501339822123,-0.0241508994853178,-0.0241508994853178,-0.0241508994853178,0.0112761190742462
6.82559417888738,0,-0.0208488602109932,0,6.82559417888738,-0.0208488602109932,-0.0208488602109932,-0.0208488602109932,0.0626238731585564
7.10118523761685,0,-0.0285278978712163,0,7.10118523761685,-0.0285278978712163,-0.0285278978712163,-0.0285278978712163,0.0595492352872805
8.39406695268219,0,0.0167837864563465,0,8.39406695268219,0.0167837864563465,0.0167837864563465,0.0167837864563465,0.0322473662392579
15.3813680380744,0,-0.0235768509494856,0,15.3813680380744,-0.0235768509494856,-0.0235768509494856,-0.0235768509494856,0.0385600790656454
10.9419857642508,0,-0.0876235523401562,0,10.9419857642508,-0.0876235523401562,-0.0876235523401562,-0.0876235523401562,0.0336377588977628
9.567453602661,0,-0.0130573193727359,0,9.567453602661,-0.0130573193727359,-0.0130573193727359,-0.0130573193727359,0.0264340771076804
9.56764954052794,0,-0.00578932875863998,0,9.56764954052794,-0.00578932875863998,-0.00578932875863998,-0.00578932875863998,0.0288617279537588
9.58796747981615,0,0.00725905880614161,0,9.58796747981615,0.00725905880614161,0.00725905880614161,0.00725905880614161,0.0422687684348916
15.1454884083029,0,0.0687427351592194,0,15.1454884083029,0.0687427351592194,0.0687427351592194,0.0687427351592194,0.0334809714396658
9.72468903389732,0,0.0209196079014141,0,9.72468903389732,0.0209196079014141,0.0209196079014141,0.0209196079014141,0.0473210924820652
14.8412385484711,0,0.00805813747067324,0,14.8412385484711,0.00805813747067324,0.00805813747067324,0.00805813747067324,0.0331399934197975
10.6567948708008,0,0.0203455428827325,0,10.6567948708008,0.0203455428827325,0.0203455428827325,0.0203455428827325,0.0367174068081082
15.83958844307,0,0.0399832495665445,0,15.83958844307,0.0399832495665445,0.0399832495665445,0.0399832495665445,0.0130470310288665
17.7014293147066,0,0.0234372077444364,0,17.7014293147066,0.0234372077444364,0.0234372077444364,0.0234372077444364,0.0323786122878216
16.016217440795,0,-0.00369944404825601,0,16.016217440795,-0.00369944404825601,-0.00369944404825601,-0.00369944404825601,0.0376637682579198
21.1131806593051,0,-0.056056653152879,0,21.1131806593051,-0.056056653152879,-0.056056653152879,-0.056056653152879,0.033465829508006
12.511562118753,0,0.010653794636591,0,12.511562118753,0.010653794636591,0.010653794636591,0.010653794636591,0.0542734571116003
11.3110693140974,0,0.00982781565554414,0,11.3110693140974,0.00982781565554414,0.00982781565554414,0.00982781565554414,0.0152975413868066
19.3344521561619,0,-0.0178892890128142,0,19.3344521561619,-0.0178892890128142,-0.0178892890128142,-0.0178892890128142,0.0322365626104049
12.3671082351961,0,0.0210231372322994,0,12.3671082351961,0.0210231372322994,0.0210231372322994,0.0210231372322994,0.0160828742749283
12.3654554745313,0,-0.0686880413546458,0,12.3654554745313,-0.0686880413546458,-0.0686880413546458,-0.0686880413546458,0.0513325050706189
19.2556223171704,0,0.0285945738844167,0,19.2556223171704,0.0285945738844167,0.0285945738844167,0.0285945738844167,0.0139726523520546
34.7312424253189,0,0.00360906084633839,0,34.7312424253189,0.00360906084633839,0.00360906084633839,0.00360906084633839,0.017575833019559
54.7209102152747,0,0.0196726221291343,0,54.7209102152747,0.0196726221291343,0.0196726221291343,0.0196726221291343,0.0109274670854921
6.44620981534856,0,0.014846298512104,0,6.44620981534856,0.014846298512104,0.014846298512104,0.014846298512104,0.0608105741726415
13.7692792179168,0,0.045315959795906,0,13.7692792179168,0.045315959795906,0.045315959795906,0.045315959795906,0.0576659331255503
11.7030101268542,0,0.0664031592294417,0,11.7030101268542,0.0664031592294417,0.0664031592294417,0.0664031592294417,0.0318702419669784
7.36539602284415,0,-0.0247872150245361,0,7.36539602284415,-0.0247872150245361,-0.0247872150245361,-0.0247872150245361,0.114121672795408
7.17535910443418,0,0.0223584830888584,0,7.17535910443418,0.0223584830888584,0.0223584830888584,0.0223584830888584,0.0787357224553916
10.3934503295043,0,0.0619972167608137,0,10.3934503295043,0.0619972167608137,0.0619972167608137,0.0619972167608137,0.0947975137929517
11.8155784180346,0,0.132399483418963,0,11.8155784180346,0.132399483418963,0.132399483418963,0.132399483418963,0.0684128055131695
10.8363107906744,0,-0.028098390818107,0,10.8363107906744,-0.028098390818107,-0.028098390818107,-0.028098390818107,0.071926050301895
11.7003583105711,0,-0.00186774348468509,0,11.7003583105711,-0.00186774348468509,-0.00186774348468509,-0.00186774348468509,0.00589871207554302
14.1717804897526,0,0.027255899623745,0,14.1717804897526,0.027255899623745,0.027255899623745,0.027255899623745,0.0438772018708798
10.4916049522311,0,0.0132463173032987,0,10.4916049522311,0.0132463173032987,0.0132463173032987,0.0132463173032987,0.0267192917518445
17.4700053613048,0,-0.0184802916209333,0,17.4700053613048,-0.0184802916209333,-0.0184802916209333,-0.0184802916209333,0.0310328260487528
22.4190143092695,0,-0.000161199703742028,0,22.4190143092695,-0.000161199703742028,-0.000161199703742028,-0.000161199703742028,0.0167230245622351
23.3384346785706,0,0.0173424537425691,0,23.3384346785706,0.0173424537425691,0.0173424537425691,0.0173424537425691,0.0189266195413323
38.8851950923656,0,-0.0332412043876419,0,38.8851950923656,-0.0332412043876419,-0.0332412043876419,-0.0332412043876419,0.0285556564673136
18.868464140174,0,-0.0601138815581494,0,18.868464140174,-0.0601138815581494,-0.0601138815581494,-0.0601138815581494,0.0841243606959225
130.216227665708,0,0.0198117493038606,0,130.216227665708,0.0198117493038606,0.0198117493038606,0.0198117493038606,0.0277236387216602
9.87654480749694,0,-0.0946232449189078,0,9.87654480749694,-0.0946232449189078,-0.0946232449189078,-0.0946232449189078,0.0836731049469832
15.7641037476623,0,0.0452974152246685,0,15.7641037476623,0.0452974152246685,0.0452974152246685,0.0452974152246685,0.0222639606786319
13.2572895170701,0,-0.00547183825283213,0,13.2572895170701,-0.00547183825283213,-0.00547183825283213,-0.00547183825283213,0.0207932850711389
6.18231367632381,0,0.0296324701339503,0,6.18231367632381,0.0296324701339503,0.0296324701339503,0.0296324701339503,0.0435263969486212
8.10146185701589,0,0.0427555806686441,0,8.10146185701589,0.0427555806686441,0.0427555806686441,0.0427555806686441,0.0518433181255775
11.2420027298881,0,-0.0660500012093723,0,11.2420027298881,-0.0660500012093723,-0.0660500012093723,-0.0660500012093723,0.0384705888979592
25.0274800711776,0,-0.0187256249614442,0,25.0274800711776,-0.0187256249614442,-0.0187256249614442,-0.0187256249614442,0.0960019772095373
28.4056044215739,0,-0.0234835133541325,0,28.4056044215739,-0.0234835133541325,-0.0234835133541325,-0.0234835133541325,0.0460235649191708
9.44659083119766,0,-0.0979355343768668,0,9.44659083119766,-0.0979355343768668,-0.0979355343768668,-0.0979355343768668,0.106984919191722
10.6319539160187,0,0.00587821668928426,0,10.6319539160187,0.00587821668928426,0.00587821668928426,0.00587821668928426,0.0434639030773943
23.722803858762,0,0.00435490338959432,0,23.722803858762,0.00435490338959432,0.00435490338959432,0.00435490338959432,0.0172785731987079
NA,NA,NA,NA,NA,NA,NA,NA,NA
14.5501339822123,0,-0.0241508994853178,0,14.5501339822123,-0.0241508994853178,-0.0241508994853178,-0.0241508994853178,0.0112761190742462
6.82559417888738,0,-0.0208488602109932,0,6.82559417888738,-0.0208488602109932,-0.0208488602109932,-0.0208488602109932,0.0626238731585564
7.10118523761685,0,-0.0285278978712163,0,7.10118523761685,-0.0285278978712163,-0.0285278978712163,-0.0285278978712163,0.0595492352872805
8.39406695268219,0,0.0167837864563465,0,8.39406695268219,0.0167837864563465,0.0167837864563465,0.0167837864563465,0.0322473662392579
15.3813680380744,0,-0.0235768509494856,0,15.3813680380744,-0.0235768509494856,-0.0235768509494856,-0.0235768509494856,0.0385600790656454
10.9419857642508,0,-0.0876235523401562,0,10.9419857642508,-0.0876235523401562,-0.0876235523401562,-0.0876235523401562,0.0336377588977628
9.567453602661,0,-0.0130573193727359,0,9.567453602661,-0.0130573193727359,-0.0130573193727359,-0.0130573193727359,0.0264340771076804
9.56764954052794,0,-0.00578932875863998,0,9.56764954052794,-0.00578932875863998,-0.00578932875863998,-0.00578932875863998,0.0288617279537588
9.58796747981615,0,0.00725905880614161,0,9.58796747981615,0.00725905880614161,0.00725905880614161,0.00725905880614161,0.0422687684348916
15.1454884083029,0,0.0687427351592194,0,15.1454884083029,0.0687427351592194,0.0687427351592194,0.0687427351592194,0.0334809714396658
9.72468903389732,0,0.0209196079014141,0,9.72468903389732,0.0209196079014141,0.0209196079014141,0.0209196079014141,0.0473210924820652
14.8412385484711,0,0.00805813747067324,0,14.8412385484711,0.00805813747067324,0.00805813747067324,0.00805813747067324,0.0331399934197975
10.6567948708008,0,0.0203455428827325,0,10.6567948708008,0.0203455428827325,0.0203455428827325,0.0203455428827325,0.0367174068081082
15.83958844307,0,0.0399832495665445,0,15.83958844307,0.0399832495665445,0.0399832495665445,0.0399832495665445,0.0130470310288665
17.7014293147066,0,0.0234372077444364,0,17.7014293147066,0.0234372077444364,0.0234372077444364,0.0234372077444364,0.0323786122878216
16.016217440795,0,-0.00369944404825601,0,16.016217440795,-0.00369944404825601,-0.00369944404825601,-0.00369944404825601,0.0376637682579198
21.1131806593051,0,-0.056056653152879,0,21.1131806593051,-0.056056653152879,-0.056056653152879,-0.056056653152879,0.033465829508006
12.511562118753,0,0.010653794636591,0,12.511562118753,0.010653794636591,0.010653794636591,0.010653794636591,0.0542734571116003
11.3110693140974,0,0.00982781565554414,0,11.3110693140974,0.00982781565554414,0.00982781565554414,0.00982781565554414,0.0152975413868066
19.3344521561619,0,-0.0178892890128142,0,19.3344521561619,-0.0178892890128142,-0.0178892890128142,-0.0178892890128142,0.0322365626104049
12.3671082351961,0,0.0210231372322994,0,12.3671082351961,0.0210231372322994,0.0210231372322994,0.0210231372322994,0.0160828742749283
12.3654554745313,0,-0.0686880413546458,0,12.3654554745313,-0.0686880413546458,-0.0686880413546458,-0.0686880413546458,0.0513325050706189
19.2556223171704,0,0.0285945738844167,0,19.2556223171704,0.0285945738844167,0.0285945738844167,0.0285945738844167,0.0139726523520546
34.7312424253189,0,0.00360906084633839,0,34.7312424253189,0.00360906084633839,0.00360906084633839,0.00360906084633839,0.017575833019559
54.7209102152747,0,0.0196726221291343,0,54.7209102152747,0.0196726221291343,0.0196726221291343,0.0196726221291343,0.0109274670854921
6.44620981534856,0,0.014846298512104,0,6.44620981534856,0.014846298512104,0.014846298512104,0.014846298512104,0.0608105741726415
13.7692792179168,0,0.045315959795906,0,13.7692792179168,0.045315959795906,0.045315959795906,0.045315959795906,0.0576659331255503
11.7030101268542,0,0.0664031592294417,0,11.7030101268542,0.0664031592294417,0.0664031592294417,0.0664031592294417,0.0318702419669784
7.36539602284415,0,-0.0247872150245361,0,7.36539602284415,-0.0247872150245361,-0.0247872150245361,-0.0247872150245361,0.114121672795408
7.17535910443418,0,0.0223584830888584,0,7.17535910443418,0.0223584830888584,0.0223584830888584,0.0223584830888584,0.0787357224553916
10.3934503295043,0,0.0619972167608137,0,10.3934503295043,0.0619972167608137,0.0619972167608137,0.0619972167608137,0.0947975137929517
11.8155784180346,0,0.132399483418963,0,11.8155784180346,0.132399483418963,0.132399483418963,0.132399483418963,0.0684128055131695
10.8363107906744,0,-0.028098390818107,0,10.8363107906744,-0.028098390818107,-0.028098390818107,-0.028098390818107,0.071926050301895
11.7003583105711,0,-0.00186774348468509,0,11.7003583105711,-0.00186774348468509,-0.00186774348468509,-0.00186774348468509,0.00589871207554302
14.1717804897526,0,0.027255899623745,0,14.1717804897526,0.027255899623745,0.027255899623745,0.027255899623745,0.0438772018708798
10.4916049522311,0,0.0132463173032987,0,10.4916049522311,0.0132463173032987,0.0132463173032987,0.0132463173032987,0.0267192917518445
17.4700053613048,0,-0.0184802916209333,0,17.4700053613048,-0.0184802916209333,-0.0184802916209333,-0.0184802916209333,0.0310328260487528
22.4190143092695,0,-0.000161199703742028,0,22.4190143092695,-0.000161199703742028,-0.000161199703742028,-0.000161199703742028,0.0167230245622351
23.3384346785706,0,0.0173424537425691,0,23.3384346785706,0.0173424537425691,0.0173424537425691,0.0173424537425691,0.0189266195413323
38.8851950923656,0,-0.0332412043876419,0,38.8851950923656,-0.0332412043876419,-0.0332412043876419,-0.0332412043876419,0.0285556564673136
18.868464140174,0,-0.0601138815581494,0,18.868464140174,-0.0601138815581494,-0.0601138815581494,-0.0601138815581494,0.0841243606959225
130.216227665708,0,0.0198117493038606,0,130.216227665708,0.0198117493038606,0.0198117493038606,0.0198117493038606,0.0277236387216602
9.87654480749694,0,-0.0946232449189078,0,9.87654480749694,-0.0946232449189078,-0.0946232449189078,-0.0946232449189078,0.0836731049469832
15.7641037476623,0,0.0452974152246685,0,15.7641037476623,0.0452974152246685,0.0452974152246685,0.0452974152246685,0.0222639606786319
13.2572895170701,0,-0.00547183825283213,0,13.2572895170701,-0.00547183825283213,-0.00547183825283213,-0.00547183825283213,0.0207932850711389
6.18231367632381,0,0.0296324701339503,0,6.18231367632381,0.0296324701339503,0.0296324701339503,0.0296324701339503,0.0435263969486212
8.10146185701589,0,0.0427555806686441,0,8.10146185701589,0.0427555806686441,0.0427555806686441,0.0427555806686441,0.0518433181255775
11.2420027298881,0,-0.0660500012093723,0,11.2420027298881,-0.0660500012093723,-0.0660500012093723,-0.0660500012093723,0.0384705888979592
25.0274800711776,0,-0.0187256249614442,0,25.0274800711776,-0.0187256249614442,-0.0187256249614442,-0.0187256249614442,0.0960019772095373
28.4056044215739,0,-0.0234835133541325,0,28.4056044215739,-0.0234835133541325,-0.0234835133541325,-0.0234835133541325,0.0460235649191708
9.44659083119766,0,-0.0979355343768668,0,9.44659083119766,-0.0979355343768668,-0.0979355343768668,-0.0979355343768668,0.106984919191722
10.6319539160187,0,0.00587821668928426,0,10.6319539160187,0.00587821668928426,0.00587821668928426,0.00587821668928426,0.0434639030773943
23.722803858762,0,0.00435490338959432,0,23.722803858762,0.00435490338959432,0.00435490338959432,0.00435490338959432,0.0172785731987079
NA,NA,NA,NA,NA,NA,NA,NA,NA
14.5501339822123,0,-0.0241508994853178,0,14.5501339822123,-0.0241508994853178,-0.0241508994853178,-0.0241508994853178,0.0112761190742462
6.82559417888738,0,-0.0208488602109932,0,6.82559417888738,-0.0208488602109932,-0.0208488602109932,-0.0208488602109932,0.0626238731585564
7.10118523761685,0,-0.0285278978712163,0,7.10118523761685,-0.0285278978712163,-0.0285278978712163,-0.0285278978712163,0.0595492352872805
8.39406695268219,0,0.0167837864563465,0,8.39406695268219,0.0167837864563465,0.0167837864563465,0.0167837864563465,0.0322473662392579
15.3813680380744,0,-0.0235768509494856,0,15.3813680380744,-0.0235768509494856,-0.0235768509494856,-0.0235768509494856,0.0385600790656454
10.9419857642508,0,-0.0876235523401562,0,10.9419857642508,-0.0876235523401562,-0.0876235523401562,-0.0876235523401562,0.0336377588977628
9.567453602661,0,-0.0130573193727359,0,9.567453602661,-0.0130573193727359,-0.0130573193727359,-0.0130573193727359,0.0264340771076804
9.56764954052794,0,-0.00578932875863998,0,9.56764954052794,-0.00578932875863998,-0.00578932875863998,-0.00578932875863998,0.0288617279537588
9.58796747981615,0,0.00725905880614161,0,9.58796747981615,0.00725905880614161,0.00725905880614161,0.00725905880614161,0.0422687684348916
15.1454884083029,0,0.0687427351592194,0,15.1454884083029,0.0687427351592194,0.0687427351592194,0.0687427351592194,0.0334809714396658
9.72468903389732,0,0.0209196079014141,0,9.72468903389732,0.0209196079014141,0.0209196079014141,0.0209196079014141,0.0473210924820652
14.8412385484711,0,0.00805813747067324,0,14.8412385484711,0.00805813747067324,0.00805813747067324,0.00805813747067324,0.0331399934197975
10.6567948708008,0,0.0203455428827325,0,10.6567948708008,0.0203455428827325,0.0203455428827325,0.0203455428827325,0.0367174068081082
15.83958844307,0,0.0399832495665445,0,15.83958844307,0.0399832495665445,0.0399832495665445,0.0399832495665445,0.0130470310288665
17.7014293147066,0,0.0234372077444364,0,17.7014293147066,0.0234372077444364,0.0234372077444364,0.0234372077444364,0.0323786122878216
16.016217440795,0,-0.00369944404825601,0,16.016217440795,-0.00369944404825601,-0.00369944404825601,-0.00369944404825601,0.0376637682579198
21.1131806593051,0,-0.056056653152879,0,21.1131806593051,-0.056056653152879,-0.056056653152879,-0.056056653152879,0.033465829508006
12.511562118753,0,0.010653794636591,0,12.511562118753,0.010653794636591,0.010653794636591,0.010653794636591,0.0542734571116003
11.3110693140974,0,0.00982781565554414,0,11.3110693140974,0.00982781565554414,0.00982781565554414,0.00982781565554414,0.0152975413868066
19.3344521561619,0,-0.0178892890128142,0,19.3344521561619,-0.0178892890128142,-0.0178892890128142,-0.0178892890128142,0.0322365626104049
12.3671082351961,0,0.0210231372322994,0,12.3671082351961,0.0210231372322994,0.0210231372322994,0.0210231372322994,0.0160828742749283
12.3654554745313,0,-0.0686880413546458,0,12.3654554745313,-0.0686880413546458,-0.0686880413546458,-0.0686880413546458,0.0513325050706189
19.2556223171704,0,0.0285945738844167,0,19.2556223171704,0.0285945738844167,0.0285945738844167,0.0285945738844167,0.0139726523520546
34.7312424253189,0,0.00360906084633839,0,34.7312424253189,0.00360906084633839,0.00360906084633839,0.00360906084633839,0.017575833019559
54.7209102152747,0,0.0196726221291343,0,54.7209102152747,0.0196726221291343,0.0196726221291343,0.0196726221291343,0.0109274670854921
6.44620981534856,0,0.014846298512104,0,6.44620981534856,0.014846298512104,0.014846298512104,0.014846298512104,0.0608105741726415
13.7692792179168,0,0.045315959795906,0,13.7692792179168,0.045315959795906,0.045315959795906,0.045315959795906,0.0576659331255503
11.7030101268542,0,0.0664031592294417,0,11.7030101268542,0.0664031592294417,0.0664031592294417,0.0664031592294417,0.0318702419669784
7.36539602284415,0,-0.0247872150245361,0,7.36539602284415,-0.0247872150245361,-0.0247872150245361,-0.0247872150245361,0.114121672795408
7.17535910443418,0,0.0223584830888584,0,7.17535910443418,0.0223584830888584,0.0223584830888584,0.0223584830888584,0.0787357224553916
10.3934503295043,0,0.0619972167608137,0,10.3934503295043,0.0619972167608137,0.0619972167608137,0.0619972167608137,0.0947975137929517
11.8155784180346,0,0.132399483418963,0,11.8155784180346,0.132399483418963,0.132399483418963,0.132399483418963,0.0684128055131695
10.8363107906744,0,-0.028098390818107,0,10.8363107906744,-0.028098390818107,-0.028098390818107,-0.028098390818107,0.071926050301895
11.7003583105711,0,-0.00186774348468509,0,11.7003583105711,-0.00186774348468509,-0.00186774348468509,-0.00186774348468509,0.00589871207554302
14.1717804897526,0,0.027255899623745,0,14.1717804897526,0.027255899623745,0.027255899623745,0.027255899623745,0.0438772018708798
10.4916049522311,0,0.0132463173032987,0,10.4916049522311,0.0132463173032987,0.0132463173032987,0.0132463173032987,0.0267192917518445
17.4700053613048,0,-0.0184802916209333,0,17.4700053613048,-0.0184802916209333,-0.0184802916209333,-0.0184802916209333,0.0310328260487528
22.4190143092695,0,-0.000161199703742028,0,22.4190143092695,-0.000161199703742028,-0.000161199703742028,-0.000161199703742028,0.0167230245622351
23.3384346785706,0,0.0173424537425691,0,23.3384346785706,0.0173424537425691,0.0173424537425691,0.0173424537425691,0.0189266195413323
38.8851950923656,0,-0.0332412043876419,0,38.8851950923656,-0.0332412043876419,-0.0332412043876419,-0.0332412043876419,0.0285556564673136
18.868464140174,0,-0.0601138815581494,0,18.868464140174,-0.0601138815581494,-0.0601138815581494,-0.0601138815581494,0.0841243606959225
130.216227665708,0,0.0198117493038606,0,130.216227665708,0.0198117493038606,0.0198117493038606,0.0198117493038606,0.0277236387216602
9.87654480749694,0,-0.0946232449189078,0,9.87654480749694,-0.0946232449189078,-0.0946232449189078,-0.0946232449189078,0.0836731049469832
15.7641037476623,0,0.0452974152246685,0,15.7641037476623,0.0452974152246685,0.0452974152246685,0.0452974152246685,0.0222639606786319
13.2572895170701,0,-0.00547183825283213,0,13.2572895170701,-0.00547183825283213,-0.00547183825283213,-0.00547183825283213,0.0207932850711389
6.18231367632381,0,0.0296324701339503,0,6.18231367632381,0.0296324701339503,0.0296324701339503,0.0296324701339503,0.0435263969486212
8.10146185701589,0,0.0427555806686441,0,8.10146185701589,0.0427555806686441,0.0427555806686441,0.0427555806686441,0.0518433181255775
11.2420027298881,0,-0.0660500012093723,0,11.2420027298881,-0.0660500012093723,-0.0660500012093723,-0.0660500012093723,0.0384705888979592
25.0274800711776,0,-0.0187256249614442,0,25.0274800711776,-0.0187256249614442,-0.0187256249614442,-0.0187256249614442,0.0960019772095373
28.4056044215739,0,-0.0234835133541325,0,28.4056044215739,-0.0234835133541325,-0.0234835133541325,-0.0234835133541325,0.0460235649191708
9.44659083119766,0,-0.0979355343768668,0,9.44659083119766,-0.0979355343768668,-0.0979355343768668,-0.0979355343768668,0.106984919191722
10.6319539160187,0,0.00587821668928426,0,10.6319539160187,0.00587821668928426,0.00587821668928426,0.00587821668928426,0.0434639030773943
23.722803858762,0,0.00435490338959432,0,23.722803858762,0.00435490338959432,0.00435490338959432,0.00435490338959432,0.0172785731987079
NA,NA,NA,NA,NA,NA,NA,NA,NA
14.5501339822123,0,-0.0241508994853178,0,14.5501339822123,-0.0241508994853178,-0.0241508994853178,-0.0241508994853178,0.0112761190742462
6.82559417888738,0,-0.0208488602109932,0,6.82559417888738,-0.0208488602109932,-0.0208488602109932,-0.0208488602109932,0.0626238731585564
7.10118523761685,0,-0.0285278978712163,0,7.10118523761685,-0.0285278978712163,-0.0285278978712163,-0.0285278978712163,0.0595492352872805
8.39406695268219,0,0.0167837864563465,0,8.39406695268219,0.0167837864563465,0.0167837864563465,0.0167837864563465,0.0322473662392579
15.3813680380744,0,-0.0235768509494856,0,15.3813680380744,-0.0235768509494856,-0.0235768509494856,-0.0235768509494856,0.0385600790656454
10.9419857642508,0,-0.0876235523401562,0,10.9419857642508,-0.0876235523401562,-0.0876235523401562,-0.0876235523401562,0.0336377588977628
9.567453602661,0,-0.0130573193727359,0,9.567453602661,-0.0130573193727359,-0.0130573193727359,-0.0130573193727359,0.0264340771076804
9.56764954052794,0,-0.00578932875863998,0,9.56764954052794,-0.00578932875863998,-0.00578932875863998,-0.00578932875863998,0.0288617279537588
9.58796747981615,0,0.00725905880614161,0,9.58796747981615,0.00725905880614161,0.00725905880614161,0.00725905880614161,0.0422687684348916
15.1454884083029,0,0.0687427351592194,0,15.1454884083029,0.0687427351592194,0.0687427351592194,0.0687427351592194,0.0334809714396658
9.72468903389732,0,0.0209196079014141,0,9.72468903389732,0.0209196079014141,0.0209196079014141,0.0209196079014141,0.0473210924820652
14.8412385484711,0,0.00805813747067324,0,14.8412385484711,0.00805813747067324,0.00805813747067324,0.00805813747067324,0.0331399934197975
10.6567948708008,0,0.0203455428827325,0,10.6567948708008,0.0203455428827325,0.0203455428827325,0.0203455428827325,0.0367174068081082
15.83958844307,0,0.0399832495665445,0,15.83958844307,0.0399832495665445,0.0399832495665445,0.0399832495665445,0.0130470310288665
17.7014293147066,0,0.0234372077444364,0,17.7014293147066,0.0234372077444364,0.0234372077444364,0.0234372077444364,0.0323786122878216
16.016217440795,0,-0.00369944404825601,0,16.016217440795,-0.00369944404825601,-0.00369944404825601,-0.00369944404825601,0.0376637682579198
21.1131806593051,0,-0.056056653152879,0,21.1131806593051,-0.056056653152879,-0.056056653152879,-0.056056653152879,0.033465829508006
12.511562118753,0,0.010653794636591,0,12.511562118753,0.010653794636591,0.010653794636591,0.010653794636591,0.0542734571116003
11.3110693140974,0,0.00982781565554414,0,11.3110693140974,0.00982781565554414,0.00982781565554414,0.00982781565554414,0.0152975413868066
19.3344521561619,0,-0.0178892890128142,0,19.3344521561619,-0.0178892890128142,-0.0178892890128142,-0.0178892890128142,0.0322365626104049
12.3671082351961,0,0.0210231372322994,0,12.3671082351961,0.0210231372322994,0.0210231372322994,0.0210231372322994,0.0160828742749283
12.3654554745313,0,-0.0686880413546458,0,12.3654554745313,-0.0686880413546458,-0.0686880413546458,-0.0686880413546458,0.0513325050706189
19.2556223171704,0,0.0285945738844167,0,19.2556223171704,0.0285945738844167,0.0285945738844167,0.0285945738844167,0.0139726523520546
34.7312424253189,0,0.00360906084633839,0,34.7312424253189,0.00360906084633839,0.00360906084633839,0.00360906084633839,0.017575833019559
54.7209102152747,0,0.0196726221291343,0,54.7209102152747,0.0196726221291343,0.0196726221291343,0.0196726221291343,0.0109274670854921
6.44620981534856,0,0.014846298512104,0,6.44620981534856,0.014846298512104,0.014846298512104,0.014846298512104,0.0608105741726415
13.7692792179168,0,0.045315959795906,0,13.7692792179168,0.045315959795906,0.045315959795906,0.045315959795906,0.0576659331255503
11.7030101268542,0,0.0664031592294417,0,11.7030101268542,0.0664031592294417,0.0664031592294417,0.0664031592294417,0.0318702419669784
7.36539602284415,0,-0.0247872150245361,0,7.36539602284415,-0.0247872150245361,-0.0247872150245361,-0.0247872150245361,0.114121672795408
7.17535910443418,0,0.0223584830888584,0,7.17535910443418,0.0223584830888584,0.0223584830888584,0.0223584830888584,0.0787357224553916
10.3934503295043,0,0.0619972167608137,0,10.3934503295043,0.0619972167608137,0.0619972167608137,0.0619972167608137,0.0947975137929517
11.8155784180346,0,0.132399483418963,0,11.8155784180346,0.132399483418963,0.132399483418963,0.132399483418963,0.0684128055131695
10.8363107906744,0,-0.028098390818107,0,10.8363107906744,-0.028098390818107,-0.028098390818107,-0.028098390818107,0.071926050301895
11.7003583105711,0,-0.00186774348468509,0,11.7003583105711,-0.00186774348468509,-0.00186774348468509,-0.00186774348468509,0.00589871207554302
14.1717804897526,0,0.027255899623745,0,14.1717804897526,0.027255899623745,0.027255899623745,0.027255899623745,0.0438772018708798
10.4916049522311,0,0.0132463173032987,0,10.4916049522311,0.0132463173032987,0.0132463173032987,0.0132463173032987,0.0267192917518445
17.4700053613048,0,-0.0184802916209333,0,17.4700053613048,-0.0184802916209333,-0.0184802916209333,-0.0184802916209333,0.0310328260487528
22.4190143092695,0,-0.000161199703742028,0,22.4190143092695,-0.000161199703742028,-0.000161199703742028,-0.000161199703742028,0.0167230245622351
23.3384346785706,0,0.0173424537425691,0,23.3384346785706,0.0173424537425691,0.0173424537425691,0.0173424537425691,0.0189266195413323
38.8851950923656,0,-0.0332412043876419,0,38.8851950923656,-0.0332412043876419,-0.0332412043876419,-0.0332412043876419,0.0285556564673136
18.868464140174,0,-0.0601138815581494,0,18.868464140174,-0.0601138815581494,-0.0601138815581494,-0.0601138815581494,0.0841243606959225
130.216227665708,0,0.0198117493038606,0,130.216227665708,0.0198117493038606,0.0198117493038606,0.0198117493038606,0.0277236387216602
9.87654480749694,0,-0.0946232449189078,0,9.87654480749694,-0.0946232449189078,-0.0946232449189078,-0.0946232449189078,0.0836731049469832
15.7641037476623,0,0.0452974152246685,0,15.7641037476623,0.0452974152246685,0.0452974152246685,0.0452974152246685,0.0222639606786319
13.2572895170701,0,-0.00547183825283213,0,13.2572895170701,-0.00547183825283213,-0.00547183825283213,-0.00547183825283213,0.0207932850711389
6.18231367632381,0,0.0296324701339503,0,6.18231367632381,0.0296324701339503,0.0296324701339503,0.0296324701339503,0.0435263969486212
8.10146185701589,0,0.0427555806686441,0,8.10146185701589,0.0427555806686441,0.0427555806686441,0.0427555806686441,0.0518433181255775
11.2420027298881,0,-0.0660500012093723,0,11.2420027298881,-0.0660500012093723,-0.0660500012093723,-0.0660500012093723,0.0384705888979592
25.0274800711776,0,-0.0187256249614442,0,25.0274800711776,-0.0187256249614442,-0.0187256249614442,-0.0187256249614442,0.0960019772095373
28.4056044215739,0,-0.0234835133541325,0,28.4056044215739,-0.0234835133541325,-0.0234835133541325,-0.0234835133541325,0.0460235649191708
9.44659083119766,0,-0.0979355343768668,0,9.44659083119766,-0.0979355343768668,-0.0979355343768668,-0.0979355343768668,0.106984919191722
10.6319539160187,0,0.00587821668928426,0,10.6319539160187,0.00587821668928426,0.00587821668928426,0.00587821668928426,0.0434639030773943
23.722803858762,0,0.00435490338959432,0,23.722803858762,0.00435490338959432,0.00435490338959432,0.00435490338959432,0.0172785731987079
NA,NA,NA,NA,NA,NA,NA,NA,NA
14.5501339822123,0,-0.0241508994853178,0,14.5501339822123,-0.0241508994853178,-0.0241508994853178,-0.0241508994853178,0.0112761190742462
6.82559417888738,0,-0.0208488602109932,0,6.82559417888738,-0.0208488602109932,-0.0208488602109932,-0.0208488602109932,0.0626238731585564
7.10118523761685,0,-0.0285278978712163,0,7.10118523761685,-0.0285278978712163,-0.0285278978712163,-0.0285278978712163,0.0595492352872805
8.39406695268219,0,0.0167837864563465,0,8.39406695268219,0.0167837864563465,0.0167837864563465,0.0167837864563465,0.0322473662392579
15.3813680380744,0,-0.0235768509494856,0,15.3813680380744,-0.0235768509494856,-0.0235768509494856,-0.0235768509494856,0.0385600790656454
10.9419857642508,0,-0.0876235523401562,0,10.9419857642508,-0.0876235523401562,-0.0876235523401562,-0.0876235523401562,0.0336377588977628
9.567453602661,0,-0.0130573193727359,0,9.567453602661,-0.0130573193727359,-0.0130573193727359,-0.0130573193727359,0.0264340771076804
9.56764954052794,0,-0.00578932875863998,0,9.56764954052794,-0.00578932875863998,-0.00578932875863998,-0.00578932875863998,0.0288617279537588
9.58796747981615,0,0.00725905880614161,0,9.58796747981615,0.00725905880614161,0.00725905880614161,0.00725905880614161,0.0422687684348916
15.1454884083029,0,0.0687427351592194,0,15.1454884083029,0.0687427351592194,0.0687427351592194,0.0687427351592194,0.0334809714396658
9.72468903389732,0,0.0209196079014141,0,9.72468903389732,0.0209196079014141,0.0209196079014141,0.0209196079014141,0.0473210924820652
14.8412385484711,0,0.00805813747067324,0,14.8412385484711,0.00805813747067324,0.00805813747067324,0.00805813747067324,0.0331399934197975
10.6567948708008,0,0.0203455428827325,0,10.6567948708008,0.0203455428827325,0.0203455428827325,0.0203455428827325,0.0367174068081082
15.83958844307,0,0.0399832495665445,0,15.83958844307,0.0399832495665445,0.0399832495665445,0.0399832495665445,0.0130470310288665
17.7014293147066,0,0.0234372077444364,0,17.7014293147066,0.0234372077444364,0.0234372077444364,0.0234372077444364,0.0323786122878216
16.016217440795,0,-0.00369944404825601,0,16.016217440795,-0.00369944404825601,-0.00369944404825601,-0.00369944404825601,0.0376637682579198
21.1131806593051,0,-0.056056653152879,0,21.1131806593051,-0.056056653152879,-0.056056653152879,-0.056056653152879,0.033465829508006
12.511562118753,0,0.010653794636591,0,12.511562118753,0.010653794636591,0.010653794636591,0.010653794636591,0.0542734571116003
11.3110693140974,0,0.00982781565554414,0,11.3110693140974,0.00982781565554414,0.00982781565554414,0.00982781565554414,0.0152975413868066
19.3344521561619,0,-0.0178892890128142,0,19.3344521561619,-0.0178892890128142,-0.0178892890128142,-0.0178892890128142,0.0322365626104049
12.3671082351961,0,0.0210231372322994,0,12.3671082351961,0.0210231372322994,0.0210231372322994,0.0210231372322994,0.0160828742749283
12.3654554745313,0,-0.0686880413546458,0,12.3654554745313,-0.0686880413546458,-0.0686880413546458,-0.0686880413546458,0.0513325050706189
19.2556223171704,0,0.0285945738844167,0,19.2556223171704,0.0285945738844167,0.0285945738844167,0.0285945738844167,0.0139726523520546
34.7312424253189,0,0.00360906084633839,0,34.7312424253189,0.00360906084633839,0.00360906084633839,0.00360906084633839,0.017575833019559
54.7209102152747,0,0.0196726221291343,0,54.7209102152747,0.0196726221291343,0.0196726221291343,0.0196726221291343,0.0109274670854921
6.44620981534856,0,0.014846298512104,0,6.44620981534856,0.014846298512104,0.014846298512104,0.014846298512104,0.0608105741726415
13.7692792179168,0,0.045315959795906,0,13.7692792179168,0.045315959795906,0.045315959795906,0.045315959795906,0.0576659331255503
11.7030101268542,0,0.0664031592294417,0,11.7030101268542,0.0664031592294417,0.0664031592294417,0.0664031592294417,0.0318702419669784
7.36539602284415,0,-0.0247872150245361,0,7.36539602284415,-0.0247872150245361,-0.0247872150245361,-0.0247872150245361,0.114121672795408
7.17535910443418,0,0.0223584830888584,0,7.17535910443418,0.0223584830888584,0.0223584830888584,0.0223584830888584,0.0787357224553916
10.3934503295043,0,0.0619972167608137,0,10.3934503295043,0.0619972167608137,0.0619972167608137,0.0619972167608137,0.0947975137929517
11.8155784180346,0,0.132399483418963,0,11.8155784180346,0.132399483418963,0.132399483418963,0.132399483418963,0.0684128055131695
10.8363107906744,0,-0.028098390818107,0,10.8363107906744,-0.028098390818107,-0.028098390818107,-0.028098390818107,0.071926050301895
11.7003583105711,0,-0.00186774348468509,0,11.7003583105711,-0.00186774348468509,-0.00186774348468509,-0.00186774348468509,0.00589871207554302
14.1717804897526,0,0.027255899623745,0,14.1717804897526,0.027255899623745,0.027255899623745,0.027255899623745,0.0438772018708798
10.4916049522311,0,0.0132463173032987,0,10.4916049522311,0.0132463173032987,0.0132463173032987,0.0132463173032987,0.0267192917518445
17.4700053613048,0,-0.0184802916209333,0,17.4700053613048,-0.0184802916209333,-0.0184802916209333,-0.0184802916209333,0.0310328260487528
22.4190143092695,0,-0.000161199703742028,0,22.4190143092695,-0.000161199703742028,-0.000161199703742028,-0.000161199703742028,0.0167230245622351
23.3384346785706,0,0.0173424537425691,0,23.3384346785706,0.0173424537425691,0.0173424537425691,0.0173424537425691,0.0189266195413323
38.8851950923656,0,-0.0332412043876419,0,38.8851950923656,-0.0332412043876419,-0.0332412043876419,-0.0332412043876419,0.0285556564673136
18.868464140174,0,-0.0601138815581494,0,18.868464140174,-0.0601138815581494,-0.0601138815581494,-0.0601138815581494,0.0841243606959225
130.216227665708,0,0.0198117493038606,0,130.216227665708,0.0198117493038606,0.0198117493038606,0.0198117493038606,0.0277236387216602
9.87654480749694,0,-0.0946232449189078,0,9.87654480749694,-0.0946232449189078,-0.0946232449189078,-0.0946232449189078,0.0836731049469832
15.7641037476623,0,0.0452974152246685,0,15.7641037476623,0.0452974152246685,0.0452974152246685,0.0452974152246685,0.0222639606786319
13.2572895170701,0,-0.00547183825283213,0,13.2572895170701,-0.00547183825283213,-0.00547183825283213,-0.00547183825283213,0.0207932850711389
6.18231367632381,0,0.0296324701339503,0,6.18231367632381,0.0296324701339503,0.0296324701339503,0.0296324701339503,0.0435263969486212
8.10146185701589,0,0.0427555806686441,0,8.10146185701589,0.0427555806686441,0.0427555806686441,0.0427555806686441,0.0518433181255775
11.2420027298881,0,-0.0660500012093723,0,11.2420027298881,-0.0660500012093723,-0.0660500012093723,-0.0660500012093723,0.0384705888979592
25.0274800711776,0,-0.0187256249614442,0,25.0274800711776,-0.0187256249614442,-0.0187256249614442,-0.0187256249614442,0.0960019772095373
28.4056044215739,0,-0.0234835133541325,0,28.4056044215739,-0.0234835133541325,-0.0234835133541325,-0.0234835133541325,0.0460235649191708
9.44659083119766,0,-0.0979355343768668,0,9.44659083119766,-0.0979355343768668,-0.0979355343768668,-0.0979355343768668,0.106984919191722
10.6319539160187,0,0.00587821668928426,0,10.6319539160187,0.00587821668928426,0.00587821668928426,0.00587821668928426,0.0434639030773943
23.722803858762,0,0.00435490338959432,0,23.722803858762,0.00435490338959432,0.00435490338959432,0.00435490338959432,0.0172785731987079
NA,NA,NA,NA,NA,NA,NA,NA,NA
14.5501339822123,0,-0.0241508994853178,0,14.5501339822123,-0.0241508994853178,-0.0241508994853178,-0.0241508994853178,0.0112761190742462
6.82559417888738,0,-0.0208488602109932,0,6.82559417888738,-0.0208488602109932,-0.0208488602109932,-0.0208488602109932,0.0626238731585564
7.10118523761685,0,-0.0285278978712163,0,7.10118523761685,-0.0285278978712163,-0.0285278978712163,-0.0285278978712163,0.0595492352872805
8.39406695268219,0,0.0167837864563465,0,8.39406695268219,0.0167837864563465,0.0167837864563465,0.0167837864563465,0.0322473662392579
15.3813680380744,0,-0.0235768509494856,0,15.3813680380744,-0.0235768509494856,-0.0235768509494856,-0.0235768509494856,0.0385600790656454
10.9419857642508,0,-0.0876235523401562,0,10.9419857642508,-0.0876235523401562,-0.0876235523401562,-0.0876235523401562,0.0336377588977628
9.567453602661,0,-0.0130573193727359,0,9.567453602661,-0.0130573193727359,-0.0130573193727359,-0.0130573193727359,0.0264340771076804
9.56764954052794,0,-0.00578932875863998,0,9.56764954052794,-0.00578932875863998,-0.00578932875863998,-0.00578932875863998,0.0288617279537588
9.58796747981615,0,0.00725905880614161,0,9.58796747981615,0.00725905880614161,0.00725905880614161,0.00725905880614161,0.0422687684348916
15.1454884083029,0,0.0687427351592194,0,15.1454884083029,0.0687427351592194,0.0687427351592194,0.0687427351592194,0.0334809714396658
9.72468903389732,0,0.0209196079014141,0,9.72468903389732,0.0209196079014141,0.0209196079014141,0.0209196079014141,0.0473210924820652
14.8412385484711,0,0.00805813747067324,0,14.8412385484711,0.00805813747067324,0.00805813747067324,0.00805813747067324,0.0331399934197975
10.6567948708008,0,0.0203455428827325,0,10.6567948708008,0.0203455428827325,0.0203455428827325,0.0203455428827325,0.0367174068081082
15.83958844307,0,0.0399832495665445,0,15.83958844307,0.0399832495665445,0.0399832495665445,0.0399832495665445,0.0130470310288665
17.7014293147066,0,0.0234372077444364,0,17.7014293147066,0.0234372077444364,0.0234372077444364,0.0234372077444364,0.0323786122878216
16.016217440795,0,-0.00369944404825601,0,16.016217440795,-0.00369944404825601,-0.00369944404825601,-0.00369944404825601,0.0376637682579198
21.1131806593051,0,-0.056056653152879,0,21.1131806593051,-0.056056653152879,-0.056056653152879,-0.056056653152879,0.033465829508006
12.511562118753,0,0.010653794636591,0,12.511562118753,0.010653794636591,0.010653794636591,0.010653794636591,0.0542734571116003
11.3110693140974,0,0.00982781565554414,0,11.3110693140974,0.00982781565554414,0.00982781565554414,0.00982781565554414,0.0152975413868066
19.3344521561619,0,-0.0178892890128142,0,19.3344521561619,-0.0178892890128142,-0.0178892890128142,-0.0178892890128142,0.0322365626104049
12.3671082351961,0,0.0210231372322994,0,12.3671082351961,0.0210231372322994,0.0210231372322994,0.0210231372322994,0.0160828742749283
12.3654554745313,0,-0.0686880413546458,0,12.3654554745313,-0.0686880413546458,-0.0686880413546458,-0.0686880413546458,0.0513325050706189
19.2556223171704,0,0.0285945738844167,0,19.2556223171704,0.0285945738844167,0.0285945738844167,0.0285945738844167,0.0139726523520546
34.7312424253189,0,0.00360906084633839,0,34.7312424253189,0.00360906084633839,0.00360906084633839,0.00360906084633839,0.017575833019559
54.7209102152747,0,0.0196726221291343,0,54.7209102152747,0.0196726221291343,0.0196726221291343,0.0196726221291343,0.0109274670854921
6.44620981534856,0,0.014846298512104,0,6.44620981534856,0.014846298512104,0.014846298512104,0.014846298512104,0.0608105741726415
13.7692792179168,0,0.045315959795906,0,13.7692792179168,0.045315959795906,0.045315959795906,0.045315959795906,0.0576659331255503
11.7030101268542,0,0.0664031592294417,0,11.7030101268542,0.0664031592294417,0.0664031592294417,0.0664031592294417,0.0318702419669784
7.36539602284415,0,-0.0247872150245361,0,7.36539602284415,-0.0247872150245361,-0.0247872150245361,-0.0247872150245361,0.114121672795408
7.17535910443418,0,0.0223584830888584,0,7.17535910443418,0.0223584830888584,0.0223584830888584,0.0223584830888584,0.0787357224553916
10.3934503295043,0,0.0619972167608137,0,10.3934503295043,0.0619972167608137,0.0619972167608137,0.0619972167608137,0.0947975137929517
11.8155784180346,0,0.132399483418963,0,11.8155784180346,0.132399483418963,0.132399483418963,0.132399483418963,0.0684128055131695
10.8363107906744,0,-0.028098390818107,0,10.8363107906744,-0.028098390818107,-0.028098390818107,-0.028098390818107,0.071926050301895
11.7003583105711,0,-0.00186774348468509,0,11.7003583105711,-0.00186774348468509,-0.00186774348468509,-0.00186774348468509,0.00589871207554302
14.1717804897526,0,0.027255899623745,0,14.1717804897526,0.027255899623745,0.027255899623745,0.027255899623745,0.0438772018708798
10.4916049522311,0,0.0132463173032987,0,10.4916049522311,0.0132463173032987,0.0132463173032987,0.0132463173032987,0.0267192917518445
17.4700053613048,0,-0.0184802916209333,0,17.4700053613048,-0.0184802916209333,-0.0184802916209333,-0.0184802916209333,0.0310328260487528
22.4190143092695,0,-0.000161199703742028,0,22.4190143092695,-0.000161199703742028,-0.000161199703742028,-0.000161199703742028,0.0167230245622351
23.3384346785706,0,0.0173424537425691,0,23.3384346785706,0.0173424537425691,0.0173424537425691,0.0173424537425691,0.0189266195413323
38.8851950923656,0,-0.0332412043876419,0,38.8851950923656,-0.0332412043876419,-0.0332412043876419,-0.0332412043876419,0.0285556564673136
18.868464140174,0,-0.0601138815581494,0,18.868464140174,-0.0601138815581494,-0.0601138815581494,-0.0601138815581494,0.0841243606959225
130.216227665708,0,0.0198117493038606,0,130.216227665708,0.0198117493038606,0.0198117493038606,0.0198117493038606,0.0277236387216602
9.87654480749694,0,-0.0946232449189078,0,9.87654480749694,-0.0946232449189078,-0.0946232449189078,-0.0946232449189078,0.0836731049469832
15.7641037476623,0,0.0452974152246685,0,15.7641037476623,0.0452974152246685,0.0452974152246685,0.0452974152246685,0.0222639606786319
13.2572895170701,0,-0.00547183825283213,0,13.2572895170701,-0.00547183825283213,-0.00547183825283213,-0.00547183825283213,0.0207932850711389
6.18231367632381,0,0.0296324701339503,0,6.18231367632381,0.0296324701339503,0.0296324701339503,0.0296324701339503,0.0435263969486212
8.10146185701589,0,0.0427555806686441,0,8.10146185701589,0.0427555806686441,0.0427555806686441,0.0427555806686441,0.0518433181255775
11.2420027298881,0,-0.0660500012093723,0,11.2420027298881,-0.0660500012093723,-0.0660500012093723,-0.0660500012093723,0.0384705888979592
25.0274800711776,0,-0.0187256249614442,0,25.0274800711776,-0.0187256249614442,-0.0187256249614442,-0.0187256249614442,0.0960019772095373
28.4056044215739,0,-0.0234835133541325,0,28.4056044215739,-0.0234835133541325,-0.0234835133541325,-0.0234835133541325,0.0460235649191708
9.44659083119766,0,-0.0979355343768668,0,9.44659083119766,-0.0979355343768668,-0.0979355343768668,-0.0979355343768668,0.106984919191722
10.6319539160187,0,0.00587821668928426,0,10.6319539160187,0.00587821668928426,0.00587821668928426,0.00587821668928426,0.0434639030773943
23.722803858762,0,0.00435490338959432,0,23.722803858762,0.00435490338959432,0.00435490338959432,0.00435490338959432,0.0172785731987079
NA,NA,NA,NA,NA,NA,NA,NA,NA
14.5501339822123,0,-0.0241508994853178,0,14.5501339822123,-0.0241508994853178,-0.0241508994853178,-0.0241508994853178,0.0112761190742462
6.82559417888738,0,-0.0208488602109932,0,6.82559417888738,-0.0208488602109932,-0.0208488602109932,-0.0208488602109932,0.0626238731585564
7.10118523761685,0,-0.0285278978712163,0,7.10118523761685,-0.0285278978712163,-0.0285278978712163,-0.0285278978712163,0.0595492352872805
8.39406695268219,0,0.0167837864563465,0,8.39406695268219,0.0167837864563465,0.0167837864563465,0.0167837864563465,0.0322473662392579
15.3813680380744,0,-0.0235768509494856,0,15.3813680380744,-0.0235768509494856,-0.0235768509494856,-0.0235768509494856,0.0385600790656454
10.9419857642508,0,-0.0876235523401562,0,10.9419857642508,-0.0876235523401562,-0.0876235523401562,-0.0876235523401562,0.0336377588977628
9.567453602661,0,-0.0130573193727359,0,9.567453602661,-0.0130573193727359,-0.0130573193727359,-0.0130573193727359,0.0264340771076804
9.56764954052794,0,-0.00578932875863998,0,9.56764954052794,-0.00578932875863998,-0.00578932875863998,-0.00578932875863998,0.0288617279537588
9.58796747981615,0,0.00725905880614161,0,9.58796747981615,0.00725905880614161,0.00725905880614161,0.00725905880614161,0.0422687684348916
15.1454884083029,0,0.0687427351592194,0,15.1454884083029,0.0687427351592194,0.0687427351592194,0.0687427351592194,0.0334809714396658
9.72468903389732,0,0.0209196079014141,0,9.72468903389732,0.0209196079014141,0.0209196079014141,0.0209196079014141,0.0473210924820652
14.8412385484711,0,0.00805813747067324,0,14.8412385484711,0.00805813747067324,0.00805813747067324,0.00805813747067324,0.0331399934197975
10.6567948708008,0,0.0203455428827325,0,10.6567948708008,0.0203455428827325,0.0203455428827325,0.0203455428827325,0.0367174068081082
15.83958844307,0,0.0399832495665445,0,15.83958844307,0.0399832495665445,0.0399832495665445,0.0399832495665445,0.0130470310288665
17.7014293147066,0,0.0234372077444364,0,17.7014293147066,0.0234372077444364,0.0234372077444364,0.0234372077444364,0.0323786122878216
16.016217440795,0,-0.00369944404825601,0,16.016217440795,-0.00369944404825601,-0.00369944404825601,-0.00369944404825601,0.0376637682579198
21.1131806593051,0,-0.056056653152879,0,21.1131806593051,-0.056056653152879,-0.056056653152879,-0.056056653152879,0.033465829508006
12.511562118753,0,0.010653794636591,0,12.511562118753,0.010653794636591,0.010653794636591,0.010653794636591,0.0542734571116003
11.3110693140974,0,0.00982781565554414,0,11.3110693140974,0.00982781565554414,0.00982781565554414,0.00982781565554414,0.0152975413868066
19.3344521561619,0,-0.0178892890128142,0,19.3344521561619,-0.0178892890128142,-0.0178892890128142,-0.0178892890128142,0.0322365626104049
12.3671082351961,0,0.0210231372322994,0,12.3671082351961,0.0210231372322994,0.0210231372322994,0.0210231372322994,0.0160828742749283
12.3654554745313,0,-0.0686880413546458,0,12.3654554745313,-0.0686880413546458,-0.0686880413546458,-0.0686880413546458,0.0513325050706189
19.2556223171704,0,0.0285945738844167,0,19.2556223171704,0.0285945738844167,0.0285945738844167,0.0285945738844167,0.0139726523520546
34.7312424253189,0,0.00360906084633839,0,34.7312424253189,0.00360906084633839,0.00360906084633839,0.00360906084633839,0.017575833019559
54.7209102152747,0,0.0196726221291343,0,54.7209102152747,0.0196726221291343,0.0196726221291343,0.0196726221291343,0.0109274670854921
6.44620981534856,0,0.014846298512104,0,6.44620981534856,0.014846298512104,0.014846298512104,0.014846298512104,0.0608105741726415
13.7692792179168,0,0.045315959795906,0,13.7692792179168,0.045315959795906,0.045315959795906,0.045315959795906,0.0576659331255503
11.7030101268542,0,0.0664031592294417,0,11.7030101268542,0.0664031592294417,0.0664031592294417,0.0664031592294417,0.0318702419669784
7.36539602284415,0,-0.0247872150245361,0,7.36539602284415,-0.0247872150245361,-0.0247872150245361,-0.0247872150245361,0.114121672795408
7.17535910443418,0,0.0223584830888584,0,7.17535910443418,0.0223584830888584,0.0223584830888584,0.0223584830888584,0.0787357224553916
10.3934503295043,0,0.0619972167608137,0,10.3934503295043,0.0619972167608137,0.0619972167608137,0.0619972167608137,0.0947975137929517
11.8155784180346,0,0.132399483418963,0,11.8155784180346,0.132399483418963,0.132399483418963,0.132399483418963,0.0684128055131695
10.8363107906744,0,-0.028098390818107,0,10.8363107906744,-0.028098390818107,-0.028098390818107,-0.028098390818107,0.071926050301895
11.7003583105711,0,-0.00186774348468509,0,11.7003583105711,-0.00186774348468509,-0.00186774348468509,-0.00186774348468509,0.00589871207554302
14.1717804897526,0,0.027255899623745,0,14.1717804897526,0.027255899623745,0.027255899623745,0.027255899623745,0.0438772018708798
10.4916049522311,0,0.0132463173032987,0,10.4916049522311,0.0132463173032987,0.0132463173032987,0.0132463173032987,0.0267192917518445
17.4700053613048,0,-0.0184802916209333,0,17.4700053613048,-0.0184802916209333,-0.0184802916209333,-0.0184802916209333,0.0310328260487528
22.4190143092695,0,-0.000161199703742028,0,22.4190143092695,-0.000161199703742028,-0.000161199703742028,-0.000161199703742028,0.0167230245622351
23.3384346785706,0,0.0173424537425691,0,23.3384346785706,0.0173424537425691,0.0173424537425691,0.0173424537425691,0.0189266195413323
38.8851950923656,0,-0.0332412043876419,0,38.8851950923656,-0.0332412043876419,-0.0332412043876419,-0.0332412043876419,0.0285556564673136
18.868464140174,0,-0.0601138815581494,0,18.868464140174,-0.0601138815581494,-0.0601138815581494,-0.0601138815581494,0.0841243606959225
130.216227665708,0,0.0198117493038606,0,130.216227665708,0.0198117493038606,0.0198117493038606,0.0198117493038606,0.0277236387216602
9.87654480749694,0,-0.0946232449189078,0,9.87654480749694,-0.0946232449189078,-0.0946232449189078,-0.0946232449189078,0.0836731049469832
15.7641037476623,0,0.0452974152246685,0,15.7641037476623,0.0452974152246685,0.0452974152246685,0.0452974152246685,0.0222639606786319
13.2572895170701,0,-0.00547183825283213,0,13.2572895170701,-0.00547183825283213,-0.00547183825283213,-0.00547183825283213,0.0207932850711389
6.18231367632381,0,0.0296324701339503,0,6.18231367632381,0.0296324701339503,0.0296324701339503,0.0296324701339503,0.0435263969486212
8.10146185701589,0,0.0427555806686441,0,8.10146185701589,0.0427555806686441,0.0427555806686441,0.0427555806686441,0.0518433181255775
11.2420027298881,0,-0.0660500012093723,0,11.2420027298881,-0.0660500012093723,-0.0660500012093723,-0.0660500012093723,0.0384705888979592
25.0274800711776,0,-0.0187256249614442,0,25.0274800711776,-0.0187256249614442,-0.0187256249614442,-0.0187256249614442,0.0960019772095373
28.4056044215739,0,-0.0234835133541325,0,28.4056044215739,-0.0234835133541325,-0.0234835133541325,-0.0234835133541325,0.0460235649191708
9.44659083119766,0,-0.0979355343768668,0,9.44659083119766,-0.0979355343768668,-0.0979355343768668,-0.0979355343768668,0.106984919191722
10.6319539160187,0,0.00587821668928426,0,10.6319539160187,0.00587821668928426,0.00587821668928426,0.00587821668928426,0.0434639030773943
23.722803858762,0,0.00435490338959432,0,23.722803858762,0.00435490338959432,0.00435490338959432,0.00435490338959432,0.0172785731987079
NA,NA,NA,NA,NA,NA,NA,NA,NA
14.5501339822123,0,-0.0241508994853178,0,14.5501339822123,-0.0241508994853178,-0.0241508994853178,-0.0241508994853178,0.0112761190742462
6.82559417888738,0,-0.0208488602109932,0,6.82559417888738,-0.0208488602109932,-0.0208488602109932,-0.0208488602109932,0.0626238731585564
7.10118523761685,0,-0.0285278978712163,0,7.10118523761685,-0.0285278978712163,-0.0285278978712163,-0.0285278978712163,0.0595492352872805
8.39406695268219,0,0.0167837864563465,0,8.39406695268219,0.0167837864563465,0.0167837864563465,0.0167837864563465,0.0322473662392579
15.3813680380744,0,-0.0235768509494856,0,15.3813680380744,-0.0235768509494856,-0.0235768509494856,-0.0235768509494856,0.0385600790656454
10.9419857642508,0,-0.0876235523401562,0,10.9419857642508,-0.0876235523401562,-0.0876235523401562,-0.0876235523401562,0.0336377588977628
9.567453602661,0,-0.0130573193727359,0,9.567453602661,-0.0130573193727359,-0.0130573193727359,-0.0130573193727359,0.0264340771076804
9.56764954052794,0,-0.00578932875863998,0,9.56764954052794,-0.00578932875863998,-0.00578932875863998,-0.00578932875863998,0.0288617279537588
9.58796747981615,0,0.00725905880614161,0,9.58796747981615,0.00725905880614161,0.00725905880614161,0.00725905880614161,0.0422687684348916
15.1454884083029,0,0.0687427351592194,0,15.1454884083029,0.0687427351592194,0.0687427351592194,0.0687427351592194,0.0334809714396658
9.72468903389732,0,0.0209196079014141,0,9.72468903389732,0.0209196079014141,0.0209196079014141,0.0209196079014141,0.0473210924820652
14.8412385484711,0,0.00805813747067324,0,14.8412385484711,0.00805813747067324,0.00805813747067324,0.00805813747067324,0.0331399934197975
10.6567948708008,0,0.0203455428827325,0,10.6567948708008,0.0203455428827325,0.0203455428827325,0.0203455428827325,0.0367174068081082
15.83958844307,0,0.0399832495665445,0,15.83958844307,0.0399832495665445,0.0399832495665445,0.0399832495665445,0.0130470310288665
17.7014293147066,0,0.0234372077444364,0,17.7014293147066,0.0234372077444364,0.0234372077444364,0.0234372077444364,0.0323786122878216
16.016217440795,0,-0.00369944404825601,0,16.016217440795,-0.00369944404825601,-0.00369944404825601,-0.00369944404825601,0.0376637682579198
21.1131806593051,0,-0.056056653152879,0,21.1131806593051,-0.056056653152879,-0.056056653152879,-0.056056653152879,0.033465829508006
12.511562118753,0,0.010653794636591,0,12.511562118753,0.010653794636591,0.010653794636591,0.010653794636591,0.0542734571116003
11.3110693140974,0,0.00982781565554414,0,11.3110693140974,0.00982781565554414,0.00982781565554414,0.00982781565554414,0.0152975413868066
19.3344521561619,0,-0.0178892890128142,0,19.3344521561619,-0.0178892890128142,-0.0178892890128142,-0.0178892890128142,0.0322365626104049
12.3671082351961,0,0.0210231372322994,0,12.3671082351961,0.0210231372322994,0.0210231372322994,0.0210231372322994,0.0160828742749283
12.3654554745313,0,-0.0686880413546458,0,12.3654554745313,-0.0686880413546458,-0.0686880413546458,-0.0686880413546458,0.0513325050706189
19.2556223171704,0,0.0285945738844167,0,19.2556223171704,0.0285945738844167,0.0285945738844167,0.0285945738844167,0.0139726523520546
34.7312424253189,0,0.00360906084633839,0,34.7312424253189,0.00360906084633839,0.00360906084633839,0.00360906084633839,0.017575833019559
54.7209102152747,0,0.0196726221291343,0,54.7209102152747,0.0196726221291343,0.0196726221291343,0.0196726221291343,0.0109274670854921
6.44620981534856,0,0.014846298512104,0,6.44620981534856,0.014846298512104,0.014846298512104,0.014846298512104,0.0608105741726415
13.7692792179168,0,0.045315959795906,0,13.7692792179168,0.045315959795906,0.045315959795906,0.045315959795906,0.0576659331255503
11.7030101268542,0,0.0664031592294417,0,11.7030101268542,0.0664031592294417,0.0664031592294417,0.0664031592294417,0.0318702419669784
7.36539602284415,0,-0.0247872150245361,0,7.36539602284415,-0.0247872150245361,-0.0247872150245361,-0.0247872150245361,0.114121672795408
7.17535910443418,0,0.0223584830888584,0,7.17535910443418,0.0223584830888584,0.0223584830888584,0.0223584830888584,0.0787357224553916
10.3934503295043,0,0.0619972167608137,0,10.3934503295043,0.0619972167608137,0.0619972167608137,0.0619972167608137,0.0947975137929517
11.8155784180346,0,0.132399483418963,0,11.8155784180346,0.132399483418963,0.132399483418963,0.132399483418963,0.0684128055131695
10.8363107906744,0,-0.028098390818107,0,10.8363107906744,-0.028098390818107,-0.028098390818107,-0.028098390818107,0.071926050301895
11.7003583105711,0,-0.00186774348468509,0,11.7003583105711,-0.00186774348468509,-0.00186774348468509,-0.00186774348468509,0.00589871207554302
14.1717804897526,0,0.027255899623745,0,14.1717804897526,0.027255899623745,0.027255899623745,0.027255899623745,0.0438772018708798
10.4916049522311,0,0.0132463173032987,0,10.4916049522311,0.0132463173032987,0.0132463173032987,0.0132463173032987,0.0267192917518445
17.4700053613048,0,-0.0184802916209333,0,17.4700053613048,-0.0184802916209333,-0.0184802916209333,-0.0184802916209333,0.0310328260487528
22.4190143092695,0,-0.000161199703742028,0,22.4190143092695,-0.000161199703742028,-0.000161199703742028,-0.000161199703742028,0.0167230245622351
23.3384346785706,0,0.0173424537425691,0,23.3384346785706,0.0173424537425691,0.0173424537425691,0.0173424537425691,0.0189266195413323
38.8851950923656,0,-0.0332412043876419,0,38.8851950923656,-0.0332412043876419,-0.0332412043876419,-0.0332412043876419,0.0285556564673136
18.868464140174,0,-0.0601138815581494,0,18.868464140174,-0.0601138815581494,-0.0601138815581494,-0.0601138815581494,0.0841243606959225
130.216227665708,0,0.0198117493038606,0,130.216227665708,0.0198117493038606,0.0198117493038606,0.0198117493038606,0.0277236387216602
9.87654480749694,0,-0.0946232449189078,0,9.87654480749694,-0.0946232449189078,-0.0946232449189078,-0.0946232449189078,0.0836731049469832
15.7641037476623,0,0.0452974152246685,0,15.7641037476623,0.0452974152246685,0.0452974152246685,0.0452974152246685,0.0222639606786319
13.2572895170701,0,-0.00547183825283213,0,13.2572895170701,-0.00547183825283213,-0.00547183825283213,-0.00547183825283213,0.0207932850711389
6.18231367632381,0,0.0296324701339503,0,6.18231367632381,0.0296324701339503,0.0296324701339503,0.0296324701339503,0.0435263969486212
8.10146185701589,0,0.0427555806686441,0,8.10146185701589,0.0427555806686441,0.0427555806686441,0.0427555806686441,0.0518433181255775
11.2420027298881,0,-0.0660500012093723,0,11.2420027298881,-0.0660500012093723,-0.0660500012093723,-0.0660500012093723,0.0384705888979592
25.0274800711776,0,-0.0187256249614442,0,25.0274800711776,-0.0187256249614442,-0.0187256249614442,-0.0187256249614442,0.0960019772095373
28.4056044215739,0,-0.0234835133541325,0,28.4056044215739,-0.0234835133541325,-0.0234835133541325,-0.0234835133541325,0.0460235649191708
9.44659083119766,0,-0.0979355343768668,0,9.44659083119766,-0.0979355343768668,-0.0979355343768668,-0.0979355343768668,0.106984919191722
10.6319539160187,0,0.00587821668928426,0,10.6319539160187,0.00587821668928426,0.00587821668928426,0.00587821668928426,0.0434639030773943
23.722803858762,0,0.00435490338959432,0,23.722803858762,0.00435490338959432,0.00435490338959432,0.00435490338959432,0.0172785731987079
NA,NA,NA,NA,NA,NA,NA,NA,NA
14.5501339822123,0,-0.0241508994853178,0,14.5501339822123,-0.0241508994853178,-0.0241508994853178,-0.0241508994853178,0.0112761190742462
6.82559417888738,0,-0.0208488602109932,0,6.82559417888738,-0.0208488602109932,-0.0208488602109932,-0.0208488602109932,0.0626238731585564
7.10118523761685,0,-0.0285278978712163,0,7.10118523761685,-0.0285278978712163,-0.0285278978712163,-0.0285278978712163,0.0595492352872805
8.39406695268219,0,0.0167837864563465,0,8.39406695268219,0.0167837864563465,0.0167837864563465,0.0167837864563465,0.0322473662392579
15.3813680380744,0,-0.0235768509494856,0,15.3813680380744,-0.0235768509494856,-0.0235768509494856,-0.0235768509494856,0.0385600790656454
10.9419857642508,0,-0.0876235523401562,0,10.9419857642508,-0.0876235523401562,-0.0876235523401562,-0.0876235523401562,0.0336377588977628
9.567453602661,0,-0.0130573193727359,0,9.567453602661,-0.0130573193727359,-0.0130573193727359,-0.0130573193727359,0.0264340771076804
9.56764954052794,0,-0.00578932875863998,0,9.56764954052794,-0.00578932875863998,-0.00578932875863998,-0.00578932875863998,0.0288617279537588
9.58796747981615,0,0.00725905880614161,0,9.58796747981615,0.00725905880614161,0.00725905880614161,0.00725905880614161,0.0422687684348916
15.1454884083029,0,0.0687427351592194,0,15.1454884083029,0.0687427351592194,0.0687427351592194,0.0687427351592194,0.0334809714396658
9.72468903389732,0,0.0209196079014141,0,9.72468903389732,0.0209196079014141,0.0209196079014141,0.0209196079014141,0.0473210924820652
14.8412385484711,0,0.00805813747067324,0,14.8412385484711,0.00805813747067324,0.00805813747067324,0.00805813747067324,0.0331399934197975
10.6567948708008,0,0.0203455428827325,0,10.6567948708008,0.0203455428827325,0.0203455428827325,0.0203455428827325,0.0367174068081082
15.83958844307,0,0.0399832495665445,0,15.83958844307,0.0399832495665445,0.0399832495665445,0.0399832495665445,0.0130470310288665
17.7014293147066,0,0.0234372077444364,0,17.7014293147066,0.0234372077444364,0.0234372077444364,0.0234372077444364,0.0323786122878216
16.016217440795,0,-0.00369944404825601,0,16.016217440795,-0.00369944404825601,-0.00369944404825601,-0.00369944404825601,0.0376637682579198
21.1131806593051,0,-0.056056653152879,0,21.1131806593051,-0.056056653152879,-0.056056653152879,-0.056056653152879,0.033465829508006
12.511562118753,0,0.010653794636591,0,12.511562118753,0.010653794636591,0.010653794636591,0.010653794636591,0.0542734571116003
11.3110693140974,0,0.00982781565554414,0,11.3110693140974,0.00982781565554414,0.00982781565554414,0.00982781565554414,0.0152975413868066
19.3344521561619,0,-0.0178892890128142,0,19.3344521561619,-0.0178892890128142,-0.0178892890128142,-0.0178892890128142,0.0322365626104049
12.3671082351961,0,0.0210231372322994,0,12.3671082351961,0.0210231372322994,0.0210231372322994,0.0210231372322994,0.0160828742749283
12.3654554745313,0,-0.0686880413546458,0,12.3654554745313,-0.0686880413546458,-0.0686880413546458,-0.0686880413546458,0.0513325050706189
19.2556223171704,0,0.0285945738844167,0,19.2556223171704,0.0285945738844167,0.0285945738844167,0.0285945738844167,0.0139726523520546
34.7312424253189,0,0.00360906084633839,0,34.7312424253189,0.00360906084633839,0.00360906084633839,0.00360906084633839,0.017575833019559
54.7209102152747,0,0.0196726221291343,0,54.7209102152747,0.0196726221291343,0.0196726221291343,0.0196726221291343,0.0109274670854921
6.44620981534856,0,0.014846298512104,0,6.44620981534856,0.014846298512104,0.014846298512104,0.014846298512104,0.0608105741726415
13.7692792179168,0,0.045315959795906,0,13.7692792179168,0.045315959795906,0.045315959795906,0.045315959795906,0.0576659331255503
11.7030101268542,0,0.0664031592294417,0,11.7030101268542,0.0664031592294417,0.0664031592294417,0.0664031592294417,0.0318702419669784
7.36539602284415,0,-0.0247872150245361,0,7.36539602284415,-0.0247872150245361,-0.0247872150245361,-0.0247872150245361,0.114121672795408
7.17535910443418,0,0.0223584830888584,0,7.17535910443418,0.0223584830888584,0.0223584830888584,0.0223584830888584,0.0787357224553916
10.3934503295043,0,0.0619972167608137,0,10.3934503295043,0.0619972167608137,0.0619972167608137,0.0619972167608137,0.0947975137929517
11.8155784180346,0,0.132399483418963,0,11.8155784180346,0.132399483418963,0.132399483418963,0.132399483418963,0.0684128055131695
10.8363107906744,0,-0.028098390818107,0,10.8363107906744,-0.028098390818107,-0.028098390818107,-0.028098390818107,0.071926050301895
11.7003583105711,0,-0.00186774348468509,0,11.7003583105711,-0.00186774348468509,-0.00186774348468509,-0.00186774348468509,0.00589871207554302
14.1717804897526,0,0.027255899623745,0,14.1717804897526,0.027255899623745,0.027255899623745,0.027255899623745,0.0438772018708798
10.4916049522311,0,0.0132463173032987,0,10.4916049522311,0.0132463173032987,0.0132463173032987,0.0132463173032987,0.0267192917518445
17.4700053613048,0,-0.0184802916209333,0,17.4700053613048,-0.0184802916209333,-0.0184802916209333,-0.0184802916209333,0.0310328260487528
22.4190143092695,0,-0.000161199703742028,0,22.4190143092695,-0.000161199703742028,-0.000161199703742028,-0.000161199703742028,0.0167230245622351
23.3384346785706,0,0.0173424537425691,0,23.3384346785706,0.0173424537425691,0.0173424537425691,0.0173424537425691,0.0189266195413323
38.8851950923656,0,-0.0332412043876419,0,38.8851950923656,-0.0332412043876419,-0.0332412043876419,-0.0332412043876419,0.0285556564673136
18.868464140174,0,-0.0601138815581494,0,18.868464140174,-0.0601138815581494,-0.0601138815581494,-0.0601138815581494,0.0841243606959225
130.216227665708,0,0.0198117493038606,0,130.216227665708,0.0198117493038606,0.0198117493038606,0.0198117493038606,0.0277236387216602
9.87654480749694,0,-0.0946232449189078,0,9.87654480749694,-0.0946232449189078,-0.0946232449189078,-0.0946232449189078,0.0836731049469832
15.7641037476623,0,0.0452974152246685,0,15.7641037476623,0.0452974152246685,0.0452974152246685,0.0452974152246685,0.0222639606786319
13.2572895170701,0,-0.00547183825283213,0,13.2572895170701,-0.00547183825283213,-0.00547183825283213,-0.00547183825283213,0.0207932850711389
6.18231367632381,0,0.0296324701339503,0,6.18231367632381,0.0296324701339503,0.0296324701339503,0.0296324701339503,0.0435263969486212
8.10146185701589,0,0.0427555806686441,0,8.10146185701589,0.0427555806686441,0.0427555806686441,0.0427555806686441,0.0518433181255775
11.2420027298881,0,-0.0660500012093723,0,11.2420027298881,-0.0660500012093723,-0.0660500012093723,-0.0660500012093723,0.0384705888979592
25.0274800711776,0,-0.0187256249614442,0,25.0274800711776,-0.0187256249614442,-0.0187256249614442,-0.0187256249614442,0.0960019772095373
28.4056044215739,0,-0.0234835133541325,0,28.4056044215739,-0.0234835133541325,-0.0234835133541325,-0.0234835133541325,0.0460235649191708
9.44659083119766,0,-0.0979355343768668,0,9.44659083119766,-0.0979355343768668,-0.0979355343768668,-0.0979355343768668,0.106984919191722
10.6319539160187,0,0.00587821668928426,0,10.6319539160187,0.00587821668928426,0.00587821668928426,0.00587821668928426,0.0434639030773943
23.722803858762,0,0.00435490338959432,0,23.722803858762,0.00435490338959432,0.00435490338959432,0.00435490338959432,0.0172785731987079
NA,NA,NA,NA,NA,NA,NA,NA,NA
14.5501339822123,0,-0.0241508994853178,0,14.5501339822123,-0.0241508994853178,-0.0241508994853178,-0.0241508994853178,0.0112761190742462
6.82559417888738,0,-0.0208488602109932,0,6.82559417888738,-0.0208488602109932,-0.0208488602109932,-0.0208488602109932,0.0626238731585564
7.10118523761685,0,-0.0285278978712163,0,7.10118523761685,-0.0285278978712163,-0.0285278978712163,-0.0285278978712163,0.0595492352872805
8.39406695268219,0,0.0167837864563465,0,8.39406695268219,0.0167837864563465,0.0167837864563465,0.0167837864563465,0.0322473662392579
15.3813680380744,0,-0.0235768509494856,0,15.3813680380744,-0.0235768509494856,-0.0235768509494856,-0.0235768509494856,0.0385600790656454
10.9419857642508,0,-0.0876235523401562,0,10.9419857642508,-0.0876235523401562,-0.0876235523401562,-0.0876235523401562,0.0336377588977628
9.567453602661,0,-0.0130573193727359,0,9.567453602661,-0.0130573193727359,-0.0130573193727359,-0.0130573193727359,0.0264340771076804
9.56764954052794,0,-0.00578932875863998,0,9.56764954052794,-0.00578932875863998,-0.00578932875863998,-0.00578932875863998,0.0288617279537588
9.58796747981615,0,0.00725905880614161,0,9.58796747981615,0.00725905880614161,0.00725905880614161,0.00725905880614161,0.0422687684348916
15.1454884083029,0,0.0687427351592194,0,15.1454884083029,0.0687427351592194,0.0687427351592194,0.0687427351592194,0.0334809714396658
9.72468903389732,0,0.0209196079014141,0,9.72468903389732,0.0209196079014141,0.0209196079014141,0.0209196079014141,0.0473210924820652
14.8412385484711,0,0.00805813747067324,0,14.8412385484711,0.00805813747067324,0.00805813747067324,0.00805813747067324,0.0331399934197975
10.6567948708008,0,0.0203455428827325,0,10.6567948708008,0.0203455428827325,0.0203455428827325,0.0203455428827325,0.0367174068081082
15.83958844307,0,0.0399832495665445,0,15.83958844307,0.0399832495665445,0.0399832495665445,0.0399832495665445,0.0130470310288665
17.7014293147066,0,0.0234372077444364,0,17.7014293147066,0.0234372077444364,0.0234372077444364,0.0234372077444364,0.0323786122878216
16.016217440795,0,-0.00369944404825601,0,16.016217440795,-0.00369944404825601,-0.00369944404825601,-0.00369944404825601,0.0376637682579198
21.1131806593051,0,-0.056056653152879,0,21.1131806593051,-0.056056653152879,-0.056056653152879,-0.056056653152879,0.033465829508006
12.511562118753,0,0.010653794636591,0,12.511562118753,0.010653794636591,0.010653794636591,0.010653794636591,0.0542734571116003
11.3110693140974,0,0.00982781565554414,0,11.3110693140974,0.00982781565554414,0.00982781565554414,0.00982781565554414,0.0152975413868066
19.3344521561619,0,-0.0178892890128142,0,19.3344521561619,-0.0178892890128142,-0.0178892890128142,-0.0178892890128142,0.0322365626104049
12.3671082351961,0,0.0210231372322994,0,12.3671082351961,0.0210231372322994,0.0210231372322994,0.0210231372322994,0.0160828742749283
12.3654554745313,0,-0.0686880413546458,0,12.3654554745313,-0.0686880413546458,-0.0686880413546458,-0.0686880413546458,0.0513325050706189
19.2556223171704,0,0.0285945738844167,0,19.2556223171704,0.0285945738844167,0.0285945738844167,0.0285945738844167,0.0139726523520546
34.7312424253189,0,0.00360906084633839,0,34.7312424253189,0.00360906084633839,0.00360906084633839,0.00360906084633839,0.017575833019559
54.7209102152747,0,0.0196726221291343,0,54.7209102152747,0.0196726221291343,0.0196726221291343,0.0196726221291343,0.0109274670854921
6.44620981534856,0,0.014846298512104,0,6.44620981534856,0.014846298512104,0.014846298512104,0.014846298512104,0.0608105741726415
13.7692792179168,0,0.045315959795906,0,13.7692792179168,0.045315959795906,0.045315959795906,0.045315959795906,0.0576659331255503
11.7030101268542,0,0.0664031592294417,0,11.7030101268542,0.0664031592294417,0.0664031592294417,0.0664031592294417,0.0318702419669784
7.36539602284415,0,-0.0247872150245361,0,7.36539602284415,-0.0247872150245361,-0.0247872150245361,-0.0247872150245361,0.114121672795408
7.17535910443418,0,0.0223584830888584,0,7.17535910443418,0.0223584830888584,0.0223584830888584,0.0223584830888584,0.0787357224553916
10.3934503295043,0,0.0619972167608137,0,10.3934503295043,0.0619972167608137,0.0619972167608137,0.0619972167608137,0.0947975137929517
11.8155784180346,0,0.132399483418963,0,11.8155784180346,0.132399483418963,0.132399483418963,0.132399483418963,0.0684128055131695
10.8363107906744,0,-0.028098390818107,0,10.8363107906744,-0.028098390818107,-0.028098390818107,-0.028098390818107,0.071926050301895
11.7003583105711,0,-0.00186774348468509,0,11.7003583105711,-0.00186774348468509,-0.00186774348468509,-0.00186774348468509,0.00589871207554302
14.1717804897526,0,0.027255899623745,0,14.1717804897526,0.027255899623745,0.027255899623745,0.027255899623745,0.0438772018708798
10.4916049522311,0,0.0132463173032987,0,10.4916049522311,0.0132463173032987,0.0132463173032987,0.0132463173032987,0.0267192917518445
17.4700053613048,0,-0.0184802916209333,0,17.4700053613048,-0.0184802916209333,-0.0184802916209333,-0.0184802916209333,0.0310328260487528
22.4190143092695,0,-0.000161199703742028,0,22.4190143092695,-0.000161199703742028,-0.000161199703742028,-0.000161199703742028,0.0167230245622351
23.3384346785706,0,0.0173424537425691,0,23.3384346785706,0.0173424537425691,0.0173424537425691,0.0173424537425691,0.0189266195413323
38.8851950923656,0,-0.0332412043876419,0,38.8851950923656,-0.0332412043876419,-0.0332412043876419,-0.0332412043876419,0.0285556564673136
18.868464140174,0,-0.0601138815581494,0,18.868464140174,-0.0601138815581494,-0.0601138815581494,-0.0601138815581494,0.0841243606959225
130.216227665708,0,0.0198117493038606,0,130.216227665708,0.0198117493038606,0.0198117493038606,0.0198117493038606,0.0277236387216602
9.87654480749694,0,-0.0946232449189078,0,9.87654480749694,-0.0946232449189078,-0.0946232449189078,-0.0946232449189078,0.0836731049469832
15.7641037476623,0,0.0452974152246685,0,15.7641037476623,0.0452974152246685,0.0452974152246685,0.0452974152246685,0.0222639606786319
13.2572895170701,0,-0.00547183825283213,0,13.2572895170701,-0.00547183825283213,-0.00547183825283213,-0.00547183825283213,0.0207932850711389
6.18231367632381,0,0.0296324701339503,0,6.18231367632381,0.0296324701339503,0.0296324701339503,0.0296324701339503,0.0435263969486212
8.10146185701589,0,0.0427555806686441,0,8.10146185701589,0.0427555806686441,0.0427555806686441,0.0427555806686441,0.0518433181255775
11.2420027298881,0,-0.0660500012093723,0,11.2420027298881,-0.0660500012093723,-0.0660500012093723,-0.0660500012093723,0.0384705888979592
25.0274800711776,0,-0.0187256249614442,0,25.0274800711776,-0.0187256249614442,-0.0187256249614442,-0.0187256249614442,0.0960019772095373
28.4056044215739,0,-0.0234835133541325,0,28.4056044215739,-0.0234835133541325,-0.0234835133541325,-0.0234835133541325,0.0460235649191708
9.44659083119766,0,-0.0979355343768668,0,9.44659083119766,-0.0979355343768668,-0.0979355343768668,-0.0979355343768668,0.106984919191722
10.6319539160187,0,0.00587821668928426,0,10.6319539160187,0.00587821668928426,0.00587821668928426,0.00587821668928426,0.0434639030773943
23.722803858762,0,0.00435490338959432,0,23.722803858762,0.00435490338959432,0.00435490338959432,0.00435490338959432,0.0172785731987079
NA,NA,NA,NA,NA,NA,NA,NA,NA
14.5501339822123,0,-0.0241508994853178,0,14.5501339822123,-0.0241508994853178,-0.0241508994853178,-0.0241508994853178,0.0112761190742462
6.82559417888738,0,-0.0208488602109932,0,6.82559417888738,-0.0208488602109932,-0.0208488602109932,-0.0208488602109932,0.0626238731585564
7.10118523761685,0,-0.0285278978712163,0,7.10118523761685,-0.0285278978712163,-0.0285278978712163,-0.0285278978712163,0.0595492352872805
8.39406695268219,0,0.0167837864563465,0,8.39406695268219,0.0167837864563465,0.0167837864563465,0.0167837864563465,0.0322473662392579
15.3813680380744,0,-0.0235768509494856,0,15.3813680380744,-0.0235768509494856,-0.0235768509494856,-0.0235768509494856,0.0385600790656454
10.9419857642508,0,-0.0876235523401562,0,10.9419857642508,-0.0876235523401562,-0.0876235523401562,-0.0876235523401562,0.0336377588977628
9.567453602661,0,-0.0130573193727359,0,9.567453602661,-0.0130573193727359,-0.0130573193727359,-0.0130573193727359,0.0264340771076804
9.56764954052794,0,-0.00578932875863998,0,9.56764954052794,-0.00578932875863998,-0.00578932875863998,-0.00578932875863998,0.0288617279537588
9.58796747981615,0,0.00725905880614161,0,9.58796747981615,0.00725905880614161,0.00725905880614161,0.00725905880614161,0.0422687684348916
15.1454884083029,0,0.0687427351592194,0,15.1454884083029,0.0687427351592194,0.0687427351592194,0.0687427351592194,0.0334809714396658
9.72468903389732,0,0.0209196079014141,0,9.72468903389732,0.0209196079014141,0.0209196079014141,0.0209196079014141,0.0473210924820652
14.8412385484711,0,0.00805813747067324,0,14.8412385484711,0.00805813747067324,0.00805813747067324,0.00805813747067324,0.0331399934197975
10.6567948708008,0,0.0203455428827325,0,10.6567948708008,0.0203455428827325,0.0203455428827325,0.0203455428827325,0.0367174068081082
15.83958844307,0,0.0399832495665445,0,15.83958844307,0.0399832495665445,0.0399832495665445,0.0399832495665445,0.0130470310288665
17.7014293147066,0,0.0234372077444364,0,17.7014293147066,0.0234372077444364,0.0234372077444364,0.0234372077444364,0.0323786122878216
16.016217440795,0,-0.00369944404825601,0,16.016217440795,-0.00369944404825601,-0.00369944404825601,-0.00369944404825601,0.0376637682579198
21.1131806593051,0,-0.056056653152879,0,21.1131806593051,-0.056056653152879,-0.056056653152879,-0.056056653152879,0.033465829508006
12.511562118753,0,0.010653794636591,0,12.511562118753,0.010653794636591,0.010653794636591,0.010653794636591,0.0542734571116003
11.3110693140974,0,0.00982781565554414,0,11.3110693140974,0.00982781565554414,0.00982781565554414,0.00982781565554414,0.0152975413868066
19.3344521561619,0,-0.0178892890128142,0,19.3344521561619,-0.0178892890128142,-0.0178892890128142,-0.0178892890128142,0.0322365626104049
12.3671082351961,0,0.0210231372322994,0,12.3671082351961,0.0210231372322994,0.0210231372322994,0.0210231372322994,0.0160828742749283
12.3654554745313,0,-0.0686880413546458,0,12.3654554745313,-0.0686880413546458,-0.0686880413546458,-0.0686880413546458,0.0513325050706189
19.2556223171704,0,0.0285945738844167,0,19.2556223171704,0.0285945738844167,0.0285945738844167,0.0285945738844167,0.0139726523520546
34.7312424253189,0,0.00360906084633839,0,34.7312424253189,0.00360906084633839,0.00360906084633839,0.00360906084633839,0.017575833019559
54.7209102152747,0,0.0196726221291343,0,54.7209102152747,0.0196726221291343,0.0196726221291343,0.0196726221291343,0.0109274670854921
6.44620981534856,0,0.014846298512104,0,6.44620981534856,0.014846298512104,0.014846298512104,0.014846298512104,0.0608105741726415
13.7692792179168,0,0.045315959795906,0,13.7692792179168,0.045315959795906,0.045315959795906,0.045315959795906,0.0576659331255503
11.7030101268542,0,0.0664031592294417,0,11.7030101268542,0.0664031592294417,0.0664031592294417,0.0664031592294417,0.0318702419669784
7.36539602284415,0,-0.0247872150245361,0,7.36539602284415,-0.0247872150245361,-0.0247872150245361,-0.0247872150245361,0.114121672795408
7.17535910443418,0,0.0223584830888584,0,7.17535910443418,0.0223584830888584,0.0223584830888584,0.0223584830888584,0.0787357224553916
10.3934503295043,0,0.0619972167608137,0,10.3934503295043,0.0619972167608137,0.0619972167608137,0.0619972167608137,0.0947975137929517
11.8155784180346,0,0.132399483418963,0,11.8155784180346,0.132399483418963,0.132399483418963,0.132399483418963,0.0684128055131695
10.8363107906744,0,-0.028098390818107,0,10.8363107906744,-0.028098390818107,-0.028098390818107,-0.028098390818107,0.071926050301895
11.7003583105711,0,-0.00186774348468509,0,11.7003583105711,-0.00186774348468509,-0.00186774348468509,-0.00186774348468509,0.00589871207554302
14.1717804897526,0,0.027255899623745,0,14.1717804897526,0.027255899623745,0.027255899623745,0.027255899623745,0.0438772018708798
10.4916049522311,0,0.0132463173032987,0,10.4916049522311,0.0132463173032987,0.0132463173032987,0.0132463173032987,0.0267192917518445
17.4700053613048,0,-0.0184802916209333,0,17.4700053613048,-0.0184802916209333,-0.0184802916209333,-0.0184802916209333,0.0310328260487528
22.4190143092695,0,-0.000161199703742028,0,22.4190143092695,-0.000161199703742028,-0.000161199703742028,-0.000161199703742028,0.0167230245622351
23.3384346785706,0,0.0173424537425691,0,23.3384346785706,0.0173424537425691,0.0173424537425691,0.0173424537425691,0.0189266195413323
38.8851950923656,0,-0.0332412043876419,0,38.8851950923656,-0.0332412043876419,-0.0332412043876419,-0.0332412043876419,0.0285556564673136
18.868464140174,0,-0.0601138815581494,0,18.868464140174,-0.0601138815581494,-0.0601138815581494,-0.0601138815581494,0.0841243606959225
130.216227665708,0,0.0198117493038606,0,130.216227665708,0.0198117493038606,0.0198117493038606,0.0198117493038606,0.0277236387216602
9.87654480749694,0,-0.0946232449189078,0,9.87654480749694,-0.0946232449189078,-0.0946232449189078,-0.0946232449189078,0.0836731049469832
15.7641037476623,0,0.0452974152246685,0,15.7641037476623,0.0452974152246685,0.0452974152246685,0.0452974152246685,0.0222639606786319
13.2572895170701,0,-0.00547183825283213,0,13.2572895170701,-0.00547183825283213,-0.00547183825283213,-0.00547183825283213,0.0207932850711389
6.18231367632381,0,0.0296324701339503,0,6.18231367632381,0.0296324701339503,0.0296324701339503,0.0296324701339503,0.0435263969486212
8.10146185701589,0,0.0427555806686441,0,8.10146185701589,0.0427555806686441,0.0427555806686441,0.0427555806686441,0.0518433181255775
11.2420027298881,0,-0.0660500012093723,0,11.2420027298881,-0.0660500012093723,-0.0660500012093723,-0.0660500012093723,0.0384705888979592
25.0274800711776,0,-0.0187256249614442,0,25.0274800711776,-0.0187256249614442,-0.0187256249614442,-0.0187256249614442,0.0960019772095373
28.4056044215739,0,-0.0234835133541325,0,28.4056044215739,-0.0234835133541325,-0.0234835133541325,-0.0234835133541325,0.0460235649191708
9.44659083119766,0,-0.0979355343768668,0,9.44659083119766,-0.0979355343768668,-0.0979355343768668,-0.0979355343768668,0.106984919191722
10.6319539160187,0,0.00587821668928426,0,10.6319539160187,0.00587821668928426,0.00587821668928426,0.00587821668928426,0.0434639030773943
23.722803858762,0,0.00435490338959432,0,23.722803858762,0.00435490338959432,0.00435490338959432,0.00435490338959432,0.0172785731987079
NA,NA,NA,NA,NA,NA,NA,NA,NA
14.5501339822123,0,-0.0241508994853178,0,14.5501339822123,-0.0241508994853178,-0.0241508994853178,-0.0241508994853178,0.0112761190742462
6.82559417888738,0,-0.0208488602109932,0,6.82559417888738,-0.0208488602109932,-0.0208488602109932,-0.0208488602109932,0.0626238731585564
7.10118523761685,0,-0.0285278978712163,0,7.10118523761685,-0.0285278978712163,-0.0285278978712163,-0.0285278978712163,0.0595492352872805
8.39406695268219,0,0.0167837864563465,0,8.39406695268219,0.0167837864563465,0.0167837864563465,0.0167837864563465,0.0322473662392579
15.3813680380744,0,-0.0235768509494856,0,15.3813680380744,-0.0235768509494856,-0.0235768509494856,-0.0235768509494856,0.0385600790656454
10.9419857642508,0,-0.0876235523401562,0,10.9419857642508,-0.0876235523401562,-0.0876235523401562,-0.0876235523401562,0.0336377588977628
9.567453602661,0,-0.0130573193727359,0,9.567453602661,-0.0130573193727359,-0.0130573193727359,-0.0130573193727359,0.0264340771076804
9.56764954052794,0,-0.00578932875863998,0,9.56764954052794,-0.00578932875863998,-0.00578932875863998,-0.00578932875863998,0.0288617279537588
9.58796747981615,0,0.00725905880614161,0,9.58796747981615,0.00725905880614161,0.00725905880614161,0.00725905880614161,0.0422687684348916
15.1454884083029,0,0.0687427351592194,0,15.1454884083029,0.0687427351592194,0.0687427351592194,0.0687427351592194,0.0334809714396658
9.72468903389732,0,0.0209196079014141,0,9.72468903389732,0.0209196079014141,0.0209196079014141,0.0209196079014141,0.0473210924820652
14.8412385484711,0,0.00805813747067324,0,14.8412385484711,0.00805813747067324,0.00805813747067324,0.00805813747067324,0.0331399934197975
10.6567948708008,0,0.0203455428827325,0,10.6567948708008,0.0203455428827325,0.0203455428827325,0.0203455428827325,0.0367174068081082
15.83958844307,0,0.0399832495665445,0,15.83958844307,0.0399832495665445,0.0399832495665445,0.0399832495665445,0.0130470310288665
17.7014293147066,0,0.0234372077444364,0,17.7014293147066,0.0234372077444364,0.0234372077444364,0.0234372077444364,0.0323786122878216
16.016217440795,0,-0.00369944404825601,0,16.016217440795,-0.00369944404825601,-0.00369944404825601,-0.00369944404825601,0.0376637682579198
21.1131806593051,0,-0.056056653152879,0,21.1131806593051,-0.056056653152879,-0.056056653152879,-0.056056653152879,0.033465829508006
12.511562118753,0,0.010653794636591,0,12.511562118753,0.010653794636591,0.010653794636591,0.010653794636591,0.0542734571116003
11.3110693140974,0,0.00982781565554414,0,11.3110693140974,0.00982781565554414,0.00982781565554414,0.00982781565554414,0.0152975413868066
19.3344521561619,0,-0.0178892890128142,0,19.3344521561619,-0.0178892890128142,-0.0178892890128142,-0.0178892890128142,0.0322365626104049
12.3671082351961,0,0.0210231372322994,0,12.3671082351961,0.0210231372322994,0.0210231372322994,0.0210231372322994,0.0160828742749283
12.3654554745313,0,-0.0686880413546458,0,12.3654554745313,-0.0686880413546458,-0.0686880413546458,-0.0686880413546458,0.0513325050706189
19.2556223171704,0,0.0285945738844167,0,19.2556223171704,0.0285945738844167,0.0285945738844167,0.0285945738844167,0.0139726523520546
34.7312424253189,0,0.00360906084633839,0,34.7312424253189,0.00360906084633839,0.00360906084633839,0.00360906084633839,0.017575833019559
54.7209102152747,0,0.0196726221291343,0,54.7209102152747,0.0196726221291343,0.0196726221291343,0.0196726221291343,0.0109274670854921
6.44620981534856,0,0.014846298512104,0,6.44620981534856,0.014846298512104,0.014846298512104,0.014846298512104,0.0608105741726415
13.7692792179168,0,0.045315959795906,0,13.7692792179168,0.045315959795906,0.045315959795906,0.045315959795906,0.0576659331255503
11.7030101268542,0,0.0664031592294417,0,11.7030101268542,0.0664031592294417,0.0664031592294417,0.0664031592294417,0.0318702419669784
7.36539602284415,0,-0.0247872150245361,0,7.36539602284415,-0.0247872150245361,-0.0247872150245361,-0.0247872150245361,0.114121672795408
7.17535910443418,0,0.0223584830888584,0,7.17535910443418,0.0223584830888584,0.0223584830888584,0.0223584830888584,0.0787357224553916
10.3934503295043,0,0.0619972167608137,0,10.3934503295043,0.0619972167608137,0.0619972167608137,0.0619972167608137,0.0947975137929517
11.8155784180346,0,0.132399483418963,0,11.8155784180346,0.132399483418963,0.132399483418963,0.132399483418963,0.0684128055131695
10.8363107906744,0,-0.028098390818107,0,10.8363107906744,-0.028098390818107,-0.028098390818107,-0.028098390818107,0.071926050301895
11.7003583105711,0,-0.00186774348468509,0,11.7003583105711,-0.00186774348468509,-0.00186774348468509,-0.00186774348468509,0.00589871207554302
14.1717804897526,0,0.027255899623745,0,14.1717804897526,0.027255899623745,0.027255899623745,0.027255899623745,0.0438772018708798
10.4916049522311,0,0.0132463173032987,0,10.4916049522311,0.0132463173032987,0.0132463173032987,0.0132463173032987,0.0267192917518445
17.4700053613048,0,-0.0184802916209333,0,17.4700053613048,-0.0184802916209333,-0.0184802916209333,-0.0184802916209333,0.0310328260487528
22.4190143092695,0,-0.000161199703742028,0,22.4190143092695,-0.000161199703742028,-0.000161199703742028,-0.000161199703742028,0.0167230245622351
23.3384346785706,0,0.0173424537425691,0,23.3384346785706,0.0173424537425691,0.0173424537425691,0.0173424537425691,0.0189266195413323
38.8851950923656,0,-0.0332412043876419,0,38.8851950923656,-0.0332412043876419,-0.0332412043876419,-0.0332412043876419,0.0285556564673136
18.868464140174,0,-0.0601138815581494,0,18.868464140174,-0.0601138815581494,-0.0601138815581494,-0.0601138815581494,0.0841243606959225
130.216227665708,0,0.0198117493038606,0,130.216227665708,0.0198117493038606,0.0198117493038606,0.0198117493038606,0.0277236387216602
9.87654480749694,0,-0.0946232449189078,0,9.87654480749694,-0.0946232449189078,-0.0946232449189078,-0.0946232449189078,0.0836731049469832
15.7641037476623,0,0.0452974152246685,0,15.7641037476623,0.0452974152246685,0.0452974152246685,0.0452974152246685,0.0222639606786319
13.2572895170701,0,-0.00547183825283213,0,13.2572895170701,-0.00547183825283213,-0.00547183825283213,-0.00547183825283213,0.0207932850711389
6.18231367632381,0,0.0296324701339503,0,6.18231367632381,0.0296324701339503,0.0296324701339503,0.0296324701339503,0.0435263969486212
8.10146185701589,0,0.0427555806686441,0,8.10146185701589,0.0427555806686441,0.0427555806686441,0.0427555806686441,0.0518433181255775
11.2420027298881,0,-0.0660500012093723,0,11.2420027298881,-0.0660500012093723,-0.0660500012093723,-0.0660500012093723,0.0384705888979592
25.0274800711776,0,-0.0187256249614442,0,25.0274800711776,-0.0187256249614442,-0.0187256249614442,-0.0187256249614442,0.0960019772095373
28.4056044215739,0,-0.0234835133541325,0,28.4056044215739,-0.0234835133541325,-0.0234835133541325,-0.0234835133541325,0.0460235649191708
9.44659083119766,0,-0.0979355343768668,0,9.44659083119766,-0.0979355343768668,-0.0979355343768668,-0.0979355343768668,0.106984919191722
10.6319539160187,0,0.00587821668928426,0,10.6319539160187,0.00587821668928426,0.00587821668928426,0.00587821668928426,0.0434639030773943
23.722803858762,0,0.00435490338959432,0,23.722803858762,0.00435490338959432,0.00435490338959432,0.00435490338959432,0.0172785731987079
NA,NA,NA,NA,NA,NA,NA,NA,NA
14.5501339822123,0,-0.0241508994853178,0,14.5501339822123,-0.0241508994853178,-0.0241508994853178,-0.0241508994853178,0.0112761190742462
6.82559417888738,0,-0.0208488602109932,0,6.82559417888738,-0.0208488602109932,-0.0208488602109932,-0.0208488602109932,0.0626238731585564
7.10118523761685,0,-0.0285278978712163,0,7.10118523761685,-0.0285278978712163,-0.0285278978712163,-0.0285278978712163,0.0595492352872805
8.39406695268219,0,0.0167837864563465,0,8.39406695268219,0.0167837864563465,0.0167837864563465,0.0167837864563465,0.0322473662392579
15.3813680380744,0,-0.0235768509494856,0,15.3813680380744,-0.0235768509494856,-0.0235768509494856,-0.0235768509494856,0.0385600790656454
10.9419857642508,0,-0.0876235523401562,0,10.9419857642508,-0.0876235523401562,-0.0876235523401562,-0.0876235523401562,0.0336377588977628
9.567453602661,0,-0.0130573193727359,0,9.567453602661,-0.0130573193727359,-0.0130573193727359,-0.0130573193727359,0.0264340771076804
9.56764954052794,0,-0.00578932875863998,0,9.56764954052794,-0.00578932875863998,-0.00578932875863998,-0.00578932875863998,0.0288617279537588
9.58796747981615,0,0.00725905880614161,0,9.58796747981615,0.00725905880614161,0.00725905880614161,0.00725905880614161,0.0422687684348916
15.1454884083029,0,0.0687427351592194,0,15.1454884083029,0.0687427351592194,0.0687427351592194,0.0687427351592194,0.0334809714396658
9.72468903389732,0,0.0209196079014141,0,9.72468903389732,0.0209196079014141,0.0209196079014141,0.0209196079014141,0.0473210924820652
14.8412385484711,0,0.00805813747067324,0,14.8412385484711,0.00805813747067324,0.00805813747067324,0.00805813747067324,0.0331399934197975
10.6567948708008,0,0.0203455428827325,0,10.6567948708008,0.0203455428827325,0.0203455428827325,0.0203455428827325,0.0367174068081082
15.83958844307,0,0.0399832495665445,0,15.83958844307,0.0399832495665445,0.0399832495665445,0.0399832495665445,0.0130470310288665
17.7014293147066,0,0.0234372077444364,0,17.7014293147066,0.0234372077444364,0.0234372077444364,0.0234372077444364,0.0323786122878216
16.016217440795,0,-0.00369944404825601,0,16.016217440795,-0.00369944404825601,-0.00369944404825601,-0.00369944404825601,0.0376637682579198
21.1131806593051,0,-0.056056653152879,0,21.1131806593051,-0.056056653152879,-0.056056653152879,-0.056056653152879,0.033465829508006
12.511562118753,0,0.010653794636591,0,12.511562118753,0.010653794636591,0.010653794636591,0.010653794636591,0.0542734571116003
11.3110693140974,0,0.00982781565554414,0,11.3110693140974,0.00982781565554414,0.00982781565554414,0.00982781565554414,0.0152975413868066
19.3344521561619,0,-0.0178892890128142,0,19.3344521561619,-0.0178892890128142,-0.0178892890128142,-0.0178892890128142,0.0322365626104049
12.3671082351961,0,0.0210231372322994,0,12.3671082351961,0.0210231372322994,0.0210231372322994,0.0210231372322994,0.0160828742749283
12.3654554745313,0,-0.0686880413546458,0,12.3654554745313,-0.0686880413546458,-0.0686880413546458,-0.0686880413546458,0.0513325050706189
19.2556223171704,0,0.0285945738844167,0,19.2556223171704,0.0285945738844167,0.0285945738844167,0.0285945738844167,0.0139726523520546
34.7312424253189,0,0.00360906084633839,0,34.7312424253189,0.00360906084633839,0.00360906084633839,0.00360906084633839,0.017575833019559
54.7209102152747,0,0.0196726221291343,0,54.7209102152747,0.0196726221291343,0.0196726221291343,0.0196726221291343,0.0109274670854921
6.44620981534856,0,0.014846298512104,0,6.44620981534856,0.014846298512104,0.014846298512104,0.014846298512104,0.0608105741726415
13.7692792179168,0,0.045315959795906,0,13.7692792179168,0.045315959795906,0.045315959795906,0.045315959795906,0.0576659331255503
11.7030101268542,0,0.0664031592294417,0,11.7030101268542,0.0664031592294417,0.0664031592294417,0.0664031592294417,0.0318702419669784
7.36539602284415,0,-0.0247872150245361,0,7.36539602284415,-0.0247872150245361,-0.0247872150245361,-0.0247872150245361,0.114121672795408
7.17535910443418,0,0.0223584830888584,0,7.17535910443418,0.0223584830888584,0.0223584830888584,0.0223584830888584,0.0787357224553916
10.3934503295043,0,0.0619972167608137,0,10.3934503295043,0.0619972167608137,0.0619972167608137,0.0619972167608137,0.0947975137929517
11.8155784180346,0,0.132399483418963,0,11.8155784180346,0.132399483418963,0.132399483418963,0.132399483418963,0.0684128055131695
10.8363107906744,0,-0.028098390818107,0,10.8363107906744,-0.028098390818107,-0.028098390818107,-0.028098390818107,0.071926050301895
11.7003583105711,0,-0.00186774348468509,0,11.7003583105711,-0.00186774348468509,-0.00186774348468509,-0.00186774348468509,0.00589871207554302
14.1717804897526,0,0.027255899623745,0,14.1717804897526,0.027255899623745,0.027255899623745,0.027255899623745,0.0438772018708798
10.4916049522311,0,0.0132463173032987,0,10.4916049522311,0.0132463173032987,0.0132463173032987,0.0132463173032987,0.0267192917518445
17.4700053613048,0,-0.0184802916209333,0,17.4700053613048,-0.0184802916209333,-0.0184802916209333,-0.0184802916209333,0.0310328260487528
22.4190143092695,0,-0.000161199703742028,0,22.4190143092695,-0.000161199703742028,-0.000161199703742028,-0.000161199703742028,0.0167230245622351
23.3384346785706,0,0.0173424537425691,0,23.3384346785706,0.0173424537425691,0.0173424537425691,0.0173424537425691,0.0189266195413323
38.8851950923656,0,-0.0332412043876419,0,38.8851950923656,-0.0332412043876419,-0.0332412043876419,-0.0332412043876419,0.0285556564673136
18.868464140174,0,-0.0601138815581494,0,18.868464140174,-0.0601138815581494,-0.0601138815581494,-0.0601138815581494,0.0841243606959225
130.216227665708,0,0.0198117493038606,0,130.216227665708,0.0198117493038606,0.0198117493038606,0.0198117493038606,0.0277236387216602
9.87654480749694,0,-0.0946232449189078,0,9.87654480749694,-0.0946232449189078,-0.0946232449189078,-0.0946232449189078,0.0836731049469832
15.7641037476623,0,0.0452974152246685,0,15.7641037476623,0.0452974152246685,0.0452974152246685,0.0452974152246685,0.0222639606786319
13.2572895170701,0,-0.00547183825283213,0,13.2572895170701,-0.00547183825283213,-0.00547183825283213,-0.00547183825283213,0.0207932850711389
6.18231367632381,0,0.0296324701339503,0,6.18231367632381,0.0296324701339503,0.0296324701339503,0.0296324701339503,0.0435263969486212
8.10146185701589,0,0.0427555806686441,0,8.10146185701589,0.0427555806686441,0.0427555806686441,0.0427555806686441,0.0518433181255775
11.2420027298881,0,-0.0660500012093723,0,11.2420027298881,-0.0660500012093723,-0.0660500012093723,-0.0660500012093723,0.0384705888979592
25.0274800711776,0,-0.0187256249614442,0,25.0274800711776,-0.0187256249614442,-0.0187256249614442,-0.0187256249614442,0.0960019772095373
28.4056044215739,0,-0.0234835133541325,0,28.4056044215739,-0.0234835133541325,-0.0234835133541325,-0.0234835133541325,0.0460235649191708
9.44659083119766,0,-0.0979355343768668,0,9.44659083119766,-0.0979355343768668,-0.0979355343768668,-0.0979355343768668,0.106984919191722
10.6319539160187,0,0.00587821668928426,0,10.6319539160187,0.00587821668928426,0.00587821668928426,0.00587821668928426,0.0434639030773943
23.722803858762,0,0.00435490338959432,0,23.722803858762,0.00435490338959432,0.00435490338959432,0.00435490338959432,0.0172785731987079
NA,NA,NA,NA,NA,NA,NA,NA,NA
14.5501339822123,0,-0.0241508994853178,0,14.5501339822123,-0.0241508994853178,-0.0241508994853178,-0.0241508994853178,0.0112761190742462
6.82559417888738,0,-0.0208488602109932,0,6.82559417888738,-0.0208488602109932,-0.0208488602109932,-0.0208488602109932,0.0626238731585564
7.10118523761685,0,-0.0285278978712163,0,7.10118523761685,-0.0285278978712163,-0.0285278978712163,-0.0285278978712163,0.0595492352872805
8.39406695268219,0,0.0167837864563465,0,8.39406695268219,0.0167837864563465,0.0167837864563465,0.0167837864563465,0.0322473662392579
15.3813680380744,0,-0.0235768509494856,0,15.3813680380744,-0.0235768509494856,-0.0235768509494856,-0.0235768509494856,0.0385600790656454
10.9419857642508,0,-0.0876235523401562,0,10.9419857642508,-0.0876235523401562,-0.0876235523401562,-0.0876235523401562,0.0336377588977628
9.567453602661,0,-0.0130573193727359,0,9.567453602661,-0.0130573193727359,-0.0130573193727359,-0.0130573193727359,0.0264340771076804
9.56764954052794,0,-0.00578932875863998,0,9.56764954052794,-0.00578932875863998,-0.00578932875863998,-0.00578932875863998,0.0288617279537588
9.58796747981615,0,0.00725905880614161,0,9.58796747981615,0.00725905880614161,0.00725905880614161,0.00725905880614161,0.0422687684348916
15.1454884083029,0,0.0687427351592194,0,15.1454884083029,0.0687427351592194,0.0687427351592194,0.0687427351592194,0.0334809714396658
9.72468903389732,0,0.0209196079014141,0,9.72468903389732,0.0209196079014141,0.0209196079014141,0.0209196079014141,0.0473210924820652
14.8412385484711,0,0.00805813747067324,0,14.8412385484711,0.00805813747067324,0.00805813747067324,0.00805813747067324,0.0331399934197975
10.6567948708008,0,0.0203455428827325,0,10.6567948708008,0.0203455428827325,0.0203455428827325,0.0203455428827325,0.0367174068081082
15.83958844307,0,0.0399832495665445,0,15.83958844307,0.0399832495665445,0.0399832495665445,0.0399832495665445,0.0130470310288665
17.7014293147066,0,0.0234372077444364,0,17.7014293147066,0.0234372077444364,0.0234372077444364,0.0234372077444364,0.0323786122878216
16.016217440795,0,-0.00369944404825601,0,16.016217440795,-0.00369944404825601,-0.00369944404825601,-0.00369944404825601,0.0376637682579198
21.1131806593051,0,-0.056056653152879,0,21.1131806593051,-0.056056653152879,-0.056056653152879,-0.056056653152879,0.033465829508006
12.511562118753,0,0.010653794636591,0,12.511562118753,0.010653794636591,0.010653794636591,0.010653794636591,0.0542734571116003
11.3110693140974,0,0.00982781565554414,0,11.3110693140974,0.00982781565554414,0.00982781565554414,0.00982781565554414,0.0152975413868066
19.3344521561619,0,-0.0178892890128142,0,19.3344521561619,-0.0178892890128142,-0.0178892890128142,-0.0178892890128142,0.0322365626104049
12.3671082351961,0,0.0210231372322994,0,12.3671082351961,0.0210231372322994,0.0210231372322994,0.0210231372322994,0.0160828742749283
12.3654554745313,0,-0.0686880413546458,0,12.3654554745313,-0.0686880413546458,-0.0686880413546458,-0.0686880413546458,0.0513325050706189
19.2556223171704,0,0.0285945738844167,0,19.2556223171704,0.0285945738844167,0.0285945738844167,0.0285945738844167,0.0139726523520546
34.7312424253189,0,0.00360906084633839,0,34.7312424253189,0.00360906084633839,0.00360906084633839,0.00360906084633839,0.017575833019559
54.7209102152747,0,0.0196726221291343,0,54.7209102152747,0.0196726221291343,0.0196726221291343,0.0196726221291343,0.0109274670854921
6.44620981534856,0,0.014846298512104,0,6.44620981534856,0.014846298512104,0.014846298512104,0.014846298512104,0.0608105741726415
13.7692792179168,0,0.045315959795906,0,13.7692792179168,0.045315959795906,0.045315959795906,0.045315959795906,0.0576659331255503
11.7030101268542,0,0.0664031592294417,0,11.7030101268542,0.0664031592294417,0.0664031592294417,0.0664031592294417,0.0318702419669784
7.36539602284415,0,-0.0247872150245361,0,7.36539602284415,-0.0247872150245361,-0.0247872150245361,-0.0247872150245361,0.114121672795408
7.17535910443418,0,0.0223584830888584,0,7.17535910443418,0.0223584830888584,0.0223584830888584,0.0223584830888584,0.0787357224553916
10.3934503295043,0,0.0619972167608137,0,10.3934503295043,0.0619972167608137,0.0619972167608137,0.0619972167608137,0.0947975137929517
11.8155784180346,0,0.132399483418963,0,11.8155784180346,0.132399483418963,0.132399483418963,0.132399483418963,0.0684128055131695
10.8363107906744,0,-0.028098390818107,0,10.8363107906744,-0.028098390818107,-0.028098390818107,-0.028098390818107,0.071926050301895
11.7003583105711,0,-0.00186774348468509,0,11.7003583105711,-0.00186774348468509,-0.00186774348468509,-0.00186774348468509,0.00589871207554302
14.1717804897526,0,0.027255899623745,0,14.1717804897526,0.027255899623745,0.027255899623745,0.027255899623745,0.0438772018708798
10.4916049522311,0,0.0132463173032987,0,10.4916049522311,0.0132463173032987,0.0132463173032987,0.0132463173032987,0.0267192917518445
12.822729428325,0,-0.0874609227257811,0,12.822729428325,-0.0874609227257811,-0.0874609227257811,-0.0874609227257811,0.0547141742785602
22.4190143092695,0,-0.000161199703742028,0,22.4190143092695,-0.000161199703742028,-0.000161199703742028,-0.000161199703742028,0.0167230245622351
23.3384346785706,0,0.0173424537425691,0,23.3384346785706,0.0173424537425691,0.0173424537425691,0.0173424537425691,0.0189266195413323
38.8851950923656,0,-0.0332412043876419,0,38.8851950923656,-0.0332412043876419,-0.0332412043876419,-0.0332412043876419,0.0285556564673136
18.868464140174,0,-0.0601138815581494,0,18.868464140174,-0.0601138815581494,-0.0601138815581494,-0.0601138815581494,0.0841243606959225
130.216227665708,0,0.0198117493038606,0,130.216227665708,0.0198117493038606,0.0198117493038606,0.0198117493038606,0.0277236387216602
9.87654480749694,0,-0.0946232449189078,0,9.87654480749694,-0.0946232449189078,-0.0946232449189078,-0.0946232449189078,0.0836731049469832
15.7641037476623,0,0.0452974152246685,0,15.7641037476623,0.0452974152246685,0.0452974152246685,0.0452974152246685,0.0222639606786319
13.2572895170701,0,-0.00547183825283213,0,13.2572895170701,-0.00547183825283213,-0.00547183825283213,-0.00547183825283213,0.0207932850711389
6.18231367632381,0,0.0296324701339503,0,6.18231367632381,0.0296324701339503,0.0296324701339503,0.0296324701339503,0.0435263969486212
8.10146185701589,0,0.0427555806686441,0,8.10146185701589,0.0427555806686441,0.0427555806686441,0.0427555806686441,0.0518433181255775
11.2420027298881,0,-0.0660500012093723,0,11.2420027298881,-0.0660500012093723,-0.0660500012093723,-0.0660500012093723,0.0384705888979592
25.0274800711776,0,-0.0187256249614442,0,25.0274800711776,-0.0187256249614442,-0.0187256249614442,-0.0187256249614442,0.0960019772095373
28.4056044215739,0,-0.0234835133541325,0,28.4056044215739,-0.0234835133541325,-0.0234835133541325,-0.0234835133541325,0.0460235649191708
9.44659083119766,0,-0.0979355343768668,0,9.44659083119766,-0.0979355343768668,-0.0979355343768668,-0.0979355343768668,0.106984919191722
10.6319539160187,0,0.00587821668928426,0,10.6319539160187,0.00587821668928426,0.00587821668928426,0.00587821668928426,0.0434639030773943
23.722803858762,0,0.00435490338959432,0,23.722803858762,0.00435490338959432,0.00435490338959432,0.00435490338959432,0.0172785731987079
NA,NA,NA,NA,NA,NA,NA,NA,NA
14.5501339822123,0,-0.0241508994853178,0,14.5501339822123,-0.0241508994853178,-0.0241508994853178,-0.0241508994853178,0.0112761190742462
6.82559417888738,0,-0.0208488602109932,0,6.82559417888738,-0.0208488602109932,-0.0208488602109932,-0.0208488602109932,0.0626238731585564
7.10118523761685,0,-0.0285278978712163,0,7.10118523761685,-0.0285278978712163,-0.0285278978712163,-0.0285278978712163,0.0595492352872805
8.39406695268219,0,0.0167837864563465,0,8.39406695268219,0.0167837864563465,0.0167837864563465,0.0167837864563465,0.0322473662392579
15.3813680380744,0,-0.0235768509494856,0,15.3813680380744,-0.0235768509494856,-0.0235768509494856,-0.0235768509494856,0.0385600790656454
10.9419857642508,0,-0.0876235523401562,0,10.9419857642508,-0.0876235523401562,-0.0876235523401562,-0.0876235523401562,0.0336377588977628
9.567453602661,0,-0.0130573193727359,0,9.567453602661,-0.0130573193727359,-0.0130573193727359,-0.0130573193727359,0.0264340771076804
9.56764954052794,0,-0.00578932875863998,0,9.56764954052794,-0.00578932875863998,-0.00578932875863998,-0.00578932875863998,0.0288617279537588
9.58796747981615,0,0.00725905880614161,0,9.58796747981615,0.00725905880614161,0.00725905880614161,0.00725905880614161,0.0422687684348916
15.1454884083029,0,0.0687427351592194,0,15.1454884083029,0.0687427351592194,0.0687427351592194,0.0687427351592194,0.0334809714396658
9.72468903389732,0,0.0209196079014141,0,9.72468903389732,0.0209196079014141,0.0209196079014141,0.0209196079014141,0.0473210924820652
14.8412385484711,0,0.00805813747067324,0,14.8412385484711,0.00805813747067324,0.00805813747067324,0.00805813747067324,0.0331399934197975
10.6567948708008,0,0.0203455428827325,0,10.6567948708008,0.0203455428827325,0.0203455428827325,0.0203455428827325,0.0367174068081082
15.83958844307,0,0.0399832495665445,0,15.83958844307,0.0399832495665445,0.0399832495665445,0.0399832495665445,0.0130470310288665
17.7014293147066,0,0.0234372077444364,0,17.7014293147066,0.0234372077444364,0.0234372077444364,0.0234372077444364,0.0323786122878216
16.016217440795,0,-0.00369944404825601,0,16.016217440795,-0.00369944404825601,-0.00369944404825601,-0.00369944404825601,0.0376637682579198
21.1131806593051,0,-0.056056653152879,0,21.1131806593051,-0.056056653152879,-0.056056653152879,-0.056056653152879,0.033465829508006
12.511562118753,0,0.010653794636591,0,12.511562118753,0.010653794636591,0.010653794636591,0.010653794636591,0.0542734571116003
11.3110693140974,0,0.00982781565554414,0,11.3110693140974,0.00982781565554414,0.00982781565554414,0.00982781565554414,0.0152975413868066
19.3344521561619,0,-0.0178892890128142,0,19.3344521561619,-0.0178892890128142,-0.0178892890128142,-0.0178892890128142,0.0322365626104049
12.3671082351961,0,0.0210231372322994,0,12.3671082351961,0.0210231372322994,0.0210231372322994,0.0210231372322994,0.0160828742749283
12.3654554745313,0,-0.0686880413546458,0,12.3654554745313,-0.0686880413546458,-0.0686880413546458,-0.0686880413546458,0.0513325050706189
19.2556223171704,0,0.0285945738844167,0,19.2556223171704,0.0285945738844167,0.0285945738844167,0.0285945738844167,0.0139726523520546
34.7312424253189,0,0.00360906084633839,0,34.7312424253189,0.00360906084633839,0.00360906084633839,0.00360906084633839,0.017575833019559
54.7209102152747,0,0.0196726221291343,0,54.7209102152747,0.0196726221291343,0.0196726221291343,0.0196726221291343,0.0109274670854921
6.44620981534856,0,0.014846298512104,0,6.44620981534856,0.014846298512104,0.014846298512104,0.014846298512104,0.0608105741726415
13.7692792179168,0,0.045315959795906,0,13.7692792179168,0.045315959795906,0.045315959795906,0.045315959795906,0.0576659331255503
11.7030101268542,0,0.0664031592294417,0,11.7030101268542,0.0664031592294417,0.0664031592294417,0.0664031592294417,0.0318702419669784
7.36539602284415,0,-0.0247872150245361,0,7.36539602284415,-0.0247872150245361,-0.0247872150245361,-0.0247872150245361,0.114121672795408
7.17535910443418,0,0.0223584830888584,0,7.17535910443418,0.0223584830888584,0.0223584830888584,0.0223584830888584,0.0787357224553916
10.3934503295043,0,0.0619972167608137,0,10.3934503295043,0.0619972167608137,0.0619972167608137,0.0619972167608137,0.0947975137929517
9.91582404867797,0,0.0309876717303524,0,9.91582404867797,0.0309876717303524,0.0309876717303524,0.0309876717303524,0.0451625890038092
10.8363107906744,0,-0.028098390818107,0,10.8363107906744,-0.028098390818107,-0.028098390818107,-0.028098390818107,0.071926050301895
11.7003583105711,0,-0.00186774348468509,0,11.7003583105711,-0.00186774348468509,-0.00186774348468509,-0.00186774348468509,0.00589871207554302
14.1717804897526,0,0.027255899623745,0,14.1717804897526,0.027255899623745,0.027255899623745,0.027255899623745,0.0438772018708798
10.4916049522311,0,0.0132463173032987,0,10.4916049522311,0.0132463173032987,0.0132463173032987,0.0132463173032987,0.0267192917518445
12.822729428325,0,-0.0874609227257811,0,12.822729428325,-0.0874609227257811,-0.0874609227257811,-0.0874609227257811,0.0547141742785602
22.4190143092695,0,-0.000161199703742028,0,22.4190143092695,-0.000161199703742028,-0.000161199703742028,-0.000161199703742028,0.0167230245622351
23.3384346785706,0,0.0173424537425691,0,23.3384346785706,0.0173424537425691,0.0173424537425691,0.0173424537425691,0.0189266195413323
38.8851950923656,0,-0.0332412043876419,0,38.8851950923656,-0.0332412043876419,-0.0332412043876419,-0.0332412043876419,0.0285556564673136
18.868464140174,0,-0.0601138815581494,0,18.868464140174,-0.0601138815581494,-0.0601138815581494,-0.0601138815581494,0.0841243606959225
130.216227665708,0,0.0198117493038606,0,130.216227665708,0.0198117493038606,0.0198117493038606,0.0198117493038606,0.0277236387216602
9.87654480749694,0,-0.0946232449189078,0,9.87654480749694,-0.0946232449189078,-0.0946232449189078,-0.0946232449189078,0.0836731049469832
15.7641037476623,0,0.0452974152246685,0,15.7641037476623,0.0452974152246685,0.0452974152246685,0.0452974152246685,0.0222639606786319
13.2572895170701,0,-0.00547183825283213,0,13.2572895170701,-0.00547183825283213,-0.00547183825283213,-0.00547183825283213,0.0207932850711389
6.18231367632381,0,0.0296324701339503,0,6.18231367632381,0.0296324701339503,0.0296324701339503,0.0296324701339503,0.0435263969486212
8.10146185701589,0,0.0427555806686441,0,8.10146185701589,0.0427555806686441,0.0427555806686441,0.0427555806686441,0.0518433181255775
11.2420027298881,0,-0.0660500012093723,0,11.2420027298881,-0.0660500012093723,-0.0660500012093723,-0.0660500012093723,0.0384705888979592
25.0274800711776,0,-0.0187256249614442,0,25.0274800711776,-0.0187256249614442,-0.0187256249614442,-0.0187256249614442,0.0960019772095373
28.4056044215739,0,-0.0234835133541325,0,28.4056044215739,-0.0234835133541325,-0.0234835133541325,-0.0234835133541325,0.0460235649191708
9.44659083119766,0,-0.0979355343768668,0,9.44659083119766,-0.0979355343768668,-0.0979355343768668,-0.0979355343768668,0.106984919191722
10.6319539160187,0,0.00587821668928426,0,10.6319539160187,0.00587821668928426,0.00587821668928426,0.00587821668928426,0.0434639030773943
23.722803858762,0,0.00435490338959432,0,23.722803858762,0.00435490338959432,0.00435490338959432,0.00435490338959432,0.0172785731987079
11.8155784180346,0,0.132399483418963,0,11.8155784180346,0.132399483418963,0.132399483418963,0.132399483418963,0.0684128055131695
NA,NA,NA,NA,NA,NA,NA,NA,NA
14.5501339822123,0,-0.0241508994853178,0,14.5501339822123,-0.0241508994853178,-0.0241508994853178,-0.0241508994853178,0.0112761190742462
6.82559417888738,0,-0.0208488602109932,0,6.82559417888738,-0.0208488602109932,-0.0208488602109932,-0.0208488602109932,0.0626238731585564
7.10118523761685,0,-0.0285278978712163,0,7.10118523761685,-0.0285278978712163,-0.0285278978712163,-0.0285278978712163,0.0595492352872805
8.39406695268219,0,0.0167837864563465,0,8.39406695268219,0.0167837864563465,0.0167837864563465,0.0167837864563465,0.0322473662392579
15.3813680380744,0,-0.0235768509494856,0,15.3813680380744,-0.0235768509494856,-0.0235768509494856,-0.0235768509494856,0.0385600790656454
10.9419857642508,0,-0.0876235523401562,0,10.9419857642508,-0.0876235523401562,-0.0876235523401562,-0.0876235523401562,0.0336377588977628
9.567453602661,0,-0.0130573193727359,0,9.567453602661,-0.0130573193727359,-0.0130573193727359,-0.0130573193727359,0.0264340771076804
9.56764954052794,0,-0.00578932875863998,0,9.56764954052794,-0.00578932875863998,-0.00578932875863998,-0.00578932875863998,0.0288617279537588
9.58796747981615,0,0.00725905880614161,0,9.58796747981615,0.00725905880614161,0.00725905880614161,0.00725905880614161,0.0422687684348916
15.1454884083029,0,0.0687427351592194,0,15.1454884083029,0.0687427351592194,0.0687427351592194,0.0687427351592194,0.0334809714396658
9.72468903389732,0,0.0209196079014141,0,9.72468903389732,0.0209196079014141,0.0209196079014141,0.0209196079014141,0.0473210924820652
14.8412385484711,0,0.00805813747067324,0,14.8412385484711,0.00805813747067324,0.00805813747067324,0.00805813747067324,0.0331399934197975
10.6567948708008,0,0.0203455428827325,0,10.6567948708008,0.0203455428827325,0.0203455428827325,0.0203455428827325,0.0367174068081082
15.83958844307,0,0.0399832495665445,0,15.83958844307,0.0399832495665445,0.0399832495665445,0.0399832495665445,0.0130470310288665
17.7014293147066,0,0.0234372077444364,0,17.7014293147066,0.0234372077444364,0.0234372077444364,0.0234372077444364,0.0323786122878216
16.016217440795,0,-0.00369944404825601,0,16.016217440795,-0.00369944404825601,-0.00369944404825601,-0.00369944404825601,0.0376637682579198
21.1131806593051,0,-0.056056653152879,0,21.1131806593051,-0.056056653152879,-0.056056653152879,-0.056056653152879,0.033465829508006
12.511562118753,0,0.010653794636591,0,12.511562118753,0.010653794636591,0.010653794636591,0.010653794636591,0.0542734571116003
11.3110693140974,0,0.00982781565554414,0,11.3110693140974,0.00982781565554414,0.00982781565554414,0.00982781565554414,0.0152975413868066
19.3344521561619,0,-0.0178892890128142,0,19.3344521561619,-0.0178892890128142,-0.0178892890128142,-0.0178892890128142,0.0322365626104049
12.3671082351961,0,0.0210231372322994,0,12.3671082351961,0.0210231372322994,0.0210231372322994,0.0210231372322994,0.0160828742749283
12.3654554745313,0,-0.0686880413546458,0,12.3654554745313,-0.0686880413546458,-0.0686880413546458,-0.0686880413546458,0.0513325050706189
19.2556223171704,0,0.0285945738844167,0,19.2556223171704,0.0285945738844167,0.0285945738844167,0.0285945738844167,0.0139726523520546
34.7312424253189,0,0.00360906084633839,0,34.7312424253189,0.00360906084633839,0.00360906084633839,0.00360906084633839,0.017575833019559
54.7209102152747,0,0.0196726221291343,0,54.7209102152747,0.0196726221291343,0.0196726221291343,0.0196726221291343,0.0109274670854921
6.44620981534856,0,0.014846298512104,0,6.44620981534856,0.014846298512104,0.014846298512104,0.014846298512104,0.0608105741726415
13.7692792179168,0,0.045315959795906,0,13.7692792179168,0.045315959795906,0.045315959795906,0.045315959795906,0.0576659331255503
11.7030101268542,0,0.0664031592294417,0,11.7030101268542,0.0664031592294417,0.0664031592294417,0.0664031592294417,0.0318702419669784
7.36539602284415,0,-0.0247872150245361,0,7.36539602284415,-0.0247872150245361,-0.0247872150245361,-0.0247872150245361,0.114121672795408
7.17535910443418,0,0.0223584830888584,0,7.17535910443418,0.0223584830888584,0.0223584830888584,0.0223584830888584,0.0787357224553916
10.3934503295043,0,0.0619972167608137,0,10.3934503295043,0.0619972167608137,0.0619972167608137,0.0619972167608137,0.0947975137929517
11.8155784180346,0,0.132399483418963,0,11.8155784180346,0.132399483418963,0.132399483418963,0.132399483418963,0.0684128055131695
10.8363107906744,0,-0.028098390818107,0,10.8363107906744,-0.028098390818107,-0.028098390818107,-0.028098390818107,0.071926050301895
11.7003583105711,0,-0.00186774348468509,0,11.7003583105711,-0.00186774348468509,-0.00186774348468509,-0.00186774348468509,0.00589871207554302
14.1717804897526,0,0.027255899623745,0,14.1717804897526,0.027255899623745,0.027255899623745,0.027255899623745,0.0438772018708798
10.4916049522311,0,0.0132463173032987,0,10.4916049522311,0.0132463173032987,0.0132463173032987,0.0132463173032987,0.0267192917518445
12.822729428325,0,-0.0874609227257811,0,12.822729428325,-0.0874609227257811,-0.0874609227257811,-0.0874609227257811,0.0547141742785602
22.4190143092695,0,-0.000161199703742028,0,22.4190143092695,-0.000161199703742028,-0.000161199703742028,-0.000161199703742028,0.0167230245622351
23.3384346785706,0,0.0173424537425691,0,23.3384346785706,0.0173424537425691,0.0173424537425691,0.0173424537425691,0.0189266195413323
38.8851950923656,0,-0.0332412043876419,0,38.8851950923656,-0.0332412043876419,-0.0332412043876419,-0.0332412043876419,0.0285556564673136
18.868464140174,0,-0.0601138815581494,0,18.868464140174,-0.0601138815581494,-0.0601138815581494,-0.0601138815581494,0.0841243606959225
130.216227665708,0,0.0198117493038606,0,130.216227665708,0.0198117493038606,0.0198117493038606,0.0198117493038606,0.0277236387216602
9.87654480749694,0,-0.0946232449189078,0,9.87654480749694,-0.0946232449189078,-0.0946232449189078,-0.0946232449189078,0.0836731049469832
15.7641037476623,0,0.0452974152246685,0,15.7641037476623,0.0452974152246685,0.0452974152246685,0.0452974152246685,0.0222639606786319
13.2572895170701,0,-0.00547183825283213,0,13.2572895170701,-0.00547183825283213,-0.00547183825283213,-0.00547183825283213,0.0207932850711389
6.18231367632381,0,0.0296324701339503,0,6.18231367632381,0.0296324701339503,0.0296324701339503,0.0296324701339503,0.0435263969486212
8.10146185701589,0,0.0427555806686441,0,8.10146185701589,0.0427555806686441,0.0427555806686441,0.0427555806686441,0.0518433181255775
11.2420027298881,0,-0.0660500012093723,0,11.2420027298881,-0.0660500012093723,-0.0660500012093723,-0.0660500012093723,0.0384705888979592
25.0274800711776,0,-0.0187256249614442,0,25.0274800711776,-0.0187256249614442,-0.0187256249614442,-0.0187256249614442,0.0960019772095373
28.4056044215739,0,-0.0234835133541325,0,28.4056044215739,-0.0234835133541325,-0.0234835133541325,-0.0234835133541325,0.0460235649191708
9.44659083119766,0,-0.0979355343768668,0,9.44659083119766,-0.0979355343768668,-0.0979355343768668,-0.0979355343768668,0.106984919191722
10.6319539160187,0,0.00587821668928426,0,10.6319539160187,0.00587821668928426,0.00587821668928426,0.00587821668928426,0.0434639030773943
23.722803858762,0,0.00435490338959432,0,23.722803858762,0.00435490338959432,0.00435490338959432,0.00435490338959432,0.0172785731987079
NA,NA,NA,NA,NA,NA,NA,NA,NA
14.5501339822123,0,-0.0241508994853178,0,14.5501339822123,-0.0241508994853178,-0.0241508994853178,-0.0241508994853178,0.0112761190742462
6.82559417888738,0,-0.0208488602109932,0,6.82559417888738,-0.0208488602109932,-0.0208488602109932,-0.0208488602109932,0.0626238731585564
7.10118523761685,0,-0.0285278978712163,0,7.10118523761685,-0.0285278978712163,-0.0285278978712163,-0.0285278978712163,0.0595492352872805
8.39406695268219,0,0.0167837864563465,0,8.39406695268219,0.0167837864563465,0.0167837864563465,0.0167837864563465,0.0322473662392579
15.3813680380744,0,-0.0235768509494856,0,15.3813680380744,-0.0235768509494856,-0.0235768509494856,-0.0235768509494856,0.0385600790656454
10.9419857642508,0,-0.0876235523401562,0,10.9419857642508,-0.0876235523401562,-0.0876235523401562,-0.0876235523401562,0.0336377588977628
9.567453602661,0,-0.0130573193727359,0,9.567453602661,-0.0130573193727359,-0.0130573193727359,-0.0130573193727359,0.0264340771076804
9.56764954052794,0,-0.00578932875863998,0,9.56764954052794,-0.00578932875863998,-0.00578932875863998,-0.00578932875863998,0.0288617279537588
9.58796747981615,0,0.00725905880614161,0,9.58796747981615,0.00725905880614161,0.00725905880614161,0.00725905880614161,0.0422687684348916
15.1454884083029,0,0.0687427351592194,0,15.1454884083029,0.0687427351592194,0.0687427351592194,0.0687427351592194,0.0334809714396658
9.72468903389732,0,0.0209196079014141,0,9.72468903389732,0.0209196079014141,0.0209196079014141,0.0209196079014141,0.0473210924820652
14.8412385484711,0,0.00805813747067324,0,14.8412385484711,0.00805813747067324,0.00805813747067324,0.00805813747067324,0.0331399934197975
10.6567948708008,0,0.0203455428827325,0,10.6567948708008,0.0203455428827325,0.0203455428827325,0.0203455428827325,0.0367174068081082
15.83958844307,0,0.0399832495665445,0,15.83958844307,0.0399832495665445,0.0399832495665445,0.0399832495665445,0.0130470310288665
17.7014293147066,0,0.0234372077444364,0,17.7014293147066,0.0234372077444364,0.0234372077444364,0.0234372077444364,0.0323786122878216
16.016217440795,0,-0.00369944404825601,0,16.016217440795,-0.00369944404825601,-0.00369944404825601,-0.00369944404825601,0.0376637682579198
21.1131806593051,0,-0.056056653152879,0,21.1131806593051,-0.056056653152879,-0.056056653152879,-0.056056653152879,0.033465829508006
12.511562118753,0,0.010653794636591,0,12.511562118753,0.010653794636591,0.010653794636591,0.010653794636591,0.0542734571116003
11.3110693140974,0,0.00982781565554414,0,11.3110693140974,0.00982781565554414,0.00982781565554414,0.00982781565554414,0.0152975413868066
19.3344521561619,0,-0.0178892890128142,0,19.3344521561619,-0.0178892890128142,-0.0178892890128142,-0.0178892890128142,0.0322365626104049
12.3671082351961,0,0.0210231372322994,0,12.3671082351961,0.0210231372322994,0.0210231372322994,0.0210231372322994,0.0160828742749283
12.3654554745313,0,-0.0686880413546458,0,12.3654554745313,-0.0686880413546458,-0.0686880413546458,-0.0686880413546458,0.0513325050706189
19.2556223171704,0,0.0285945738844167,0,19.2556223171704,0.0285945738844167,0.0285945738844167,0.0285945738844167,0.0139726523520546
34.7312424253189,0,0.00360906084633839,0,34.7312424253189,0.00360906084633839,0.00360906084633839,0.00360906084633839,0.017575833019559
54.7209102152747,0,0.0196726221291343,0,54.7209102152747,0.0196726221291343,0.0196726221291343,0.0196726221291343,0.0109274670854921
6.44620981534856,0,0.014846298512104,0,6.44620981534856,0.014846298512104,0.014846298512104,0.014846298512104,0.0608105741726415
13.7692792179168,0,0.045315959795906,0,13.7692792179168,0.045315959795906,0.045315959795906,0.045315959795906,0.0576659331255503
11.7030101268542,0,0.0664031592294417,0,11.7030101268542,0.0664031592294417,0.0664031592294417,0.0664031592294417,0.0318702419669784
7.36539602284415,0,-0.0247872150245361,0,7.36539602284415,-0.0247872150245361,-0.0247872150245361,-0.0247872150245361,0.114121672795408
7.17535910443418,0,0.0223584830888584,0,7.17535910443418,0.0223584830888584,0.0223584830888584,0.0223584830888584,0.0787357224553916
10.3934503295043,0,0.0619972167608137,0,10.3934503295043,0.0619972167608137,0.0619972167608137,0.0619972167608137,0.0947975137929517
11.8155784180346,0,0.132399483418963,0,11.8155784180346,0.132399483418963,0.132399483418963,0.132399483418963,0.0684128055131695
10.8363107906744,0,-0.028098390818107,0,10.8363107906744,-0.028098390818107,-0.028098390818107,-0.028098390818107,0.071926050301895
11.7003583105711,0,-0.00186774348468509,0,11.7003583105711,-0.00186774348468509,-0.00186774348468509,-0.00186774348468509,0.00589871207554302
14.1717804897526,0,0.027255899623745,0,14.1717804897526,0.027255899623745,0.027255899623745,0.027255899623745,0.0438772018708798
10.4916049522311,0,0.0132463173032987,0,10.4916049522311,0.0132463173032987,0.0132463173032987,0.0132463173032987,0.0267192917518445
12.822729428325,0,-0.0874609227257811,0,12.822729428325,-0.0874609227257811,-0.0874609227257811,-0.0874609227257811,0.0547141742785602
22.4190143092695,0,-0.000161199703742028,0,22.4190143092695,-0.000161199703742028,-0.000161199703742028,-0.000161199703742028,0.0167230245622351
23.3384346785706,0,0.0173424537425691,0,23.3384346785706,0.0173424537425691,0.0173424537425691,0.0173424537425691,0.0189266195413323
38.8851950923656,0,-0.0332412043876419,0,38.8851950923656,-0.0332412043876419,-0.0332412043876419,-0.0332412043876419,0.0285556564673136
18.868464140174,0,-0.0601138815581494,0,18.868464140174,-0.0601138815581494,-0.0601138815581494,-0.0601138815581494,0.0841243606959225
130.216227665708,0,0.0198117493038606,0,130.216227665708,0.0198117493038606,0.0198117493038606,0.0198117493038606,0.0277236387216602
9.87654480749694,0,-0.0946232449189078,0,9.87654480749694,-0.0946232449189078,-0.0946232449189078,-0.0946232449189078,0.0836731049469832
15.7641037476623,0,0.0452974152246685,0,15.7641037476623,0.0452974152246685,0.0452974152246685,0.0452974152246685,0.0222639606786319
14.6925462604222,0,-0.00458452472707301,0,14.6925462604222,-0.00458452472707301,-0.00458452472707301,-0.00458452472707301,0.0444254697733256
6.18231367632381,0,0.0296324701339503,0,6.18231367632381,0.0296324701339503,0.0296324701339503,0.0296324701339503,0.0435263969486212
8.10146185701589,0,0.0427555806686441,0,8.10146185701589,0.0427555806686441,0.0427555806686441,0.0427555806686441,0.0518433181255775
11.2420027298881,0,-0.0660500012093723,0,11.2420027298881,-0.0660500012093723,-0.0660500012093723,-0.0660500012093723,0.0384705888979592
25.0274800711776,0,-0.0187256249614442,0,25.0274800711776,-0.0187256249614442,-0.0187256249614442,-0.0187256249614442,0.0960019772095373
28.4056044215739,0,-0.0234835133541325,0,28.4056044215739,-0.0234835133541325,-0.0234835133541325,-0.0234835133541325,0.0460235649191708
9.44659083119766,0,-0.0979355343768668,0,9.44659083119766,-0.0979355343768668,-0.0979355343768668,-0.0979355343768668,0.106984919191722
10.6319539160187,0,0.00587821668928426,0,10.6319539160187,0.00587821668928426,0.00587821668928426,0.00587821668928426,0.0434639030773943
23.722803858762,0,0.00435490338959432,0,23.722803858762,0.00435490338959432,0.00435490338959432,0.00435490338959432,0.0172785731987079
NA,NA,NA,NA,NA,NA,NA,NA,NA
14.5501339822123,0,-0.0241508994853178,0,14.5501339822123,-0.0241508994853178,-0.0241508994853178,-0.0241508994853178,0.0112761190742462
6.82559417888738,0,-0.0208488602109932,0,6.82559417888738,-0.0208488602109932,-0.0208488602109932,-0.0208488602109932,0.0626238731585564
7.10118523761685,0,-0.0285278978712163,0,7.10118523761685,-0.0285278978712163,-0.0285278978712163,-0.0285278978712163,0.0595492352872805
8.39406695268219,0,0.0167837864563465,0,8.39406695268219,0.0167837864563465,0.0167837864563465,0.0167837864563465,0.0322473662392579
15.3813680380744,0,-0.0235768509494856,0,15.3813680380744,-0.0235768509494856,-0.0235768509494856,-0.0235768509494856,0.0385600790656454
10.9419857642508,0,-0.0876235523401562,0,10.9419857642508,-0.0876235523401562,-0.0876235523401562,-0.0876235523401562,0.0336377588977628
9.567453602661,0,-0.0130573193727359,0,9.567453602661,-0.0130573193727359,-0.0130573193727359,-0.0130573193727359,0.0264340771076804
9.56764954052794,0,-0.00578932875863998,0,9.56764954052794,-0.00578932875863998,-0.00578932875863998,-0.00578932875863998,0.0288617279537588
9.58796747981615,0,0.00725905880614161,0,9.58796747981615,0.00725905880614161,0.00725905880614161,0.00725905880614161,0.0422687684348916
15.1454884083029,0,0.0687427351592194,0,15.1454884083029,0.0687427351592194,0.0687427351592194,0.0687427351592194,0.0334809714396658
9.72468903389732,0,0.0209196079014141,0,9.72468903389732,0.0209196079014141,0.0209196079014141,0.0209196079014141,0.0473210924820652
14.8412385484711,0,0.00805813747067324,0,14.8412385484711,0.00805813747067324,0.00805813747067324,0.00805813747067324,0.0331399934197975
10.6567948708008,0,0.0203455428827325,0,10.6567948708008,0.0203455428827325,0.0203455428827325,0.0203455428827325,0.0367174068081082
15.83958844307,0,0.0399832495665445,0,15.83958844307,0.0399832495665445,0.0399832495665445,0.0399832495665445,0.0130470310288665
17.7014293147066,0,0.0234372077444364,0,17.7014293147066,0.0234372077444364,0.0234372077444364,0.0234372077444364,0.0323786122878216
16.016217440795,0,-0.00369944404825601,0,16.016217440795,-0.00369944404825601,-0.00369944404825601,-0.00369944404825601,0.0376637682579198
21.1131806593051,0,-0.056056653152879,0,21.1131806593051,-0.056056653152879,-0.056056653152879,-0.056056653152879,0.033465829508006
12.511562118753,0,0.010653794636591,0,12.511562118753,0.010653794636591,0.010653794636591,0.010653794636591,0.0542734571116003
11.3110693140974,0,0.00982781565554414,0,11.3110693140974,0.00982781565554414,0.00982781565554414,0.00982781565554414,0.0152975413868066
19.3344521561619,0,-0.0178892890128142,0,19.3344521561619,-0.0178892890128142,-0.0178892890128142,-0.0178892890128142,0.0322365626104049
12.3671082351961,0,0.0210231372322994,0,12.3671082351961,0.0210231372322994,0.0210231372322994,0.0210231372322994,0.0160828742749283
12.3654554745313,0,-0.0686880413546458,0,12.3654554745313,-0.0686880413546458,-0.0686880413546458,-0.0686880413546458,0.0513325050706189
19.2556223171704,0,0.0285945738844167,0,19.2556223171704,0.0285945738844167,0.0285945738844167,0.0285945738844167,0.0139726523520546
34.7312424253189,0,0.00360906084633839,0,34.7312424253189,0.00360906084633839,0.00360906084633839,0.00360906084633839,0.017575833019559
54.7209102152747,0,0.0196726221291343,0,54.7209102152747,0.0196726221291343,0.0196726221291343,0.0196726221291343,0.0109274670854921
6.44620981534856,0,0.014846298512104,0,6.44620981534856,0.014846298512104,0.014846298512104,0.014846298512104,0.0608105741726415
13.7692792179168,0,0.045315959795906,0,13.7692792179168,0.045315959795906,0.045315959795906,0.045315959795906,0.0576659331255503
11.7030101268542,0,0.0664031592294417,0,11.7030101268542,0.0664031592294417,0.0664031592294417,0.0664031592294417,0.0318702419669784
7.36539602284415,0,-0.0247872150245361,0,7.36539602284415,-0.0247872150245361,-0.0247872150245361,-0.0247872150245361,0.114121672795408
7.17535910443418,0,0.0223584830888584,0,7.17535910443418,0.0223584830888584,0.0223584830888584,0.0223584830888584,0.0787357224553916
10.3934503295043,0,0.0619972167608137,0,10.3934503295043,0.0619972167608137,0.0619972167608137,0.0619972167608137,0.0947975137929517
11.8155784180346,0,0.132399483418963,0,11.8155784180346,0.132399483418963,0.132399483418963,0.132399483418963,0.0684128055131695
10.8363107906744,0,-0.028098390818107,0,10.8363107906744,-0.028098390818107,-0.028098390818107,-0.028098390818107,0.071926050301895
11.7003583105711,0,-0.00186774348468509,0,11.7003583105711,-0.00186774348468509,-0.00186774348468509,-0.00186774348468509,0.00589871207554302
14.1717804897526,0,0.027255899623745,0,14.1717804897526,0.027255899623745,0.027255899623745,0.027255899623745,0.0438772018708798
10.4916049522311,0,0.0132463173032987,0,10.4916049522311,0.0132463173032987,0.0132463173032987,0.0132463173032987,0.0267192917518445
12.822729428325,0,-0.0874609227257811,0,12.822729428325,-0.0874609227257811,-0.0874609227257811,-0.0874609227257811,0.0547141742785602
22.4190143092695,0,-0.000161199703742028,0,22.4190143092695,-0.000161199703742028,-0.000161199703742028,-0.000161199703742028,0.0167230245622351
23.3384346785706,0,0.0173424537425691,0,23.3384346785706,0.0173424537425691,0.0173424537425691,0.0173424537425691,0.0189266195413323
38.8851950923656,0,-0.0332412043876419,0,38.8851950923656,-0.0332412043876419,-0.0332412043876419,-0.0332412043876419,0.0285556564673136
18.868464140174,0,-0.0601138815581494,0,18.868464140174,-0.0601138815581494,-0.0601138815581494,-0.0601138815581494,0.0841243606959225
130.216227665708,0,0.0198117493038606,0,130.216227665708,0.0198117493038606,0.0198117493038606,0.0198117493038606,0.0277236387216602
9.87654480749694,0,-0.0946232449189078,0,9.87654480749694,-0.0946232449189078,-0.0946232449189078,-0.0946232449189078,0.0836731049469832
15.7641037476623,0,0.0452974152246685,0,15.7641037476623,0.0452974152246685,0.0452974152246685,0.0452974152246685,0.0222639606786319
14.6925462604222,0,-0.00458452472707301,0,14.6925462604222,-0.00458452472707301,-0.00458452472707301,-0.00458452472707301,0.0444254697733256
6.18231367632381,0,0.0296324701339503,0,6.18231367632381,0.0296324701339503,0.0296324701339503,0.0296324701339503,0.0435263969486212
8.10146185701589,0,0.0427555806686441,0,8.10146185701589,0.0427555806686441,0.0427555806686441,0.0427555806686441,0.0518433181255775
11.2420027298881,0,-0.0660500012093723,0,11.2420027298881,-0.0660500012093723,-0.0660500012093723,-0.0660500012093723,0.0384705888979592
25.0274800711776,0,-0.0187256249614442,0,25.0274800711776,-0.0187256249614442,-0.0187256249614442,-0.0187256249614442,0.0960019772095373
28.4056044215739,0,-0.0234835133541325,0,28.4056044215739,-0.0234835133541325,-0.0234835133541325,-0.0234835133541325,0.0460235649191708
9.44659083119766,0,-0.0979355343768668,0,9.44659083119766,-0.0979355343768668,-0.0979355343768668,-0.0979355343768668,0.106984919191722
10.6319539160187,0,0.00587821668928426,0,10.6319539160187,0.00587821668928426,0.00587821668928426,0.00587821668928426,0.0434639030773943
23.722803858762,0,0.00435490338959432,0,23.722803858762,0.00435490338959432,0.00435490338959432,0.00435490338959432,0.0172785731987079
NA,NA,NA,NA,NA,NA,NA,NA,NA
14.5501339822123,0,-0.0241508994853178,0,14.5501339822123,-0.0241508994853178,-0.0241508994853178,-0.0241508994853178,0.0112761190742462
6.82559417888738,0,-0.0208488602109932,0,6.82559417888738,-0.0208488602109932,-0.0208488602109932,-0.0208488602109932,0.0626238731585564
7.10118523761685,0,-0.0285278978712163,0,7.10118523761685,-0.0285278978712163,-0.0285278978712163,-0.0285278978712163,0.0595492352872805
8.39406695268219,0,0.0167837864563465,0,8.39406695268219,0.0167837864563465,0.0167837864563465,0.0167837864563465,0.0322473662392579
15.3813680380744,0,-0.0235768509494856,0,15.3813680380744,-0.0235768509494856,-0.0235768509494856,-0.0235768509494856,0.0385600790656454
10.9419857642508,0,-0.0876235523401562,0,10.9419857642508,-0.0876235523401562,-0.0876235523401562,-0.0876235523401562,0.0336377588977628
9.567453602661,0,-0.0130573193727359,0,9.567453602661,-0.0130573193727359,-0.0130573193727359,-0.0130573193727359,0.0264340771076804
9.56764954052794,0,-0.00578932875863998,0,9.56764954052794,-0.00578932875863998,-0.00578932875863998,-0.00578932875863998,0.0288617279537588
9.58796747981615,0,0.00725905880614161,0,9.58796747981615,0.00725905880614161,0.00725905880614161,0.00725905880614161,0.0422687684348916
15.1454884083029,0,0.0687427351592194,0,15.1454884083029,0.0687427351592194,0.0687427351592194,0.0687427351592194,0.0334809714396658
9.72468903389732,0,0.0209196079014141,0,9.72468903389732,0.0209196079014141,0.0209196079014141,0.0209196079014141,0.0473210924820652
14.8412385484711,0,0.00805813747067324,0,14.8412385484711,0.00805813747067324,0.00805813747067324,0.00805813747067324,0.0331399934197975
10.6567948708008,0,0.0203455428827325,0,10.6567948708008,0.0203455428827325,0.0203455428827325,0.0203455428827325,0.0367174068081082
15.83958844307,0,0.0399832495665445,0,15.83958844307,0.0399832495665445,0.0399832495665445,0.0399832495665445,0.0130470310288665
17.7014293147066,0,0.0234372077444364,0,17.7014293147066,0.0234372077444364,0.0234372077444364,0.0234372077444364,0.0323786122878216
16.016217440795,0,-0.00369944404825601,0,16.016217440795,-0.00369944404825601,-0.00369944404825601,-0.00369944404825601,0.0376637682579198
21.1131806593051,0,-0.056056653152879,0,21.1131806593051,-0.056056653152879,-0.056056653152879,-0.056056653152879,0.033465829508006
12.511562118753,0,0.010653794636591,0,12.511562118753,0.010653794636591,0.010653794636591,0.010653794636591,0.0542734571116003
11.3110693140974,0,0.00982781565554414,0,11.3110693140974,0.00982781565554414,0.00982781565554414,0.00982781565554414,0.0152975413868066
19.3344521561619,0,-0.0178892890128142,0,19.3344521561619,-0.0178892890128142,-0.0178892890128142,-0.0178892890128142,0.0322365626104049
12.3671082351961,0,0.0210231372322994,0,12.3671082351961,0.0210231372322994,0.0210231372322994,0.0210231372322994,0.0160828742749283
12.3654554745313,0,-0.0686880413546458,0,12.3654554745313,-0.0686880413546458,-0.0686880413546458,-0.0686880413546458,0.0513325050706189
19.2556223171704,0,0.0285945738844167,0,19.2556223171704,0.0285945738844167,0.0285945738844167,0.0285945738844167,0.0139726523520546
34.7312424253189,0,0.00360906084633839,0,34.7312424253189,0.00360906084633839,0.00360906084633839,0.00360906084633839,0.017575833019559
54.7209102152747,0,0.0196726221291343,0,54.7209102152747,0.0196726221291343,0.0196726221291343,0.0196726221291343,0.0109274670854921
6.44620981534856,0,0.014846298512104,0,6.44620981534856,0.014846298512104,0.014846298512104,0.014846298512104,0.0608105741726415
13.7692792179168,0,0.045315959795906,0,13.7692792179168,0.045315959795906,0.045315959795906,0.045315959795906,0.0576659331255503
11.7030101268542,0,0.0664031592294417,0,11.7030101268542,0.0664031592294417,0.0664031592294417,0.0664031592294417,0.0318702419669784
7.36539602284415,0,-0.0247872150245361,0,7.36539602284415,-0.0247872150245361,-0.0247872150245361,-0.0247872150245361,0.114121672795408
7.17535910443418,0,0.0223584830888584,0,7.17535910443418,0.0223584830888584,0.0223584830888584,0.0223584830888584,0.0787357224553916
10.3934503295043,0,0.0619972167608137,0,10.3934503295043,0.0619972167608137,0.0619972167608137,0.0619972167608137,0.0947975137929517
11.8155784180346,0,0.132399483418963,0,11.8155784180346,0.132399483418963,0.132399483418963,0.132399483418963,0.0684128055131695
10.8363107906744,0,-0.028098390818107,0,10.8363107906744,-0.028098390818107,-0.028098390818107,-0.028098390818107,0.071926050301895
11.7003583105711,0,-0.00186774348468509,0,11.7003583105711,-0.00186774348468509,-0.00186774348468509,-0.00186774348468509,0.00589871207554302
14.1717804897526,0,0.027255899623745,0,14.1717804897526,0.027255899623745,0.027255899623745,0.027255899623745,0.0438772018708798
10.4916049522311,0,0.0132463173032987,0,10.4916049522311,0.0132463173032987,0.0132463173032987,0.0132463173032987,0.0267192917518445
12.822729428325,0,-0.0874609227257811,0,12.822729428325,-0.0874609227257811,-0.0874609227257811,-0.0874609227257811,0.0547141742785602
22.4190143092695,0,-0.000161199703742028,0,22.4190143092695,-0.000161199703742028,-0.000161199703742028,-0.000161199703742028,0.0167230245622351
23.3384346785706,0,0.0173424537425691,0,23.3384346785706,0.0173424537425691,0.0173424537425691,0.0173424537425691,0.0189266195413323
38.8851950923656,0,-0.0332412043876419,0,38.8851950923656,-0.0332412043876419,-0.0332412043876419,-0.0332412043876419,0.0285556564673136
18.868464140174,0,-0.0601138815581494,0,18.868464140174,-0.0601138815581494,-0.0601138815581494,-0.0601138815581494,0.0841243606959225
130.216227665708,0,0.0198117493038606,0,130.216227665708,0.0198117493038606,0.0198117493038606,0.0198117493038606,0.0277236387216602
9.87654480749694,0,-0.0946232449189078,0,9.87654480749694,-0.0946232449189078,-0.0946232449189078,-0.0946232449189078,0.0836731049469832
15.7641037476623,0,0.0452974152246685,0,15.7641037476623,0.0452974152246685,0.0452974152246685,0.0452974152246685,0.0222639606786319
14.6925462604222,0,-0.00458452472707301,0,14.6925462604222,-0.00458452472707301,-0.00458452472707301,-0.00458452472707301,0.0444254697733256
6.18231367632381,0,0.0296324701339503,0,6.18231367632381,0.0296324701339503,0.0296324701339503,0.0296324701339503,0.0435263969486212
8.10146185701589,0,0.0427555806686441,0,8.10146185701589,0.0427555806686441,0.0427555806686441,0.0427555806686441,0.0518433181255775
11.2420027298881,0,-0.0660500012093723,0,11.2420027298881,-0.0660500012093723,-0.0660500012093723,-0.0660500012093723,0.0384705888979592
27.9381463268887,0,-0.0196646199066465,0,27.9381463268887,-0.0196646199066465,-0.0196646199066465,-0.0196646199066465,0.0266030945529787
28.4056044215739,0,-0.0234835133541325,0,28.4056044215739,-0.0234835133541325,-0.0234835133541325,-0.0234835133541325,0.0460235649191708
9.44659083119766,0,-0.0979355343768668,0,9.44659083119766,-0.0979355343768668,-0.0979355343768668,-0.0979355343768668,0.106984919191722
10.6319539160187,0,0.00587821668928426,0,10.6319539160187,0.00587821668928426,0.00587821668928426,0.00587821668928426,0.0434639030773943
23.722803858762,0,0.00435490338959432,0,23.722803858762,0.00435490338959432,0.00435490338959432,0.00435490338959432,0.0172785731987079
NA,NA,NA,NA,NA,NA,NA,NA,NA
14.5501339822123,0,-0.0241508994853178,0,14.5501339822123,-0.0241508994853178,-0.0241508994853178,-0.0241508994853178,0.0112761190742462
6.82559417888738,0,-0.0208488602109932,0,6.82559417888738,-0.0208488602109932,-0.0208488602109932,-0.0208488602109932,0.0626238731585564
7.10118523761685,0,-0.0285278978712163,0,7.10118523761685,-0.0285278978712163,-0.0285278978712163,-0.0285278978712163,0.0595492352872805
8.39406695268219,0,0.0167837864563465,0,8.39406695268219,0.0167837864563465,0.0167837864563465,0.0167837864563465,0.0322473662392579
15.3813680380744,0,-0.0235768509494856,0,15.3813680380744,-0.0235768509494856,-0.0235768509494856,-0.0235768509494856,0.0385600790656454
10.9419857642508,0,-0.0876235523401562,0,10.9419857642508,-0.0876235523401562,-0.0876235523401562,-0.0876235523401562,0.0336377588977628
9.567453602661,0,-0.0130573193727359,0,9.567453602661,-0.0130573193727359,-0.0130573193727359,-0.0130573193727359,0.0264340771076804
9.56764954052794,0,-0.00578932875863998,0,9.56764954052794,-0.00578932875863998,-0.00578932875863998,-0.00578932875863998,0.0288617279537588
9.58796747981615,0,0.00725905880614161,0,9.58796747981615,0.00725905880614161,0.00725905880614161,0.00725905880614161,0.0422687684348916
15.1454884083029,0,0.0687427351592194,0,15.1454884083029,0.0687427351592194,0.0687427351592194,0.0687427351592194,0.0334809714396658
9.72468903389732,0,0.0209196079014141,0,9.72468903389732,0.0209196079014141,0.0209196079014141,0.0209196079014141,0.0473210924820652
14.8412385484711,0,0.00805813747067324,0,14.8412385484711,0.00805813747067324,0.00805813747067324,0.00805813747067324,0.0331399934197975
10.6567948708008,0,0.0203455428827325,0,10.6567948708008,0.0203455428827325,0.0203455428827325,0.0203455428827325,0.0367174068081082
15.83958844307,0,0.0399832495665445,0,15.83958844307,0.0399832495665445,0.0399832495665445,0.0399832495665445,0.0130470310288665
17.7014293147066,0,0.0234372077444364,0,17.7014293147066,0.0234372077444364,0.0234372077444364,0.0234372077444364,0.0323786122878216
16.016217440795,0,-0.00369944404825601,0,16.016217440795,-0.00369944404825601,-0.00369944404825601,-0.00369944404825601,0.0376637682579198
21.1131806593051,0,-0.056056653152879,0,21.1131806593051,-0.056056653152879,-0.056056653152879,-0.056056653152879,0.033465829508006
12.511562118753,0,0.010653794636591,0,12.511562118753,0.010653794636591,0.010653794636591,0.010653794636591,0.0542734571116003
11.3110693140974,0,0.00982781565554414,0,11.3110693140974,0.00982781565554414,0.00982781565554414,0.00982781565554414,0.0152975413868066
19.3344521561619,0,-0.0178892890128142,0,19.3344521561619,-0.0178892890128142,-0.0178892890128142,-0.0178892890128142,0.0322365626104049
12.3671082351961,0,0.0210231372322994,0,12.3671082351961,0.0210231372322994,0.0210231372322994,0.0210231372322994,0.0160828742749283
12.3654554745313,0,-0.0686880413546458,0,12.3654554745313,-0.0686880413546458,-0.0686880413546458,-0.0686880413546458,0.0513325050706189
19.2556223171704,0,0.0285945738844167,0,19.2556223171704,0.0285945738844167,0.0285945738844167,0.0285945738844167,0.0139726523520546
34.7312424253189,0,0.00360906084633839,0,34.7312424253189,0.00360906084633839,0.00360906084633839,0.00360906084633839,0.017575833019559
54.7209102152747,0,0.0196726221291343,0,54.7209102152747,0.0196726221291343,0.0196726221291343,0.0196726221291343,0.0109274670854921
6.44620981534856,0,0.014846298512104,0,6.44620981534856,0.014846298512104,0.014846298512104,0.014846298512104,0.0608105741726415
13.7692792179168,0,0.045315959795906,0,13.7692792179168,0.045315959795906,0.045315959795906,0.045315959795906,0.0576659331255503
11.7030101268542,0,0.0664031592294417,0,11.7030101268542,0.0664031592294417,0.0664031592294417,0.0664031592294417,0.0318702419669784
7.36539602284415,0,-0.0247872150245361,0,7.36539602284415,-0.0247872150245361,-0.0247872150245361,-0.0247872150245361,0.114121672795408
7.17535910443418,0,0.0223584830888584,0,7.17535910443418,0.0223584830888584,0.0223584830888584,0.0223584830888584,0.0787357224553916
10.3934503295043,0,0.0619972167608137,0,10.3934503295043,0.0619972167608137,0.0619972167608137,0.0619972167608137,0.0947975137929517
11.8155784180346,0,0.132399483418963,0,11.8155784180346,0.132399483418963,0.132399483418963,0.132399483418963,0.0684128055131695
10.8363107906744,0,-0.028098390818107,0,10.8363107906744,-0.028098390818107,-0.028098390818107,-0.028098390818107,0.071926050301895
11.7003583105711,0,-0.00186774348468509,0,11.7003583105711,-0.00186774348468509,-0.00186774348468509,-0.00186774348468509,0.00589871207554302
14.1717804897526,0,0.027255899623745,0,14.1717804897526,0.027255899623745,0.027255899623745,0.027255899623745,0.0438772018708798
10.4916049522311,0,0.0132463173032987,0,10.4916049522311,0.0132463173032987,0.0132463173032987,0.0132463173032987,0.0267192917518445
12.822729428325,0,-0.0874609227257811,0,12.822729428325,-0.0874609227257811,-0.0874609227257811,-0.0874609227257811,0.0547141742785602
22.4190143092695,0,-0.000161199703742028,0,22.4190143092695,-0.000161199703742028,-0.000161199703742028,-0.000161199703742028,0.0167230245622351
23.3384346785706,0,0.0173424537425691,0,23.3384346785706,0.0173424537425691,0.0173424537425691,0.0173424537425691,0.0189266195413323
38.8851950923656,0,-0.0332412043876419,0,38.8851950923656,-0.0332412043876419,-0.0332412043876419,-0.0332412043876419,0.0285556564673136
18.868464140174,0,-0.0601138815581494,0,18.868464140174,-0.0601138815581494,-0.0601138815581494,-0.0601138815581494,0.0841243606959225
130.216227665708,0,0.0198117493038606,0,130.216227665708,0.0198117493038606,0.0198117493038606,0.0198117493038606,0.0277236387216602
9.87654480749694,0,-0.0946232449189078,0,9.87654480749694,-0.0946232449189078,-0.0946232449189078,-0.0946232449189078,0.0836731049469832
15.7641037476623,0,0.0452974152246685,0,15.7641037476623,0.0452974152246685,0.0452974152246685,0.0452974152246685,0.0222639606786319
14.6925462604222,0,-0.00458452472707301,0,14.6925462604222,-0.00458452472707301,-0.00458452472707301,-0.00458452472707301,0.0444254697733256
6.18231367632381,0,0.0296324701339503,0,6.18231367632381,0.0296324701339503,0.0296324701339503,0.0296324701339503,0.0435263969486212
8.10146185701589,0,0.0427555806686441,0,8.10146185701589,0.0427555806686441,0.0427555806686441,0.0427555806686441,0.0518433181255775
11.2420027298881,0,-0.0660500012093723,0,11.2420027298881,-0.0660500012093723,-0.0660500012093723,-0.0660500012093723,0.0384705888979592
27.9381463268887,0,-0.0196646199066465,0,27.9381463268887,-0.0196646199066465,-0.0196646199066465,-0.0196646199066465,0.0266030945529787
28.4056044215739,0,-0.0234835133541325,0,28.4056044215739,-0.0234835133541325,-0.0234835133541325,-0.0234835133541325,0.0460235649191708
9.44659083119766,0,-0.0979355343768668,0,9.44659083119766,-0.0979355343768668,-0.0979355343768668,-0.0979355343768668,0.106984919191722
10.6319539160187,0,0.00587821668928426,0,10.6319539160187,0.00587821668928426,0.00587821668928426,0.00587821668928426,0.0434639030773943
23.722803858762,0,0.00435490338959432,0,23.722803858762,0.00435490338959432,0.00435490338959432,0.00435490338959432,0.0172785731987079
NA,NA,NA,NA,NA,NA,NA,NA,NA
14.5501339822123,0,-0.0241508994853178,0,14.5501339822123,-0.0241508994853178,-0.0241508994853178,-0.0241508994853178,0.0112761190742462
6.82559417888738,0,-0.0208488602109932,0,6.82559417888738,-0.0208488602109932,-0.0208488602109932,-0.0208488602109932,0.0626238731585564
7.10118523761685,0,-0.0285278978712163,0,7.10118523761685,-0.0285278978712163,-0.0285278978712163,-0.0285278978712163,0.0595492352872805
8.39406695268219,0,0.0167837864563465,0,8.39406695268219,0.0167837864563465,0.0167837864563465,0.0167837864563465,0.0322473662392579
15.3813680380744,0,-0.0235768509494856,0,15.3813680380744,-0.0235768509494856,-0.0235768509494856,-0.0235768509494856,0.0385600790656454
10.9419857642508,0,-0.0876235523401562,0,10.9419857642508,-0.0876235523401562,-0.0876235523401562,-0.0876235523401562,0.0336377588977628
9.567453602661,0,-0.0130573193727359,0,9.567453602661,-0.0130573193727359,-0.0130573193727359,-0.0130573193727359,0.0264340771076804
9.56764954052794,0,-0.00578932875863998,0,9.56764954052794,-0.00578932875863998,-0.00578932875863998,-0.00578932875863998,0.0288617279537588
9.58796747981615,0,0.00725905880614161,0,9.58796747981615,0.00725905880614161,0.00725905880614161,0.00725905880614161,0.0422687684348916
15.1454884083029,0,0.0687427351592194,0,15.1454884083029,0.0687427351592194,0.0687427351592194,0.0687427351592194,0.0334809714396658
9.72468903389732,0,0.0209196079014141,0,9.72468903389732,0.0209196079014141,0.0209196079014141,0.0209196079014141,0.0473210924820652
14.8412385484711,0,0.00805813747067324,0,14.8412385484711,0.00805813747067324,0.00805813747067324,0.00805813747067324,0.0331399934197975
10.6567948708008,0,0.0203455428827325,0,10.6567948708008,0.0203455428827325,0.0203455428827325,0.0203455428827325,0.0367174068081082
15.83958844307,0,0.0399832495665445,0,15.83958844307,0.0399832495665445,0.0399832495665445,0.0399832495665445,0.0130470310288665
17.7014293147066,0,0.0234372077444364,0,17.7014293147066,0.0234372077444364,0.0234372077444364,0.0234372077444364,0.0323786122878216
16.016217440795,0,-0.00369944404825601,0,16.016217440795,-0.00369944404825601,-0.00369944404825601,-0.00369944404825601,0.0376637682579198
21.1131806593051,0,-0.056056653152879,0,21.1131806593051,-0.056056653152879,-0.056056653152879,-0.056056653152879,0.033465829508006
12.511562118753,0,0.010653794636591,0,12.511562118753,0.010653794636591,0.010653794636591,0.010653794636591,0.0542734571116003
11.3110693140974,0,0.00982781565554414,0,11.3110693140974,0.00982781565554414,0.00982781565554414,0.00982781565554414,0.0152975413868066
19.3344521561619,0,-0.0178892890128142,0,19.3344521561619,-0.0178892890128142,-0.0178892890128142,-0.0178892890128142,0.0322365626104049
12.3671082351961,0,0.0210231372322994,0,12.3671082351961,0.0210231372322994,0.0210231372322994,0.0210231372322994,0.0160828742749283
12.3654554745313,0,-0.0686880413546458,0,12.3654554745313,-0.0686880413546458,-0.0686880413546458,-0.0686880413546458,0.0513325050706189
19.2556223171704,0,0.0285945738844167,0,19.2556223171704,0.0285945738844167,0.0285945738844167,0.0285945738844167,0.0139726523520546
34.7312424253189,0,0.00360906084633839,0,34.7312424253189,0.00360906084633839,0.00360906084633839,0.00360906084633839,0.017575833019559
54.7209102152747,0,0.0196726221291343,0,54.7209102152747,0.0196726221291343,0.0196726221291343,0.0196726221291343,0.0109274670854921
6.44620981534856,0,0.014846298512104,0,6.44620981534856,0.014846298512104,0.014846298512104,0.014846298512104,0.0608105741726415
13.7692792179168,0,0.045315959795906,0,13.7692792179168,0.045315959795906,0.045315959795906,0.045315959795906,0.0576659331255503
11.7030101268542,0,0.0664031592294417,0,11.7030101268542,0.0664031592294417,0.0664031592294417,0.0664031592294417,0.0318702419669784
7.36539602284415,0,-0.0247872150245361,0,7.36539602284415,-0.0247872150245361,-0.0247872150245361,-0.0247872150245361,0.114121672795408
7.17535910443418,0,0.0223584830888584,0,7.17535910443418,0.0223584830888584,0.0223584830888584,0.0223584830888584,0.0787357224553916
10.3934503295043,0,0.0619972167608137,0,10.3934503295043,0.0619972167608137,0.0619972167608137,0.0619972167608137,0.0947975137929517
11.8155784180346,0,0.132399483418963,0,11.8155784180346,0.132399483418963,0.132399483418963,0.132399483418963,0.0684128055131695
10.8363107906744,0,-0.028098390818107,0,10.8363107906744,-0.028098390818107,-0.028098390818107,-0.028098390818107,0.071926050301895
11.7003583105711,0,-0.00186774348468509,0,11.7003583105711,-0.00186774348468509,-0.00186774348468509,-0.00186774348468509,0.00589871207554302
14.1717804897526,0,0.027255899623745,0,14.1717804897526,0.027255899623745,0.027255899623745,0.027255899623745,0.0438772018708798
10.4916049522311,0,0.0132463173032987,0,10.4916049522311,0.0132463173032987,0.0132463173032987,0.0132463173032987,0.0267192917518445
12.822729428325,0,-0.0874609227257811,0,12.822729428325,-0.0874609227257811,-0.0874609227257811,-0.0874609227257811,0.0547141742785602
22.4190143092695,0,-0.000161199703742028,0,22.4190143092695,-0.000161199703742028,-0.000161199703742028,-0.000161199703742028,0.0167230245622351
23.3384346785706,0,0.0173424537425691,0,23.3384346785706,0.0173424537425691,0.0173424537425691,0.0173424537425691,0.0189266195413323
21.0471310356801,0,0.0617673658141888,0,21.0471310356801,0.0617673658141888,0.0617673658141888,0.0617673658141888,0.047052745863464
18.868464140174,0,-0.0601138815581494,0,18.868464140174,-0.0601138815581494,-0.0601138815581494,-0.0601138815581494,0.0841243606959225
130.216227665708,0,0.0198117493038606,0,130.216227665708,0.0198117493038606,0.0198117493038606,0.0198117493038606,0.0277236387216602
9.87654480749694,0,-0.0946232449189078,0,9.87654480749694,-0.0946232449189078,-0.0946232449189078,-0.0946232449189078,0.0836731049469832
15.7641037476623,0,0.0452974152246685,0,15.7641037476623,0.0452974152246685,0.0452974152246685,0.0452974152246685,0.0222639606786319
14.6925462604222,0,-0.00458452472707301,0,14.6925462604222,-0.00458452472707301,-0.00458452472707301,-0.00458452472707301,0.0444254697733256
6.18231367632381,0,0.0296324701339503,0,6.18231367632381,0.0296324701339503,0.0296324701339503,0.0296324701339503,0.0435263969486212
8.10146185701589,0,0.0427555806686441,0,8.10146185701589,0.0427555806686441,0.0427555806686441,0.0427555806686441,0.0518433181255775
11.2420027298881,0,-0.0660500012093723,0,11.2420027298881,-0.0660500012093723,-0.0660500012093723,-0.0660500012093723,0.0384705888979592
27.9381463268887,0,-0.0196646199066465,0,27.9381463268887,-0.0196646199066465,-0.0196646199066465,-0.0196646199066465,0.0266030945529787
28.4056044215739,0,-0.0234835133541325,0,28.4056044215739,-0.0234835133541325,-0.0234835133541325,-0.0234835133541325,0.0460235649191708
9.44659083119766,0,-0.0979355343768668,0,9.44659083119766,-0.0979355343768668,-0.0979355343768668,-0.0979355343768668,0.106984919191722
10.6319539160187,0,0.00587821668928426,0,10.6319539160187,0.00587821668928426,0.00587821668928426,0.00587821668928426,0.0434639030773943
23.722803858762,0,0.00435490338959432,0,23.722803858762,0.00435490338959432,0.00435490338959432,0.00435490338959432,0.0172785731987079
NA,NA,NA,NA,NA,NA,NA,NA,NA
14.5501339822123,0,-0.0241508994853178,0,14.5501339822123,-0.0241508994853178,-0.0241508994853178,-0.0241508994853178,0.0112761190742462
6.82559417888738,0,-0.0208488602109932,0,6.82559417888738,-0.0208488602109932,-0.0208488602109932,-0.0208488602109932,0.0626238731585564
7.10118523761685,0,-0.0285278978712163,0,7.10118523761685,-0.0285278978712163,-0.0285278978712163,-0.0285278978712163,0.0595492352872805
8.39406695268219,0,0.0167837864563465,0,8.39406695268219,0.0167837864563465,0.0167837864563465,0.0167837864563465,0.0322473662392579
15.3813680380744,0,-0.0235768509494856,0,15.3813680380744,-0.0235768509494856,-0.0235768509494856,-0.0235768509494856,0.0385600790656454
10.9419857642508,0,-0.0876235523401562,0,10.9419857642508,-0.0876235523401562,-0.0876235523401562,-0.0876235523401562,0.0336377588977628
9.567453602661,0,-0.0130573193727359,0,9.567453602661,-0.0130573193727359,-0.0130573193727359,-0.0130573193727359,0.0264340771076804
9.56764954052794,0,-0.00578932875863998,0,9.56764954052794,-0.00578932875863998,-0.00578932875863998,-0.00578932875863998,0.0288617279537588
9.58796747981615,0,0.00725905880614161,0,9.58796747981615,0.00725905880614161,0.00725905880614161,0.00725905880614161,0.0422687684348916
15.1454884083029,0,0.0687427351592194,0,15.1454884083029,0.0687427351592194,0.0687427351592194,0.0687427351592194,0.0334809714396658
9.72468903389732,0,0.0209196079014141,0,9.72468903389732,0.0209196079014141,0.0209196079014141,0.0209196079014141,0.0473210924820652
14.8412385484711,0,0.00805813747067324,0,14.8412385484711,0.00805813747067324,0.00805813747067324,0.00805813747067324,0.0331399934197975
10.6567948708008,0,0.0203455428827325,0,10.6567948708008,0.0203455428827325,0.0203455428827325,0.0203455428827325,0.0367174068081082
15.83958844307,0,0.0399832495665445,0,15.83958844307,0.0399832495665445,0.0399832495665445,0.0399832495665445,0.0130470310288665
17.7014293147066,0,0.0234372077444364,0,17.7014293147066,0.0234372077444364,0.0234372077444364,0.0234372077444364,0.0323786122878216
16.016217440795,0,-0.00369944404825601,0,16.016217440795,-0.00369944404825601,-0.00369944404825601,-0.00369944404825601,0.0376637682579198
21.1131806593051,0,-0.056056653152879,0,21.1131806593051,-0.056056653152879,-0.056056653152879,-0.056056653152879,0.033465829508006
12.511562118753,0,0.010653794636591,0,12.511562118753,0.010653794636591,0.010653794636591,0.010653794636591,0.0542734571116003
11.3110693140974,0,0.00982781565554414,0,11.3110693140974,0.00982781565554414,0.00982781565554414,0.00982781565554414,0.0152975413868066
19.3344521561619,0,-0.0178892890128142,0,19.3344521561619,-0.0178892890128142,-0.0178892890128142,-0.0178892890128142,0.0322365626104049
12.3671082351961,0,0.0210231372322994,0,12.3671082351961,0.0210231372322994,0.0210231372322994,0.0210231372322994,0.0160828742749283
12.3654554745313,0,-0.0686880413546458,0,12.3654554745313,-0.0686880413546458,-0.0686880413546458,-0.0686880413546458,0.0513325050706189
19.2556223171704,0,0.0285945738844167,0,19.2556223171704,0.0285945738844167,0.0285945738844167,0.0285945738844167,0.0139726523520546
34.7312424253189,0,0.00360906084633839,0,34.7312424253189,0.00360906084633839,0.00360906084633839,0.00360906084633839,0.017575833019559
54.7209102152747,0,0.0196726221291343,0,54.7209102152747,0.0196726221291343,0.0196726221291343,0.0196726221291343,0.0109274670854921
6.44620981534856,0,0.014846298512104,0,6.44620981534856,0.014846298512104,0.014846298512104,0.014846298512104,0.0608105741726415
13.7692792179168,0,0.045315959795906,0,13.7692792179168,0.045315959795906,0.045315959795906,0.045315959795906,0.0576659331255503
11.7030101268542,0,0.0664031592294417,0,11.7030101268542,0.0664031592294417,0.0664031592294417,0.0664031592294417,0.0318702419669784
7.36539602284415,0,-0.0247872150245361,0,7.36539602284415,-0.0247872150245361,-0.0247872150245361,-0.0247872150245361,0.114121672795408
7.17535910443418,0,0.0223584830888584,0,7.17535910443418,0.0223584830888584,0.0223584830888584,0.0223584830888584,0.0787357224553916
10.3934503295043,0,0.0619972167608137,0,10.3934503295043,0.0619972167608137,0.0619972167608137,0.0619972167608137,0.0947975137929517
11.8155784180346,0,0.132399483418963,0,11.8155784180346,0.132399483418963,0.132399483418963,0.132399483418963,0.0684128055131695
10.8363107906744,0,-0.028098390818107,0,10.8363107906744,-0.028098390818107,-0.028098390818107,-0.028098390818107,0.071926050301895
11.7003583105711,0,-0.00186774348468509,0,11.7003583105711,-0.00186774348468509,-0.00186774348468509,-0.00186774348468509,0.00589871207554302
14.1717804897526,0,0.027255899623745,0,14.1717804897526,0.027255899623745,0.027255899623745,0.027255899623745,0.0438772018708798
10.4916049522311,0,0.0132463173032987,0,10.4916049522311,0.0132463173032987,0.0132463173032987,0.0132463173032987,0.0267192917518445
12.822729428325,0,-0.0874609227257811,0,12.822729428325,-0.0874609227257811,-0.0874609227257811,-0.0874609227257811,0.0547141742785602
22.4190143092695,0,-0.000161199703742028,0,22.4190143092695,-0.000161199703742028,-0.000161199703742028,-0.000161199703742028,0.0167230245622351
23.3384346785706,0,0.0173424537425691,0,23.3384346785706,0.0173424537425691,0.0173424537425691,0.0173424537425691,0.0189266195413323
21.0471310356801,0,0.0617673658141888,0,21.0471310356801,0.0617673658141888,0.0617673658141888,0.0617673658141888,0.047052745863464
18.868464140174,0,-0.0601138815581494,0,18.868464140174,-0.0601138815581494,-0.0601138815581494,-0.0601138815581494,0.0841243606959225
130.216227665708,0,0.0198117493038606,0,130.216227665708,0.0198117493038606,0.0198117493038606,0.0198117493038606,0.0277236387216602
9.87654480749694,0,-0.0946232449189078,0,9.87654480749694,-0.0946232449189078,-0.0946232449189078,-0.0946232449189078,0.0836731049469832
15.7641037476623,0,0.0452974152246685,0,15.7641037476623,0.0452974152246685,0.0452974152246685,0.0452974152246685,0.0222639606786319
14.6925462604222,0,-0.00458452472707301,0,14.6925462604222,-0.00458452472707301,-0.00458452472707301,-0.00458452472707301,0.0444254697733256
18.090757331168,0,0.0268647127129744,0,18.090757331168,0.0268647127129744,0.0268647127129744,0.0268647127129744,0.0533691763562087
8.10146185701589,0,0.0427555806686441,0,8.10146185701589,0.0427555806686441,0.0427555806686441,0.0427555806686441,0.0518433181255775
11.2420027298881,0,-0.0660500012093723,0,11.2420027298881,-0.0660500012093723,-0.0660500012093723,-0.0660500012093723,0.0384705888979592
27.9381463268887,0,-0.0196646199066465,0,27.9381463268887,-0.0196646199066465,-0.0196646199066465,-0.0196646199066465,0.0266030945529787
28.4056044215739,0,-0.0234835133541325,0,28.4056044215739,-0.0234835133541325,-0.0234835133541325,-0.0234835133541325,0.0460235649191708
9.44659083119766,0,-0.0979355343768668,0,9.44659083119766,-0.0979355343768668,-0.0979355343768668,-0.0979355343768668,0.106984919191722
10.6319539160187,0,0.00587821668928426,0,10.6319539160187,0.00587821668928426,0.00587821668928426,0.00587821668928426,0.0434639030773943
23.722803858762,0,0.00435490338959432,0,23.722803858762,0.00435490338959432,0.00435490338959432,0.00435490338959432,0.0172785731987079
8.50941003583372,0,0.0216245749232241,0,8.50941003583372,0.0216245749232241,0.0216245749232241,0.0216245749232241,0.0421940443563595
NA,NA,NA,NA,NA,NA,NA,NA,NA
14.5501339822123,0,-0.0241508994853178,0,14.5501339822123,-0.0241508994853178,-0.0241508994853178,-0.0241508994853178,0.0112761190742462
6.82559417888738,0,-0.0208488602109932,0,6.82559417888738,-0.0208488602109932,-0.0208488602109932,-0.0208488602109932,0.0626238731585564
7.10118523761685,0,-0.0285278978712163,0,7.10118523761685,-0.0285278978712163,-0.0285278978712163,-0.0285278978712163,0.0595492352872805
8.39406695268219,0,0.0167837864563465,0,8.39406695268219,0.0167837864563465,0.0167837864563465,0.0167837864563465,0.0322473662392579
15.3813680380744,0,-0.0235768509494856,0,15.3813680380744,-0.0235768509494856,-0.0235768509494856,-0.0235768509494856,0.0385600790656454
10.9419857642508,0,-0.0876235523401562,0,10.9419857642508,-0.0876235523401562,-0.0876235523401562,-0.0876235523401562,0.0336377588977628
9.567453602661,0,-0.0130573193727359,0,9.567453602661,-0.0130573193727359,-0.0130573193727359,-0.0130573193727359,0.0264340771076804
9.56764954052794,0,-0.00578932875863998,0,9.56764954052794,-0.00578932875863998,-0.00578932875863998,-0.00578932875863998,0.0288617279537588
9.58796747981615,0,0.00725905880614161,0,9.58796747981615,0.00725905880614161,0.00725905880614161,0.00725905880614161,0.0422687684348916
15.1454884083029,0,0.0687427351592194,0,15.1454884083029,0.0687427351592194,0.0687427351592194,0.0687427351592194,0.0334809714396658
9.72468903389732,0,0.0209196079014141,0,9.72468903389732,0.0209196079014141,0.0209196079014141,0.0209196079014141,0.0473210924820652
14.8412385484711,0,0.00805813747067324,0,14.8412385484711,0.00805813747067324,0.00805813747067324,0.00805813747067324,0.0331399934197975
10.6567948708008,0,0.0203455428827325,0,10.6567948708008,0.0203455428827325,0.0203455428827325,0.0203455428827325,0.0367174068081082
15.83958844307,0,0.0399832495665445,0,15.83958844307,0.0399832495665445,0.0399832495665445,0.0399832495665445,0.0130470310288665
17.7014293147066,0,0.0234372077444364,0,17.7014293147066,0.0234372077444364,0.0234372077444364,0.0234372077444364,0.0323786122878216
16.016217440795,0,-0.00369944404825601,0,16.016217440795,-0.00369944404825601,-0.00369944404825601,-0.00369944404825601,0.0376637682579198
21.1131806593051,0,-0.056056653152879,0,21.1131806593051,-0.056056653152879,-0.056056653152879,-0.056056653152879,0.033465829508006
12.511562118753,0,0.010653794636591,0,12.511562118753,0.010653794636591,0.010653794636591,0.010653794636591,0.0542734571116003
11.3110693140974,0,0.00982781565554414,0,11.3110693140974,0.00982781565554414,0.00982781565554414,0.00982781565554414,0.0152975413868066
19.3344521561619,0,-0.0178892890128142,0,19.3344521561619,-0.0178892890128142,-0.0178892890128142,-0.0178892890128142,0.0322365626104049
12.3671082351961,0,0.0210231372322994,0,12.3671082351961,0.0210231372322994,0.0210231372322994,0.0210231372322994,0.0160828742749283
12.3654554745313,0,-0.0686880413546458,0,12.3654554745313,-0.0686880413546458,-0.0686880413546458,-0.0686880413546458,0.0513325050706189
19.2556223171704,0,0.0285945738844167,0,19.2556223171704,0.0285945738844167,0.0285945738844167,0.0285945738844167,0.0139726523520546
34.7312424253189,0,0.00360906084633839,0,34.7312424253189,0.00360906084633839,0.00360906084633839,0.00360906084633839,0.017575833019559
54.7209102152747,0,0.0196726221291343,0,54.7209102152747,0.0196726221291343,0.0196726221291343,0.0196726221291343,0.0109274670854921
6.44620981534856,0,0.014846298512104,0,6.44620981534856,0.014846298512104,0.014846298512104,0.014846298512104,0.0608105741726415
13.7692792179168,0,0.045315959795906,0,13.7692792179168,0.045315959795906,0.045315959795906,0.045315959795906,0.0576659331255503
11.7030101268542,0,0.0664031592294417,0,11.7030101268542,0.0664031592294417,0.0664031592294417,0.0664031592294417,0.0318702419669784
7.36539602284415,0,-0.0247872150245361,0,7.36539602284415,-0.0247872150245361,-0.0247872150245361,-0.0247872150245361,0.114121672795408
7.17535910443418,0,0.0223584830888584,0,7.17535910443418,0.0223584830888584,0.0223584830888584,0.0223584830888584,0.0787357224553916
10.3934503295043,0,0.0619972167608137,0,10.3934503295043,0.0619972167608137,0.0619972167608137,0.0619972167608137,0.0947975137929517
11.8155784180346,0,0.132399483418963,0,11.8155784180346,0.132399483418963,0.132399483418963,0.132399483418963,0.0684128055131695
10.8363107906744,0,-0.028098390818107,0,10.8363107906744,-0.028098390818107,-0.028098390818107,-0.028098390818107,0.071926050301895
11.7003583105711,0,-0.00186774348468509,0,11.7003583105711,-0.00186774348468509,-0.00186774348468509,-0.00186774348468509,0.00589871207554302
14.1717804897526,0,0.027255899623745,0,14.1717804897526,0.027255899623745,0.027255899623745,0.027255899623745,0.0438772018708798
10.4916049522311,0,0.0132463173032987,0,10.4916049522311,0.0132463173032987,0.0132463173032987,0.0132463173032987,0.0267192917518445
12.822729428325,0,-0.0874609227257811,0,12.822729428325,-0.0874609227257811,-0.0874609227257811,-0.0874609227257811,0.0547141742785602
22.4190143092695,0,-0.000161199703742028,0,22.4190143092695,-0.000161199703742028,-0.000161199703742028,-0.000161199703742028,0.0167230245622351
23.3384346785706,0,0.0173424537425691,0,23.3384346785706,0.0173424537425691,0.0173424537425691,0.0173424537425691,0.0189266195413323
21.0471310356801,0,0.0617673658141888,0,21.0471310356801,0.0617673658141888,0.0617673658141888,0.0617673658141888,0.047052745863464
18.868464140174,0,-0.0601138815581494,0,18.868464140174,-0.0601138815581494,-0.0601138815581494,-0.0601138815581494,0.0841243606959225
130.216227665708,0,0.0198117493038606,0,130.216227665708,0.0198117493038606,0.0198117493038606,0.0198117493038606,0.0277236387216602
9.87654480749694,0,-0.0946232449189078,0,9.87654480749694,-0.0946232449189078,-0.0946232449189078,-0.0946232449189078,0.0836731049469832
15.7641037476623,0,0.0452974152246685,0,15.7641037476623,0.0452974152246685,0.0452974152246685,0.0452974152246685,0.0222639606786319
14.6925462604222,0,-0.00458452472707301,0,14.6925462604222,-0.00458452472707301,-0.00458452472707301,-0.00458452472707301,0.0444254697733256
18.090757331168,0,0.0268647127129744,0,18.090757331168,0.0268647127129744,0.0268647127129744,0.0268647127129744,0.0533691763562087
8.10146185701589,0,0.0427555806686441,0,8.10146185701589,0.0427555806686441,0.0427555806686441,0.0427555806686441,0.0518433181255775
11.2420027298881,0,-0.0660500012093723,0,11.2420027298881,-0.0660500012093723,-0.0660500012093723,-0.0660500012093723,0.0384705888979592
27.9381463268887,0,-0.0196646199066465,0,27.9381463268887,-0.0196646199066465,-0.0196646199066465,-0.0196646199066465,0.0266030945529787
28.4056044215739,0,-0.0234835133541325,0,28.4056044215739,-0.0234835133541325,-0.0234835133541325,-0.0234835133541325,0.0460235649191708
9.44659083119766,0,-0.0979355343768668,0,9.44659083119766,-0.0979355343768668,-0.0979355343768668,-0.0979355343768668,0.106984919191722
10.6319539160187,0,0.00587821668928426,0,10.6319539160187,0.00587821668928426,0.00587821668928426,0.00587821668928426,0.0434639030773943
23.722803858762,0,0.00435490338959432,0,23.722803858762,0.00435490338959432,0.00435490338959432,0.00435490338959432,0.0172785731987079
NA,NA,NA,NA,NA,NA,NA,NA,NA
14.5501339822123,0,-0.0241508994853178,0,14.5501339822123,-0.0241508994853178,-0.0241508994853178,-0.0241508994853178,0.0112761190742462
6.82559417888738,0,-0.0208488602109932,0,6.82559417888738,-0.0208488602109932,-0.0208488602109932,-0.0208488602109932,0.0626238731585564
7.10118523761685,0,-0.0285278978712163,0,7.10118523761685,-0.0285278978712163,-0.0285278978712163,-0.0285278978712163,0.0595492352872805
8.39406695268219,0,0.0167837864563465,0,8.39406695268219,0.0167837864563465,0.0167837864563465,0.0167837864563465,0.0322473662392579
15.3813680380744,0,-0.0235768509494856,0,15.3813680380744,-0.0235768509494856,-0.0235768509494856,-0.0235768509494856,0.0385600790656454
10.9419857642508,0,-0.0876235523401562,0,10.9419857642508,-0.0876235523401562,-0.0876235523401562,-0.0876235523401562,0.0336377588977628
9.567453602661,0,-0.0130573193727359,0,9.567453602661,-0.0130573193727359,-0.0130573193727359,-0.0130573193727359,0.0264340771076804
9.56764954052794,0,-0.00578932875863998,0,9.56764954052794,-0.00578932875863998,-0.00578932875863998,-0.00578932875863998,0.0288617279537588
9.58796747981615,0,0.00725905880614161,0,9.58796747981615,0.00725905880614161,0.00725905880614161,0.00725905880614161,0.0422687684348916
15.1454884083029,0,0.0687427351592194,0,15.1454884083029,0.0687427351592194,0.0687427351592194,0.0687427351592194,0.0334809714396658
9.72468903389732,0,0.0209196079014141,0,9.72468903389732,0.0209196079014141,0.0209196079014141,0.0209196079014141,0.0473210924820652
14.8412385484711,0,0.00805813747067324,0,14.8412385484711,0.00805813747067324,0.00805813747067324,0.00805813747067324,0.0331399934197975
10.6567948708008,0,0.0203455428827325,0,10.6567948708008,0.0203455428827325,0.0203455428827325,0.0203455428827325,0.0367174068081082
15.83958844307,0,0.0399832495665445,0,15.83958844307,0.0399832495665445,0.0399832495665445,0.0399832495665445,0.0130470310288665
17.7014293147066,0,0.0234372077444364,0,17.7014293147066,0.0234372077444364,0.0234372077444364,0.0234372077444364,0.0323786122878216
16.016217440795,0,-0.00369944404825601,0,16.016217440795,-0.00369944404825601,-0.00369944404825601,-0.00369944404825601,0.0376637682579198
21.1131806593051,0,-0.056056653152879,0,21.1131806593051,-0.056056653152879,-0.056056653152879,-0.056056653152879,0.033465829508006
12.511562118753,0,0.010653794636591,0,12.511562118753,0.010653794636591,0.010653794636591,0.010653794636591,0.0542734571116003
11.3110693140974,0,0.00982781565554414,0,11.3110693140974,0.00982781565554414,0.00982781565554414,0.00982781565554414,0.0152975413868066
19.3344521561619,0,-0.0178892890128142,0,19.3344521561619,-0.0178892890128142,-0.0178892890128142,-0.0178892890128142,0.0322365626104049
12.3671082351961,0,0.0210231372322994,0,12.3671082351961,0.0210231372322994,0.0210231372322994,0.0210231372322994,0.0160828742749283
12.3654554745313,0,-0.0686880413546458,0,12.3654554745313,-0.0686880413546458,-0.0686880413546458,-0.0686880413546458,0.0513325050706189
19.2556223171704,0,0.0285945738844167,0,19.2556223171704,0.0285945738844167,0.0285945738844167,0.0285945738844167,0.0139726523520546
34.7312424253189,0,0.00360906084633839,0,34.7312424253189,0.00360906084633839,0.00360906084633839,0.00360906084633839,0.017575833019559
54.7209102152747,0,0.0196726221291343,0,54.7209102152747,0.0196726221291343,0.0196726221291343,0.0196726221291343,0.0109274670854921
6.44620981534856,0,0.014846298512104,0,6.44620981534856,0.014846298512104,0.014846298512104,0.014846298512104,0.0608105741726415
13.7692792179168,0,0.045315959795906,0,13.7692792179168,0.045315959795906,0.045315959795906,0.045315959795906,0.0576659331255503
11.7030101268542,0,0.0664031592294417,0,11.7030101268542,0.0664031592294417,0.0664031592294417,0.0664031592294417,0.0318702419669784
7.36539602284415,0,-0.0247872150245361,0,7.36539602284415,-0.0247872150245361,-0.0247872150245361,-0.0247872150245361,0.114121672795408
7.17535910443418,0,0.0223584830888584,0,7.17535910443418,0.0223584830888584,0.0223584830888584,0.0223584830888584,0.0787357224553916
10.3934503295043,0,0.0619972167608137,0,10.3934503295043,0.0619972167608137,0.0619972167608137,0.0619972167608137,0.0947975137929517
11.8155784180346,0,0.132399483418963,0,11.8155784180346,0.132399483418963,0.132399483418963,0.132399483418963,0.0684128055131695
10.8363107906744,0,-0.028098390818107,0,10.8363107906744,-0.028098390818107,-0.028098390818107,-0.028098390818107,0.071926050301895
11.7003583105711,0,-0.00186774348468509,0,11.7003583105711,-0.00186774348468509,-0.00186774348468509,-0.00186774348468509,0.00589871207554302
14.1717804897526,0,0.027255899623745,0,14.1717804897526,0.027255899623745,0.027255899623745,0.027255899623745,0.0438772018708798
10.4916049522311,0,0.0132463173032987,0,10.4916049522311,0.0132463173032987,0.0132463173032987,0.0132463173032987,0.0267192917518445
12.822729428325,0,-0.0874609227257811,0,12.822729428325,-0.0874609227257811,-0.0874609227257811,-0.0874609227257811,0.0547141742785602
22.4190143092695,0,-0.000161199703742028,0,22.4190143092695,-0.000161199703742028,-0.000161199703742028,-0.000161199703742028,0.0167230245622351
23.3384346785706,0,0.0173424537425691,0,23.3384346785706,0.0173424537425691,0.0173424537425691,0.0173424537425691,0.0189266195413323
21.0471310356801,0,0.0617673658141888,0,21.0471310356801,0.0617673658141888,0.0617673658141888,0.0617673658141888,0.047052745863464
18.868464140174,0,-0.0601138815581494,0,18.868464140174,-0.0601138815581494,-0.0601138815581494,-0.0601138815581494,0.0841243606959225
130.216227665708,0,0.0198117493038606,0,130.216227665708,0.0198117493038606,0.0198117493038606,0.0198117493038606,0.0277236387216602
9.87654480749694,0,-0.0946232449189078,0,9.87654480749694,-0.0946232449189078,-0.0946232449189078,-0.0946232449189078,0.0836731049469832
15.7641037476623,0,0.0452974152246685,0,15.7641037476623,0.0452974152246685,0.0452974152246685,0.0452974152246685,0.0222639606786319
14.6925462604222,0,-0.00458452472707301,0,14.6925462604222,-0.00458452472707301,-0.00458452472707301,-0.00458452472707301,0.0444254697733256
18.090757331168,0,0.0268647127129744,0,18.090757331168,0.0268647127129744,0.0268647127129744,0.0268647127129744,0.0533691763562087
8.10146185701589,0,0.0427555806686441,0,8.10146185701589,0.0427555806686441,0.0427555806686441,0.0427555806686441,0.0518433181255775
11.2420027298881,0,-0.0660500012093723,0,11.2420027298881,-0.0660500012093723,-0.0660500012093723,-0.0660500012093723,0.0384705888979592
27.9381463268887,0,-0.0196646199066465,0,27.9381463268887,-0.0196646199066465,-0.0196646199066465,-0.0196646199066465,0.0266030945529787
28.4056044215739,0,-0.0234835133541325,0,28.4056044215739,-0.0234835133541325,-0.0234835133541325,-0.0234835133541325,0.0460235649191708
9.44659083119766,0,-0.0979355343768668,0,9.44659083119766,-0.0979355343768668,-0.0979355343768668,-0.0979355343768668,0.106984919191722
10.6319539160187,0,0.00587821668928426,0,10.6319539160187,0.00587821668928426,0.00587821668928426,0.00587821668928426,0.0434639030773943
23.722803858762,0,0.00435490338959432,0,23.722803858762,0.00435490338959432,0.00435490338959432,0.00435490338959432,0.0172785731987079
NA,NA,NA,NA,NA,NA,NA,NA,NA
14.5501339822123,0,-0.0241508994853178,0,14.5501339822123,-0.0241508994853178,-0.0241508994853178,-0.0241508994853178,0.0112761190742462
6.82559417888738,0,-0.0208488602109932,0,6.82559417888738,-0.0208488602109932,-0.0208488602109932,-0.0208488602109932,0.0626238731585564
7.10118523761685,0,-0.0285278978712163,0,7.10118523761685,-0.0285278978712163,-0.0285278978712163,-0.0285278978712163,0.0595492352872805
8.39406695268219,0,0.0167837864563465,0,8.39406695268219,0.0167837864563465,0.0167837864563465,0.0167837864563465,0.0322473662392579
15.3813680380744,0,-0.0235768509494856,0,15.3813680380744,-0.0235768509494856,-0.0235768509494856,-0.0235768509494856,0.0385600790656454
10.9419857642508,0,-0.0876235523401562,0,10.9419857642508,-0.0876235523401562,-0.0876235523401562,-0.0876235523401562,0.0336377588977628
9.567453602661,0,-0.0130573193727359,0,9.567453602661,-0.0130573193727359,-0.0130573193727359,-0.0130573193727359,0.0264340771076804
9.56764954052794,0,-0.00578932875863998,0,9.56764954052794,-0.00578932875863998,-0.00578932875863998,-0.00578932875863998,0.0288617279537588
9.58796747981615,0,0.00725905880614161,0,9.58796747981615,0.00725905880614161,0.00725905880614161,0.00725905880614161,0.0422687684348916
15.1454884083029,0,0.0687427351592194,0,15.1454884083029,0.0687427351592194,0.0687427351592194,0.0687427351592194,0.0334809714396658
9.72468903389732,0,0.0209196079014141,0,9.72468903389732,0.0209196079014141,0.0209196079014141,0.0209196079014141,0.0473210924820652
14.8412385484711,0,0.00805813747067324,0,14.8412385484711,0.00805813747067324,0.00805813747067324,0.00805813747067324,0.0331399934197975
10.6567948708008,0,0.0203455428827325,0,10.6567948708008,0.0203455428827325,0.0203455428827325,0.0203455428827325,0.0367174068081082
15.83958844307,0,0.0399832495665445,0,15.83958844307,0.0399832495665445,0.0399832495665445,0.0399832495665445,0.0130470310288665
17.7014293147066,0,0.0234372077444364,0,17.7014293147066,0.0234372077444364,0.0234372077444364,0.0234372077444364,0.0323786122878216
16.016217440795,0,-0.00369944404825601,0,16.016217440795,-0.00369944404825601,-0.00369944404825601,-0.00369944404825601,0.0376637682579198
21.1131806593051,0,-0.056056653152879,0,21.1131806593051,-0.056056653152879,-0.056056653152879,-0.056056653152879,0.033465829508006
12.511562118753,0,0.010653794636591,0,12.511562118753,0.010653794636591,0.010653794636591,0.010653794636591,0.0542734571116003
11.3110693140974,0,0.00982781565554414,0,11.3110693140974,0.00982781565554414,0.00982781565554414,0.00982781565554414,0.0152975413868066
19.3344521561619,0,-0.0178892890128142,0,19.3344521561619,-0.0178892890128142,-0.0178892890128142,-0.0178892890128142,0.0322365626104049
12.3671082351961,0,0.0210231372322994,0,12.3671082351961,0.0210231372322994,0.0210231372322994,0.0210231372322994,0.0160828742749283
12.3654554745313,0,-0.0686880413546458,0,12.3654554745313,-0.0686880413546458,-0.0686880413546458,-0.0686880413546458,0.0513325050706189
19.2556223171704,0,0.0285945738844167,0,19.2556223171704,0.0285945738844167,0.0285945738844167,0.0285945738844167,0.0139726523520546
34.7312424253189,0,0.00360906084633839,0,34.7312424253189,0.00360906084633839,0.00360906084633839,0.00360906084633839,0.017575833019559
54.7209102152747,0,0.0196726221291343,0,54.7209102152747,0.0196726221291343,0.0196726221291343,0.0196726221291343,0.0109274670854921
6.44620981534856,0,0.014846298512104,0,6.44620981534856,0.014846298512104,0.014846298512104,0.014846298512104,0.0608105741726415
13.7692792179168,0,0.045315959795906,0,13.7692792179168,0.045315959795906,0.045315959795906,0.045315959795906,0.0576659331255503
11.7030101268542,0,0.0664031592294417,0,11.7030101268542,0.0664031592294417,0.0664031592294417,0.0664031592294417,0.0318702419669784
7.36539602284415,0,-0.0247872150245361,0,7.36539602284415,-0.0247872150245361,-0.0247872150245361,-0.0247872150245361,0.114121672795408
7.17535910443418,0,0.0223584830888584,0,7.17535910443418,0.0223584830888584,0.0223584830888584,0.0223584830888584,0.0787357224553916
10.3934503295043,0,0.0619972167608137,0,10.3934503295043,0.0619972167608137,0.0619972167608137,0.0619972167608137,0.0947975137929517
11.8155784180346,0,0.132399483418963,0,11.8155784180346,0.132399483418963,0.132399483418963,0.132399483418963,0.0684128055131695
10.8363107906744,0,-0.028098390818107,0,10.8363107906744,-0.028098390818107,-0.028098390818107,-0.028098390818107,0.071926050301895
11.7003583105711,0,-0.00186774348468509,0,11.7003583105711,-0.00186774348468509,-0.00186774348468509,-0.00186774348468509,0.00589871207554302
14.1717804897526,0,0.027255899623745,0,14.1717804897526,0.027255899623745,0.027255899623745,0.027255899623745,0.0438772018708798
10.4916049522311,0,0.0132463173032987,0,10.4916049522311,0.0132463173032987,0.0132463173032987,0.0132463173032987,0.0267192917518445
12.822729428325,0,-0.0874609227257811,0,12.822729428325,-0.0874609227257811,-0.0874609227257811,-0.0874609227257811,0.0547141742785602
22.4190143092695,0,-0.000161199703742028,0,22.4190143092695,-0.000161199703742028,-0.000161199703742028,-0.000161199703742028,0.0167230245622351
23.3384346785706,0,0.0173424537425691,0,23.3384346785706,0.0173424537425691,0.0173424537425691,0.0173424537425691,0.0189266195413323
21.0471310356801,0,0.0617673658141888,0,21.0471310356801,0.0617673658141888,0.0617673658141888,0.0617673658141888,0.047052745863464
18.868464140174,0,-0.0601138815581494,0,18.868464140174,-0.0601138815581494,-0.0601138815581494,-0.0601138815581494,0.0841243606959225
130.216227665708,0,0.0198117493038606,0,130.216227665708,0.0198117493038606,0.0198117493038606,0.0198117493038606,0.0277236387216602
9.87654480749694,0,-0.0946232449189078,0,9.87654480749694,-0.0946232449189078,-0.0946232449189078,-0.0946232449189078,0.0836731049469832
15.7641037476623,0,0.0452974152246685,0,15.7641037476623,0.0452974152246685,0.0452974152246685,0.0452974152246685,0.0222639606786319
14.6925462604222,0,-0.00458452472707301,0,14.6925462604222,-0.00458452472707301,-0.00458452472707301,-0.00458452472707301,0.0444254697733256
18.090757331168,0,0.0268647127129744,0,18.090757331168,0.0268647127129744,0.0268647127129744,0.0268647127129744,0.0533691763562087
8.10146185701589,0,0.0427555806686441,0,8.10146185701589,0.0427555806686441,0.0427555806686441,0.0427555806686441,0.0518433181255775
11.2420027298881,0,-0.0660500012093723,0,11.2420027298881,-0.0660500012093723,-0.0660500012093723,-0.0660500012093723,0.0384705888979592
27.9381463268887,0,-0.0196646199066465,0,27.9381463268887,-0.0196646199066465,-0.0196646199066465,-0.0196646199066465,0.0266030945529787
28.4056044215739,0,-0.0234835133541325,0,28.4056044215739,-0.0234835133541325,-0.0234835133541325,-0.0234835133541325,0.0460235649191708
9.44659083119766,0,-0.0979355343768668,0,9.44659083119766,-0.0979355343768668,-0.0979355343768668,-0.0979355343768668,0.106984919191722
10.6319539160187,0,0.00587821668928426,0,10.6319539160187,0.00587821668928426,0.00587821668928426,0.00587821668928426,0.0434639030773943
23.722803858762,0,0.00435490338959432,0,23.722803858762,0.00435490338959432,0.00435490338959432,0.00435490338959432,0.0172785731987079
NA,NA,NA,NA,NA,NA,NA,NA,NA
14.5501339822123,0,-0.0241508994853178,0,14.5501339822123,-0.0241508994853178,-0.0241508994853178,-0.0241508994853178,0.0112761190742462
6.82559417888738,0,-0.0208488602109932,0,6.82559417888738,-0.0208488602109932,-0.0208488602109932,-0.0208488602109932,0.0626238731585564
7.10118523761685,0,-0.0285278978712163,0,7.10118523761685,-0.0285278978712163,-0.0285278978712163,-0.0285278978712163,0.0595492352872805
8.39406695268219,0,0.0167837864563465,0,8.39406695268219,0.0167837864563465,0.0167837864563465,0.0167837864563465,0.0322473662392579
15.3813680380744,0,-0.0235768509494856,0,15.3813680380744,-0.0235768509494856,-0.0235768509494856,-0.0235768509494856,0.0385600790656454
10.9419857642508,0,-0.0876235523401562,0,10.9419857642508,-0.0876235523401562,-0.0876235523401562,-0.0876235523401562,0.0336377588977628
9.567453602661,0,-0.0130573193727359,0,9.567453602661,-0.0130573193727359,-0.0130573193727359,-0.0130573193727359,0.0264340771076804
9.56764954052794,0,-0.00578932875863998,0,9.56764954052794,-0.00578932875863998,-0.00578932875863998,-0.00578932875863998,0.0288617279537588
9.58796747981615,0,0.00725905880614161,0,9.58796747981615,0.00725905880614161,0.00725905880614161,0.00725905880614161,0.0422687684348916
15.1454884083029,0,0.0687427351592194,0,15.1454884083029,0.0687427351592194,0.0687427351592194,0.0687427351592194,0.0334809714396658
9.72468903389732,0,0.0209196079014141,0,9.72468903389732,0.0209196079014141,0.0209196079014141,0.0209196079014141,0.0473210924820652
14.8412385484711,0,0.00805813747067324,0,14.8412385484711,0.00805813747067324,0.00805813747067324,0.00805813747067324,0.0331399934197975
10.6567948708008,0,0.0203455428827325,0,10.6567948708008,0.0203455428827325,0.0203455428827325,0.0203455428827325,0.0367174068081082
15.83958844307,0,0.0399832495665445,0,15.83958844307,0.0399832495665445,0.0399832495665445,0.0399832495665445,0.0130470310288665
17.7014293147066,0,0.0234372077444364,0,17.7014293147066,0.0234372077444364,0.0234372077444364,0.0234372077444364,0.0323786122878216
16.016217440795,0,-0.00369944404825601,0,16.016217440795,-0.00369944404825601,-0.00369944404825601,-0.00369944404825601,0.0376637682579198
21.1131806593051,0,-0.056056653152879,0,21.1131806593051,-0.056056653152879,-0.056056653152879,-0.056056653152879,0.033465829508006
12.511562118753,0,0.010653794636591,0,12.511562118753,0.010653794636591,0.010653794636591,0.010653794636591,0.0542734571116003
11.3110693140974,0,0.00982781565554414,0,11.3110693140974,0.00982781565554414,0.00982781565554414,0.00982781565554414,0.0152975413868066
19.3344521561619,0,-0.0178892890128142,0,19.3344521561619,-0.0178892890128142,-0.0178892890128142,-0.0178892890128142,0.0322365626104049
12.3671082351961,0,0.0210231372322994,0,12.3671082351961,0.0210231372322994,0.0210231372322994,0.0210231372322994,0.0160828742749283
12.3654554745313,0,-0.0686880413546458,0,12.3654554745313,-0.0686880413546458,-0.0686880413546458,-0.0686880413546458,0.0513325050706189
19.2556223171704,0,0.0285945738844167,0,19.2556223171704,0.0285945738844167,0.0285945738844167,0.0285945738844167,0.0139726523520546
34.7312424253189,0,0.00360906084633839,0,34.7312424253189,0.00360906084633839,0.00360906084633839,0.00360906084633839,0.017575833019559
54.7209102152747,0,0.0196726221291343,0,54.7209102152747,0.0196726221291343,0.0196726221291343,0.0196726221291343,0.0109274670854921
6.44620981534856,0,0.014846298512104,0,6.44620981534856,0.014846298512104,0.014846298512104,0.014846298512104,0.0608105741726415
13.7692792179168,0,0.045315959795906,0,13.7692792179168,0.045315959795906,0.045315959795906,0.045315959795906,0.0576659331255503
11.7030101268542,0,0.0664031592294417,0,11.7030101268542,0.0664031592294417,0.0664031592294417,0.0664031592294417,0.0318702419669784
7.36539602284415,0,-0.0247872150245361,0,7.36539602284415,-0.0247872150245361,-0.0247872150245361,-0.0247872150245361,0.114121672795408
7.17535910443418,0,0.0223584830888584,0,7.17535910443418,0.0223584830888584,0.0223584830888584,0.0223584830888584,0.0787357224553916
10.3934503295043,0,0.0619972167608137,0,10.3934503295043,0.0619972167608137,0.0619972167608137,0.0619972167608137,0.0947975137929517
11.8155784180346,0,0.132399483418963,0,11.8155784180346,0.132399483418963,0.132399483418963,0.132399483418963,0.0684128055131695
10.8363107906744,0,-0.028098390818107,0,10.8363107906744,-0.028098390818107,-0.028098390818107,-0.028098390818107,0.071926050301895
11.7003583105711,0,-0.00186774348468509,0,11.7003583105711,-0.00186774348468509,-0.00186774348468509,-0.00186774348468509,0.00589871207554302
14.1717804897526,0,0.027255899623745,0,14.1717804897526,0.027255899623745,0.027255899623745,0.027255899623745,0.0438772018708798
10.4916049522311,0,0.0132463173032987,0,10.4916049522311,0.0132463173032987,0.0132463173032987,0.0132463173032987,0.0267192917518445
12.822729428325,0,-0.0874609227257811,0,12.822729428325,-0.0874609227257811,-0.0874609227257811,-0.0874609227257811,0.0547141742785602
22.4190143092695,0,-0.000161199703742028,0,22.4190143092695,-0.000161199703742028,-0.000161199703742028,-0.000161199703742028,0.0167230245622351
23.3384346785706,0,0.0173424537425691,0,23.3384346785706,0.0173424537425691,0.0173424537425691,0.0173424537425691,0.0189266195413323
21.0471310356801,0,0.0617673658141888,0,21.0471310356801,0.0617673658141888,0.0617673658141888,0.0617673658141888,0.047052745863464
18.868464140174,0,-0.0601138815581494,0,18.868464140174,-0.0601138815581494,-0.0601138815581494,-0.0601138815581494,0.0841243606959225
130.216227665708,0,0.0198117493038606,0,130.216227665708,0.0198117493038606,0.0198117493038606,0.0198117493038606,0.0277236387216602
9.87654480749694,0,-0.0946232449189078,0,9.87654480749694,-0.0946232449189078,-0.0946232449189078,-0.0946232449189078,0.0836731049469832
15.7641037476623,0,0.0452974152246685,0,15.7641037476623,0.0452974152246685,0.0452974152246685,0.0452974152246685,0.0222639606786319
14.6925462604222,0,-0.00458452472707301,0,14.6925462604222,-0.00458452472707301,-0.00458452472707301,-0.00458452472707301,0.0444254697733256
18.090757331168,0,0.0268647127129744,0,18.090757331168,0.0268647127129744,0.0268647127129744,0.0268647127129744,0.0533691763562087
8.10146185701589,0,0.0427555806686441,0,8.10146185701589,0.0427555806686441,0.0427555806686441,0.0427555806686441,0.0518433181255775
11.2420027298881,0,-0.0660500012093723,0,11.2420027298881,-0.0660500012093723,-0.0660500012093723,-0.0660500012093723,0.0384705888979592
27.9381463268887,0,-0.0196646199066465,0,27.9381463268887,-0.0196646199066465,-0.0196646199066465,-0.0196646199066465,0.0266030945529787
28.4056044215739,0,-0.0234835133541325,0,28.4056044215739,-0.0234835133541325,-0.0234835133541325,-0.0234835133541325,0.0460235649191708
9.44659083119766,0,-0.0979355343768668,0,9.44659083119766,-0.0979355343768668,-0.0979355343768668,-0.0979355343768668,0.106984919191722
10.6319539160187,0,0.00587821668928426,0,10.6319539160187,0.00587821668928426,0.00587821668928426,0.00587821668928426,0.0434639030773943
23.722803858762,0,0.00435490338959432,0,23.722803858762,0.00435490338959432,0.00435490338959432,0.00435490338959432,0.0172785731987079
NA,NA,NA,NA,NA,NA,NA,NA,NA
14.5501339822123,0,-0.0241508994853178,0,14.5501339822123,-0.0241508994853178,-0.0241508994853178,-0.0241508994853178,0.0112761190742462
6.82559417888738,0,-0.0208488602109932,0,6.82559417888738,-0.0208488602109932,-0.0208488602109932,-0.0208488602109932,0.0626238731585564
7.10118523761685,0,-0.0285278978712163,0,7.10118523761685,-0.0285278978712163,-0.0285278978712163,-0.0285278978712163,0.0595492352872805
8.39406695268219,0,0.0167837864563465,0,8.39406695268219,0.0167837864563465,0.0167837864563465,0.0167837864563465,0.0322473662392579
15.3813680380744,0,-0.0235768509494856,0,15.3813680380744,-0.0235768509494856,-0.0235768509494856,-0.0235768509494856,0.0385600790656454
10.9419857642508,0,-0.0876235523401562,0,10.9419857642508,-0.0876235523401562,-0.0876235523401562,-0.0876235523401562,0.0336377588977628
9.567453602661,0,-0.0130573193727359,0,9.567453602661,-0.0130573193727359,-0.0130573193727359,-0.0130573193727359,0.0264340771076804
9.56764954052794,0,-0.00578932875863998,0,9.56764954052794,-0.00578932875863998,-0.00578932875863998,-0.00578932875863998,0.0288617279537588
9.58796747981615,0,0.00725905880614161,0,9.58796747981615,0.00725905880614161,0.00725905880614161,0.00725905880614161,0.0422687684348916
15.1454884083029,0,0.0687427351592194,0,15.1454884083029,0.0687427351592194,0.0687427351592194,0.0687427351592194,0.0334809714396658
9.72468903389732,0,0.0209196079014141,0,9.72468903389732,0.0209196079014141,0.0209196079014141,0.0209196079014141,0.0473210924820652
14.8412385484711,0,0.00805813747067324,0,14.8412385484711,0.00805813747067324,0.00805813747067324,0.00805813747067324,0.0331399934197975
10.6567948708008,0,0.0203455428827325,0,10.6567948708008,0.0203455428827325,0.0203455428827325,0.0203455428827325,0.0367174068081082
15.83958844307,0,0.0399832495665445,0,15.83958844307,0.0399832495665445,0.0399832495665445,0.0399832495665445,0.0130470310288665
17.7014293147066,0,0.0234372077444364,0,17.7014293147066,0.0234372077444364,0.0234372077444364,0.0234372077444364,0.0323786122878216
16.016217440795,0,-0.00369944404825601,0,16.016217440795,-0.00369944404825601,-0.00369944404825601,-0.00369944404825601,0.0376637682579198
21.1131806593051,0,-0.056056653152879,0,21.1131806593051,-0.056056653152879,-0.056056653152879,-0.056056653152879,0.033465829508006
12.511562118753,0,0.010653794636591,0,12.511562118753,0.010653794636591,0.010653794636591,0.010653794636591,0.0542734571116003
11.3110693140974,0,0.00982781565554414,0,11.3110693140974,0.00982781565554414,0.00982781565554414,0.00982781565554414,0.0152975413868066
19.3344521561619,0,-0.0178892890128142,0,19.3344521561619,-0.0178892890128142,-0.0178892890128142,-0.0178892890128142,0.0322365626104049
12.3671082351961,0,0.0210231372322994,0,12.3671082351961,0.0210231372322994,0.0210231372322994,0.0210231372322994,0.0160828742749283
12.3654554745313,0,-0.0686880413546458,0,12.3654554745313,-0.0686880413546458,-0.0686880413546458,-0.0686880413546458,0.0513325050706189
19.2556223171704,0,0.0285945738844167,0,19.2556223171704,0.0285945738844167,0.0285945738844167,0.0285945738844167,0.0139726523520546
34.7312424253189,0,0.00360906084633839,0,34.7312424253189,0.00360906084633839,0.00360906084633839,0.00360906084633839,0.017575833019559
54.7209102152747,0,0.0196726221291343,0,54.7209102152747,0.0196726221291343,0.0196726221291343,0.0196726221291343,0.0109274670854921
6.44620981534856,0,0.014846298512104,0,6.44620981534856,0.014846298512104,0.014846298512104,0.014846298512104,0.0608105741726415
13.7692792179168,0,0.045315959795906,0,13.7692792179168,0.045315959795906,0.045315959795906,0.045315959795906,0.0576659331255503
11.7030101268542,0,0.0664031592294417,0,11.7030101268542,0.0664031592294417,0.0664031592294417,0.0664031592294417,0.0318702419669784
7.36539602284415,0,-0.0247872150245361,0,7.36539602284415,-0.0247872150245361,-0.0247872150245361,-0.0247872150245361,0.114121672795408
7.17535910443418,0,0.0223584830888584,0,7.17535910443418,0.0223584830888584,0.0223584830888584,0.0223584830888584,0.0787357224553916
10.3934503295043,0,0.0619972167608137,0,10.3934503295043,0.0619972167608137,0.0619972167608137,0.0619972167608137,0.0947975137929517
11.8155784180346,0,0.132399483418963,0,11.8155784180346,0.132399483418963,0.132399483418963,0.132399483418963,0.0684128055131695
10.8363107906744,0,-0.028098390818107,0,10.8363107906744,-0.028098390818107,-0.028098390818107,-0.028098390818107,0.071926050301895
11.7003583105711,0,-0.00186774348468509,0,11.7003583105711,-0.00186774348468509,-0.00186774348468509,-0.00186774348468509,0.00589871207554302
14.1717804897526,0,0.027255899623745,0,14.1717804897526,0.027255899623745,0.027255899623745,0.027255899623745,0.0438772018708798
10.4916049522311,0,0.0132463173032987,0,10.4916049522311,0.0132463173032987,0.0132463173032987,0.0132463173032987,0.0267192917518445
12.822729428325,0,-0.0874609227257811,0,12.822729428325,-0.0874609227257811,-0.0874609227257811,-0.0874609227257811,0.0547141742785602
22.4190143092695,0,-0.000161199703742028,0,22.4190143092695,-0.000161199703742028,-0.000161199703742028,-0.000161199703742028,0.0167230245622351
23.3384346785706,0,0.0173424537425691,0,23.3384346785706,0.0173424537425691,0.0173424537425691,0.0173424537425691,0.0189266195413323
21.0471310356801,0,0.0617673658141888,0,21.0471310356801,0.0617673658141888,0.0617673658141888,0.0617673658141888,0.047052745863464
18.868464140174,0,-0.0601138815581494,0,18.868464140174,-0.0601138815581494,-0.0601138815581494,-0.0601138815581494,0.0841243606959225
130.216227665708,0,0.0198117493038606,0,130.216227665708,0.0198117493038606,0.0198117493038606,0.0198117493038606,0.0277236387216602
9.87654480749694,0,-0.0946232449189078,0,9.87654480749694,-0.0946232449189078,-0.0946232449189078,-0.0946232449189078,0.0836731049469832
15.7641037476623,0,0.0452974152246685,0,15.7641037476623,0.0452974152246685,0.0452974152246685,0.0452974152246685,0.0222639606786319
14.6925462604222,0,-0.00458452472707301,0,14.6925462604222,-0.00458452472707301,-0.00458452472707301,-0.00458452472707301,0.0444254697733256
18.090757331168,0,0.0268647127129744,0,18.090757331168,0.0268647127129744,0.0268647127129744,0.0268647127129744,0.0533691763562087
8.10146185701589,0,0.0427555806686441,0,8.10146185701589,0.0427555806686441,0.0427555806686441,0.0427555806686441,0.0518433181255775
11.2420027298881,0,-0.0660500012093723,0,11.2420027298881,-0.0660500012093723,-0.0660500012093723,-0.0660500012093723,0.0384705888979592
27.9381463268887,0,-0.0196646199066465,0,27.9381463268887,-0.0196646199066465,-0.0196646199066465,-0.0196646199066465,0.0266030945529787
28.4056044215739,0,-0.0234835133541325,0,28.4056044215739,-0.0234835133541325,-0.0234835133541325,-0.0234835133541325,0.0460235649191708
9.44659083119766,0,-0.0979355343768668,0,9.44659083119766,-0.0979355343768668,-0.0979355343768668,-0.0979355343768668,0.106984919191722
10.6319539160187,0,0.00587821668928426,0,10.6319539160187,0.00587821668928426,0.00587821668928426,0.00587821668928426,0.0434639030773943
23.722803858762,0,0.00435490338959432,0,23.722803858762,0.00435490338959432,0.00435490338959432,0.00435490338959432,0.0172785731987079
NA,NA,NA,NA,NA,NA,NA,NA,NA
14.5501339822123,0,-0.0241508994853178,0,14.5501339822123,-0.0241508994853178,-0.0241508994853178,-0.0241508994853178,0.0112761190742462
6.82559417888738,0,-0.0208488602109932,0,6.82559417888738,-0.0208488602109932,-0.0208488602109932,-0.0208488602109932,0.0626238731585564
7.10118523761685,0,-0.0285278978712163,0,7.10118523761685,-0.0285278978712163,-0.0285278978712163,-0.0285278978712163,0.0595492352872805
8.39406695268219,0,0.0167837864563465,0,8.39406695268219,0.0167837864563465,0.0167837864563465,0.0167837864563465,0.0322473662392579
15.3813680380744,0,-0.0235768509494856,0,15.3813680380744,-0.0235768509494856,-0.0235768509494856,-0.0235768509494856,0.0385600790656454
10.9419857642508,0,-0.0876235523401562,0,10.9419857642508,-0.0876235523401562,-0.0876235523401562,-0.0876235523401562,0.0336377588977628
9.567453602661,0,-0.0130573193727359,0,9.567453602661,-0.0130573193727359,-0.0130573193727359,-0.0130573193727359,0.0264340771076804
9.56764954052794,0,-0.00578932875863998,0,9.56764954052794,-0.00578932875863998,-0.00578932875863998,-0.00578932875863998,0.0288617279537588
9.58796747981615,0,0.00725905880614161,0,9.58796747981615,0.00725905880614161,0.00725905880614161,0.00725905880614161,0.0422687684348916
15.1454884083029,0,0.0687427351592194,0,15.1454884083029,0.0687427351592194,0.0687427351592194,0.0687427351592194,0.0334809714396658
9.03381024943225,0,-0.0258591277728825,0,9.03381024943225,-0.0258591277728825,-0.0258591277728825,-0.0258591277728825,0.0210013285642308
14.8412385484711,0,0.00805813747067324,0,14.8412385484711,0.00805813747067324,0.00805813747067324,0.00805813747067324,0.0331399934197975
10.6567948708008,0,0.0203455428827325,0,10.6567948708008,0.0203455428827325,0.0203455428827325,0.0203455428827325,0.0367174068081082
15.83958844307,0,0.0399832495665445,0,15.83958844307,0.0399832495665445,0.0399832495665445,0.0399832495665445,0.0130470310288665
17.7014293147066,0,0.0234372077444364,0,17.7014293147066,0.0234372077444364,0.0234372077444364,0.0234372077444364,0.0323786122878216
16.016217440795,0,-0.00369944404825601,0,16.016217440795,-0.00369944404825601,-0.00369944404825601,-0.00369944404825601,0.0376637682579198
21.1131806593051,0,-0.056056653152879,0,21.1131806593051,-0.056056653152879,-0.056056653152879,-0.056056653152879,0.033465829508006
12.511562118753,0,0.010653794636591,0,12.511562118753,0.010653794636591,0.010653794636591,0.010653794636591,0.0542734571116003
11.3110693140974,0,0.00982781565554414,0,11.3110693140974,0.00982781565554414,0.00982781565554414,0.00982781565554414,0.0152975413868066
19.3344521561619,0,-0.0178892890128142,0,19.3344521561619,-0.0178892890128142,-0.0178892890128142,-0.0178892890128142,0.0322365626104049
12.3671082351961,0,0.0210231372322994,0,12.3671082351961,0.0210231372322994,0.0210231372322994,0.0210231372322994,0.0160828742749283
12.3654554745313,0,-0.0686880413546458,0,12.3654554745313,-0.0686880413546458,-0.0686880413546458,-0.0686880413546458,0.0513325050706189
19.2556223171704,0,0.0285945738844167,0,19.2556223171704,0.0285945738844167,0.0285945738844167,0.0285945738844167,0.0139726523520546
34.7312424253189,0,0.00360906084633839,0,34.7312424253189,0.00360906084633839,0.00360906084633839,0.00360906084633839,0.017575833019559
54.7209102152747,0,0.0196726221291343,0,54.7209102152747,0.0196726221291343,0.0196726221291343,0.0196726221291343,0.0109274670854921
6.44620981534856,0,0.014846298512104,0,6.44620981534856,0.014846298512104,0.014846298512104,0.014846298512104,0.0608105741726415
13.7692792179168,0,0.045315959795906,0,13.7692792179168,0.045315959795906,0.045315959795906,0.045315959795906,0.0576659331255503
11.7030101268542,0,0.0664031592294417,0,11.7030101268542,0.0664031592294417,0.0664031592294417,0.0664031592294417,0.0318702419669784
7.36539602284415,0,-0.0247872150245361,0,7.36539602284415,-0.0247872150245361,-0.0247872150245361,-0.0247872150245361,0.114121672795408
7.17535910443418,0,0.0223584830888584,0,7.17535910443418,0.0223584830888584,0.0223584830888584,0.0223584830888584,0.0787357224553916
10.3934503295043,0,0.0619972167608137,0,10.3934503295043,0.0619972167608137,0.0619972167608137,0.0619972167608137,0.0947975137929517
11.8155784180346,0,0.132399483418963,0,11.8155784180346,0.132399483418963,0.132399483418963,0.132399483418963,0.0684128055131695
10.8363107906744,0,-0.028098390818107,0,10.8363107906744,-0.028098390818107,-0.028098390818107,-0.028098390818107,0.071926050301895
11.7003583105711,0,-0.00186774348468509,0,11.7003583105711,-0.00186774348468509,-0.00186774348468509,-0.00186774348468509,0.00589871207554302
14.1717804897526,0,0.027255899623745,0,14.1717804897526,0.027255899623745,0.027255899623745,0.027255899623745,0.0438772018708798
10.4916049522311,0,0.0132463173032987,0,10.4916049522311,0.0132463173032987,0.0132463173032987,0.0132463173032987,0.0267192917518445
12.822729428325,0,-0.0874609227257811,0,12.822729428325,-0.0874609227257811,-0.0874609227257811,-0.0874609227257811,0.0547141742785602
22.4190143092695,0,-0.000161199703742028,0,22.4190143092695,-0.000161199703742028,-0.000161199703742028,-0.000161199703742028,0.0167230245622351
23.3384346785706,0,0.0173424537425691,0,23.3384346785706,0.0173424537425691,0.0173424537425691,0.0173424537425691,0.0189266195413323
21.0471310356801,0,0.0617673658141888,0,21.0471310356801,0.0617673658141888,0.0617673658141888,0.0617673658141888,0.047052745863464
18.868464140174,0,-0.0601138815581494,0,18.868464140174,-0.0601138815581494,-0.0601138815581494,-0.0601138815581494,0.0841243606959225
130.216227665708,0,0.0198117493038606,0,130.216227665708,0.0198117493038606,0.0198117493038606,0.0198117493038606,0.0277236387216602
9.87654480749694,0,-0.0946232449189078,0,9.87654480749694,-0.0946232449189078,-0.0946232449189078,-0.0946232449189078,0.0836731049469832
15.7641037476623,0,0.0452974152246685,0,15.7641037476623,0.0452974152246685,0.0452974152246685,0.0452974152246685,0.0222639606786319
14.6925462604222,0,-0.00458452472707301,0,14.6925462604222,-0.00458452472707301,-0.00458452472707301,-0.00458452472707301,0.0444254697733256
18.090757331168,0,0.0268647127129744,0,18.090757331168,0.0268647127129744,0.0268647127129744,0.0268647127129744,0.0533691763562087
8.10146185701589,0,0.0427555806686441,0,8.10146185701589,0.0427555806686441,0.0427555806686441,0.0427555806686441,0.0518433181255775
11.2420027298881,0,-0.0660500012093723,0,11.2420027298881,-0.0660500012093723,-0.0660500012093723,-0.0660500012093723,0.0384705888979592
27.9381463268887,0,-0.0196646199066465,0,27.9381463268887,-0.0196646199066465,-0.0196646199066465,-0.0196646199066465,0.0266030945529787
28.4056044215739,0,-0.0234835133541325,0,28.4056044215739,-0.0234835133541325,-0.0234835133541325,-0.0234835133541325,0.0460235649191708
9.44659083119766,0,-0.0979355343768668,0,9.44659083119766,-0.0979355343768668,-0.0979355343768668,-0.0979355343768668,0.106984919191722
10.6319539160187,0,0.00587821668928426,0,10.6319539160187,0.00587821668928426,0.00587821668928426,0.00587821668928426,0.0434639030773943
23.722803858762,0,0.00435490338959432,0,23.722803858762,0.00435490338959432,0.00435490338959432,0.00435490338959432,0.0172785731987079
NA,NA,NA,NA,NA,NA,NA,NA,NA
14.5501339822123,0,-0.0241508994853178,0,14.5501339822123,-0.0241508994853178,-0.0241508994853178,-0.0241508994853178,0.0112761190742462
6.82559417888738,0,-0.0208488602109932,0,6.82559417888738,-0.0208488602109932,-0.0208488602109932,-0.0208488602109932,0.0626238731585564
7.10118523761685,0,-0.0285278978712163,0,7.10118523761685,-0.0285278978712163,-0.0285278978712163,-0.0285278978712163,0.0595492352872805
8.39406695268219,0,0.0167837864563465,0,8.39406695268219,0.0167837864563465,0.0167837864563465,0.0167837864563465,0.0322473662392579
15.3813680380744,0,-0.0235768509494856,0,15.3813680380744,-0.0235768509494856,-0.0235768509494856,-0.0235768509494856,0.0385600790656454
10.9419857642508,0,-0.0876235523401562,0,10.9419857642508,-0.0876235523401562,-0.0876235523401562,-0.0876235523401562,0.0336377588977628
9.567453602661,0,-0.0130573193727359,0,9.567453602661,-0.0130573193727359,-0.0130573193727359,-0.0130573193727359,0.0264340771076804
9.56764954052794,0,-0.00578932875863998,0,9.56764954052794,-0.00578932875863998,-0.00578932875863998,-0.00578932875863998,0.0288617279537588
9.58796747981615,0,0.00725905880614161,0,9.58796747981615,0.00725905880614161,0.00725905880614161,0.00725905880614161,0.0422687684348916
15.1454884083029,0,0.0687427351592194,0,15.1454884083029,0.0687427351592194,0.0687427351592194,0.0687427351592194,0.0334809714396658
9.03381024943225,0,-0.0258591277728825,0,9.03381024943225,-0.0258591277728825,-0.0258591277728825,-0.0258591277728825,0.0210013285642308
14.8412385484711,0,0.00805813747067324,0,14.8412385484711,0.00805813747067324,0.00805813747067324,0.00805813747067324,0.0331399934197975
10.6567948708008,0,0.0203455428827325,0,10.6567948708008,0.0203455428827325,0.0203455428827325,0.0203455428827325,0.0367174068081082
15.83958844307,0,0.0399832495665445,0,15.83958844307,0.0399832495665445,0.0399832495665445,0.0399832495665445,0.0130470310288665
17.7014293147066,0,0.0234372077444364,0,17.7014293147066,0.0234372077444364,0.0234372077444364,0.0234372077444364,0.0323786122878216
16.016217440795,0,-0.00369944404825601,0,16.016217440795,-0.00369944404825601,-0.00369944404825601,-0.00369944404825601,0.0376637682579198
21.1131806593051,0,-0.056056653152879,0,21.1131806593051,-0.056056653152879,-0.056056653152879,-0.056056653152879,0.033465829508006
12.511562118753,0,0.010653794636591,0,12.511562118753,0.010653794636591,0.010653794636591,0.010653794636591,0.0542734571116003
11.3110693140974,0,0.00982781565554414,0,11.3110693140974,0.00982781565554414,0.00982781565554414,0.00982781565554414,0.0152975413868066
19.3344521561619,0,-0.0178892890128142,0,19.3344521561619,-0.0178892890128142,-0.0178892890128142,-0.0178892890128142,0.0322365626104049
12.3671082351961,0,0.0210231372322994,0,12.3671082351961,0.0210231372322994,0.0210231372322994,0.0210231372322994,0.0160828742749283
12.3654554745313,0,-0.0686880413546458,0,12.3654554745313,-0.0686880413546458,-0.0686880413546458,-0.0686880413546458,0.0513325050706189
19.2556223171704,0,0.0285945738844167,0,19.2556223171704,0.0285945738844167,0.0285945738844167,0.0285945738844167,0.0139726523520546
34.7312424253189,0,0.00360906084633839,0,34.7312424253189,0.00360906084633839,0.00360906084633839,0.00360906084633839,0.017575833019559
54.7209102152747,0,0.0196726221291343,0,54.7209102152747,0.0196726221291343,0.0196726221291343,0.0196726221291343,0.0109274670854921
6.44620981534856,0,0.014846298512104,0,6.44620981534856,0.014846298512104,0.014846298512104,0.014846298512104,0.0608105741726415
13.7692792179168,0,0.045315959795906,0,13.7692792179168,0.045315959795906,0.045315959795906,0.045315959795906,0.0576659331255503
11.7030101268542,0,0.0664031592294417,0,11.7030101268542,0.0664031592294417,0.0664031592294417,0.0664031592294417,0.0318702419669784
7.36539602284415,0,-0.0247872150245361,0,7.36539602284415,-0.0247872150245361,-0.0247872150245361,-0.0247872150245361,0.114121672795408
7.17535910443418,0,0.0223584830888584,0,7.17535910443418,0.0223584830888584,0.0223584830888584,0.0223584830888584,0.0787357224553916
10.3934503295043,0,0.0619972167608137,0,10.3934503295043,0.0619972167608137,0.0619972167608137,0.0619972167608137,0.0947975137929517
11.8155784180346,0,0.132399483418963,0,11.8155784180346,0.132399483418963,0.132399483418963,0.132399483418963,0.0684128055131695
10.8363107906744,0,-0.028098390818107,0,10.8363107906744,-0.028098390818107,-0.028098390818107,-0.028098390818107,0.071926050301895
11.7003583105711,0,-0.00186774348468509,0,11.7003583105711,-0.00186774348468509,-0.00186774348468509,-0.00186774348468509,0.00589871207554302
14.1717804897526,0,0.027255899623745,0,14.1717804897526,0.027255899623745,0.027255899623745,0.027255899623745,0.0438772018708798
10.4916049522311,0,0.0132463173032987,0,10.4916049522311,0.0132463173032987,0.0132463173032987,0.0132463173032987,0.0267192917518445
12.822729428325,0,-0.0874609227257811,0,12.822729428325,-0.0874609227257811,-0.0874609227257811,-0.0874609227257811,0.0547141742785602
22.4190143092695,0,-0.000161199703742028,0,22.4190143092695,-0.000161199703742028,-0.000161199703742028,-0.000161199703742028,0.0167230245622351
23.3384346785706,0,0.0173424537425691,0,23.3384346785706,0.0173424537425691,0.0173424537425691,0.0173424537425691,0.0189266195413323
21.0471310356801,0,0.0617673658141888,0,21.0471310356801,0.0617673658141888,0.0617673658141888,0.0617673658141888,0.047052745863464
18.868464140174,0,-0.0601138815581494,0,18.868464140174,-0.0601138815581494,-0.0601138815581494,-0.0601138815581494,0.0841243606959225
130.216227665708,0,0.0198117493038606,0,130.216227665708,0.0198117493038606,0.0198117493038606,0.0198117493038606,0.0277236387216602
9.87654480749694,0,-0.0946232449189078,0,9.87654480749694,-0.0946232449189078,-0.0946232449189078,-0.0946232449189078,0.0836731049469832
15.7641037476623,0,0.0452974152246685,0,15.7641037476623,0.0452974152246685,0.0452974152246685,0.0452974152246685,0.0222639606786319
14.6925462604222,0,-0.00458452472707301,0,14.6925462604222,-0.00458452472707301,-0.00458452472707301,-0.00458452472707301,0.0444254697733256
18.090757331168,0,0.0268647127129744,0,18.090757331168,0.0268647127129744,0.0268647127129744,0.0268647127129744,0.0533691763562087
8.10146185701589,0,0.0427555806686441,0,8.10146185701589,0.0427555806686441,0.0427555806686441,0.0427555806686441,0.0518433181255775
11.2420027298881,0,-0.0660500012093723,0,11.2420027298881,-0.0660500012093723,-0.0660500012093723,-0.0660500012093723,0.0384705888979592
27.9381463268887,0,-0.0196646199066465,0,27.9381463268887,-0.0196646199066465,-0.0196646199066465,-0.0196646199066465,0.0266030945529787
28.4056044215739,0,-0.0234835133541325,0,28.4056044215739,-0.0234835133541325,-0.0234835133541325,-0.0234835133541325,0.0460235649191708
9.44659083119766,0,-0.0979355343768668,0,9.44659083119766,-0.0979355343768668,-0.0979355343768668,-0.0979355343768668,0.106984919191722
10.6319539160187,0,0.00587821668928426,0,10.6319539160187,0.00587821668928426,0.00587821668928426,0.00587821668928426,0.0434639030773943
23.722803858762,0,0.00435490338959432,0,23.722803858762,0.00435490338959432,0.00435490338959432,0.00435490338959432,0.0172785731987079
NA,NA,NA,NA,NA,NA,NA,NA,NA
14.5501339822123,0,-0.0241508994853178,0,14.5501339822123,-0.0241508994853178,-0.0241508994853178,-0.0241508994853178,0.0112761190742462
6.82559417888738,0,-0.0208488602109932,0,6.82559417888738,-0.0208488602109932,-0.0208488602109932,-0.0208488602109932,0.0626238731585564
7.10118523761685,0,-0.0285278978712163,0,7.10118523761685,-0.0285278978712163,-0.0285278978712163,-0.0285278978712163,0.0595492352872805
8.39406695268219,0,0.0167837864563465,0,8.39406695268219,0.0167837864563465,0.0167837864563465,0.0167837864563465,0.0322473662392579
15.3813680380744,0,-0.0235768509494856,0,15.3813680380744,-0.0235768509494856,-0.0235768509494856,-0.0235768509494856,0.0385600790656454
10.9419857642508,0,-0.0876235523401562,0,10.9419857642508,-0.0876235523401562,-0.0876235523401562,-0.0876235523401562,0.0336377588977628
9.567453602661,0,-0.0130573193727359,0,9.567453602661,-0.0130573193727359,-0.0130573193727359,-0.0130573193727359,0.0264340771076804
9.56764954052794,0,-0.00578932875863998,0,9.56764954052794,-0.00578932875863998,-0.00578932875863998,-0.00578932875863998,0.0288617279537588
9.58796747981615,0,0.00725905880614161,0,9.58796747981615,0.00725905880614161,0.00725905880614161,0.00725905880614161,0.0422687684348916
15.1454884083029,0,0.0687427351592194,0,15.1454884083029,0.0687427351592194,0.0687427351592194,0.0687427351592194,0.0334809714396658
9.03381024943225,0,-0.0258591277728825,0,9.03381024943225,-0.0258591277728825,-0.0258591277728825,-0.0258591277728825,0.0210013285642308
14.8412385484711,0,0.00805813747067324,0,14.8412385484711,0.00805813747067324,0.00805813747067324,0.00805813747067324,0.0331399934197975
10.6567948708008,0,0.0203455428827325,0,10.6567948708008,0.0203455428827325,0.0203455428827325,0.0203455428827325,0.0367174068081082
15.83958844307,0,0.0399832495665445,0,15.83958844307,0.0399832495665445,0.0399832495665445,0.0399832495665445,0.0130470310288665
17.7014293147066,0,0.0234372077444364,0,17.7014293147066,0.0234372077444364,0.0234372077444364,0.0234372077444364,0.0323786122878216
16.016217440795,0,-0.00369944404825601,0,16.016217440795,-0.00369944404825601,-0.00369944404825601,-0.00369944404825601,0.0376637682579198
21.1131806593051,0,-0.056056653152879,0,21.1131806593051,-0.056056653152879,-0.056056653152879,-0.056056653152879,0.033465829508006
12.511562118753,0,0.010653794636591,0,12.511562118753,0.010653794636591,0.010653794636591,0.010653794636591,0.0542734571116003
11.3110693140974,0,0.00982781565554414,0,11.3110693140974,0.00982781565554414,0.00982781565554414,0.00982781565554414,0.0152975413868066
19.3344521561619,0,-0.0178892890128142,0,19.3344521561619,-0.0178892890128142,-0.0178892890128142,-0.0178892890128142,0.0322365626104049
12.3671082351961,0,0.0210231372322994,0,12.3671082351961,0.0210231372322994,0.0210231372322994,0.0210231372322994,0.0160828742749283
12.3654554745313,0,-0.0686880413546458,0,12.3654554745313,-0.0686880413546458,-0.0686880413546458,-0.0686880413546458,0.0513325050706189
19.2556223171704,0,0.0285945738844167,0,19.2556223171704,0.0285945738844167,0.0285945738844167,0.0285945738844167,0.0139726523520546
34.7312424253189,0,0.00360906084633839,0,34.7312424253189,0.00360906084633839,0.00360906084633839,0.00360906084633839,0.017575833019559
54.7209102152747,0,0.0196726221291343,0,54.7209102152747,0.0196726221291343,0.0196726221291343,0.0196726221291343,0.0109274670854921
6.44620981534856,0,0.014846298512104,0,6.44620981534856,0.014846298512104,0.014846298512104,0.014846298512104,0.0608105741726415
13.7692792179168,0,0.045315959795906,0,13.7692792179168,0.045315959795906,0.045315959795906,0.045315959795906,0.0576659331255503
11.7030101268542,0,0.0664031592294417,0,11.7030101268542,0.0664031592294417,0.0664031592294417,0.0664031592294417,0.0318702419669784
7.36539602284415,0,-0.0247872150245361,0,7.36539602284415,-0.0247872150245361,-0.0247872150245361,-0.0247872150245361,0.114121672795408
7.17535910443418,0,0.0223584830888584,0,7.17535910443418,0.0223584830888584,0.0223584830888584,0.0223584830888584,0.0787357224553916
10.3934503295043,0,0.0619972167608137,0,10.3934503295043,0.0619972167608137,0.0619972167608137,0.0619972167608137,0.0947975137929517
11.8155784180346,0,0.132399483418963,0,11.8155784180346,0.132399483418963,0.132399483418963,0.132399483418963,0.0684128055131695
10.8363107906744,0,-0.028098390818107,0,10.8363107906744,-0.028098390818107,-0.028098390818107,-0.028098390818107,0.071926050301895
11.7003583105711,0,-0.00186774348468509,0,11.7003583105711,-0.00186774348468509,-0.00186774348468509,-0.00186774348468509,0.00589871207554302
14.1717804897526,0,0.027255899623745,0,14.1717804897526,0.027255899623745,0.027255899623745,0.027255899623745,0.0438772018708798
10.4916049522311,0,0.0132463173032987,0,10.4916049522311,0.0132463173032987,0.0132463173032987,0.0132463173032987,0.0267192917518445
12.822729428325,0,-0.0874609227257811,0,12.822729428325,-0.0874609227257811,-0.0874609227257811,-0.0874609227257811,0.0547141742785602
22.4190143092695,0,-0.000161199703742028,0,22.4190143092695,-0.000161199703742028,-0.000161199703742028,-0.000161199703742028,0.0167230245622351
23.3384346785706,0,0.0173424537425691,0,23.3384346785706,0.0173424537425691,0.0173424537425691,0.0173424537425691,0.0189266195413323
21.0471310356801,0,0.0617673658141888,0,21.0471310356801,0.0617673658141888,0.0617673658141888,0.0617673658141888,0.047052745863464
18.868464140174,0,-0.0601138815581494,0,18.868464140174,-0.0601138815581494,-0.0601138815581494,-0.0601138815581494,0.0841243606959225
130.216227665708,0,0.0198117493038606,0,130.216227665708,0.0198117493038606,0.0198117493038606,0.0198117493038606,0.0277236387216602
9.87654480749694,0,-0.0946232449189078,0,9.87654480749694,-0.0946232449189078,-0.0946232449189078,-0.0946232449189078,0.0836731049469832
15.7641037476623,0,0.0452974152246685,0,15.7641037476623,0.0452974152246685,0.0452974152246685,0.0452974152246685,0.0222639606786319
14.6925462604222,0,-0.00458452472707301,0,14.6925462604222,-0.00458452472707301,-0.00458452472707301,-0.00458452472707301,0.0444254697733256
18.090757331168,0,0.0268647127129744,0,18.090757331168,0.0268647127129744,0.0268647127129744,0.0268647127129744,0.0533691763562087
8.10146185701589,0,0.0427555806686441,0,8.10146185701589,0.0427555806686441,0.0427555806686441,0.0427555806686441,0.0518433181255775
11.2420027298881,0,-0.0660500012093723,0,11.2420027298881,-0.0660500012093723,-0.0660500012093723,-0.0660500012093723,0.0384705888979592
27.9381463268887,0,-0.0196646199066465,0,27.9381463268887,-0.0196646199066465,-0.0196646199066465,-0.0196646199066465,0.0266030945529787
28.4056044215739,0,-0.0234835133541325,0,28.4056044215739,-0.0234835133541325,-0.0234835133541325,-0.0234835133541325,0.0460235649191708
9.44659083119766,0,-0.0979355343768668,0,9.44659083119766,-0.0979355343768668,-0.0979355343768668,-0.0979355343768668,0.106984919191722
10.6319539160187,0,0.00587821668928426,0,10.6319539160187,0.00587821668928426,0.00587821668928426,0.00587821668928426,0.0434639030773943
23.722803858762,0,0.00435490338959432,0,23.722803858762,0.00435490338959432,0.00435490338959432,0.00435490338959432,0.0172785731987079
NA,NA,NA,NA,NA,NA,NA,NA,NA
14.5501339822123,0,-0.0241508994853178,0,14.5501339822123,-0.0241508994853178,-0.0241508994853178,-0.0241508994853178,0.0112761190742462
6.82559417888738,0,-0.0208488602109932,0,6.82559417888738,-0.0208488602109932,-0.0208488602109932,-0.0208488602109932,0.0626238731585564
7.10118523761685,0,-0.0285278978712163,0,7.10118523761685,-0.0285278978712163,-0.0285278978712163,-0.0285278978712163,0.0595492352872805
8.39406695268219,0,0.0167837864563465,0,8.39406695268219,0.0167837864563465,0.0167837864563465,0.0167837864563465,0.0322473662392579
15.3813680380744,0,-0.0235768509494856,0,15.3813680380744,-0.0235768509494856,-0.0235768509494856,-0.0235768509494856,0.0385600790656454
10.9419857642508,0,-0.0876235523401562,0,10.9419857642508,-0.0876235523401562,-0.0876235523401562,-0.0876235523401562,0.0336377588977628
9.567453602661,0,-0.0130573193727359,0,9.567453602661,-0.0130573193727359,-0.0130573193727359,-0.0130573193727359,0.0264340771076804
9.56764954052794,0,-0.00578932875863998,0,9.56764954052794,-0.00578932875863998,-0.00578932875863998,-0.00578932875863998,0.0288617279537588
9.58796747981615,0,0.00725905880614161,0,9.58796747981615,0.00725905880614161,0.00725905880614161,0.00725905880614161,0.0422687684348916
15.1454884083029,0,0.0687427351592194,0,15.1454884083029,0.0687427351592194,0.0687427351592194,0.0687427351592194,0.0334809714396658
9.03381024943225,0,-0.0258591277728825,0,9.03381024943225,-0.0258591277728825,-0.0258591277728825,-0.0258591277728825,0.0210013285642308
14.8412385484711,0,0.00805813747067324,0,14.8412385484711,0.00805813747067324,0.00805813747067324,0.00805813747067324,0.0331399934197975
10.6567948708008,0,0.0203455428827325,0,10.6567948708008,0.0203455428827325,0.0203455428827325,0.0203455428827325,0.0367174068081082
15.83958844307,0,0.0399832495665445,0,15.83958844307,0.0399832495665445,0.0399832495665445,0.0399832495665445,0.0130470310288665
17.7014293147066,0,0.0234372077444364,0,17.7014293147066,0.0234372077444364,0.0234372077444364,0.0234372077444364,0.0323786122878216
16.016217440795,0,-0.00369944404825601,0,16.016217440795,-0.00369944404825601,-0.00369944404825601,-0.00369944404825601,0.0376637682579198
21.1131806593051,0,-0.056056653152879,0,21.1131806593051,-0.056056653152879,-0.056056653152879,-0.056056653152879,0.033465829508006
12.511562118753,0,0.010653794636591,0,12.511562118753,0.010653794636591,0.010653794636591,0.010653794636591,0.0542734571116003
11.3110693140974,0,0.00982781565554414,0,11.3110693140974,0.00982781565554414,0.00982781565554414,0.00982781565554414,0.0152975413868066
19.3344521561619,0,-0.0178892890128142,0,19.3344521561619,-0.0178892890128142,-0.0178892890128142,-0.0178892890128142,0.0322365626104049
12.3671082351961,0,0.0210231372322994,0,12.3671082351961,0.0210231372322994,0.0210231372322994,0.0210231372322994,0.0160828742749283
12.3654554745313,0,-0.0686880413546458,0,12.3654554745313,-0.0686880413546458,-0.0686880413546458,-0.0686880413546458,0.0513325050706189
19.2556223171704,0,0.0285945738844167,0,19.2556223171704,0.0285945738844167,0.0285945738844167,0.0285945738844167,0.0139726523520546
34.7312424253189,0,0.00360906084633839,0,34.7312424253189,0.00360906084633839,0.00360906084633839,0.00360906084633839,0.017575833019559
54.7209102152747,0,0.0196726221291343,0,54.7209102152747,0.0196726221291343,0.0196726221291343,0.0196726221291343,0.0109274670854921
10.3775310816429,0,0.101658959703851,0,10.3775310816429,0.101658959703851,0.101658959703851,0.101658959703851,0.0398037227196641
13.7692792179168,0,0.045315959795906,0,13.7692792179168,0.045315959795906,0.045315959795906,0.045315959795906,0.0576659331255503
11.7030101268542,0,0.0664031592294417,0,11.7030101268542,0.0664031592294417,0.0664031592294417,0.0664031592294417,0.0318702419669784
7.36539602284415,0,-0.0247872150245361,0,7.36539602284415,-0.0247872150245361,-0.0247872150245361,-0.0247872150245361,0.114121672795408
7.17535910443418,0,0.0223584830888584,0,7.17535910443418,0.0223584830888584,0.0223584830888584,0.0223584830888584,0.0787357224553916
10.3934503295043,0,0.0619972167608137,0,10.3934503295043,0.0619972167608137,0.0619972167608137,0.0619972167608137,0.0947975137929517
11.8155784180346,0,0.132399483418963,0,11.8155784180346,0.132399483418963,0.132399483418963,0.132399483418963,0.0684128055131695
10.8363107906744,0,-0.028098390818107,0,10.8363107906744,-0.028098390818107,-0.028098390818107,-0.028098390818107,0.071926050301895
11.7003583105711,0,-0.00186774348468509,0,11.7003583105711,-0.00186774348468509,-0.00186774348468509,-0.00186774348468509,0.00589871207554302
14.1717804897526,0,0.027255899623745,0,14.1717804897526,0.027255899623745,0.027255899623745,0.027255899623745,0.0438772018708798
10.4916049522311,0,0.0132463173032987,0,10.4916049522311,0.0132463173032987,0.0132463173032987,0.0132463173032987,0.0267192917518445
12.822729428325,0,-0.0874609227257811,0,12.822729428325,-0.0874609227257811,-0.0874609227257811,-0.0874609227257811,0.0547141742785602
22.4190143092695,0,-0.000161199703742028,0,22.4190143092695,-0.000161199703742028,-0.000161199703742028,-0.000161199703742028,0.0167230245622351
23.3384346785706,0,0.0173424537425691,0,23.3384346785706,0.0173424537425691,0.0173424537425691,0.0173424537425691,0.0189266195413323
21.0471310356801,0,0.0617673658141888,0,21.0471310356801,0.0617673658141888,0.0617673658141888,0.0617673658141888,0.047052745863464
18.868464140174,0,-0.0601138815581494,0,18.868464140174,-0.0601138815581494,-0.0601138815581494,-0.0601138815581494,0.0841243606959225
130.216227665708,0,0.0198117493038606,0,130.216227665708,0.0198117493038606,0.0198117493038606,0.0198117493038606,0.0277236387216602
9.87654480749694,0,-0.0946232449189078,0,9.87654480749694,-0.0946232449189078,-0.0946232449189078,-0.0946232449189078,0.0836731049469832
15.7641037476623,0,0.0452974152246685,0,15.7641037476623,0.0452974152246685,0.0452974152246685,0.0452974152246685,0.0222639606786319
14.6925462604222,0,-0.00458452472707301,0,14.6925462604222,-0.00458452472707301,-0.00458452472707301,-0.00458452472707301,0.0444254697733256
18.090757331168,0,0.0268647127129744,0,18.090757331168,0.0268647127129744,0.0268647127129744,0.0268647127129744,0.0533691763562087
8.10146185701589,0,0.0427555806686441,0,8.10146185701589,0.0427555806686441,0.0427555806686441,0.0427555806686441,0.0518433181255775
11.2420027298881,0,-0.0660500012093723,0,11.2420027298881,-0.0660500012093723,-0.0660500012093723,-0.0660500012093723,0.0384705888979592
27.9381463268887,0,-0.0196646199066465,0,27.9381463268887,-0.0196646199066465,-0.0196646199066465,-0.0196646199066465,0.0266030945529787
28.4056044215739,0,-0.0234835133541325,0,28.4056044215739,-0.0234835133541325,-0.0234835133541325,-0.0234835133541325,0.0460235649191708
9.44659083119766,0,-0.0979355343768668,0,9.44659083119766,-0.0979355343768668,-0.0979355343768668,-0.0979355343768668,0.106984919191722
10.6319539160187,0,0.00587821668928426,0,10.6319539160187,0.00587821668928426,0.00587821668928426,0.00587821668928426,0.0434639030773943
23.722803858762,0,0.00435490338959432,0,23.722803858762,0.00435490338959432,0.00435490338959432,0.00435490338959432,0.0172785731987079
NA,NA,NA,NA,NA,NA,NA,NA,NA
14.5501339822123,0,-0.0241508994853178,0,14.5501339822123,-0.0241508994853178,-0.0241508994853178,-0.0241508994853178,0.0112761190742462
6.82559417888738,0,-0.0208488602109932,0,6.82559417888738,-0.0208488602109932,-0.0208488602109932,-0.0208488602109932,0.0626238731585564
7.10118523761685,0,-0.0285278978712163,0,7.10118523761685,-0.0285278978712163,-0.0285278978712163,-0.0285278978712163,0.0595492352872805
8.39406695268219,0,0.0167837864563465,0,8.39406695268219,0.0167837864563465,0.0167837864563465,0.0167837864563465,0.0322473662392579
15.3813680380744,0,-0.0235768509494856,0,15.3813680380744,-0.0235768509494856,-0.0235768509494856,-0.0235768509494856,0.0385600790656454
10.9419857642508,0,-0.0876235523401562,0,10.9419857642508,-0.0876235523401562,-0.0876235523401562,-0.0876235523401562,0.0336377588977628
9.567453602661,0,-0.0130573193727359,0,9.567453602661,-0.0130573193727359,-0.0130573193727359,-0.0130573193727359,0.0264340771076804
9.56764954052794,0,-0.00578932875863998,0,9.56764954052794,-0.00578932875863998,-0.00578932875863998,-0.00578932875863998,0.0288617279537588
9.58796747981615,0,0.00725905880614161,0,9.58796747981615,0.00725905880614161,0.00725905880614161,0.00725905880614161,0.0422687684348916
15.1454884083029,0,0.0687427351592194,0,15.1454884083029,0.0687427351592194,0.0687427351592194,0.0687427351592194,0.0334809714396658
9.03381024943225,0,-0.0258591277728825,0,9.03381024943225,-0.0258591277728825,-0.0258591277728825,-0.0258591277728825,0.0210013285642308
14.8412385484711,0,0.00805813747067324,0,14.8412385484711,0.00805813747067324,0.00805813747067324,0.00805813747067324,0.0331399934197975
10.6567948708008,0,0.0203455428827325,0,10.6567948708008,0.0203455428827325,0.0203455428827325,0.0203455428827325,0.0367174068081082
15.83958844307,0,0.0399832495665445,0,15.83958844307,0.0399832495665445,0.0399832495665445,0.0399832495665445,0.0130470310288665
17.7014293147066,0,0.0234372077444364,0,17.7014293147066,0.0234372077444364,0.0234372077444364,0.0234372077444364,0.0323786122878216
16.016217440795,0,-0.00369944404825601,0,16.016217440795,-0.00369944404825601,-0.00369944404825601,-0.00369944404825601,0.0376637682579198
21.1131806593051,0,-0.056056653152879,0,21.1131806593051,-0.056056653152879,-0.056056653152879,-0.056056653152879,0.033465829508006
12.511562118753,0,0.010653794636591,0,12.511562118753,0.010653794636591,0.010653794636591,0.010653794636591,0.0542734571116003
11.3110693140974,0,0.00982781565554414,0,11.3110693140974,0.00982781565554414,0.00982781565554414,0.00982781565554414,0.0152975413868066
19.3344521561619,0,-0.0178892890128142,0,19.3344521561619,-0.0178892890128142,-0.0178892890128142,-0.0178892890128142,0.0322365626104049
12.3671082351961,0,0.0210231372322994,0,12.3671082351961,0.0210231372322994,0.0210231372322994,0.0210231372322994,0.0160828742749283
12.3654554745313,0,-0.0686880413546458,0,12.3654554745313,-0.0686880413546458,-0.0686880413546458,-0.0686880413546458,0.0513325050706189
19.2556223171704,0,0.0285945738844167,0,19.2556223171704,0.0285945738844167,0.0285945738844167,0.0285945738844167,0.0139726523520546
34.7312424253189,0,0.00360906084633839,0,34.7312424253189,0.00360906084633839,0.00360906084633839,0.00360906084633839,0.017575833019559
54.7209102152747,0,0.0196726221291343,0,54.7209102152747,0.0196726221291343,0.0196726221291343,0.0196726221291343,0.0109274670854921
10.3775310816429,0,0.101658959703851,0,10.3775310816429,0.101658959703851,0.101658959703851,0.101658959703851,0.0398037227196641
13.7692792179168,0,0.045315959795906,0,13.7692792179168,0.045315959795906,0.045315959795906,0.045315959795906,0.0576659331255503
11.7030101268542,0,0.0664031592294417,0,11.7030101268542,0.0664031592294417,0.0664031592294417,0.0664031592294417,0.0318702419669784
7.36539602284415,0,-0.0247872150245361,0,7.36539602284415,-0.0247872150245361,-0.0247872150245361,-0.0247872150245361,0.114121672795408
7.17535910443418,0,0.0223584830888584,0,7.17535910443418,0.0223584830888584,0.0223584830888584,0.0223584830888584,0.0787357224553916
10.3934503295043,0,0.0619972167608137,0,10.3934503295043,0.0619972167608137,0.0619972167608137,0.0619972167608137,0.0947975137929517
11.8155784180346,0,0.132399483418963,0,11.8155784180346,0.132399483418963,0.132399483418963,0.132399483418963,0.0684128055131695
10.8363107906744,0,-0.028098390818107,0,10.8363107906744,-0.028098390818107,-0.028098390818107,-0.028098390818107,0.071926050301895
11.7003583105711,0,-0.00186774348468509,0,11.7003583105711,-0.00186774348468509,-0.00186774348468509,-0.00186774348468509,0.00589871207554302
14.1717804897526,0,0.027255899623745,0,14.1717804897526,0.027255899623745,0.027255899623745,0.027255899623745,0.0438772018708798
10.4916049522311,0,0.0132463173032987,0,10.4916049522311,0.0132463173032987,0.0132463173032987,0.0132463173032987,0.0267192917518445
12.822729428325,0,-0.0874609227257811,0,12.822729428325,-0.0874609227257811,-0.0874609227257811,-0.0874609227257811,0.0547141742785602
22.4190143092695,0,-0.000161199703742028,0,22.4190143092695,-0.000161199703742028,-0.000161199703742028,-0.000161199703742028,0.0167230245622351
23.3384346785706,0,0.0173424537425691,0,23.3384346785706,0.0173424537425691,0.0173424537425691,0.0173424537425691,0.0189266195413323
21.0471310356801,0,0.0617673658141888,0,21.0471310356801,0.0617673658141888,0.0617673658141888,0.0617673658141888,0.047052745863464
18.868464140174,0,-0.0601138815581494,0,18.868464140174,-0.0601138815581494,-0.0601138815581494,-0.0601138815581494,0.0841243606959225
130.216227665708,0,0.0198117493038606,0,130.216227665708,0.0198117493038606,0.0198117493038606,0.0198117493038606,0.0277236387216602
9.87654480749694,0,-0.0946232449189078,0,9.87654480749694,-0.0946232449189078,-0.0946232449189078,-0.0946232449189078,0.0836731049469832
15.7641037476623,0,0.0452974152246685,0,15.7641037476623,0.0452974152246685,0.0452974152246685,0.0452974152246685,0.0222639606786319
14.6925462604222,0,-0.00458452472707301,0,14.6925462604222,-0.00458452472707301,-0.00458452472707301,-0.00458452472707301,0.0444254697733256
18.090757331168,0,0.0268647127129744,0,18.090757331168,0.0268647127129744,0.0268647127129744,0.0268647127129744,0.0533691763562087
8.10146185701589,0,0.0427555806686441,0,8.10146185701589,0.0427555806686441,0.0427555806686441,0.0427555806686441,0.0518433181255775
11.2420027298881,0,-0.0660500012093723,0,11.2420027298881,-0.0660500012093723,-0.0660500012093723,-0.0660500012093723,0.0384705888979592
27.9381463268887,0,-0.0196646199066465,0,27.9381463268887,-0.0196646199066465,-0.0196646199066465,-0.0196646199066465,0.0266030945529787
28.4056044215739,0,-0.0234835133541325,0,28.4056044215739,-0.0234835133541325,-0.0234835133541325,-0.0234835133541325,0.0460235649191708
9.44659083119766,0,-0.0979355343768668,0,9.44659083119766,-0.0979355343768668,-0.0979355343768668,-0.0979355343768668,0.106984919191722
10.6319539160187,0,0.00587821668928426,0,10.6319539160187,0.00587821668928426,0.00587821668928426,0.00587821668928426,0.0434639030773943
23.722803858762,0,0.00435490338959432,0,23.722803858762,0.00435490338959432,0.00435490338959432,0.00435490338959432,0.0172785731987079
NA,NA,NA,NA,NA,NA,NA,NA,NA
14.5501339822123,0,-0.0241508994853178,0,14.5501339822123,-0.0241508994853178,-0.0241508994853178,-0.0241508994853178,0.0112761190742462
6.82559417888738,0,-0.0208488602109932,0,6.82559417888738,-0.0208488602109932,-0.0208488602109932,-0.0208488602109932,0.0626238731585564
7.10118523761685,0,-0.0285278978712163,0,7.10118523761685,-0.0285278978712163,-0.0285278978712163,-0.0285278978712163,0.0595492352872805
8.39406695268219,0,0.0167837864563465,0,8.39406695268219,0.0167837864563465,0.0167837864563465,0.0167837864563465,0.0322473662392579
15.3813680380744,0,-0.0235768509494856,0,15.3813680380744,-0.0235768509494856,-0.0235768509494856,-0.0235768509494856,0.0385600790656454
10.9419857642508,0,-0.0876235523401562,0,10.9419857642508,-0.0876235523401562,-0.0876235523401562,-0.0876235523401562,0.0336377588977628
9.567453602661,0,-0.0130573193727359,0,9.567453602661,-0.0130573193727359,-0.0130573193727359,-0.0130573193727359,0.0264340771076804
9.56764954052794,0,-0.00578932875863998,0,9.56764954052794,-0.00578932875863998,-0.00578932875863998,-0.00578932875863998,0.0288617279537588
9.58796747981615,0,0.00725905880614161,0,9.58796747981615,0.00725905880614161,0.00725905880614161,0.00725905880614161,0.0422687684348916
15.1454884083029,0,0.0687427351592194,0,15.1454884083029,0.0687427351592194,0.0687427351592194,0.0687427351592194,0.0334809714396658
9.03381024943225,0,-0.0258591277728825,0,9.03381024943225,-0.0258591277728825,-0.0258591277728825,-0.0258591277728825,0.0210013285642308
14.8412385484711,0,0.00805813747067324,0,14.8412385484711,0.00805813747067324,0.00805813747067324,0.00805813747067324,0.0331399934197975
10.6567948708008,0,0.0203455428827325,0,10.6567948708008,0.0203455428827325,0.0203455428827325,0.0203455428827325,0.0367174068081082
15.83958844307,0,0.0399832495665445,0,15.83958844307,0.0399832495665445,0.0399832495665445,0.0399832495665445,0.0130470310288665
17.7014293147066,0,0.0234372077444364,0,17.7014293147066,0.0234372077444364,0.0234372077444364,0.0234372077444364,0.0323786122878216
16.016217440795,0,-0.00369944404825601,0,16.016217440795,-0.00369944404825601,-0.00369944404825601,-0.00369944404825601,0.0376637682579198
21.1131806593051,0,-0.056056653152879,0,21.1131806593051,-0.056056653152879,-0.056056653152879,-0.056056653152879,0.033465829508006
12.511562118753,0,0.010653794636591,0,12.511562118753,0.010653794636591,0.010653794636591,0.010653794636591,0.0542734571116003
11.3110693140974,0,0.00982781565554414,0,11.3110693140974,0.00982781565554414,0.00982781565554414,0.00982781565554414,0.0152975413868066
19.3344521561619,0,-0.0178892890128142,0,19.3344521561619,-0.0178892890128142,-0.0178892890128142,-0.0178892890128142,0.0322365626104049
12.3671082351961,0,0.0210231372322994,0,12.3671082351961,0.0210231372322994,0.0210231372322994,0.0210231372322994,0.0160828742749283
12.3654554745313,0,-0.0686880413546458,0,12.3654554745313,-0.0686880413546458,-0.0686880413546458,-0.0686880413546458,0.0513325050706189
19.2556223171704,0,0.0285945738844167,0,19.2556223171704,0.0285945738844167,0.0285945738844167,0.0285945738844167,0.0139726523520546
34.7312424253189,0,0.00360906084633839,0,34.7312424253189,0.00360906084633839,0.00360906084633839,0.00360906084633839,0.017575833019559
54.7209102152747,0,0.0196726221291343,0,54.7209102152747,0.0196726221291343,0.0196726221291343,0.0196726221291343,0.0109274670854921
10.3775310816429,0,0.101658959703851,0,10.3775310816429,0.101658959703851,0.101658959703851,0.101658959703851,0.0398037227196641
13.7692792179168,0,0.045315959795906,0,13.7692792179168,0.045315959795906,0.045315959795906,0.045315959795906,0.0576659331255503
11.7030101268542,0,0.0664031592294417,0,11.7030101268542,0.0664031592294417,0.0664031592294417,0.0664031592294417,0.0318702419669784
7.36539602284415,0,-0.0247872150245361,0,7.36539602284415,-0.0247872150245361,-0.0247872150245361,-0.0247872150245361,0.114121672795408
7.17535910443418,0,0.0223584830888584,0,7.17535910443418,0.0223584830888584,0.0223584830888584,0.0223584830888584,0.0787357224553916
10.3934503295043,0,0.0619972167608137,0,10.3934503295043,0.0619972167608137,0.0619972167608137,0.0619972167608137,0.0947975137929517
11.8155784180346,0,0.132399483418963,0,11.8155784180346,0.132399483418963,0.132399483418963,0.132399483418963,0.0684128055131695
10.8363107906744,0,-0.028098390818107,0,10.8363107906744,-0.028098390818107,-0.028098390818107,-0.028098390818107,0.071926050301895
11.7003583105711,0,-0.00186774348468509,0,11.7003583105711,-0.00186774348468509,-0.00186774348468509,-0.00186774348468509,0.00589871207554302
14.1717804897526,0,0.027255899623745,0,14.1717804897526,0.027255899623745,0.027255899623745,0.027255899623745,0.0438772018708798
10.4916049522311,0,0.0132463173032987,0,10.4916049522311,0.0132463173032987,0.0132463173032987,0.0132463173032987,0.0267192917518445
12.822729428325,0,-0.0874609227257811,0,12.822729428325,-0.0874609227257811,-0.0874609227257811,-0.0874609227257811,0.0547141742785602
22.4190143092695,0,-0.000161199703742028,0,22.4190143092695,-0.000161199703742028,-0.000161199703742028,-0.000161199703742028,0.0167230245622351
23.3384346785706,0,0.0173424537425691,0,23.3384346785706,0.0173424537425691,0.0173424537425691,0.0173424537425691,0.0189266195413323
21.0471310356801,0,0.0617673658141888,0,21.0471310356801,0.0617673658141888,0.0617673658141888,0.0617673658141888,0.047052745863464
18.868464140174,0,-0.0601138815581494,0,18.868464140174,-0.0601138815581494,-0.0601138815581494,-0.0601138815581494,0.0841243606959225
130.216227665708,0,0.0198117493038606,0,130.216227665708,0.0198117493038606,0.0198117493038606,0.0198117493038606,0.0277236387216602
9.87654480749694,0,-0.0946232449189078,0,9.87654480749694,-0.0946232449189078,-0.0946232449189078,-0.0946232449189078,0.0836731049469832
15.7641037476623,0,0.0452974152246685,0,15.7641037476623,0.0452974152246685,0.0452974152246685,0.0452974152246685,0.0222639606786319
14.6925462604222,0,-0.00458452472707301,0,14.6925462604222,-0.00458452472707301,-0.00458452472707301,-0.00458452472707301,0.0444254697733256
18.090757331168,0,0.0268647127129744,0,18.090757331168,0.0268647127129744,0.0268647127129744,0.0268647127129744,0.0533691763562087
8.10146185701589,0,0.0427555806686441,0,8.10146185701589,0.0427555806686441,0.0427555806686441,0.0427555806686441,0.0518433181255775
11.2420027298881,0,-0.0660500012093723,0,11.2420027298881,-0.0660500012093723,-0.0660500012093723,-0.0660500012093723,0.0384705888979592
27.9381463268887,0,-0.0196646199066465,0,27.9381463268887,-0.0196646199066465,-0.0196646199066465,-0.0196646199066465,0.0266030945529787
28.4056044215739,0,-0.0234835133541325,0,28.4056044215739,-0.0234835133541325,-0.0234835133541325,-0.0234835133541325,0.0460235649191708
9.44659083119766,0,-0.0979355343768668,0,9.44659083119766,-0.0979355343768668,-0.0979355343768668,-0.0979355343768668,0.106984919191722
10.6319539160187,0,0.00587821668928426,0,10.6319539160187,0.00587821668928426,0.00587821668928426,0.00587821668928426,0.0434639030773943
23.722803858762,0,0.00435490338959432,0,23.722803858762,0.00435490338959432,0.00435490338959432,0.00435490338959432,0.0172785731987079
NA,NA,NA,NA,NA,NA,NA,NA,NA
14.5501339822123,0,-0.0241508994853178,0,14.5501339822123,-0.0241508994853178,-0.0241508994853178,-0.0241508994853178,0.0112761190742462
6.82559417888738,0,-0.0208488602109932,0,6.82559417888738,-0.0208488602109932,-0.0208488602109932,-0.0208488602109932,0.0626238731585564
7.10118523761685,0,-0.0285278978712163,0,7.10118523761685,-0.0285278978712163,-0.0285278978712163,-0.0285278978712163,0.0595492352872805
8.39406695268219,0,0.0167837864563465,0,8.39406695268219,0.0167837864563465,0.0167837864563465,0.0167837864563465,0.0322473662392579
15.3813680380744,0,-0.0235768509494856,0,15.3813680380744,-0.0235768509494856,-0.0235768509494856,-0.0235768509494856,0.0385600790656454
10.9419857642508,0,-0.0876235523401562,0,10.9419857642508,-0.0876235523401562,-0.0876235523401562,-0.0876235523401562,0.0336377588977628
9.567453602661,0,-0.0130573193727359,0,9.567453602661,-0.0130573193727359,-0.0130573193727359,-0.0130573193727359,0.0264340771076804
9.56764954052794,0,-0.00578932875863998,0,9.56764954052794,-0.00578932875863998,-0.00578932875863998,-0.00578932875863998,0.0288617279537588
9.58796747981615,0,0.00725905880614161,0,9.58796747981615,0.00725905880614161,0.00725905880614161,0.00725905880614161,0.0422687684348916
15.1454884083029,0,0.0687427351592194,0,15.1454884083029,0.0687427351592194,0.0687427351592194,0.0687427351592194,0.0334809714396658
9.03381024943225,0,-0.0258591277728825,0,9.03381024943225,-0.0258591277728825,-0.0258591277728825,-0.0258591277728825,0.0210013285642308
14.8412385484711,0,0.00805813747067324,0,14.8412385484711,0.00805813747067324,0.00805813747067324,0.00805813747067324,0.0331399934197975
10.6567948708008,0,0.0203455428827325,0,10.6567948708008,0.0203455428827325,0.0203455428827325,0.0203455428827325,0.0367174068081082
15.83958844307,0,0.0399832495665445,0,15.83958844307,0.0399832495665445,0.0399832495665445,0.0399832495665445,0.0130470310288665
17.7014293147066,0,0.0234372077444364,0,17.7014293147066,0.0234372077444364,0.0234372077444364,0.0234372077444364,0.0323786122878216
16.016217440795,0,-0.00369944404825601,0,16.016217440795,-0.00369944404825601,-0.00369944404825601,-0.00369944404825601,0.0376637682579198
21.1131806593051,0,-0.056056653152879,0,21.1131806593051,-0.056056653152879,-0.056056653152879,-0.056056653152879,0.033465829508006
12.511562118753,0,0.010653794636591,0,12.511562118753,0.010653794636591,0.010653794636591,0.010653794636591,0.0542734571116003
11.3110693140974,0,0.00982781565554414,0,11.3110693140974,0.00982781565554414,0.00982781565554414,0.00982781565554414,0.0152975413868066
19.3344521561619,0,-0.0178892890128142,0,19.3344521561619,-0.0178892890128142,-0.0178892890128142,-0.0178892890128142,0.0322365626104049
12.3671082351961,0,0.0210231372322994,0,12.3671082351961,0.0210231372322994,0.0210231372322994,0.0210231372322994,0.0160828742749283
12.3654554745313,0,-0.0686880413546458,0,12.3654554745313,-0.0686880413546458,-0.0686880413546458,-0.0686880413546458,0.0513325050706189
19.2556223171704,0,0.0285945738844167,0,19.2556223171704,0.0285945738844167,0.0285945738844167,0.0285945738844167,0.0139726523520546
34.7312424253189,0,0.00360906084633839,0,34.7312424253189,0.00360906084633839,0.00360906084633839,0.00360906084633839,0.017575833019559
54.7209102152747,0,0.0196726221291343,0,54.7209102152747,0.0196726221291343,0.0196726221291343,0.0196726221291343,0.0109274670854921
10.3775310816429,0,0.101658959703851,0,10.3775310816429,0.101658959703851,0.101658959703851,0.101658959703851,0.0398037227196641
13.7692792179168,0,0.045315959795906,0,13.7692792179168,0.045315959795906,0.045315959795906,0.045315959795906,0.0576659331255503
11.7030101268542,0,0.0664031592294417,0,11.7030101268542,0.0664031592294417,0.0664031592294417,0.0664031592294417,0.0318702419669784
7.36539602284415,0,-0.0247872150245361,0,7.36539602284415,-0.0247872150245361,-0.0247872150245361,-0.0247872150245361,0.114121672795408
7.17535910443418,0,0.0223584830888584,0,7.17535910443418,0.0223584830888584,0.0223584830888584,0.0223584830888584,0.0787357224553916
10.3934503295043,0,0.0619972167608137,0,10.3934503295043,0.0619972167608137,0.0619972167608137,0.0619972167608137,0.0947975137929517
11.8155784180346,0,0.132399483418963,0,11.8155784180346,0.132399483418963,0.132399483418963,0.132399483418963,0.0684128055131695
10.8363107906744,0,-0.028098390818107,0,10.8363107906744,-0.028098390818107,-0.028098390818107,-0.028098390818107,0.071926050301895
11.7003583105711,0,-0.00186774348468509,0,11.7003583105711,-0.00186774348468509,-0.00186774348468509,-0.00186774348468509,0.00589871207554302
14.1717804897526,0,0.027255899623745,0,14.1717804897526,0.027255899623745,0.027255899623745,0.027255899623745,0.0438772018708798
10.4916049522311,0,0.0132463173032987,0,10.4916049522311,0.0132463173032987,0.0132463173032987,0.0132463173032987,0.0267192917518445
12.822729428325,0,-0.0874609227257811,0,12.822729428325,-0.0874609227257811,-0.0874609227257811,-0.0874609227257811,0.0547141742785602
22.4190143092695,0,-0.000161199703742028,0,22.4190143092695,-0.000161199703742028,-0.000161199703742028,-0.000161199703742028,0.0167230245622351
23.3384346785706,0,0.0173424537425691,0,23.3384346785706,0.0173424537425691,0.0173424537425691,0.0173424537425691,0.0189266195413323
21.0471310356801,0,0.0617673658141888,0,21.0471310356801,0.0617673658141888,0.0617673658141888,0.0617673658141888,0.047052745863464
18.868464140174,0,-0.0601138815581494,0,18.868464140174,-0.0601138815581494,-0.0601138815581494,-0.0601138815581494,0.0841243606959225
130.216227665708,0,0.0198117493038606,0,130.216227665708,0.0198117493038606,0.0198117493038606,0.0198117493038606,0.0277236387216602
9.87654480749694,0,-0.0946232449189078,0,9.87654480749694,-0.0946232449189078,-0.0946232449189078,-0.0946232449189078,0.0836731049469832
15.7641037476623,0,0.0452974152246685,0,15.7641037476623,0.0452974152246685,0.0452974152246685,0.0452974152246685,0.0222639606786319
14.6925462604222,0,-0.00458452472707301,0,14.6925462604222,-0.00458452472707301,-0.00458452472707301,-0.00458452472707301,0.0444254697733256
18.090757331168,0,0.0268647127129744,0,18.090757331168,0.0268647127129744,0.0268647127129744,0.0268647127129744,0.0533691763562087
8.10146185701589,0,0.0427555806686441,0,8.10146185701589,0.0427555806686441,0.0427555806686441,0.0427555806686441,0.0518433181255775
11.2420027298881,0,-0.0660500012093723,0,11.2420027298881,-0.0660500012093723,-0.0660500012093723,-0.0660500012093723,0.0384705888979592
27.9381463268887,0,-0.0196646199066465,0,27.9381463268887,-0.0196646199066465,-0.0196646199066465,-0.0196646199066465,0.0266030945529787
28.4056044215739,0,-0.0234835133541325,0,28.4056044215739,-0.0234835133541325,-0.0234835133541325,-0.0234835133541325,0.0460235649191708
9.44659083119766,0,-0.0979355343768668,0,9.44659083119766,-0.0979355343768668,-0.0979355343768668,-0.0979355343768668,0.106984919191722
10.6319539160187,0,0.00587821668928426,0,10.6319539160187,0.00587821668928426,0.00587821668928426,0.00587821668928426,0.0434639030773943
23.722803858762,0,0.00435490338959432,0,23.722803858762,0.00435490338959432,0.00435490338959432,0.00435490338959432,0.0172785731987079
NA,NA,NA,NA,NA,NA,NA,NA,NA
14.5501339822123,0,-0.0241508994853178,0,14.5501339822123,-0.0241508994853178,-0.0241508994853178,-0.0241508994853178,0.0112761190742462
6.82559417888738,0,-0.0208488602109932,0,6.82559417888738,-0.0208488602109932,-0.0208488602109932,-0.0208488602109932,0.0626238731585564
7.10118523761685,0,-0.0285278978712163,0,7.10118523761685,-0.0285278978712163,-0.0285278978712163,-0.0285278978712163,0.0595492352872805
8.39406695268219,0,0.0167837864563465,0,8.39406695268219,0.0167837864563465,0.0167837864563465,0.0167837864563465,0.0322473662392579
15.3813680380744,0,-0.0235768509494856,0,15.3813680380744,-0.0235768509494856,-0.0235768509494856,-0.0235768509494856,0.0385600790656454
10.9419857642508,0,-0.0876235523401562,0,10.9419857642508,-0.0876235523401562,-0.0876235523401562,-0.0876235523401562,0.0336377588977628
9.567453602661,0,-0.0130573193727359,0,9.567453602661,-0.0130573193727359,-0.0130573193727359,-0.0130573193727359,0.0264340771076804
9.56764954052794,0,-0.00578932875863998,0,9.56764954052794,-0.00578932875863998,-0.00578932875863998,-0.00578932875863998,0.0288617279537588
9.58796747981615,0,0.00725905880614161,0,9.58796747981615,0.00725905880614161,0.00725905880614161,0.00725905880614161,0.0422687684348916
15.1454884083029,0,0.0687427351592194,0,15.1454884083029,0.0687427351592194,0.0687427351592194,0.0687427351592194,0.0334809714396658
9.03381024943225,0,-0.0258591277728825,0,9.03381024943225,-0.0258591277728825,-0.0258591277728825,-0.0258591277728825,0.0210013285642308
14.8412385484711,0,0.00805813747067324,0,14.8412385484711,0.00805813747067324,0.00805813747067324,0.00805813747067324,0.0331399934197975
10.6567948708008,0,0.0203455428827325,0,10.6567948708008,0.0203455428827325,0.0203455428827325,0.0203455428827325,0.0367174068081082
15.83958844307,0,0.0399832495665445,0,15.83958844307,0.0399832495665445,0.0399832495665445,0.0399832495665445,0.0130470310288665
17.7014293147066,0,0.0234372077444364,0,17.7014293147066,0.0234372077444364,0.0234372077444364,0.0234372077444364,0.0323786122878216
16.016217440795,0,-0.00369944404825601,0,16.016217440795,-0.00369944404825601,-0.00369944404825601,-0.00369944404825601,0.0376637682579198
21.1131806593051,0,-0.056056653152879,0,21.1131806593051,-0.056056653152879,-0.056056653152879,-0.056056653152879,0.033465829508006
7.84913150076159,0,0.0206892300368871,0,7.84913150076159,0.0206892300368871,0.0206892300368871,0.0206892300368871,0.0125920499284639
11.3110693140974,0,0.00982781565554414,0,11.3110693140974,0.00982781565554414,0.00982781565554414,0.00982781565554414,0.0152975413868066
19.3344521561619,0,-0.0178892890128142,0,19.3344521561619,-0.0178892890128142,-0.0178892890128142,-0.0178892890128142,0.0322365626104049
12.3671082351961,0,0.0210231372322994,0,12.3671082351961,0.0210231372322994,0.0210231372322994,0.0210231372322994,0.0160828742749283
12.3654554745313,0,-0.0686880413546458,0,12.3654554745313,-0.0686880413546458,-0.0686880413546458,-0.0686880413546458,0.0513325050706189
19.2556223171704,0,0.0285945738844167,0,19.2556223171704,0.0285945738844167,0.0285945738844167,0.0285945738844167,0.0139726523520546
34.7312424253189,0,0.00360906084633839,0,34.7312424253189,0.00360906084633839,0.00360906084633839,0.00360906084633839,0.017575833019559
54.7209102152747,0,0.0196726221291343,0,54.7209102152747,0.0196726221291343,0.0196726221291343,0.0196726221291343,0.0109274670854921
10.3775310816429,0,0.101658959703851,0,10.3775310816429,0.101658959703851,0.101658959703851,0.101658959703851,0.0398037227196641
13.7692792179168,0,0.045315959795906,0,13.7692792179168,0.045315959795906,0.045315959795906,0.045315959795906,0.0576659331255503
11.7030101268542,0,0.0664031592294417,0,11.7030101268542,0.0664031592294417,0.0664031592294417,0.0664031592294417,0.0318702419669784
7.36539602284415,0,-0.0247872150245361,0,7.36539602284415,-0.0247872150245361,-0.0247872150245361,-0.0247872150245361,0.114121672795408
7.17535910443418,0,0.0223584830888584,0,7.17535910443418,0.0223584830888584,0.0223584830888584,0.0223584830888584,0.0787357224553916
10.3934503295043,0,0.0619972167608137,0,10.3934503295043,0.0619972167608137,0.0619972167608137,0.0619972167608137,0.0947975137929517
11.8155784180346,0,0.132399483418963,0,11.8155784180346,0.132399483418963,0.132399483418963,0.132399483418963,0.0684128055131695
10.8363107906744,0,-0.028098390818107,0,10.8363107906744,-0.028098390818107,-0.028098390818107,-0.028098390818107,0.071926050301895
11.7003583105711,0,-0.00186774348468509,0,11.7003583105711,-0.00186774348468509,-0.00186774348468509,-0.00186774348468509,0.00589871207554302
14.1717804897526,0,0.027255899623745,0,14.1717804897526,0.027255899623745,0.027255899623745,0.027255899623745,0.0438772018708798
10.4916049522311,0,0.0132463173032987,0,10.4916049522311,0.0132463173032987,0.0132463173032987,0.0132463173032987,0.0267192917518445
12.822729428325,0,-0.0874609227257811,0,12.822729428325,-0.0874609227257811,-0.0874609227257811,-0.0874609227257811,0.0547141742785602
22.4190143092695,0,-0.000161199703742028,0,22.4190143092695,-0.000161199703742028,-0.000161199703742028,-0.000161199703742028,0.0167230245622351
23.3384346785706,0,0.0173424537425691,0,23.3384346785706,0.0173424537425691,0.0173424537425691,0.0173424537425691,0.0189266195413323
21.0471310356801,0,0.0617673658141888,0,21.0471310356801,0.0617673658141888,0.0617673658141888,0.0617673658141888,0.047052745863464
18.868464140174,0,-0.0601138815581494,0,18.868464140174,-0.0601138815581494,-0.0601138815581494,-0.0601138815581494,0.0841243606959225
130.216227665708,0,0.0198117493038606,0,130.216227665708,0.0198117493038606,0.0198117493038606,0.0198117493038606,0.0277236387216602
9.87654480749694,0,-0.0946232449189078,0,9.87654480749694,-0.0946232449189078,-0.0946232449189078,-0.0946232449189078,0.0836731049469832
15.7641037476623,0,0.0452974152246685,0,15.7641037476623,0.0452974152246685,0.0452974152246685,0.0452974152246685,0.0222639606786319
14.6925462604222,0,-0.00458452472707301,0,14.6925462604222,-0.00458452472707301,-0.00458452472707301,-0.00458452472707301,0.0444254697733256
18.090757331168,0,0.0268647127129744,0,18.090757331168,0.0268647127129744,0.0268647127129744,0.0268647127129744,0.0533691763562087
8.10146185701589,0,0.0427555806686441,0,8.10146185701589,0.0427555806686441,0.0427555806686441,0.0427555806686441,0.0518433181255775
11.2420027298881,0,-0.0660500012093723,0,11.2420027298881,-0.0660500012093723,-0.0660500012093723,-0.0660500012093723,0.0384705888979592
27.9381463268887,0,-0.0196646199066465,0,27.9381463268887,-0.0196646199066465,-0.0196646199066465,-0.0196646199066465,0.0266030945529787
28.4056044215739,0,-0.0234835133541325,0,28.4056044215739,-0.0234835133541325,-0.0234835133541325,-0.0234835133541325,0.0460235649191708
9.44659083119766,0,-0.0979355343768668,0,9.44659083119766,-0.0979355343768668,-0.0979355343768668,-0.0979355343768668,0.106984919191722
10.6319539160187,0,0.00587821668928426,0,10.6319539160187,0.00587821668928426,0.00587821668928426,0.00587821668928426,0.0434639030773943
23.722803858762,0,0.00435490338959432,0,23.722803858762,0.00435490338959432,0.00435490338959432,0.00435490338959432,0.0172785731987079
NA,NA,NA,NA,NA,NA,NA,NA,NA
14.5501339822123,0,-0.0241508994853178,0,14.5501339822123,-0.0241508994853178,-0.0241508994853178,-0.0241508994853178,0.0112761190742462
6.82559417888738,0,-0.0208488602109932,0,6.82559417888738,-0.0208488602109932,-0.0208488602109932,-0.0208488602109932,0.0626238731585564
7.10118523761685,0,-0.0285278978712163,0,7.10118523761685,-0.0285278978712163,-0.0285278978712163,-0.0285278978712163,0.0595492352872805
8.39406695268219,0,0.0167837864563465,0,8.39406695268219,0.0167837864563465,0.0167837864563465,0.0167837864563465,0.0322473662392579
15.3813680380744,0,-0.0235768509494856,0,15.3813680380744,-0.0235768509494856,-0.0235768509494856,-0.0235768509494856,0.0385600790656454
10.9419857642508,0,-0.0876235523401562,0,10.9419857642508,-0.0876235523401562,-0.0876235523401562,-0.0876235523401562,0.0336377588977628
9.567453602661,0,-0.0130573193727359,0,9.567453602661,-0.0130573193727359,-0.0130573193727359,-0.0130573193727359,0.0264340771076804
9.56764954052794,0,-0.00578932875863998,0,9.56764954052794,-0.00578932875863998,-0.00578932875863998,-0.00578932875863998,0.0288617279537588
9.58796747981615,0,0.00725905880614161,0,9.58796747981615,0.00725905880614161,0.00725905880614161,0.00725905880614161,0.0422687684348916
15.1454884083029,0,0.0687427351592194,0,15.1454884083029,0.0687427351592194,0.0687427351592194,0.0687427351592194,0.0334809714396658
9.03381024943225,0,-0.0258591277728825,0,9.03381024943225,-0.0258591277728825,-0.0258591277728825,-0.0258591277728825,0.0210013285642308
14.8412385484711,0,0.00805813747067324,0,14.8412385484711,0.00805813747067324,0.00805813747067324,0.00805813747067324,0.0331399934197975
10.6567948708008,0,0.0203455428827325,0,10.6567948708008,0.0203455428827325,0.0203455428827325,0.0203455428827325,0.0367174068081082
15.83958844307,0,0.0399832495665445,0,15.83958844307,0.0399832495665445,0.0399832495665445,0.0399832495665445,0.0130470310288665
17.7014293147066,0,0.0234372077444364,0,17.7014293147066,0.0234372077444364,0.0234372077444364,0.0234372077444364,0.0323786122878216
16.016217440795,0,-0.00369944404825601,0,16.016217440795,-0.00369944404825601,-0.00369944404825601,-0.00369944404825601,0.0376637682579198
21.1131806593051,0,-0.056056653152879,0,21.1131806593051,-0.056056653152879,-0.056056653152879,-0.056056653152879,0.033465829508006
7.84913150076159,0,0.0206892300368871,0,7.84913150076159,0.0206892300368871,0.0206892300368871,0.0206892300368871,0.0125920499284639
11.3110693140974,0,0.00982781565554414,0,11.3110693140974,0.00982781565554414,0.00982781565554414,0.00982781565554414,0.0152975413868066
19.3344521561619,0,-0.0178892890128142,0,19.3344521561619,-0.0178892890128142,-0.0178892890128142,-0.0178892890128142,0.0322365626104049
12.3671082351961,0,0.0210231372322994,0,12.3671082351961,0.0210231372322994,0.0210231372322994,0.0210231372322994,0.0160828742749283
12.3654554745313,0,-0.0686880413546458,0,12.3654554745313,-0.0686880413546458,-0.0686880413546458,-0.0686880413546458,0.0513325050706189
19.2556223171704,0,0.0285945738844167,0,19.2556223171704,0.0285945738844167,0.0285945738844167,0.0285945738844167,0.0139726523520546
34.7312424253189,0,0.00360906084633839,0,34.7312424253189,0.00360906084633839,0.00360906084633839,0.00360906084633839,0.017575833019559
54.7209102152747,0,0.0196726221291343,0,54.7209102152747,0.0196726221291343,0.0196726221291343,0.0196726221291343,0.0109274670854921
10.3775310816429,0,0.101658959703851,0,10.3775310816429,0.101658959703851,0.101658959703851,0.101658959703851,0.0398037227196641
13.7692792179168,0,0.045315959795906,0,13.7692792179168,0.045315959795906,0.045315959795906,0.045315959795906,0.0576659331255503
11.7030101268542,0,0.0664031592294417,0,11.7030101268542,0.0664031592294417,0.0664031592294417,0.0664031592294417,0.0318702419669784
7.36539602284415,0,-0.0247872150245361,0,7.36539602284415,-0.0247872150245361,-0.0247872150245361,-0.0247872150245361,0.114121672795408
7.17535910443418,0,0.0223584830888584,0,7.17535910443418,0.0223584830888584,0.0223584830888584,0.0223584830888584,0.0787357224553916
10.3934503295043,0,0.0619972167608137,0,10.3934503295043,0.0619972167608137,0.0619972167608137,0.0619972167608137,0.0947975137929517
11.8155784180346,0,0.132399483418963,0,11.8155784180346,0.132399483418963,0.132399483418963,0.132399483418963,0.0684128055131695
10.8363107906744,0,-0.028098390818107,0,10.8363107906744,-0.028098390818107,-0.028098390818107,-0.028098390818107,0.071926050301895
11.7003583105711,0,-0.00186774348468509,0,11.7003583105711,-0.00186774348468509,-0.00186774348468509,-0.00186774348468509,0.00589871207554302
14.1717804897526,0,0.027255899623745,0,14.1717804897526,0.027255899623745,0.027255899623745,0.027255899623745,0.0438772018708798
10.4916049522311,0,0.0132463173032987,0,10.4916049522311,0.0132463173032987,0.0132463173032987,0.0132463173032987,0.0267192917518445
12.822729428325,0,-0.0874609227257811,0,12.822729428325,-0.0874609227257811,-0.0874609227257811,-0.0874609227257811,0.0547141742785602
22.4190143092695,0,-0.000161199703742028,0,22.4190143092695,-0.000161199703742028,-0.000161199703742028,-0.000161199703742028,0.0167230245622351
23.3384346785706,0,0.0173424537425691,0,23.3384346785706,0.0173424537425691,0.0173424537425691,0.0173424537425691,0.0189266195413323
21.0471310356801,0,0.0617673658141888,0,21.0471310356801,0.0617673658141888,0.0617673658141888,0.0617673658141888,0.047052745863464
18.868464140174,0,-0.0601138815581494,0,18.868464140174,-0.0601138815581494,-0.0601138815581494,-0.0601138815581494,0.0841243606959225
130.216227665708,0,0.0198117493038606,0,130.216227665708,0.0198117493038606,0.0198117493038606,0.0198117493038606,0.0277236387216602
9.87654480749694,0,-0.0946232449189078,0,9.87654480749694,-0.0946232449189078,-0.0946232449189078,-0.0946232449189078,0.0836731049469832
15.7641037476623,0,0.0452974152246685,0,15.7641037476623,0.0452974152246685,0.0452974152246685,0.0452974152246685,0.0222639606786319
14.6925462604222,0,-0.00458452472707301,0,14.6925462604222,-0.00458452472707301,-0.00458452472707301,-0.00458452472707301,0.0444254697733256
18.090757331168,0,0.0268647127129744,0,18.090757331168,0.0268647127129744,0.0268647127129744,0.0268647127129744,0.0533691763562087
8.10146185701589,0,0.0427555806686441,0,8.10146185701589,0.0427555806686441,0.0427555806686441,0.0427555806686441,0.0518433181255775
11.2420027298881,0,-0.0660500012093723,0,11.2420027298881,-0.0660500012093723,-0.0660500012093723,-0.0660500012093723,0.0384705888979592
27.9381463268887,0,-0.0196646199066465,0,27.9381463268887,-0.0196646199066465,-0.0196646199066465,-0.0196646199066465,0.0266030945529787
28.4056044215739,0,-0.0234835133541325,0,28.4056044215739,-0.0234835133541325,-0.0234835133541325,-0.0234835133541325,0.0460235649191708
9.44659083119766,0,-0.0979355343768668,0,9.44659083119766,-0.0979355343768668,-0.0979355343768668,-0.0979355343768668,0.106984919191722
10.6319539160187,0,0.00587821668928426,0,10.6319539160187,0.00587821668928426,0.00587821668928426,0.00587821668928426,0.0434639030773943
23.722803858762,0,0.00435490338959432,0,23.722803858762,0.00435490338959432,0.00435490338959432,0.00435490338959432,0.0172785731987079
NA,NA,NA,NA,NA,NA,NA,NA,NA
14.5501339822123,0,-0.0241508994853178,0,14.5501339822123,-0.0241508994853178,-0.0241508994853178,-0.0241508994853178,0.0112761190742462
6.82559417888738,0,-0.0208488602109932,0,6.82559417888738,-0.0208488602109932,-0.0208488602109932,-0.0208488602109932,0.0626238731585564
7.10118523761685,0,-0.0285278978712163,0,7.10118523761685,-0.0285278978712163,-0.0285278978712163,-0.0285278978712163,0.0595492352872805
8.39406695268219,0,0.0167837864563465,0,8.39406695268219,0.0167837864563465,0.0167837864563465,0.0167837864563465,0.0322473662392579
15.3813680380744,0,-0.0235768509494856,0,15.3813680380744,-0.0235768509494856,-0.0235768509494856,-0.0235768509494856,0.0385600790656454
10.9419857642508,0,-0.0876235523401562,0,10.9419857642508,-0.0876235523401562,-0.0876235523401562,-0.0876235523401562,0.0336377588977628
9.567453602661,0,-0.0130573193727359,0,9.567453602661,-0.0130573193727359,-0.0130573193727359,-0.0130573193727359,0.0264340771076804
9.56764954052794,0,-0.00578932875863998,0,9.56764954052794,-0.00578932875863998,-0.00578932875863998,-0.00578932875863998,0.0288617279537588
9.58796747981615,0,0.00725905880614161,0,9.58796747981615,0.00725905880614161,0.00725905880614161,0.00725905880614161,0.0422687684348916
15.1454884083029,0,0.0687427351592194,0,15.1454884083029,0.0687427351592194,0.0687427351592194,0.0687427351592194,0.0334809714396658
9.03381024943225,0,-0.0258591277728825,0,9.03381024943225,-0.0258591277728825,-0.0258591277728825,-0.0258591277728825,0.0210013285642308
14.8412385484711,0,0.00805813747067324,0,14.8412385484711,0.00805813747067324,0.00805813747067324,0.00805813747067324,0.0331399934197975
10.6567948708008,0,0.0203455428827325,0,10.6567948708008,0.0203455428827325,0.0203455428827325,0.0203455428827325,0.0367174068081082
15.83958844307,0,0.0399832495665445,0,15.83958844307,0.0399832495665445,0.0399832495665445,0.0399832495665445,0.0130470310288665
17.7014293147066,0,0.0234372077444364,0,17.7014293147066,0.0234372077444364,0.0234372077444364,0.0234372077444364,0.0323786122878216
16.016217440795,0,-0.00369944404825601,0,16.016217440795,-0.00369944404825601,-0.00369944404825601,-0.00369944404825601,0.0376637682579198
21.1131806593051,0,-0.056056653152879,0,21.1131806593051,-0.056056653152879,-0.056056653152879,-0.056056653152879,0.033465829508006
7.84913150076159,0,0.0206892300368871,0,7.84913150076159,0.0206892300368871,0.0206892300368871,0.0206892300368871,0.0125920499284639
11.3110693140974,0,0.00982781565554414,0,11.3110693140974,0.00982781565554414,0.00982781565554414,0.00982781565554414,0.0152975413868066
19.3344521561619,0,-0.0178892890128142,0,19.3344521561619,-0.0178892890128142,-0.0178892890128142,-0.0178892890128142,0.0322365626104049
12.3671082351961,0,0.0210231372322994,0,12.3671082351961,0.0210231372322994,0.0210231372322994,0.0210231372322994,0.0160828742749283
12.3654554745313,0,-0.0686880413546458,0,12.3654554745313,-0.0686880413546458,-0.0686880413546458,-0.0686880413546458,0.0513325050706189
19.2556223171704,0,0.0285945738844167,0,19.2556223171704,0.0285945738844167,0.0285945738844167,0.0285945738844167,0.0139726523520546
34.7312424253189,0,0.00360906084633839,0,34.7312424253189,0.00360906084633839,0.00360906084633839,0.00360906084633839,0.017575833019559
54.7209102152747,0,0.0196726221291343,0,54.7209102152747,0.0196726221291343,0.0196726221291343,0.0196726221291343,0.0109274670854921
10.3775310816429,0,0.101658959703851,0,10.3775310816429,0.101658959703851,0.101658959703851,0.101658959703851,0.0398037227196641
13.7692792179168,0,0.045315959795906,0,13.7692792179168,0.045315959795906,0.045315959795906,0.045315959795906,0.0576659331255503
11.7030101268542,0,0.0664031592294417,0,11.7030101268542,0.0664031592294417,0.0664031592294417,0.0664031592294417,0.0318702419669784
7.36539602284415,0,-0.0247872150245361,0,7.36539602284415,-0.0247872150245361,-0.0247872150245361,-0.0247872150245361,0.114121672795408
7.17535910443418,0,0.0223584830888584,0,7.17535910443418,0.0223584830888584,0.0223584830888584,0.0223584830888584,0.0787357224553916
10.3934503295043,0,0.0619972167608137,0,10.3934503295043,0.0619972167608137,0.0619972167608137,0.0619972167608137,0.0947975137929517
11.8155784180346,0,0.132399483418963,0,11.8155784180346,0.132399483418963,0.132399483418963,0.132399483418963,0.0684128055131695
10.8363107906744,0,-0.028098390818107,0,10.8363107906744,-0.028098390818107,-0.028098390818107,-0.028098390818107,0.071926050301895
11.7003583105711,0,-0.00186774348468509,0,11.7003583105711,-0.00186774348468509,-0.00186774348468509,-0.00186774348468509,0.00589871207554302
14.1717804897526,0,0.027255899623745,0,14.1717804897526,0.027255899623745,0.027255899623745,0.027255899623745,0.0438772018708798
10.4916049522311,0,0.0132463173032987,0,10.4916049522311,0.0132463173032987,0.0132463173032987,0.0132463173032987,0.0267192917518445
12.822729428325,0,-0.0874609227257811,0,12.822729428325,-0.0874609227257811,-0.0874609227257811,-0.0874609227257811,0.0547141742785602
22.4190143092695,0,-0.000161199703742028,0,22.4190143092695,-0.000161199703742028,-0.000161199703742028,-0.000161199703742028,0.0167230245622351
23.3384346785706,0,0.0173424537425691,0,23.3384346785706,0.0173424537425691,0.0173424537425691,0.0173424537425691,0.0189266195413323
21.0471310356801,0,0.0617673658141888,0,21.0471310356801,0.0617673658141888,0.0617673658141888,0.0617673658141888,0.047052745863464
18.868464140174,0,-0.0601138815581494,0,18.868464140174,-0.0601138815581494,-0.0601138815581494,-0.0601138815581494,0.0841243606959225
130.216227665708,0,0.0198117493038606,0,130.216227665708,0.0198117493038606,0.0198117493038606,0.0198117493038606,0.0277236387216602
9.87654480749694,0,-0.0946232449189078,0,9.87654480749694,-0.0946232449189078,-0.0946232449189078,-0.0946232449189078,0.0836731049469832
15.7641037476623,0,0.0452974152246685,0,15.7641037476623,0.0452974152246685,0.0452974152246685,0.0452974152246685,0.0222639606786319
14.6925462604222,0,-0.00458452472707301,0,14.6925462604222,-0.00458452472707301,-0.00458452472707301,-0.00458452472707301,0.0444254697733256
18.090757331168,0,0.0268647127129744,0,18.090757331168,0.0268647127129744,0.0268647127129744,0.0268647127129744,0.0533691763562087
8.10146185701589,0,0.0427555806686441,0,8.10146185701589,0.0427555806686441,0.0427555806686441,0.0427555806686441,0.0518433181255775
11.2420027298881,0,-0.0660500012093723,0,11.2420027298881,-0.0660500012093723,-0.0660500012093723,-0.0660500012093723,0.0384705888979592
27.9381463268887,0,-0.0196646199066465,0,27.9381463268887,-0.0196646199066465,-0.0196646199066465,-0.0196646199066465,0.0266030945529787
28.4056044215739,0,-0.0234835133541325,0,28.4056044215739,-0.0234835133541325,-0.0234835133541325,-0.0234835133541325,0.0460235649191708
9.44659083119766,0,-0.0979355343768668,0,9.44659083119766,-0.0979355343768668,-0.0979355343768668,-0.0979355343768668,0.106984919191722
10.6319539160187,0,0.00587821668928426,0,10.6319539160187,0.00587821668928426,0.00587821668928426,0.00587821668928426,0.0434639030773943
23.722803858762,0,0.00435490338959432,0,23.722803858762,0.00435490338959432,0.00435490338959432,0.00435490338959432,0.0172785731987079
NA,NA,NA,NA,NA,NA,NA,NA,NA
14.5501339822123,0,-0.0241508994853178,0,14.5501339822123,-0.0241508994853178,-0.0241508994853178,-0.0241508994853178,0.0112761190742462
6.82559417888738,0,-0.0208488602109932,0,6.82559417888738,-0.0208488602109932,-0.0208488602109932,-0.0208488602109932,0.0626238731585564
7.10118523761685,0,-0.0285278978712163,0,7.10118523761685,-0.0285278978712163,-0.0285278978712163,-0.0285278978712163,0.0595492352872805
8.39406695268219,0,0.0167837864563465,0,8.39406695268219,0.0167837864563465,0.0167837864563465,0.0167837864563465,0.0322473662392579
15.3813680380744,0,-0.0235768509494856,0,15.3813680380744,-0.0235768509494856,-0.0235768509494856,-0.0235768509494856,0.0385600790656454
10.9419857642508,0,-0.0876235523401562,0,10.9419857642508,-0.0876235523401562,-0.0876235523401562,-0.0876235523401562,0.0336377588977628
9.567453602661,0,-0.0130573193727359,0,9.567453602661,-0.0130573193727359,-0.0130573193727359,-0.0130573193727359,0.0264340771076804
9.56764954052794,0,-0.00578932875863998,0,9.56764954052794,-0.00578932875863998,-0.00578932875863998,-0.00578932875863998,0.0288617279537588
9.58796747981615,0,0.00725905880614161,0,9.58796747981615,0.00725905880614161,0.00725905880614161,0.00725905880614161,0.0422687684348916
15.1454884083029,0,0.0687427351592194,0,15.1454884083029,0.0687427351592194,0.0687427351592194,0.0687427351592194,0.0334809714396658
9.03381024943225,0,-0.0258591277728825,0,9.03381024943225,-0.0258591277728825,-0.0258591277728825,-0.0258591277728825,0.0210013285642308
14.8412385484711,0,0.00805813747067324,0,14.8412385484711,0.00805813747067324,0.00805813747067324,0.00805813747067324,0.0331399934197975
10.6567948708008,0,0.0203455428827325,0,10.6567948708008,0.0203455428827325,0.0203455428827325,0.0203455428827325,0.0367174068081082
15.83958844307,0,0.0399832495665445,0,15.83958844307,0.0399832495665445,0.0399832495665445,0.0399832495665445,0.0130470310288665
17.7014293147066,0,0.0234372077444364,0,17.7014293147066,0.0234372077444364,0.0234372077444364,0.0234372077444364,0.0323786122878216
16.016217440795,0,-0.00369944404825601,0,16.016217440795,-0.00369944404825601,-0.00369944404825601,-0.00369944404825601,0.0376637682579198
21.1131806593051,0,-0.056056653152879,0,21.1131806593051,-0.056056653152879,-0.056056653152879,-0.056056653152879,0.033465829508006
7.84913150076159,0,0.0206892300368871,0,7.84913150076159,0.0206892300368871,0.0206892300368871,0.0206892300368871,0.0125920499284639
11.3110693140974,0,0.00982781565554414,0,11.3110693140974,0.00982781565554414,0.00982781565554414,0.00982781565554414,0.0152975413868066
19.3344521561619,0,-0.0178892890128142,0,19.3344521561619,-0.0178892890128142,-0.0178892890128142,-0.0178892890128142,0.0322365626104049
12.3671082351961,0,0.0210231372322994,0,12.3671082351961,0.0210231372322994,0.0210231372322994,0.0210231372322994,0.0160828742749283
12.3654554745313,0,-0.0686880413546458,0,12.3654554745313,-0.0686880413546458,-0.0686880413546458,-0.0686880413546458,0.0513325050706189
19.2556223171704,0,0.0285945738844167,0,19.2556223171704,0.0285945738844167,0.0285945738844167,0.0285945738844167,0.0139726523520546
34.7312424253189,0,0.00360906084633839,0,34.7312424253189,0.00360906084633839,0.00360906084633839,0.00360906084633839,0.017575833019559
54.7209102152747,0,0.0196726221291343,0,54.7209102152747,0.0196726221291343,0.0196726221291343,0.0196726221291343,0.0109274670854921
10.3775310816429,0,0.101658959703851,0,10.3775310816429,0.101658959703851,0.101658959703851,0.101658959703851,0.0398037227196641
13.7692792179168,0,0.045315959795906,0,13.7692792179168,0.045315959795906,0.045315959795906,0.045315959795906,0.0576659331255503
11.7030101268542,0,0.0664031592294417,0,11.7030101268542,0.0664031592294417,0.0664031592294417,0.0664031592294417,0.0318702419669784
7.36539602284415,0,-0.0247872150245361,0,7.36539602284415,-0.0247872150245361,-0.0247872150245361,-0.0247872150245361,0.114121672795408
7.17535910443418,0,0.0223584830888584,0,7.17535910443418,0.0223584830888584,0.0223584830888584,0.0223584830888584,0.0787357224553916
10.3934503295043,0,0.0619972167608137,0,10.3934503295043,0.0619972167608137,0.0619972167608137,0.0619972167608137,0.0947975137929517
11.8155784180346,0,0.132399483418963,0,11.8155784180346,0.132399483418963,0.132399483418963,0.132399483418963,0.0684128055131695
10.8363107906744,0,-0.028098390818107,0,10.8363107906744,-0.028098390818107,-0.028098390818107,-0.028098390818107,0.071926050301895
11.7003583105711,0,-0.00186774348468509,0,11.7003583105711,-0.00186774348468509,-0.00186774348468509,-0.00186774348468509,0.00589871207554302
14.1717804897526,0,0.027255899623745,0,14.1717804897526,0.027255899623745,0.027255899623745,0.027255899623745,0.0438772018708798
10.4916049522311,0,0.0132463173032987,0,10.4916049522311,0.0132463173032987,0.0132463173032987,0.0132463173032987,0.0267192917518445
12.491172371433,0,0.00616174807970621,0,12.491172371433,0.00616174807970621,0.00616174807970621,0.00616174807970621,0.0405245193389735
22.4190143092695,0,-0.000161199703742028,0,22.4190143092695,-0.000161199703742028,-0.000161199703742028,-0.000161199703742028,0.0167230245622351
23.3384346785706,0,0.0173424537425691,0,23.3384346785706,0.0173424537425691,0.0173424537425691,0.0173424537425691,0.0189266195413323
21.0471310356801,0,0.0617673658141888,0,21.0471310356801,0.0617673658141888,0.0617673658141888,0.0617673658141888,0.047052745863464
18.868464140174,0,-0.0601138815581494,0,18.868464140174,-0.0601138815581494,-0.0601138815581494,-0.0601138815581494,0.0841243606959225
130.216227665708,0,0.0198117493038606,0,130.216227665708,0.0198117493038606,0.0198117493038606,0.0198117493038606,0.0277236387216602
9.87654480749694,0,-0.0946232449189078,0,9.87654480749694,-0.0946232449189078,-0.0946232449189078,-0.0946232449189078,0.0836731049469832
15.7641037476623,0,0.0452974152246685,0,15.7641037476623,0.0452974152246685,0.0452974152246685,0.0452974152246685,0.0222639606786319
14.6925462604222,0,-0.00458452472707301,0,14.6925462604222,-0.00458452472707301,-0.00458452472707301,-0.00458452472707301,0.0444254697733256
18.090757331168,0,0.0268647127129744,0,18.090757331168,0.0268647127129744,0.0268647127129744,0.0268647127129744,0.0533691763562087
8.10146185701589,0,0.0427555806686441,0,8.10146185701589,0.0427555806686441,0.0427555806686441,0.0427555806686441,0.0518433181255775
11.2420027298881,0,-0.0660500012093723,0,11.2420027298881,-0.0660500012093723,-0.0660500012093723,-0.0660500012093723,0.0384705888979592
27.9381463268887,0,-0.0196646199066465,0,27.9381463268887,-0.0196646199066465,-0.0196646199066465,-0.0196646199066465,0.0266030945529787
28.4056044215739,0,-0.0234835133541325,0,28.4056044215739,-0.0234835133541325,-0.0234835133541325,-0.0234835133541325,0.0460235649191708
9.44659083119766,0,-0.0979355343768668,0,9.44659083119766,-0.0979355343768668,-0.0979355343768668,-0.0979355343768668,0.106984919191722
10.6319539160187,0,0.00587821668928426,0,10.6319539160187,0.00587821668928426,0.00587821668928426,0.00587821668928426,0.0434639030773943
23.722803858762,0,0.00435490338959432,0,23.722803858762,0.00435490338959432,0.00435490338959432,0.00435490338959432,0.0172785731987079
NA,NA,NA,NA,NA,NA,NA,NA,NA
14.5501339822123,0,-0.0241508994853178,0,14.5501339822123,-0.0241508994853178,-0.0241508994853178,-0.0241508994853178,0.0112761190742462
6.82559417888738,0,-0.0208488602109932,0,6.82559417888738,-0.0208488602109932,-0.0208488602109932,-0.0208488602109932,0.0626238731585564
7.10118523761685,0,-0.0285278978712163,0,7.10118523761685,-0.0285278978712163,-0.0285278978712163,-0.0285278978712163,0.0595492352872805
8.39406695268219,0,0.0167837864563465,0,8.39406695268219,0.0167837864563465,0.0167837864563465,0.0167837864563465,0.0322473662392579
15.3813680380744,0,-0.0235768509494856,0,15.3813680380744,-0.0235768509494856,-0.0235768509494856,-0.0235768509494856,0.0385600790656454
10.9419857642508,0,-0.0876235523401562,0,10.9419857642508,-0.0876235523401562,-0.0876235523401562,-0.0876235523401562,0.0336377588977628
9.567453602661,0,-0.0130573193727359,0,9.567453602661,-0.0130573193727359,-0.0130573193727359,-0.0130573193727359,0.0264340771076804
9.56764954052794,0,-0.00578932875863998,0,9.56764954052794,-0.00578932875863998,-0.00578932875863998,-0.00578932875863998,0.0288617279537588
9.58796747981615,0,0.00725905880614161,0,9.58796747981615,0.00725905880614161,0.00725905880614161,0.00725905880614161,0.0422687684348916
15.1454884083029,0,0.0687427351592194,0,15.1454884083029,0.0687427351592194,0.0687427351592194,0.0687427351592194,0.0334809714396658
9.03381024943225,0,-0.0258591277728825,0,9.03381024943225,-0.0258591277728825,-0.0258591277728825,-0.0258591277728825,0.0210013285642308
14.8412385484711,0,0.00805813747067324,0,14.8412385484711,0.00805813747067324,0.00805813747067324,0.00805813747067324,0.0331399934197975
10.6567948708008,0,0.0203455428827325,0,10.6567948708008,0.0203455428827325,0.0203455428827325,0.0203455428827325,0.0367174068081082
15.83958844307,0,0.0399832495665445,0,15.83958844307,0.0399832495665445,0.0399832495665445,0.0399832495665445,0.0130470310288665
17.7014293147066,0,0.0234372077444364,0,17.7014293147066,0.0234372077444364,0.0234372077444364,0.0234372077444364,0.0323786122878216
16.016217440795,0,-0.00369944404825601,0,16.016217440795,-0.00369944404825601,-0.00369944404825601,-0.00369944404825601,0.0376637682579198
21.1131806593051,0,-0.056056653152879,0,21.1131806593051,-0.056056653152879,-0.056056653152879,-0.056056653152879,0.033465829508006
7.84913150076159,0,0.0206892300368871,0,7.84913150076159,0.0206892300368871,0.0206892300368871,0.0206892300368871,0.0125920499284639
11.3110693140974,0,0.00982781565554414,0,11.3110693140974,0.00982781565554414,0.00982781565554414,0.00982781565554414,0.0152975413868066
19.3344521561619,0,-0.0178892890128142,0,19.3344521561619,-0.0178892890128142,-0.0178892890128142,-0.0178892890128142,0.0322365626104049
12.3671082351961,0,0.0210231372322994,0,12.3671082351961,0.0210231372322994,0.0210231372322994,0.0210231372322994,0.0160828742749283
12.3654554745313,0,-0.0686880413546458,0,12.3654554745313,-0.0686880413546458,-0.0686880413546458,-0.0686880413546458,0.0513325050706189
19.2556223171704,0,0.0285945738844167,0,19.2556223171704,0.0285945738844167,0.0285945738844167,0.0285945738844167,0.0139726523520546
34.7312424253189,0,0.00360906084633839,0,34.7312424253189,0.00360906084633839,0.00360906084633839,0.00360906084633839,0.017575833019559
54.7209102152747,0,0.0196726221291343,0,54.7209102152747,0.0196726221291343,0.0196726221291343,0.0196726221291343,0.0109274670854921
10.3775310816429,0,0.101658959703851,0,10.3775310816429,0.101658959703851,0.101658959703851,0.101658959703851,0.0398037227196641
13.7692792179168,0,0.045315959795906,0,13.7692792179168,0.045315959795906,0.045315959795906,0.045315959795906,0.0576659331255503
11.7030101268542,0,0.0664031592294417,0,11.7030101268542,0.0664031592294417,0.0664031592294417,0.0664031592294417,0.0318702419669784
7.36539602284415,0,-0.0247872150245361,0,7.36539602284415,-0.0247872150245361,-0.0247872150245361,-0.0247872150245361,0.114121672795408
7.17535910443418,0,0.0223584830888584,0,7.17535910443418,0.0223584830888584,0.0223584830888584,0.0223584830888584,0.0787357224553916
10.3934503295043,0,0.0619972167608137,0,10.3934503295043,0.0619972167608137,0.0619972167608137,0.0619972167608137,0.0947975137929517
11.8155784180346,0,0.132399483418963,0,11.8155784180346,0.132399483418963,0.132399483418963,0.132399483418963,0.0684128055131695
10.8363107906744,0,-0.028098390818107,0,10.8363107906744,-0.028098390818107,-0.028098390818107,-0.028098390818107,0.071926050301895
11.7003583105711,0,-0.00186774348468509,0,11.7003583105711,-0.00186774348468509,-0.00186774348468509,-0.00186774348468509,0.00589871207554302
14.1717804897526,0,0.027255899623745,0,14.1717804897526,0.027255899623745,0.027255899623745,0.027255899623745,0.0438772018708798
10.4916049522311,0,0.0132463173032987,0,10.4916049522311,0.0132463173032987,0.0132463173032987,0.0132463173032987,0.0267192917518445
12.491172371433,0,0.00616174807970621,0,12.491172371433,0.00616174807970621,0.00616174807970621,0.00616174807970621,0.0405245193389735
22.4190143092695,0,-0.000161199703742028,0,22.4190143092695,-0.000161199703742028,-0.000161199703742028,-0.000161199703742028,0.0167230245622351
23.3384346785706,0,0.0173424537425691,0,23.3384346785706,0.0173424537425691,0.0173424537425691,0.0173424537425691,0.0189266195413323
21.0471310356801,0,0.0617673658141888,0,21.0471310356801,0.0617673658141888,0.0617673658141888,0.0617673658141888,0.047052745863464
18.868464140174,0,-0.0601138815581494,0,18.868464140174,-0.0601138815581494,-0.0601138815581494,-0.0601138815581494,0.0841243606959225
130.216227665708,0,0.0198117493038606,0,130.216227665708,0.0198117493038606,0.0198117493038606,0.0198117493038606,0.0277236387216602
9.87654480749694,0,-0.0946232449189078,0,9.87654480749694,-0.0946232449189078,-0.0946232449189078,-0.0946232449189078,0.0836731049469832
15.7641037476623,0,0.0452974152246685,0,15.7641037476623,0.0452974152246685,0.0452974152246685,0.0452974152246685,0.0222639606786319
14.6925462604222,0,-0.00458452472707301,0,14.6925462604222,-0.00458452472707301,-0.00458452472707301,-0.00458452472707301,0.0444254697733256
18.090757331168,0,0.0268647127129744,0,18.090757331168,0.0268647127129744,0.0268647127129744,0.0268647127129744,0.0533691763562087
8.10146185701589,0,0.0427555806686441,0,8.10146185701589,0.0427555806686441,0.0427555806686441,0.0427555806686441,0.0518433181255775
11.2420027298881,0,-0.0660500012093723,0,11.2420027298881,-0.0660500012093723,-0.0660500012093723,-0.0660500012093723,0.0384705888979592
27.9381463268887,0,-0.0196646199066465,0,27.9381463268887,-0.0196646199066465,-0.0196646199066465,-0.0196646199066465,0.0266030945529787
28.4056044215739,0,-0.0234835133541325,0,28.4056044215739,-0.0234835133541325,-0.0234835133541325,-0.0234835133541325,0.0460235649191708
9.44659083119766,0,-0.0979355343768668,0,9.44659083119766,-0.0979355343768668,-0.0979355343768668,-0.0979355343768668,0.106984919191722
10.6319539160187,0,0.00587821668928426,0,10.6319539160187,0.00587821668928426,0.00587821668928426,0.00587821668928426,0.0434639030773943
23.722803858762,0,0.00435490338959432,0,23.722803858762,0.00435490338959432,0.00435490338959432,0.00435490338959432,0.0172785731987079
NA,NA,NA,NA,NA,NA,NA,NA,NA
14.5501339822123,0,-0.0241508994853178,0,14.5501339822123,-0.0241508994853178,-0.0241508994853178,-0.0241508994853178,0.0112761190742462
6.82559417888738,0,-0.0208488602109932,0,6.82559417888738,-0.0208488602109932,-0.0208488602109932,-0.0208488602109932,0.0626238731585564
7.10118523761685,0,-0.0285278978712163,0,7.10118523761685,-0.0285278978712163,-0.0285278978712163,-0.0285278978712163,0.0595492352872805
8.39406695268219,0,0.0167837864563465,0,8.39406695268219,0.0167837864563465,0.0167837864563465,0.0167837864563465,0.0322473662392579
15.3813680380744,0,-0.0235768509494856,0,15.3813680380744,-0.0235768509494856,-0.0235768509494856,-0.0235768509494856,0.0385600790656454
10.9419857642508,0,-0.0876235523401562,0,10.9419857642508,-0.0876235523401562,-0.0876235523401562,-0.0876235523401562,0.0336377588977628
9.567453602661,0,-0.0130573193727359,0,9.567453602661,-0.0130573193727359,-0.0130573193727359,-0.0130573193727359,0.0264340771076804
9.56764954052794,0,-0.00578932875863998,0,9.56764954052794,-0.00578932875863998,-0.00578932875863998,-0.00578932875863998,0.0288617279537588
9.58796747981615,0,0.00725905880614161,0,9.58796747981615,0.00725905880614161,0.00725905880614161,0.00725905880614161,0.0422687684348916
15.1454884083029,0,0.0687427351592194,0,15.1454884083029,0.0687427351592194,0.0687427351592194,0.0687427351592194,0.0334809714396658
9.03381024943225,0,-0.0258591277728825,0,9.03381024943225,-0.0258591277728825,-0.0258591277728825,-0.0258591277728825,0.0210013285642308
14.8412385484711,0,0.00805813747067324,0,14.8412385484711,0.00805813747067324,0.00805813747067324,0.00805813747067324,0.0331399934197975
10.6567948708008,0,0.0203455428827325,0,10.6567948708008,0.0203455428827325,0.0203455428827325,0.0203455428827325,0.0367174068081082
15.83958844307,0,0.0399832495665445,0,15.83958844307,0.0399832495665445,0.0399832495665445,0.0399832495665445,0.0130470310288665
17.7014293147066,0,0.0234372077444364,0,17.7014293147066,0.0234372077444364,0.0234372077444364,0.0234372077444364,0.0323786122878216
16.016217440795,0,-0.00369944404825601,0,16.016217440795,-0.00369944404825601,-0.00369944404825601,-0.00369944404825601,0.0376637682579198
21.1131806593051,0,-0.056056653152879,0,21.1131806593051,-0.056056653152879,-0.056056653152879,-0.056056653152879,0.033465829508006
7.84913150076159,0,0.0206892300368871,0,7.84913150076159,0.0206892300368871,0.0206892300368871,0.0206892300368871,0.0125920499284639
11.3110693140974,0,0.00982781565554414,0,11.3110693140974,0.00982781565554414,0.00982781565554414,0.00982781565554414,0.0152975413868066
19.3344521561619,0,-0.0178892890128142,0,19.3344521561619,-0.0178892890128142,-0.0178892890128142,-0.0178892890128142,0.0322365626104049
12.3671082351961,0,0.0210231372322994,0,12.3671082351961,0.0210231372322994,0.0210231372322994,0.0210231372322994,0.0160828742749283
12.3654554745313,0,-0.0686880413546458,0,12.3654554745313,-0.0686880413546458,-0.0686880413546458,-0.0686880413546458,0.0513325050706189
19.2556223171704,0,0.0285945738844167,0,19.2556223171704,0.0285945738844167,0.0285945738844167,0.0285945738844167,0.0139726523520546
34.7312424253189,0,0.00360906084633839,0,34.7312424253189,0.00360906084633839,0.00360906084633839,0.00360906084633839,0.017575833019559
54.7209102152747,0,0.0196726221291343,0,54.7209102152747,0.0196726221291343,0.0196726221291343,0.0196726221291343,0.0109274670854921
10.3775310816429,0,0.101658959703851,0,10.3775310816429,0.101658959703851,0.101658959703851,0.101658959703851,0.0398037227196641
13.7692792179168,0,0.045315959795906,0,13.7692792179168,0.045315959795906,0.045315959795906,0.045315959795906,0.0576659331255503
11.7030101268542,0,0.0664031592294417,0,11.7030101268542,0.0664031592294417,0.0664031592294417,0.0664031592294417,0.0318702419669784
7.36539602284415,0,-0.0247872150245361,0,7.36539602284415,-0.0247872150245361,-0.0247872150245361,-0.0247872150245361,0.114121672795408
7.17535910443418,0,0.0223584830888584,0,7.17535910443418,0.0223584830888584,0.0223584830888584,0.0223584830888584,0.0787357224553916
10.3934503295043,0,0.0619972167608137,0,10.3934503295043,0.0619972167608137,0.0619972167608137,0.0619972167608137,0.0947975137929517
11.8155784180346,0,0.132399483418963,0,11.8155784180346,0.132399483418963,0.132399483418963,0.132399483418963,0.0684128055131695
10.8363107906744,0,-0.028098390818107,0,10.8363107906744,-0.028098390818107,-0.028098390818107,-0.028098390818107,0.071926050301895
11.7003583105711,0,-0.00186774348468509,0,11.7003583105711,-0.00186774348468509,-0.00186774348468509,-0.00186774348468509,0.00589871207554302
14.1717804897526,0,0.027255899623745,0,14.1717804897526,0.027255899623745,0.027255899623745,0.027255899623745,0.0438772018708798
10.4916049522311,0,0.0132463173032987,0,10.4916049522311,0.0132463173032987,0.0132463173032987,0.0132463173032987,0.0267192917518445
12.491172371433,0,0.00616174807970621,0,12.491172371433,0.00616174807970621,0.00616174807970621,0.00616174807970621,0.0405245193389735
22.4190143092695,0,-0.000161199703742028,0,22.4190143092695,-0.000161199703742028,-0.000161199703742028,-0.000161199703742028,0.0167230245622351
23.3384346785706,0,0.0173424537425691,0,23.3384346785706,0.0173424537425691,0.0173424537425691,0.0173424537425691,0.0189266195413323
21.0471310356801,0,0.0617673658141888,0,21.0471310356801,0.0617673658141888,0.0617673658141888,0.0617673658141888,0.047052745863464
18.868464140174,0,-0.0601138815581494,0,18.868464140174,-0.0601138815581494,-0.0601138815581494,-0.0601138815581494,0.0841243606959225
130.216227665708,0,0.0198117493038606,0,130.216227665708,0.0198117493038606,0.0198117493038606,0.0198117493038606,0.0277236387216602
9.87654480749694,0,-0.0946232449189078,0,9.87654480749694,-0.0946232449189078,-0.0946232449189078,-0.0946232449189078,0.0836731049469832
15.7641037476623,0,0.0452974152246685,0,15.7641037476623,0.0452974152246685,0.0452974152246685,0.0452974152246685,0.0222639606786319
14.6925462604222,0,-0.00458452472707301,0,14.6925462604222,-0.00458452472707301,-0.00458452472707301,-0.00458452472707301,0.0444254697733256
18.090757331168,0,0.0268647127129744,0,18.090757331168,0.0268647127129744,0.0268647127129744,0.0268647127129744,0.0533691763562087
8.10146185701589,0,0.0427555806686441,0,8.10146185701589,0.0427555806686441,0.0427555806686441,0.0427555806686441,0.0518433181255775
11.2420027298881,0,-0.0660500012093723,0,11.2420027298881,-0.0660500012093723,-0.0660500012093723,-0.0660500012093723,0.0384705888979592
27.9381463268887,0,-0.0196646199066465,0,27.9381463268887,-0.0196646199066465,-0.0196646199066465,-0.0196646199066465,0.0266030945529787
28.4056044215739,0,-0.0234835133541325,0,28.4056044215739,-0.0234835133541325,-0.0234835133541325,-0.0234835133541325,0.0460235649191708
9.44659083119766,0,-0.0979355343768668,0,9.44659083119766,-0.0979355343768668,-0.0979355343768668,-0.0979355343768668,0.106984919191722
10.6319539160187,0,0.00587821668928426,0,10.6319539160187,0.00587821668928426,0.00587821668928426,0.00587821668928426,0.0434639030773943
23.722803858762,0,0.00435490338959432,0,23.722803858762,0.00435490338959432,0.00435490338959432,0.00435490338959432,0.0172785731987079
NA,NA,NA,NA,NA,NA,NA,NA,NA
14.5501339822123,0,-0.0241508994853178,0,14.5501339822123,-0.0241508994853178,-0.0241508994853178,-0.0241508994853178,0.0112761190742462
6.82559417888738,0,-0.0208488602109932,0,6.82559417888738,-0.0208488602109932,-0.0208488602109932,-0.0208488602109932,0.0626238731585564
7.10118523761685,0,-0.0285278978712163,0,7.10118523761685,-0.0285278978712163,-0.0285278978712163,-0.0285278978712163,0.0595492352872805
8.39406695268219,0,0.0167837864563465,0,8.39406695268219,0.0167837864563465,0.0167837864563465,0.0167837864563465,0.0322473662392579
15.3813680380744,0,-0.0235768509494856,0,15.3813680380744,-0.0235768509494856,-0.0235768509494856,-0.0235768509494856,0.0385600790656454
10.9419857642508,0,-0.0876235523401562,0,10.9419857642508,-0.0876235523401562,-0.0876235523401562,-0.0876235523401562,0.0336377588977628
9.567453602661,0,-0.0130573193727359,0,9.567453602661,-0.0130573193727359,-0.0130573193727359,-0.0130573193727359,0.0264340771076804
9.56764954052794,0,-0.00578932875863998,0,9.56764954052794,-0.00578932875863998,-0.00578932875863998,-0.00578932875863998,0.0288617279537588
9.58796747981615,0,0.00725905880614161,0,9.58796747981615,0.00725905880614161,0.00725905880614161,0.00725905880614161,0.0422687684348916
15.1454884083029,0,0.0687427351592194,0,15.1454884083029,0.0687427351592194,0.0687427351592194,0.0687427351592194,0.0334809714396658
9.03381024943225,0,-0.0258591277728825,0,9.03381024943225,-0.0258591277728825,-0.0258591277728825,-0.0258591277728825,0.0210013285642308
14.8412385484711,0,0.00805813747067324,0,14.8412385484711,0.00805813747067324,0.00805813747067324,0.00805813747067324,0.0331399934197975
10.6567948708008,0,0.0203455428827325,0,10.6567948708008,0.0203455428827325,0.0203455428827325,0.0203455428827325,0.0367174068081082
15.83958844307,0,0.0399832495665445,0,15.83958844307,0.0399832495665445,0.0399832495665445,0.0399832495665445,0.0130470310288665
17.7014293147066,0,0.0234372077444364,0,17.7014293147066,0.0234372077444364,0.0234372077444364,0.0234372077444364,0.0323786122878216
16.016217440795,0,-0.00369944404825601,0,16.016217440795,-0.00369944404825601,-0.00369944404825601,-0.00369944404825601,0.0376637682579198
21.1131806593051,0,-0.056056653152879,0,21.1131806593051,-0.056056653152879,-0.056056653152879,-0.056056653152879,0.033465829508006
7.84913150076159,0,0.0206892300368871,0,7.84913150076159,0.0206892300368871,0.0206892300368871,0.0206892300368871,0.0125920499284639
11.3110693140974,0,0.00982781565554414,0,11.3110693140974,0.00982781565554414,0.00982781565554414,0.00982781565554414,0.0152975413868066
19.3344521561619,0,-0.0178892890128142,0,19.3344521561619,-0.0178892890128142,-0.0178892890128142,-0.0178892890128142,0.0322365626104049
12.3671082351961,0,0.0210231372322994,0,12.3671082351961,0.0210231372322994,0.0210231372322994,0.0210231372322994,0.0160828742749283
12.3654554745313,0,-0.0686880413546458,0,12.3654554745313,-0.0686880413546458,-0.0686880413546458,-0.0686880413546458,0.0513325050706189
19.2556223171704,0,0.0285945738844167,0,19.2556223171704,0.0285945738844167,0.0285945738844167,0.0285945738844167,0.0139726523520546
34.7312424253189,0,0.00360906084633839,0,34.7312424253189,0.00360906084633839,0.00360906084633839,0.00360906084633839,0.017575833019559
54.7209102152747,0,0.0196726221291343,0,54.7209102152747,0.0196726221291343,0.0196726221291343,0.0196726221291343,0.0109274670854921
10.3775310816429,0,0.101658959703851,0,10.3775310816429,0.101658959703851,0.101658959703851,0.101658959703851,0.0398037227196641
13.7692792179168,0,0.045315959795906,0,13.7692792179168,0.045315959795906,0.045315959795906,0.045315959795906,0.0576659331255503
11.7030101268542,0,0.0664031592294417,0,11.7030101268542,0.0664031592294417,0.0664031592294417,0.0664031592294417,0.0318702419669784
7.36539602284415,0,-0.0247872150245361,0,7.36539602284415,-0.0247872150245361,-0.0247872150245361,-0.0247872150245361,0.114121672795408
7.17535910443418,0,0.0223584830888584,0,7.17535910443418,0.0223584830888584,0.0223584830888584,0.0223584830888584,0.0787357224553916
10.3934503295043,0,0.0619972167608137,0,10.3934503295043,0.0619972167608137,0.0619972167608137,0.0619972167608137,0.0947975137929517
11.8155784180346,0,0.132399483418963,0,11.8155784180346,0.132399483418963,0.132399483418963,0.132399483418963,0.0684128055131695
10.8363107906744,0,-0.028098390818107,0,10.8363107906744,-0.028098390818107,-0.028098390818107,-0.028098390818107,0.071926050301895
11.7003583105711,0,-0.00186774348468509,0,11.7003583105711,-0.00186774348468509,-0.00186774348468509,-0.00186774348468509,0.00589871207554302
14.1717804897526,0,0.027255899623745,0,14.1717804897526,0.027255899623745,0.027255899623745,0.027255899623745,0.0438772018708798
10.4916049522311,0,0.0132463173032987,0,10.4916049522311,0.0132463173032987,0.0132463173032987,0.0132463173032987,0.0267192917518445
12.491172371433,0,0.00616174807970621,0,12.491172371433,0.00616174807970621,0.00616174807970621,0.00616174807970621,0.0405245193389735
22.4190143092695,0,-0.000161199703742028,0,22.4190143092695,-0.000161199703742028,-0.000161199703742028,-0.000161199703742028,0.0167230245622351
23.3384346785706,0,0.0173424537425691,0,23.3384346785706,0.0173424537425691,0.0173424537425691,0.0173424537425691,0.0189266195413323
21.0471310356801,0,0.0617673658141888,0,21.0471310356801,0.0617673658141888,0.0617673658141888,0.0617673658141888,0.047052745863464
18.868464140174,0,-0.0601138815581494,0,18.868464140174,-0.0601138815581494,-0.0601138815581494,-0.0601138815581494,0.0841243606959225
130.216227665708,0,0.0198117493038606,0,130.216227665708,0.0198117493038606,0.0198117493038606,0.0198117493038606,0.0277236387216602
9.87654480749694,0,-0.0946232449189078,0,9.87654480749694,-0.0946232449189078,-0.0946232449189078,-0.0946232449189078,0.0836731049469832
15.7641037476623,0,0.0452974152246685,0,15.7641037476623,0.0452974152246685,0.0452974152246685,0.0452974152246685,0.0222639606786319
14.6925462604222,0,-0.00458452472707301,0,14.6925462604222,-0.00458452472707301,-0.00458452472707301,-0.00458452472707301,0.0444254697733256
18.090757331168,0,0.0268647127129744,0,18.090757331168,0.0268647127129744,0.0268647127129744,0.0268647127129744,0.0533691763562087
8.10146185701589,0,0.0427555806686441,0,8.10146185701589,0.0427555806686441,0.0427555806686441,0.0427555806686441,0.0518433181255775
11.2420027298881,0,-0.0660500012093723,0,11.2420027298881,-0.0660500012093723,-0.0660500012093723,-0.0660500012093723,0.0384705888979592
27.9381463268887,0,-0.0196646199066465,0,27.9381463268887,-0.0196646199066465,-0.0196646199066465,-0.0196646199066465,0.0266030945529787
28.4056044215739,0,-0.0234835133541325,0,28.4056044215739,-0.0234835133541325,-0.0234835133541325,-0.0234835133541325,0.0460235649191708
9.44659083119766,0,-0.0979355343768668,0,9.44659083119766,-0.0979355343768668,-0.0979355343768668,-0.0979355343768668,0.106984919191722
10.6319539160187,0,0.00587821668928426,0,10.6319539160187,0.00587821668928426,0.00587821668928426,0.00587821668928426,0.0434639030773943
23.722803858762,0,0.00435490338959432,0,23.722803858762,0.00435490338959432,0.00435490338959432,0.00435490338959432,0.0172785731987079
NA,NA,NA,NA,NA,NA,NA,NA,NA
14.5501339822123,0,-0.0241508994853178,0,14.5501339822123,-0.0241508994853178,-0.0241508994853178,-0.0241508994853178,0.0112761190742462
6.82559417888738,0,-0.0208488602109932,0,6.82559417888738,-0.0208488602109932,-0.0208488602109932,-0.0208488602109932,0.0626238731585564
7.10118523761685,0,-0.0285278978712163,0,7.10118523761685,-0.0285278978712163,-0.0285278978712163,-0.0285278978712163,0.0595492352872805
8.39406695268219,0,0.0167837864563465,0,8.39406695268219,0.0167837864563465,0.0167837864563465,0.0167837864563465,0.0322473662392579
15.3813680380744,0,-0.0235768509494856,0,15.3813680380744,-0.0235768509494856,-0.0235768509494856,-0.0235768509494856,0.0385600790656454
10.9419857642508,0,-0.0876235523401562,0,10.9419857642508,-0.0876235523401562,-0.0876235523401562,-0.0876235523401562,0.0336377588977628
9.567453602661,0,-0.0130573193727359,0,9.567453602661,-0.0130573193727359,-0.0130573193727359,-0.0130573193727359,0.0264340771076804
9.56764954052794,0,-0.00578932875863998,0,9.56764954052794,-0.00578932875863998,-0.00578932875863998,-0.00578932875863998,0.0288617279537588
9.58796747981615,0,0.00725905880614161,0,9.58796747981615,0.00725905880614161,0.00725905880614161,0.00725905880614161,0.0422687684348916
15.1454884083029,0,0.0687427351592194,0,15.1454884083029,0.0687427351592194,0.0687427351592194,0.0687427351592194,0.0334809714396658
9.03381024943225,0,-0.0258591277728825,0,9.03381024943225,-0.0258591277728825,-0.0258591277728825,-0.0258591277728825,0.0210013285642308
14.8412385484711,0,0.00805813747067324,0,14.8412385484711,0.00805813747067324,0.00805813747067324,0.00805813747067324,0.0331399934197975
10.6567948708008,0,0.0203455428827325,0,10.6567948708008,0.0203455428827325,0.0203455428827325,0.0203455428827325,0.0367174068081082
15.83958844307,0,0.0399832495665445,0,15.83958844307,0.0399832495665445,0.0399832495665445,0.0399832495665445,0.0130470310288665
17.7014293147066,0,0.0234372077444364,0,17.7014293147066,0.0234372077444364,0.0234372077444364,0.0234372077444364,0.0323786122878216
16.016217440795,0,-0.00369944404825601,0,16.016217440795,-0.00369944404825601,-0.00369944404825601,-0.00369944404825601,0.0376637682579198
21.1131806593051,0,-0.056056653152879,0,21.1131806593051,-0.056056653152879,-0.056056653152879,-0.056056653152879,0.033465829508006
7.84913150076159,0,0.0206892300368871,0,7.84913150076159,0.0206892300368871,0.0206892300368871,0.0206892300368871,0.0125920499284639
11.3110693140974,0,0.00982781565554414,0,11.3110693140974,0.00982781565554414,0.00982781565554414,0.00982781565554414,0.0152975413868066
19.3344521561619,0,-0.0178892890128142,0,19.3344521561619,-0.0178892890128142,-0.0178892890128142,-0.0178892890128142,0.0322365626104049
12.3671082351961,0,0.0210231372322994,0,12.3671082351961,0.0210231372322994,0.0210231372322994,0.0210231372322994,0.0160828742749283
12.3654554745313,0,-0.0686880413546458,0,12.3654554745313,-0.0686880413546458,-0.0686880413546458,-0.0686880413546458,0.0513325050706189
19.2556223171704,0,0.0285945738844167,0,19.2556223171704,0.0285945738844167,0.0285945738844167,0.0285945738844167,0.0139726523520546
34.7312424253189,0,0.00360906084633839,0,34.7312424253189,0.00360906084633839,0.00360906084633839,0.00360906084633839,0.017575833019559
54.7209102152747,0,0.0196726221291343,0,54.7209102152747,0.0196726221291343,0.0196726221291343,0.0196726221291343,0.0109274670854921
10.3775310816429,0,0.101658959703851,0,10.3775310816429,0.101658959703851,0.101658959703851,0.101658959703851,0.0398037227196641
13.7692792179168,0,0.045315959795906,0,13.7692792179168,0.045315959795906,0.045315959795906,0.045315959795906,0.0576659331255503
11.7030101268542,0,0.0664031592294417,0,11.7030101268542,0.0664031592294417,0.0664031592294417,0.0664031592294417,0.0318702419669784
7.36539602284415,0,-0.0247872150245361,0,7.36539602284415,-0.0247872150245361,-0.0247872150245361,-0.0247872150245361,0.114121672795408
7.17535910443418,0,0.0223584830888584,0,7.17535910443418,0.0223584830888584,0.0223584830888584,0.0223584830888584,0.0787357224553916
10.3934503295043,0,0.0619972167608137,0,10.3934503295043,0.0619972167608137,0.0619972167608137,0.0619972167608137,0.0947975137929517
11.8155784180346,0,0.132399483418963,0,11.8155784180346,0.132399483418963,0.132399483418963,0.132399483418963,0.0684128055131695
10.8363107906744,0,-0.028098390818107,0,10.8363107906744,-0.028098390818107,-0.028098390818107,-0.028098390818107,0.071926050301895
11.7003583105711,0,-0.00186774348468509,0,11.7003583105711,-0.00186774348468509,-0.00186774348468509,-0.00186774348468509,0.00589871207554302
14.1717804897526,0,0.027255899623745,0,14.1717804897526,0.027255899623745,0.027255899623745,0.027255899623745,0.0438772018708798
10.4916049522311,0,0.0132463173032987,0,10.4916049522311,0.0132463173032987,0.0132463173032987,0.0132463173032987,0.0267192917518445
12.491172371433,0,0.00616174807970621,0,12.491172371433,0.00616174807970621,0.00616174807970621,0.00616174807970621,0.0405245193389735
22.4190143092695,0,-0.000161199703742028,0,22.4190143092695,-0.000161199703742028,-0.000161199703742028,-0.000161199703742028,0.0167230245622351
23.3384346785706,0,0.0173424537425691,0,23.3384346785706,0.0173424537425691,0.0173424537425691,0.0173424537425691,0.0189266195413323
21.0471310356801,0,0.0617673658141888,0,21.0471310356801,0.0617673658141888,0.0617673658141888,0.0617673658141888,0.047052745863464
18.868464140174,0,-0.0601138815581494,0,18.868464140174,-0.0601138815581494,-0.0601138815581494,-0.0601138815581494,0.0841243606959225
130.216227665708,0,0.0198117493038606,0,130.216227665708,0.0198117493038606,0.0198117493038606,0.0198117493038606,0.0277236387216602
9.87654480749694,0,-0.0946232449189078,0,9.87654480749694,-0.0946232449189078,-0.0946232449189078,-0.0946232449189078,0.0836731049469832
15.7641037476623,0,0.0452974152246685,0,15.7641037476623,0.0452974152246685,0.0452974152246685,0.0452974152246685,0.0222639606786319
14.6925462604222,0,-0.00458452472707301,0,14.6925462604222,-0.00458452472707301,-0.00458452472707301,-0.00458452472707301,0.0444254697733256
18.090757331168,0,0.0268647127129744,0,18.090757331168,0.0268647127129744,0.0268647127129744,0.0268647127129744,0.0533691763562087
8.10146185701589,0,0.0427555806686441,0,8.10146185701589,0.0427555806686441,0.0427555806686441,0.0427555806686441,0.0518433181255775
11.2420027298881,0,-0.0660500012093723,0,11.2420027298881,-0.0660500012093723,-0.0660500012093723,-0.0660500012093723,0.0384705888979592
27.9381463268887,0,-0.0196646199066465,0,27.9381463268887,-0.0196646199066465,-0.0196646199066465,-0.0196646199066465,0.0266030945529787
28.4056044215739,0,-0.0234835133541325,0,28.4056044215739,-0.0234835133541325,-0.0234835133541325,-0.0234835133541325,0.0460235649191708
9.44659083119766,0,-0.0979355343768668,0,9.44659083119766,-0.0979355343768668,-0.0979355343768668,-0.0979355343768668,0.106984919191722
10.6319539160187,0,0.00587821668928426,0,10.6319539160187,0.00587821668928426,0.00587821668928426,0.00587821668928426,0.0434639030773943
23.722803858762,0,0.00435490338959432,0,23.722803858762,0.00435490338959432,0.00435490338959432,0.00435490338959432,0.0172785731987079
NA,NA,NA,NA,NA,NA,NA,NA,NA
14.5501339822123,0,-0.0241508994853178,0,14.5501339822123,-0.0241508994853178,-0.0241508994853178,-0.0241508994853178,0.0112761190742462
6.82559417888738,0,-0.0208488602109932,0,6.82559417888738,-0.0208488602109932,-0.0208488602109932,-0.0208488602109932,0.0626238731585564
7.10118523761685,0,-0.0285278978712163,0,7.10118523761685,-0.0285278978712163,-0.0285278978712163,-0.0285278978712163,0.0595492352872805
8.39406695268219,0,0.0167837864563465,0,8.39406695268219,0.0167837864563465,0.0167837864563465,0.0167837864563465,0.0322473662392579
15.3813680380744,0,-0.0235768509494856,0,15.3813680380744,-0.0235768509494856,-0.0235768509494856,-0.0235768509494856,0.0385600790656454
10.9419857642508,0,-0.0876235523401562,0,10.9419857642508,-0.0876235523401562,-0.0876235523401562,-0.0876235523401562,0.0336377588977628
9.567453602661,0,-0.0130573193727359,0,9.567453602661,-0.0130573193727359,-0.0130573193727359,-0.0130573193727359,0.0264340771076804
9.56764954052794,0,-0.00578932875863998,0,9.56764954052794,-0.00578932875863998,-0.00578932875863998,-0.00578932875863998,0.0288617279537588
9.58796747981615,0,0.00725905880614161,0,9.58796747981615,0.00725905880614161,0.00725905880614161,0.00725905880614161,0.0422687684348916
15.1454884083029,0,0.0687427351592194,0,15.1454884083029,0.0687427351592194,0.0687427351592194,0.0687427351592194,0.0334809714396658
9.03381024943225,0,-0.0258591277728825,0,9.03381024943225,-0.0258591277728825,-0.0258591277728825,-0.0258591277728825,0.0210013285642308
14.8412385484711,0,0.00805813747067324,0,14.8412385484711,0.00805813747067324,0.00805813747067324,0.00805813747067324,0.0331399934197975
10.6567948708008,0,0.0203455428827325,0,10.6567948708008,0.0203455428827325,0.0203455428827325,0.0203455428827325,0.0367174068081082
15.83958844307,0,0.0399832495665445,0,15.83958844307,0.0399832495665445,0.0399832495665445,0.0399832495665445,0.0130470310288665
17.7014293147066,0,0.0234372077444364,0,17.7014293147066,0.0234372077444364,0.0234372077444364,0.0234372077444364,0.0323786122878216
16.016217440795,0,-0.00369944404825601,0,16.016217440795,-0.00369944404825601,-0.00369944404825601,-0.00369944404825601,0.0376637682579198
21.1131806593051,0,-0.056056653152879,0,21.1131806593051,-0.056056653152879,-0.056056653152879,-0.056056653152879,0.033465829508006
7.84913150076159,0,0.0206892300368871,0,7.84913150076159,0.0206892300368871,0.0206892300368871,0.0206892300368871,0.0125920499284639
11.3110693140974,0,0.00982781565554414,0,11.3110693140974,0.00982781565554414,0.00982781565554414,0.00982781565554414,0.0152975413868066
19.3344521561619,0,-0.0178892890128142,0,19.3344521561619,-0.0178892890128142,-0.0178892890128142,-0.0178892890128142,0.0322365626104049
12.3671082351961,0,0.0210231372322994,0,12.3671082351961,0.0210231372322994,0.0210231372322994,0.0210231372322994,0.0160828742749283
12.3654554745313,0,-0.0686880413546458,0,12.3654554745313,-0.0686880413546458,-0.0686880413546458,-0.0686880413546458,0.0513325050706189
19.2556223171704,0,0.0285945738844167,0,19.2556223171704,0.0285945738844167,0.0285945738844167,0.0285945738844167,0.0139726523520546
34.7312424253189,0,0.00360906084633839,0,34.7312424253189,0.00360906084633839,0.00360906084633839,0.00360906084633839,0.017575833019559
54.7209102152747,0,0.0196726221291343,0,54.7209102152747,0.0196726221291343,0.0196726221291343,0.0196726221291343,0.0109274670854921
10.3775310816429,0,0.101658959703851,0,10.3775310816429,0.101658959703851,0.101658959703851,0.101658959703851,0.0398037227196641
13.7692792179168,0,0.045315959795906,0,13.7692792179168,0.045315959795906,0.045315959795906,0.045315959795906,0.0576659331255503
11.7030101268542,0,0.0664031592294417,0,11.7030101268542,0.0664031592294417,0.0664031592294417,0.0664031592294417,0.0318702419669784
7.36539602284415,0,-0.0247872150245361,0,7.36539602284415,-0.0247872150245361,-0.0247872150245361,-0.0247872150245361,0.114121672795408
7.17535910443418,0,0.0223584830888584,0,7.17535910443418,0.0223584830888584,0.0223584830888584,0.0223584830888584,0.0787357224553916
10.3934503295043,0,0.0619972167608137,0,10.3934503295043,0.0619972167608137,0.0619972167608137,0.0619972167608137,0.0947975137929517
11.8155784180346,0,0.132399483418963,0,11.8155784180346,0.132399483418963,0.132399483418963,0.132399483418963,0.0684128055131695
10.8363107906744,0,-0.028098390818107,0,10.8363107906744,-0.028098390818107,-0.028098390818107,-0.028098390818107,0.071926050301895
11.7003583105711,0,-0.00186774348468509,0,11.7003583105711,-0.00186774348468509,-0.00186774348468509,-0.00186774348468509,0.00589871207554302
14.1717804897526,0,0.027255899623745,0,14.1717804897526,0.027255899623745,0.027255899623745,0.027255899623745,0.0438772018708798
10.4916049522311,0,0.0132463173032987,0,10.4916049522311,0.0132463173032987,0.0132463173032987,0.0132463173032987,0.0267192917518445
12.491172371433,0,0.00616174807970621,0,12.491172371433,0.00616174807970621,0.00616174807970621,0.00616174807970621,0.0405245193389735
22.4190143092695,0,-0.000161199703742028,0,22.4190143092695,-0.000161199703742028,-0.000161199703742028,-0.000161199703742028,0.0167230245622351
23.3384346785706,0,0.0173424537425691,0,23.3384346785706,0.0173424537425691,0.0173424537425691,0.0173424537425691,0.0189266195413323
21.0471310356801,0,0.0617673658141888,0,21.0471310356801,0.0617673658141888,0.0617673658141888,0.0617673658141888,0.047052745863464
18.868464140174,0,-0.0601138815581494,0,18.868464140174,-0.0601138815581494,-0.0601138815581494,-0.0601138815581494,0.0841243606959225
130.216227665708,0,0.0198117493038606,0,130.216227665708,0.0198117493038606,0.0198117493038606,0.0198117493038606,0.0277236387216602
9.87654480749694,0,-0.0946232449189078,0,9.87654480749694,-0.0946232449189078,-0.0946232449189078,-0.0946232449189078,0.0836731049469832
15.7641037476623,0,0.0452974152246685,0,15.7641037476623,0.0452974152246685,0.0452974152246685,0.0452974152246685,0.0222639606786319
14.6925462604222,0,-0.00458452472707301,0,14.6925462604222,-0.00458452472707301,-0.00458452472707301,-0.00458452472707301,0.0444254697733256
18.090757331168,0,0.0268647127129744,0,18.090757331168,0.0268647127129744,0.0268647127129744,0.0268647127129744,0.0533691763562087
8.10146185701589,0,0.0427555806686441,0,8.10146185701589,0.0427555806686441,0.0427555806686441,0.0427555806686441,0.0518433181255775
11.2420027298881,0,-0.0660500012093723,0,11.2420027298881,-0.0660500012093723,-0.0660500012093723,-0.0660500012093723,0.0384705888979592
27.9381463268887,0,-0.0196646199066465,0,27.9381463268887,-0.0196646199066465,-0.0196646199066465,-0.0196646199066465,0.0266030945529787
28.4056044215739,0,-0.0234835133541325,0,28.4056044215739,-0.0234835133541325,-0.0234835133541325,-0.0234835133541325,0.0460235649191708
9.44659083119766,0,-0.0979355343768668,0,9.44659083119766,-0.0979355343768668,-0.0979355343768668,-0.0979355343768668,0.106984919191722
10.6319539160187,0,0.00587821668928426,0,10.6319539160187,0.00587821668928426,0.00587821668928426,0.00587821668928426,0.0434639030773943
23.722803858762,0,0.00435490338959432,0,23.722803858762,0.00435490338959432,0.00435490338959432,0.00435490338959432,0.0172785731987079
NA,NA,NA,NA,NA,NA,NA,NA,NA
14.5501339822123,0,-0.0241508994853178,0,14.5501339822123,-0.0241508994853178,-0.0241508994853178,-0.0241508994853178,0.0112761190742462
6.82559417888738,0,-0.0208488602109932,0,6.82559417888738,-0.0208488602109932,-0.0208488602109932,-0.0208488602109932,0.0626238731585564
7.10118523761685,0,-0.0285278978712163,0,7.10118523761685,-0.0285278978712163,-0.0285278978712163,-0.0285278978712163,0.0595492352872805
8.39406695268219,0,0.0167837864563465,0,8.39406695268219,0.0167837864563465,0.0167837864563465,0.0167837864563465,0.0322473662392579
15.3813680380744,0,-0.0235768509494856,0,15.3813680380744,-0.0235768509494856,-0.0235768509494856,-0.0235768509494856,0.0385600790656454
10.9419857642508,0,-0.0876235523401562,0,10.9419857642508,-0.0876235523401562,-0.0876235523401562,-0.0876235523401562,0.0336377588977628
9.567453602661,0,-0.0130573193727359,0,9.567453602661,-0.0130573193727359,-0.0130573193727359,-0.0130573193727359,0.0264340771076804
9.56764954052794,0,-0.00578932875863998,0,9.56764954052794,-0.00578932875863998,-0.00578932875863998,-0.00578932875863998,0.0288617279537588
9.58796747981615,0,0.00725905880614161,0,9.58796747981615,0.00725905880614161,0.00725905880614161,0.00725905880614161,0.0422687684348916
15.1454884083029,0,0.0687427351592194,0,15.1454884083029,0.0687427351592194,0.0687427351592194,0.0687427351592194,0.0334809714396658
9.03381024943225,0,-0.0258591277728825,0,9.03381024943225,-0.0258591277728825,-0.0258591277728825,-0.0258591277728825,0.0210013285642308
14.8412385484711,0,0.00805813747067324,0,14.8412385484711,0.00805813747067324,0.00805813747067324,0.00805813747067324,0.0331399934197975
10.6567948708008,0,0.0203455428827325,0,10.6567948708008,0.0203455428827325,0.0203455428827325,0.0203455428827325,0.0367174068081082
15.83958844307,0,0.0399832495665445,0,15.83958844307,0.0399832495665445,0.0399832495665445,0.0399832495665445,0.0130470310288665
17.7014293147066,0,0.0234372077444364,0,17.7014293147066,0.0234372077444364,0.0234372077444364,0.0234372077444364,0.0323786122878216
16.016217440795,0,-0.00369944404825601,0,16.016217440795,-0.00369944404825601,-0.00369944404825601,-0.00369944404825601,0.0376637682579198
21.1131806593051,0,-0.056056653152879,0,21.1131806593051,-0.056056653152879,-0.056056653152879,-0.056056653152879,0.033465829508006
7.84913150076159,0,0.0206892300368871,0,7.84913150076159,0.0206892300368871,0.0206892300368871,0.0206892300368871,0.0125920499284639
11.3110693140974,0,0.00982781565554414,0,11.3110693140974,0.00982781565554414,0.00982781565554414,0.00982781565554414,0.0152975413868066
19.3344521561619,0,-0.0178892890128142,0,19.3344521561619,-0.0178892890128142,-0.0178892890128142,-0.0178892890128142,0.0322365626104049
12.3671082351961,0,0.0210231372322994,0,12.3671082351961,0.0210231372322994,0.0210231372322994,0.0210231372322994,0.0160828742749283
12.3654554745313,0,-0.0686880413546458,0,12.3654554745313,-0.0686880413546458,-0.0686880413546458,-0.0686880413546458,0.0513325050706189
19.2556223171704,0,0.0285945738844167,0,19.2556223171704,0.0285945738844167,0.0285945738844167,0.0285945738844167,0.0139726523520546
34.7312424253189,0,0.00360906084633839,0,34.7312424253189,0.00360906084633839,0.00360906084633839,0.00360906084633839,0.017575833019559
54.7209102152747,0,0.0196726221291343,0,54.7209102152747,0.0196726221291343,0.0196726221291343,0.0196726221291343,0.0109274670854921
10.3775310816429,0,0.101658959703851,0,10.3775310816429,0.101658959703851,0.101658959703851,0.101658959703851,0.0398037227196641
13.7692792179168,0,0.045315959795906,0,13.7692792179168,0.045315959795906,0.045315959795906,0.045315959795906,0.0576659331255503
11.7030101268542,0,0.0664031592294417,0,11.7030101268542,0.0664031592294417,0.0664031592294417,0.0664031592294417,0.0318702419669784
7.36539602284415,0,-0.0247872150245361,0,7.36539602284415,-0.0247872150245361,-0.0247872150245361,-0.0247872150245361,0.114121672795408
7.17535910443418,0,0.0223584830888584,0,7.17535910443418,0.0223584830888584,0.0223584830888584,0.0223584830888584,0.0787357224553916
10.3934503295043,0,0.0619972167608137,0,10.3934503295043,0.0619972167608137,0.0619972167608137,0.0619972167608137,0.0947975137929517
11.8155784180346,0,0.132399483418963,0,11.8155784180346,0.132399483418963,0.132399483418963,0.132399483418963,0.0684128055131695
10.8363107906744,0,-0.028098390818107,0,10.8363107906744,-0.028098390818107,-0.028098390818107,-0.028098390818107,0.071926050301895
11.7003583105711,0,-0.00186774348468509,0,11.7003583105711,-0.00186774348468509,-0.00186774348468509,-0.00186774348468509,0.00589871207554302
14.1717804897526,0,0.027255899623745,0,14.1717804897526,0.027255899623745,0.027255899623745,0.027255899623745,0.0438772018708798
10.4916049522311,0,0.0132463173032987,0,10.4916049522311,0.0132463173032987,0.0132463173032987,0.0132463173032987,0.0267192917518445
12.491172371433,0,0.00616174807970621,0,12.491172371433,0.00616174807970621,0.00616174807970621,0.00616174807970621,0.0405245193389735
22.4190143092695,0,-0.000161199703742028,0,22.4190143092695,-0.000161199703742028,-0.000161199703742028,-0.000161199703742028,0.0167230245622351
23.3384346785706,0,0.0173424537425691,0,23.3384346785706,0.0173424537425691,0.0173424537425691,0.0173424537425691,0.0189266195413323
21.0471310356801,0,0.0617673658141888,0,21.0471310356801,0.0617673658141888,0.0617673658141888,0.0617673658141888,0.047052745863464
18.868464140174,0,-0.0601138815581494,0,18.868464140174,-0.0601138815581494,-0.0601138815581494,-0.0601138815581494,0.0841243606959225
130.216227665708,0,0.0198117493038606,0,130.216227665708,0.0198117493038606,0.0198117493038606,0.0198117493038606,0.0277236387216602
9.87654480749694,0,-0.0946232449189078,0,9.87654480749694,-0.0946232449189078,-0.0946232449189078,-0.0946232449189078,0.0836731049469832
15.7641037476623,0,0.0452974152246685,0,15.7641037476623,0.0452974152246685,0.0452974152246685,0.0452974152246685,0.0222639606786319
14.6925462604222,0,-0.00458452472707301,0,14.6925462604222,-0.00458452472707301,-0.00458452472707301,-0.00458452472707301,0.0444254697733256
18.090757331168,0,0.0268647127129744,0,18.090757331168,0.0268647127129744,0.0268647127129744,0.0268647127129744,0.0533691763562087
8.10146185701589,0,0.0427555806686441,0,8.10146185701589,0.0427555806686441,0.0427555806686441,0.0427555806686441,0.0518433181255775
11.2420027298881,0,-0.0660500012093723,0,11.2420027298881,-0.0660500012093723,-0.0660500012093723,-0.0660500012093723,0.0384705888979592
27.9381463268887,0,-0.0196646199066465,0,27.9381463268887,-0.0196646199066465,-0.0196646199066465,-0.0196646199066465,0.0266030945529787
28.4056044215739,0,-0.0234835133541325,0,28.4056044215739,-0.0234835133541325,-0.0234835133541325,-0.0234835133541325,0.0460235649191708
9.44659083119766,0,-0.0979355343768668,0,9.44659083119766,-0.0979355343768668,-0.0979355343768668,-0.0979355343768668,0.106984919191722
10.6319539160187,0,0.00587821668928426,0,10.6319539160187,0.00587821668928426,0.00587821668928426,0.00587821668928426,0.0434639030773943
23.722803858762,0,0.00435490338959432,0,23.722803858762,0.00435490338959432,0.00435490338959432,0.00435490338959432,0.0172785731987079
NA,NA,NA,NA,NA,NA,NA,NA,NA
14.5501339822123,0,-0.0241508994853178,0,14.5501339822123,-0.0241508994853178,-0.0241508994853178,-0.0241508994853178,0.0112761190742462
6.82559417888738,0,-0.0208488602109932,0,6.82559417888738,-0.0208488602109932,-0.0208488602109932,-0.0208488602109932,0.0626238731585564
7.10118523761685,0,-0.0285278978712163,0,7.10118523761685,-0.0285278978712163,-0.0285278978712163,-0.0285278978712163,0.0595492352872805
8.39406695268219,0,0.0167837864563465,0,8.39406695268219,0.0167837864563465,0.0167837864563465,0.0167837864563465,0.0322473662392579
15.3813680380744,0,-0.0235768509494856,0,15.3813680380744,-0.0235768509494856,-0.0235768509494856,-0.0235768509494856,0.0385600790656454
10.9419857642508,0,-0.0876235523401562,0,10.9419857642508,-0.0876235523401562,-0.0876235523401562,-0.0876235523401562,0.0336377588977628
9.567453602661,0,-0.0130573193727359,0,9.567453602661,-0.0130573193727359,-0.0130573193727359,-0.0130573193727359,0.0264340771076804
9.56764954052794,0,-0.00578932875863998,0,9.56764954052794,-0.00578932875863998,-0.00578932875863998,-0.00578932875863998,0.0288617279537588
9.58796747981615,0,0.00725905880614161,0,9.58796747981615,0.00725905880614161,0.00725905880614161,0.00725905880614161,0.0422687684348916
15.1454884083029,0,0.0687427351592194,0,15.1454884083029,0.0687427351592194,0.0687427351592194,0.0687427351592194,0.0334809714396658
9.03381024943225,0,-0.0258591277728825,0,9.03381024943225,-0.0258591277728825,-0.0258591277728825,-0.0258591277728825,0.0210013285642308
14.8412385484711,0,0.00805813747067324,0,14.8412385484711,0.00805813747067324,0.00805813747067324,0.00805813747067324,0.0331399934197975
10.6567948708008,0,0.0203455428827325,0,10.6567948708008,0.0203455428827325,0.0203455428827325,0.0203455428827325,0.0367174068081082
15.83958844307,0,0.0399832495665445,0,15.83958844307,0.0399832495665445,0.0399832495665445,0.0399832495665445,0.0130470310288665
17.7014293147066,0,0.0234372077444364,0,17.7014293147066,0.0234372077444364,0.0234372077444364,0.0234372077444364,0.0323786122878216
16.016217440795,0,-0.00369944404825601,0,16.016217440795,-0.00369944404825601,-0.00369944404825601,-0.00369944404825601,0.0376637682579198
21.1131806593051,0,-0.056056653152879,0,21.1131806593051,-0.056056653152879,-0.056056653152879,-0.056056653152879,0.033465829508006
7.84913150076159,0,0.0206892300368871,0,7.84913150076159,0.0206892300368871,0.0206892300368871,0.0206892300368871,0.0125920499284639
11.3110693140974,0,0.00982781565554414,0,11.3110693140974,0.00982781565554414,0.00982781565554414,0.00982781565554414,0.0152975413868066
19.3344521561619,0,-0.0178892890128142,0,19.3344521561619,-0.0178892890128142,-0.0178892890128142,-0.0178892890128142,0.0322365626104049
12.3671082351961,0,0.0210231372322994,0,12.3671082351961,0.0210231372322994,0.0210231372322994,0.0210231372322994,0.0160828742749283
12.3654554745313,0,-0.0686880413546458,0,12.3654554745313,-0.0686880413546458,-0.0686880413546458,-0.0686880413546458,0.0513325050706189
19.2556223171704,0,0.0285945738844167,0,19.2556223171704,0.0285945738844167,0.0285945738844167,0.0285945738844167,0.0139726523520546
34.7312424253189,0,0.00360906084633839,0,34.7312424253189,0.00360906084633839,0.00360906084633839,0.00360906084633839,0.017575833019559
54.7209102152747,0,0.0196726221291343,0,54.7209102152747,0.0196726221291343,0.0196726221291343,0.0196726221291343,0.0109274670854921
10.3775310816429,0,0.101658959703851,0,10.3775310816429,0.101658959703851,0.101658959703851,0.101658959703851,0.0398037227196641
13.7692792179168,0,0.045315959795906,0,13.7692792179168,0.045315959795906,0.045315959795906,0.045315959795906,0.0576659331255503
11.7030101268542,0,0.0664031592294417,0,11.7030101268542,0.0664031592294417,0.0664031592294417,0.0664031592294417,0.0318702419669784
7.36539602284415,0,-0.0247872150245361,0,7.36539602284415,-0.0247872150245361,-0.0247872150245361,-0.0247872150245361,0.114121672795408
7.17535910443418,0,0.0223584830888584,0,7.17535910443418,0.0223584830888584,0.0223584830888584,0.0223584830888584,0.0787357224553916
10.3934503295043,0,0.0619972167608137,0,10.3934503295043,0.0619972167608137,0.0619972167608137,0.0619972167608137,0.0947975137929517
11.8155784180346,0,0.132399483418963,0,11.8155784180346,0.132399483418963,0.132399483418963,0.132399483418963,0.0684128055131695
10.8363107906744,0,-0.028098390818107,0,10.8363107906744,-0.028098390818107,-0.028098390818107,-0.028098390818107,0.071926050301895
11.7003583105711,0,-0.00186774348468509,0,11.7003583105711,-0.00186774348468509,-0.00186774348468509,-0.00186774348468509,0.00589871207554302
14.1717804897526,0,0.027255899623745,0,14.1717804897526,0.027255899623745,0.027255899623745,0.027255899623745,0.0438772018708798
10.4916049522311,0,0.0132463173032987,0,10.4916049522311,0.0132463173032987,0.0132463173032987,0.0132463173032987,0.0267192917518445
12.491172371433,0,0.00616174807970621,0,12.491172371433,0.00616174807970621,0.00616174807970621,0.00616174807970621,0.0405245193389735
22.4190143092695,0,-0.000161199703742028,0,22.4190143092695,-0.000161199703742028,-0.000161199703742028,-0.000161199703742028,0.0167230245622351
23.3384346785706,0,0.0173424537425691,0,23.3384346785706,0.0173424537425691,0.0173424537425691,0.0173424537425691,0.0189266195413323
21.0471310356801,0,0.0617673658141888,0,21.0471310356801,0.0617673658141888,0.0617673658141888,0.0617673658141888,0.047052745863464
18.868464140174,0,-0.0601138815581494,0,18.868464140174,-0.0601138815581494,-0.0601138815581494,-0.0601138815581494,0.0841243606959225
130.216227665708,0,0.0198117493038606,0,130.216227665708,0.0198117493038606,0.0198117493038606,0.0198117493038606,0.0277236387216602
9.87654480749694,0,-0.0946232449189078,0,9.87654480749694,-0.0946232449189078,-0.0946232449189078,-0.0946232449189078,0.0836731049469832
15.7641037476623,0,0.0452974152246685,0,15.7641037476623,0.0452974152246685,0.0452974152246685,0.0452974152246685,0.0222639606786319
14.6925462604222,0,-0.00458452472707301,0,14.6925462604222,-0.00458452472707301,-0.00458452472707301,-0.00458452472707301,0.0444254697733256
18.090757331168,0,0.0268647127129744,0,18.090757331168,0.0268647127129744,0.0268647127129744,0.0268647127129744,0.0533691763562087
8.10146185701589,0,0.0427555806686441,0,8.10146185701589,0.0427555806686441,0.0427555806686441,0.0427555806686441,0.0518433181255775
11.2420027298881,0,-0.0660500012093723,0,11.2420027298881,-0.0660500012093723,-0.0660500012093723,-0.0660500012093723,0.0384705888979592
27.9381463268887,0,-0.0196646199066465,0,27.9381463268887,-0.0196646199066465,-0.0196646199066465,-0.0196646199066465,0.0266030945529787
28.4056044215739,0,-0.0234835133541325,0,28.4056044215739,-0.0234835133541325,-0.0234835133541325,-0.0234835133541325,0.0460235649191708
9.44659083119766,0,-0.0979355343768668,0,9.44659083119766,-0.0979355343768668,-0.0979355343768668,-0.0979355343768668,0.106984919191722
10.6319539160187,0,0.00587821668928426,0,10.6319539160187,0.00587821668928426,0.00587821668928426,0.00587821668928426,0.0434639030773943
23.722803858762,0,0.00435490338959432,0,23.722803858762,0.00435490338959432,0.00435490338959432,0.00435490338959432,0.0172785731987079
NA,NA,NA,NA,NA,NA,NA,NA,NA
14.5501339822123,0,-0.0241508994853178,0,14.5501339822123,-0.0241508994853178,-0.0241508994853178,-0.0241508994853178,0.0112761190742462
6.82559417888738,0,-0.0208488602109932,0,6.82559417888738,-0.0208488602109932,-0.0208488602109932,-0.0208488602109932,0.0626238731585564
7.10118523761685,0,-0.0285278978712163,0,7.10118523761685,-0.0285278978712163,-0.0285278978712163,-0.0285278978712163,0.0595492352872805
8.39406695268219,0,0.0167837864563465,0,8.39406695268219,0.0167837864563465,0.0167837864563465,0.0167837864563465,0.0322473662392579
15.3813680380744,0,-0.0235768509494856,0,15.3813680380744,-0.0235768509494856,-0.0235768509494856,-0.0235768509494856,0.0385600790656454
10.9419857642508,0,-0.0876235523401562,0,10.9419857642508,-0.0876235523401562,-0.0876235523401562,-0.0876235523401562,0.0336377588977628
9.567453602661,0,-0.0130573193727359,0,9.567453602661,-0.0130573193727359,-0.0130573193727359,-0.0130573193727359,0.0264340771076804
9.56764954052794,0,-0.00578932875863998,0,9.56764954052794,-0.00578932875863998,-0.00578932875863998,-0.00578932875863998,0.0288617279537588
9.58796747981615,0,0.00725905880614161,0,9.58796747981615,0.00725905880614161,0.00725905880614161,0.00725905880614161,0.0422687684348916
15.1454884083029,0,0.0687427351592194,0,15.1454884083029,0.0687427351592194,0.0687427351592194,0.0687427351592194,0.0334809714396658
9.03381024943225,0,-0.0258591277728825,0,9.03381024943225,-0.0258591277728825,-0.0258591277728825,-0.0258591277728825,0.0210013285642308
14.8412385484711,0,0.00805813747067324,0,14.8412385484711,0.00805813747067324,0.00805813747067324,0.00805813747067324,0.0331399934197975
10.6567948708008,0,0.0203455428827325,0,10.6567948708008,0.0203455428827325,0.0203455428827325,0.0203455428827325,0.0367174068081082
15.83958844307,0,0.0399832495665445,0,15.83958844307,0.0399832495665445,0.0399832495665445,0.0399832495665445,0.0130470310288665
17.7014293147066,0,0.0234372077444364,0,17.7014293147066,0.0234372077444364,0.0234372077444364,0.0234372077444364,0.0323786122878216
16.016217440795,0,-0.00369944404825601,0,16.016217440795,-0.00369944404825601,-0.00369944404825601,-0.00369944404825601,0.0376637682579198
21.1131806593051,0,-0.056056653152879,0,21.1131806593051,-0.056056653152879,-0.056056653152879,-0.056056653152879,0.033465829508006
7.84913150076159,0,0.0206892300368871,0,7.84913150076159,0.0206892300368871,0.0206892300368871,0.0206892300368871,0.0125920499284639
11.3110693140974,0,0.00982781565554414,0,11.3110693140974,0.00982781565554414,0.00982781565554414,0.00982781565554414,0.0152975413868066
19.3344521561619,0,-0.0178892890128142,0,19.3344521561619,-0.0178892890128142,-0.0178892890128142,-0.0178892890128142,0.0322365626104049
12.3671082351961,0,0.0210231372322994,0,12.3671082351961,0.0210231372322994,0.0210231372322994,0.0210231372322994,0.0160828742749283
12.3654554745313,0,-0.0686880413546458,0,12.3654554745313,-0.0686880413546458,-0.0686880413546458,-0.0686880413546458,0.0513325050706189
19.2556223171704,0,0.0285945738844167,0,19.2556223171704,0.0285945738844167,0.0285945738844167,0.0285945738844167,0.0139726523520546
34.7312424253189,0,0.00360906084633839,0,34.7312424253189,0.00360906084633839,0.00360906084633839,0.00360906084633839,0.017575833019559
54.7209102152747,0,0.0196726221291343,0,54.7209102152747,0.0196726221291343,0.0196726221291343,0.0196726221291343,0.0109274670854921
10.3775310816429,0,0.101658959703851,0,10.3775310816429,0.101658959703851,0.101658959703851,0.101658959703851,0.0398037227196641
13.7692792179168,0,0.045315959795906,0,13.7692792179168,0.045315959795906,0.045315959795906,0.045315959795906,0.0576659331255503
11.7030101268542,0,0.0664031592294417,0,11.7030101268542,0.0664031592294417,0.0664031592294417,0.0664031592294417,0.0318702419669784
7.36539602284415,0,-0.0247872150245361,0,7.36539602284415,-0.0247872150245361,-0.0247872150245361,-0.0247872150245361,0.114121672795408
7.17535910443418,0,0.0223584830888584,0,7.17535910443418,0.0223584830888584,0.0223584830888584,0.0223584830888584,0.0787357224553916
10.3934503295043,0,0.0619972167608137,0,10.3934503295043,0.0619972167608137,0.0619972167608137,0.0619972167608137,0.0947975137929517
11.8155784180346,0,0.132399483418963,0,11.8155784180346,0.132399483418963,0.132399483418963,0.132399483418963,0.0684128055131695
10.8363107906744,0,-0.028098390818107,0,10.8363107906744,-0.028098390818107,-0.028098390818107,-0.028098390818107,0.071926050301895
11.7003583105711,0,-0.00186774348468509,0,11.7003583105711,-0.00186774348468509,-0.00186774348468509,-0.00186774348468509,0.00589871207554302
14.1717804897526,0,0.027255899623745,0,14.1717804897526,0.027255899623745,0.027255899623745,0.027255899623745,0.0438772018708798
10.4916049522311,0,0.0132463173032987,0,10.4916049522311,0.0132463173032987,0.0132463173032987,0.0132463173032987,0.0267192917518445
12.491172371433,0,0.00616174807970621,0,12.491172371433,0.00616174807970621,0.00616174807970621,0.00616174807970621,0.0405245193389735
22.4190143092695,0,-0.000161199703742028,0,22.4190143092695,-0.000161199703742028,-0.000161199703742028,-0.000161199703742028,0.0167230245622351
23.3384346785706,0,0.0173424537425691,0,23.3384346785706,0.0173424537425691,0.0173424537425691,0.0173424537425691,0.0189266195413323
21.0471310356801,0,0.0617673658141888,0,21.0471310356801,0.0617673658141888,0.0617673658141888,0.0617673658141888,0.047052745863464
18.868464140174,0,-0.0601138815581494,0,18.868464140174,-0.0601138815581494,-0.0601138815581494,-0.0601138815581494,0.0841243606959225
130.216227665708,0,0.0198117493038606,0,130.216227665708,0.0198117493038606,0.0198117493038606,0.0198117493038606,0.0277236387216602
9.87654480749694,0,-0.0946232449189078,0,9.87654480749694,-0.0946232449189078,-0.0946232449189078,-0.0946232449189078,0.0836731049469832
15.7641037476623,0,0.0452974152246685,0,15.7641037476623,0.0452974152246685,0.0452974152246685,0.0452974152246685,0.0222639606786319
14.6925462604222,0,-0.00458452472707301,0,14.6925462604222,-0.00458452472707301,-0.00458452472707301,-0.00458452472707301,0.0444254697733256
18.090757331168,0,0.0268647127129744,0,18.090757331168,0.0268647127129744,0.0268647127129744,0.0268647127129744,0.0533691763562087
8.10146185701589,0,0.0427555806686441,0,8.10146185701589,0.0427555806686441,0.0427555806686441,0.0427555806686441,0.0518433181255775
11.2420027298881,0,-0.0660500012093723,0,11.2420027298881,-0.0660500012093723,-0.0660500012093723,-0.0660500012093723,0.0384705888979592
27.9381463268887,0,-0.0196646199066465,0,27.9381463268887,-0.0196646199066465,-0.0196646199066465,-0.0196646199066465,0.0266030945529787
28.4056044215739,0,-0.0234835133541325,0,28.4056044215739,-0.0234835133541325,-0.0234835133541325,-0.0234835133541325,0.0460235649191708
9.44659083119766,0,-0.0979355343768668,0,9.44659083119766,-0.0979355343768668,-0.0979355343768668,-0.0979355343768668,0.106984919191722
10.6319539160187,0,0.00587821668928426,0,10.6319539160187,0.00587821668928426,0.00587821668928426,0.00587821668928426,0.0434639030773943
23.722803858762,0,0.00435490338959432,0,23.722803858762,0.00435490338959432,0.00435490338959432,0.00435490338959432,0.0172785731987079
NA,NA,NA,NA,NA,NA,NA,NA,NA
14.5501339822123,0,-0.0241508994853178,0,14.5501339822123,-0.0241508994853178,-0.0241508994853178,-0.0241508994853178,0.0112761190742462
6.82559417888738,0,-0.0208488602109932,0,6.82559417888738,-0.0208488602109932,-0.0208488602109932,-0.0208488602109932,0.0626238731585564
7.10118523761685,0,-0.0285278978712163,0,7.10118523761685,-0.0285278978712163,-0.0285278978712163,-0.0285278978712163,0.0595492352872805
8.39406695268219,0,0.0167837864563465,0,8.39406695268219,0.0167837864563465,0.0167837864563465,0.0167837864563465,0.0322473662392579
15.3813680380744,0,-0.0235768509494856,0,15.3813680380744,-0.0235768509494856,-0.0235768509494856,-0.0235768509494856,0.0385600790656454
10.9419857642508,0,-0.0876235523401562,0,10.9419857642508,-0.0876235523401562,-0.0876235523401562,-0.0876235523401562,0.0336377588977628
9.567453602661,0,-0.0130573193727359,0,9.567453602661,-0.0130573193727359,-0.0130573193727359,-0.0130573193727359,0.0264340771076804
9.56764954052794,0,-0.00578932875863998,0,9.56764954052794,-0.00578932875863998,-0.00578932875863998,-0.00578932875863998,0.0288617279537588
9.58796747981615,0,0.00725905880614161,0,9.58796747981615,0.00725905880614161,0.00725905880614161,0.00725905880614161,0.0422687684348916
15.1454884083029,0,0.0687427351592194,0,15.1454884083029,0.0687427351592194,0.0687427351592194,0.0687427351592194,0.0334809714396658
9.03381024943225,0,-0.0258591277728825,0,9.03381024943225,-0.0258591277728825,-0.0258591277728825,-0.0258591277728825,0.0210013285642308
14.8412385484711,0,0.00805813747067324,0,14.8412385484711,0.00805813747067324,0.00805813747067324,0.00805813747067324,0.0331399934197975
10.6567948708008,0,0.0203455428827325,0,10.6567948708008,0.0203455428827325,0.0203455428827325,0.0203455428827325,0.0367174068081082
15.83958844307,0,0.0399832495665445,0,15.83958844307,0.0399832495665445,0.0399832495665445,0.0399832495665445,0.0130470310288665
17.7014293147066,0,0.0234372077444364,0,17.7014293147066,0.0234372077444364,0.0234372077444364,0.0234372077444364,0.0323786122878216
16.016217440795,0,-0.00369944404825601,0,16.016217440795,-0.00369944404825601,-0.00369944404825601,-0.00369944404825601,0.0376637682579198
21.1131806593051,0,-0.056056653152879,0,21.1131806593051,-0.056056653152879,-0.056056653152879,-0.056056653152879,0.033465829508006
7.84913150076159,0,0.0206892300368871,0,7.84913150076159,0.0206892300368871,0.0206892300368871,0.0206892300368871,0.0125920499284639
11.3110693140974,0,0.00982781565554414,0,11.3110693140974,0.00982781565554414,0.00982781565554414,0.00982781565554414,0.0152975413868066
19.3344521561619,0,-0.0178892890128142,0,19.3344521561619,-0.0178892890128142,-0.0178892890128142,-0.0178892890128142,0.0322365626104049
12.3671082351961,0,0.0210231372322994,0,12.3671082351961,0.0210231372322994,0.0210231372322994,0.0210231372322994,0.0160828742749283
12.3654554745313,0,-0.0686880413546458,0,12.3654554745313,-0.0686880413546458,-0.0686880413546458,-0.0686880413546458,0.0513325050706189
19.2556223171704,0,0.0285945738844167,0,19.2556223171704,0.0285945738844167,0.0285945738844167,0.0285945738844167,0.0139726523520546
34.7312424253189,0,0.00360906084633839,0,34.7312424253189,0.00360906084633839,0.00360906084633839,0.00360906084633839,0.017575833019559
54.7209102152747,0,0.0196726221291343,0,54.7209102152747,0.0196726221291343,0.0196726221291343,0.0196726221291343,0.0109274670854921
10.3775310816429,0,0.101658959703851,0,10.3775310816429,0.101658959703851,0.101658959703851,0.101658959703851,0.0398037227196641
13.7692792179168,0,0.045315959795906,0,13.7692792179168,0.045315959795906,0.045315959795906,0.045315959795906,0.0576659331255503
11.7030101268542,0,0.0664031592294417,0,11.7030101268542,0.0664031592294417,0.0664031592294417,0.0664031592294417,0.0318702419669784
7.36539602284415,0,-0.0247872150245361,0,7.36539602284415,-0.0247872150245361,-0.0247872150245361,-0.0247872150245361,0.114121672795408
9.34902839864339,0,-0.0319037471830898,0,9.34902839864339,-0.0319037471830898,-0.0319037471830898,-0.0319037471830898,0.0353702402159913
10.3934503295043,0,0.0619972167608137,0,10.3934503295043,0.0619972167608137,0.0619972167608137,0.0619972167608137,0.0947975137929517
11.8155784180346,0,0.132399483418963,0,11.8155784180346,0.132399483418963,0.132399483418963,0.132399483418963,0.0684128055131695
10.8363107906744,0,-0.028098390818107,0,10.8363107906744,-0.028098390818107,-0.028098390818107,-0.028098390818107,0.071926050301895
11.7003583105711,0,-0.00186774348468509,0,11.7003583105711,-0.00186774348468509,-0.00186774348468509,-0.00186774348468509,0.00589871207554302
14.1717804897526,0,0.027255899623745,0,14.1717804897526,0.027255899623745,0.027255899623745,0.027255899623745,0.0438772018708798
10.4916049522311,0,0.0132463173032987,0,10.4916049522311,0.0132463173032987,0.0132463173032987,0.0132463173032987,0.0267192917518445
12.491172371433,0,0.00616174807970621,0,12.491172371433,0.00616174807970621,0.00616174807970621,0.00616174807970621,0.0405245193389735
22.4190143092695,0,-0.000161199703742028,0,22.4190143092695,-0.000161199703742028,-0.000161199703742028,-0.000161199703742028,0.0167230245622351
23.3384346785706,0,0.0173424537425691,0,23.3384346785706,0.0173424537425691,0.0173424537425691,0.0173424537425691,0.0189266195413323
21.0471310356801,0,0.0617673658141888,0,21.0471310356801,0.0617673658141888,0.0617673658141888,0.0617673658141888,0.047052745863464
18.868464140174,0,-0.0601138815581494,0,18.868464140174,-0.0601138815581494,-0.0601138815581494,-0.0601138815581494,0.0841243606959225
130.216227665708,0,0.0198117493038606,0,130.216227665708,0.0198117493038606,0.0198117493038606,0.0198117493038606,0.0277236387216602
9.87654480749694,0,-0.0946232449189078,0,9.87654480749694,-0.0946232449189078,-0.0946232449189078,-0.0946232449189078,0.0836731049469832
15.7641037476623,0,0.0452974152246685,0,15.7641037476623,0.0452974152246685,0.0452974152246685,0.0452974152246685,0.0222639606786319
14.6925462604222,0,-0.00458452472707301,0,14.6925462604222,-0.00458452472707301,-0.00458452472707301,-0.00458452472707301,0.0444254697733256
18.090757331168,0,0.0268647127129744,0,18.090757331168,0.0268647127129744,0.0268647127129744,0.0268647127129744,0.0533691763562087
8.10146185701589,0,0.0427555806686441,0,8.10146185701589,0.0427555806686441,0.0427555806686441,0.0427555806686441,0.0518433181255775
11.2420027298881,0,-0.0660500012093723,0,11.2420027298881,-0.0660500012093723,-0.0660500012093723,-0.0660500012093723,0.0384705888979592
27.9381463268887,0,-0.0196646199066465,0,27.9381463268887,-0.0196646199066465,-0.0196646199066465,-0.0196646199066465,0.0266030945529787
28.4056044215739,0,-0.0234835133541325,0,28.4056044215739,-0.0234835133541325,-0.0234835133541325,-0.0234835133541325,0.0460235649191708
9.44659083119766,0,-0.0979355343768668,0,9.44659083119766,-0.0979355343768668,-0.0979355343768668,-0.0979355343768668,0.106984919191722
10.6319539160187,0,0.00587821668928426,0,10.6319539160187,0.00587821668928426,0.00587821668928426,0.00587821668928426,0.0434639030773943
23.722803858762,0,0.00435490338959432,0,23.722803858762,0.00435490338959432,0.00435490338959432,0.00435490338959432,0.0172785731987079
NA,NA,NA,NA,NA,NA,NA,NA,NA
14.5501339822123,0,-0.0241508994853178,0,14.5501339822123,-0.0241508994853178,-0.0241508994853178,-0.0241508994853178,0.0112761190742462
6.82559417888738,0,-0.0208488602109932,0,6.82559417888738,-0.0208488602109932,-0.0208488602109932,-0.0208488602109932,0.0626238731585564
7.10118523761685,0,-0.0285278978712163,0,7.10118523761685,-0.0285278978712163,-0.0285278978712163,-0.0285278978712163,0.0595492352872805
8.39406695268219,0,0.0167837864563465,0,8.39406695268219,0.0167837864563465,0.0167837864563465,0.0167837864563465,0.0322473662392579
15.3813680380744,0,-0.0235768509494856,0,15.3813680380744,-0.0235768509494856,-0.0235768509494856,-0.0235768509494856,0.0385600790656454
10.9419857642508,0,-0.0876235523401562,0,10.9419857642508,-0.0876235523401562,-0.0876235523401562,-0.0876235523401562,0.0336377588977628
9.567453602661,0,-0.0130573193727359,0,9.567453602661,-0.0130573193727359,-0.0130573193727359,-0.0130573193727359,0.0264340771076804
9.56764954052794,0,-0.00578932875863998,0,9.56764954052794,-0.00578932875863998,-0.00578932875863998,-0.00578932875863998,0.0288617279537588
9.58796747981615,0,0.00725905880614161,0,9.58796747981615,0.00725905880614161,0.00725905880614161,0.00725905880614161,0.0422687684348916
15.1454884083029,0,0.0687427351592194,0,15.1454884083029,0.0687427351592194,0.0687427351592194,0.0687427351592194,0.0334809714396658
9.03381024943225,0,-0.0258591277728825,0,9.03381024943225,-0.0258591277728825,-0.0258591277728825,-0.0258591277728825,0.0210013285642308
14.8412385484711,0,0.00805813747067324,0,14.8412385484711,0.00805813747067324,0.00805813747067324,0.00805813747067324,0.0331399934197975
10.6567948708008,0,0.0203455428827325,0,10.6567948708008,0.0203455428827325,0.0203455428827325,0.0203455428827325,0.0367174068081082
15.83958844307,0,0.0399832495665445,0,15.83958844307,0.0399832495665445,0.0399832495665445,0.0399832495665445,0.0130470310288665
17.7014293147066,0,0.0234372077444364,0,17.7014293147066,0.0234372077444364,0.0234372077444364,0.0234372077444364,0.0323786122878216
16.016217440795,0,-0.00369944404825601,0,16.016217440795,-0.00369944404825601,-0.00369944404825601,-0.00369944404825601,0.0376637682579198
21.1131806593051,0,-0.056056653152879,0,21.1131806593051,-0.056056653152879,-0.056056653152879,-0.056056653152879,0.033465829508006
7.84913150076159,0,0.0206892300368871,0,7.84913150076159,0.0206892300368871,0.0206892300368871,0.0206892300368871,0.0125920499284639
11.3110693140974,0,0.00982781565554414,0,11.3110693140974,0.00982781565554414,0.00982781565554414,0.00982781565554414,0.0152975413868066
19.3344521561619,0,-0.0178892890128142,0,19.3344521561619,-0.0178892890128142,-0.0178892890128142,-0.0178892890128142,0.0322365626104049
12.3671082351961,0,0.0210231372322994,0,12.3671082351961,0.0210231372322994,0.0210231372322994,0.0210231372322994,0.0160828742749283
12.3654554745313,0,-0.0686880413546458,0,12.3654554745313,-0.0686880413546458,-0.0686880413546458,-0.0686880413546458,0.0513325050706189
19.2556223171704,0,0.0285945738844167,0,19.2556223171704,0.0285945738844167,0.0285945738844167,0.0285945738844167,0.0139726523520546
34.7312424253189,0,0.00360906084633839,0,34.7312424253189,0.00360906084633839,0.00360906084633839,0.00360906084633839,0.017575833019559
54.7209102152747,0,0.0196726221291343,0,54.7209102152747,0.0196726221291343,0.0196726221291343,0.0196726221291343,0.0109274670854921
10.3775310816429,0,0.101658959703851,0,10.3775310816429,0.101658959703851,0.101658959703851,0.101658959703851,0.0398037227196641
13.7692792179168,0,0.045315959795906,0,13.7692792179168,0.045315959795906,0.045315959795906,0.045315959795906,0.0576659331255503
11.7030101268542,0,0.0664031592294417,0,11.7030101268542,0.0664031592294417,0.0664031592294417,0.0664031592294417,0.0318702419669784
7.36539602284415,0,-0.0247872150245361,0,7.36539602284415,-0.0247872150245361,-0.0247872150245361,-0.0247872150245361,0.114121672795408
9.34902839864339,0,-0.0319037471830898,0,9.34902839864339,-0.0319037471830898,-0.0319037471830898,-0.0319037471830898,0.0353702402159913
10.3934503295043,0,0.0619972167608137,0,10.3934503295043,0.0619972167608137,0.0619972167608137,0.0619972167608137,0.0947975137929517
11.8155784180346,0,0.132399483418963,0,11.8155784180346,0.132399483418963,0.132399483418963,0.132399483418963,0.0684128055131695
10.8363107906744,0,-0.028098390818107,0,10.8363107906744,-0.028098390818107,-0.028098390818107,-0.028098390818107,0.071926050301895
11.7003583105711,0,-0.00186774348468509,0,11.7003583105711,-0.00186774348468509,-0.00186774348468509,-0.00186774348468509,0.00589871207554302
14.1717804897526,0,0.027255899623745,0,14.1717804897526,0.027255899623745,0.027255899623745,0.027255899623745,0.0438772018708798
10.4916049522311,0,0.0132463173032987,0,10.4916049522311,0.0132463173032987,0.0132463173032987,0.0132463173032987,0.0267192917518445
12.491172371433,0,0.00616174807970621,0,12.491172371433,0.00616174807970621,0.00616174807970621,0.00616174807970621,0.0405245193389735
22.4190143092695,0,-0.000161199703742028,0,22.4190143092695,-0.000161199703742028,-0.000161199703742028,-0.000161199703742028,0.0167230245622351
23.3384346785706,0,0.0173424537425691,0,23.3384346785706,0.0173424537425691,0.0173424537425691,0.0173424537425691,0.0189266195413323
21.0471310356801,0,0.0617673658141888,0,21.0471310356801,0.0617673658141888,0.0617673658141888,0.0617673658141888,0.047052745863464
18.868464140174,0,-0.0601138815581494,0,18.868464140174,-0.0601138815581494,-0.0601138815581494,-0.0601138815581494,0.0841243606959225
130.216227665708,0,0.0198117493038606,0,130.216227665708,0.0198117493038606,0.0198117493038606,0.0198117493038606,0.0277236387216602
9.87654480749694,0,-0.0946232449189078,0,9.87654480749694,-0.0946232449189078,-0.0946232449189078,-0.0946232449189078,0.0836731049469832
15.7641037476623,0,0.0452974152246685,0,15.7641037476623,0.0452974152246685,0.0452974152246685,0.0452974152246685,0.0222639606786319
14.6925462604222,0,-0.00458452472707301,0,14.6925462604222,-0.00458452472707301,-0.00458452472707301,-0.00458452472707301,0.0444254697733256
18.090757331168,0,0.0268647127129744,0,18.090757331168,0.0268647127129744,0.0268647127129744,0.0268647127129744,0.0533691763562087
8.10146185701589,0,0.0427555806686441,0,8.10146185701589,0.0427555806686441,0.0427555806686441,0.0427555806686441,0.0518433181255775
11.2420027298881,0,-0.0660500012093723,0,11.2420027298881,-0.0660500012093723,-0.0660500012093723,-0.0660500012093723,0.0384705888979592
27.9381463268887,0,-0.0196646199066465,0,27.9381463268887,-0.0196646199066465,-0.0196646199066465,-0.0196646199066465,0.0266030945529787
28.4056044215739,0,-0.0234835133541325,0,28.4056044215739,-0.0234835133541325,-0.0234835133541325,-0.0234835133541325,0.0460235649191708
9.44659083119766,0,-0.0979355343768668,0,9.44659083119766,-0.0979355343768668,-0.0979355343768668,-0.0979355343768668,0.106984919191722
10.6319539160187,0,0.00587821668928426,0,10.6319539160187,0.00587821668928426,0.00587821668928426,0.00587821668928426,0.0434639030773943
23.722803858762,0,0.00435490338959432,0,23.722803858762,0.00435490338959432,0.00435490338959432,0.00435490338959432,0.0172785731987079
NA,NA,NA,NA,NA,NA,NA,NA,NA
14.5501339822123,0,-0.0241508994853178,0,14.5501339822123,-0.0241508994853178,-0.0241508994853178,-0.0241508994853178,0.0112761190742462
6.82559417888738,0,-0.0208488602109932,0,6.82559417888738,-0.0208488602109932,-0.0208488602109932,-0.0208488602109932,0.0626238731585564
7.10118523761685,0,-0.0285278978712163,0,7.10118523761685,-0.0285278978712163,-0.0285278978712163,-0.0285278978712163,0.0595492352872805
8.39406695268219,0,0.0167837864563465,0,8.39406695268219,0.0167837864563465,0.0167837864563465,0.0167837864563465,0.0322473662392579
15.3813680380744,0,-0.0235768509494856,0,15.3813680380744,-0.0235768509494856,-0.0235768509494856,-0.0235768509494856,0.0385600790656454
10.9419857642508,0,-0.0876235523401562,0,10.9419857642508,-0.0876235523401562,-0.0876235523401562,-0.0876235523401562,0.0336377588977628
9.567453602661,0,-0.0130573193727359,0,9.567453602661,-0.0130573193727359,-0.0130573193727359,-0.0130573193727359,0.0264340771076804
9.56764954052794,0,-0.00578932875863998,0,9.56764954052794,-0.00578932875863998,-0.00578932875863998,-0.00578932875863998,0.0288617279537588
9.58796747981615,0,0.00725905880614161,0,9.58796747981615,0.00725905880614161,0.00725905880614161,0.00725905880614161,0.0422687684348916
15.1454884083029,0,0.0687427351592194,0,15.1454884083029,0.0687427351592194,0.0687427351592194,0.0687427351592194,0.0334809714396658
9.03381024943225,0,-0.0258591277728825,0,9.03381024943225,-0.0258591277728825,-0.0258591277728825,-0.0258591277728825,0.0210013285642308
14.8412385484711,0,0.00805813747067324,0,14.8412385484711,0.00805813747067324,0.00805813747067324,0.00805813747067324,0.0331399934197975
10.6567948708008,0,0.0203455428827325,0,10.6567948708008,0.0203455428827325,0.0203455428827325,0.0203455428827325,0.0367174068081082
15.83958844307,0,0.0399832495665445,0,15.83958844307,0.0399832495665445,0.0399832495665445,0.0399832495665445,0.0130470310288665
17.7014293147066,0,0.0234372077444364,0,17.7014293147066,0.0234372077444364,0.0234372077444364,0.0234372077444364,0.0323786122878216
16.016217440795,0,-0.00369944404825601,0,16.016217440795,-0.00369944404825601,-0.00369944404825601,-0.00369944404825601,0.0376637682579198
6.35958088046694,0,-0.0328185793493547,0,6.35958088046694,-0.0328185793493547,-0.0328185793493547,-0.0328185793493547,0.0520581686434144
7.84913150076159,0,0.0206892300368871,0,7.84913150076159,0.0206892300368871,0.0206892300368871,0.0206892300368871,0.0125920499284639
11.3110693140974,0,0.00982781565554414,0,11.3110693140974,0.00982781565554414,0.00982781565554414,0.00982781565554414,0.0152975413868066
19.3344521561619,0,-0.0178892890128142,0,19.3344521561619,-0.0178892890128142,-0.0178892890128142,-0.0178892890128142,0.0322365626104049
12.3671082351961,0,0.0210231372322994,0,12.3671082351961,0.0210231372322994,0.0210231372322994,0.0210231372322994,0.0160828742749283
12.3654554745313,0,-0.0686880413546458,0,12.3654554745313,-0.0686880413546458,-0.0686880413546458,-0.0686880413546458,0.0513325050706189
19.2556223171704,0,0.0285945738844167,0,19.2556223171704,0.0285945738844167,0.0285945738844167,0.0285945738844167,0.0139726523520546
34.7312424253189,0,0.00360906084633839,0,34.7312424253189,0.00360906084633839,0.00360906084633839,0.00360906084633839,0.017575833019559
54.7209102152747,0,0.0196726221291343,0,54.7209102152747,0.0196726221291343,0.0196726221291343,0.0196726221291343,0.0109274670854921
10.3775310816429,0,0.101658959703851,0,10.3775310816429,0.101658959703851,0.101658959703851,0.101658959703851,0.0398037227196641
13.7692792179168,0,0.045315959795906,0,13.7692792179168,0.045315959795906,0.045315959795906,0.045315959795906,0.0576659331255503
11.7030101268542,0,0.0664031592294417,0,11.7030101268542,0.0664031592294417,0.0664031592294417,0.0664031592294417,0.0318702419669784
7.36539602284415,0,-0.0247872150245361,0,7.36539602284415,-0.0247872150245361,-0.0247872150245361,-0.0247872150245361,0.114121672795408
9.34902839864339,0,-0.0319037471830898,0,9.34902839864339,-0.0319037471830898,-0.0319037471830898,-0.0319037471830898,0.0353702402159913
10.3934503295043,0,0.0619972167608137,0,10.3934503295043,0.0619972167608137,0.0619972167608137,0.0619972167608137,0.0947975137929517
11.8155784180346,0,0.132399483418963,0,11.8155784180346,0.132399483418963,0.132399483418963,0.132399483418963,0.0684128055131695
10.8363107906744,0,-0.028098390818107,0,10.8363107906744,-0.028098390818107,-0.028098390818107,-0.028098390818107,0.071926050301895
11.7003583105711,0,-0.00186774348468509,0,11.7003583105711,-0.00186774348468509,-0.00186774348468509,-0.00186774348468509,0.00589871207554302
14.1717804897526,0,0.027255899623745,0,14.1717804897526,0.027255899623745,0.027255899623745,0.027255899623745,0.0438772018708798
10.4916049522311,0,0.0132463173032987,0,10.4916049522311,0.0132463173032987,0.0132463173032987,0.0132463173032987,0.0267192917518445
12.491172371433,0,0.00616174807970621,0,12.491172371433,0.00616174807970621,0.00616174807970621,0.00616174807970621,0.0405245193389735
22.4190143092695,0,-0.000161199703742028,0,22.4190143092695,-0.000161199703742028,-0.000161199703742028,-0.000161199703742028,0.0167230245622351
23.3384346785706,0,0.0173424537425691,0,23.3384346785706,0.0173424537425691,0.0173424537425691,0.0173424537425691,0.0189266195413323
21.0471310356801,0,0.0617673658141888,0,21.0471310356801,0.0617673658141888,0.0617673658141888,0.0617673658141888,0.047052745863464
18.868464140174,0,-0.0601138815581494,0,18.868464140174,-0.0601138815581494,-0.0601138815581494,-0.0601138815581494,0.0841243606959225
130.216227665708,0,0.0198117493038606,0,130.216227665708,0.0198117493038606,0.0198117493038606,0.0198117493038606,0.0277236387216602
9.87654480749694,0,-0.0946232449189078,0,9.87654480749694,-0.0946232449189078,-0.0946232449189078,-0.0946232449189078,0.0836731049469832
15.7641037476623,0,0.0452974152246685,0,15.7641037476623,0.0452974152246685,0.0452974152246685,0.0452974152246685,0.0222639606786319
14.6925462604222,0,-0.00458452472707301,0,14.6925462604222,-0.00458452472707301,-0.00458452472707301,-0.00458452472707301,0.0444254697733256
18.090757331168,0,0.0268647127129744,0,18.090757331168,0.0268647127129744,0.0268647127129744,0.0268647127129744,0.0533691763562087
8.10146185701589,0,0.0427555806686441,0,8.10146185701589,0.0427555806686441,0.0427555806686441,0.0427555806686441,0.0518433181255775
11.2420027298881,0,-0.0660500012093723,0,11.2420027298881,-0.0660500012093723,-0.0660500012093723,-0.0660500012093723,0.0384705888979592
27.9381463268887,0,-0.0196646199066465,0,27.9381463268887,-0.0196646199066465,-0.0196646199066465,-0.0196646199066465,0.0266030945529787
28.4056044215739,0,-0.0234835133541325,0,28.4056044215739,-0.0234835133541325,-0.0234835133541325,-0.0234835133541325,0.0460235649191708
9.44659083119766,0,-0.0979355343768668,0,9.44659083119766,-0.0979355343768668,-0.0979355343768668,-0.0979355343768668,0.106984919191722
10.6319539160187,0,0.00587821668928426,0,10.6319539160187,0.00587821668928426,0.00587821668928426,0.00587821668928426,0.0434639030773943
23.722803858762,0,0.00435490338959432,0,23.722803858762,0.00435490338959432,0.00435490338959432,0.00435490338959432,0.0172785731987079
NA,NA,NA,NA,NA,NA,NA,NA,NA
14.5501339822123,0,-0.0241508994853178,0,14.5501339822123,-0.0241508994853178,-0.0241508994853178,-0.0241508994853178,0.0112761190742462
6.82559417888738,0,-0.0208488602109932,0,6.82559417888738,-0.0208488602109932,-0.0208488602109932,-0.0208488602109932,0.0626238731585564
7.10118523761685,0,-0.0285278978712163,0,7.10118523761685,-0.0285278978712163,-0.0285278978712163,-0.0285278978712163,0.0595492352872805
8.39406695268219,0,0.0167837864563465,0,8.39406695268219,0.0167837864563465,0.0167837864563465,0.0167837864563465,0.0322473662392579
15.3813680380744,0,-0.0235768509494856,0,15.3813680380744,-0.0235768509494856,-0.0235768509494856,-0.0235768509494856,0.0385600790656454
10.9419857642508,0,-0.0876235523401562,0,10.9419857642508,-0.0876235523401562,-0.0876235523401562,-0.0876235523401562,0.0336377588977628
9.567453602661,0,-0.0130573193727359,0,9.567453602661,-0.0130573193727359,-0.0130573193727359,-0.0130573193727359,0.0264340771076804
9.56764954052794,0,-0.00578932875863998,0,9.56764954052794,-0.00578932875863998,-0.00578932875863998,-0.00578932875863998,0.0288617279537588
9.58796747981615,0,0.00725905880614161,0,9.58796747981615,0.00725905880614161,0.00725905880614161,0.00725905880614161,0.0422687684348916
15.1454884083029,0,0.0687427351592194,0,15.1454884083029,0.0687427351592194,0.0687427351592194,0.0687427351592194,0.0334809714396658
9.03381024943225,0,-0.0258591277728825,0,9.03381024943225,-0.0258591277728825,-0.0258591277728825,-0.0258591277728825,0.0210013285642308
14.8412385484711,0,0.00805813747067324,0,14.8412385484711,0.00805813747067324,0.00805813747067324,0.00805813747067324,0.0331399934197975
10.6567948708008,0,0.0203455428827325,0,10.6567948708008,0.0203455428827325,0.0203455428827325,0.0203455428827325,0.0367174068081082
15.83958844307,0,0.0399832495665445,0,15.83958844307,0.0399832495665445,0.0399832495665445,0.0399832495665445,0.0130470310288665
17.7014293147066,0,0.0234372077444364,0,17.7014293147066,0.0234372077444364,0.0234372077444364,0.0234372077444364,0.0323786122878216
16.016217440795,0,-0.00369944404825601,0,16.016217440795,-0.00369944404825601,-0.00369944404825601,-0.00369944404825601,0.0376637682579198
6.35958088046694,0,-0.0328185793493547,0,6.35958088046694,-0.0328185793493547,-0.0328185793493547,-0.0328185793493547,0.0520581686434144
7.84913150076159,0,0.0206892300368871,0,7.84913150076159,0.0206892300368871,0.0206892300368871,0.0206892300368871,0.0125920499284639
11.3110693140974,0,0.00982781565554414,0,11.3110693140974,0.00982781565554414,0.00982781565554414,0.00982781565554414,0.0152975413868066
19.3344521561619,0,-0.0178892890128142,0,19.3344521561619,-0.0178892890128142,-0.0178892890128142,-0.0178892890128142,0.0322365626104049
12.3671082351961,0,0.0210231372322994,0,12.3671082351961,0.0210231372322994,0.0210231372322994,0.0210231372322994,0.0160828742749283
12.3654554745313,0,-0.0686880413546458,0,12.3654554745313,-0.0686880413546458,-0.0686880413546458,-0.0686880413546458,0.0513325050706189
19.2556223171704,0,0.0285945738844167,0,19.2556223171704,0.0285945738844167,0.0285945738844167,0.0285945738844167,0.0139726523520546
34.7312424253189,0,0.00360906084633839,0,34.7312424253189,0.00360906084633839,0.00360906084633839,0.00360906084633839,0.017575833019559
54.7209102152747,0,0.0196726221291343,0,54.7209102152747,0.0196726221291343,0.0196726221291343,0.0196726221291343,0.0109274670854921
10.3775310816429,0,0.101658959703851,0,10.3775310816429,0.101658959703851,0.101658959703851,0.101658959703851,0.0398037227196641
13.7692792179168,0,0.045315959795906,0,13.7692792179168,0.045315959795906,0.045315959795906,0.045315959795906,0.0576659331255503
11.7030101268542,0,0.0664031592294417,0,11.7030101268542,0.0664031592294417,0.0664031592294417,0.0664031592294417,0.0318702419669784
7.36539602284415,0,-0.0247872150245361,0,7.36539602284415,-0.0247872150245361,-0.0247872150245361,-0.0247872150245361,0.114121672795408
9.34902839864339,0,-0.0319037471830898,0,9.34902839864339,-0.0319037471830898,-0.0319037471830898,-0.0319037471830898,0.0353702402159913
10.3934503295043,0,0.0619972167608137,0,10.3934503295043,0.0619972167608137,0.0619972167608137,0.0619972167608137,0.0947975137929517
11.8155784180346,0,0.132399483418963,0,11.8155784180346,0.132399483418963,0.132399483418963,0.132399483418963,0.0684128055131695
10.8363107906744,0,-0.028098390818107,0,10.8363107906744,-0.028098390818107,-0.028098390818107,-0.028098390818107,0.071926050301895
11.7003583105711,0,-0.00186774348468509,0,11.7003583105711,-0.00186774348468509,-0.00186774348468509,-0.00186774348468509,0.00589871207554302
14.1717804897526,0,0.027255899623745,0,14.1717804897526,0.027255899623745,0.027255899623745,0.027255899623745,0.0438772018708798
10.4916049522311,0,0.0132463173032987,0,10.4916049522311,0.0132463173032987,0.0132463173032987,0.0132463173032987,0.0267192917518445
12.491172371433,0,0.00616174807970621,0,12.491172371433,0.00616174807970621,0.00616174807970621,0.00616174807970621,0.0405245193389735
22.4190143092695,0,-0.000161199703742028,0,22.4190143092695,-0.000161199703742028,-0.000161199703742028,-0.000161199703742028,0.0167230245622351
23.3384346785706,0,0.0173424537425691,0,23.3384346785706,0.0173424537425691,0.0173424537425691,0.0173424537425691,0.0189266195413323
21.0471310356801,0,0.0617673658141888,0,21.0471310356801,0.0617673658141888,0.0617673658141888,0.0617673658141888,0.047052745863464
18.868464140174,0,-0.0601138815581494,0,18.868464140174,-0.0601138815581494,-0.0601138815581494,-0.0601138815581494,0.0841243606959225
130.216227665708,0,0.0198117493038606,0,130.216227665708,0.0198117493038606,0.0198117493038606,0.0198117493038606,0.0277236387216602
9.87654480749694,0,-0.0946232449189078,0,9.87654480749694,-0.0946232449189078,-0.0946232449189078,-0.0946232449189078,0.0836731049469832
15.7641037476623,0,0.0452974152246685,0,15.7641037476623,0.0452974152246685,0.0452974152246685,0.0452974152246685,0.0222639606786319
14.6925462604222,0,-0.00458452472707301,0,14.6925462604222,-0.00458452472707301,-0.00458452472707301,-0.00458452472707301,0.0444254697733256
18.090757331168,0,0.0268647127129744,0,18.090757331168,0.0268647127129744,0.0268647127129744,0.0268647127129744,0.0533691763562087
8.10146185701589,0,0.0427555806686441,0,8.10146185701589,0.0427555806686441,0.0427555806686441,0.0427555806686441,0.0518433181255775
11.2420027298881,0,-0.0660500012093723,0,11.2420027298881,-0.0660500012093723,-0.0660500012093723,-0.0660500012093723,0.0384705888979592
27.9381463268887,0,-0.0196646199066465,0,27.9381463268887,-0.0196646199066465,-0.0196646199066465,-0.0196646199066465,0.0266030945529787
28.4056044215739,0,-0.0234835133541325,0,28.4056044215739,-0.0234835133541325,-0.0234835133541325,-0.0234835133541325,0.0460235649191708
9.44659083119766,0,-0.0979355343768668,0,9.44659083119766,-0.0979355343768668,-0.0979355343768668,-0.0979355343768668,0.106984919191722
10.6319539160187,0,0.00587821668928426,0,10.6319539160187,0.00587821668928426,0.00587821668928426,0.00587821668928426,0.0434639030773943
23.722803858762,0,0.00435490338959432,0,23.722803858762,0.00435490338959432,0.00435490338959432,0.00435490338959432,0.0172785731987079
NA,NA,NA,NA,NA,NA,NA,NA,NA
14.5501339822123,0,-0.0241508994853178,0,14.5501339822123,-0.0241508994853178,-0.0241508994853178,-0.0241508994853178,0.0112761190742462
6.82559417888738,0,-0.0208488602109932,0,6.82559417888738,-0.0208488602109932,-0.0208488602109932,-0.0208488602109932,0.0626238731585564
7.10118523761685,0,-0.0285278978712163,0,7.10118523761685,-0.0285278978712163,-0.0285278978712163,-0.0285278978712163,0.0595492352872805
8.39406695268219,0,0.0167837864563465,0,8.39406695268219,0.0167837864563465,0.0167837864563465,0.0167837864563465,0.0322473662392579
15.3813680380744,0,-0.0235768509494856,0,15.3813680380744,-0.0235768509494856,-0.0235768509494856,-0.0235768509494856,0.0385600790656454
10.9419857642508,0,-0.0876235523401562,0,10.9419857642508,-0.0876235523401562,-0.0876235523401562,-0.0876235523401562,0.0336377588977628
9.567453602661,0,-0.0130573193727359,0,9.567453602661,-0.0130573193727359,-0.0130573193727359,-0.0130573193727359,0.0264340771076804
9.56764954052794,0,-0.00578932875863998,0,9.56764954052794,-0.00578932875863998,-0.00578932875863998,-0.00578932875863998,0.0288617279537588
9.58796747981615,0,0.00725905880614161,0,9.58796747981615,0.00725905880614161,0.00725905880614161,0.00725905880614161,0.0422687684348916
15.1454884083029,0,0.0687427351592194,0,15.1454884083029,0.0687427351592194,0.0687427351592194,0.0687427351592194,0.0334809714396658
9.03381024943225,0,-0.0258591277728825,0,9.03381024943225,-0.0258591277728825,-0.0258591277728825,-0.0258591277728825,0.0210013285642308
14.8412385484711,0,0.00805813747067324,0,14.8412385484711,0.00805813747067324,0.00805813747067324,0.00805813747067324,0.0331399934197975
10.6567948708008,0,0.0203455428827325,0,10.6567948708008,0.0203455428827325,0.0203455428827325,0.0203455428827325,0.0367174068081082
15.83958844307,0,0.0399832495665445,0,15.83958844307,0.0399832495665445,0.0399832495665445,0.0399832495665445,0.0130470310288665
17.7014293147066,0,0.0234372077444364,0,17.7014293147066,0.0234372077444364,0.0234372077444364,0.0234372077444364,0.0323786122878216
16.016217440795,0,-0.00369944404825601,0,16.016217440795,-0.00369944404825601,-0.00369944404825601,-0.00369944404825601,0.0376637682579198
6.35958088046694,0,-0.0328185793493547,0,6.35958088046694,-0.0328185793493547,-0.0328185793493547,-0.0328185793493547,0.0520581686434144
7.84913150076159,0,0.0206892300368871,0,7.84913150076159,0.0206892300368871,0.0206892300368871,0.0206892300368871,0.0125920499284639
11.3110693140974,0,0.00982781565554414,0,11.3110693140974,0.00982781565554414,0.00982781565554414,0.00982781565554414,0.0152975413868066
19.3344521561619,0,-0.0178892890128142,0,19.3344521561619,-0.0178892890128142,-0.0178892890128142,-0.0178892890128142,0.0322365626104049
12.3671082351961,0,0.0210231372322994,0,12.3671082351961,0.0210231372322994,0.0210231372322994,0.0210231372322994,0.0160828742749283
12.3654554745313,0,-0.0686880413546458,0,12.3654554745313,-0.0686880413546458,-0.0686880413546458,-0.0686880413546458,0.0513325050706189
19.2556223171704,0,0.0285945738844167,0,19.2556223171704,0.0285945738844167,0.0285945738844167,0.0285945738844167,0.0139726523520546
34.7312424253189,0,0.00360906084633839,0,34.7312424253189,0.00360906084633839,0.00360906084633839,0.00360906084633839,0.017575833019559
54.7209102152747,0,0.0196726221291343,0,54.7209102152747,0.0196726221291343,0.0196726221291343,0.0196726221291343,0.0109274670854921
10.3775310816429,0,0.101658959703851,0,10.3775310816429,0.101658959703851,0.101658959703851,0.101658959703851,0.0398037227196641
13.7692792179168,0,0.045315959795906,0,13.7692792179168,0.045315959795906,0.045315959795906,0.045315959795906,0.0576659331255503
11.7030101268542,0,0.0664031592294417,0,11.7030101268542,0.0664031592294417,0.0664031592294417,0.0664031592294417,0.0318702419669784
7.36539602284415,0,-0.0247872150245361,0,7.36539602284415,-0.0247872150245361,-0.0247872150245361,-0.0247872150245361,0.114121672795408
9.34902839864339,0,-0.0319037471830898,0,9.34902839864339,-0.0319037471830898,-0.0319037471830898,-0.0319037471830898,0.0353702402159913
10.3934503295043,0,0.0619972167608137,0,10.3934503295043,0.0619972167608137,0.0619972167608137,0.0619972167608137,0.0947975137929517
11.8155784180346,0,0.132399483418963,0,11.8155784180346,0.132399483418963,0.132399483418963,0.132399483418963,0.0684128055131695
10.8363107906744,0,-0.028098390818107,0,10.8363107906744,-0.028098390818107,-0.028098390818107,-0.028098390818107,0.071926050301895
11.7003583105711,0,-0.00186774348468509,0,11.7003583105711,-0.00186774348468509,-0.00186774348468509,-0.00186774348468509,0.00589871207554302
14.1717804897526,0,0.027255899623745,0,14.1717804897526,0.027255899623745,0.027255899623745,0.027255899623745,0.0438772018708798
10.4916049522311,0,0.0132463173032987,0,10.4916049522311,0.0132463173032987,0.0132463173032987,0.0132463173032987,0.0267192917518445
12.491172371433,0,0.00616174807970621,0,12.491172371433,0.00616174807970621,0.00616174807970621,0.00616174807970621,0.0405245193389735
22.4190143092695,0,-0.000161199703742028,0,22.4190143092695,-0.000161199703742028,-0.000161199703742028,-0.000161199703742028,0.0167230245622351
23.3384346785706,0,0.0173424537425691,0,23.3384346785706,0.0173424537425691,0.0173424537425691,0.0173424537425691,0.0189266195413323
21.0471310356801,0,0.0617673658141888,0,21.0471310356801,0.0617673658141888,0.0617673658141888,0.0617673658141888,0.047052745863464
18.868464140174,0,-0.0601138815581494,0,18.868464140174,-0.0601138815581494,-0.0601138815581494,-0.0601138815581494,0.0841243606959225
130.216227665708,0,0.0198117493038606,0,130.216227665708,0.0198117493038606,0.0198117493038606,0.0198117493038606,0.0277236387216602
9.87654480749694,0,-0.0946232449189078,0,9.87654480749694,-0.0946232449189078,-0.0946232449189078,-0.0946232449189078,0.0836731049469832
15.7641037476623,0,0.0452974152246685,0,15.7641037476623,0.0452974152246685,0.0452974152246685,0.0452974152246685,0.0222639606786319
14.6925462604222,0,-0.00458452472707301,0,14.6925462604222,-0.00458452472707301,-0.00458452472707301,-0.00458452472707301,0.0444254697733256
7.79044115240101,0,0.0350532910010923,0,7.79044115240101,0.0350532910010923,0.0350532910010923,0.0350532910010923,0.0585754206769742
8.10146185701589,0,0.0427555806686441,0,8.10146185701589,0.0427555806686441,0.0427555806686441,0.0427555806686441,0.0518433181255775
11.2420027298881,0,-0.0660500012093723,0,11.2420027298881,-0.0660500012093723,-0.0660500012093723,-0.0660500012093723,0.0384705888979592
27.9381463268887,0,-0.0196646199066465,0,27.9381463268887,-0.0196646199066465,-0.0196646199066465,-0.0196646199066465,0.0266030945529787
28.4056044215739,0,-0.0234835133541325,0,28.4056044215739,-0.0234835133541325,-0.0234835133541325,-0.0234835133541325,0.0460235649191708
9.44659083119766,0,-0.0979355343768668,0,9.44659083119766,-0.0979355343768668,-0.0979355343768668,-0.0979355343768668,0.106984919191722
10.6319539160187,0,0.00587821668928426,0,10.6319539160187,0.00587821668928426,0.00587821668928426,0.00587821668928426,0.0434639030773943
23.722803858762,0,0.00435490338959432,0,23.722803858762,0.00435490338959432,0.00435490338959432,0.00435490338959432,0.0172785731987079
NA,NA,NA,NA,NA,NA,NA,NA,NA
14.5501339822123,0,-0.0241508994853178,0,14.5501339822123,-0.0241508994853178,-0.0241508994853178,-0.0241508994853178,0.0112761190742462
6.82559417888738,0,-0.0208488602109932,0,6.82559417888738,-0.0208488602109932,-0.0208488602109932,-0.0208488602109932,0.0626238731585564
7.10118523761685,0,-0.0285278978712163,0,7.10118523761685,-0.0285278978712163,-0.0285278978712163,-0.0285278978712163,0.0595492352872805
8.39406695268219,0,0.0167837864563465,0,8.39406695268219,0.0167837864563465,0.0167837864563465,0.0167837864563465,0.0322473662392579
15.3813680380744,0,-0.0235768509494856,0,15.3813680380744,-0.0235768509494856,-0.0235768509494856,-0.0235768509494856,0.0385600790656454
10.9419857642508,0,-0.0876235523401562,0,10.9419857642508,-0.0876235523401562,-0.0876235523401562,-0.0876235523401562,0.0336377588977628
9.567453602661,0,-0.0130573193727359,0,9.567453602661,-0.0130573193727359,-0.0130573193727359,-0.0130573193727359,0.0264340771076804
9.56764954052794,0,-0.00578932875863998,0,9.56764954052794,-0.00578932875863998,-0.00578932875863998,-0.00578932875863998,0.0288617279537588
9.58796747981615,0,0.00725905880614161,0,9.58796747981615,0.00725905880614161,0.00725905880614161,0.00725905880614161,0.0422687684348916
15.1454884083029,0,0.0687427351592194,0,15.1454884083029,0.0687427351592194,0.0687427351592194,0.0687427351592194,0.0334809714396658
9.03381024943225,0,-0.0258591277728825,0,9.03381024943225,-0.0258591277728825,-0.0258591277728825,-0.0258591277728825,0.0210013285642308
14.8412385484711,0,0.00805813747067324,0,14.8412385484711,0.00805813747067324,0.00805813747067324,0.00805813747067324,0.0331399934197975
10.6567948708008,0,0.0203455428827325,0,10.6567948708008,0.0203455428827325,0.0203455428827325,0.0203455428827325,0.0367174068081082
15.83958844307,0,0.0399832495665445,0,15.83958844307,0.0399832495665445,0.0399832495665445,0.0399832495665445,0.0130470310288665
17.7014293147066,0,0.0234372077444364,0,17.7014293147066,0.0234372077444364,0.0234372077444364,0.0234372077444364,0.0323786122878216
16.016217440795,0,-0.00369944404825601,0,16.016217440795,-0.00369944404825601,-0.00369944404825601,-0.00369944404825601,0.0376637682579198
6.35958088046694,0,-0.0328185793493547,0,6.35958088046694,-0.0328185793493547,-0.0328185793493547,-0.0328185793493547,0.0520581686434144
7.84913150076159,0,0.0206892300368871,0,7.84913150076159,0.0206892300368871,0.0206892300368871,0.0206892300368871,0.0125920499284639
11.3110693140974,0,0.00982781565554414,0,11.3110693140974,0.00982781565554414,0.00982781565554414,0.00982781565554414,0.0152975413868066
19.3344521561619,0,-0.0178892890128142,0,19.3344521561619,-0.0178892890128142,-0.0178892890128142,-0.0178892890128142,0.0322365626104049
12.3671082351961,0,0.0210231372322994,0,12.3671082351961,0.0210231372322994,0.0210231372322994,0.0210231372322994,0.0160828742749283
12.3654554745313,0,-0.0686880413546458,0,12.3654554745313,-0.0686880413546458,-0.0686880413546458,-0.0686880413546458,0.0513325050706189
19.2556223171704,0,0.0285945738844167,0,19.2556223171704,0.0285945738844167,0.0285945738844167,0.0285945738844167,0.0139726523520546
34.7312424253189,0,0.00360906084633839,0,34.7312424253189,0.00360906084633839,0.00360906084633839,0.00360906084633839,0.017575833019559
54.7209102152747,0,0.0196726221291343,0,54.7209102152747,0.0196726221291343,0.0196726221291343,0.0196726221291343,0.0109274670854921
10.3775310816429,0,0.101658959703851,0,10.3775310816429,0.101658959703851,0.101658959703851,0.101658959703851,0.0398037227196641
13.7692792179168,0,0.045315959795906,0,13.7692792179168,0.045315959795906,0.045315959795906,0.045315959795906,0.0576659331255503
11.7030101268542,0,0.0664031592294417,0,11.7030101268542,0.0664031592294417,0.0664031592294417,0.0664031592294417,0.0318702419669784
7.36539602284415,0,-0.0247872150245361,0,7.36539602284415,-0.0247872150245361,-0.0247872150245361,-0.0247872150245361,0.114121672795408
9.34902839864339,0,-0.0319037471830898,0,9.34902839864339,-0.0319037471830898,-0.0319037471830898,-0.0319037471830898,0.0353702402159913
10.3934503295043,0,0.0619972167608137,0,10.3934503295043,0.0619972167608137,0.0619972167608137,0.0619972167608137,0.0947975137929517
11.8155784180346,0,0.132399483418963,0,11.8155784180346,0.132399483418963,0.132399483418963,0.132399483418963,0.0684128055131695
10.8363107906744,0,-0.028098390818107,0,10.8363107906744,-0.028098390818107,-0.028098390818107,-0.028098390818107,0.071926050301895
11.7003583105711,0,-0.00186774348468509,0,11.7003583105711,-0.00186774348468509,-0.00186774348468509,-0.00186774348468509,0.00589871207554302
14.1717804897526,0,0.027255899623745,0,14.1717804897526,0.027255899623745,0.027255899623745,0.027255899623745,0.0438772018708798
10.4916049522311,0,0.0132463173032987,0,10.4916049522311,0.0132463173032987,0.0132463173032987,0.0132463173032987,0.0267192917518445
12.491172371433,0,0.00616174807970621,0,12.491172371433,0.00616174807970621,0.00616174807970621,0.00616174807970621,0.0405245193389735
22.4190143092695,0,-0.000161199703742028,0,22.4190143092695,-0.000161199703742028,-0.000161199703742028,-0.000161199703742028,0.0167230245622351
23.3384346785706,0,0.0173424537425691,0,23.3384346785706,0.0173424537425691,0.0173424537425691,0.0173424537425691,0.0189266195413323
21.0471310356801,0,0.0617673658141888,0,21.0471310356801,0.0617673658141888,0.0617673658141888,0.0617673658141888,0.047052745863464
18.868464140174,0,-0.0601138815581494,0,18.868464140174,-0.0601138815581494,-0.0601138815581494,-0.0601138815581494,0.0841243606959225
130.216227665708,0,0.0198117493038606,0,130.216227665708,0.0198117493038606,0.0198117493038606,0.0198117493038606,0.0277236387216602
9.87654480749694,0,-0.0946232449189078,0,9.87654480749694,-0.0946232449189078,-0.0946232449189078,-0.0946232449189078,0.0836731049469832
15.7641037476623,0,0.0452974152246685,0,15.7641037476623,0.0452974152246685,0.0452974152246685,0.0452974152246685,0.0222639606786319
14.6925462604222,0,-0.00458452472707301,0,14.6925462604222,-0.00458452472707301,-0.00458452472707301,-0.00458452472707301,0.0444254697733256
7.79044115240101,0,0.0350532910010923,0,7.79044115240101,0.0350532910010923,0.0350532910010923,0.0350532910010923,0.0585754206769742
8.10146185701589,0,0.0427555806686441,0,8.10146185701589,0.0427555806686441,0.0427555806686441,0.0427555806686441,0.0518433181255775
11.2420027298881,0,-0.0660500012093723,0,11.2420027298881,-0.0660500012093723,-0.0660500012093723,-0.0660500012093723,0.0384705888979592
27.9381463268887,0,-0.0196646199066465,0,27.9381463268887,-0.0196646199066465,-0.0196646199066465,-0.0196646199066465,0.0266030945529787
28.4056044215739,0,-0.0234835133541325,0,28.4056044215739,-0.0234835133541325,-0.0234835133541325,-0.0234835133541325,0.0460235649191708
9.44659083119766,0,-0.0979355343768668,0,9.44659083119766,-0.0979355343768668,-0.0979355343768668,-0.0979355343768668,0.106984919191722
10.6319539160187,0,0.00587821668928426,0,10.6319539160187,0.00587821668928426,0.00587821668928426,0.00587821668928426,0.0434639030773943
23.722803858762,0,0.00435490338959432,0,23.722803858762,0.00435490338959432,0.00435490338959432,0.00435490338959432,0.0172785731987079
NA,NA,NA,NA,NA,NA,NA,NA,NA
14.5501339822123,0,-0.0241508994853178,0,14.5501339822123,-0.0241508994853178,-0.0241508994853178,-0.0241508994853178,0.0112761190742462
6.82559417888738,0,-0.0208488602109932,0,6.82559417888738,-0.0208488602109932,-0.0208488602109932,-0.0208488602109932,0.0626238731585564
7.10118523761685,0,-0.0285278978712163,0,7.10118523761685,-0.0285278978712163,-0.0285278978712163,-0.0285278978712163,0.0595492352872805
8.39406695268219,0,0.0167837864563465,0,8.39406695268219,0.0167837864563465,0.0167837864563465,0.0167837864563465,0.0322473662392579
15.3813680380744,0,-0.0235768509494856,0,15.3813680380744,-0.0235768509494856,-0.0235768509494856,-0.0235768509494856,0.0385600790656454
10.9419857642508,0,-0.0876235523401562,0,10.9419857642508,-0.0876235523401562,-0.0876235523401562,-0.0876235523401562,0.0336377588977628
9.567453602661,0,-0.0130573193727359,0,9.567453602661,-0.0130573193727359,-0.0130573193727359,-0.0130573193727359,0.0264340771076804
9.56764954052794,0,-0.00578932875863998,0,9.56764954052794,-0.00578932875863998,-0.00578932875863998,-0.00578932875863998,0.0288617279537588
9.58796747981615,0,0.00725905880614161,0,9.58796747981615,0.00725905880614161,0.00725905880614161,0.00725905880614161,0.0422687684348916
15.1454884083029,0,0.0687427351592194,0,15.1454884083029,0.0687427351592194,0.0687427351592194,0.0687427351592194,0.0334809714396658
9.03381024943225,0,-0.0258591277728825,0,9.03381024943225,-0.0258591277728825,-0.0258591277728825,-0.0258591277728825,0.0210013285642308
14.8412385484711,0,0.00805813747067324,0,14.8412385484711,0.00805813747067324,0.00805813747067324,0.00805813747067324,0.0331399934197975
10.6567948708008,0,0.0203455428827325,0,10.6567948708008,0.0203455428827325,0.0203455428827325,0.0203455428827325,0.0367174068081082
15.83958844307,0,0.0399832495665445,0,15.83958844307,0.0399832495665445,0.0399832495665445,0.0399832495665445,0.0130470310288665
17.7014293147066,0,0.0234372077444364,0,17.7014293147066,0.0234372077444364,0.0234372077444364,0.0234372077444364,0.0323786122878216
16.016217440795,0,-0.00369944404825601,0,16.016217440795,-0.00369944404825601,-0.00369944404825601,-0.00369944404825601,0.0376637682579198
6.35958088046694,0,-0.0328185793493547,0,6.35958088046694,-0.0328185793493547,-0.0328185793493547,-0.0328185793493547,0.0520581686434144
7.84913150076159,0,0.0206892300368871,0,7.84913150076159,0.0206892300368871,0.0206892300368871,0.0206892300368871,0.0125920499284639
11.3110693140974,0,0.00982781565554414,0,11.3110693140974,0.00982781565554414,0.00982781565554414,0.00982781565554414,0.0152975413868066
19.3344521561619,0,-0.0178892890128142,0,19.3344521561619,-0.0178892890128142,-0.0178892890128142,-0.0178892890128142,0.0322365626104049
12.3671082351961,0,0.0210231372322994,0,12.3671082351961,0.0210231372322994,0.0210231372322994,0.0210231372322994,0.0160828742749283
12.3654554745313,0,-0.0686880413546458,0,12.3654554745313,-0.0686880413546458,-0.0686880413546458,-0.0686880413546458,0.0513325050706189
19.2556223171704,0,0.0285945738844167,0,19.2556223171704,0.0285945738844167,0.0285945738844167,0.0285945738844167,0.0139726523520546
34.7312424253189,0,0.00360906084633839,0,34.7312424253189,0.00360906084633839,0.00360906084633839,0.00360906084633839,0.017575833019559
54.7209102152747,0,0.0196726221291343,0,54.7209102152747,0.0196726221291343,0.0196726221291343,0.0196726221291343,0.0109274670854921
10.3775310816429,0,0.101658959703851,0,10.3775310816429,0.101658959703851,0.101658959703851,0.101658959703851,0.0398037227196641
13.7692792179168,0,0.045315959795906,0,13.7692792179168,0.045315959795906,0.045315959795906,0.045315959795906,0.0576659331255503
11.7030101268542,0,0.0664031592294417,0,11.7030101268542,0.0664031592294417,0.0664031592294417,0.0664031592294417,0.0318702419669784
7.36539602284415,0,-0.0247872150245361,0,7.36539602284415,-0.0247872150245361,-0.0247872150245361,-0.0247872150245361,0.114121672795408
9.34902839864339,0,-0.0319037471830898,0,9.34902839864339,-0.0319037471830898,-0.0319037471830898,-0.0319037471830898,0.0353702402159913
10.3934503295043,0,0.0619972167608137,0,10.3934503295043,0.0619972167608137,0.0619972167608137,0.0619972167608137,0.0947975137929517
11.8155784180346,0,0.132399483418963,0,11.8155784180346,0.132399483418963,0.132399483418963,0.132399483418963,0.0684128055131695
10.8363107906744,0,-0.028098390818107,0,10.8363107906744,-0.028098390818107,-0.028098390818107,-0.028098390818107,0.071926050301895
11.7003583105711,0,-0.00186774348468509,0,11.7003583105711,-0.00186774348468509,-0.00186774348468509,-0.00186774348468509,0.00589871207554302
14.1717804897526,0,0.027255899623745,0,14.1717804897526,0.027255899623745,0.027255899623745,0.027255899623745,0.0438772018708798
10.4916049522311,0,0.0132463173032987,0,10.4916049522311,0.0132463173032987,0.0132463173032987,0.0132463173032987,0.0267192917518445
12.491172371433,0,0.00616174807970621,0,12.491172371433,0.00616174807970621,0.00616174807970621,0.00616174807970621,0.0405245193389735
22.4190143092695,0,-0.000161199703742028,0,22.4190143092695,-0.000161199703742028,-0.000161199703742028,-0.000161199703742028,0.0167230245622351
23.3384346785706,0,0.0173424537425691,0,23.3384346785706,0.0173424537425691,0.0173424537425691,0.0173424537425691,0.0189266195413323
21.0471310356801,0,0.0617673658141888,0,21.0471310356801,0.0617673658141888,0.0617673658141888,0.0617673658141888,0.047052745863464
18.868464140174,0,-0.0601138815581494,0,18.868464140174,-0.0601138815581494,-0.0601138815581494,-0.0601138815581494,0.0841243606959225
130.216227665708,0,0.0198117493038606,0,130.216227665708,0.0198117493038606,0.0198117493038606,0.0198117493038606,0.0277236387216602
9.87654480749694,0,-0.0946232449189078,0,9.87654480749694,-0.0946232449189078,-0.0946232449189078,-0.0946232449189078,0.0836731049469832
15.7641037476623,0,0.0452974152246685,0,15.7641037476623,0.0452974152246685,0.0452974152246685,0.0452974152246685,0.0222639606786319
14.6925462604222,0,-0.00458452472707301,0,14.6925462604222,-0.00458452472707301,-0.00458452472707301,-0.00458452472707301,0.0444254697733256
7.79044115240101,0,0.0350532910010923,0,7.79044115240101,0.0350532910010923,0.0350532910010923,0.0350532910010923,0.0585754206769742
8.10146185701589,0,0.0427555806686441,0,8.10146185701589,0.0427555806686441,0.0427555806686441,0.0427555806686441,0.0518433181255775
11.2420027298881,0,-0.0660500012093723,0,11.2420027298881,-0.0660500012093723,-0.0660500012093723,-0.0660500012093723,0.0384705888979592
27.9381463268887,0,-0.0196646199066465,0,27.9381463268887,-0.0196646199066465,-0.0196646199066465,-0.0196646199066465,0.0266030945529787
28.4056044215739,0,-0.0234835133541325,0,28.4056044215739,-0.0234835133541325,-0.0234835133541325,-0.0234835133541325,0.0460235649191708
9.44659083119766,0,-0.0979355343768668,0,9.44659083119766,-0.0979355343768668,-0.0979355343768668,-0.0979355343768668,0.106984919191722
10.6319539160187,0,0.00587821668928426,0,10.6319539160187,0.00587821668928426,0.00587821668928426,0.00587821668928426,0.0434639030773943
23.722803858762,0,0.00435490338959432,0,23.722803858762,0.00435490338959432,0.00435490338959432,0.00435490338959432,0.0172785731987079
NA,NA,NA,NA,NA,NA,NA,NA,NA
14.5501339822123,0,-0.0241508994853178,0,14.5501339822123,-0.0241508994853178,-0.0241508994853178,-0.0241508994853178,0.0112761190742462
6.82559417888738,0,-0.0208488602109932,0,6.82559417888738,-0.0208488602109932,-0.0208488602109932,-0.0208488602109932,0.0626238731585564
7.10118523761685,0,-0.0285278978712163,0,7.10118523761685,-0.0285278978712163,-0.0285278978712163,-0.0285278978712163,0.0595492352872805
8.39406695268219,0,0.0167837864563465,0,8.39406695268219,0.0167837864563465,0.0167837864563465,0.0167837864563465,0.0322473662392579
15.3813680380744,0,-0.0235768509494856,0,15.3813680380744,-0.0235768509494856,-0.0235768509494856,-0.0235768509494856,0.0385600790656454
10.9419857642508,0,-0.0876235523401562,0,10.9419857642508,-0.0876235523401562,-0.0876235523401562,-0.0876235523401562,0.0336377588977628
9.567453602661,0,-0.0130573193727359,0,9.567453602661,-0.0130573193727359,-0.0130573193727359,-0.0130573193727359,0.0264340771076804
9.56764954052794,0,-0.00578932875863998,0,9.56764954052794,-0.00578932875863998,-0.00578932875863998,-0.00578932875863998,0.0288617279537588
9.58796747981615,0,0.00725905880614161,0,9.58796747981615,0.00725905880614161,0.00725905880614161,0.00725905880614161,0.0422687684348916
15.1454884083029,0,0.0687427351592194,0,15.1454884083029,0.0687427351592194,0.0687427351592194,0.0687427351592194,0.0334809714396658
9.03381024943225,0,-0.0258591277728825,0,9.03381024943225,-0.0258591277728825,-0.0258591277728825,-0.0258591277728825,0.0210013285642308
14.8412385484711,0,0.00805813747067324,0,14.8412385484711,0.00805813747067324,0.00805813747067324,0.00805813747067324,0.0331399934197975
10.6567948708008,0,0.0203455428827325,0,10.6567948708008,0.0203455428827325,0.0203455428827325,0.0203455428827325,0.0367174068081082
15.83958844307,0,0.0399832495665445,0,15.83958844307,0.0399832495665445,0.0399832495665445,0.0399832495665445,0.0130470310288665
17.7014293147066,0,0.0234372077444364,0,17.7014293147066,0.0234372077444364,0.0234372077444364,0.0234372077444364,0.0323786122878216
16.016217440795,0,-0.00369944404825601,0,16.016217440795,-0.00369944404825601,-0.00369944404825601,-0.00369944404825601,0.0376637682579198
6.35958088046694,0,-0.0328185793493547,0,6.35958088046694,-0.0328185793493547,-0.0328185793493547,-0.0328185793493547,0.0520581686434144
7.84913150076159,0,0.0206892300368871,0,7.84913150076159,0.0206892300368871,0.0206892300368871,0.0206892300368871,0.0125920499284639
11.3110693140974,0,0.00982781565554414,0,11.3110693140974,0.00982781565554414,0.00982781565554414,0.00982781565554414,0.0152975413868066
19.3344521561619,0,-0.0178892890128142,0,19.3344521561619,-0.0178892890128142,-0.0178892890128142,-0.0178892890128142,0.0322365626104049
12.3671082351961,0,0.0210231372322994,0,12.3671082351961,0.0210231372322994,0.0210231372322994,0.0210231372322994,0.0160828742749283
12.3654554745313,0,-0.0686880413546458,0,12.3654554745313,-0.0686880413546458,-0.0686880413546458,-0.0686880413546458,0.0513325050706189
19.2556223171704,0,0.0285945738844167,0,19.2556223171704,0.0285945738844167,0.0285945738844167,0.0285945738844167,0.0139726523520546
34.7312424253189,0,0.00360906084633839,0,34.7312424253189,0.00360906084633839,0.00360906084633839,0.00360906084633839,0.017575833019559
54.7209102152747,0,0.0196726221291343,0,54.7209102152747,0.0196726221291343,0.0196726221291343,0.0196726221291343,0.0109274670854921
10.3775310816429,0,0.101658959703851,0,10.3775310816429,0.101658959703851,0.101658959703851,0.101658959703851,0.0398037227196641
13.7692792179168,0,0.045315959795906,0,13.7692792179168,0.045315959795906,0.045315959795906,0.045315959795906,0.0576659331255503
11.7030101268542,0,0.0664031592294417,0,11.7030101268542,0.0664031592294417,0.0664031592294417,0.0664031592294417,0.0318702419669784
7.36539602284415,0,-0.0247872150245361,0,7.36539602284415,-0.0247872150245361,-0.0247872150245361,-0.0247872150245361,0.114121672795408
9.34902839864339,0,-0.0319037471830898,0,9.34902839864339,-0.0319037471830898,-0.0319037471830898,-0.0319037471830898,0.0353702402159913
10.3934503295043,0,0.0619972167608137,0,10.3934503295043,0.0619972167608137,0.0619972167608137,0.0619972167608137,0.0947975137929517
11.8155784180346,0,0.132399483418963,0,11.8155784180346,0.132399483418963,0.132399483418963,0.132399483418963,0.0684128055131695
10.8363107906744,0,-0.028098390818107,0,10.8363107906744,-0.028098390818107,-0.028098390818107,-0.028098390818107,0.071926050301895
11.7003583105711,0,-0.00186774348468509,0,11.7003583105711,-0.00186774348468509,-0.00186774348468509,-0.00186774348468509,0.00589871207554302
14.1717804897526,0,0.027255899623745,0,14.1717804897526,0.027255899623745,0.027255899623745,0.027255899623745,0.0438772018708798
10.4916049522311,0,0.0132463173032987,0,10.4916049522311,0.0132463173032987,0.0132463173032987,0.0132463173032987,0.0267192917518445
12.491172371433,0,0.00616174807970621,0,12.491172371433,0.00616174807970621,0.00616174807970621,0.00616174807970621,0.0405245193389735
22.4190143092695,0,-0.000161199703742028,0,22.4190143092695,-0.000161199703742028,-0.000161199703742028,-0.000161199703742028,0.0167230245622351
23.3384346785706,0,0.0173424537425691,0,23.3384346785706,0.0173424537425691,0.0173424537425691,0.0173424537425691,0.0189266195413323
21.0471310356801,0,0.0617673658141888,0,21.0471310356801,0.0617673658141888,0.0617673658141888,0.0617673658141888,0.047052745863464
18.868464140174,0,-0.0601138815581494,0,18.868464140174,-0.0601138815581494,-0.0601138815581494,-0.0601138815581494,0.0841243606959225
130.216227665708,0,0.0198117493038606,0,130.216227665708,0.0198117493038606,0.0198117493038606,0.0198117493038606,0.0277236387216602
9.87654480749694,0,-0.0946232449189078,0,9.87654480749694,-0.0946232449189078,-0.0946232449189078,-0.0946232449189078,0.0836731049469832
15.7641037476623,0,0.0452974152246685,0,15.7641037476623,0.0452974152246685,0.0452974152246685,0.0452974152246685,0.0222639606786319
14.6925462604222,0,-0.00458452472707301,0,14.6925462604222,-0.00458452472707301,-0.00458452472707301,-0.00458452472707301,0.0444254697733256
7.79044115240101,0,0.0350532910010923,0,7.79044115240101,0.0350532910010923,0.0350532910010923,0.0350532910010923,0.0585754206769742
8.10146185701589,0,0.0427555806686441,0,8.10146185701589,0.0427555806686441,0.0427555806686441,0.0427555806686441,0.0518433181255775
11.2420027298881,0,-0.0660500012093723,0,11.2420027298881,-0.0660500012093723,-0.0660500012093723,-0.0660500012093723,0.0384705888979592
27.9381463268887,0,-0.0196646199066465,0,27.9381463268887,-0.0196646199066465,-0.0196646199066465,-0.0196646199066465,0.0266030945529787
28.4056044215739,0,-0.0234835133541325,0,28.4056044215739,-0.0234835133541325,-0.0234835133541325,-0.0234835133541325,0.0460235649191708
9.44659083119766,0,-0.0979355343768668,0,9.44659083119766,-0.0979355343768668,-0.0979355343768668,-0.0979355343768668,0.106984919191722
10.6319539160187,0,0.00587821668928426,0,10.6319539160187,0.00587821668928426,0.00587821668928426,0.00587821668928426,0.0434639030773943
23.722803858762,0,0.00435490338959432,0,23.722803858762,0.00435490338959432,0.00435490338959432,0.00435490338959432,0.0172785731987079
NA,NA,NA,NA,NA,NA,NA,NA,NA
14.5501339822123,0,-0.0241508994853178,0,14.5501339822123,-0.0241508994853178,-0.0241508994853178,-0.0241508994853178,0.0112761190742462
6.82559417888738,0,-0.0208488602109932,0,6.82559417888738,-0.0208488602109932,-0.0208488602109932,-0.0208488602109932,0.0626238731585564
7.10118523761685,0,-0.0285278978712163,0,7.10118523761685,-0.0285278978712163,-0.0285278978712163,-0.0285278978712163,0.0595492352872805
8.39406695268219,0,0.0167837864563465,0,8.39406695268219,0.0167837864563465,0.0167837864563465,0.0167837864563465,0.0322473662392579
15.3813680380744,0,-0.0235768509494856,0,15.3813680380744,-0.0235768509494856,-0.0235768509494856,-0.0235768509494856,0.0385600790656454
10.9419857642508,0,-0.0876235523401562,0,10.9419857642508,-0.0876235523401562,-0.0876235523401562,-0.0876235523401562,0.0336377588977628
9.567453602661,0,-0.0130573193727359,0,9.567453602661,-0.0130573193727359,-0.0130573193727359,-0.0130573193727359,0.0264340771076804
9.56764954052794,0,-0.00578932875863998,0,9.56764954052794,-0.00578932875863998,-0.00578932875863998,-0.00578932875863998,0.0288617279537588
9.58796747981615,0,0.00725905880614161,0,9.58796747981615,0.00725905880614161,0.00725905880614161,0.00725905880614161,0.0422687684348916
15.1454884083029,0,0.0687427351592194,0,15.1454884083029,0.0687427351592194,0.0687427351592194,0.0687427351592194,0.0334809714396658
9.03381024943225,0,-0.0258591277728825,0,9.03381024943225,-0.0258591277728825,-0.0258591277728825,-0.0258591277728825,0.0210013285642308
14.8412385484711,0,0.00805813747067324,0,14.8412385484711,0.00805813747067324,0.00805813747067324,0.00805813747067324,0.0331399934197975
10.6567948708008,0,0.0203455428827325,0,10.6567948708008,0.0203455428827325,0.0203455428827325,0.0203455428827325,0.0367174068081082
15.83958844307,0,0.0399832495665445,0,15.83958844307,0.0399832495665445,0.0399832495665445,0.0399832495665445,0.0130470310288665
17.7014293147066,0,0.0234372077444364,0,17.7014293147066,0.0234372077444364,0.0234372077444364,0.0234372077444364,0.0323786122878216
16.016217440795,0,-0.00369944404825601,0,16.016217440795,-0.00369944404825601,-0.00369944404825601,-0.00369944404825601,0.0376637682579198
6.35958088046694,0,-0.0328185793493547,0,6.35958088046694,-0.0328185793493547,-0.0328185793493547,-0.0328185793493547,0.0520581686434144
7.84913150076159,0,0.0206892300368871,0,7.84913150076159,0.0206892300368871,0.0206892300368871,0.0206892300368871,0.0125920499284639
11.3110693140974,0,0.00982781565554414,0,11.3110693140974,0.00982781565554414,0.00982781565554414,0.00982781565554414,0.0152975413868066
19.3344521561619,0,-0.0178892890128142,0,19.3344521561619,-0.0178892890128142,-0.0178892890128142,-0.0178892890128142,0.0322365626104049
12.3671082351961,0,0.0210231372322994,0,12.3671082351961,0.0210231372322994,0.0210231372322994,0.0210231372322994,0.0160828742749283
12.3654554745313,0,-0.0686880413546458,0,12.3654554745313,-0.0686880413546458,-0.0686880413546458,-0.0686880413546458,0.0513325050706189
19.2556223171704,0,0.0285945738844167,0,19.2556223171704,0.0285945738844167,0.0285945738844167,0.0285945738844167,0.0139726523520546
34.7312424253189,0,0.00360906084633839,0,34.7312424253189,0.00360906084633839,0.00360906084633839,0.00360906084633839,0.017575833019559
54.7209102152747,0,0.0196726221291343,0,54.7209102152747,0.0196726221291343,0.0196726221291343,0.0196726221291343,0.0109274670854921
10.3775310816429,0,0.101658959703851,0,10.3775310816429,0.101658959703851,0.101658959703851,0.101658959703851,0.0398037227196641
13.7692792179168,0,0.045315959795906,0,13.7692792179168,0.045315959795906,0.045315959795906,0.045315959795906,0.0576659331255503
11.7030101268542,0,0.0664031592294417,0,11.7030101268542,0.0664031592294417,0.0664031592294417,0.0664031592294417,0.0318702419669784
7.36539602284415,0,-0.0247872150245361,0,7.36539602284415,-0.0247872150245361,-0.0247872150245361,-0.0247872150245361,0.114121672795408
9.34902839864339,0,-0.0319037471830898,0,9.34902839864339,-0.0319037471830898,-0.0319037471830898,-0.0319037471830898,0.0353702402159913
10.3934503295043,0,0.0619972167608137,0,10.3934503295043,0.0619972167608137,0.0619972167608137,0.0619972167608137,0.0947975137929517
11.8155784180346,0,0.132399483418963,0,11.8155784180346,0.132399483418963,0.132399483418963,0.132399483418963,0.0684128055131695
10.8363107906744,0,-0.028098390818107,0,10.8363107906744,-0.028098390818107,-0.028098390818107,-0.028098390818107,0.071926050301895
11.7003583105711,0,-0.00186774348468509,0,11.7003583105711,-0.00186774348468509,-0.00186774348468509,-0.00186774348468509,0.00589871207554302
14.1717804897526,0,0.027255899623745,0,14.1717804897526,0.027255899623745,0.027255899623745,0.027255899623745,0.0438772018708798
10.4916049522311,0,0.0132463173032987,0,10.4916049522311,0.0132463173032987,0.0132463173032987,0.0132463173032987,0.0267192917518445
12.491172371433,0,0.00616174807970621,0,12.491172371433,0.00616174807970621,0.00616174807970621,0.00616174807970621,0.0405245193389735
22.4190143092695,0,-0.000161199703742028,0,22.4190143092695,-0.000161199703742028,-0.000161199703742028,-0.000161199703742028,0.0167230245622351
23.3384346785706,0,0.0173424537425691,0,23.3384346785706,0.0173424537425691,0.0173424537425691,0.0173424537425691,0.0189266195413323
21.0471310356801,0,0.0617673658141888,0,21.0471310356801,0.0617673658141888,0.0617673658141888,0.0617673658141888,0.047052745863464
18.868464140174,0,-0.0601138815581494,0,18.868464140174,-0.0601138815581494,-0.0601138815581494,-0.0601138815581494,0.0841243606959225
130.216227665708,0,0.0198117493038606,0,130.216227665708,0.0198117493038606,0.0198117493038606,0.0198117493038606,0.0277236387216602
9.87654480749694,0,-0.0946232449189078,0,9.87654480749694,-0.0946232449189078,-0.0946232449189078,-0.0946232449189078,0.0836731049469832
15.7641037476623,0,0.0452974152246685,0,15.7641037476623,0.0452974152246685,0.0452974152246685,0.0452974152246685,0.0222639606786319
14.6925462604222,0,-0.00458452472707301,0,14.6925462604222,-0.00458452472707301,-0.00458452472707301,-0.00458452472707301,0.0444254697733256
7.79044115240101,0,0.0350532910010923,0,7.79044115240101,0.0350532910010923,0.0350532910010923,0.0350532910010923,0.0585754206769742
8.10146185701589,0,0.0427555806686441,0,8.10146185701589,0.0427555806686441,0.0427555806686441,0.0427555806686441,0.0518433181255775
11.2420027298881,0,-0.0660500012093723,0,11.2420027298881,-0.0660500012093723,-0.0660500012093723,-0.0660500012093723,0.0384705888979592
27.9381463268887,0,-0.0196646199066465,0,27.9381463268887,-0.0196646199066465,-0.0196646199066465,-0.0196646199066465,0.0266030945529787
28.4056044215739,0,-0.0234835133541325,0,28.4056044215739,-0.0234835133541325,-0.0234835133541325,-0.0234835133541325,0.0460235649191708
9.44659083119766,0,-0.0979355343768668,0,9.44659083119766,-0.0979355343768668,-0.0979355343768668,-0.0979355343768668,0.106984919191722
10.6319539160187,0,0.00587821668928426,0,10.6319539160187,0.00587821668928426,0.00587821668928426,0.00587821668928426,0.0434639030773943
23.722803858762,0,0.00435490338959432,0,23.722803858762,0.00435490338959432,0.00435490338959432,0.00435490338959432,0.0172785731987079
NA,NA,NA,NA,NA,NA,NA,NA,NA
14.5501339822123,0,-0.0241508994853178,0,14.5501339822123,-0.0241508994853178,-0.0241508994853178,-0.0241508994853178,0.0112761190742462
6.82559417888738,0,-0.0208488602109932,0,6.82559417888738,-0.0208488602109932,-0.0208488602109932,-0.0208488602109932,0.0626238731585564
7.10118523761685,0,-0.0285278978712163,0,7.10118523761685,-0.0285278978712163,-0.0285278978712163,-0.0285278978712163,0.0595492352872805
8.39406695268219,0,0.0167837864563465,0,8.39406695268219,0.0167837864563465,0.0167837864563465,0.0167837864563465,0.0322473662392579
15.3813680380744,0,-0.0235768509494856,0,15.3813680380744,-0.0235768509494856,-0.0235768509494856,-0.0235768509494856,0.0385600790656454
10.9419857642508,0,-0.0876235523401562,0,10.9419857642508,-0.0876235523401562,-0.0876235523401562,-0.0876235523401562,0.0336377588977628
9.567453602661,0,-0.0130573193727359,0,9.567453602661,-0.0130573193727359,-0.0130573193727359,-0.0130573193727359,0.0264340771076804
9.56764954052794,0,-0.00578932875863998,0,9.56764954052794,-0.00578932875863998,-0.00578932875863998,-0.00578932875863998,0.0288617279537588
9.58796747981615,0,0.00725905880614161,0,9.58796747981615,0.00725905880614161,0.00725905880614161,0.00725905880614161,0.0422687684348916
15.1454884083029,0,0.0687427351592194,0,15.1454884083029,0.0687427351592194,0.0687427351592194,0.0687427351592194,0.0334809714396658
9.03381024943225,0,-0.0258591277728825,0,9.03381024943225,-0.0258591277728825,-0.0258591277728825,-0.0258591277728825,0.0210013285642308
14.8412385484711,0,0.00805813747067324,0,14.8412385484711,0.00805813747067324,0.00805813747067324,0.00805813747067324,0.0331399934197975
10.6567948708008,0,0.0203455428827325,0,10.6567948708008,0.0203455428827325,0.0203455428827325,0.0203455428827325,0.0367174068081082
15.83958844307,0,0.0399832495665445,0,15.83958844307,0.0399832495665445,0.0399832495665445,0.0399832495665445,0.0130470310288665
17.7014293147066,0,0.0234372077444364,0,17.7014293147066,0.0234372077444364,0.0234372077444364,0.0234372077444364,0.0323786122878216
16.016217440795,0,-0.00369944404825601,0,16.016217440795,-0.00369944404825601,-0.00369944404825601,-0.00369944404825601,0.0376637682579198
6.35958088046694,0,-0.0328185793493547,0,6.35958088046694,-0.0328185793493547,-0.0328185793493547,-0.0328185793493547,0.0520581686434144
7.84913150076159,0,0.0206892300368871,0,7.84913150076159,0.0206892300368871,0.0206892300368871,0.0206892300368871,0.0125920499284639
11.3110693140974,0,0.00982781565554414,0,11.3110693140974,0.00982781565554414,0.00982781565554414,0.00982781565554414,0.0152975413868066
19.3344521561619,0,-0.0178892890128142,0,19.3344521561619,-0.0178892890128142,-0.0178892890128142,-0.0178892890128142,0.0322365626104049
12.3671082351961,0,0.0210231372322994,0,12.3671082351961,0.0210231372322994,0.0210231372322994,0.0210231372322994,0.0160828742749283
12.3654554745313,0,-0.0686880413546458,0,12.3654554745313,-0.0686880413546458,-0.0686880413546458,-0.0686880413546458,0.0513325050706189
19.2556223171704,0,0.0285945738844167,0,19.2556223171704,0.0285945738844167,0.0285945738844167,0.0285945738844167,0.0139726523520546
34.7312424253189,0,0.00360906084633839,0,34.7312424253189,0.00360906084633839,0.00360906084633839,0.00360906084633839,0.017575833019559
54.7209102152747,0,0.0196726221291343,0,54.7209102152747,0.0196726221291343,0.0196726221291343,0.0196726221291343,0.0109274670854921
10.3775310816429,0,0.101658959703851,0,10.3775310816429,0.101658959703851,0.101658959703851,0.101658959703851,0.0398037227196641
13.7692792179168,0,0.045315959795906,0,13.7692792179168,0.045315959795906,0.045315959795906,0.045315959795906,0.0576659331255503
11.7030101268542,0,0.0664031592294417,0,11.7030101268542,0.0664031592294417,0.0664031592294417,0.0664031592294417,0.0318702419669784
7.36539602284415,0,-0.0247872150245361,0,7.36539602284415,-0.0247872150245361,-0.0247872150245361,-0.0247872150245361,0.114121672795408
9.34902839864339,0,-0.0319037471830898,0,9.34902839864339,-0.0319037471830898,-0.0319037471830898,-0.0319037471830898,0.0353702402159913
10.3934503295043,0,0.0619972167608137,0,10.3934503295043,0.0619972167608137,0.0619972167608137,0.0619972167608137,0.0947975137929517
11.8155784180346,0,0.132399483418963,0,11.8155784180346,0.132399483418963,0.132399483418963,0.132399483418963,0.0684128055131695
10.8363107906744,0,-0.028098390818107,0,10.8363107906744,-0.028098390818107,-0.028098390818107,-0.028098390818107,0.071926050301895
11.7003583105711,0,-0.00186774348468509,0,11.7003583105711,-0.00186774348468509,-0.00186774348468509,-0.00186774348468509,0.00589871207554302
14.1717804897526,0,0.027255899623745,0,14.1717804897526,0.027255899623745,0.027255899623745,0.027255899623745,0.0438772018708798
10.4916049522311,0,0.0132463173032987,0,10.4916049522311,0.0132463173032987,0.0132463173032987,0.0132463173032987,0.0267192917518445
12.491172371433,0,0.00616174807970621,0,12.491172371433,0.00616174807970621,0.00616174807970621,0.00616174807970621,0.0405245193389735
22.4190143092695,0,-0.000161199703742028,0,22.4190143092695,-0.000161199703742028,-0.000161199703742028,-0.000161199703742028,0.0167230245622351
23.3384346785706,0,0.0173424537425691,0,23.3384346785706,0.0173424537425691,0.0173424537425691,0.0173424537425691,0.0189266195413323
21.0471310356801,0,0.0617673658141888,0,21.0471310356801,0.0617673658141888,0.0617673658141888,0.0617673658141888,0.047052745863464
18.868464140174,0,-0.0601138815581494,0,18.868464140174,-0.0601138815581494,-0.0601138815581494,-0.0601138815581494,0.0841243606959225
130.216227665708,0,0.0198117493038606,0,130.216227665708,0.0198117493038606,0.0198117493038606,0.0198117493038606,0.0277236387216602
9.87654480749694,0,-0.0946232449189078,0,9.87654480749694,-0.0946232449189078,-0.0946232449189078,-0.0946232449189078,0.0836731049469832
15.7641037476623,0,0.0452974152246685,0,15.7641037476623,0.0452974152246685,0.0452974152246685,0.0452974152246685,0.0222639606786319
14.6925462604222,0,-0.00458452472707301,0,14.6925462604222,-0.00458452472707301,-0.00458452472707301,-0.00458452472707301,0.0444254697733256
7.79044115240101,0,0.0350532910010923,0,7.79044115240101,0.0350532910010923,0.0350532910010923,0.0350532910010923,0.0585754206769742
8.10146185701589,0,0.0427555806686441,0,8.10146185701589,0.0427555806686441,0.0427555806686441,0.0427555806686441,0.0518433181255775
11.2420027298881,0,-0.0660500012093723,0,11.2420027298881,-0.0660500012093723,-0.0660500012093723,-0.0660500012093723,0.0384705888979592
27.9381463268887,0,-0.0196646199066465,0,27.9381463268887,-0.0196646199066465,-0.0196646199066465,-0.0196646199066465,0.0266030945529787
28.4056044215739,0,-0.0234835133541325,0,28.4056044215739,-0.0234835133541325,-0.0234835133541325,-0.0234835133541325,0.0460235649191708
9.44659083119766,0,-0.0979355343768668,0,9.44659083119766,-0.0979355343768668,-0.0979355343768668,-0.0979355343768668,0.106984919191722
10.6319539160187,0,0.00587821668928426,0,10.6319539160187,0.00587821668928426,0.00587821668928426,0.00587821668928426,0.0434639030773943
23.722803858762,0,0.00435490338959432,0,23.722803858762,0.00435490338959432,0.00435490338959432,0.00435490338959432,0.0172785731987079
NA,NA,NA,NA,NA,NA,NA,NA,NA
14.5501339822123,0,-0.0241508994853178,0,14.5501339822123,-0.0241508994853178,-0.0241508994853178,-0.0241508994853178,0.0112761190742462
6.82559417888738,0,-0.0208488602109932,0,6.82559417888738,-0.0208488602109932,-0.0208488602109932,-0.0208488602109932,0.0626238731585564
7.10118523761685,0,-0.0285278978712163,0,7.10118523761685,-0.0285278978712163,-0.0285278978712163,-0.0285278978712163,0.0595492352872805
8.39406695268219,0,0.0167837864563465,0,8.39406695268219,0.0167837864563465,0.0167837864563465,0.0167837864563465,0.0322473662392579
15.3813680380744,0,-0.0235768509494856,0,15.3813680380744,-0.0235768509494856,-0.0235768509494856,-0.0235768509494856,0.0385600790656454
10.9419857642508,0,-0.0876235523401562,0,10.9419857642508,-0.0876235523401562,-0.0876235523401562,-0.0876235523401562,0.0336377588977628
9.567453602661,0,-0.0130573193727359,0,9.567453602661,-0.0130573193727359,-0.0130573193727359,-0.0130573193727359,0.0264340771076804
9.56764954052794,0,-0.00578932875863998,0,9.56764954052794,-0.00578932875863998,-0.00578932875863998,-0.00578932875863998,0.0288617279537588
9.58796747981615,0,0.00725905880614161,0,9.58796747981615,0.00725905880614161,0.00725905880614161,0.00725905880614161,0.0422687684348916
15.1454884083029,0,0.0687427351592194,0,15.1454884083029,0.0687427351592194,0.0687427351592194,0.0687427351592194,0.0334809714396658
9.03381024943225,0,-0.0258591277728825,0,9.03381024943225,-0.0258591277728825,-0.0258591277728825,-0.0258591277728825,0.0210013285642308
14.8412385484711,0,0.00805813747067324,0,14.8412385484711,0.00805813747067324,0.00805813747067324,0.00805813747067324,0.0331399934197975
10.6567948708008,0,0.0203455428827325,0,10.6567948708008,0.0203455428827325,0.0203455428827325,0.0203455428827325,0.0367174068081082
15.83958844307,0,0.0399832495665445,0,15.83958844307,0.0399832495665445,0.0399832495665445,0.0399832495665445,0.0130470310288665
17.7014293147066,0,0.0234372077444364,0,17.7014293147066,0.0234372077444364,0.0234372077444364,0.0234372077444364,0.0323786122878216
16.016217440795,0,-0.00369944404825601,0,16.016217440795,-0.00369944404825601,-0.00369944404825601,-0.00369944404825601,0.0376637682579198
6.35958088046694,0,-0.0328185793493547,0,6.35958088046694,-0.0328185793493547,-0.0328185793493547,-0.0328185793493547,0.0520581686434144
7.84913150076159,0,0.0206892300368871,0,7.84913150076159,0.0206892300368871,0.0206892300368871,0.0206892300368871,0.0125920499284639
11.3110693140974,0,0.00982781565554414,0,11.3110693140974,0.00982781565554414,0.00982781565554414,0.00982781565554414,0.0152975413868066
19.3344521561619,0,-0.0178892890128142,0,19.3344521561619,-0.0178892890128142,-0.0178892890128142,-0.0178892890128142,0.0322365626104049
12.3671082351961,0,0.0210231372322994,0,12.3671082351961,0.0210231372322994,0.0210231372322994,0.0210231372322994,0.0160828742749283
12.3654554745313,0,-0.0686880413546458,0,12.3654554745313,-0.0686880413546458,-0.0686880413546458,-0.0686880413546458,0.0513325050706189
19.2556223171704,0,0.0285945738844167,0,19.2556223171704,0.0285945738844167,0.0285945738844167,0.0285945738844167,0.0139726523520546
34.7312424253189,0,0.00360906084633839,0,34.7312424253189,0.00360906084633839,0.00360906084633839,0.00360906084633839,0.017575833019559
54.7209102152747,0,0.0196726221291343,0,54.7209102152747,0.0196726221291343,0.0196726221291343,0.0196726221291343,0.0109274670854921
10.3775310816429,0,0.101658959703851,0,10.3775310816429,0.101658959703851,0.101658959703851,0.101658959703851,0.0398037227196641
13.7692792179168,0,0.045315959795906,0,13.7692792179168,0.045315959795906,0.045315959795906,0.045315959795906,0.0576659331255503
11.7030101268542,0,0.0664031592294417,0,11.7030101268542,0.0664031592294417,0.0664031592294417,0.0664031592294417,0.0318702419669784
7.36539602284415,0,-0.0247872150245361,0,7.36539602284415,-0.0247872150245361,-0.0247872150245361,-0.0247872150245361,0.114121672795408
9.34902839864339,0,-0.0319037471830898,0,9.34902839864339,-0.0319037471830898,-0.0319037471830898,-0.0319037471830898,0.0353702402159913
10.3934503295043,0,0.0619972167608137,0,10.3934503295043,0.0619972167608137,0.0619972167608137,0.0619972167608137,0.0947975137929517
11.8155784180346,0,0.132399483418963,0,11.8155784180346,0.132399483418963,0.132399483418963,0.132399483418963,0.0684128055131695
10.8363107906744,0,-0.028098390818107,0,10.8363107906744,-0.028098390818107,-0.028098390818107,-0.028098390818107,0.071926050301895
11.7003583105711,0,-0.00186774348468509,0,11.7003583105711,-0.00186774348468509,-0.00186774348468509,-0.00186774348468509,0.00589871207554302
14.1717804897526,0,0.027255899623745,0,14.1717804897526,0.027255899623745,0.027255899623745,0.027255899623745,0.0438772018708798
10.4916049522311,0,0.0132463173032987,0,10.4916049522311,0.0132463173032987,0.0132463173032987,0.0132463173032987,0.0267192917518445
12.491172371433,0,0.00616174807970621,0,12.491172371433,0.00616174807970621,0.00616174807970621,0.00616174807970621,0.0405245193389735
22.4190143092695,0,-0.000161199703742028,0,22.4190143092695,-0.000161199703742028,-0.000161199703742028,-0.000161199703742028,0.0167230245622351
23.3384346785706,0,0.0173424537425691,0,23.3384346785706,0.0173424537425691,0.0173424537425691,0.0173424537425691,0.0189266195413323
21.0471310356801,0,0.0617673658141888,0,21.0471310356801,0.0617673658141888,0.0617673658141888,0.0617673658141888,0.047052745863464
18.868464140174,0,-0.0601138815581494,0,18.868464140174,-0.0601138815581494,-0.0601138815581494,-0.0601138815581494,0.0841243606959225
130.216227665708,0,0.0198117493038606,0,130.216227665708,0.0198117493038606,0.0198117493038606,0.0198117493038606,0.0277236387216602
9.87654480749694,0,-0.0946232449189078,0,9.87654480749694,-0.0946232449189078,-0.0946232449189078,-0.0946232449189078,0.0836731049469832
15.7641037476623,0,0.0452974152246685,0,15.7641037476623,0.0452974152246685,0.0452974152246685,0.0452974152246685,0.0222639606786319
14.6925462604222,0,-0.00458452472707301,0,14.6925462604222,-0.00458452472707301,-0.00458452472707301,-0.00458452472707301,0.0444254697733256
7.79044115240101,0,0.0350532910010923,0,7.79044115240101,0.0350532910010923,0.0350532910010923,0.0350532910010923,0.0585754206769742
8.10146185701589,0,0.0427555806686441,0,8.10146185701589,0.0427555806686441,0.0427555806686441,0.0427555806686441,0.0518433181255775
11.2420027298881,0,-0.0660500012093723,0,11.2420027298881,-0.0660500012093723,-0.0660500012093723,-0.0660500012093723,0.0384705888979592
27.9381463268887,0,-0.0196646199066465,0,27.9381463268887,-0.0196646199066465,-0.0196646199066465,-0.0196646199066465,0.0266030945529787
28.4056044215739,0,-0.0234835133541325,0,28.4056044215739,-0.0234835133541325,-0.0234835133541325,-0.0234835133541325,0.0460235649191708
9.44659083119766,0,-0.0979355343768668,0,9.44659083119766,-0.0979355343768668,-0.0979355343768668,-0.0979355343768668,0.106984919191722
10.6319539160187,0,0.00587821668928426,0,10.6319539160187,0.00587821668928426,0.00587821668928426,0.00587821668928426,0.0434639030773943
23.722803858762,0,0.00435490338959432,0,23.722803858762,0.00435490338959432,0.00435490338959432,0.00435490338959432,0.0172785731987079
NA,NA,NA,NA,NA,NA,NA,NA,NA
14.5501339822123,0,-0.0241508994853178,0,14.5501339822123,-0.0241508994853178,-0.0241508994853178,-0.0241508994853178,0.0112761190742462
6.82559417888738,0,-0.0208488602109932,0,6.82559417888738,-0.0208488602109932,-0.0208488602109932,-0.0208488602109932,0.0626238731585564
7.10118523761685,0,-0.0285278978712163,0,7.10118523761685,-0.0285278978712163,-0.0285278978712163,-0.0285278978712163,0.0595492352872805
8.39406695268219,0,0.0167837864563465,0,8.39406695268219,0.0167837864563465,0.0167837864563465,0.0167837864563465,0.0322473662392579
15.3813680380744,0,-0.0235768509494856,0,15.3813680380744,-0.0235768509494856,-0.0235768509494856,-0.0235768509494856,0.0385600790656454
10.9419857642508,0,-0.0876235523401562,0,10.9419857642508,-0.0876235523401562,-0.0876235523401562,-0.0876235523401562,0.0336377588977628
9.567453602661,0,-0.0130573193727359,0,9.567453602661,-0.0130573193727359,-0.0130573193727359,-0.0130573193727359,0.0264340771076804
9.56764954052794,0,-0.00578932875863998,0,9.56764954052794,-0.00578932875863998,-0.00578932875863998,-0.00578932875863998,0.0288617279537588
9.58796747981615,0,0.00725905880614161,0,9.58796747981615,0.00725905880614161,0.00725905880614161,0.00725905880614161,0.0422687684348916
15.1454884083029,0,0.0687427351592194,0,15.1454884083029,0.0687427351592194,0.0687427351592194,0.0687427351592194,0.0334809714396658
9.03381024943225,0,-0.0258591277728825,0,9.03381024943225,-0.0258591277728825,-0.0258591277728825,-0.0258591277728825,0.0210013285642308
14.8412385484711,0,0.00805813747067324,0,14.8412385484711,0.00805813747067324,0.00805813747067324,0.00805813747067324,0.0331399934197975
10.6567948708008,0,0.0203455428827325,0,10.6567948708008,0.0203455428827325,0.0203455428827325,0.0203455428827325,0.0367174068081082
15.83958844307,0,0.0399832495665445,0,15.83958844307,0.0399832495665445,0.0399832495665445,0.0399832495665445,0.0130470310288665
17.7014293147066,0,0.0234372077444364,0,17.7014293147066,0.0234372077444364,0.0234372077444364,0.0234372077444364,0.0323786122878216
16.016217440795,0,-0.00369944404825601,0,16.016217440795,-0.00369944404825601,-0.00369944404825601,-0.00369944404825601,0.0376637682579198
6.35958088046694,0,-0.0328185793493547,0,6.35958088046694,-0.0328185793493547,-0.0328185793493547,-0.0328185793493547,0.0520581686434144
7.84913150076159,0,0.0206892300368871,0,7.84913150076159,0.0206892300368871,0.0206892300368871,0.0206892300368871,0.0125920499284639
11.3110693140974,0,0.00982781565554414,0,11.3110693140974,0.00982781565554414,0.00982781565554414,0.00982781565554414,0.0152975413868066
19.3344521561619,0,-0.0178892890128142,0,19.3344521561619,-0.0178892890128142,-0.0178892890128142,-0.0178892890128142,0.0322365626104049
12.3671082351961,0,0.0210231372322994,0,12.3671082351961,0.0210231372322994,0.0210231372322994,0.0210231372322994,0.0160828742749283
12.3654554745313,0,-0.0686880413546458,0,12.3654554745313,-0.0686880413546458,-0.0686880413546458,-0.0686880413546458,0.0513325050706189
19.2556223171704,0,0.0285945738844167,0,19.2556223171704,0.0285945738844167,0.0285945738844167,0.0285945738844167,0.0139726523520546
34.7312424253189,0,0.00360906084633839,0,34.7312424253189,0.00360906084633839,0.00360906084633839,0.00360906084633839,0.017575833019559
54.7209102152747,0,0.0196726221291343,0,54.7209102152747,0.0196726221291343,0.0196726221291343,0.0196726221291343,0.0109274670854921
10.3775310816429,0,0.101658959703851,0,10.3775310816429,0.101658959703851,0.101658959703851,0.101658959703851,0.0398037227196641
13.7692792179168,0,0.045315959795906,0,13.7692792179168,0.045315959795906,0.045315959795906,0.045315959795906,0.0576659331255503
11.7030101268542,0,0.0664031592294417,0,11.7030101268542,0.0664031592294417,0.0664031592294417,0.0664031592294417,0.0318702419669784
7.36539602284415,0,-0.0247872150245361,0,7.36539602284415,-0.0247872150245361,-0.0247872150245361,-0.0247872150245361,0.114121672795408
9.34902839864339,0,-0.0319037471830898,0,9.34902839864339,-0.0319037471830898,-0.0319037471830898,-0.0319037471830898,0.0353702402159913
10.3934503295043,0,0.0619972167608137,0,10.3934503295043,0.0619972167608137,0.0619972167608137,0.0619972167608137,0.0947975137929517
11.8155784180346,0,0.132399483418963,0,11.8155784180346,0.132399483418963,0.132399483418963,0.132399483418963,0.0684128055131695
10.8363107906744,0,-0.028098390818107,0,10.8363107906744,-0.028098390818107,-0.028098390818107,-0.028098390818107,0.071926050301895
11.7003583105711,0,-0.00186774348468509,0,11.7003583105711,-0.00186774348468509,-0.00186774348468509,-0.00186774348468509,0.00589871207554302
14.1717804897526,0,0.027255899623745,0,14.1717804897526,0.027255899623745,0.027255899623745,0.027255899623745,0.0438772018708798
10.4916049522311,0,0.0132463173032987,0,10.4916049522311,0.0132463173032987,0.0132463173032987,0.0132463173032987,0.0267192917518445
12.491172371433,0,0.00616174807970621,0,12.491172371433,0.00616174807970621,0.00616174807970621,0.00616174807970621,0.0405245193389735
22.4190143092695,0,-0.000161199703742028,0,22.4190143092695,-0.000161199703742028,-0.000161199703742028,-0.000161199703742028,0.0167230245622351
23.3384346785706,0,0.0173424537425691,0,23.3384346785706,0.0173424537425691,0.0173424537425691,0.0173424537425691,0.0189266195413323
21.0471310356801,0,0.0617673658141888,0,21.0471310356801,0.0617673658141888,0.0617673658141888,0.0617673658141888,0.047052745863464
18.868464140174,0,-0.0601138815581494,0,18.868464140174,-0.0601138815581494,-0.0601138815581494,-0.0601138815581494,0.0841243606959225
130.216227665708,0,0.0198117493038606,0,130.216227665708,0.0198117493038606,0.0198117493038606,0.0198117493038606,0.0277236387216602
9.87654480749694,0,-0.0946232449189078,0,9.87654480749694,-0.0946232449189078,-0.0946232449189078,-0.0946232449189078,0.0836731049469832
15.7641037476623,0,0.0452974152246685,0,15.7641037476623,0.0452974152246685,0.0452974152246685,0.0452974152246685,0.0222639606786319
14.6925462604222,0,-0.00458452472707301,0,14.6925462604222,-0.00458452472707301,-0.00458452472707301,-0.00458452472707301,0.0444254697733256
7.79044115240101,0,0.0350532910010923,0,7.79044115240101,0.0350532910010923,0.0350532910010923,0.0350532910010923,0.0585754206769742
8.10146185701589,0,0.0427555806686441,0,8.10146185701589,0.0427555806686441,0.0427555806686441,0.0427555806686441,0.0518433181255775
11.2420027298881,0,-0.0660500012093723,0,11.2420027298881,-0.0660500012093723,-0.0660500012093723,-0.0660500012093723,0.0384705888979592
27.9381463268887,0,-0.0196646199066465,0,27.9381463268887,-0.0196646199066465,-0.0196646199066465,-0.0196646199066465,0.0266030945529787
28.4056044215739,0,-0.0234835133541325,0,28.4056044215739,-0.0234835133541325,-0.0234835133541325,-0.0234835133541325,0.0460235649191708
9.44659083119766,0,-0.0979355343768668,0,9.44659083119766,-0.0979355343768668,-0.0979355343768668,-0.0979355343768668,0.106984919191722
10.6319539160187,0,0.00587821668928426,0,10.6319539160187,0.00587821668928426,0.00587821668928426,0.00587821668928426,0.0434639030773943
23.722803858762,0,0.00435490338959432,0,23.722803858762,0.00435490338959432,0.00435490338959432,0.00435490338959432,0.0172785731987079
NA,NA,NA,NA,NA,NA,NA,NA,NA
14.5501339822123,0,-0.0241508994853178,0,14.5501339822123,-0.0241508994853178,-0.0241508994853178,-0.0241508994853178,0.0112761190742462
6.82559417888738,0,-0.0208488602109932,0,6.82559417888738,-0.0208488602109932,-0.0208488602109932,-0.0208488602109932,0.0626238731585564
7.10118523761685,0,-0.0285278978712163,0,7.10118523761685,-0.0285278978712163,-0.0285278978712163,-0.0285278978712163,0.0595492352872805
8.39406695268219,0,0.0167837864563465,0,8.39406695268219,0.0167837864563465,0.0167837864563465,0.0167837864563465,0.0322473662392579
15.3813680380744,0,-0.0235768509494856,0,15.3813680380744,-0.0235768509494856,-0.0235768509494856,-0.0235768509494856,0.0385600790656454
10.9419857642508,0,-0.0876235523401562,0,10.9419857642508,-0.0876235523401562,-0.0876235523401562,-0.0876235523401562,0.0336377588977628
9.567453602661,0,-0.0130573193727359,0,9.567453602661,-0.0130573193727359,-0.0130573193727359,-0.0130573193727359,0.0264340771076804
9.56764954052794,0,-0.00578932875863998,0,9.56764954052794,-0.00578932875863998,-0.00578932875863998,-0.00578932875863998,0.0288617279537588
9.58796747981615,0,0.00725905880614161,0,9.58796747981615,0.00725905880614161,0.00725905880614161,0.00725905880614161,0.0422687684348916
15.1454884083029,0,0.0687427351592194,0,15.1454884083029,0.0687427351592194,0.0687427351592194,0.0687427351592194,0.0334809714396658
9.03381024943225,0,-0.0258591277728825,0,9.03381024943225,-0.0258591277728825,-0.0258591277728825,-0.0258591277728825,0.0210013285642308
14.8412385484711,0,0.00805813747067324,0,14.8412385484711,0.00805813747067324,0.00805813747067324,0.00805813747067324,0.0331399934197975
10.6567948708008,0,0.0203455428827325,0,10.6567948708008,0.0203455428827325,0.0203455428827325,0.0203455428827325,0.0367174068081082
15.83958844307,0,0.0399832495665445,0,15.83958844307,0.0399832495665445,0.0399832495665445,0.0399832495665445,0.0130470310288665
17.7014293147066,0,0.0234372077444364,0,17.7014293147066,0.0234372077444364,0.0234372077444364,0.0234372077444364,0.0323786122878216
16.016217440795,0,-0.00369944404825601,0,16.016217440795,-0.00369944404825601,-0.00369944404825601,-0.00369944404825601,0.0376637682579198
6.35958088046694,0,-0.0328185793493547,0,6.35958088046694,-0.0328185793493547,-0.0328185793493547,-0.0328185793493547,0.0520581686434144
7.84913150076159,0,0.0206892300368871,0,7.84913150076159,0.0206892300368871,0.0206892300368871,0.0206892300368871,0.0125920499284639
11.3110693140974,0,0.00982781565554414,0,11.3110693140974,0.00982781565554414,0.00982781565554414,0.00982781565554414,0.0152975413868066
19.3344521561619,0,-0.0178892890128142,0,19.3344521561619,-0.0178892890128142,-0.0178892890128142,-0.0178892890128142,0.0322365626104049
12.3671082351961,0,0.0210231372322994,0,12.3671082351961,0.0210231372322994,0.0210231372322994,0.0210231372322994,0.0160828742749283
12.3654554745313,0,-0.0686880413546458,0,12.3654554745313,-0.0686880413546458,-0.0686880413546458,-0.0686880413546458,0.0513325050706189
19.2556223171704,0,0.0285945738844167,0,19.2556223171704,0.0285945738844167,0.0285945738844167,0.0285945738844167,0.0139726523520546
34.7312424253189,0,0.00360906084633839,0,34.7312424253189,0.00360906084633839,0.00360906084633839,0.00360906084633839,0.017575833019559
54.7209102152747,0,0.0196726221291343,0,54.7209102152747,0.0196726221291343,0.0196726221291343,0.0196726221291343,0.0109274670854921
10.3775310816429,0,0.101658959703851,0,10.3775310816429,0.101658959703851,0.101658959703851,0.101658959703851,0.0398037227196641
13.7692792179168,0,0.045315959795906,0,13.7692792179168,0.045315959795906,0.045315959795906,0.045315959795906,0.0576659331255503
11.7030101268542,0,0.0664031592294417,0,11.7030101268542,0.0664031592294417,0.0664031592294417,0.0664031592294417,0.0318702419669784
7.36539602284415,0,-0.0247872150245361,0,7.36539602284415,-0.0247872150245361,-0.0247872150245361,-0.0247872150245361,0.114121672795408
9.34902839864339,0,-0.0319037471830898,0,9.34902839864339,-0.0319037471830898,-0.0319037471830898,-0.0319037471830898,0.0353702402159913
10.3934503295043,0,0.0619972167608137,0,10.3934503295043,0.0619972167608137,0.0619972167608137,0.0619972167608137,0.0947975137929517
11.8155784180346,0,0.132399483418963,0,11.8155784180346,0.132399483418963,0.132399483418963,0.132399483418963,0.0684128055131695
10.8363107906744,0,-0.028098390818107,0,10.8363107906744,-0.028098390818107,-0.028098390818107,-0.028098390818107,0.071926050301895
11.7003583105711,0,-0.00186774348468509,0,11.7003583105711,-0.00186774348468509,-0.00186774348468509,-0.00186774348468509,0.00589871207554302
14.1717804897526,0,0.027255899623745,0,14.1717804897526,0.027255899623745,0.027255899623745,0.027255899623745,0.0438772018708798
10.4916049522311,0,0.0132463173032987,0,10.4916049522311,0.0132463173032987,0.0132463173032987,0.0132463173032987,0.0267192917518445
12.491172371433,0,0.00616174807970621,0,12.491172371433,0.00616174807970621,0.00616174807970621,0.00616174807970621,0.0405245193389735
22.4190143092695,0,-0.000161199703742028,0,22.4190143092695,-0.000161199703742028,-0.000161199703742028,-0.000161199703742028,0.0167230245622351
23.3384346785706,0,0.0173424537425691,0,23.3384346785706,0.0173424537425691,0.0173424537425691,0.0173424537425691,0.0189266195413323
21.0471310356801,0,0.0617673658141888,0,21.0471310356801,0.0617673658141888,0.0617673658141888,0.0617673658141888,0.047052745863464
18.868464140174,0,-0.0601138815581494,0,18.868464140174,-0.0601138815581494,-0.0601138815581494,-0.0601138815581494,0.0841243606959225
130.216227665708,0,0.0198117493038606,0,130.216227665708,0.0198117493038606,0.0198117493038606,0.0198117493038606,0.0277236387216602
9.87654480749694,0,-0.0946232449189078,0,9.87654480749694,-0.0946232449189078,-0.0946232449189078,-0.0946232449189078,0.0836731049469832
15.7641037476623,0,0.0452974152246685,0,15.7641037476623,0.0452974152246685,0.0452974152246685,0.0452974152246685,0.0222639606786319
14.6925462604222,0,-0.00458452472707301,0,14.6925462604222,-0.00458452472707301,-0.00458452472707301,-0.00458452472707301,0.0444254697733256
7.79044115240101,0,0.0350532910010923,0,7.79044115240101,0.0350532910010923,0.0350532910010923,0.0350532910010923,0.0585754206769742
8.10146185701589,0,0.0427555806686441,0,8.10146185701589,0.0427555806686441,0.0427555806686441,0.0427555806686441,0.0518433181255775
11.2420027298881,0,-0.0660500012093723,0,11.2420027298881,-0.0660500012093723,-0.0660500012093723,-0.0660500012093723,0.0384705888979592
27.9381463268887,0,-0.0196646199066465,0,27.9381463268887,-0.0196646199066465,-0.0196646199066465,-0.0196646199066465,0.0266030945529787
28.4056044215739,0,-0.0234835133541325,0,28.4056044215739,-0.0234835133541325,-0.0234835133541325,-0.0234835133541325,0.0460235649191708
9.44659083119766,0,-0.0979355343768668,0,9.44659083119766,-0.0979355343768668,-0.0979355343768668,-0.0979355343768668,0.106984919191722
10.6319539160187,0,0.00587821668928426,0,10.6319539160187,0.00587821668928426,0.00587821668928426,0.00587821668928426,0.0434639030773943
23.722803858762,0,0.00435490338959432,0,23.722803858762,0.00435490338959432,0.00435490338959432,0.00435490338959432,0.0172785731987079
NA,NA,NA,NA,NA,NA,NA,NA,NA
14.5501339822123,0,-0.0241508994853178,0,14.5501339822123,-0.0241508994853178,-0.0241508994853178,-0.0241508994853178,0.0112761190742462
6.82559417888738,0,-0.0208488602109932,0,6.82559417888738,-0.0208488602109932,-0.0208488602109932,-0.0208488602109932,0.0626238731585564
7.10118523761685,0,-0.0285278978712163,0,7.10118523761685,-0.0285278978712163,-0.0285278978712163,-0.0285278978712163,0.0595492352872805
8.39406695268219,0,0.0167837864563465,0,8.39406695268219,0.0167837864563465,0.0167837864563465,0.0167837864563465,0.0322473662392579
15.3813680380744,0,-0.0235768509494856,0,15.3813680380744,-0.0235768509494856,-0.0235768509494856,-0.0235768509494856,0.0385600790656454
10.9419857642508,0,-0.0876235523401562,0,10.9419857642508,-0.0876235523401562,-0.0876235523401562,-0.0876235523401562,0.0336377588977628
9.567453602661,0,-0.0130573193727359,0,9.567453602661,-0.0130573193727359,-0.0130573193727359,-0.0130573193727359,0.0264340771076804
9.56764954052794,0,-0.00578932875863998,0,9.56764954052794,-0.00578932875863998,-0.00578932875863998,-0.00578932875863998,0.0288617279537588
9.58796747981615,0,0.00725905880614161,0,9.58796747981615,0.00725905880614161,0.00725905880614161,0.00725905880614161,0.0422687684348916
15.1454884083029,0,0.0687427351592194,0,15.1454884083029,0.0687427351592194,0.0687427351592194,0.0687427351592194,0.0334809714396658
9.03381024943225,0,-0.0258591277728825,0,9.03381024943225,-0.0258591277728825,-0.0258591277728825,-0.0258591277728825,0.0210013285642308
14.8412385484711,0,0.00805813747067324,0,14.8412385484711,0.00805813747067324,0.00805813747067324,0.00805813747067324,0.0331399934197975
10.6567948708008,0,0.0203455428827325,0,10.6567948708008,0.0203455428827325,0.0203455428827325,0.0203455428827325,0.0367174068081082
15.83958844307,0,0.0399832495665445,0,15.83958844307,0.0399832495665445,0.0399832495665445,0.0399832495665445,0.0130470310288665
17.7014293147066,0,0.0234372077444364,0,17.7014293147066,0.0234372077444364,0.0234372077444364,0.0234372077444364,0.0323786122878216
16.016217440795,0,-0.00369944404825601,0,16.016217440795,-0.00369944404825601,-0.00369944404825601,-0.00369944404825601,0.0376637682579198
6.35958088046694,0,-0.0328185793493547,0,6.35958088046694,-0.0328185793493547,-0.0328185793493547,-0.0328185793493547,0.0520581686434144
7.84913150076159,0,0.0206892300368871,0,7.84913150076159,0.0206892300368871,0.0206892300368871,0.0206892300368871,0.0125920499284639
11.3110693140974,0,0.00982781565554414,0,11.3110693140974,0.00982781565554414,0.00982781565554414,0.00982781565554414,0.0152975413868066
19.3344521561619,0,-0.0178892890128142,0,19.3344521561619,-0.0178892890128142,-0.0178892890128142,-0.0178892890128142,0.0322365626104049
12.3671082351961,0,0.0210231372322994,0,12.3671082351961,0.0210231372322994,0.0210231372322994,0.0210231372322994,0.0160828742749283
12.3654554745313,0,-0.0686880413546458,0,12.3654554745313,-0.0686880413546458,-0.0686880413546458,-0.0686880413546458,0.0513325050706189
19.2556223171704,0,0.0285945738844167,0,19.2556223171704,0.0285945738844167,0.0285945738844167,0.0285945738844167,0.0139726523520546
34.7312424253189,0,0.00360906084633839,0,34.7312424253189,0.00360906084633839,0.00360906084633839,0.00360906084633839,0.017575833019559
54.7209102152747,0,0.0196726221291343,0,54.7209102152747,0.0196726221291343,0.0196726221291343,0.0196726221291343,0.0109274670854921
10.3775310816429,0,0.101658959703851,0,10.3775310816429,0.101658959703851,0.101658959703851,0.101658959703851,0.0398037227196641
13.7692792179168,0,0.045315959795906,0,13.7692792179168,0.045315959795906,0.045315959795906,0.045315959795906,0.0576659331255503
11.7030101268542,0,0.0664031592294417,0,11.7030101268542,0.0664031592294417,0.0664031592294417,0.0664031592294417,0.0318702419669784
7.36539602284415,0,-0.0247872150245361,0,7.36539602284415,-0.0247872150245361,-0.0247872150245361,-0.0247872150245361,0.114121672795408
9.34902839864339,0,-0.0319037471830898,0,9.34902839864339,-0.0319037471830898,-0.0319037471830898,-0.0319037471830898,0.0353702402159913
10.3934503295043,0,0.0619972167608137,0,10.3934503295043,0.0619972167608137,0.0619972167608137,0.0619972167608137,0.0947975137929517
11.8155784180346,0,0.132399483418963,0,11.8155784180346,0.132399483418963,0.132399483418963,0.132399483418963,0.0684128055131695
10.8363107906744,0,-0.028098390818107,0,10.8363107906744,-0.028098390818107,-0.028098390818107,-0.028098390818107,0.071926050301895
11.7003583105711,0,-0.00186774348468509,0,11.7003583105711,-0.00186774348468509,-0.00186774348468509,-0.00186774348468509,0.00589871207554302
14.1717804897526,0,0.027255899623745,0,14.1717804897526,0.027255899623745,0.027255899623745,0.027255899623745,0.0438772018708798
10.4916049522311,0,0.0132463173032987,0,10.4916049522311,0.0132463173032987,0.0132463173032987,0.0132463173032987,0.0267192917518445
12.491172371433,0,0.00616174807970621,0,12.491172371433,0.00616174807970621,0.00616174807970621,0.00616174807970621,0.0405245193389735
22.4190143092695,0,-0.000161199703742028,0,22.4190143092695,-0.000161199703742028,-0.000161199703742028,-0.000161199703742028,0.0167230245622351
23.3384346785706,0,0.0173424537425691,0,23.3384346785706,0.0173424537425691,0.0173424537425691,0.0173424537425691,0.0189266195413323
21.0471310356801,0,0.0617673658141888,0,21.0471310356801,0.0617673658141888,0.0617673658141888,0.0617673658141888,0.047052745863464
18.868464140174,0,-0.0601138815581494,0,18.868464140174,-0.0601138815581494,-0.0601138815581494,-0.0601138815581494,0.0841243606959225
130.216227665708,0,0.0198117493038606,0,130.216227665708,0.0198117493038606,0.0198117493038606,0.0198117493038606,0.0277236387216602
9.87654480749694,0,-0.0946232449189078,0,9.87654480749694,-0.0946232449189078,-0.0946232449189078,-0.0946232449189078,0.0836731049469832
15.7641037476623,0,0.0452974152246685,0,15.7641037476623,0.0452974152246685,0.0452974152246685,0.0452974152246685,0.0222639606786319
14.6925462604222,0,-0.00458452472707301,0,14.6925462604222,-0.00458452472707301,-0.00458452472707301,-0.00458452472707301,0.0444254697733256
7.79044115240101,0,0.0350532910010923,0,7.79044115240101,0.0350532910010923,0.0350532910010923,0.0350532910010923,0.0585754206769742
8.10146185701589,0,0.0427555806686441,0,8.10146185701589,0.0427555806686441,0.0427555806686441,0.0427555806686441,0.0518433181255775
11.2420027298881,0,-0.0660500012093723,0,11.2420027298881,-0.0660500012093723,-0.0660500012093723,-0.0660500012093723,0.0384705888979592
27.9381463268887,0,-0.0196646199066465,0,27.9381463268887,-0.0196646199066465,-0.0196646199066465,-0.0196646199066465,0.0266030945529787
28.4056044215739,0,-0.0234835133541325,0,28.4056044215739,-0.0234835133541325,-0.0234835133541325,-0.0234835133541325,0.0460235649191708
9.44659083119766,0,-0.0979355343768668,0,9.44659083119766,-0.0979355343768668,-0.0979355343768668,-0.0979355343768668,0.106984919191722
10.6319539160187,0,0.00587821668928426,0,10.6319539160187,0.00587821668928426,0.00587821668928426,0.00587821668928426,0.0434639030773943
23.722803858762,0,0.00435490338959432,0,23.722803858762,0.00435490338959432,0.00435490338959432,0.00435490338959432,0.0172785731987079
NA,NA,NA,NA,NA,NA,NA,NA,NA
14.5501339822123,0,-0.0241508994853178,0,14.5501339822123,-0.0241508994853178,-0.0241508994853178,-0.0241508994853178,0.0112761190742462
6.82559417888738,0,-0.0208488602109932,0,6.82559417888738,-0.0208488602109932,-0.0208488602109932,-0.0208488602109932,0.0626238731585564
7.10118523761685,0,-0.0285278978712163,0,7.10118523761685,-0.0285278978712163,-0.0285278978712163,-0.0285278978712163,0.0595492352872805
8.39406695268219,0,0.0167837864563465,0,8.39406695268219,0.0167837864563465,0.0167837864563465,0.0167837864563465,0.0322473662392579
15.3813680380744,0,-0.0235768509494856,0,15.3813680380744,-0.0235768509494856,-0.0235768509494856,-0.0235768509494856,0.0385600790656454
10.9419857642508,0,-0.0876235523401562,0,10.9419857642508,-0.0876235523401562,-0.0876235523401562,-0.0876235523401562,0.0336377588977628
9.567453602661,0,-0.0130573193727359,0,9.567453602661,-0.0130573193727359,-0.0130573193727359,-0.0130573193727359,0.0264340771076804
9.56764954052794,0,-0.00578932875863998,0,9.56764954052794,-0.00578932875863998,-0.00578932875863998,-0.00578932875863998,0.0288617279537588
9.58796747981615,0,0.00725905880614161,0,9.58796747981615,0.00725905880614161,0.00725905880614161,0.00725905880614161,0.0422687684348916
15.1454884083029,0,0.0687427351592194,0,15.1454884083029,0.0687427351592194,0.0687427351592194,0.0687427351592194,0.0334809714396658
9.03381024943225,0,-0.0258591277728825,0,9.03381024943225,-0.0258591277728825,-0.0258591277728825,-0.0258591277728825,0.0210013285642308
14.8412385484711,0,0.00805813747067324,0,14.8412385484711,0.00805813747067324,0.00805813747067324,0.00805813747067324,0.0331399934197975
10.6567948708008,0,0.0203455428827325,0,10.6567948708008,0.0203455428827325,0.0203455428827325,0.0203455428827325,0.0367174068081082
15.83958844307,0,0.0399832495665445,0,15.83958844307,0.0399832495665445,0.0399832495665445,0.0399832495665445,0.0130470310288665
17.7014293147066,0,0.0234372077444364,0,17.7014293147066,0.0234372077444364,0.0234372077444364,0.0234372077444364,0.0323786122878216
16.016217440795,0,-0.00369944404825601,0,16.016217440795,-0.00369944404825601,-0.00369944404825601,-0.00369944404825601,0.0376637682579198
6.35958088046694,0,-0.0328185793493547,0,6.35958088046694,-0.0328185793493547,-0.0328185793493547,-0.0328185793493547,0.0520581686434144
7.84913150076159,0,0.0206892300368871,0,7.84913150076159,0.0206892300368871,0.0206892300368871,0.0206892300368871,0.0125920499284639
11.3110693140974,0,0.00982781565554414,0,11.3110693140974,0.00982781565554414,0.00982781565554414,0.00982781565554414,0.0152975413868066
19.3344521561619,0,-0.0178892890128142,0,19.3344521561619,-0.0178892890128142,-0.0178892890128142,-0.0178892890128142,0.0322365626104049
12.3671082351961,0,0.0210231372322994,0,12.3671082351961,0.0210231372322994,0.0210231372322994,0.0210231372322994,0.0160828742749283
12.3654554745313,0,-0.0686880413546458,0,12.3654554745313,-0.0686880413546458,-0.0686880413546458,-0.0686880413546458,0.0513325050706189
19.2556223171704,0,0.0285945738844167,0,19.2556223171704,0.0285945738844167,0.0285945738844167,0.0285945738844167,0.0139726523520546
34.7312424253189,0,0.00360906084633839,0,34.7312424253189,0.00360906084633839,0.00360906084633839,0.00360906084633839,0.017575833019559
54.7209102152747,0,0.0196726221291343,0,54.7209102152747,0.0196726221291343,0.0196726221291343,0.0196726221291343,0.0109274670854921
10.3775310816429,0,0.101658959703851,0,10.3775310816429,0.101658959703851,0.101658959703851,0.101658959703851,0.0398037227196641
13.7692792179168,0,0.045315959795906,0,13.7692792179168,0.045315959795906,0.045315959795906,0.045315959795906,0.0576659331255503
11.7030101268542,0,0.0664031592294417,0,11.7030101268542,0.0664031592294417,0.0664031592294417,0.0664031592294417,0.0318702419669784
7.36539602284415,0,-0.0247872150245361,0,7.36539602284415,-0.0247872150245361,-0.0247872150245361,-0.0247872150245361,0.114121672795408
9.34902839864339,0,-0.0319037471830898,0,9.34902839864339,-0.0319037471830898,-0.0319037471830898,-0.0319037471830898,0.0353702402159913
10.3934503295043,0,0.0619972167608137,0,10.3934503295043,0.0619972167608137,0.0619972167608137,0.0619972167608137,0.0947975137929517
11.8155784180346,0,0.132399483418963,0,11.8155784180346,0.132399483418963,0.132399483418963,0.132399483418963,0.0684128055131695
10.8363107906744,0,-0.028098390818107,0,10.8363107906744,-0.028098390818107,-0.028098390818107,-0.028098390818107,0.071926050301895
11.7003583105711,0,-0.00186774348468509,0,11.7003583105711,-0.00186774348468509,-0.00186774348468509,-0.00186774348468509,0.00589871207554302
14.1717804897526,0,0.027255899623745,0,14.1717804897526,0.027255899623745,0.027255899623745,0.027255899623745,0.0438772018708798
10.4916049522311,0,0.0132463173032987,0,10.4916049522311,0.0132463173032987,0.0132463173032987,0.0132463173032987,0.0267192917518445
12.491172371433,0,0.00616174807970621,0,12.491172371433,0.00616174807970621,0.00616174807970621,0.00616174807970621,0.0405245193389735
22.4190143092695,0,-0.000161199703742028,0,22.4190143092695,-0.000161199703742028,-0.000161199703742028,-0.000161199703742028,0.0167230245622351
23.3384346785706,0,0.0173424537425691,0,23.3384346785706,0.0173424537425691,0.0173424537425691,0.0173424537425691,0.0189266195413323
21.0471310356801,0,0.0617673658141888,0,21.0471310356801,0.0617673658141888,0.0617673658141888,0.0617673658141888,0.047052745863464
18.868464140174,0,-0.0601138815581494,0,18.868464140174,-0.0601138815581494,-0.0601138815581494,-0.0601138815581494,0.0841243606959225
130.216227665708,0,0.0198117493038606,0,130.216227665708,0.0198117493038606,0.0198117493038606,0.0198117493038606,0.0277236387216602
9.87654480749694,0,-0.0946232449189078,0,9.87654480749694,-0.0946232449189078,-0.0946232449189078,-0.0946232449189078,0.0836731049469832
15.7641037476623,0,0.0452974152246685,0,15.7641037476623,0.0452974152246685,0.0452974152246685,0.0452974152246685,0.0222639606786319
14.6925462604222,0,-0.00458452472707301,0,14.6925462604222,-0.00458452472707301,-0.00458452472707301,-0.00458452472707301,0.0444254697733256
7.79044115240101,0,0.0350532910010923,0,7.79044115240101,0.0350532910010923,0.0350532910010923,0.0350532910010923,0.0585754206769742
8.10146185701589,0,0.0427555806686441,0,8.10146185701589,0.0427555806686441,0.0427555806686441,0.0427555806686441,0.0518433181255775
11.2420027298881,0,-0.0660500012093723,0,11.2420027298881,-0.0660500012093723,-0.0660500012093723,-0.0660500012093723,0.0384705888979592
27.9381463268887,0,-0.0196646199066465,0,27.9381463268887,-0.0196646199066465,-0.0196646199066465,-0.0196646199066465,0.0266030945529787
28.4056044215739,0,-0.0234835133541325,0,28.4056044215739,-0.0234835133541325,-0.0234835133541325,-0.0234835133541325,0.0460235649191708
9.44659083119766,0,-0.0979355343768668,0,9.44659083119766,-0.0979355343768668,-0.0979355343768668,-0.0979355343768668,0.106984919191722
10.6319539160187,0,0.00587821668928426,0,10.6319539160187,0.00587821668928426,0.00587821668928426,0.00587821668928426,0.0434639030773943
23.722803858762,0,0.00435490338959432,0,23.722803858762,0.00435490338959432,0.00435490338959432,0.00435490338959432,0.0172785731987079
NA,NA,NA,NA,NA,NA,NA,NA,NA
14.5501339822123,0,-0.0241508994853178,0,14.5501339822123,-0.0241508994853178,-0.0241508994853178,-0.0241508994853178,0.0112761190742462
6.82559417888738,0,-0.0208488602109932,0,6.82559417888738,-0.0208488602109932,-0.0208488602109932,-0.0208488602109932,0.0626238731585564
7.10118523761685,0,-0.0285278978712163,0,7.10118523761685,-0.0285278978712163,-0.0285278978712163,-0.0285278978712163,0.0595492352872805
8.39406695268219,0,0.0167837864563465,0,8.39406695268219,0.0167837864563465,0.0167837864563465,0.0167837864563465,0.0322473662392579
15.3813680380744,0,-0.0235768509494856,0,15.3813680380744,-0.0235768509494856,-0.0235768509494856,-0.0235768509494856,0.0385600790656454
10.9419857642508,0,-0.0876235523401562,0,10.9419857642508,-0.0876235523401562,-0.0876235523401562,-0.0876235523401562,0.0336377588977628
9.567453602661,0,-0.0130573193727359,0,9.567453602661,-0.0130573193727359,-0.0130573193727359,-0.0130573193727359,0.0264340771076804
9.56764954052794,0,-0.00578932875863998,0,9.56764954052794,-0.00578932875863998,-0.00578932875863998,-0.00578932875863998,0.0288617279537588
9.58796747981615,0,0.00725905880614161,0,9.58796747981615,0.00725905880614161,0.00725905880614161,0.00725905880614161,0.0422687684348916
15.1454884083029,0,0.0687427351592194,0,15.1454884083029,0.0687427351592194,0.0687427351592194,0.0687427351592194,0.0334809714396658
9.03381024943225,0,-0.0258591277728825,0,9.03381024943225,-0.0258591277728825,-0.0258591277728825,-0.0258591277728825,0.0210013285642308
14.8412385484711,0,0.00805813747067324,0,14.8412385484711,0.00805813747067324,0.00805813747067324,0.00805813747067324,0.0331399934197975
10.6567948708008,0,0.0203455428827325,0,10.6567948708008,0.0203455428827325,0.0203455428827325,0.0203455428827325,0.0367174068081082
15.83958844307,0,0.0399832495665445,0,15.83958844307,0.0399832495665445,0.0399832495665445,0.0399832495665445,0.0130470310288665
17.7014293147066,0,0.0234372077444364,0,17.7014293147066,0.0234372077444364,0.0234372077444364,0.0234372077444364,0.0323786122878216
16.016217440795,0,-0.00369944404825601,0,16.016217440795,-0.00369944404825601,-0.00369944404825601,-0.00369944404825601,0.0376637682579198
6.35958088046694,0,-0.0328185793493547,0,6.35958088046694,-0.0328185793493547,-0.0328185793493547,-0.0328185793493547,0.0520581686434144
7.84913150076159,0,0.0206892300368871,0,7.84913150076159,0.0206892300368871,0.0206892300368871,0.0206892300368871,0.0125920499284639
11.3110693140974,0,0.00982781565554414,0,11.3110693140974,0.00982781565554414,0.00982781565554414,0.00982781565554414,0.0152975413868066
19.3344521561619,0,-0.0178892890128142,0,19.3344521561619,-0.0178892890128142,-0.0178892890128142,-0.0178892890128142,0.0322365626104049
12.3671082351961,0,0.0210231372322994,0,12.3671082351961,0.0210231372322994,0.0210231372322994,0.0210231372322994,0.0160828742749283
12.3654554745313,0,-0.0686880413546458,0,12.3654554745313,-0.0686880413546458,-0.0686880413546458,-0.0686880413546458,0.0513325050706189
19.2556223171704,0,0.0285945738844167,0,19.2556223171704,0.0285945738844167,0.0285945738844167,0.0285945738844167,0.0139726523520546
34.7312424253189,0,0.00360906084633839,0,34.7312424253189,0.00360906084633839,0.00360906084633839,0.00360906084633839,0.017575833019559
54.7209102152747,0,0.0196726221291343,0,54.7209102152747,0.0196726221291343,0.0196726221291343,0.0196726221291343,0.0109274670854921
10.3775310816429,0,0.101658959703851,0,10.3775310816429,0.101658959703851,0.101658959703851,0.101658959703851,0.0398037227196641
13.7692792179168,0,0.045315959795906,0,13.7692792179168,0.045315959795906,0.045315959795906,0.045315959795906,0.0576659331255503
11.7030101268542,0,0.0664031592294417,0,11.7030101268542,0.0664031592294417,0.0664031592294417,0.0664031592294417,0.0318702419669784
7.36539602284415,0,-0.0247872150245361,0,7.36539602284415,-0.0247872150245361,-0.0247872150245361,-0.0247872150245361,0.114121672795408
9.34902839864339,0,-0.0319037471830898,0,9.34902839864339,-0.0319037471830898,-0.0319037471830898,-0.0319037471830898,0.0353702402159913
10.3934503295043,0,0.0619972167608137,0,10.3934503295043,0.0619972167608137,0.0619972167608137,0.0619972167608137,0.0947975137929517
11.8155784180346,0,0.132399483418963,0,11.8155784180346,0.132399483418963,0.132399483418963,0.132399483418963,0.0684128055131695
10.8363107906744,0,-0.028098390818107,0,10.8363107906744,-0.028098390818107,-0.028098390818107,-0.028098390818107,0.071926050301895
11.7003583105711,0,-0.00186774348468509,0,11.7003583105711,-0.00186774348468509,-0.00186774348468509,-0.00186774348468509,0.00589871207554302
14.1717804897526,0,0.027255899623745,0,14.1717804897526,0.027255899623745,0.027255899623745,0.027255899623745,0.0438772018708798
10.4916049522311,0,0.0132463173032987,0,10.4916049522311,0.0132463173032987,0.0132463173032987,0.0132463173032987,0.0267192917518445
12.491172371433,0,0.00616174807970621,0,12.491172371433,0.00616174807970621,0.00616174807970621,0.00616174807970621,0.0405245193389735
22.4190143092695,0,-0.000161199703742028,0,22.4190143092695,-0.000161199703742028,-0.000161199703742028,-0.000161199703742028,0.0167230245622351
23.3384346785706,0,0.0173424537425691,0,23.3384346785706,0.0173424537425691,0.0173424537425691,0.0173424537425691,0.0189266195413323
21.0471310356801,0,0.0617673658141888,0,21.0471310356801,0.0617673658141888,0.0617673658141888,0.0617673658141888,0.047052745863464
18.868464140174,0,-0.0601138815581494,0,18.868464140174,-0.0601138815581494,-0.0601138815581494,-0.0601138815581494,0.0841243606959225
130.216227665708,0,0.0198117493038606,0,130.216227665708,0.0198117493038606,0.0198117493038606,0.0198117493038606,0.0277236387216602
9.87654480749694,0,-0.0946232449189078,0,9.87654480749694,-0.0946232449189078,-0.0946232449189078,-0.0946232449189078,0.0836731049469832
15.7641037476623,0,0.0452974152246685,0,15.7641037476623,0.0452974152246685,0.0452974152246685,0.0452974152246685,0.0222639606786319
14.6925462604222,0,-0.00458452472707301,0,14.6925462604222,-0.00458452472707301,-0.00458452472707301,-0.00458452472707301,0.0444254697733256
7.79044115240101,0,0.0350532910010923,0,7.79044115240101,0.0350532910010923,0.0350532910010923,0.0350532910010923,0.0585754206769742
8.10146185701589,0,0.0427555806686441,0,8.10146185701589,0.0427555806686441,0.0427555806686441,0.0427555806686441,0.0518433181255775
11.2420027298881,0,-0.0660500012093723,0,11.2420027298881,-0.0660500012093723,-0.0660500012093723,-0.0660500012093723,0.0384705888979592
27.9381463268887,0,-0.0196646199066465,0,27.9381463268887,-0.0196646199066465,-0.0196646199066465,-0.0196646199066465,0.0266030945529787
28.4056044215739,0,-0.0234835133541325,0,28.4056044215739,-0.0234835133541325,-0.0234835133541325,-0.0234835133541325,0.0460235649191708
9.44659083119766,0,-0.0979355343768668,0,9.44659083119766,-0.0979355343768668,-0.0979355343768668,-0.0979355343768668,0.106984919191722
10.6319539160187,0,0.00587821668928426,0,10.6319539160187,0.00587821668928426,0.00587821668928426,0.00587821668928426,0.0434639030773943
23.722803858762,0,0.00435490338959432,0,23.722803858762,0.00435490338959432,0.00435490338959432,0.00435490338959432,0.0172785731987079
NA,NA,NA,NA,NA,NA,NA,NA,NA
14.5501339822123,0,-0.0241508994853178,0,14.5501339822123,-0.0241508994853178,-0.0241508994853178,-0.0241508994853178,0.0112761190742462
6.82559417888738,0,-0.0208488602109932,0,6.82559417888738,-0.0208488602109932,-0.0208488602109932,-0.0208488602109932,0.0626238731585564
7.10118523761685,0,-0.0285278978712163,0,7.10118523761685,-0.0285278978712163,-0.0285278978712163,-0.0285278978712163,0.0595492352872805
8.39406695268219,0,0.0167837864563465,0,8.39406695268219,0.0167837864563465,0.0167837864563465,0.0167837864563465,0.0322473662392579
15.3813680380744,0,-0.0235768509494856,0,15.3813680380744,-0.0235768509494856,-0.0235768509494856,-0.0235768509494856,0.0385600790656454
10.9419857642508,0,-0.0876235523401562,0,10.9419857642508,-0.0876235523401562,-0.0876235523401562,-0.0876235523401562,0.0336377588977628
9.567453602661,0,-0.0130573193727359,0,9.567453602661,-0.0130573193727359,-0.0130573193727359,-0.0130573193727359,0.0264340771076804
9.56764954052794,0,-0.00578932875863998,0,9.56764954052794,-0.00578932875863998,-0.00578932875863998,-0.00578932875863998,0.0288617279537588
9.58796747981615,0,0.00725905880614161,0,9.58796747981615,0.00725905880614161,0.00725905880614161,0.00725905880614161,0.0422687684348916
15.1454884083029,0,0.0687427351592194,0,15.1454884083029,0.0687427351592194,0.0687427351592194,0.0687427351592194,0.0334809714396658
9.03381024943225,0,-0.0258591277728825,0,9.03381024943225,-0.0258591277728825,-0.0258591277728825,-0.0258591277728825,0.0210013285642308
14.8412385484711,0,0.00805813747067324,0,14.8412385484711,0.00805813747067324,0.00805813747067324,0.00805813747067324,0.0331399934197975
10.6567948708008,0,0.0203455428827325,0,10.6567948708008,0.0203455428827325,0.0203455428827325,0.0203455428827325,0.0367174068081082
15.83958844307,0,0.0399832495665445,0,15.83958844307,0.0399832495665445,0.0399832495665445,0.0399832495665445,0.0130470310288665
17.7014293147066,0,0.0234372077444364,0,17.7014293147066,0.0234372077444364,0.0234372077444364,0.0234372077444364,0.0323786122878216
16.016217440795,0,-0.00369944404825601,0,16.016217440795,-0.00369944404825601,-0.00369944404825601,-0.00369944404825601,0.0376637682579198
6.35958088046694,0,-0.0328185793493547,0,6.35958088046694,-0.0328185793493547,-0.0328185793493547,-0.0328185793493547,0.0520581686434144
7.84913150076159,0,0.0206892300368871,0,7.84913150076159,0.0206892300368871,0.0206892300368871,0.0206892300368871,0.0125920499284639
11.3110693140974,0,0.00982781565554414,0,11.3110693140974,0.00982781565554414,0.00982781565554414,0.00982781565554414,0.0152975413868066
19.3344521561619,0,-0.0178892890128142,0,19.3344521561619,-0.0178892890128142,-0.0178892890128142,-0.0178892890128142,0.0322365626104049
12.3671082351961,0,0.0210231372322994,0,12.3671082351961,0.0210231372322994,0.0210231372322994,0.0210231372322994,0.0160828742749283
12.3654554745313,0,-0.0686880413546458,0,12.3654554745313,-0.0686880413546458,-0.0686880413546458,-0.0686880413546458,0.0513325050706189
19.2556223171704,0,0.0285945738844167,0,19.2556223171704,0.0285945738844167,0.0285945738844167,0.0285945738844167,0.0139726523520546
34.7312424253189,0,0.00360906084633839,0,34.7312424253189,0.00360906084633839,0.00360906084633839,0.00360906084633839,0.017575833019559
54.7209102152747,0,0.0196726221291343,0,54.7209102152747,0.0196726221291343,0.0196726221291343,0.0196726221291343,0.0109274670854921
10.3775310816429,0,0.101658959703851,0,10.3775310816429,0.101658959703851,0.101658959703851,0.101658959703851,0.0398037227196641
13.7692792179168,0,0.045315959795906,0,13.7692792179168,0.045315959795906,0.045315959795906,0.045315959795906,0.0576659331255503
11.7030101268542,0,0.0664031592294417,0,11.7030101268542,0.0664031592294417,0.0664031592294417,0.0664031592294417,0.0318702419669784
7.36539602284415,0,-0.0247872150245361,0,7.36539602284415,-0.0247872150245361,-0.0247872150245361,-0.0247872150245361,0.114121672795408
9.34902839864339,0,-0.0319037471830898,0,9.34902839864339,-0.0319037471830898,-0.0319037471830898,-0.0319037471830898,0.0353702402159913
10.3934503295043,0,0.0619972167608137,0,10.3934503295043,0.0619972167608137,0.0619972167608137,0.0619972167608137,0.0947975137929517
11.8155784180346,0,0.132399483418963,0,11.8155784180346,0.132399483418963,0.132399483418963,0.132399483418963,0.0684128055131695
10.8363107906744,0,-0.028098390818107,0,10.8363107906744,-0.028098390818107,-0.028098390818107,-0.028098390818107,0.071926050301895
11.7003583105711,0,-0.00186774348468509,0,11.7003583105711,-0.00186774348468509,-0.00186774348468509,-0.00186774348468509,0.00589871207554302
14.1717804897526,0,0.027255899623745,0,14.1717804897526,0.027255899623745,0.027255899623745,0.027255899623745,0.0438772018708798
10.4916049522311,0,0.0132463173032987,0,10.4916049522311,0.0132463173032987,0.0132463173032987,0.0132463173032987,0.0267192917518445
12.491172371433,0,0.00616174807970621,0,12.491172371433,0.00616174807970621,0.00616174807970621,0.00616174807970621,0.0405245193389735
22.4190143092695,0,-0.000161199703742028,0,22.4190143092695,-0.000161199703742028,-0.000161199703742028,-0.000161199703742028,0.0167230245622351
23.3384346785706,0,0.0173424537425691,0,23.3384346785706,0.0173424537425691,0.0173424537425691,0.0173424537425691,0.0189266195413323
21.0471310356801,0,0.0617673658141888,0,21.0471310356801,0.0617673658141888,0.0617673658141888,0.0617673658141888,0.047052745863464
18.868464140174,0,-0.0601138815581494,0,18.868464140174,-0.0601138815581494,-0.0601138815581494,-0.0601138815581494,0.0841243606959225
130.216227665708,0,0.0198117493038606,0,130.216227665708,0.0198117493038606,0.0198117493038606,0.0198117493038606,0.0277236387216602
9.87654480749694,0,-0.0946232449189078,0,9.87654480749694,-0.0946232449189078,-0.0946232449189078,-0.0946232449189078,0.0836731049469832
15.7641037476623,0,0.0452974152246685,0,15.7641037476623,0.0452974152246685,0.0452974152246685,0.0452974152246685,0.0222639606786319
14.6925462604222,0,-0.00458452472707301,0,14.6925462604222,-0.00458452472707301,-0.00458452472707301,-0.00458452472707301,0.0444254697733256
7.79044115240101,0,0.0350532910010923,0,7.79044115240101,0.0350532910010923,0.0350532910010923,0.0350532910010923,0.0585754206769742
8.10146185701589,0,0.0427555806686441,0,8.10146185701589,0.0427555806686441,0.0427555806686441,0.0427555806686441,0.0518433181255775
11.2420027298881,0,-0.0660500012093723,0,11.2420027298881,-0.0660500012093723,-0.0660500012093723,-0.0660500012093723,0.0384705888979592
27.9381463268887,0,-0.0196646199066465,0,27.9381463268887,-0.0196646199066465,-0.0196646199066465,-0.0196646199066465,0.0266030945529787
28.4056044215739,0,-0.0234835133541325,0,28.4056044215739,-0.0234835133541325,-0.0234835133541325,-0.0234835133541325,0.0460235649191708
9.44659083119766,0,-0.0979355343768668,0,9.44659083119766,-0.0979355343768668,-0.0979355343768668,-0.0979355343768668,0.106984919191722
10.6319539160187,0,0.00587821668928426,0,10.6319539160187,0.00587821668928426,0.00587821668928426,0.00587821668928426,0.0434639030773943
23.722803858762,0,0.00435490338959432,0,23.722803858762,0.00435490338959432,0.00435490338959432,0.00435490338959432,0.0172785731987079
NA,NA,NA,NA,NA,NA,NA,NA,NA
14.5501339822123,0,-0.0241508994853178,0,14.5501339822123,-0.0241508994853178,-0.0241508994853178,-0.0241508994853178,0.0112761190742462
6.82559417888738,0,-0.0208488602109932,0,6.82559417888738,-0.0208488602109932,-0.0208488602109932,-0.0208488602109932,0.0626238731585564
7.10118523761685,0,-0.0285278978712163,0,7.10118523761685,-0.0285278978712163,-0.0285278978712163,-0.0285278978712163,0.0595492352872805
8.39406695268219,0,0.0167837864563465,0,8.39406695268219,0.0167837864563465,0.0167837864563465,0.0167837864563465,0.0322473662392579
15.3813680380744,0,-0.0235768509494856,0,15.3813680380744,-0.0235768509494856,-0.0235768509494856,-0.0235768509494856,0.0385600790656454
10.9419857642508,0,-0.0876235523401562,0,10.9419857642508,-0.0876235523401562,-0.0876235523401562,-0.0876235523401562,0.0336377588977628
9.567453602661,0,-0.0130573193727359,0,9.567453602661,-0.0130573193727359,-0.0130573193727359,-0.0130573193727359,0.0264340771076804
9.56764954052794,0,-0.00578932875863998,0,9.56764954052794,-0.00578932875863998,-0.00578932875863998,-0.00578932875863998,0.0288617279537588
9.58796747981615,0,0.00725905880614161,0,9.58796747981615,0.00725905880614161,0.00725905880614161,0.00725905880614161,0.0422687684348916
15.1454884083029,0,0.0687427351592194,0,15.1454884083029,0.0687427351592194,0.0687427351592194,0.0687427351592194,0.0334809714396658
9.03381024943225,0,-0.0258591277728825,0,9.03381024943225,-0.0258591277728825,-0.0258591277728825,-0.0258591277728825,0.0210013285642308
14.8412385484711,0,0.00805813747067324,0,14.8412385484711,0.00805813747067324,0.00805813747067324,0.00805813747067324,0.0331399934197975
10.6567948708008,0,0.0203455428827325,0,10.6567948708008,0.0203455428827325,0.0203455428827325,0.0203455428827325,0.0367174068081082
15.83958844307,0,0.0399832495665445,0,15.83958844307,0.0399832495665445,0.0399832495665445,0.0399832495665445,0.0130470310288665
17.7014293147066,0,0.0234372077444364,0,17.7014293147066,0.0234372077444364,0.0234372077444364,0.0234372077444364,0.0323786122878216
16.016217440795,0,-0.00369944404825601,0,16.016217440795,-0.00369944404825601,-0.00369944404825601,-0.00369944404825601,0.0376637682579198
6.35958088046694,0,-0.0328185793493547,0,6.35958088046694,-0.0328185793493547,-0.0328185793493547,-0.0328185793493547,0.0520581686434144
7.84913150076159,0,0.0206892300368871,0,7.84913150076159,0.0206892300368871,0.0206892300368871,0.0206892300368871,0.0125920499284639
11.3110693140974,0,0.00982781565554414,0,11.3110693140974,0.00982781565554414,0.00982781565554414,0.00982781565554414,0.0152975413868066
19.3344521561619,0,-0.0178892890128142,0,19.3344521561619,-0.0178892890128142,-0.0178892890128142,-0.0178892890128142,0.0322365626104049
12.3671082351961,0,0.0210231372322994,0,12.3671082351961,0.0210231372322994,0.0210231372322994,0.0210231372322994,0.0160828742749283
12.3654554745313,0,-0.0686880413546458,0,12.3654554745313,-0.0686880413546458,-0.0686880413546458,-0.0686880413546458,0.0513325050706189
19.2556223171704,0,0.0285945738844167,0,19.2556223171704,0.0285945738844167,0.0285945738844167,0.0285945738844167,0.0139726523520546
34.7312424253189,0,0.00360906084633839,0,34.7312424253189,0.00360906084633839,0.00360906084633839,0.00360906084633839,0.017575833019559
54.7209102152747,0,0.0196726221291343,0,54.7209102152747,0.0196726221291343,0.0196726221291343,0.0196726221291343,0.0109274670854921
10.3775310816429,0,0.101658959703851,0,10.3775310816429,0.101658959703851,0.101658959703851,0.101658959703851,0.0398037227196641
13.7692792179168,0,0.045315959795906,0,13.7692792179168,0.045315959795906,0.045315959795906,0.045315959795906,0.0576659331255503
11.7030101268542,0,0.0664031592294417,0,11.7030101268542,0.0664031592294417,0.0664031592294417,0.0664031592294417,0.0318702419669784
7.36539602284415,0,-0.0247872150245361,0,7.36539602284415,-0.0247872150245361,-0.0247872150245361,-0.0247872150245361,0.114121672795408
9.34902839864339,0,-0.0319037471830898,0,9.34902839864339,-0.0319037471830898,-0.0319037471830898,-0.0319037471830898,0.0353702402159913
10.3934503295043,0,0.0619972167608137,0,10.3934503295043,0.0619972167608137,0.0619972167608137,0.0619972167608137,0.0947975137929517
11.8155784180346,0,0.132399483418963,0,11.8155784180346,0.132399483418963,0.132399483418963,0.132399483418963,0.0684128055131695
10.8363107906744,0,-0.028098390818107,0,10.8363107906744,-0.028098390818107,-0.028098390818107,-0.028098390818107,0.071926050301895
11.7003583105711,0,-0.00186774348468509,0,11.7003583105711,-0.00186774348468509,-0.00186774348468509,-0.00186774348468509,0.00589871207554302
14.1717804897526,0,0.027255899623745,0,14.1717804897526,0.027255899623745,0.027255899623745,0.027255899623745,0.0438772018708798
10.4916049522311,0,0.0132463173032987,0,10.4916049522311,0.0132463173032987,0.0132463173032987,0.0132463173032987,0.0267192917518445
12.491172371433,0,0.00616174807970621,0,12.491172371433,0.00616174807970621,0.00616174807970621,0.00616174807970621,0.0405245193389735
22.4190143092695,0,-0.000161199703742028,0,22.4190143092695,-0.000161199703742028,-0.000161199703742028,-0.000161199703742028,0.0167230245622351
23.3384346785706,0,0.0173424537425691,0,23.3384346785706,0.0173424537425691,0.0173424537425691,0.0173424537425691,0.0189266195413323
21.0471310356801,0,0.0617673658141888,0,21.0471310356801,0.0617673658141888,0.0617673658141888,0.0617673658141888,0.047052745863464
18.868464140174,0,-0.0601138815581494,0,18.868464140174,-0.0601138815581494,-0.0601138815581494,-0.0601138815581494,0.0841243606959225
130.216227665708,0,0.0198117493038606,0,130.216227665708,0.0198117493038606,0.0198117493038606,0.0198117493038606,0.0277236387216602
9.87654480749694,0,-0.0946232449189078,0,9.87654480749694,-0.0946232449189078,-0.0946232449189078,-0.0946232449189078,0.0836731049469832
15.7641037476623,0,0.0452974152246685,0,15.7641037476623,0.0452974152246685,0.0452974152246685,0.0452974152246685,0.0222639606786319
14.6925462604222,0,-0.00458452472707301,0,14.6925462604222,-0.00458452472707301,-0.00458452472707301,-0.00458452472707301,0.0444254697733256
7.79044115240101,0,0.0350532910010923,0,7.79044115240101,0.0350532910010923,0.0350532910010923,0.0350532910010923,0.0585754206769742
8.10146185701589,0,0.0427555806686441,0,8.10146185701589,0.0427555806686441,0.0427555806686441,0.0427555806686441,0.0518433181255775
11.2420027298881,0,-0.0660500012093723,0,11.2420027298881,-0.0660500012093723,-0.0660500012093723,-0.0660500012093723,0.0384705888979592
27.9381463268887,0,-0.0196646199066465,0,27.9381463268887,-0.0196646199066465,-0.0196646199066465,-0.0196646199066465,0.0266030945529787
28.4056044215739,0,-0.0234835133541325,0,28.4056044215739,-0.0234835133541325,-0.0234835133541325,-0.0234835133541325,0.0460235649191708
9.44659083119766,0,-0.0979355343768668,0,9.44659083119766,-0.0979355343768668,-0.0979355343768668,-0.0979355343768668,0.106984919191722
10.6319539160187,0,0.00587821668928426,0,10.6319539160187,0.00587821668928426,0.00587821668928426,0.00587821668928426,0.0434639030773943
23.722803858762,0,0.00435490338959432,0,23.722803858762,0.00435490338959432,0.00435490338959432,0.00435490338959432,0.0172785731987079
NA,NA,NA,NA,NA,NA,NA,NA,NA
14.5501339822123,0,-0.0241508994853178,0,14.5501339822123,-0.0241508994853178,-0.0241508994853178,-0.0241508994853178,0.0112761190742462
6.82559417888738,0,-0.0208488602109932,0,6.82559417888738,-0.0208488602109932,-0.0208488602109932,-0.0208488602109932,0.0626238731585564
7.10118523761685,0,-0.0285278978712163,0,7.10118523761685,-0.0285278978712163,-0.0285278978712163,-0.0285278978712163,0.0595492352872805
8.39406695268219,0,0.0167837864563465,0,8.39406695268219,0.0167837864563465,0.0167837864563465,0.0167837864563465,0.0322473662392579
15.3813680380744,0,-0.0235768509494856,0,15.3813680380744,-0.0235768509494856,-0.0235768509494856,-0.0235768509494856,0.0385600790656454
10.9419857642508,0,-0.0876235523401562,0,10.9419857642508,-0.0876235523401562,-0.0876235523401562,-0.0876235523401562,0.0336377588977628
9.567453602661,0,-0.0130573193727359,0,9.567453602661,-0.0130573193727359,-0.0130573193727359,-0.0130573193727359,0.0264340771076804
9.56764954052794,0,-0.00578932875863998,0,9.56764954052794,-0.00578932875863998,-0.00578932875863998,-0.00578932875863998,0.0288617279537588
9.58796747981615,0,0.00725905880614161,0,9.58796747981615,0.00725905880614161,0.00725905880614161,0.00725905880614161,0.0422687684348916
15.1454884083029,0,0.0687427351592194,0,15.1454884083029,0.0687427351592194,0.0687427351592194,0.0687427351592194,0.0334809714396658
9.03381024943225,0,-0.0258591277728825,0,9.03381024943225,-0.0258591277728825,-0.0258591277728825,-0.0258591277728825,0.0210013285642308
14.8412385484711,0,0.00805813747067324,0,14.8412385484711,0.00805813747067324,0.00805813747067324,0.00805813747067324,0.0331399934197975
10.6567948708008,0,0.0203455428827325,0,10.6567948708008,0.0203455428827325,0.0203455428827325,0.0203455428827325,0.0367174068081082
15.83958844307,0,0.0399832495665445,0,15.83958844307,0.0399832495665445,0.0399832495665445,0.0399832495665445,0.0130470310288665
17.7014293147066,0,0.0234372077444364,0,17.7014293147066,0.0234372077444364,0.0234372077444364,0.0234372077444364,0.0323786122878216
16.016217440795,0,-0.00369944404825601,0,16.016217440795,-0.00369944404825601,-0.00369944404825601,-0.00369944404825601,0.0376637682579198
6.35958088046694,0,-0.0328185793493547,0,6.35958088046694,-0.0328185793493547,-0.0328185793493547,-0.0328185793493547,0.0520581686434144
7.84913150076159,0,0.0206892300368871,0,7.84913150076159,0.0206892300368871,0.0206892300368871,0.0206892300368871,0.0125920499284639
11.3110693140974,0,0.00982781565554414,0,11.3110693140974,0.00982781565554414,0.00982781565554414,0.00982781565554414,0.0152975413868066
19.3344521561619,0,-0.0178892890128142,0,19.3344521561619,-0.0178892890128142,-0.0178892890128142,-0.0178892890128142,0.0322365626104049
12.3671082351961,0,0.0210231372322994,0,12.3671082351961,0.0210231372322994,0.0210231372322994,0.0210231372322994,0.0160828742749283
12.3654554745313,0,-0.0686880413546458,0,12.3654554745313,-0.0686880413546458,-0.0686880413546458,-0.0686880413546458,0.0513325050706189
19.2556223171704,0,0.0285945738844167,0,19.2556223171704,0.0285945738844167,0.0285945738844167,0.0285945738844167,0.0139726523520546
34.7312424253189,0,0.00360906084633839,0,34.7312424253189,0.00360906084633839,0.00360906084633839,0.00360906084633839,0.017575833019559
54.7209102152747,0,0.0196726221291343,0,54.7209102152747,0.0196726221291343,0.0196726221291343,0.0196726221291343,0.0109274670854921
10.3775310816429,0,0.101658959703851,0,10.3775310816429,0.101658959703851,0.101658959703851,0.101658959703851,0.0398037227196641
13.7692792179168,0,0.045315959795906,0,13.7692792179168,0.045315959795906,0.045315959795906,0.045315959795906,0.0576659331255503
11.7030101268542,0,0.0664031592294417,0,11.7030101268542,0.0664031592294417,0.0664031592294417,0.0664031592294417,0.0318702419669784
7.36539602284415,0,-0.0247872150245361,0,7.36539602284415,-0.0247872150245361,-0.0247872150245361,-0.0247872150245361,0.114121672795408
9.34902839864339,0,-0.0319037471830898,0,9.34902839864339,-0.0319037471830898,-0.0319037471830898,-0.0319037471830898,0.0353702402159913
10.3934503295043,0,0.0619972167608137,0,10.3934503295043,0.0619972167608137,0.0619972167608137,0.0619972167608137,0.0947975137929517
11.8155784180346,0,0.132399483418963,0,11.8155784180346,0.132399483418963,0.132399483418963,0.132399483418963,0.0684128055131695
10.8363107906744,0,-0.028098390818107,0,10.8363107906744,-0.028098390818107,-0.028098390818107,-0.028098390818107,0.071926050301895
11.7003583105711,0,-0.00186774348468509,0,11.7003583105711,-0.00186774348468509,-0.00186774348468509,-0.00186774348468509,0.00589871207554302
14.1717804897526,0,0.027255899623745,0,14.1717804897526,0.027255899623745,0.027255899623745,0.027255899623745,0.0438772018708798
10.4916049522311,0,0.0132463173032987,0,10.4916049522311,0.0132463173032987,0.0132463173032987,0.0132463173032987,0.0267192917518445
12.491172371433,0,0.00616174807970621,0,12.491172371433,0.00616174807970621,0.00616174807970621,0.00616174807970621,0.0405245193389735
22.4190143092695,0,-0.000161199703742028,0,22.4190143092695,-0.000161199703742028,-0.000161199703742028,-0.000161199703742028,0.0167230245622351
23.3384346785706,0,0.0173424537425691,0,23.3384346785706,0.0173424537425691,0.0173424537425691,0.0173424537425691,0.0189266195413323
21.0471310356801,0,0.0617673658141888,0,21.0471310356801,0.0617673658141888,0.0617673658141888,0.0617673658141888,0.047052745863464
18.868464140174,0,-0.0601138815581494,0,18.868464140174,-0.0601138815581494,-0.0601138815581494,-0.0601138815581494,0.0841243606959225
130.216227665708,0,0.0198117493038606,0,130.216227665708,0.0198117493038606,0.0198117493038606,0.0198117493038606,0.0277236387216602
9.87654480749694,0,-0.0946232449189078,0,9.87654480749694,-0.0946232449189078,-0.0946232449189078,-0.0946232449189078,0.0836731049469832
15.7641037476623,0,0.0452974152246685,0,15.7641037476623,0.0452974152246685,0.0452974152246685,0.0452974152246685,0.0222639606786319
14.6925462604222,0,-0.00458452472707301,0,14.6925462604222,-0.00458452472707301,-0.00458452472707301,-0.00458452472707301,0.0444254697733256
7.79044115240101,0,0.0350532910010923,0,7.79044115240101,0.0350532910010923,0.0350532910010923,0.0350532910010923,0.0585754206769742
8.10146185701589,0,0.0427555806686441,0,8.10146185701589,0.0427555806686441,0.0427555806686441,0.0427555806686441,0.0518433181255775
11.2420027298881,0,-0.0660500012093723,0,11.2420027298881,-0.0660500012093723,-0.0660500012093723,-0.0660500012093723,0.0384705888979592
27.9381463268887,0,-0.0196646199066465,0,27.9381463268887,-0.0196646199066465,-0.0196646199066465,-0.0196646199066465,0.0266030945529787
28.4056044215739,0,-0.0234835133541325,0,28.4056044215739,-0.0234835133541325,-0.0234835133541325,-0.0234835133541325,0.0460235649191708
9.44659083119766,0,-0.0979355343768668,0,9.44659083119766,-0.0979355343768668,-0.0979355343768668,-0.0979355343768668,0.106984919191722
10.6319539160187,0,0.00587821668928426,0,10.6319539160187,0.00587821668928426,0.00587821668928426,0.00587821668928426,0.0434639030773943
23.722803858762,0,0.00435490338959432,0,23.722803858762,0.00435490338959432,0.00435490338959432,0.00435490338959432,0.0172785731987079
NA,NA,NA,NA,NA,NA,NA,NA,NA
14.5501339822123,0,-0.0241508994853178,0,14.5501339822123,-0.0241508994853178,-0.0241508994853178,-0.0241508994853178,0.0112761190742462
6.82559417888738,0,-0.0208488602109932,0,6.82559417888738,-0.0208488602109932,-0.0208488602109932,-0.0208488602109932,0.0626238731585564
7.10118523761685,0,-0.0285278978712163,0,7.10118523761685,-0.0285278978712163,-0.0285278978712163,-0.0285278978712163,0.0595492352872805
8.39406695268219,0,0.0167837864563465,0,8.39406695268219,0.0167837864563465,0.0167837864563465,0.0167837864563465,0.0322473662392579
15.3813680380744,0,-0.0235768509494856,0,15.3813680380744,-0.0235768509494856,-0.0235768509494856,-0.0235768509494856,0.0385600790656454
10.9419857642508,0,-0.0876235523401562,0,10.9419857642508,-0.0876235523401562,-0.0876235523401562,-0.0876235523401562,0.0336377588977628
9.567453602661,0,-0.0130573193727359,0,9.567453602661,-0.0130573193727359,-0.0130573193727359,-0.0130573193727359,0.0264340771076804
9.56764954052794,0,-0.00578932875863998,0,9.56764954052794,-0.00578932875863998,-0.00578932875863998,-0.00578932875863998,0.0288617279537588
9.58796747981615,0,0.00725905880614161,0,9.58796747981615,0.00725905880614161,0.00725905880614161,0.00725905880614161,0.0422687684348916
15.1454884083029,0,0.0687427351592194,0,15.1454884083029,0.0687427351592194,0.0687427351592194,0.0687427351592194,0.0334809714396658
9.03381024943225,0,-0.0258591277728825,0,9.03381024943225,-0.0258591277728825,-0.0258591277728825,-0.0258591277728825,0.0210013285642308
14.8412385484711,0,0.00805813747067324,0,14.8412385484711,0.00805813747067324,0.00805813747067324,0.00805813747067324,0.0331399934197975
10.6567948708008,0,0.0203455428827325,0,10.6567948708008,0.0203455428827325,0.0203455428827325,0.0203455428827325,0.0367174068081082
15.83958844307,0,0.0399832495665445,0,15.83958844307,0.0399832495665445,0.0399832495665445,0.0399832495665445,0.0130470310288665
17.7014293147066,0,0.0234372077444364,0,17.7014293147066,0.0234372077444364,0.0234372077444364,0.0234372077444364,0.0323786122878216
16.016217440795,0,-0.00369944404825601,0,16.016217440795,-0.00369944404825601,-0.00369944404825601,-0.00369944404825601,0.0376637682579198
6.35958088046694,0,-0.0328185793493547,0,6.35958088046694,-0.0328185793493547,-0.0328185793493547,-0.0328185793493547,0.0520581686434144
7.84913150076159,0,0.0206892300368871,0,7.84913150076159,0.0206892300368871,0.0206892300368871,0.0206892300368871,0.0125920499284639
11.3110693140974,0,0.00982781565554414,0,11.3110693140974,0.00982781565554414,0.00982781565554414,0.00982781565554414,0.0152975413868066
19.3344521561619,0,-0.0178892890128142,0,19.3344521561619,-0.0178892890128142,-0.0178892890128142,-0.0178892890128142,0.0322365626104049
12.3671082351961,0,0.0210231372322994,0,12.3671082351961,0.0210231372322994,0.0210231372322994,0.0210231372322994,0.0160828742749283
12.3654554745313,0,-0.0686880413546458,0,12.3654554745313,-0.0686880413546458,-0.0686880413546458,-0.0686880413546458,0.0513325050706189
19.2556223171704,0,0.0285945738844167,0,19.2556223171704,0.0285945738844167,0.0285945738844167,0.0285945738844167,0.0139726523520546
34.7312424253189,0,0.00360906084633839,0,34.7312424253189,0.00360906084633839,0.00360906084633839,0.00360906084633839,0.017575833019559
54.7209102152747,0,0.0196726221291343,0,54.7209102152747,0.0196726221291343,0.0196726221291343,0.0196726221291343,0.0109274670854921
10.3775310816429,0,0.101658959703851,0,10.3775310816429,0.101658959703851,0.101658959703851,0.101658959703851,0.0398037227196641
13.7692792179168,0,0.045315959795906,0,13.7692792179168,0.045315959795906,0.045315959795906,0.045315959795906,0.0576659331255503
11.7030101268542,0,0.0664031592294417,0,11.7030101268542,0.0664031592294417,0.0664031592294417,0.0664031592294417,0.0318702419669784
7.36539602284415,0,-0.0247872150245361,0,7.36539602284415,-0.0247872150245361,-0.0247872150245361,-0.0247872150245361,0.114121672795408
9.34902839864339,0,-0.0319037471830898,0,9.34902839864339,-0.0319037471830898,-0.0319037471830898,-0.0319037471830898,0.0353702402159913
10.3934503295043,0,0.0619972167608137,0,10.3934503295043,0.0619972167608137,0.0619972167608137,0.0619972167608137,0.0947975137929517
11.8155784180346,0,0.132399483418963,0,11.8155784180346,0.132399483418963,0.132399483418963,0.132399483418963,0.0684128055131695
10.8363107906744,0,-0.028098390818107,0,10.8363107906744,-0.028098390818107,-0.028098390818107,-0.028098390818107,0.071926050301895
11.7003583105711,0,-0.00186774348468509,0,11.7003583105711,-0.00186774348468509,-0.00186774348468509,-0.00186774348468509,0.00589871207554302
14.1717804897526,0,0.027255899623745,0,14.1717804897526,0.027255899623745,0.027255899623745,0.027255899623745,0.0438772018708798
10.4916049522311,0,0.0132463173032987,0,10.4916049522311,0.0132463173032987,0.0132463173032987,0.0132463173032987,0.0267192917518445
12.491172371433,0,0.00616174807970621,0,12.491172371433,0.00616174807970621,0.00616174807970621,0.00616174807970621,0.0405245193389735
22.4190143092695,0,-0.000161199703742028,0,22.4190143092695,-0.000161199703742028,-0.000161199703742028,-0.000161199703742028,0.0167230245622351
23.3384346785706,0,0.0173424537425691,0,23.3384346785706,0.0173424537425691,0.0173424537425691,0.0173424537425691,0.0189266195413323
21.0471310356801,0,0.0617673658141888,0,21.0471310356801,0.0617673658141888,0.0617673658141888,0.0617673658141888,0.047052745863464
18.868464140174,0,-0.0601138815581494,0,18.868464140174,-0.0601138815581494,-0.0601138815581494,-0.0601138815581494,0.0841243606959225
130.216227665708,0,0.0198117493038606,0,130.216227665708,0.0198117493038606,0.0198117493038606,0.0198117493038606,0.0277236387216602
9.87654480749694,0,-0.0946232449189078,0,9.87654480749694,-0.0946232449189078,-0.0946232449189078,-0.0946232449189078,0.0836731049469832
15.7641037476623,0,0.0452974152246685,0,15.7641037476623,0.0452974152246685,0.0452974152246685,0.0452974152246685,0.0222639606786319
14.6925462604222,0,-0.00458452472707301,0,14.6925462604222,-0.00458452472707301,-0.00458452472707301,-0.00458452472707301,0.0444254697733256
7.79044115240101,0,0.0350532910010923,0,7.79044115240101,0.0350532910010923,0.0350532910010923,0.0350532910010923,0.0585754206769742
8.10146185701589,0,0.0427555806686441,0,8.10146185701589,0.0427555806686441,0.0427555806686441,0.0427555806686441,0.0518433181255775
11.2420027298881,0,-0.0660500012093723,0,11.2420027298881,-0.0660500012093723,-0.0660500012093723,-0.0660500012093723,0.0384705888979592
27.9381463268887,0,-0.0196646199066465,0,27.9381463268887,-0.0196646199066465,-0.0196646199066465,-0.0196646199066465,0.0266030945529787
28.4056044215739,0,-0.0234835133541325,0,28.4056044215739,-0.0234835133541325,-0.0234835133541325,-0.0234835133541325,0.0460235649191708
9.44659083119766,0,-0.0979355343768668,0,9.44659083119766,-0.0979355343768668,-0.0979355343768668,-0.0979355343768668,0.106984919191722
10.6319539160187,0,0.00587821668928426,0,10.6319539160187,0.00587821668928426,0.00587821668928426,0.00587821668928426,0.0434639030773943
23.722803858762,0,0.00435490338959432,0,23.722803858762,0.00435490338959432,0.00435490338959432,0.00435490338959432,0.0172785731987079
NA,NA,NA,NA,NA,NA,NA,NA,NA
14.5501339822123,0,-0.0241508994853178,0,14.5501339822123,-0.0241508994853178,-0.0241508994853178,-0.0241508994853178,0.0112761190742462
6.82559417888738,0,-0.0208488602109932,0,6.82559417888738,-0.0208488602109932,-0.0208488602109932,-0.0208488602109932,0.0626238731585564
7.10118523761685,0,-0.0285278978712163,0,7.10118523761685,-0.0285278978712163,-0.0285278978712163,-0.0285278978712163,0.0595492352872805
8.39406695268219,0,0.0167837864563465,0,8.39406695268219,0.0167837864563465,0.0167837864563465,0.0167837864563465,0.0322473662392579
15.3813680380744,0,-0.0235768509494856,0,15.3813680380744,-0.0235768509494856,-0.0235768509494856,-0.0235768509494856,0.0385600790656454
10.9419857642508,0,-0.0876235523401562,0,10.9419857642508,-0.0876235523401562,-0.0876235523401562,-0.0876235523401562,0.0336377588977628
9.567453602661,0,-0.0130573193727359,0,9.567453602661,-0.0130573193727359,-0.0130573193727359,-0.0130573193727359,0.0264340771076804
9.56764954052794,0,-0.00578932875863998,0,9.56764954052794,-0.00578932875863998,-0.00578932875863998,-0.00578932875863998,0.0288617279537588
9.58796747981615,0,0.00725905880614161,0,9.58796747981615,0.00725905880614161,0.00725905880614161,0.00725905880614161,0.0422687684348916
15.1454884083029,0,0.0687427351592194,0,15.1454884083029,0.0687427351592194,0.0687427351592194,0.0687427351592194,0.0334809714396658
9.03381024943225,0,-0.0258591277728825,0,9.03381024943225,-0.0258591277728825,-0.0258591277728825,-0.0258591277728825,0.0210013285642308
14.8412385484711,0,0.00805813747067324,0,14.8412385484711,0.00805813747067324,0.00805813747067324,0.00805813747067324,0.0331399934197975
10.6567948708008,0,0.0203455428827325,0,10.6567948708008,0.0203455428827325,0.0203455428827325,0.0203455428827325,0.0367174068081082
15.83958844307,0,0.0399832495665445,0,15.83958844307,0.0399832495665445,0.0399832495665445,0.0399832495665445,0.0130470310288665
17.7014293147066,0,0.0234372077444364,0,17.7014293147066,0.0234372077444364,0.0234372077444364,0.0234372077444364,0.0323786122878216
16.016217440795,0,-0.00369944404825601,0,16.016217440795,-0.00369944404825601,-0.00369944404825601,-0.00369944404825601,0.0376637682579198
6.35958088046694,0,-0.0328185793493547,0,6.35958088046694,-0.0328185793493547,-0.0328185793493547,-0.0328185793493547,0.0520581686434144
7.84913150076159,0,0.0206892300368871,0,7.84913150076159,0.0206892300368871,0.0206892300368871,0.0206892300368871,0.0125920499284639
11.3110693140974,0,0.00982781565554414,0,11.3110693140974,0.00982781565554414,0.00982781565554414,0.00982781565554414,0.0152975413868066
19.3344521561619,0,-0.0178892890128142,0,19.3344521561619,-0.0178892890128142,-0.0178892890128142,-0.0178892890128142,0.0322365626104049
12.3671082351961,0,0.0210231372322994,0,12.3671082351961,0.0210231372322994,0.0210231372322994,0.0210231372322994,0.0160828742749283
12.3654554745313,0,-0.0686880413546458,0,12.3654554745313,-0.0686880413546458,-0.0686880413546458,-0.0686880413546458,0.0513325050706189
19.2556223171704,0,0.0285945738844167,0,19.2556223171704,0.0285945738844167,0.0285945738844167,0.0285945738844167,0.0139726523520546
34.7312424253189,0,0.00360906084633839,0,34.7312424253189,0.00360906084633839,0.00360906084633839,0.00360906084633839,0.017575833019559
54.7209102152747,0,0.0196726221291343,0,54.7209102152747,0.0196726221291343,0.0196726221291343,0.0196726221291343,0.0109274670854921
10.3775310816429,0,0.101658959703851,0,10.3775310816429,0.101658959703851,0.101658959703851,0.101658959703851,0.0398037227196641
13.7692792179168,0,0.045315959795906,0,13.7692792179168,0.045315959795906,0.045315959795906,0.045315959795906,0.0576659331255503
11.7030101268542,0,0.0664031592294417,0,11.7030101268542,0.0664031592294417,0.0664031592294417,0.0664031592294417,0.0318702419669784
7.36539602284415,0,-0.0247872150245361,0,7.36539602284415,-0.0247872150245361,-0.0247872150245361,-0.0247872150245361,0.114121672795408
9.34902839864339,0,-0.0319037471830898,0,9.34902839864339,-0.0319037471830898,-0.0319037471830898,-0.0319037471830898,0.0353702402159913
10.3934503295043,0,0.0619972167608137,0,10.3934503295043,0.0619972167608137,0.0619972167608137,0.0619972167608137,0.0947975137929517
11.8155784180346,0,0.132399483418963,0,11.8155784180346,0.132399483418963,0.132399483418963,0.132399483418963,0.0684128055131695
10.8363107906744,0,-0.028098390818107,0,10.8363107906744,-0.028098390818107,-0.028098390818107,-0.028098390818107,0.071926050301895
11.7003583105711,0,-0.00186774348468509,0,11.7003583105711,-0.00186774348468509,-0.00186774348468509,-0.00186774348468509,0.00589871207554302
14.1717804897526,0,0.027255899623745,0,14.1717804897526,0.027255899623745,0.027255899623745,0.027255899623745,0.0438772018708798
10.4916049522311,0,0.0132463173032987,0,10.4916049522311,0.0132463173032987,0.0132463173032987,0.0132463173032987,0.0267192917518445
12.491172371433,0,0.00616174807970621,0,12.491172371433,0.00616174807970621,0.00616174807970621,0.00616174807970621,0.0405245193389735
22.4190143092695,0,-0.000161199703742028,0,22.4190143092695,-0.000161199703742028,-0.000161199703742028,-0.000161199703742028,0.0167230245622351
23.3384346785706,0,0.0173424537425691,0,23.3384346785706,0.0173424537425691,0.0173424537425691,0.0173424537425691,0.0189266195413323
21.0471310356801,0,0.0617673658141888,0,21.0471310356801,0.0617673658141888,0.0617673658141888,0.0617673658141888,0.047052745863464
18.868464140174,0,-0.0601138815581494,0,18.868464140174,-0.0601138815581494,-0.0601138815581494,-0.0601138815581494,0.0841243606959225
130.216227665708,0,0.0198117493038606,0,130.216227665708,0.0198117493038606,0.0198117493038606,0.0198117493038606,0.0277236387216602
9.87654480749694,0,-0.0946232449189078,0,9.87654480749694,-0.0946232449189078,-0.0946232449189078,-0.0946232449189078,0.0836731049469832
15.7641037476623,0,0.0452974152246685,0,15.7641037476623,0.0452974152246685,0.0452974152246685,0.0452974152246685,0.0222639606786319
14.6925462604222,0,-0.00458452472707301,0,14.6925462604222,-0.00458452472707301,-0.00458452472707301,-0.00458452472707301,0.0444254697733256
7.79044115240101,0,0.0350532910010923,0,7.79044115240101,0.0350532910010923,0.0350532910010923,0.0350532910010923,0.0585754206769742
8.10146185701589,0,0.0427555806686441,0,8.10146185701589,0.0427555806686441,0.0427555806686441,0.0427555806686441,0.0518433181255775
11.2420027298881,0,-0.0660500012093723,0,11.2420027298881,-0.0660500012093723,-0.0660500012093723,-0.0660500012093723,0.0384705888979592
27.9381463268887,0,-0.0196646199066465,0,27.9381463268887,-0.0196646199066465,-0.0196646199066465,-0.0196646199066465,0.0266030945529787
28.4056044215739,0,-0.0234835133541325,0,28.4056044215739,-0.0234835133541325,-0.0234835133541325,-0.0234835133541325,0.0460235649191708
9.44659083119766,0,-0.0979355343768668,0,9.44659083119766,-0.0979355343768668,-0.0979355343768668,-0.0979355343768668,0.106984919191722
10.6319539160187,0,0.00587821668928426,0,10.6319539160187,0.00587821668928426,0.00587821668928426,0.00587821668928426,0.0434639030773943
23.722803858762,0,0.00435490338959432,0,23.722803858762,0.00435490338959432,0.00435490338959432,0.00435490338959432,0.0172785731987079
NA,NA,NA,NA,NA,NA,NA,NA,NA
14.5501339822123,0,-0.0241508994853178,0,14.5501339822123,-0.0241508994853178,-0.0241508994853178,-0.0241508994853178,0.0112761190742462
6.82559417888738,0,-0.0208488602109932,0,6.82559417888738,-0.0208488602109932,-0.0208488602109932,-0.0208488602109932,0.0626238731585564
7.10118523761685,0,-0.0285278978712163,0,7.10118523761685,-0.0285278978712163,-0.0285278978712163,-0.0285278978712163,0.0595492352872805
8.39406695268219,0,0.0167837864563465,0,8.39406695268219,0.0167837864563465,0.0167837864563465,0.0167837864563465,0.0322473662392579
15.3813680380744,0,-0.0235768509494856,0,15.3813680380744,-0.0235768509494856,-0.0235768509494856,-0.0235768509494856,0.0385600790656454
10.9419857642508,0,-0.0876235523401562,0,10.9419857642508,-0.0876235523401562,-0.0876235523401562,-0.0876235523401562,0.0336377588977628
9.567453602661,0,-0.0130573193727359,0,9.567453602661,-0.0130573193727359,-0.0130573193727359,-0.0130573193727359,0.0264340771076804
9.56764954052794,0,-0.00578932875863998,0,9.56764954052794,-0.00578932875863998,-0.00578932875863998,-0.00578932875863998,0.0288617279537588
9.58796747981615,0,0.00725905880614161,0,9.58796747981615,0.00725905880614161,0.00725905880614161,0.00725905880614161,0.0422687684348916
15.1454884083029,0,0.0687427351592194,0,15.1454884083029,0.0687427351592194,0.0687427351592194,0.0687427351592194,0.0334809714396658
9.03381024943225,0,-0.0258591277728825,0,9.03381024943225,-0.0258591277728825,-0.0258591277728825,-0.0258591277728825,0.0210013285642308
14.8412385484711,0,0.00805813747067324,0,14.8412385484711,0.00805813747067324,0.00805813747067324,0.00805813747067324,0.0331399934197975
10.6567948708008,0,0.0203455428827325,0,10.6567948708008,0.0203455428827325,0.0203455428827325,0.0203455428827325,0.0367174068081082
15.83958844307,0,0.0399832495665445,0,15.83958844307,0.0399832495665445,0.0399832495665445,0.0399832495665445,0.0130470310288665
17.7014293147066,0,0.0234372077444364,0,17.7014293147066,0.0234372077444364,0.0234372077444364,0.0234372077444364,0.0323786122878216
16.016217440795,0,-0.00369944404825601,0,16.016217440795,-0.00369944404825601,-0.00369944404825601,-0.00369944404825601,0.0376637682579198
6.35958088046694,0,-0.0328185793493547,0,6.35958088046694,-0.0328185793493547,-0.0328185793493547,-0.0328185793493547,0.0520581686434144
7.84913150076159,0,0.0206892300368871,0,7.84913150076159,0.0206892300368871,0.0206892300368871,0.0206892300368871,0.0125920499284639
11.3110693140974,0,0.00982781565554414,0,11.3110693140974,0.00982781565554414,0.00982781565554414,0.00982781565554414,0.0152975413868066
19.3344521561619,0,-0.0178892890128142,0,19.3344521561619,-0.0178892890128142,-0.0178892890128142,-0.0178892890128142,0.0322365626104049
12.3671082351961,0,0.0210231372322994,0,12.3671082351961,0.0210231372322994,0.0210231372322994,0.0210231372322994,0.0160828742749283
12.3654554745313,0,-0.0686880413546458,0,12.3654554745313,-0.0686880413546458,-0.0686880413546458,-0.0686880413546458,0.0513325050706189
19.2556223171704,0,0.0285945738844167,0,19.2556223171704,0.0285945738844167,0.0285945738844167,0.0285945738844167,0.0139726523520546
34.7312424253189,0,0.00360906084633839,0,34.7312424253189,0.00360906084633839,0.00360906084633839,0.00360906084633839,0.017575833019559
54.7209102152747,0,0.0196726221291343,0,54.7209102152747,0.0196726221291343,0.0196726221291343,0.0196726221291343,0.0109274670854921
10.3775310816429,0,0.101658959703851,0,10.3775310816429,0.101658959703851,0.101658959703851,0.101658959703851,0.0398037227196641
13.7692792179168,0,0.045315959795906,0,13.7692792179168,0.045315959795906,0.045315959795906,0.045315959795906,0.0576659331255503
11.7030101268542,0,0.0664031592294417,0,11.7030101268542,0.0664031592294417,0.0664031592294417,0.0664031592294417,0.0318702419669784
7.36539602284415,0,-0.0247872150245361,0,7.36539602284415,-0.0247872150245361,-0.0247872150245361,-0.0247872150245361,0.114121672795408
9.34902839864339,0,-0.0319037471830898,0,9.34902839864339,-0.0319037471830898,-0.0319037471830898,-0.0319037471830898,0.0353702402159913
10.3934503295043,0,0.0619972167608137,0,10.3934503295043,0.0619972167608137,0.0619972167608137,0.0619972167608137,0.0947975137929517
11.8155784180346,0,0.132399483418963,0,11.8155784180346,0.132399483418963,0.132399483418963,0.132399483418963,0.0684128055131695
10.8363107906744,0,-0.028098390818107,0,10.8363107906744,-0.028098390818107,-0.028098390818107,-0.028098390818107,0.071926050301895
11.7003583105711,0,-0.00186774348468509,0,11.7003583105711,-0.00186774348468509,-0.00186774348468509,-0.00186774348468509,0.00589871207554302
14.1717804897526,0,0.027255899623745,0,14.1717804897526,0.027255899623745,0.027255899623745,0.027255899623745,0.0438772018708798
10.4916049522311,0,0.0132463173032987,0,10.4916049522311,0.0132463173032987,0.0132463173032987,0.0132463173032987,0.0267192917518445
12.491172371433,0,0.00616174807970621,0,12.491172371433,0.00616174807970621,0.00616174807970621,0.00616174807970621,0.0405245193389735
22.4190143092695,0,-0.000161199703742028,0,22.4190143092695,-0.000161199703742028,-0.000161199703742028,-0.000161199703742028,0.0167230245622351
23.3384346785706,0,0.0173424537425691,0,23.3384346785706,0.0173424537425691,0.0173424537425691,0.0173424537425691,0.0189266195413323
21.0471310356801,0,0.0617673658141888,0,21.0471310356801,0.0617673658141888,0.0617673658141888,0.0617673658141888,0.047052745863464
18.868464140174,0,-0.0601138815581494,0,18.868464140174,-0.0601138815581494,-0.0601138815581494,-0.0601138815581494,0.0841243606959225
130.216227665708,0,0.0198117493038606,0,130.216227665708,0.0198117493038606,0.0198117493038606,0.0198117493038606,0.0277236387216602
9.87654480749694,0,-0.0946232449189078,0,9.87654480749694,-0.0946232449189078,-0.0946232449189078,-0.0946232449189078,0.0836731049469832
15.7641037476623,0,0.0452974152246685,0,15.7641037476623,0.0452974152246685,0.0452974152246685,0.0452974152246685,0.0222639606786319
14.6925462604222,0,-0.00458452472707301,0,14.6925462604222,-0.00458452472707301,-0.00458452472707301,-0.00458452472707301,0.0444254697733256
7.79044115240101,0,0.0350532910010923,0,7.79044115240101,0.0350532910010923,0.0350532910010923,0.0350532910010923,0.0585754206769742
8.10146185701589,0,0.0427555806686441,0,8.10146185701589,0.0427555806686441,0.0427555806686441,0.0427555806686441,0.0518433181255775
11.2420027298881,0,-0.0660500012093723,0,11.2420027298881,-0.0660500012093723,-0.0660500012093723,-0.0660500012093723,0.0384705888979592
27.9381463268887,0,-0.0196646199066465,0,27.9381463268887,-0.0196646199066465,-0.0196646199066465,-0.0196646199066465,0.0266030945529787
28.4056044215739,0,-0.0234835133541325,0,28.4056044215739,-0.0234835133541325,-0.0234835133541325,-0.0234835133541325,0.0460235649191708
9.44659083119766,0,-0.0979355343768668,0,9.44659083119766,-0.0979355343768668,-0.0979355343768668,-0.0979355343768668,0.106984919191722
10.6319539160187,0,0.00587821668928426,0,10.6319539160187,0.00587821668928426,0.00587821668928426,0.00587821668928426,0.0434639030773943
23.722803858762,0,0.00435490338959432,0,23.722803858762,0.00435490338959432,0.00435490338959432,0.00435490338959432,0.0172785731987079
NA,NA,NA,NA,NA,NA,NA,NA,NA
14.5501339822123,0,-0.0241508994853178,0,14.5501339822123,-0.0241508994853178,-0.0241508994853178,-0.0241508994853178,0.0112761190742462
6.82559417888738,0,-0.0208488602109932,0,6.82559417888738,-0.0208488602109932,-0.0208488602109932,-0.0208488602109932,0.0626238731585564
7.10118523761685,0,-0.0285278978712163,0,7.10118523761685,-0.0285278978712163,-0.0285278978712163,-0.0285278978712163,0.0595492352872805
8.39406695268219,0,0.0167837864563465,0,8.39406695268219,0.0167837864563465,0.0167837864563465,0.0167837864563465,0.0322473662392579
15.3813680380744,0,-0.0235768509494856,0,15.3813680380744,-0.0235768509494856,-0.0235768509494856,-0.0235768509494856,0.0385600790656454
10.9419857642508,0,-0.0876235523401562,0,10.9419857642508,-0.0876235523401562,-0.0876235523401562,-0.0876235523401562,0.0336377588977628
9.567453602661,0,-0.0130573193727359,0,9.567453602661,-0.0130573193727359,-0.0130573193727359,-0.0130573193727359,0.0264340771076804
9.56764954052794,0,-0.00578932875863998,0,9.56764954052794,-0.00578932875863998,-0.00578932875863998,-0.00578932875863998,0.0288617279537588
9.58796747981615,0,0.00725905880614161,0,9.58796747981615,0.00725905880614161,0.00725905880614161,0.00725905880614161,0.0422687684348916
15.1454884083029,0,0.0687427351592194,0,15.1454884083029,0.0687427351592194,0.0687427351592194,0.0687427351592194,0.0334809714396658
9.03381024943225,0,-0.0258591277728825,0,9.03381024943225,-0.0258591277728825,-0.0258591277728825,-0.0258591277728825,0.0210013285642308
14.8412385484711,0,0.00805813747067324,0,14.8412385484711,0.00805813747067324,0.00805813747067324,0.00805813747067324,0.0331399934197975
10.6567948708008,0,0.0203455428827325,0,10.6567948708008,0.0203455428827325,0.0203455428827325,0.0203455428827325,0.0367174068081082
15.83958844307,0,0.0399832495665445,0,15.83958844307,0.0399832495665445,0.0399832495665445,0.0399832495665445,0.0130470310288665
17.7014293147066,0,0.0234372077444364,0,17.7014293147066,0.0234372077444364,0.0234372077444364,0.0234372077444364,0.0323786122878216
16.016217440795,0,-0.00369944404825601,0,16.016217440795,-0.00369944404825601,-0.00369944404825601,-0.00369944404825601,0.0376637682579198
6.35958088046694,0,-0.0328185793493547,0,6.35958088046694,-0.0328185793493547,-0.0328185793493547,-0.0328185793493547,0.0520581686434144
7.84913150076159,0,0.0206892300368871,0,7.84913150076159,0.0206892300368871,0.0206892300368871,0.0206892300368871,0.0125920499284639
11.3110693140974,0,0.00982781565554414,0,11.3110693140974,0.00982781565554414,0.00982781565554414,0.00982781565554414,0.0152975413868066
19.3344521561619,0,-0.0178892890128142,0,19.3344521561619,-0.0178892890128142,-0.0178892890128142,-0.0178892890128142,0.0322365626104049
12.3671082351961,0,0.0210231372322994,0,12.3671082351961,0.0210231372322994,0.0210231372322994,0.0210231372322994,0.0160828742749283
12.3654554745313,0,-0.0686880413546458,0,12.3654554745313,-0.0686880413546458,-0.0686880413546458,-0.0686880413546458,0.0513325050706189
19.2556223171704,0,0.0285945738844167,0,19.2556223171704,0.0285945738844167,0.0285945738844167,0.0285945738844167,0.0139726523520546
34.7312424253189,0,0.00360906084633839,0,34.7312424253189,0.00360906084633839,0.00360906084633839,0.00360906084633839,0.017575833019559
54.7209102152747,0,0.0196726221291343,0,54.7209102152747,0.0196726221291343,0.0196726221291343,0.0196726221291343,0.0109274670854921
10.3775310816429,0,0.101658959703851,0,10.3775310816429,0.101658959703851,0.101658959703851,0.101658959703851,0.0398037227196641
13.7692792179168,0,0.045315959795906,0,13.7692792179168,0.045315959795906,0.045315959795906,0.045315959795906,0.0576659331255503
11.7030101268542,0,0.0664031592294417,0,11.7030101268542,0.0664031592294417,0.0664031592294417,0.0664031592294417,0.0318702419669784
7.36539602284415,0,-0.0247872150245361,0,7.36539602284415,-0.0247872150245361,-0.0247872150245361,-0.0247872150245361,0.114121672795408
9.34902839864339,0,-0.0319037471830898,0,9.34902839864339,-0.0319037471830898,-0.0319037471830898,-0.0319037471830898,0.0353702402159913
10.3934503295043,0,0.0619972167608137,0,10.3934503295043,0.0619972167608137,0.0619972167608137,0.0619972167608137,0.0947975137929517
11.8155784180346,0,0.132399483418963,0,11.8155784180346,0.132399483418963,0.132399483418963,0.132399483418963,0.0684128055131695
10.8363107906744,0,-0.028098390818107,0,10.8363107906744,-0.028098390818107,-0.028098390818107,-0.028098390818107,0.071926050301895
11.7003583105711,0,-0.00186774348468509,0,11.7003583105711,-0.00186774348468509,-0.00186774348468509,-0.00186774348468509,0.00589871207554302
14.1717804897526,0,0.027255899623745,0,14.1717804897526,0.027255899623745,0.027255899623745,0.027255899623745,0.0438772018708798
10.4916049522311,0,0.0132463173032987,0,10.4916049522311,0.0132463173032987,0.0132463173032987,0.0132463173032987,0.0267192917518445
12.491172371433,0,0.00616174807970621,0,12.491172371433,0.00616174807970621,0.00616174807970621,0.00616174807970621,0.0405245193389735
22.4190143092695,0,-0.000161199703742028,0,22.4190143092695,-0.000161199703742028,-0.000161199703742028,-0.000161199703742028,0.0167230245622351
23.3384346785706,0,0.0173424537425691,0,23.3384346785706,0.0173424537425691,0.0173424537425691,0.0173424537425691,0.0189266195413323
21.0471310356801,0,0.0617673658141888,0,21.0471310356801,0.0617673658141888,0.0617673658141888,0.0617673658141888,0.047052745863464
18.868464140174,0,-0.0601138815581494,0,18.868464140174,-0.0601138815581494,-0.0601138815581494,-0.0601138815581494,0.0841243606959225
130.216227665708,0,0.0198117493038606,0,130.216227665708,0.0198117493038606,0.0198117493038606,0.0198117493038606,0.0277236387216602
9.87654480749694,0,-0.0946232449189078,0,9.87654480749694,-0.0946232449189078,-0.0946232449189078,-0.0946232449189078,0.0836731049469832
15.7641037476623,0,0.0452974152246685,0,15.7641037476623,0.0452974152246685,0.0452974152246685,0.0452974152246685,0.0222639606786319
14.6925462604222,0,-0.00458452472707301,0,14.6925462604222,-0.00458452472707301,-0.00458452472707301,-0.00458452472707301,0.0444254697733256
7.79044115240101,0,0.0350532910010923,0,7.79044115240101,0.0350532910010923,0.0350532910010923,0.0350532910010923,0.0585754206769742
8.10146185701589,0,0.0427555806686441,0,8.10146185701589,0.0427555806686441,0.0427555806686441,0.0427555806686441,0.0518433181255775
11.2420027298881,0,-0.0660500012093723,0,11.2420027298881,-0.0660500012093723,-0.0660500012093723,-0.0660500012093723,0.0384705888979592
27.9381463268887,0,-0.0196646199066465,0,27.9381463268887,-0.0196646199066465,-0.0196646199066465,-0.0196646199066465,0.0266030945529787
28.4056044215739,0,-0.0234835133541325,0,28.4056044215739,-0.0234835133541325,-0.0234835133541325,-0.0234835133541325,0.0460235649191708
9.44659083119766,0,-0.0979355343768668,0,9.44659083119766,-0.0979355343768668,-0.0979355343768668,-0.0979355343768668,0.106984919191722
10.6319539160187,0,0.00587821668928426,0,10.6319539160187,0.00587821668928426,0.00587821668928426,0.00587821668928426,0.0434639030773943
23.722803858762,0,0.00435490338959432,0,23.722803858762,0.00435490338959432,0.00435490338959432,0.00435490338959432,0.0172785731987079
NA,NA,NA,NA,NA,NA,NA,NA,NA
14.5501339822123,0,-0.0241508994853178,0,14.5501339822123,-0.0241508994853178,-0.0241508994853178,-0.0241508994853178,0.0112761190742462
6.82559417888738,0,-0.0208488602109932,0,6.82559417888738,-0.0208488602109932,-0.0208488602109932,-0.0208488602109932,0.0626238731585564
7.10118523761685,0,-0.0285278978712163,0,7.10118523761685,-0.0285278978712163,-0.0285278978712163,-0.0285278978712163,0.0595492352872805
8.39406695268219,0,0.0167837864563465,0,8.39406695268219,0.0167837864563465,0.0167837864563465,0.0167837864563465,0.0322473662392579
15.3813680380744,0,-0.0235768509494856,0,15.3813680380744,-0.0235768509494856,-0.0235768509494856,-0.0235768509494856,0.0385600790656454
10.9419857642508,0,-0.0876235523401562,0,10.9419857642508,-0.0876235523401562,-0.0876235523401562,-0.0876235523401562,0.0336377588977628
9.567453602661,0,-0.0130573193727359,0,9.567453602661,-0.0130573193727359,-0.0130573193727359,-0.0130573193727359,0.0264340771076804
9.56764954052794,0,-0.00578932875863998,0,9.56764954052794,-0.00578932875863998,-0.00578932875863998,-0.00578932875863998,0.0288617279537588
9.58796747981615,0,0.00725905880614161,0,9.58796747981615,0.00725905880614161,0.00725905880614161,0.00725905880614161,0.0422687684348916
15.1454884083029,0,0.0687427351592194,0,15.1454884083029,0.0687427351592194,0.0687427351592194,0.0687427351592194,0.0334809714396658
9.03381024943225,0,-0.0258591277728825,0,9.03381024943225,-0.0258591277728825,-0.0258591277728825,-0.0258591277728825,0.0210013285642308
14.8412385484711,0,0.00805813747067324,0,14.8412385484711,0.00805813747067324,0.00805813747067324,0.00805813747067324,0.0331399934197975
10.6567948708008,0,0.0203455428827325,0,10.6567948708008,0.0203455428827325,0.0203455428827325,0.0203455428827325,0.0367174068081082
15.83958844307,0,0.0399832495665445,0,15.83958844307,0.0399832495665445,0.0399832495665445,0.0399832495665445,0.0130470310288665
17.7014293147066,0,0.0234372077444364,0,17.7014293147066,0.0234372077444364,0.0234372077444364,0.0234372077444364,0.0323786122878216
16.016217440795,0,-0.00369944404825601,0,16.016217440795,-0.00369944404825601,-0.00369944404825601,-0.00369944404825601,0.0376637682579198
6.35958088046694,0,-0.0328185793493547,0,6.35958088046694,-0.0328185793493547,-0.0328185793493547,-0.0328185793493547,0.0520581686434144
7.84913150076159,0,0.0206892300368871,0,7.84913150076159,0.0206892300368871,0.0206892300368871,0.0206892300368871,0.0125920499284639
11.3110693140974,0,0.00982781565554414,0,11.3110693140974,0.00982781565554414,0.00982781565554414,0.00982781565554414,0.0152975413868066
19.3344521561619,0,-0.0178892890128142,0,19.3344521561619,-0.0178892890128142,-0.0178892890128142,-0.0178892890128142,0.0322365626104049
12.3671082351961,0,0.0210231372322994,0,12.3671082351961,0.0210231372322994,0.0210231372322994,0.0210231372322994,0.0160828742749283
12.3654554745313,0,-0.0686880413546458,0,12.3654554745313,-0.0686880413546458,-0.0686880413546458,-0.0686880413546458,0.0513325050706189
19.2556223171704,0,0.0285945738844167,0,19.2556223171704,0.0285945738844167,0.0285945738844167,0.0285945738844167,0.0139726523520546
34.7312424253189,0,0.00360906084633839,0,34.7312424253189,0.00360906084633839,0.00360906084633839,0.00360906084633839,0.017575833019559
54.7209102152747,0,0.0196726221291343,0,54.7209102152747,0.0196726221291343,0.0196726221291343,0.0196726221291343,0.0109274670854921
10.3775310816429,0,0.101658959703851,0,10.3775310816429,0.101658959703851,0.101658959703851,0.101658959703851,0.0398037227196641
13.7692792179168,0,0.045315959795906,0,13.7692792179168,0.045315959795906,0.045315959795906,0.045315959795906,0.0576659331255503
11.7030101268542,0,0.0664031592294417,0,11.7030101268542,0.0664031592294417,0.0664031592294417,0.0664031592294417,0.0318702419669784
7.36539602284415,0,-0.0247872150245361,0,7.36539602284415,-0.0247872150245361,-0.0247872150245361,-0.0247872150245361,0.114121672795408
9.34902839864339,0,-0.0319037471830898,0,9.34902839864339,-0.0319037471830898,-0.0319037471830898,-0.0319037471830898,0.0353702402159913
10.3934503295043,0,0.0619972167608137,0,10.3934503295043,0.0619972167608137,0.0619972167608137,0.0619972167608137,0.0947975137929517
11.8155784180346,0,0.132399483418963,0,11.8155784180346,0.132399483418963,0.132399483418963,0.132399483418963,0.0684128055131695
10.8363107906744,0,-0.028098390818107,0,10.8363107906744,-0.028098390818107,-0.028098390818107,-0.028098390818107,0.071926050301895
11.7003583105711,0,-0.00186774348468509,0,11.7003583105711,-0.00186774348468509,-0.00186774348468509,-0.00186774348468509,0.00589871207554302
14.1717804897526,0,0.027255899623745,0,14.1717804897526,0.027255899623745,0.027255899623745,0.027255899623745,0.0438772018708798
10.4916049522311,0,0.0132463173032987,0,10.4916049522311,0.0132463173032987,0.0132463173032987,0.0132463173032987,0.0267192917518445
12.491172371433,0,0.00616174807970621,0,12.491172371433,0.00616174807970621,0.00616174807970621,0.00616174807970621,0.0405245193389735
22.4190143092695,0,-0.000161199703742028,0,22.4190143092695,-0.000161199703742028,-0.000161199703742028,-0.000161199703742028,0.0167230245622351
23.3384346785706,0,0.0173424537425691,0,23.3384346785706,0.0173424537425691,0.0173424537425691,0.0173424537425691,0.0189266195413323
21.0471310356801,0,0.0617673658141888,0,21.0471310356801,0.0617673658141888,0.0617673658141888,0.0617673658141888,0.047052745863464
18.868464140174,0,-0.0601138815581494,0,18.868464140174,-0.0601138815581494,-0.0601138815581494,-0.0601138815581494,0.0841243606959225
130.216227665708,0,0.0198117493038606,0,130.216227665708,0.0198117493038606,0.0198117493038606,0.0198117493038606,0.0277236387216602
9.87654480749694,0,-0.0946232449189078,0,9.87654480749694,-0.0946232449189078,-0.0946232449189078,-0.0946232449189078,0.0836731049469832
15.7641037476623,0,0.0452974152246685,0,15.7641037476623,0.0452974152246685,0.0452974152246685,0.0452974152246685,0.0222639606786319
14.6925462604222,0,-0.00458452472707301,0,14.6925462604222,-0.00458452472707301,-0.00458452472707301,-0.00458452472707301,0.0444254697733256
7.79044115240101,0,0.0350532910010923,0,7.79044115240101,0.0350532910010923,0.0350532910010923,0.0350532910010923,0.0585754206769742
8.10146185701589,0,0.0427555806686441,0,8.10146185701589,0.0427555806686441,0.0427555806686441,0.0427555806686441,0.0518433181255775
11.2420027298881,0,-0.0660500012093723,0,11.2420027298881,-0.0660500012093723,-0.0660500012093723,-0.0660500012093723,0.0384705888979592
27.9381463268887,0,-0.0196646199066465,0,27.9381463268887,-0.0196646199066465,-0.0196646199066465,-0.0196646199066465,0.0266030945529787
28.4056044215739,0,-0.0234835133541325,0,28.4056044215739,-0.0234835133541325,-0.0234835133541325,-0.0234835133541325,0.0460235649191708
9.44659083119766,0,-0.0979355343768668,0,9.44659083119766,-0.0979355343768668,-0.0979355343768668,-0.0979355343768668,0.106984919191722
10.6319539160187,0,0.00587821668928426,0,10.6319539160187,0.00587821668928426,0.00587821668928426,0.00587821668928426,0.0434639030773943
23.722803858762,0,0.00435490338959432,0,23.722803858762,0.00435490338959432,0.00435490338959432,0.00435490338959432,0.0172785731987079
NA,NA,NA,NA,NA,NA,NA,NA,NA
14.5501339822123,0,-0.0241508994853178,0,14.5501339822123,-0.0241508994853178,-0.0241508994853178,-0.0241508994853178,0.0112761190742462
6.82559417888738,0,-0.0208488602109932,0,6.82559417888738,-0.0208488602109932,-0.0208488602109932,-0.0208488602109932,0.0626238731585564
7.10118523761685,0,-0.0285278978712163,0,7.10118523761685,-0.0285278978712163,-0.0285278978712163,-0.0285278978712163,0.0595492352872805
8.39406695268219,0,0.0167837864563465,0,8.39406695268219,0.0167837864563465,0.0167837864563465,0.0167837864563465,0.0322473662392579
15.3813680380744,0,-0.0235768509494856,0,15.3813680380744,-0.0235768509494856,-0.0235768509494856,-0.0235768509494856,0.0385600790656454
10.9419857642508,0,-0.0876235523401562,0,10.9419857642508,-0.0876235523401562,-0.0876235523401562,-0.0876235523401562,0.0336377588977628
9.567453602661,0,-0.0130573193727359,0,9.567453602661,-0.0130573193727359,-0.0130573193727359,-0.0130573193727359,0.0264340771076804
9.56764954052794,0,-0.00578932875863998,0,9.56764954052794,-0.00578932875863998,-0.00578932875863998,-0.00578932875863998,0.0288617279537588
9.58796747981615,0,0.00725905880614161,0,9.58796747981615,0.00725905880614161,0.00725905880614161,0.00725905880614161,0.0422687684348916
15.1454884083029,0,0.0687427351592194,0,15.1454884083029,0.0687427351592194,0.0687427351592194,0.0687427351592194,0.0334809714396658
9.03381024943225,0,-0.0258591277728825,0,9.03381024943225,-0.0258591277728825,-0.0258591277728825,-0.0258591277728825,0.0210013285642308
14.8412385484711,0,0.00805813747067324,0,14.8412385484711,0.00805813747067324,0.00805813747067324,0.00805813747067324,0.0331399934197975
10.6567948708008,0,0.0203455428827325,0,10.6567948708008,0.0203455428827325,0.0203455428827325,0.0203455428827325,0.0367174068081082
15.83958844307,0,0.0399832495665445,0,15.83958844307,0.0399832495665445,0.0399832495665445,0.0399832495665445,0.0130470310288665
17.7014293147066,0,0.0234372077444364,0,17.7014293147066,0.0234372077444364,0.0234372077444364,0.0234372077444364,0.0323786122878216
16.016217440795,0,-0.00369944404825601,0,16.016217440795,-0.00369944404825601,-0.00369944404825601,-0.00369944404825601,0.0376637682579198
6.35958088046694,0,-0.0328185793493547,0,6.35958088046694,-0.0328185793493547,-0.0328185793493547,-0.0328185793493547,0.0520581686434144
7.84913150076159,0,0.0206892300368871,0,7.84913150076159,0.0206892300368871,0.0206892300368871,0.0206892300368871,0.0125920499284639
11.3110693140974,0,0.00982781565554414,0,11.3110693140974,0.00982781565554414,0.00982781565554414,0.00982781565554414,0.0152975413868066
19.3344521561619,0,-0.0178892890128142,0,19.3344521561619,-0.0178892890128142,-0.0178892890128142,-0.0178892890128142,0.0322365626104049
12.3671082351961,0,0.0210231372322994,0,12.3671082351961,0.0210231372322994,0.0210231372322994,0.0210231372322994,0.0160828742749283
12.3654554745313,0,-0.0686880413546458,0,12.3654554745313,-0.0686880413546458,-0.0686880413546458,-0.0686880413546458,0.0513325050706189
19.2556223171704,0,0.0285945738844167,0,19.2556223171704,0.0285945738844167,0.0285945738844167,0.0285945738844167,0.0139726523520546
34.7312424253189,0,0.00360906084633839,0,34.7312424253189,0.00360906084633839,0.00360906084633839,0.00360906084633839,0.017575833019559
54.7209102152747,0,0.0196726221291343,0,54.7209102152747,0.0196726221291343,0.0196726221291343,0.0196726221291343,0.0109274670854921
10.3775310816429,0,0.101658959703851,0,10.3775310816429,0.101658959703851,0.101658959703851,0.101658959703851,0.0398037227196641
13.7692792179168,0,0.045315959795906,0,13.7692792179168,0.045315959795906,0.045315959795906,0.045315959795906,0.0576659331255503
11.7030101268542,0,0.0664031592294417,0,11.7030101268542,0.0664031592294417,0.0664031592294417,0.0664031592294417,0.0318702419669784
7.36539602284415,0,-0.0247872150245361,0,7.36539602284415,-0.0247872150245361,-0.0247872150245361,-0.0247872150245361,0.114121672795408
9.34902839864339,0,-0.0319037471830898,0,9.34902839864339,-0.0319037471830898,-0.0319037471830898,-0.0319037471830898,0.0353702402159913
10.3934503295043,0,0.0619972167608137,0,10.3934503295043,0.0619972167608137,0.0619972167608137,0.0619972167608137,0.0947975137929517
11.8155784180346,0,0.132399483418963,0,11.8155784180346,0.132399483418963,0.132399483418963,0.132399483418963,0.0684128055131695
10.8363107906744,0,-0.028098390818107,0,10.8363107906744,-0.028098390818107,-0.028098390818107,-0.028098390818107,0.071926050301895
11.7003583105711,0,-0.00186774348468509,0,11.7003583105711,-0.00186774348468509,-0.00186774348468509,-0.00186774348468509,0.00589871207554302
14.1717804897526,0,0.027255899623745,0,14.1717804897526,0.027255899623745,0.027255899623745,0.027255899623745,0.0438772018708798
10.4916049522311,0,0.0132463173032987,0,10.4916049522311,0.0132463173032987,0.0132463173032987,0.0132463173032987,0.0267192917518445
12.491172371433,0,0.00616174807970621,0,12.491172371433,0.00616174807970621,0.00616174807970621,0.00616174807970621,0.0405245193389735
22.4190143092695,0,-0.000161199703742028,0,22.4190143092695,-0.000161199703742028,-0.000161199703742028,-0.000161199703742028,0.0167230245622351
23.3384346785706,0,0.0173424537425691,0,23.3384346785706,0.0173424537425691,0.0173424537425691,0.0173424537425691,0.0189266195413323
21.0471310356801,0,0.0617673658141888,0,21.0471310356801,0.0617673658141888,0.0617673658141888,0.0617673658141888,0.047052745863464
18.868464140174,0,-0.0601138815581494,0,18.868464140174,-0.0601138815581494,-0.0601138815581494,-0.0601138815581494,0.0841243606959225
130.216227665708,0,0.0198117493038606,0,130.216227665708,0.0198117493038606,0.0198117493038606,0.0198117493038606,0.0277236387216602
9.87654480749694,0,-0.0946232449189078,0,9.87654480749694,-0.0946232449189078,-0.0946232449189078,-0.0946232449189078,0.0836731049469832
15.7641037476623,0,0.0452974152246685,0,15.7641037476623,0.0452974152246685,0.0452974152246685,0.0452974152246685,0.0222639606786319
14.6925462604222,0,-0.00458452472707301,0,14.6925462604222,-0.00458452472707301,-0.00458452472707301,-0.00458452472707301,0.0444254697733256
7.79044115240101,0,0.0350532910010923,0,7.79044115240101,0.0350532910010923,0.0350532910010923,0.0350532910010923,0.0585754206769742
8.10146185701589,0,0.0427555806686441,0,8.10146185701589,0.0427555806686441,0.0427555806686441,0.0427555806686441,0.0518433181255775
11.2420027298881,0,-0.0660500012093723,0,11.2420027298881,-0.0660500012093723,-0.0660500012093723,-0.0660500012093723,0.0384705888979592
27.9381463268887,0,-0.0196646199066465,0,27.9381463268887,-0.0196646199066465,-0.0196646199066465,-0.0196646199066465,0.0266030945529787
28.4056044215739,0,-0.0234835133541325,0,28.4056044215739,-0.0234835133541325,-0.0234835133541325,-0.0234835133541325,0.0460235649191708
9.44659083119766,0,-0.0979355343768668,0,9.44659083119766,-0.0979355343768668,-0.0979355343768668,-0.0979355343768668,0.106984919191722
10.6319539160187,0,0.00587821668928426,0,10.6319539160187,0.00587821668928426,0.00587821668928426,0.00587821668928426,0.0434639030773943
23.722803858762,0,0.00435490338959432,0,23.722803858762,0.00435490338959432,0.00435490338959432,0.00435490338959432,0.0172785731987079
NA,NA,NA,NA,NA,NA,NA,NA,NA
14.5501339822123,0,-0.0241508994853178,0,14.5501339822123,-0.0241508994853178,-0.0241508994853178,-0.0241508994853178,0.0112761190742462
6.82559417888738,0,-0.0208488602109932,0,6.82559417888738,-0.0208488602109932,-0.0208488602109932,-0.0208488602109932,0.0626238731585564
7.10118523761685,0,-0.0285278978712163,0,7.10118523761685,-0.0285278978712163,-0.0285278978712163,-0.0285278978712163,0.0595492352872805
8.39406695268219,0,0.0167837864563465,0,8.39406695268219,0.0167837864563465,0.0167837864563465,0.0167837864563465,0.0322473662392579
15.3813680380744,0,-0.0235768509494856,0,15.3813680380744,-0.0235768509494856,-0.0235768509494856,-0.0235768509494856,0.0385600790656454
10.9419857642508,0,-0.0876235523401562,0,10.9419857642508,-0.0876235523401562,-0.0876235523401562,-0.0876235523401562,0.0336377588977628
9.567453602661,0,-0.0130573193727359,0,9.567453602661,-0.0130573193727359,-0.0130573193727359,-0.0130573193727359,0.0264340771076804
9.56764954052794,0,-0.00578932875863998,0,9.56764954052794,-0.00578932875863998,-0.00578932875863998,-0.00578932875863998,0.0288617279537588
9.58796747981615,0,0.00725905880614161,0,9.58796747981615,0.00725905880614161,0.00725905880614161,0.00725905880614161,0.0422687684348916
15.1454884083029,0,0.0687427351592194,0,15.1454884083029,0.0687427351592194,0.0687427351592194,0.0687427351592194,0.0334809714396658
9.03381024943225,0,-0.0258591277728825,0,9.03381024943225,-0.0258591277728825,-0.0258591277728825,-0.0258591277728825,0.0210013285642308
14.8412385484711,0,0.00805813747067324,0,14.8412385484711,0.00805813747067324,0.00805813747067324,0.00805813747067324,0.0331399934197975
10.6567948708008,0,0.0203455428827325,0,10.6567948708008,0.0203455428827325,0.0203455428827325,0.0203455428827325,0.0367174068081082
15.83958844307,0,0.0399832495665445,0,15.83958844307,0.0399832495665445,0.0399832495665445,0.0399832495665445,0.0130470310288665
17.7014293147066,0,0.0234372077444364,0,17.7014293147066,0.0234372077444364,0.0234372077444364,0.0234372077444364,0.0323786122878216
16.016217440795,0,-0.00369944404825601,0,16.016217440795,-0.00369944404825601,-0.00369944404825601,-0.00369944404825601,0.0376637682579198
6.35958088046694,0,-0.0328185793493547,0,6.35958088046694,-0.0328185793493547,-0.0328185793493547,-0.0328185793493547,0.0520581686434144
7.84913150076159,0,0.0206892300368871,0,7.84913150076159,0.0206892300368871,0.0206892300368871,0.0206892300368871,0.0125920499284639
11.3110693140974,0,0.00982781565554414,0,11.3110693140974,0.00982781565554414,0.00982781565554414,0.00982781565554414,0.0152975413868066
19.3344521561619,0,-0.0178892890128142,0,19.3344521561619,-0.0178892890128142,-0.0178892890128142,-0.0178892890128142,0.0322365626104049
12.3671082351961,0,0.0210231372322994,0,12.3671082351961,0.0210231372322994,0.0210231372322994,0.0210231372322994,0.0160828742749283
12.3654554745313,0,-0.0686880413546458,0,12.3654554745313,-0.0686880413546458,-0.0686880413546458,-0.0686880413546458,0.0513325050706189
19.2556223171704,0,0.0285945738844167,0,19.2556223171704,0.0285945738844167,0.0285945738844167,0.0285945738844167,0.0139726523520546
34.7312424253189,0,0.00360906084633839,0,34.7312424253189,0.00360906084633839,0.00360906084633839,0.00360906084633839,0.017575833019559
54.7209102152747,0,0.0196726221291343,0,54.7209102152747,0.0196726221291343,0.0196726221291343,0.0196726221291343,0.0109274670854921
10.3775310816429,0,0.101658959703851,0,10.3775310816429,0.101658959703851,0.101658959703851,0.101658959703851,0.0398037227196641
13.7692792179168,0,0.045315959795906,0,13.7692792179168,0.045315959795906,0.045315959795906,0.045315959795906,0.0576659331255503
11.7030101268542,0,0.0664031592294417,0,11.7030101268542,0.0664031592294417,0.0664031592294417,0.0664031592294417,0.0318702419669784
7.36539602284415,0,-0.0247872150245361,0,7.36539602284415,-0.0247872150245361,-0.0247872150245361,-0.0247872150245361,0.114121672795408
9.34902839864339,0,-0.0319037471830898,0,9.34902839864339,-0.0319037471830898,-0.0319037471830898,-0.0319037471830898,0.0353702402159913
12.3611575522981,0,-0.0042723235541842,0,12.3611575522981,-0.0042723235541842,-0.0042723235541842,-0.0042723235541842,0.0564107009092355
11.8155784180346,0,0.132399483418963,0,11.8155784180346,0.132399483418963,0.132399483418963,0.132399483418963,0.0684128055131695
10.8363107906744,0,-0.028098390818107,0,10.8363107906744,-0.028098390818107,-0.028098390818107,-0.028098390818107,0.071926050301895
11.7003583105711,0,-0.00186774348468509,0,11.7003583105711,-0.00186774348468509,-0.00186774348468509,-0.00186774348468509,0.00589871207554302
14.1717804897526,0,0.027255899623745,0,14.1717804897526,0.027255899623745,0.027255899623745,0.027255899623745,0.0438772018708798
10.4916049522311,0,0.0132463173032987,0,10.4916049522311,0.0132463173032987,0.0132463173032987,0.0132463173032987,0.0267192917518445
12.491172371433,0,0.00616174807970621,0,12.491172371433,0.00616174807970621,0.00616174807970621,0.00616174807970621,0.0405245193389735
22.4190143092695,0,-0.000161199703742028,0,22.4190143092695,-0.000161199703742028,-0.000161199703742028,-0.000161199703742028,0.0167230245622351
23.3384346785706,0,0.0173424537425691,0,23.3384346785706,0.0173424537425691,0.0173424537425691,0.0173424537425691,0.0189266195413323
21.0471310356801,0,0.0617673658141888,0,21.0471310356801,0.0617673658141888,0.0617673658141888,0.0617673658141888,0.047052745863464
18.868464140174,0,-0.0601138815581494,0,18.868464140174,-0.0601138815581494,-0.0601138815581494,-0.0601138815581494,0.0841243606959225
130.216227665708,0,0.0198117493038606,0,130.216227665708,0.0198117493038606,0.0198117493038606,0.0198117493038606,0.0277236387216602
9.87654480749694,0,-0.0946232449189078,0,9.87654480749694,-0.0946232449189078,-0.0946232449189078,-0.0946232449189078,0.0836731049469832
15.7641037476623,0,0.0452974152246685,0,15.7641037476623,0.0452974152246685,0.0452974152246685,0.0452974152246685,0.0222639606786319
14.6925462604222,0,-0.00458452472707301,0,14.6925462604222,-0.00458452472707301,-0.00458452472707301,-0.00458452472707301,0.0444254697733256
7.79044115240101,0,0.0350532910010923,0,7.79044115240101,0.0350532910010923,0.0350532910010923,0.0350532910010923,0.0585754206769742
8.10146185701589,0,0.0427555806686441,0,8.10146185701589,0.0427555806686441,0.0427555806686441,0.0427555806686441,0.0518433181255775
11.2420027298881,0,-0.0660500012093723,0,11.2420027298881,-0.0660500012093723,-0.0660500012093723,-0.0660500012093723,0.0384705888979592
27.9381463268887,0,-0.0196646199066465,0,27.9381463268887,-0.0196646199066465,-0.0196646199066465,-0.0196646199066465,0.0266030945529787
28.4056044215739,0,-0.0234835133541325,0,28.4056044215739,-0.0234835133541325,-0.0234835133541325,-0.0234835133541325,0.0460235649191708
9.44659083119766,0,-0.0979355343768668,0,9.44659083119766,-0.0979355343768668,-0.0979355343768668,-0.0979355343768668,0.106984919191722
10.6319539160187,0,0.00587821668928426,0,10.6319539160187,0.00587821668928426,0.00587821668928426,0.00587821668928426,0.0434639030773943
23.722803858762,0,0.00435490338959432,0,23.722803858762,0.00435490338959432,0.00435490338959432,0.00435490338959432,0.0172785731987079
NA,NA,NA,NA,NA,NA,NA,NA,NA
14.5501339822123,0,-0.0241508994853178,0,14.5501339822123,-0.0241508994853178,-0.0241508994853178,-0.0241508994853178,0.0112761190742462
5.59197431763262,0,-0.0578220526680145,0,5.59197431763262,-0.0578220526680145,-0.0578220526680145,-0.0578220526680145,0.0290843221745671
7.10118523761685,0,-0.0285278978712163,0,7.10118523761685,-0.0285278978712163,-0.0285278978712163,-0.0285278978712163,0.0595492352872805
8.39406695268219,0,0.0167837864563465,0,8.39406695268219,0.0167837864563465,0.0167837864563465,0.0167837864563465,0.0322473662392579
15.3813680380744,0,-0.0235768509494856,0,15.3813680380744,-0.0235768509494856,-0.0235768509494856,-0.0235768509494856,0.0385600790656454
10.9419857642508,0,-0.0876235523401562,0,10.9419857642508,-0.0876235523401562,-0.0876235523401562,-0.0876235523401562,0.0336377588977628
9.567453602661,0,-0.0130573193727359,0,9.567453602661,-0.0130573193727359,-0.0130573193727359,-0.0130573193727359,0.0264340771076804
9.56764954052794,0,-0.00578932875863998,0,9.56764954052794,-0.00578932875863998,-0.00578932875863998,-0.00578932875863998,0.0288617279537588
9.58796747981615,0,0.00725905880614161,0,9.58796747981615,0.00725905880614161,0.00725905880614161,0.00725905880614161,0.0422687684348916
15.1454884083029,0,0.0687427351592194,0,15.1454884083029,0.0687427351592194,0.0687427351592194,0.0687427351592194,0.0334809714396658
9.03381024943225,0,-0.0258591277728825,0,9.03381024943225,-0.0258591277728825,-0.0258591277728825,-0.0258591277728825,0.0210013285642308
16.8507399661019,0,-0.0324616177649589,0,16.8507399661019,-0.0324616177649589,-0.0324616177649589,-0.0324616177649589,0.0139871446137804
10.6567948708008,0,0.0203455428827325,0,10.6567948708008,0.0203455428827325,0.0203455428827325,0.0203455428827325,0.0367174068081082
15.83958844307,0,0.0399832495665445,0,15.83958844307,0.0399832495665445,0.0399832495665445,0.0399832495665445,0.0130470310288665
17.7014293147066,0,0.0234372077444364,0,17.7014293147066,0.0234372077444364,0.0234372077444364,0.0234372077444364,0.0323786122878216
16.016217440795,0,-0.00369944404825601,0,16.016217440795,-0.00369944404825601,-0.00369944404825601,-0.00369944404825601,0.0376637682579198
6.35958088046694,0,-0.0328185793493547,0,6.35958088046694,-0.0328185793493547,-0.0328185793493547,-0.0328185793493547,0.0520581686434144
7.84913150076159,0,0.0206892300368871,0,7.84913150076159,0.0206892300368871,0.0206892300368871,0.0206892300368871,0.0125920499284639
11.3110693140974,0,0.00982781565554414,0,11.3110693140974,0.00982781565554414,0.00982781565554414,0.00982781565554414,0.0152975413868066
19.3344521561619,0,-0.0178892890128142,0,19.3344521561619,-0.0178892890128142,-0.0178892890128142,-0.0178892890128142,0.0322365626104049
12.3671082351961,0,0.0210231372322994,0,12.3671082351961,0.0210231372322994,0.0210231372322994,0.0210231372322994,0.0160828742749283
12.3654554745313,0,-0.0686880413546458,0,12.3654554745313,-0.0686880413546458,-0.0686880413546458,-0.0686880413546458,0.0513325050706189
19.2556223171704,0,0.0285945738844167,0,19.2556223171704,0.0285945738844167,0.0285945738844167,0.0285945738844167,0.0139726523520546
34.7312424253189,0,0.00360906084633839,0,34.7312424253189,0.00360906084633839,0.00360906084633839,0.00360906084633839,0.017575833019559
54.7209102152747,0,0.0196726221291343,0,54.7209102152747,0.0196726221291343,0.0196726221291343,0.0196726221291343,0.0109274670854921
10.3775310816429,0,0.101658959703851,0,10.3775310816429,0.101658959703851,0.101658959703851,0.101658959703851,0.0398037227196641
13.7692792179168,0,0.045315959795906,0,13.7692792179168,0.045315959795906,0.045315959795906,0.045315959795906,0.0576659331255503
11.7030101268542,0,0.0664031592294417,0,11.7030101268542,0.0664031592294417,0.0664031592294417,0.0664031592294417,0.0318702419669784
7.36539602284415,0,-0.0247872150245361,0,7.36539602284415,-0.0247872150245361,-0.0247872150245361,-0.0247872150245361,0.114121672795408
9.34902839864339,0,-0.0319037471830898,0,9.34902839864339,-0.0319037471830898,-0.0319037471830898,-0.0319037471830898,0.0353702402159913
12.3611575522981,0,-0.0042723235541842,0,12.3611575522981,-0.0042723235541842,-0.0042723235541842,-0.0042723235541842,0.0564107009092355
11.8155784180346,0,0.132399483418963,0,11.8155784180346,0.132399483418963,0.132399483418963,0.132399483418963,0.0684128055131695
10.8363107906744,0,-0.028098390818107,0,10.8363107906744,-0.028098390818107,-0.028098390818107,-0.028098390818107,0.071926050301895
11.7003583105711,0,-0.00186774348468509,0,11.7003583105711,-0.00186774348468509,-0.00186774348468509,-0.00186774348468509,0.00589871207554302
14.1717804897526,0,0.027255899623745,0,14.1717804897526,0.027255899623745,0.027255899623745,0.027255899623745,0.0438772018708798
10.4916049522311,0,0.0132463173032987,0,10.4916049522311,0.0132463173032987,0.0132463173032987,0.0132463173032987,0.0267192917518445
12.491172371433,0,0.00616174807970621,0,12.491172371433,0.00616174807970621,0.00616174807970621,0.00616174807970621,0.0405245193389735
22.4190143092695,0,-0.000161199703742028,0,22.4190143092695,-0.000161199703742028,-0.000161199703742028,-0.000161199703742028,0.0167230245622351
23.3384346785706,0,0.0173424537425691,0,23.3384346785706,0.0173424537425691,0.0173424537425691,0.0173424537425691,0.0189266195413323
21.0471310356801,0,0.0617673658141888,0,21.0471310356801,0.0617673658141888,0.0617673658141888,0.0617673658141888,0.047052745863464
18.868464140174,0,-0.0601138815581494,0,18.868464140174,-0.0601138815581494,-0.0601138815581494,-0.0601138815581494,0.0841243606959225
130.216227665708,0,0.0198117493038606,0,130.216227665708,0.0198117493038606,0.0198117493038606,0.0198117493038606,0.0277236387216602
9.87654480749694,0,-0.0946232449189078,0,9.87654480749694,-0.0946232449189078,-0.0946232449189078,-0.0946232449189078,0.0836731049469832
15.7641037476623,0,0.0452974152246685,0,15.7641037476623,0.0452974152246685,0.0452974152246685,0.0452974152246685,0.0222639606786319
14.6925462604222,0,-0.00458452472707301,0,14.6925462604222,-0.00458452472707301,-0.00458452472707301,-0.00458452472707301,0.0444254697733256
7.79044115240101,0,0.0350532910010923,0,7.79044115240101,0.0350532910010923,0.0350532910010923,0.0350532910010923,0.0585754206769742
8.10146185701589,0,0.0427555806686441,0,8.10146185701589,0.0427555806686441,0.0427555806686441,0.0427555806686441,0.0518433181255775
11.2420027298881,0,-0.0660500012093723,0,11.2420027298881,-0.0660500012093723,-0.0660500012093723,-0.0660500012093723,0.0384705888979592
27.9381463268887,0,-0.0196646199066465,0,27.9381463268887,-0.0196646199066465,-0.0196646199066465,-0.0196646199066465,0.0266030945529787
28.4056044215739,0,-0.0234835133541325,0,28.4056044215739,-0.0234835133541325,-0.0234835133541325,-0.0234835133541325,0.0460235649191708
9.44659083119766,0,-0.0979355343768668,0,9.44659083119766,-0.0979355343768668,-0.0979355343768668,-0.0979355343768668,0.106984919191722
10.6319539160187,0,0.00587821668928426,0,10.6319539160187,0.00587821668928426,0.00587821668928426,0.00587821668928426,0.0434639030773943
23.722803858762,0,0.00435490338959432,0,23.722803858762,0.00435490338959432,0.00435490338959432,0.00435490338959432,0.0172785731987079
NA,NA,NA,NA,NA,NA,NA,NA,NA
14.5501339822123,0,-0.0241508994853178,0,14.5501339822123,-0.0241508994853178,-0.0241508994853178,-0.0241508994853178,0.0112761190742462
5.59197431763262,0,-0.0578220526680145,0,5.59197431763262,-0.0578220526680145,-0.0578220526680145,-0.0578220526680145,0.0290843221745671
7.10118523761685,0,-0.0285278978712163,0,7.10118523761685,-0.0285278978712163,-0.0285278978712163,-0.0285278978712163,0.0595492352872805
8.39406695268219,0,0.0167837864563465,0,8.39406695268219,0.0167837864563465,0.0167837864563465,0.0167837864563465,0.0322473662392579
15.3813680380744,0,-0.0235768509494856,0,15.3813680380744,-0.0235768509494856,-0.0235768509494856,-0.0235768509494856,0.0385600790656454
10.9419857642508,0,-0.0876235523401562,0,10.9419857642508,-0.0876235523401562,-0.0876235523401562,-0.0876235523401562,0.0336377588977628
9.567453602661,0,-0.0130573193727359,0,9.567453602661,-0.0130573193727359,-0.0130573193727359,-0.0130573193727359,0.0264340771076804
9.56764954052794,0,-0.00578932875863998,0,9.56764954052794,-0.00578932875863998,-0.00578932875863998,-0.00578932875863998,0.0288617279537588
9.58796747981615,0,0.00725905880614161,0,9.58796747981615,0.00725905880614161,0.00725905880614161,0.00725905880614161,0.0422687684348916
15.1454884083029,0,0.0687427351592194,0,15.1454884083029,0.0687427351592194,0.0687427351592194,0.0687427351592194,0.0334809714396658
9.03381024943225,0,-0.0258591277728825,0,9.03381024943225,-0.0258591277728825,-0.0258591277728825,-0.0258591277728825,0.0210013285642308
16.8507399661019,0,-0.0324616177649589,0,16.8507399661019,-0.0324616177649589,-0.0324616177649589,-0.0324616177649589,0.0139871446137804
10.6567948708008,0,0.0203455428827325,0,10.6567948708008,0.0203455428827325,0.0203455428827325,0.0203455428827325,0.0367174068081082
15.83958844307,0,0.0399832495665445,0,15.83958844307,0.0399832495665445,0.0399832495665445,0.0399832495665445,0.0130470310288665
17.7014293147066,0,0.0234372077444364,0,17.7014293147066,0.0234372077444364,0.0234372077444364,0.0234372077444364,0.0323786122878216
16.016217440795,0,-0.00369944404825601,0,16.016217440795,-0.00369944404825601,-0.00369944404825601,-0.00369944404825601,0.0376637682579198
6.35958088046694,0,-0.0328185793493547,0,6.35958088046694,-0.0328185793493547,-0.0328185793493547,-0.0328185793493547,0.0520581686434144
7.84913150076159,0,0.0206892300368871,0,7.84913150076159,0.0206892300368871,0.0206892300368871,0.0206892300368871,0.0125920499284639
11.3110693140974,0,0.00982781565554414,0,11.3110693140974,0.00982781565554414,0.00982781565554414,0.00982781565554414,0.0152975413868066
19.3344521561619,0,-0.0178892890128142,0,19.3344521561619,-0.0178892890128142,-0.0178892890128142,-0.0178892890128142,0.0322365626104049
12.3671082351961,0,0.0210231372322994,0,12.3671082351961,0.0210231372322994,0.0210231372322994,0.0210231372322994,0.0160828742749283
12.3654554745313,0,-0.0686880413546458,0,12.3654554745313,-0.0686880413546458,-0.0686880413546458,-0.0686880413546458,0.0513325050706189
19.2556223171704,0,0.0285945738844167,0,19.2556223171704,0.0285945738844167,0.0285945738844167,0.0285945738844167,0.0139726523520546
34.7312424253189,0,0.00360906084633839,0,34.7312424253189,0.00360906084633839,0.00360906084633839,0.00360906084633839,0.017575833019559
54.7209102152747,0,0.0196726221291343,0,54.7209102152747,0.0196726221291343,0.0196726221291343,0.0196726221291343,0.0109274670854921
10.3775310816429,0,0.101658959703851,0,10.3775310816429,0.101658959703851,0.101658959703851,0.101658959703851,0.0398037227196641
13.7692792179168,0,0.045315959795906,0,13.7692792179168,0.045315959795906,0.045315959795906,0.045315959795906,0.0576659331255503
11.7030101268542,0,0.0664031592294417,0,11.7030101268542,0.0664031592294417,0.0664031592294417,0.0664031592294417,0.0318702419669784
7.36539602284415,0,-0.0247872150245361,0,7.36539602284415,-0.0247872150245361,-0.0247872150245361,-0.0247872150245361,0.114121672795408
9.34902839864339,0,-0.0319037471830898,0,9.34902839864339,-0.0319037471830898,-0.0319037471830898,-0.0319037471830898,0.0353702402159913
12.3611575522981,0,-0.0042723235541842,0,12.3611575522981,-0.0042723235541842,-0.0042723235541842,-0.0042723235541842,0.0564107009092355
11.8155784180346,0,0.132399483418963,0,11.8155784180346,0.132399483418963,0.132399483418963,0.132399483418963,0.0684128055131695
10.8363107906744,0,-0.028098390818107,0,10.8363107906744,-0.028098390818107,-0.028098390818107,-0.028098390818107,0.071926050301895
11.7003583105711,0,-0.00186774348468509,0,11.7003583105711,-0.00186774348468509,-0.00186774348468509,-0.00186774348468509,0.00589871207554302
14.1717804897526,0,0.027255899623745,0,14.1717804897526,0.027255899623745,0.027255899623745,0.027255899623745,0.0438772018708798
10.4916049522311,0,0.0132463173032987,0,10.4916049522311,0.0132463173032987,0.0132463173032987,0.0132463173032987,0.0267192917518445
12.491172371433,0,0.00616174807970621,0,12.491172371433,0.00616174807970621,0.00616174807970621,0.00616174807970621,0.0405245193389735
22.4190143092695,0,-0.000161199703742028,0,22.4190143092695,-0.000161199703742028,-0.000161199703742028,-0.000161199703742028,0.0167230245622351
23.3384346785706,0,0.0173424537425691,0,23.3384346785706,0.0173424537425691,0.0173424537425691,0.0173424537425691,0.0189266195413323
21.0471310356801,0,0.0617673658141888,0,21.0471310356801,0.0617673658141888,0.0617673658141888,0.0617673658141888,0.047052745863464
18.868464140174,0,-0.0601138815581494,0,18.868464140174,-0.0601138815581494,-0.0601138815581494,-0.0601138815581494,0.0841243606959225
130.216227665708,0,0.0198117493038606,0,130.216227665708,0.0198117493038606,0.0198117493038606,0.0198117493038606,0.0277236387216602
9.87654480749694,0,-0.0946232449189078,0,9.87654480749694,-0.0946232449189078,-0.0946232449189078,-0.0946232449189078,0.0836731049469832
15.7641037476623,0,0.0452974152246685,0,15.7641037476623,0.0452974152246685,0.0452974152246685,0.0452974152246685,0.0222639606786319
14.6925462604222,0,-0.00458452472707301,0,14.6925462604222,-0.00458452472707301,-0.00458452472707301,-0.00458452472707301,0.0444254697733256
7.79044115240101,0,0.0350532910010923,0,7.79044115240101,0.0350532910010923,0.0350532910010923,0.0350532910010923,0.0585754206769742
8.10146185701589,0,0.0427555806686441,0,8.10146185701589,0.0427555806686441,0.0427555806686441,0.0427555806686441,0.0518433181255775
11.2420027298881,0,-0.0660500012093723,0,11.2420027298881,-0.0660500012093723,-0.0660500012093723,-0.0660500012093723,0.0384705888979592
27.9381463268887,0,-0.0196646199066465,0,27.9381463268887,-0.0196646199066465,-0.0196646199066465,-0.0196646199066465,0.0266030945529787
28.4056044215739,0,-0.0234835133541325,0,28.4056044215739,-0.0234835133541325,-0.0234835133541325,-0.0234835133541325,0.0460235649191708
9.44659083119766,0,-0.0979355343768668,0,9.44659083119766,-0.0979355343768668,-0.0979355343768668,-0.0979355343768668,0.106984919191722
10.6319539160187,0,0.00587821668928426,0,10.6319539160187,0.00587821668928426,0.00587821668928426,0.00587821668928426,0.0434639030773943
23.722803858762,0,0.00435490338959432,0,23.722803858762,0.00435490338959432,0.00435490338959432,0.00435490338959432,0.0172785731987079
NA,NA,NA,NA,NA,NA,NA,NA,NA
14.5501339822123,0,-0.0241508994853178,0,14.5501339822123,-0.0241508994853178,-0.0241508994853178,-0.0241508994853178,0.0112761190742462
5.59197431763262,0,-0.0578220526680145,0,5.59197431763262,-0.0578220526680145,-0.0578220526680145,-0.0578220526680145,0.0290843221745671
7.10118523761685,0,-0.0285278978712163,0,7.10118523761685,-0.0285278978712163,-0.0285278978712163,-0.0285278978712163,0.0595492352872805
8.39406695268219,0,0.0167837864563465,0,8.39406695268219,0.0167837864563465,0.0167837864563465,0.0167837864563465,0.0322473662392579
15.3813680380744,0,-0.0235768509494856,0,15.3813680380744,-0.0235768509494856,-0.0235768509494856,-0.0235768509494856,0.0385600790656454
10.9419857642508,0,-0.0876235523401562,0,10.9419857642508,-0.0876235523401562,-0.0876235523401562,-0.0876235523401562,0.0336377588977628
9.567453602661,0,-0.0130573193727359,0,9.567453602661,-0.0130573193727359,-0.0130573193727359,-0.0130573193727359,0.0264340771076804
9.56764954052794,0,-0.00578932875863998,0,9.56764954052794,-0.00578932875863998,-0.00578932875863998,-0.00578932875863998,0.0288617279537588
9.58796747981615,0,0.00725905880614161,0,9.58796747981615,0.00725905880614161,0.00725905880614161,0.00725905880614161,0.0422687684348916
15.1454884083029,0,0.0687427351592194,0,15.1454884083029,0.0687427351592194,0.0687427351592194,0.0687427351592194,0.0334809714396658
9.03381024943225,0,-0.0258591277728825,0,9.03381024943225,-0.0258591277728825,-0.0258591277728825,-0.0258591277728825,0.0210013285642308
16.8507399661019,0,-0.0324616177649589,0,16.8507399661019,-0.0324616177649589,-0.0324616177649589,-0.0324616177649589,0.0139871446137804
10.6567948708008,0,0.0203455428827325,0,10.6567948708008,0.0203455428827325,0.0203455428827325,0.0203455428827325,0.0367174068081082
15.83958844307,0,0.0399832495665445,0,15.83958844307,0.0399832495665445,0.0399832495665445,0.0399832495665445,0.0130470310288665
17.7014293147066,0,0.0234372077444364,0,17.7014293147066,0.0234372077444364,0.0234372077444364,0.0234372077444364,0.0323786122878216
16.016217440795,0,-0.00369944404825601,0,16.016217440795,-0.00369944404825601,-0.00369944404825601,-0.00369944404825601,0.0376637682579198
6.35958088046694,0,-0.0328185793493547,0,6.35958088046694,-0.0328185793493547,-0.0328185793493547,-0.0328185793493547,0.0520581686434144
7.84913150076159,0,0.0206892300368871,0,7.84913150076159,0.0206892300368871,0.0206892300368871,0.0206892300368871,0.0125920499284639
11.3110693140974,0,0.00982781565554414,0,11.3110693140974,0.00982781565554414,0.00982781565554414,0.00982781565554414,0.0152975413868066
19.3344521561619,0,-0.0178892890128142,0,19.3344521561619,-0.0178892890128142,-0.0178892890128142,-0.0178892890128142,0.0322365626104049
12.3671082351961,0,0.0210231372322994,0,12.3671082351961,0.0210231372322994,0.0210231372322994,0.0210231372322994,0.0160828742749283
12.3654554745313,0,-0.0686880413546458,0,12.3654554745313,-0.0686880413546458,-0.0686880413546458,-0.0686880413546458,0.0513325050706189
19.2556223171704,0,0.0285945738844167,0,19.2556223171704,0.0285945738844167,0.0285945738844167,0.0285945738844167,0.0139726523520546
34.7312424253189,0,0.00360906084633839,0,34.7312424253189,0.00360906084633839,0.00360906084633839,0.00360906084633839,0.017575833019559
54.7209102152747,0,0.0196726221291343,0,54.7209102152747,0.0196726221291343,0.0196726221291343,0.0196726221291343,0.0109274670854921
10.3775310816429,0,0.101658959703851,0,10.3775310816429,0.101658959703851,0.101658959703851,0.101658959703851,0.0398037227196641
13.7692792179168,0,0.045315959795906,0,13.7692792179168,0.045315959795906,0.045315959795906,0.045315959795906,0.0576659331255503
11.7030101268542,0,0.0664031592294417,0,11.7030101268542,0.0664031592294417,0.0664031592294417,0.0664031592294417,0.0318702419669784
7.36539602284415,0,-0.0247872150245361,0,7.36539602284415,-0.0247872150245361,-0.0247872150245361,-0.0247872150245361,0.114121672795408
9.34902839864339,0,-0.0319037471830898,0,9.34902839864339,-0.0319037471830898,-0.0319037471830898,-0.0319037471830898,0.0353702402159913
12.3611575522981,0,-0.0042723235541842,0,12.3611575522981,-0.0042723235541842,-0.0042723235541842,-0.0042723235541842,0.0564107009092355
11.8155784180346,0,0.132399483418963,0,11.8155784180346,0.132399483418963,0.132399483418963,0.132399483418963,0.0684128055131695
10.8363107906744,0,-0.028098390818107,0,10.8363107906744,-0.028098390818107,-0.028098390818107,-0.028098390818107,0.071926050301895
11.7003583105711,0,-0.00186774348468509,0,11.7003583105711,-0.00186774348468509,-0.00186774348468509,-0.00186774348468509,0.00589871207554302
14.1717804897526,0,0.027255899623745,0,14.1717804897526,0.027255899623745,0.027255899623745,0.027255899623745,0.0438772018708798
10.4916049522311,0,0.0132463173032987,0,10.4916049522311,0.0132463173032987,0.0132463173032987,0.0132463173032987,0.0267192917518445
12.491172371433,0,0.00616174807970621,0,12.491172371433,0.00616174807970621,0.00616174807970621,0.00616174807970621,0.0405245193389735
22.4190143092695,0,-0.000161199703742028,0,22.4190143092695,-0.000161199703742028,-0.000161199703742028,-0.000161199703742028,0.0167230245622351
23.3384346785706,0,0.0173424537425691,0,23.3384346785706,0.0173424537425691,0.0173424537425691,0.0173424537425691,0.0189266195413323
21.0471310356801,0,0.0617673658141888,0,21.0471310356801,0.0617673658141888,0.0617673658141888,0.0617673658141888,0.047052745863464
18.868464140174,0,-0.0601138815581494,0,18.868464140174,-0.0601138815581494,-0.0601138815581494,-0.0601138815581494,0.0841243606959225
130.216227665708,0,0.0198117493038606,0,130.216227665708,0.0198117493038606,0.0198117493038606,0.0198117493038606,0.0277236387216602
9.87654480749694,0,-0.0946232449189078,0,9.87654480749694,-0.0946232449189078,-0.0946232449189078,-0.0946232449189078,0.0836731049469832
15.7641037476623,0,0.0452974152246685,0,15.7641037476623,0.0452974152246685,0.0452974152246685,0.0452974152246685,0.0222639606786319
14.6925462604222,0,-0.00458452472707301,0,14.6925462604222,-0.00458452472707301,-0.00458452472707301,-0.00458452472707301,0.0444254697733256
7.79044115240101,0,0.0350532910010923,0,7.79044115240101,0.0350532910010923,0.0350532910010923,0.0350532910010923,0.0585754206769742
8.10146185701589,0,0.0427555806686441,0,8.10146185701589,0.0427555806686441,0.0427555806686441,0.0427555806686441,0.0518433181255775
11.2420027298881,0,-0.0660500012093723,0,11.2420027298881,-0.0660500012093723,-0.0660500012093723,-0.0660500012093723,0.0384705888979592
27.9381463268887,0,-0.0196646199066465,0,27.9381463268887,-0.0196646199066465,-0.0196646199066465,-0.0196646199066465,0.0266030945529787
28.4056044215739,0,-0.0234835133541325,0,28.4056044215739,-0.0234835133541325,-0.0234835133541325,-0.0234835133541325,0.0460235649191708
9.44659083119766,0,-0.0979355343768668,0,9.44659083119766,-0.0979355343768668,-0.0979355343768668,-0.0979355343768668,0.106984919191722
10.6319539160187,0,0.00587821668928426,0,10.6319539160187,0.00587821668928426,0.00587821668928426,0.00587821668928426,0.0434639030773943
23.722803858762,0,0.00435490338959432,0,23.722803858762,0.00435490338959432,0.00435490338959432,0.00435490338959432,0.0172785731987079
NA,NA,NA,NA,NA,NA,NA,NA,NA
14.5501339822123,0,-0.0241508994853178,0,14.5501339822123,-0.0241508994853178,-0.0241508994853178,-0.0241508994853178,0.0112761190742462
5.59197431763262,0,-0.0578220526680145,0,5.59197431763262,-0.0578220526680145,-0.0578220526680145,-0.0578220526680145,0.0290843221745671
7.10118523761685,0,-0.0285278978712163,0,7.10118523761685,-0.0285278978712163,-0.0285278978712163,-0.0285278978712163,0.0595492352872805
8.39406695268219,0,0.0167837864563465,0,8.39406695268219,0.0167837864563465,0.0167837864563465,0.0167837864563465,0.0322473662392579
15.3813680380744,0,-0.0235768509494856,0,15.3813680380744,-0.0235768509494856,-0.0235768509494856,-0.0235768509494856,0.0385600790656454
10.9419857642508,0,-0.0876235523401562,0,10.9419857642508,-0.0876235523401562,-0.0876235523401562,-0.0876235523401562,0.0336377588977628
9.567453602661,0,-0.0130573193727359,0,9.567453602661,-0.0130573193727359,-0.0130573193727359,-0.0130573193727359,0.0264340771076804
9.56764954052794,0,-0.00578932875863998,0,9.56764954052794,-0.00578932875863998,-0.00578932875863998,-0.00578932875863998,0.0288617279537588
9.58796747981615,0,0.00725905880614161,0,9.58796747981615,0.00725905880614161,0.00725905880614161,0.00725905880614161,0.0422687684348916
15.1454884083029,0,0.0687427351592194,0,15.1454884083029,0.0687427351592194,0.0687427351592194,0.0687427351592194,0.0334809714396658
9.03381024943225,0,-0.0258591277728825,0,9.03381024943225,-0.0258591277728825,-0.0258591277728825,-0.0258591277728825,0.0210013285642308
16.8507399661019,0,-0.0324616177649589,0,16.8507399661019,-0.0324616177649589,-0.0324616177649589,-0.0324616177649589,0.0139871446137804
10.6567948708008,0,0.0203455428827325,0,10.6567948708008,0.0203455428827325,0.0203455428827325,0.0203455428827325,0.0367174068081082
15.83958844307,0,0.0399832495665445,0,15.83958844307,0.0399832495665445,0.0399832495665445,0.0399832495665445,0.0130470310288665
17.7014293147066,0,0.0234372077444364,0,17.7014293147066,0.0234372077444364,0.0234372077444364,0.0234372077444364,0.0323786122878216
16.016217440795,0,-0.00369944404825601,0,16.016217440795,-0.00369944404825601,-0.00369944404825601,-0.00369944404825601,0.0376637682579198
6.35958088046694,0,-0.0328185793493547,0,6.35958088046694,-0.0328185793493547,-0.0328185793493547,-0.0328185793493547,0.0520581686434144
7.84913150076159,0,0.0206892300368871,0,7.84913150076159,0.0206892300368871,0.0206892300368871,0.0206892300368871,0.0125920499284639
11.3110693140974,0,0.00982781565554414,0,11.3110693140974,0.00982781565554414,0.00982781565554414,0.00982781565554414,0.0152975413868066
19.3344521561619,0,-0.0178892890128142,0,19.3344521561619,-0.0178892890128142,-0.0178892890128142,-0.0178892890128142,0.0322365626104049
12.3671082351961,0,0.0210231372322994,0,12.3671082351961,0.0210231372322994,0.0210231372322994,0.0210231372322994,0.0160828742749283
12.3654554745313,0,-0.0686880413546458,0,12.3654554745313,-0.0686880413546458,-0.0686880413546458,-0.0686880413546458,0.0513325050706189
19.2556223171704,0,0.0285945738844167,0,19.2556223171704,0.0285945738844167,0.0285945738844167,0.0285945738844167,0.0139726523520546
34.7312424253189,0,0.00360906084633839,0,34.7312424253189,0.00360906084633839,0.00360906084633839,0.00360906084633839,0.017575833019559
54.7209102152747,0,0.0196726221291343,0,54.7209102152747,0.0196726221291343,0.0196726221291343,0.0196726221291343,0.0109274670854921
10.3775310816429,0,0.101658959703851,0,10.3775310816429,0.101658959703851,0.101658959703851,0.101658959703851,0.0398037227196641
13.7692792179168,0,0.045315959795906,0,13.7692792179168,0.045315959795906,0.045315959795906,0.045315959795906,0.0576659331255503
11.7030101268542,0,0.0664031592294417,0,11.7030101268542,0.0664031592294417,0.0664031592294417,0.0664031592294417,0.0318702419669784
7.36539602284415,0,-0.0247872150245361,0,7.36539602284415,-0.0247872150245361,-0.0247872150245361,-0.0247872150245361,0.114121672795408
9.34902839864339,0,-0.0319037471830898,0,9.34902839864339,-0.0319037471830898,-0.0319037471830898,-0.0319037471830898,0.0353702402159913
12.3611575522981,0,-0.0042723235541842,0,12.3611575522981,-0.0042723235541842,-0.0042723235541842,-0.0042723235541842,0.0564107009092355
11.8155784180346,0,0.132399483418963,0,11.8155784180346,0.132399483418963,0.132399483418963,0.132399483418963,0.0684128055131695
10.8363107906744,0,-0.028098390818107,0,10.8363107906744,-0.028098390818107,-0.028098390818107,-0.028098390818107,0.071926050301895
11.7003583105711,0,-0.00186774348468509,0,11.7003583105711,-0.00186774348468509,-0.00186774348468509,-0.00186774348468509,0.00589871207554302
14.1717804897526,0,0.027255899623745,0,14.1717804897526,0.027255899623745,0.027255899623745,0.027255899623745,0.0438772018708798
10.4916049522311,0,0.0132463173032987,0,10.4916049522311,0.0132463173032987,0.0132463173032987,0.0132463173032987,0.0267192917518445
12.491172371433,0,0.00616174807970621,0,12.491172371433,0.00616174807970621,0.00616174807970621,0.00616174807970621,0.0405245193389735
22.4190143092695,0,-0.000161199703742028,0,22.4190143092695,-0.000161199703742028,-0.000161199703742028,-0.000161199703742028,0.0167230245622351
23.3384346785706,0,0.0173424537425691,0,23.3384346785706,0.0173424537425691,0.0173424537425691,0.0173424537425691,0.0189266195413323
21.0471310356801,0,0.0617673658141888,0,21.0471310356801,0.0617673658141888,0.0617673658141888,0.0617673658141888,0.047052745863464
18.868464140174,0,-0.0601138815581494,0,18.868464140174,-0.0601138815581494,-0.0601138815581494,-0.0601138815581494,0.0841243606959225
130.216227665708,0,0.0198117493038606,0,130.216227665708,0.0198117493038606,0.0198117493038606,0.0198117493038606,0.0277236387216602
9.87654480749694,0,-0.0946232449189078,0,9.87654480749694,-0.0946232449189078,-0.0946232449189078,-0.0946232449189078,0.0836731049469832
15.7641037476623,0,0.0452974152246685,0,15.7641037476623,0.0452974152246685,0.0452974152246685,0.0452974152246685,0.0222639606786319
14.6925462604222,0,-0.00458452472707301,0,14.6925462604222,-0.00458452472707301,-0.00458452472707301,-0.00458452472707301,0.0444254697733256
7.79044115240101,0,0.0350532910010923,0,7.79044115240101,0.0350532910010923,0.0350532910010923,0.0350532910010923,0.0585754206769742
8.10146185701589,0,0.0427555806686441,0,8.10146185701589,0.0427555806686441,0.0427555806686441,0.0427555806686441,0.0518433181255775
11.2420027298881,0,-0.0660500012093723,0,11.2420027298881,-0.0660500012093723,-0.0660500012093723,-0.0660500012093723,0.0384705888979592
27.9381463268887,0,-0.0196646199066465,0,27.9381463268887,-0.0196646199066465,-0.0196646199066465,-0.0196646199066465,0.0266030945529787
28.4056044215739,0,-0.0234835133541325,0,28.4056044215739,-0.0234835133541325,-0.0234835133541325,-0.0234835133541325,0.0460235649191708
9.44659083119766,0,-0.0979355343768668,0,9.44659083119766,-0.0979355343768668,-0.0979355343768668,-0.0979355343768668,0.106984919191722
10.6319539160187,0,0.00587821668928426,0,10.6319539160187,0.00587821668928426,0.00587821668928426,0.00587821668928426,0.0434639030773943
23.722803858762,0,0.00435490338959432,0,23.722803858762,0.00435490338959432,0.00435490338959432,0.00435490338959432,0.0172785731987079
NA,NA,NA,NA,NA,NA,NA,NA,NA
14.5501339822123,0,-0.0241508994853178,0,14.5501339822123,-0.0241508994853178,-0.0241508994853178,-0.0241508994853178,0.0112761190742462
5.59197431763262,0,-0.0578220526680145,0,5.59197431763262,-0.0578220526680145,-0.0578220526680145,-0.0578220526680145,0.0290843221745671
7.10118523761685,0,-0.0285278978712163,0,7.10118523761685,-0.0285278978712163,-0.0285278978712163,-0.0285278978712163,0.0595492352872805
8.39406695268219,0,0.0167837864563465,0,8.39406695268219,0.0167837864563465,0.0167837864563465,0.0167837864563465,0.0322473662392579
15.3813680380744,0,-0.0235768509494856,0,15.3813680380744,-0.0235768509494856,-0.0235768509494856,-0.0235768509494856,0.0385600790656454
10.9419857642508,0,-0.0876235523401562,0,10.9419857642508,-0.0876235523401562,-0.0876235523401562,-0.0876235523401562,0.0336377588977628
9.567453602661,0,-0.0130573193727359,0,9.567453602661,-0.0130573193727359,-0.0130573193727359,-0.0130573193727359,0.0264340771076804
9.56764954052794,0,-0.00578932875863998,0,9.56764954052794,-0.00578932875863998,-0.00578932875863998,-0.00578932875863998,0.0288617279537588
9.58796747981615,0,0.00725905880614161,0,9.58796747981615,0.00725905880614161,0.00725905880614161,0.00725905880614161,0.0422687684348916
15.1454884083029,0,0.0687427351592194,0,15.1454884083029,0.0687427351592194,0.0687427351592194,0.0687427351592194,0.0334809714396658
9.03381024943225,0,-0.0258591277728825,0,9.03381024943225,-0.0258591277728825,-0.0258591277728825,-0.0258591277728825,0.0210013285642308
16.8507399661019,0,-0.0324616177649589,0,16.8507399661019,-0.0324616177649589,-0.0324616177649589,-0.0324616177649589,0.0139871446137804
10.6567948708008,0,0.0203455428827325,0,10.6567948708008,0.0203455428827325,0.0203455428827325,0.0203455428827325,0.0367174068081082
15.83958844307,0,0.0399832495665445,0,15.83958844307,0.0399832495665445,0.0399832495665445,0.0399832495665445,0.0130470310288665
17.7014293147066,0,0.0234372077444364,0,17.7014293147066,0.0234372077444364,0.0234372077444364,0.0234372077444364,0.0323786122878216
16.016217440795,0,-0.00369944404825601,0,16.016217440795,-0.00369944404825601,-0.00369944404825601,-0.00369944404825601,0.0376637682579198
6.35958088046694,0,-0.0328185793493547,0,6.35958088046694,-0.0328185793493547,-0.0328185793493547,-0.0328185793493547,0.0520581686434144
7.84913150076159,0,0.0206892300368871,0,7.84913150076159,0.0206892300368871,0.0206892300368871,0.0206892300368871,0.0125920499284639
11.3110693140974,0,0.00982781565554414,0,11.3110693140974,0.00982781565554414,0.00982781565554414,0.00982781565554414,0.0152975413868066
19.3344521561619,0,-0.0178892890128142,0,19.3344521561619,-0.0178892890128142,-0.0178892890128142,-0.0178892890128142,0.0322365626104049
12.3671082351961,0,0.0210231372322994,0,12.3671082351961,0.0210231372322994,0.0210231372322994,0.0210231372322994,0.0160828742749283
12.3654554745313,0,-0.0686880413546458,0,12.3654554745313,-0.0686880413546458,-0.0686880413546458,-0.0686880413546458,0.0513325050706189
19.2556223171704,0,0.0285945738844167,0,19.2556223171704,0.0285945738844167,0.0285945738844167,0.0285945738844167,0.0139726523520546
34.7312424253189,0,0.00360906084633839,0,34.7312424253189,0.00360906084633839,0.00360906084633839,0.00360906084633839,0.017575833019559
54.7209102152747,0,0.0196726221291343,0,54.7209102152747,0.0196726221291343,0.0196726221291343,0.0196726221291343,0.0109274670854921
10.3775310816429,0,0.101658959703851,0,10.3775310816429,0.101658959703851,0.101658959703851,0.101658959703851,0.0398037227196641
13.7692792179168,0,0.045315959795906,0,13.7692792179168,0.045315959795906,0.045315959795906,0.045315959795906,0.0576659331255503
11.7030101268542,0,0.0664031592294417,0,11.7030101268542,0.0664031592294417,0.0664031592294417,0.0664031592294417,0.0318702419669784
7.36539602284415,0,-0.0247872150245361,0,7.36539602284415,-0.0247872150245361,-0.0247872150245361,-0.0247872150245361,0.114121672795408
9.34902839864339,0,-0.0319037471830898,0,9.34902839864339,-0.0319037471830898,-0.0319037471830898,-0.0319037471830898,0.0353702402159913
12.3611575522981,0,-0.0042723235541842,0,12.3611575522981,-0.0042723235541842,-0.0042723235541842,-0.0042723235541842,0.0564107009092355
11.8155784180346,0,0.132399483418963,0,11.8155784180346,0.132399483418963,0.132399483418963,0.132399483418963,0.0684128055131695
10.8363107906744,0,-0.028098390818107,0,10.8363107906744,-0.028098390818107,-0.028098390818107,-0.028098390818107,0.071926050301895
11.7003583105711,0,-0.00186774348468509,0,11.7003583105711,-0.00186774348468509,-0.00186774348468509,-0.00186774348468509,0.00589871207554302
14.1717804897526,0,0.027255899623745,0,14.1717804897526,0.027255899623745,0.027255899623745,0.027255899623745,0.0438772018708798
10.4916049522311,0,0.0132463173032987,0,10.4916049522311,0.0132463173032987,0.0132463173032987,0.0132463173032987,0.0267192917518445
12.491172371433,0,0.00616174807970621,0,12.491172371433,0.00616174807970621,0.00616174807970621,0.00616174807970621,0.0405245193389735
22.4190143092695,0,-0.000161199703742028,0,22.4190143092695,-0.000161199703742028,-0.000161199703742028,-0.000161199703742028,0.0167230245622351
23.3384346785706,0,0.0173424537425691,0,23.3384346785706,0.0173424537425691,0.0173424537425691,0.0173424537425691,0.0189266195413323
21.0471310356801,0,0.0617673658141888,0,21.0471310356801,0.0617673658141888,0.0617673658141888,0.0617673658141888,0.047052745863464
18.868464140174,0,-0.0601138815581494,0,18.868464140174,-0.0601138815581494,-0.0601138815581494,-0.0601138815581494,0.0841243606959225
130.216227665708,0,0.0198117493038606,0,130.216227665708,0.0198117493038606,0.0198117493038606,0.0198117493038606,0.0277236387216602
9.87654480749694,0,-0.0946232449189078,0,9.87654480749694,-0.0946232449189078,-0.0946232449189078,-0.0946232449189078,0.0836731049469832
15.7641037476623,0,0.0452974152246685,0,15.7641037476623,0.0452974152246685,0.0452974152246685,0.0452974152246685,0.0222639606786319
14.6925462604222,0,-0.00458452472707301,0,14.6925462604222,-0.00458452472707301,-0.00458452472707301,-0.00458452472707301,0.0444254697733256
7.79044115240101,0,0.0350532910010923,0,7.79044115240101,0.0350532910010923,0.0350532910010923,0.0350532910010923,0.0585754206769742
8.10146185701589,0,0.0427555806686441,0,8.10146185701589,0.0427555806686441,0.0427555806686441,0.0427555806686441,0.0518433181255775
11.2420027298881,0,-0.0660500012093723,0,11.2420027298881,-0.0660500012093723,-0.0660500012093723,-0.0660500012093723,0.0384705888979592
27.9381463268887,0,-0.0196646199066465,0,27.9381463268887,-0.0196646199066465,-0.0196646199066465,-0.0196646199066465,0.0266030945529787
28.4056044215739,0,-0.0234835133541325,0,28.4056044215739,-0.0234835133541325,-0.0234835133541325,-0.0234835133541325,0.0460235649191708
9.44659083119766,0,-0.0979355343768668,0,9.44659083119766,-0.0979355343768668,-0.0979355343768668,-0.0979355343768668,0.106984919191722
10.6319539160187,0,0.00587821668928426,0,10.6319539160187,0.00587821668928426,0.00587821668928426,0.00587821668928426,0.0434639030773943
23.722803858762,0,0.00435490338959432,0,23.722803858762,0.00435490338959432,0.00435490338959432,0.00435490338959432,0.0172785731987079
NA,NA,NA,NA,NA,NA,NA,NA,NA
14.5501339822123,0,-0.0241508994853178,0,14.5501339822123,-0.0241508994853178,-0.0241508994853178,-0.0241508994853178,0.0112761190742462
5.59197431763262,0,-0.0578220526680145,0,5.59197431763262,-0.0578220526680145,-0.0578220526680145,-0.0578220526680145,0.0290843221745671
7.10118523761685,0,-0.0285278978712163,0,7.10118523761685,-0.0285278978712163,-0.0285278978712163,-0.0285278978712163,0.0595492352872805
8.39406695268219,0,0.0167837864563465,0,8.39406695268219,0.0167837864563465,0.0167837864563465,0.0167837864563465,0.0322473662392579
15.3813680380744,0,-0.0235768509494856,0,15.3813680380744,-0.0235768509494856,-0.0235768509494856,-0.0235768509494856,0.0385600790656454
10.9419857642508,0,-0.0876235523401562,0,10.9419857642508,-0.0876235523401562,-0.0876235523401562,-0.0876235523401562,0.0336377588977628
9.567453602661,0,-0.0130573193727359,0,9.567453602661,-0.0130573193727359,-0.0130573193727359,-0.0130573193727359,0.0264340771076804
9.56764954052794,0,-0.00578932875863998,0,9.56764954052794,-0.00578932875863998,-0.00578932875863998,-0.00578932875863998,0.0288617279537588
9.58796747981615,0,0.00725905880614161,0,9.58796747981615,0.00725905880614161,0.00725905880614161,0.00725905880614161,0.0422687684348916
15.1454884083029,0,0.0687427351592194,0,15.1454884083029,0.0687427351592194,0.0687427351592194,0.0687427351592194,0.0334809714396658
9.03381024943225,0,-0.0258591277728825,0,9.03381024943225,-0.0258591277728825,-0.0258591277728825,-0.0258591277728825,0.0210013285642308
16.8507399661019,0,-0.0324616177649589,0,16.8507399661019,-0.0324616177649589,-0.0324616177649589,-0.0324616177649589,0.0139871446137804
10.6567948708008,0,0.0203455428827325,0,10.6567948708008,0.0203455428827325,0.0203455428827325,0.0203455428827325,0.0367174068081082
15.83958844307,0,0.0399832495665445,0,15.83958844307,0.0399832495665445,0.0399832495665445,0.0399832495665445,0.0130470310288665
17.7014293147066,0,0.0234372077444364,0,17.7014293147066,0.0234372077444364,0.0234372077444364,0.0234372077444364,0.0323786122878216
16.016217440795,0,-0.00369944404825601,0,16.016217440795,-0.00369944404825601,-0.00369944404825601,-0.00369944404825601,0.0376637682579198
6.35958088046694,0,-0.0328185793493547,0,6.35958088046694,-0.0328185793493547,-0.0328185793493547,-0.0328185793493547,0.0520581686434144
7.84913150076159,0,0.0206892300368871,0,7.84913150076159,0.0206892300368871,0.0206892300368871,0.0206892300368871,0.0125920499284639
11.3110693140974,0,0.00982781565554414,0,11.3110693140974,0.00982781565554414,0.00982781565554414,0.00982781565554414,0.0152975413868066
19.3344521561619,0,-0.0178892890128142,0,19.3344521561619,-0.0178892890128142,-0.0178892890128142,-0.0178892890128142,0.0322365626104049
12.3671082351961,0,0.0210231372322994,0,12.3671082351961,0.0210231372322994,0.0210231372322994,0.0210231372322994,0.0160828742749283
12.3654554745313,0,-0.0686880413546458,0,12.3654554745313,-0.0686880413546458,-0.0686880413546458,-0.0686880413546458,0.0513325050706189
19.2556223171704,0,0.0285945738844167,0,19.2556223171704,0.0285945738844167,0.0285945738844167,0.0285945738844167,0.0139726523520546
34.7312424253189,0,0.00360906084633839,0,34.7312424253189,0.00360906084633839,0.00360906084633839,0.00360906084633839,0.017575833019559
54.7209102152747,0,0.0196726221291343,0,54.7209102152747,0.0196726221291343,0.0196726221291343,0.0196726221291343,0.0109274670854921
10.3775310816429,0,0.101658959703851,0,10.3775310816429,0.101658959703851,0.101658959703851,0.101658959703851,0.0398037227196641
13.7692792179168,0,0.045315959795906,0,13.7692792179168,0.045315959795906,0.045315959795906,0.045315959795906,0.0576659331255503
11.7030101268542,0,0.0664031592294417,0,11.7030101268542,0.0664031592294417,0.0664031592294417,0.0664031592294417,0.0318702419669784
7.36539602284415,0,-0.0247872150245361,0,7.36539602284415,-0.0247872150245361,-0.0247872150245361,-0.0247872150245361,0.114121672795408
9.34902839864339,0,-0.0319037471830898,0,9.34902839864339,-0.0319037471830898,-0.0319037471830898,-0.0319037471830898,0.0353702402159913
12.3611575522981,0,-0.0042723235541842,0,12.3611575522981,-0.0042723235541842,-0.0042723235541842,-0.0042723235541842,0.0564107009092355
11.8155784180346,0,0.132399483418963,0,11.8155784180346,0.132399483418963,0.132399483418963,0.132399483418963,0.0684128055131695
10.8363107906744,0,-0.028098390818107,0,10.8363107906744,-0.028098390818107,-0.028098390818107,-0.028098390818107,0.071926050301895
11.7003583105711,0,-0.00186774348468509,0,11.7003583105711,-0.00186774348468509,-0.00186774348468509,-0.00186774348468509,0.00589871207554302
14.1717804897526,0,0.027255899623745,0,14.1717804897526,0.027255899623745,0.027255899623745,0.027255899623745,0.0438772018708798
10.4916049522311,0,0.0132463173032987,0,10.4916049522311,0.0132463173032987,0.0132463173032987,0.0132463173032987,0.0267192917518445
12.491172371433,0,0.00616174807970621,0,12.491172371433,0.00616174807970621,0.00616174807970621,0.00616174807970621,0.0405245193389735
22.4190143092695,0,-0.000161199703742028,0,22.4190143092695,-0.000161199703742028,-0.000161199703742028,-0.000161199703742028,0.0167230245622351
23.3384346785706,0,0.0173424537425691,0,23.3384346785706,0.0173424537425691,0.0173424537425691,0.0173424537425691,0.0189266195413323
21.0471310356801,0,0.0617673658141888,0,21.0471310356801,0.0617673658141888,0.0617673658141888,0.0617673658141888,0.047052745863464
18.868464140174,0,-0.0601138815581494,0,18.868464140174,-0.0601138815581494,-0.0601138815581494,-0.0601138815581494,0.0841243606959225
130.216227665708,0,0.0198117493038606,0,130.216227665708,0.0198117493038606,0.0198117493038606,0.0198117493038606,0.0277236387216602
9.87654480749694,0,-0.0946232449189078,0,9.87654480749694,-0.0946232449189078,-0.0946232449189078,-0.0946232449189078,0.0836731049469832
15.7641037476623,0,0.0452974152246685,0,15.7641037476623,0.0452974152246685,0.0452974152246685,0.0452974152246685,0.0222639606786319
14.6925462604222,0,-0.00458452472707301,0,14.6925462604222,-0.00458452472707301,-0.00458452472707301,-0.00458452472707301,0.0444254697733256
7.79044115240101,0,0.0350532910010923,0,7.79044115240101,0.0350532910010923,0.0350532910010923,0.0350532910010923,0.0585754206769742
8.10146185701589,0,0.0427555806686441,0,8.10146185701589,0.0427555806686441,0.0427555806686441,0.0427555806686441,0.0518433181255775
11.2420027298881,0,-0.0660500012093723,0,11.2420027298881,-0.0660500012093723,-0.0660500012093723,-0.0660500012093723,0.0384705888979592
27.9381463268887,0,-0.0196646199066465,0,27.9381463268887,-0.0196646199066465,-0.0196646199066465,-0.0196646199066465,0.0266030945529787
28.4056044215739,0,-0.0234835133541325,0,28.4056044215739,-0.0234835133541325,-0.0234835133541325,-0.0234835133541325,0.0460235649191708
9.44659083119766,0,-0.0979355343768668,0,9.44659083119766,-0.0979355343768668,-0.0979355343768668,-0.0979355343768668,0.106984919191722
10.6319539160187,0,0.00587821668928426,0,10.6319539160187,0.00587821668928426,0.00587821668928426,0.00587821668928426,0.0434639030773943
23.722803858762,0,0.00435490338959432,0,23.722803858762,0.00435490338959432,0.00435490338959432,0.00435490338959432,0.0172785731987079
NA,NA,NA,NA,NA,NA,NA,NA,NA
14.5501339822123,0,-0.0241508994853178,0,14.5501339822123,-0.0241508994853178,-0.0241508994853178,-0.0241508994853178,0.0112761190742462
5.59197431763262,0,-0.0578220526680145,0,5.59197431763262,-0.0578220526680145,-0.0578220526680145,-0.0578220526680145,0.0290843221745671
7.10118523761685,0,-0.0285278978712163,0,7.10118523761685,-0.0285278978712163,-0.0285278978712163,-0.0285278978712163,0.0595492352872805
8.39406695268219,0,0.0167837864563465,0,8.39406695268219,0.0167837864563465,0.0167837864563465,0.0167837864563465,0.0322473662392579
15.3813680380744,0,-0.0235768509494856,0,15.3813680380744,-0.0235768509494856,-0.0235768509494856,-0.0235768509494856,0.0385600790656454
10.9419857642508,0,-0.0876235523401562,0,10.9419857642508,-0.0876235523401562,-0.0876235523401562,-0.0876235523401562,0.0336377588977628
9.567453602661,0,-0.0130573193727359,0,9.567453602661,-0.0130573193727359,-0.0130573193727359,-0.0130573193727359,0.0264340771076804
9.56764954052794,0,-0.00578932875863998,0,9.56764954052794,-0.00578932875863998,-0.00578932875863998,-0.00578932875863998,0.0288617279537588
9.58796747981615,0,0.00725905880614161,0,9.58796747981615,0.00725905880614161,0.00725905880614161,0.00725905880614161,0.0422687684348916
15.1454884083029,0,0.0687427351592194,0,15.1454884083029,0.0687427351592194,0.0687427351592194,0.0687427351592194,0.0334809714396658
9.03381024943225,0,-0.0258591277728825,0,9.03381024943225,-0.0258591277728825,-0.0258591277728825,-0.0258591277728825,0.0210013285642308
16.8507399661019,0,-0.0324616177649589,0,16.8507399661019,-0.0324616177649589,-0.0324616177649589,-0.0324616177649589,0.0139871446137804
10.6567948708008,0,0.0203455428827325,0,10.6567948708008,0.0203455428827325,0.0203455428827325,0.0203455428827325,0.0367174068081082
15.83958844307,0,0.0399832495665445,0,15.83958844307,0.0399832495665445,0.0399832495665445,0.0399832495665445,0.0130470310288665
17.7014293147066,0,0.0234372077444364,0,17.7014293147066,0.0234372077444364,0.0234372077444364,0.0234372077444364,0.0323786122878216
16.016217440795,0,-0.00369944404825601,0,16.016217440795,-0.00369944404825601,-0.00369944404825601,-0.00369944404825601,0.0376637682579198
6.35958088046694,0,-0.0328185793493547,0,6.35958088046694,-0.0328185793493547,-0.0328185793493547,-0.0328185793493547,0.0520581686434144
7.84913150076159,0,0.0206892300368871,0,7.84913150076159,0.0206892300368871,0.0206892300368871,0.0206892300368871,0.0125920499284639
11.3110693140974,0,0.00982781565554414,0,11.3110693140974,0.00982781565554414,0.00982781565554414,0.00982781565554414,0.0152975413868066
19.3344521561619,0,-0.0178892890128142,0,19.3344521561619,-0.0178892890128142,-0.0178892890128142,-0.0178892890128142,0.0322365626104049
12.3671082351961,0,0.0210231372322994,0,12.3671082351961,0.0210231372322994,0.0210231372322994,0.0210231372322994,0.0160828742749283
12.3654554745313,0,-0.0686880413546458,0,12.3654554745313,-0.0686880413546458,-0.0686880413546458,-0.0686880413546458,0.0513325050706189
19.2556223171704,0,0.0285945738844167,0,19.2556223171704,0.0285945738844167,0.0285945738844167,0.0285945738844167,0.0139726523520546
34.7312424253189,0,0.00360906084633839,0,34.7312424253189,0.00360906084633839,0.00360906084633839,0.00360906084633839,0.017575833019559
54.7209102152747,0,0.0196726221291343,0,54.7209102152747,0.0196726221291343,0.0196726221291343,0.0196726221291343,0.0109274670854921
10.3775310816429,0,0.101658959703851,0,10.3775310816429,0.101658959703851,0.101658959703851,0.101658959703851,0.0398037227196641
13.7692792179168,0,0.045315959795906,0,13.7692792179168,0.045315959795906,0.045315959795906,0.045315959795906,0.0576659331255503
11.7030101268542,0,0.0664031592294417,0,11.7030101268542,0.0664031592294417,0.0664031592294417,0.0664031592294417,0.0318702419669784
7.36539602284415,0,-0.0247872150245361,0,7.36539602284415,-0.0247872150245361,-0.0247872150245361,-0.0247872150245361,0.114121672795408
9.34902839864339,0,-0.0319037471830898,0,9.34902839864339,-0.0319037471830898,-0.0319037471830898,-0.0319037471830898,0.0353702402159913
12.3611575522981,0,-0.0042723235541842,0,12.3611575522981,-0.0042723235541842,-0.0042723235541842,-0.0042723235541842,0.0564107009092355
11.8155784180346,0,0.132399483418963,0,11.8155784180346,0.132399483418963,0.132399483418963,0.132399483418963,0.0684128055131695
10.8363107906744,0,-0.028098390818107,0,10.8363107906744,-0.028098390818107,-0.028098390818107,-0.028098390818107,0.071926050301895
11.7003583105711,0,-0.00186774348468509,0,11.7003583105711,-0.00186774348468509,-0.00186774348468509,-0.00186774348468509,0.00589871207554302
14.1717804897526,0,0.027255899623745,0,14.1717804897526,0.027255899623745,0.027255899623745,0.027255899623745,0.0438772018708798
10.4916049522311,0,0.0132463173032987,0,10.4916049522311,0.0132463173032987,0.0132463173032987,0.0132463173032987,0.0267192917518445
12.491172371433,0,0.00616174807970621,0,12.491172371433,0.00616174807970621,0.00616174807970621,0.00616174807970621,0.0405245193389735
22.4190143092695,0,-0.000161199703742028,0,22.4190143092695,-0.000161199703742028,-0.000161199703742028,-0.000161199703742028,0.0167230245622351
23.3384346785706,0,0.0173424537425691,0,23.3384346785706,0.0173424537425691,0.0173424537425691,0.0173424537425691,0.0189266195413323
21.0471310356801,0,0.0617673658141888,0,21.0471310356801,0.0617673658141888,0.0617673658141888,0.0617673658141888,0.047052745863464
18.868464140174,0,-0.0601138815581494,0,18.868464140174,-0.0601138815581494,-0.0601138815581494,-0.0601138815581494,0.0841243606959225
130.216227665708,0,0.0198117493038606,0,130.216227665708,0.0198117493038606,0.0198117493038606,0.0198117493038606,0.0277236387216602
9.87654480749694,0,-0.0946232449189078,0,9.87654480749694,-0.0946232449189078,-0.0946232449189078,-0.0946232449189078,0.0836731049469832
15.7641037476623,0,0.0452974152246685,0,15.7641037476623,0.0452974152246685,0.0452974152246685,0.0452974152246685,0.0222639606786319
14.6925462604222,0,-0.00458452472707301,0,14.6925462604222,-0.00458452472707301,-0.00458452472707301,-0.00458452472707301,0.0444254697733256
7.79044115240101,0,0.0350532910010923,0,7.79044115240101,0.0350532910010923,0.0350532910010923,0.0350532910010923,0.0585754206769742
8.10146185701589,0,0.0427555806686441,0,8.10146185701589,0.0427555806686441,0.0427555806686441,0.0427555806686441,0.0518433181255775
11.2420027298881,0,-0.0660500012093723,0,11.2420027298881,-0.0660500012093723,-0.0660500012093723,-0.0660500012093723,0.0384705888979592
27.9381463268887,0,-0.0196646199066465,0,27.9381463268887,-0.0196646199066465,-0.0196646199066465,-0.0196646199066465,0.0266030945529787
28.4056044215739,0,-0.0234835133541325,0,28.4056044215739,-0.0234835133541325,-0.0234835133541325,-0.0234835133541325,0.0460235649191708
9.44659083119766,0,-0.0979355343768668,0,9.44659083119766,-0.0979355343768668,-0.0979355343768668,-0.0979355343768668,0.106984919191722
10.6319539160187,0,0.00587821668928426,0,10.6319539160187,0.00587821668928426,0.00587821668928426,0.00587821668928426,0.0434639030773943
23.722803858762,0,0.00435490338959432,0,23.722803858762,0.00435490338959432,0.00435490338959432,0.00435490338959432,0.0172785731987079
NA,NA,NA,NA,NA,NA,NA,NA,NA
14.5501339822123,0,-0.0241508994853178,0,14.5501339822123,-0.0241508994853178,-0.0241508994853178,-0.0241508994853178,0.0112761190742462
5.59197431763262,0,-0.0578220526680145,0,5.59197431763262,-0.0578220526680145,-0.0578220526680145,-0.0578220526680145,0.0290843221745671
7.10118523761685,0,-0.0285278978712163,0,7.10118523761685,-0.0285278978712163,-0.0285278978712163,-0.0285278978712163,0.0595492352872805
8.39406695268219,0,0.0167837864563465,0,8.39406695268219,0.0167837864563465,0.0167837864563465,0.0167837864563465,0.0322473662392579
15.3813680380744,0,-0.0235768509494856,0,15.3813680380744,-0.0235768509494856,-0.0235768509494856,-0.0235768509494856,0.0385600790656454
10.9419857642508,0,-0.0876235523401562,0,10.9419857642508,-0.0876235523401562,-0.0876235523401562,-0.0876235523401562,0.0336377588977628
9.567453602661,0,-0.0130573193727359,0,9.567453602661,-0.0130573193727359,-0.0130573193727359,-0.0130573193727359,0.0264340771076804
9.56764954052794,0,-0.00578932875863998,0,9.56764954052794,-0.00578932875863998,-0.00578932875863998,-0.00578932875863998,0.0288617279537588
9.58796747981615,0,0.00725905880614161,0,9.58796747981615,0.00725905880614161,0.00725905880614161,0.00725905880614161,0.0422687684348916
15.1454884083029,0,0.0687427351592194,0,15.1454884083029,0.0687427351592194,0.0687427351592194,0.0687427351592194,0.0334809714396658
9.03381024943225,0,-0.0258591277728825,0,9.03381024943225,-0.0258591277728825,-0.0258591277728825,-0.0258591277728825,0.0210013285642308
16.8507399661019,0,-0.0324616177649589,0,16.8507399661019,-0.0324616177649589,-0.0324616177649589,-0.0324616177649589,0.0139871446137804
10.6567948708008,0,0.0203455428827325,0,10.6567948708008,0.0203455428827325,0.0203455428827325,0.0203455428827325,0.0367174068081082
15.83958844307,0,0.0399832495665445,0,15.83958844307,0.0399832495665445,0.0399832495665445,0.0399832495665445,0.0130470310288665
17.7014293147066,0,0.0234372077444364,0,17.7014293147066,0.0234372077444364,0.0234372077444364,0.0234372077444364,0.0323786122878216
16.016217440795,0,-0.00369944404825601,0,16.016217440795,-0.00369944404825601,-0.00369944404825601,-0.00369944404825601,0.0376637682579198
6.35958088046694,0,-0.0328185793493547,0,6.35958088046694,-0.0328185793493547,-0.0328185793493547,-0.0328185793493547,0.0520581686434144
7.84913150076159,0,0.0206892300368871,0,7.84913150076159,0.0206892300368871,0.0206892300368871,0.0206892300368871,0.0125920499284639
11.3110693140974,0,0.00982781565554414,0,11.3110693140974,0.00982781565554414,0.00982781565554414,0.00982781565554414,0.0152975413868066
19.3344521561619,0,-0.0178892890128142,0,19.3344521561619,-0.0178892890128142,-0.0178892890128142,-0.0178892890128142,0.0322365626104049
12.3671082351961,0,0.0210231372322994,0,12.3671082351961,0.0210231372322994,0.0210231372322994,0.0210231372322994,0.0160828742749283
12.3654554745313,0,-0.0686880413546458,0,12.3654554745313,-0.0686880413546458,-0.0686880413546458,-0.0686880413546458,0.0513325050706189
19.2556223171704,0,0.0285945738844167,0,19.2556223171704,0.0285945738844167,0.0285945738844167,0.0285945738844167,0.0139726523520546
34.7312424253189,0,0.00360906084633839,0,34.7312424253189,0.00360906084633839,0.00360906084633839,0.00360906084633839,0.017575833019559
54.7209102152747,0,0.0196726221291343,0,54.7209102152747,0.0196726221291343,0.0196726221291343,0.0196726221291343,0.0109274670854921
11.6997668682815,0,-0.0454216119044559,0,11.6997668682815,-0.0454216119044559,-0.0454216119044559,-0.0454216119044559,0.105318046890987
13.7692792179168,0,0.045315959795906,0,13.7692792179168,0.045315959795906,0.045315959795906,0.045315959795906,0.0576659331255503
11.7030101268542,0,0.0664031592294417,0,11.7030101268542,0.0664031592294417,0.0664031592294417,0.0664031592294417,0.0318702419669784
7.36539602284415,0,-0.0247872150245361,0,7.36539602284415,-0.0247872150245361,-0.0247872150245361,-0.0247872150245361,0.114121672795408
9.34902839864339,0,-0.0319037471830898,0,9.34902839864339,-0.0319037471830898,-0.0319037471830898,-0.0319037471830898,0.0353702402159913
12.3611575522981,0,-0.0042723235541842,0,12.3611575522981,-0.0042723235541842,-0.0042723235541842,-0.0042723235541842,0.0564107009092355
11.8155784180346,0,0.132399483418963,0,11.8155784180346,0.132399483418963,0.132399483418963,0.132399483418963,0.0684128055131695
10.8363107906744,0,-0.028098390818107,0,10.8363107906744,-0.028098390818107,-0.028098390818107,-0.028098390818107,0.071926050301895
11.7003583105711,0,-0.00186774348468509,0,11.7003583105711,-0.00186774348468509,-0.00186774348468509,-0.00186774348468509,0.00589871207554302
14.1717804897526,0,0.027255899623745,0,14.1717804897526,0.027255899623745,0.027255899623745,0.027255899623745,0.0438772018708798
10.4916049522311,0,0.0132463173032987,0,10.4916049522311,0.0132463173032987,0.0132463173032987,0.0132463173032987,0.0267192917518445
12.491172371433,0,0.00616174807970621,0,12.491172371433,0.00616174807970621,0.00616174807970621,0.00616174807970621,0.0405245193389735
22.4190143092695,0,-0.000161199703742028,0,22.4190143092695,-0.000161199703742028,-0.000161199703742028,-0.000161199703742028,0.0167230245622351
23.3384346785706,0,0.0173424537425691,0,23.3384346785706,0.0173424537425691,0.0173424537425691,0.0173424537425691,0.0189266195413323
21.0471310356801,0,0.0617673658141888,0,21.0471310356801,0.0617673658141888,0.0617673658141888,0.0617673658141888,0.047052745863464
18.868464140174,0,-0.0601138815581494,0,18.868464140174,-0.0601138815581494,-0.0601138815581494,-0.0601138815581494,0.0841243606959225
130.216227665708,0,0.0198117493038606,0,130.216227665708,0.0198117493038606,0.0198117493038606,0.0198117493038606,0.0277236387216602
9.87654480749694,0,-0.0946232449189078,0,9.87654480749694,-0.0946232449189078,-0.0946232449189078,-0.0946232449189078,0.0836731049469832
15.7641037476623,0,0.0452974152246685,0,15.7641037476623,0.0452974152246685,0.0452974152246685,0.0452974152246685,0.0222639606786319
14.6925462604222,0,-0.00458452472707301,0,14.6925462604222,-0.00458452472707301,-0.00458452472707301,-0.00458452472707301,0.0444254697733256
7.79044115240101,0,0.0350532910010923,0,7.79044115240101,0.0350532910010923,0.0350532910010923,0.0350532910010923,0.0585754206769742
8.10146185701589,0,0.0427555806686441,0,8.10146185701589,0.0427555806686441,0.0427555806686441,0.0427555806686441,0.0518433181255775
11.2420027298881,0,-0.0660500012093723,0,11.2420027298881,-0.0660500012093723,-0.0660500012093723,-0.0660500012093723,0.0384705888979592
27.9381463268887,0,-0.0196646199066465,0,27.9381463268887,-0.0196646199066465,-0.0196646199066465,-0.0196646199066465,0.0266030945529787
28.4056044215739,0,-0.0234835133541325,0,28.4056044215739,-0.0234835133541325,-0.0234835133541325,-0.0234835133541325,0.0460235649191708
9.44659083119766,0,-0.0979355343768668,0,9.44659083119766,-0.0979355343768668,-0.0979355343768668,-0.0979355343768668,0.106984919191722
10.6319539160187,0,0.00587821668928426,0,10.6319539160187,0.00587821668928426,0.00587821668928426,0.00587821668928426,0.0434639030773943
23.722803858762,0,0.00435490338959432,0,23.722803858762,0.00435490338959432,0.00435490338959432,0.00435490338959432,0.0172785731987079
NA,NA,NA,NA,NA,NA,NA,NA,NA
14.5501339822123,0,-0.0241508994853178,0,14.5501339822123,-0.0241508994853178,-0.0241508994853178,-0.0241508994853178,0.0112761190742462
5.59197431763262,0,-0.0578220526680145,0,5.59197431763262,-0.0578220526680145,-0.0578220526680145,-0.0578220526680145,0.0290843221745671
7.10118523761685,0,-0.0285278978712163,0,7.10118523761685,-0.0285278978712163,-0.0285278978712163,-0.0285278978712163,0.0595492352872805
8.39406695268219,0,0.0167837864563465,0,8.39406695268219,0.0167837864563465,0.0167837864563465,0.0167837864563465,0.0322473662392579
15.3813680380744,0,-0.0235768509494856,0,15.3813680380744,-0.0235768509494856,-0.0235768509494856,-0.0235768509494856,0.0385600790656454
10.9419857642508,0,-0.0876235523401562,0,10.9419857642508,-0.0876235523401562,-0.0876235523401562,-0.0876235523401562,0.0336377588977628
9.567453602661,0,-0.0130573193727359,0,9.567453602661,-0.0130573193727359,-0.0130573193727359,-0.0130573193727359,0.0264340771076804
9.56764954052794,0,-0.00578932875863998,0,9.56764954052794,-0.00578932875863998,-0.00578932875863998,-0.00578932875863998,0.0288617279537588
9.58796747981615,0,0.00725905880614161,0,9.58796747981615,0.00725905880614161,0.00725905880614161,0.00725905880614161,0.0422687684348916
15.1454884083029,0,0.0687427351592194,0,15.1454884083029,0.0687427351592194,0.0687427351592194,0.0687427351592194,0.0334809714396658
9.03381024943225,0,-0.0258591277728825,0,9.03381024943225,-0.0258591277728825,-0.0258591277728825,-0.0258591277728825,0.0210013285642308
16.8507399661019,0,-0.0324616177649589,0,16.8507399661019,-0.0324616177649589,-0.0324616177649589,-0.0324616177649589,0.0139871446137804
10.6567948708008,0,0.0203455428827325,0,10.6567948708008,0.0203455428827325,0.0203455428827325,0.0203455428827325,0.0367174068081082
15.83958844307,0,0.0399832495665445,0,15.83958844307,0.0399832495665445,0.0399832495665445,0.0399832495665445,0.0130470310288665
17.7014293147066,0,0.0234372077444364,0,17.7014293147066,0.0234372077444364,0.0234372077444364,0.0234372077444364,0.0323786122878216
16.016217440795,0,-0.00369944404825601,0,16.016217440795,-0.00369944404825601,-0.00369944404825601,-0.00369944404825601,0.0376637682579198
6.35958088046694,0,-0.0328185793493547,0,6.35958088046694,-0.0328185793493547,-0.0328185793493547,-0.0328185793493547,0.0520581686434144
7.84913150076159,0,0.0206892300368871,0,7.84913150076159,0.0206892300368871,0.0206892300368871,0.0206892300368871,0.0125920499284639
11.3110693140974,0,0.00982781565554414,0,11.3110693140974,0.00982781565554414,0.00982781565554414,0.00982781565554414,0.0152975413868066
19.3344521561619,0,-0.0178892890128142,0,19.3344521561619,-0.0178892890128142,-0.0178892890128142,-0.0178892890128142,0.0322365626104049
12.3671082351961,0,0.0210231372322994,0,12.3671082351961,0.0210231372322994,0.0210231372322994,0.0210231372322994,0.0160828742749283
12.3654554745313,0,-0.0686880413546458,0,12.3654554745313,-0.0686880413546458,-0.0686880413546458,-0.0686880413546458,0.0513325050706189
19.2556223171704,0,0.0285945738844167,0,19.2556223171704,0.0285945738844167,0.0285945738844167,0.0285945738844167,0.0139726523520546
34.7312424253189,0,0.00360906084633839,0,34.7312424253189,0.00360906084633839,0.00360906084633839,0.00360906084633839,0.017575833019559
54.7209102152747,0,0.0196726221291343,0,54.7209102152747,0.0196726221291343,0.0196726221291343,0.0196726221291343,0.0109274670854921
11.6997668682815,0,-0.0454216119044559,0,11.6997668682815,-0.0454216119044559,-0.0454216119044559,-0.0454216119044559,0.105318046890987
13.7692792179168,0,0.045315959795906,0,13.7692792179168,0.045315959795906,0.045315959795906,0.045315959795906,0.0576659331255503
11.7030101268542,0,0.0664031592294417,0,11.7030101268542,0.0664031592294417,0.0664031592294417,0.0664031592294417,0.0318702419669784
7.36539602284415,0,-0.0247872150245361,0,7.36539602284415,-0.0247872150245361,-0.0247872150245361,-0.0247872150245361,0.114121672795408
9.34902839864339,0,-0.0319037471830898,0,9.34902839864339,-0.0319037471830898,-0.0319037471830898,-0.0319037471830898,0.0353702402159913
12.3611575522981,0,-0.0042723235541842,0,12.3611575522981,-0.0042723235541842,-0.0042723235541842,-0.0042723235541842,0.0564107009092355
11.8155784180346,0,0.132399483418963,0,11.8155784180346,0.132399483418963,0.132399483418963,0.132399483418963,0.0684128055131695
10.8363107906744,0,-0.028098390818107,0,10.8363107906744,-0.028098390818107,-0.028098390818107,-0.028098390818107,0.071926050301895
11.7003583105711,0,-0.00186774348468509,0,11.7003583105711,-0.00186774348468509,-0.00186774348468509,-0.00186774348468509,0.00589871207554302
14.1717804897526,0,0.027255899623745,0,14.1717804897526,0.027255899623745,0.027255899623745,0.027255899623745,0.0438772018708798
10.4916049522311,0,0.0132463173032987,0,10.4916049522311,0.0132463173032987,0.0132463173032987,0.0132463173032987,0.0267192917518445
12.491172371433,0,0.00616174807970621,0,12.491172371433,0.00616174807970621,0.00616174807970621,0.00616174807970621,0.0405245193389735
22.4190143092695,0,-0.000161199703742028,0,22.4190143092695,-0.000161199703742028,-0.000161199703742028,-0.000161199703742028,0.0167230245622351
23.3384346785706,0,0.0173424537425691,0,23.3384346785706,0.0173424537425691,0.0173424537425691,0.0173424537425691,0.0189266195413323
21.0471310356801,0,0.0617673658141888,0,21.0471310356801,0.0617673658141888,0.0617673658141888,0.0617673658141888,0.047052745863464
18.868464140174,0,-0.0601138815581494,0,18.868464140174,-0.0601138815581494,-0.0601138815581494,-0.0601138815581494,0.0841243606959225
130.216227665708,0,0.0198117493038606,0,130.216227665708,0.0198117493038606,0.0198117493038606,0.0198117493038606,0.0277236387216602
9.87654480749694,0,-0.0946232449189078,0,9.87654480749694,-0.0946232449189078,-0.0946232449189078,-0.0946232449189078,0.0836731049469832
15.7641037476623,0,0.0452974152246685,0,15.7641037476623,0.0452974152246685,0.0452974152246685,0.0452974152246685,0.0222639606786319
14.6925462604222,0,-0.00458452472707301,0,14.6925462604222,-0.00458452472707301,-0.00458452472707301,-0.00458452472707301,0.0444254697733256
7.79044115240101,0,0.0350532910010923,0,7.79044115240101,0.0350532910010923,0.0350532910010923,0.0350532910010923,0.0585754206769742
8.10146185701589,0,0.0427555806686441,0,8.10146185701589,0.0427555806686441,0.0427555806686441,0.0427555806686441,0.0518433181255775
11.2420027298881,0,-0.0660500012093723,0,11.2420027298881,-0.0660500012093723,-0.0660500012093723,-0.0660500012093723,0.0384705888979592
27.9381463268887,0,-0.0196646199066465,0,27.9381463268887,-0.0196646199066465,-0.0196646199066465,-0.0196646199066465,0.0266030945529787
28.4056044215739,0,-0.0234835133541325,0,28.4056044215739,-0.0234835133541325,-0.0234835133541325,-0.0234835133541325,0.0460235649191708
9.44659083119766,0,-0.0979355343768668,0,9.44659083119766,-0.0979355343768668,-0.0979355343768668,-0.0979355343768668,0.106984919191722
10.6319539160187,0,0.00587821668928426,0,10.6319539160187,0.00587821668928426,0.00587821668928426,0.00587821668928426,0.0434639030773943
23.722803858762,0,0.00435490338959432,0,23.722803858762,0.00435490338959432,0.00435490338959432,0.00435490338959432,0.0172785731987079
NA,NA,NA,NA,NA,NA,NA,NA,NA
14.5501339822123,0,-0.0241508994853178,0,14.5501339822123,-0.0241508994853178,-0.0241508994853178,-0.0241508994853178,0.0112761190742462
5.59197431763262,0,-0.0578220526680145,0,5.59197431763262,-0.0578220526680145,-0.0578220526680145,-0.0578220526680145,0.0290843221745671
7.10118523761685,0,-0.0285278978712163,0,7.10118523761685,-0.0285278978712163,-0.0285278978712163,-0.0285278978712163,0.0595492352872805
8.39406695268219,0,0.0167837864563465,0,8.39406695268219,0.0167837864563465,0.0167837864563465,0.0167837864563465,0.0322473662392579
15.3813680380744,0,-0.0235768509494856,0,15.3813680380744,-0.0235768509494856,-0.0235768509494856,-0.0235768509494856,0.0385600790656454
10.9419857642508,0,-0.0876235523401562,0,10.9419857642508,-0.0876235523401562,-0.0876235523401562,-0.0876235523401562,0.0336377588977628
9.567453602661,0,-0.0130573193727359,0,9.567453602661,-0.0130573193727359,-0.0130573193727359,-0.0130573193727359,0.0264340771076804
9.56764954052794,0,-0.00578932875863998,0,9.56764954052794,-0.00578932875863998,-0.00578932875863998,-0.00578932875863998,0.0288617279537588
9.58796747981615,0,0.00725905880614161,0,9.58796747981615,0.00725905880614161,0.00725905880614161,0.00725905880614161,0.0422687684348916
15.1454884083029,0,0.0687427351592194,0,15.1454884083029,0.0687427351592194,0.0687427351592194,0.0687427351592194,0.0334809714396658
9.03381024943225,0,-0.0258591277728825,0,9.03381024943225,-0.0258591277728825,-0.0258591277728825,-0.0258591277728825,0.0210013285642308
16.8507399661019,0,-0.0324616177649589,0,16.8507399661019,-0.0324616177649589,-0.0324616177649589,-0.0324616177649589,0.0139871446137804
10.6567948708008,0,0.0203455428827325,0,10.6567948708008,0.0203455428827325,0.0203455428827325,0.0203455428827325,0.0367174068081082
15.83958844307,0,0.0399832495665445,0,15.83958844307,0.0399832495665445,0.0399832495665445,0.0399832495665445,0.0130470310288665
17.7014293147066,0,0.0234372077444364,0,17.7014293147066,0.0234372077444364,0.0234372077444364,0.0234372077444364,0.0323786122878216
16.016217440795,0,-0.00369944404825601,0,16.016217440795,-0.00369944404825601,-0.00369944404825601,-0.00369944404825601,0.0376637682579198
6.35958088046694,0,-0.0328185793493547,0,6.35958088046694,-0.0328185793493547,-0.0328185793493547,-0.0328185793493547,0.0520581686434144
7.84913150076159,0,0.0206892300368871,0,7.84913150076159,0.0206892300368871,0.0206892300368871,0.0206892300368871,0.0125920499284639
11.3110693140974,0,0.00982781565554414,0,11.3110693140974,0.00982781565554414,0.00982781565554414,0.00982781565554414,0.0152975413868066
19.3344521561619,0,-0.0178892890128142,0,19.3344521561619,-0.0178892890128142,-0.0178892890128142,-0.0178892890128142,0.0322365626104049
12.3671082351961,0,0.0210231372322994,0,12.3671082351961,0.0210231372322994,0.0210231372322994,0.0210231372322994,0.0160828742749283
12.3654554745313,0,-0.0686880413546458,0,12.3654554745313,-0.0686880413546458,-0.0686880413546458,-0.0686880413546458,0.0513325050706189
19.2556223171704,0,0.0285945738844167,0,19.2556223171704,0.0285945738844167,0.0285945738844167,0.0285945738844167,0.0139726523520546
34.7312424253189,0,0.00360906084633839,0,34.7312424253189,0.00360906084633839,0.00360906084633839,0.00360906084633839,0.017575833019559
54.7209102152747,0,0.0196726221291343,0,54.7209102152747,0.0196726221291343,0.0196726221291343,0.0196726221291343,0.0109274670854921
11.6997668682815,0,-0.0454216119044559,0,11.6997668682815,-0.0454216119044559,-0.0454216119044559,-0.0454216119044559,0.105318046890987
13.7692792179168,0,0.045315959795906,0,13.7692792179168,0.045315959795906,0.045315959795906,0.045315959795906,0.0576659331255503
11.7030101268542,0,0.0664031592294417,0,11.7030101268542,0.0664031592294417,0.0664031592294417,0.0664031592294417,0.0318702419669784
7.36539602284415,0,-0.0247872150245361,0,7.36539602284415,-0.0247872150245361,-0.0247872150245361,-0.0247872150245361,0.114121672795408
9.34902839864339,0,-0.0319037471830898,0,9.34902839864339,-0.0319037471830898,-0.0319037471830898,-0.0319037471830898,0.0353702402159913
12.3611575522981,0,-0.0042723235541842,0,12.3611575522981,-0.0042723235541842,-0.0042723235541842,-0.0042723235541842,0.0564107009092355
11.8155784180346,0,0.132399483418963,0,11.8155784180346,0.132399483418963,0.132399483418963,0.132399483418963,0.0684128055131695
10.8363107906744,0,-0.028098390818107,0,10.8363107906744,-0.028098390818107,-0.028098390818107,-0.028098390818107,0.071926050301895
11.7003583105711,0,-0.00186774348468509,0,11.7003583105711,-0.00186774348468509,-0.00186774348468509,-0.00186774348468509,0.00589871207554302
14.1717804897526,0,0.027255899623745,0,14.1717804897526,0.027255899623745,0.027255899623745,0.027255899623745,0.0438772018708798
10.4916049522311,0,0.0132463173032987,0,10.4916049522311,0.0132463173032987,0.0132463173032987,0.0132463173032987,0.0267192917518445
12.491172371433,0,0.00616174807970621,0,12.491172371433,0.00616174807970621,0.00616174807970621,0.00616174807970621,0.0405245193389735
22.4190143092695,0,-0.000161199703742028,0,22.4190143092695,-0.000161199703742028,-0.000161199703742028,-0.000161199703742028,0.0167230245622351
23.3384346785706,0,0.0173424537425691,0,23.3384346785706,0.0173424537425691,0.0173424537425691,0.0173424537425691,0.0189266195413323
21.0471310356801,0,0.0617673658141888,0,21.0471310356801,0.0617673658141888,0.0617673658141888,0.0617673658141888,0.047052745863464
18.868464140174,0,-0.0601138815581494,0,18.868464140174,-0.0601138815581494,-0.0601138815581494,-0.0601138815581494,0.0841243606959225
130.216227665708,0,0.0198117493038606,0,130.216227665708,0.0198117493038606,0.0198117493038606,0.0198117493038606,0.0277236387216602
9.87654480749694,0,-0.0946232449189078,0,9.87654480749694,-0.0946232449189078,-0.0946232449189078,-0.0946232449189078,0.0836731049469832
15.7641037476623,0,0.0452974152246685,0,15.7641037476623,0.0452974152246685,0.0452974152246685,0.0452974152246685,0.0222639606786319
14.6925462604222,0,-0.00458452472707301,0,14.6925462604222,-0.00458452472707301,-0.00458452472707301,-0.00458452472707301,0.0444254697733256
7.79044115240101,0,0.0350532910010923,0,7.79044115240101,0.0350532910010923,0.0350532910010923,0.0350532910010923,0.0585754206769742
11.0161041029769,0,-0.0031766917676102,0,11.0161041029769,-0.0031766917676102,-0.0031766917676102,-0.0031766917676102,0.0522005254908412
11.2420027298881,0,-0.0660500012093723,0,11.2420027298881,-0.0660500012093723,-0.0660500012093723,-0.0660500012093723,0.0384705888979592
27.9381463268887,0,-0.0196646199066465,0,27.9381463268887,-0.0196646199066465,-0.0196646199066465,-0.0196646199066465,0.0266030945529787
28.4056044215739,0,-0.0234835133541325,0,28.4056044215739,-0.0234835133541325,-0.0234835133541325,-0.0234835133541325,0.0460235649191708
9.44659083119766,0,-0.0979355343768668,0,9.44659083119766,-0.0979355343768668,-0.0979355343768668,-0.0979355343768668,0.106984919191722
10.6319539160187,0,0.00587821668928426,0,10.6319539160187,0.00587821668928426,0.00587821668928426,0.00587821668928426,0.0434639030773943
23.722803858762,0,0.00435490338959432,0,23.722803858762,0.00435490338959432,0.00435490338959432,0.00435490338959432,0.0172785731987079
NA,NA,NA,NA,NA,NA,NA,NA,NA
14.5501339822123,0,-0.0241508994853178,0,14.5501339822123,-0.0241508994853178,-0.0241508994853178,-0.0241508994853178,0.0112761190742462
5.59197431763262,0,-0.0578220526680145,0,5.59197431763262,-0.0578220526680145,-0.0578220526680145,-0.0578220526680145,0.0290843221745671
7.10118523761685,0,-0.0285278978712163,0,7.10118523761685,-0.0285278978712163,-0.0285278978712163,-0.0285278978712163,0.0595492352872805
8.39406695268219,0,0.0167837864563465,0,8.39406695268219,0.0167837864563465,0.0167837864563465,0.0167837864563465,0.0322473662392579
15.3813680380744,0,-0.0235768509494856,0,15.3813680380744,-0.0235768509494856,-0.0235768509494856,-0.0235768509494856,0.0385600790656454
10.9419857642508,0,-0.0876235523401562,0,10.9419857642508,-0.0876235523401562,-0.0876235523401562,-0.0876235523401562,0.0336377588977628
9.567453602661,0,-0.0130573193727359,0,9.567453602661,-0.0130573193727359,-0.0130573193727359,-0.0130573193727359,0.0264340771076804
9.56764954052794,0,-0.00578932875863998,0,9.56764954052794,-0.00578932875863998,-0.00578932875863998,-0.00578932875863998,0.0288617279537588
9.58796747981615,0,0.00725905880614161,0,9.58796747981615,0.00725905880614161,0.00725905880614161,0.00725905880614161,0.0422687684348916
15.1454884083029,0,0.0687427351592194,0,15.1454884083029,0.0687427351592194,0.0687427351592194,0.0687427351592194,0.0334809714396658
9.03381024943225,0,-0.0258591277728825,0,9.03381024943225,-0.0258591277728825,-0.0258591277728825,-0.0258591277728825,0.0210013285642308
16.8507399661019,0,-0.0324616177649589,0,16.8507399661019,-0.0324616177649589,-0.0324616177649589,-0.0324616177649589,0.0139871446137804
10.6567948708008,0,0.0203455428827325,0,10.6567948708008,0.0203455428827325,0.0203455428827325,0.0203455428827325,0.0367174068081082
15.83958844307,0,0.0399832495665445,0,15.83958844307,0.0399832495665445,0.0399832495665445,0.0399832495665445,0.0130470310288665
17.7014293147066,0,0.0234372077444364,0,17.7014293147066,0.0234372077444364,0.0234372077444364,0.0234372077444364,0.0323786122878216
16.016217440795,0,-0.00369944404825601,0,16.016217440795,-0.00369944404825601,-0.00369944404825601,-0.00369944404825601,0.0376637682579198
6.35958088046694,0,-0.0328185793493547,0,6.35958088046694,-0.0328185793493547,-0.0328185793493547,-0.0328185793493547,0.0520581686434144
7.84913150076159,0,0.0206892300368871,0,7.84913150076159,0.0206892300368871,0.0206892300368871,0.0206892300368871,0.0125920499284639
11.3110693140974,0,0.00982781565554414,0,11.3110693140974,0.00982781565554414,0.00982781565554414,0.00982781565554414,0.0152975413868066
19.3344521561619,0,-0.0178892890128142,0,19.3344521561619,-0.0178892890128142,-0.0178892890128142,-0.0178892890128142,0.0322365626104049
12.3671082351961,0,0.0210231372322994,0,12.3671082351961,0.0210231372322994,0.0210231372322994,0.0210231372322994,0.0160828742749283
12.3654554745313,0,-0.0686880413546458,0,12.3654554745313,-0.0686880413546458,-0.0686880413546458,-0.0686880413546458,0.0513325050706189
19.2556223171704,0,0.0285945738844167,0,19.2556223171704,0.0285945738844167,0.0285945738844167,0.0285945738844167,0.0139726523520546
34.7312424253189,0,0.00360906084633839,0,34.7312424253189,0.00360906084633839,0.00360906084633839,0.00360906084633839,0.017575833019559
54.7209102152747,0,0.0196726221291343,0,54.7209102152747,0.0196726221291343,0.0196726221291343,0.0196726221291343,0.0109274670854921
11.6997668682815,0,-0.0454216119044559,0,11.6997668682815,-0.0454216119044559,-0.0454216119044559,-0.0454216119044559,0.105318046890987
13.7692792179168,0,0.045315959795906,0,13.7692792179168,0.045315959795906,0.045315959795906,0.045315959795906,0.0576659331255503
11.7030101268542,0,0.0664031592294417,0,11.7030101268542,0.0664031592294417,0.0664031592294417,0.0664031592294417,0.0318702419669784
7.36539602284415,0,-0.0247872150245361,0,7.36539602284415,-0.0247872150245361,-0.0247872150245361,-0.0247872150245361,0.114121672795408
9.34902839864339,0,-0.0319037471830898,0,9.34902839864339,-0.0319037471830898,-0.0319037471830898,-0.0319037471830898,0.0353702402159913
12.3611575522981,0,-0.0042723235541842,0,12.3611575522981,-0.0042723235541842,-0.0042723235541842,-0.0042723235541842,0.0564107009092355
11.8155784180346,0,0.132399483418963,0,11.8155784180346,0.132399483418963,0.132399483418963,0.132399483418963,0.0684128055131695
10.8363107906744,0,-0.028098390818107,0,10.8363107906744,-0.028098390818107,-0.028098390818107,-0.028098390818107,0.071926050301895
11.7003583105711,0,-0.00186774348468509,0,11.7003583105711,-0.00186774348468509,-0.00186774348468509,-0.00186774348468509,0.00589871207554302
14.1717804897526,0,0.027255899623745,0,14.1717804897526,0.027255899623745,0.027255899623745,0.027255899623745,0.0438772018708798
10.4916049522311,0,0.0132463173032987,0,10.4916049522311,0.0132463173032987,0.0132463173032987,0.0132463173032987,0.0267192917518445
12.491172371433,0,0.00616174807970621,0,12.491172371433,0.00616174807970621,0.00616174807970621,0.00616174807970621,0.0405245193389735
22.4190143092695,0,-0.000161199703742028,0,22.4190143092695,-0.000161199703742028,-0.000161199703742028,-0.000161199703742028,0.0167230245622351
23.3384346785706,0,0.0173424537425691,0,23.3384346785706,0.0173424537425691,0.0173424537425691,0.0173424537425691,0.0189266195413323
21.0471310356801,0,0.0617673658141888,0,21.0471310356801,0.0617673658141888,0.0617673658141888,0.0617673658141888,0.047052745863464
18.868464140174,0,-0.0601138815581494,0,18.868464140174,-0.0601138815581494,-0.0601138815581494,-0.0601138815581494,0.0841243606959225
130.216227665708,0,0.0198117493038606,0,130.216227665708,0.0198117493038606,0.0198117493038606,0.0198117493038606,0.0277236387216602
9.87654480749694,0,-0.0946232449189078,0,9.87654480749694,-0.0946232449189078,-0.0946232449189078,-0.0946232449189078,0.0836731049469832
15.7641037476623,0,0.0452974152246685,0,15.7641037476623,0.0452974152246685,0.0452974152246685,0.0452974152246685,0.0222639606786319
14.6925462604222,0,-0.00458452472707301,0,14.6925462604222,-0.00458452472707301,-0.00458452472707301,-0.00458452472707301,0.0444254697733256
7.79044115240101,0,0.0350532910010923,0,7.79044115240101,0.0350532910010923,0.0350532910010923,0.0350532910010923,0.0585754206769742
11.0161041029769,0,-0.0031766917676102,0,11.0161041029769,-0.0031766917676102,-0.0031766917676102,-0.0031766917676102,0.0522005254908412
11.2420027298881,0,-0.0660500012093723,0,11.2420027298881,-0.0660500012093723,-0.0660500012093723,-0.0660500012093723,0.0384705888979592
27.9381463268887,0,-0.0196646199066465,0,27.9381463268887,-0.0196646199066465,-0.0196646199066465,-0.0196646199066465,0.0266030945529787
28.4056044215739,0,-0.0234835133541325,0,28.4056044215739,-0.0234835133541325,-0.0234835133541325,-0.0234835133541325,0.0460235649191708
9.44659083119766,0,-0.0979355343768668,0,9.44659083119766,-0.0979355343768668,-0.0979355343768668,-0.0979355343768668,0.106984919191722
10.6319539160187,0,0.00587821668928426,0,10.6319539160187,0.00587821668928426,0.00587821668928426,0.00587821668928426,0.0434639030773943
23.722803858762,0,0.00435490338959432,0,23.722803858762,0.00435490338959432,0.00435490338959432,0.00435490338959432,0.0172785731987079
NA,NA,NA,NA,NA,NA,NA,NA,NA
14.5501339822123,0,-0.0241508994853178,0,14.5501339822123,-0.0241508994853178,-0.0241508994853178,-0.0241508994853178,0.0112761190742462
5.59197431763262,0,-0.0578220526680145,0,5.59197431763262,-0.0578220526680145,-0.0578220526680145,-0.0578220526680145,0.0290843221745671
7.10118523761685,0,-0.0285278978712163,0,7.10118523761685,-0.0285278978712163,-0.0285278978712163,-0.0285278978712163,0.0595492352872805
8.39406695268219,0,0.0167837864563465,0,8.39406695268219,0.0167837864563465,0.0167837864563465,0.0167837864563465,0.0322473662392579
15.3813680380744,0,-0.0235768509494856,0,15.3813680380744,-0.0235768509494856,-0.0235768509494856,-0.0235768509494856,0.0385600790656454
10.9419857642508,0,-0.0876235523401562,0,10.9419857642508,-0.0876235523401562,-0.0876235523401562,-0.0876235523401562,0.0336377588977628
9.567453602661,0,-0.0130573193727359,0,9.567453602661,-0.0130573193727359,-0.0130573193727359,-0.0130573193727359,0.0264340771076804
9.56764954052794,0,-0.00578932875863998,0,9.56764954052794,-0.00578932875863998,-0.00578932875863998,-0.00578932875863998,0.0288617279537588
9.58796747981615,0,0.00725905880614161,0,9.58796747981615,0.00725905880614161,0.00725905880614161,0.00725905880614161,0.0422687684348916
15.1454884083029,0,0.0687427351592194,0,15.1454884083029,0.0687427351592194,0.0687427351592194,0.0687427351592194,0.0334809714396658
9.03381024943225,0,-0.0258591277728825,0,9.03381024943225,-0.0258591277728825,-0.0258591277728825,-0.0258591277728825,0.0210013285642308
16.8507399661019,0,-0.0324616177649589,0,16.8507399661019,-0.0324616177649589,-0.0324616177649589,-0.0324616177649589,0.0139871446137804
10.6567948708008,0,0.0203455428827325,0,10.6567948708008,0.0203455428827325,0.0203455428827325,0.0203455428827325,0.0367174068081082
15.83958844307,0,0.0399832495665445,0,15.83958844307,0.0399832495665445,0.0399832495665445,0.0399832495665445,0.0130470310288665
17.7014293147066,0,0.0234372077444364,0,17.7014293147066,0.0234372077444364,0.0234372077444364,0.0234372077444364,0.0323786122878216
16.016217440795,0,-0.00369944404825601,0,16.016217440795,-0.00369944404825601,-0.00369944404825601,-0.00369944404825601,0.0376637682579198
6.35958088046694,0,-0.0328185793493547,0,6.35958088046694,-0.0328185793493547,-0.0328185793493547,-0.0328185793493547,0.0520581686434144
7.84913150076159,0,0.0206892300368871,0,7.84913150076159,0.0206892300368871,0.0206892300368871,0.0206892300368871,0.0125920499284639
11.3110693140974,0,0.00982781565554414,0,11.3110693140974,0.00982781565554414,0.00982781565554414,0.00982781565554414,0.0152975413868066
19.3344521561619,0,-0.0178892890128142,0,19.3344521561619,-0.0178892890128142,-0.0178892890128142,-0.0178892890128142,0.0322365626104049
12.3671082351961,0,0.0210231372322994,0,12.3671082351961,0.0210231372322994,0.0210231372322994,0.0210231372322994,0.0160828742749283
12.3654554745313,0,-0.0686880413546458,0,12.3654554745313,-0.0686880413546458,-0.0686880413546458,-0.0686880413546458,0.0513325050706189
19.2556223171704,0,0.0285945738844167,0,19.2556223171704,0.0285945738844167,0.0285945738844167,0.0285945738844167,0.0139726523520546
34.7312424253189,0,0.00360906084633839,0,34.7312424253189,0.00360906084633839,0.00360906084633839,0.00360906084633839,0.017575833019559
54.7209102152747,0,0.0196726221291343,0,54.7209102152747,0.0196726221291343,0.0196726221291343,0.0196726221291343,0.0109274670854921
11.6997668682815,0,-0.0454216119044559,0,11.6997668682815,-0.0454216119044559,-0.0454216119044559,-0.0454216119044559,0.105318046890987
13.7692792179168,0,0.045315959795906,0,13.7692792179168,0.045315959795906,0.045315959795906,0.045315959795906,0.0576659331255503
11.7030101268542,0,0.0664031592294417,0,11.7030101268542,0.0664031592294417,0.0664031592294417,0.0664031592294417,0.0318702419669784
7.36539602284415,0,-0.0247872150245361,0,7.36539602284415,-0.0247872150245361,-0.0247872150245361,-0.0247872150245361,0.114121672795408
9.34902839864339,0,-0.0319037471830898,0,9.34902839864339,-0.0319037471830898,-0.0319037471830898,-0.0319037471830898,0.0353702402159913
12.3611575522981,0,-0.0042723235541842,0,12.3611575522981,-0.0042723235541842,-0.0042723235541842,-0.0042723235541842,0.0564107009092355
11.8155784180346,0,0.132399483418963,0,11.8155784180346,0.132399483418963,0.132399483418963,0.132399483418963,0.0684128055131695
10.8363107906744,0,-0.028098390818107,0,10.8363107906744,-0.028098390818107,-0.028098390818107,-0.028098390818107,0.071926050301895
11.7003583105711,0,-0.00186774348468509,0,11.7003583105711,-0.00186774348468509,-0.00186774348468509,-0.00186774348468509,0.00589871207554302
14.1717804897526,0,0.027255899623745,0,14.1717804897526,0.027255899623745,0.027255899623745,0.027255899623745,0.0438772018708798
10.4916049522311,0,0.0132463173032987,0,10.4916049522311,0.0132463173032987,0.0132463173032987,0.0132463173032987,0.0267192917518445
12.491172371433,0,0.00616174807970621,0,12.491172371433,0.00616174807970621,0.00616174807970621,0.00616174807970621,0.0405245193389735
22.4190143092695,0,-0.000161199703742028,0,22.4190143092695,-0.000161199703742028,-0.000161199703742028,-0.000161199703742028,0.0167230245622351
23.3384346785706,0,0.0173424537425691,0,23.3384346785706,0.0173424537425691,0.0173424537425691,0.0173424537425691,0.0189266195413323
21.0471310356801,0,0.0617673658141888,0,21.0471310356801,0.0617673658141888,0.0617673658141888,0.0617673658141888,0.047052745863464
18.868464140174,0,-0.0601138815581494,0,18.868464140174,-0.0601138815581494,-0.0601138815581494,-0.0601138815581494,0.0841243606959225
130.216227665708,0,0.0198117493038606,0,130.216227665708,0.0198117493038606,0.0198117493038606,0.0198117493038606,0.0277236387216602
9.87654480749694,0,-0.0946232449189078,0,9.87654480749694,-0.0946232449189078,-0.0946232449189078,-0.0946232449189078,0.0836731049469832
15.7641037476623,0,0.0452974152246685,0,15.7641037476623,0.0452974152246685,0.0452974152246685,0.0452974152246685,0.0222639606786319
14.6925462604222,0,-0.00458452472707301,0,14.6925462604222,-0.00458452472707301,-0.00458452472707301,-0.00458452472707301,0.0444254697733256
7.79044115240101,0,0.0350532910010923,0,7.79044115240101,0.0350532910010923,0.0350532910010923,0.0350532910010923,0.0585754206769742
11.0161041029769,0,-0.0031766917676102,0,11.0161041029769,-0.0031766917676102,-0.0031766917676102,-0.0031766917676102,0.0522005254908412
11.2420027298881,0,-0.0660500012093723,0,11.2420027298881,-0.0660500012093723,-0.0660500012093723,-0.0660500012093723,0.0384705888979592
27.9381463268887,0,-0.0196646199066465,0,27.9381463268887,-0.0196646199066465,-0.0196646199066465,-0.0196646199066465,0.0266030945529787
28.4056044215739,0,-0.0234835133541325,0,28.4056044215739,-0.0234835133541325,-0.0234835133541325,-0.0234835133541325,0.0460235649191708
9.44659083119766,0,-0.0979355343768668,0,9.44659083119766,-0.0979355343768668,-0.0979355343768668,-0.0979355343768668,0.106984919191722
10.6319539160187,0,0.00587821668928426,0,10.6319539160187,0.00587821668928426,0.00587821668928426,0.00587821668928426,0.0434639030773943
23.722803858762,0,0.00435490338959432,0,23.722803858762,0.00435490338959432,0.00435490338959432,0.00435490338959432,0.0172785731987079
NA,NA,NA,NA,NA,NA,NA,NA,NA
14.5501339822123,0,-0.0241508994853178,0,14.5501339822123,-0.0241508994853178,-0.0241508994853178,-0.0241508994853178,0.0112761190742462
5.59197431763262,0,-0.0578220526680145,0,5.59197431763262,-0.0578220526680145,-0.0578220526680145,-0.0578220526680145,0.0290843221745671
7.10118523761685,0,-0.0285278978712163,0,7.10118523761685,-0.0285278978712163,-0.0285278978712163,-0.0285278978712163,0.0595492352872805
8.39406695268219,0,0.0167837864563465,0,8.39406695268219,0.0167837864563465,0.0167837864563465,0.0167837864563465,0.0322473662392579
15.3813680380744,0,-0.0235768509494856,0,15.3813680380744,-0.0235768509494856,-0.0235768509494856,-0.0235768509494856,0.0385600790656454
10.9419857642508,0,-0.0876235523401562,0,10.9419857642508,-0.0876235523401562,-0.0876235523401562,-0.0876235523401562,0.0336377588977628
9.567453602661,0,-0.0130573193727359,0,9.567453602661,-0.0130573193727359,-0.0130573193727359,-0.0130573193727359,0.0264340771076804
9.56764954052794,0,-0.00578932875863998,0,9.56764954052794,-0.00578932875863998,-0.00578932875863998,-0.00578932875863998,0.0288617279537588
9.58796747981615,0,0.00725905880614161,0,9.58796747981615,0.00725905880614161,0.00725905880614161,0.00725905880614161,0.0422687684348916
15.1454884083029,0,0.0687427351592194,0,15.1454884083029,0.0687427351592194,0.0687427351592194,0.0687427351592194,0.0334809714396658
9.03381024943225,0,-0.0258591277728825,0,9.03381024943225,-0.0258591277728825,-0.0258591277728825,-0.0258591277728825,0.0210013285642308
16.8507399661019,0,-0.0324616177649589,0,16.8507399661019,-0.0324616177649589,-0.0324616177649589,-0.0324616177649589,0.0139871446137804
10.6567948708008,0,0.0203455428827325,0,10.6567948708008,0.0203455428827325,0.0203455428827325,0.0203455428827325,0.0367174068081082
15.83958844307,0,0.0399832495665445,0,15.83958844307,0.0399832495665445,0.0399832495665445,0.0399832495665445,0.0130470310288665
17.7014293147066,0,0.0234372077444364,0,17.7014293147066,0.0234372077444364,0.0234372077444364,0.0234372077444364,0.0323786122878216
16.016217440795,0,-0.00369944404825601,0,16.016217440795,-0.00369944404825601,-0.00369944404825601,-0.00369944404825601,0.0376637682579198
6.35958088046694,0,-0.0328185793493547,0,6.35958088046694,-0.0328185793493547,-0.0328185793493547,-0.0328185793493547,0.0520581686434144
7.84913150076159,0,0.0206892300368871,0,7.84913150076159,0.0206892300368871,0.0206892300368871,0.0206892300368871,0.0125920499284639
11.3110693140974,0,0.00982781565554414,0,11.3110693140974,0.00982781565554414,0.00982781565554414,0.00982781565554414,0.0152975413868066
19.3344521561619,0,-0.0178892890128142,0,19.3344521561619,-0.0178892890128142,-0.0178892890128142,-0.0178892890128142,0.0322365626104049
12.3671082351961,0,0.0210231372322994,0,12.3671082351961,0.0210231372322994,0.0210231372322994,0.0210231372322994,0.0160828742749283
12.3654554745313,0,-0.0686880413546458,0,12.3654554745313,-0.0686880413546458,-0.0686880413546458,-0.0686880413546458,0.0513325050706189
19.2556223171704,0,0.0285945738844167,0,19.2556223171704,0.0285945738844167,0.0285945738844167,0.0285945738844167,0.0139726523520546
34.7312424253189,0,0.00360906084633839,0,34.7312424253189,0.00360906084633839,0.00360906084633839,0.00360906084633839,0.017575833019559
54.7209102152747,0,0.0196726221291343,0,54.7209102152747,0.0196726221291343,0.0196726221291343,0.0196726221291343,0.0109274670854921
11.6997668682815,0,-0.0454216119044559,0,11.6997668682815,-0.0454216119044559,-0.0454216119044559,-0.0454216119044559,0.105318046890987
13.7692792179168,0,0.045315959795906,0,13.7692792179168,0.045315959795906,0.045315959795906,0.045315959795906,0.0576659331255503
11.7030101268542,0,0.0664031592294417,0,11.7030101268542,0.0664031592294417,0.0664031592294417,0.0664031592294417,0.0318702419669784
7.36539602284415,0,-0.0247872150245361,0,7.36539602284415,-0.0247872150245361,-0.0247872150245361,-0.0247872150245361,0.114121672795408
9.34902839864339,0,-0.0319037471830898,0,9.34902839864339,-0.0319037471830898,-0.0319037471830898,-0.0319037471830898,0.0353702402159913
12.3611575522981,0,-0.0042723235541842,0,12.3611575522981,-0.0042723235541842,-0.0042723235541842,-0.0042723235541842,0.0564107009092355
11.8155784180346,0,0.132399483418963,0,11.8155784180346,0.132399483418963,0.132399483418963,0.132399483418963,0.0684128055131695
10.8363107906744,0,-0.028098390818107,0,10.8363107906744,-0.028098390818107,-0.028098390818107,-0.028098390818107,0.071926050301895
11.7003583105711,0,-0.00186774348468509,0,11.7003583105711,-0.00186774348468509,-0.00186774348468509,-0.00186774348468509,0.00589871207554302
14.1717804897526,0,0.027255899623745,0,14.1717804897526,0.027255899623745,0.027255899623745,0.027255899623745,0.0438772018708798
10.4916049522311,0,0.0132463173032987,0,10.4916049522311,0.0132463173032987,0.0132463173032987,0.0132463173032987,0.0267192917518445
12.491172371433,0,0.00616174807970621,0,12.491172371433,0.00616174807970621,0.00616174807970621,0.00616174807970621,0.0405245193389735
22.4190143092695,0,-0.000161199703742028,0,22.4190143092695,-0.000161199703742028,-0.000161199703742028,-0.000161199703742028,0.0167230245622351
23.3384346785706,0,0.0173424537425691,0,23.3384346785706,0.0173424537425691,0.0173424537425691,0.0173424537425691,0.0189266195413323
21.0471310356801,0,0.0617673658141888,0,21.0471310356801,0.0617673658141888,0.0617673658141888,0.0617673658141888,0.047052745863464
18.868464140174,0,-0.0601138815581494,0,18.868464140174,-0.0601138815581494,-0.0601138815581494,-0.0601138815581494,0.0841243606959225
130.216227665708,0,0.0198117493038606,0,130.216227665708,0.0198117493038606,0.0198117493038606,0.0198117493038606,0.0277236387216602
9.87654480749694,0,-0.0946232449189078,0,9.87654480749694,-0.0946232449189078,-0.0946232449189078,-0.0946232449189078,0.0836731049469832
15.7641037476623,0,0.0452974152246685,0,15.7641037476623,0.0452974152246685,0.0452974152246685,0.0452974152246685,0.0222639606786319
14.6925462604222,0,-0.00458452472707301,0,14.6925462604222,-0.00458452472707301,-0.00458452472707301,-0.00458452472707301,0.0444254697733256
7.79044115240101,0,0.0350532910010923,0,7.79044115240101,0.0350532910010923,0.0350532910010923,0.0350532910010923,0.0585754206769742
11.0161041029769,0,-0.0031766917676102,0,11.0161041029769,-0.0031766917676102,-0.0031766917676102,-0.0031766917676102,0.0522005254908412
11.2420027298881,0,-0.0660500012093723,0,11.2420027298881,-0.0660500012093723,-0.0660500012093723,-0.0660500012093723,0.0384705888979592
27.9381463268887,0,-0.0196646199066465,0,27.9381463268887,-0.0196646199066465,-0.0196646199066465,-0.0196646199066465,0.0266030945529787
28.4056044215739,0,-0.0234835133541325,0,28.4056044215739,-0.0234835133541325,-0.0234835133541325,-0.0234835133541325,0.0460235649191708
9.44659083119766,0,-0.0979355343768668,0,9.44659083119766,-0.0979355343768668,-0.0979355343768668,-0.0979355343768668,0.106984919191722
10.6319539160187,0,0.00587821668928426,0,10.6319539160187,0.00587821668928426,0.00587821668928426,0.00587821668928426,0.0434639030773943
23.722803858762,0,0.00435490338959432,0,23.722803858762,0.00435490338959432,0.00435490338959432,0.00435490338959432,0.0172785731987079
NA,NA,NA,NA,NA,NA,NA,NA,NA
14.5501339822123,0,-0.0241508994853178,0,14.5501339822123,-0.0241508994853178,-0.0241508994853178,-0.0241508994853178,0.0112761190742462
5.59197431763262,0,-0.0578220526680145,0,5.59197431763262,-0.0578220526680145,-0.0578220526680145,-0.0578220526680145,0.0290843221745671
7.10118523761685,0,-0.0285278978712163,0,7.10118523761685,-0.0285278978712163,-0.0285278978712163,-0.0285278978712163,0.0595492352872805
8.39406695268219,0,0.0167837864563465,0,8.39406695268219,0.0167837864563465,0.0167837864563465,0.0167837864563465,0.0322473662392579
15.3813680380744,0,-0.0235768509494856,0,15.3813680380744,-0.0235768509494856,-0.0235768509494856,-0.0235768509494856,0.0385600790656454
10.9419857642508,0,-0.0876235523401562,0,10.9419857642508,-0.0876235523401562,-0.0876235523401562,-0.0876235523401562,0.0336377588977628
9.567453602661,0,-0.0130573193727359,0,9.567453602661,-0.0130573193727359,-0.0130573193727359,-0.0130573193727359,0.0264340771076804
9.56764954052794,0,-0.00578932875863998,0,9.56764954052794,-0.00578932875863998,-0.00578932875863998,-0.00578932875863998,0.0288617279537588
9.58796747981615,0,0.00725905880614161,0,9.58796747981615,0.00725905880614161,0.00725905880614161,0.00725905880614161,0.0422687684348916
15.1454884083029,0,0.0687427351592194,0,15.1454884083029,0.0687427351592194,0.0687427351592194,0.0687427351592194,0.0334809714396658
9.03381024943225,0,-0.0258591277728825,0,9.03381024943225,-0.0258591277728825,-0.0258591277728825,-0.0258591277728825,0.0210013285642308
16.8507399661019,0,-0.0324616177649589,0,16.8507399661019,-0.0324616177649589,-0.0324616177649589,-0.0324616177649589,0.0139871446137804
10.6567948708008,0,0.0203455428827325,0,10.6567948708008,0.0203455428827325,0.0203455428827325,0.0203455428827325,0.0367174068081082
15.83958844307,0,0.0399832495665445,0,15.83958844307,0.0399832495665445,0.0399832495665445,0.0399832495665445,0.0130470310288665
17.7014293147066,0,0.0234372077444364,0,17.7014293147066,0.0234372077444364,0.0234372077444364,0.0234372077444364,0.0323786122878216
16.016217440795,0,-0.00369944404825601,0,16.016217440795,-0.00369944404825601,-0.00369944404825601,-0.00369944404825601,0.0376637682579198
6.35958088046694,0,-0.0328185793493547,0,6.35958088046694,-0.0328185793493547,-0.0328185793493547,-0.0328185793493547,0.0520581686434144
7.84913150076159,0,0.0206892300368871,0,7.84913150076159,0.0206892300368871,0.0206892300368871,0.0206892300368871,0.0125920499284639
11.3110693140974,0,0.00982781565554414,0,11.3110693140974,0.00982781565554414,0.00982781565554414,0.00982781565554414,0.0152975413868066
19.3344521561619,0,-0.0178892890128142,0,19.3344521561619,-0.0178892890128142,-0.0178892890128142,-0.0178892890128142,0.0322365626104049
12.3671082351961,0,0.0210231372322994,0,12.3671082351961,0.0210231372322994,0.0210231372322994,0.0210231372322994,0.0160828742749283
12.3654554745313,0,-0.0686880413546458,0,12.3654554745313,-0.0686880413546458,-0.0686880413546458,-0.0686880413546458,0.0513325050706189
19.2556223171704,0,0.0285945738844167,0,19.2556223171704,0.0285945738844167,0.0285945738844167,0.0285945738844167,0.0139726523520546
34.7312424253189,0,0.00360906084633839,0,34.7312424253189,0.00360906084633839,0.00360906084633839,0.00360906084633839,0.017575833019559
54.7209102152747,0,0.0196726221291343,0,54.7209102152747,0.0196726221291343,0.0196726221291343,0.0196726221291343,0.0109274670854921
11.6997668682815,0,-0.0454216119044559,0,11.6997668682815,-0.0454216119044559,-0.0454216119044559,-0.0454216119044559,0.105318046890987
13.7692792179168,0,0.045315959795906,0,13.7692792179168,0.045315959795906,0.045315959795906,0.045315959795906,0.0576659331255503
11.7030101268542,0,0.0664031592294417,0,11.7030101268542,0.0664031592294417,0.0664031592294417,0.0664031592294417,0.0318702419669784
7.36539602284415,0,-0.0247872150245361,0,7.36539602284415,-0.0247872150245361,-0.0247872150245361,-0.0247872150245361,0.114121672795408
9.34902839864339,0,-0.0319037471830898,0,9.34902839864339,-0.0319037471830898,-0.0319037471830898,-0.0319037471830898,0.0353702402159913
12.3611575522981,0,-0.0042723235541842,0,12.3611575522981,-0.0042723235541842,-0.0042723235541842,-0.0042723235541842,0.0564107009092355
11.8155784180346,0,0.132399483418963,0,11.8155784180346,0.132399483418963,0.132399483418963,0.132399483418963,0.0684128055131695
10.8363107906744,0,-0.028098390818107,0,10.8363107906744,-0.028098390818107,-0.028098390818107,-0.028098390818107,0.071926050301895
11.7003583105711,0,-0.00186774348468509,0,11.7003583105711,-0.00186774348468509,-0.00186774348468509,-0.00186774348468509,0.00589871207554302
14.1717804897526,0,0.027255899623745,0,14.1717804897526,0.027255899623745,0.027255899623745,0.027255899623745,0.0438772018708798
10.4916049522311,0,0.0132463173032987,0,10.4916049522311,0.0132463173032987,0.0132463173032987,0.0132463173032987,0.0267192917518445
12.491172371433,0,0.00616174807970621,0,12.491172371433,0.00616174807970621,0.00616174807970621,0.00616174807970621,0.0405245193389735
22.4190143092695,0,-0.000161199703742028,0,22.4190143092695,-0.000161199703742028,-0.000161199703742028,-0.000161199703742028,0.0167230245622351
23.3384346785706,0,0.0173424537425691,0,23.3384346785706,0.0173424537425691,0.0173424537425691,0.0173424537425691,0.0189266195413323
21.0471310356801,0,0.0617673658141888,0,21.0471310356801,0.0617673658141888,0.0617673658141888,0.0617673658141888,0.047052745863464
18.868464140174,0,-0.0601138815581494,0,18.868464140174,-0.0601138815581494,-0.0601138815581494,-0.0601138815581494,0.0841243606959225
130.216227665708,0,0.0198117493038606,0,130.216227665708,0.0198117493038606,0.0198117493038606,0.0198117493038606,0.0277236387216602
9.87654480749694,0,-0.0946232449189078,0,9.87654480749694,-0.0946232449189078,-0.0946232449189078,-0.0946232449189078,0.0836731049469832
15.7641037476623,0,0.0452974152246685,0,15.7641037476623,0.0452974152246685,0.0452974152246685,0.0452974152246685,0.0222639606786319
14.6925462604222,0,-0.00458452472707301,0,14.6925462604222,-0.00458452472707301,-0.00458452472707301,-0.00458452472707301,0.0444254697733256
7.79044115240101,0,0.0350532910010923,0,7.79044115240101,0.0350532910010923,0.0350532910010923,0.0350532910010923,0.0585754206769742
11.0161041029769,0,-0.0031766917676102,0,11.0161041029769,-0.0031766917676102,-0.0031766917676102,-0.0031766917676102,0.0522005254908412
11.2420027298881,0,-0.0660500012093723,0,11.2420027298881,-0.0660500012093723,-0.0660500012093723,-0.0660500012093723,0.0384705888979592
27.9381463268887,0,-0.0196646199066465,0,27.9381463268887,-0.0196646199066465,-0.0196646199066465,-0.0196646199066465,0.0266030945529787
28.4056044215739,0,-0.0234835133541325,0,28.4056044215739,-0.0234835133541325,-0.0234835133541325,-0.0234835133541325,0.0460235649191708
9.44659083119766,0,-0.0979355343768668,0,9.44659083119766,-0.0979355343768668,-0.0979355343768668,-0.0979355343768668,0.106984919191722
10.6319539160187,0,0.00587821668928426,0,10.6319539160187,0.00587821668928426,0.00587821668928426,0.00587821668928426,0.0434639030773943
23.722803858762,0,0.00435490338959432,0,23.722803858762,0.00435490338959432,0.00435490338959432,0.00435490338959432,0.0172785731987079
NA,NA,NA,NA,NA,NA,NA,NA,NA
14.5501339822123,0,-0.0241508994853178,0,14.5501339822123,-0.0241508994853178,-0.0241508994853178,-0.0241508994853178,0.0112761190742462
5.59197431763262,0,-0.0578220526680145,0,5.59197431763262,-0.0578220526680145,-0.0578220526680145,-0.0578220526680145,0.0290843221745671
7.10118523761685,0,-0.0285278978712163,0,7.10118523761685,-0.0285278978712163,-0.0285278978712163,-0.0285278978712163,0.0595492352872805
8.39406695268219,0,0.0167837864563465,0,8.39406695268219,0.0167837864563465,0.0167837864563465,0.0167837864563465,0.0322473662392579
15.3813680380744,0,-0.0235768509494856,0,15.3813680380744,-0.0235768509494856,-0.0235768509494856,-0.0235768509494856,0.0385600790656454
10.9419857642508,0,-0.0876235523401562,0,10.9419857642508,-0.0876235523401562,-0.0876235523401562,-0.0876235523401562,0.0336377588977628
9.567453602661,0,-0.0130573193727359,0,9.567453602661,-0.0130573193727359,-0.0130573193727359,-0.0130573193727359,0.0264340771076804
9.56764954052794,0,-0.00578932875863998,0,9.56764954052794,-0.00578932875863998,-0.00578932875863998,-0.00578932875863998,0.0288617279537588
9.58796747981615,0,0.00725905880614161,0,9.58796747981615,0.00725905880614161,0.00725905880614161,0.00725905880614161,0.0422687684348916
15.1454884083029,0,0.0687427351592194,0,15.1454884083029,0.0687427351592194,0.0687427351592194,0.0687427351592194,0.0334809714396658
9.03381024943225,0,-0.0258591277728825,0,9.03381024943225,-0.0258591277728825,-0.0258591277728825,-0.0258591277728825,0.0210013285642308
16.8507399661019,0,-0.0324616177649589,0,16.8507399661019,-0.0324616177649589,-0.0324616177649589,-0.0324616177649589,0.0139871446137804
10.6567948708008,0,0.0203455428827325,0,10.6567948708008,0.0203455428827325,0.0203455428827325,0.0203455428827325,0.0367174068081082
15.83958844307,0,0.0399832495665445,0,15.83958844307,0.0399832495665445,0.0399832495665445,0.0399832495665445,0.0130470310288665
17.7014293147066,0,0.0234372077444364,0,17.7014293147066,0.0234372077444364,0.0234372077444364,0.0234372077444364,0.0323786122878216
16.016217440795,0,-0.00369944404825601,0,16.016217440795,-0.00369944404825601,-0.00369944404825601,-0.00369944404825601,0.0376637682579198
6.35958088046694,0,-0.0328185793493547,0,6.35958088046694,-0.0328185793493547,-0.0328185793493547,-0.0328185793493547,0.0520581686434144
7.84913150076159,0,0.0206892300368871,0,7.84913150076159,0.0206892300368871,0.0206892300368871,0.0206892300368871,0.0125920499284639
11.3110693140974,0,0.00982781565554414,0,11.3110693140974,0.00982781565554414,0.00982781565554414,0.00982781565554414,0.0152975413868066
19.3344521561619,0,-0.0178892890128142,0,19.3344521561619,-0.0178892890128142,-0.0178892890128142,-0.0178892890128142,0.0322365626104049
12.3671082351961,0,0.0210231372322994,0,12.3671082351961,0.0210231372322994,0.0210231372322994,0.0210231372322994,0.0160828742749283
12.3654554745313,0,-0.0686880413546458,0,12.3654554745313,-0.0686880413546458,-0.0686880413546458,-0.0686880413546458,0.0513325050706189
19.2556223171704,0,0.0285945738844167,0,19.2556223171704,0.0285945738844167,0.0285945738844167,0.0285945738844167,0.0139726523520546
34.7312424253189,0,0.00360906084633839,0,34.7312424253189,0.00360906084633839,0.00360906084633839,0.00360906084633839,0.017575833019559
54.7209102152747,0,0.0196726221291343,0,54.7209102152747,0.0196726221291343,0.0196726221291343,0.0196726221291343,0.0109274670854921
11.6997668682815,0,-0.0454216119044559,0,11.6997668682815,-0.0454216119044559,-0.0454216119044559,-0.0454216119044559,0.105318046890987
13.7692792179168,0,0.045315959795906,0,13.7692792179168,0.045315959795906,0.045315959795906,0.045315959795906,0.0576659331255503
11.7030101268542,0,0.0664031592294417,0,11.7030101268542,0.0664031592294417,0.0664031592294417,0.0664031592294417,0.0318702419669784
7.36539602284415,0,-0.0247872150245361,0,7.36539602284415,-0.0247872150245361,-0.0247872150245361,-0.0247872150245361,0.114121672795408
9.34902839864339,0,-0.0319037471830898,0,9.34902839864339,-0.0319037471830898,-0.0319037471830898,-0.0319037471830898,0.0353702402159913
12.3611575522981,0,-0.0042723235541842,0,12.3611575522981,-0.0042723235541842,-0.0042723235541842,-0.0042723235541842,0.0564107009092355
11.8155784180346,0,0.132399483418963,0,11.8155784180346,0.132399483418963,0.132399483418963,0.132399483418963,0.0684128055131695
10.8363107906744,0,-0.028098390818107,0,10.8363107906744,-0.028098390818107,-0.028098390818107,-0.028098390818107,0.071926050301895
11.7003583105711,0,-0.00186774348468509,0,11.7003583105711,-0.00186774348468509,-0.00186774348468509,-0.00186774348468509,0.00589871207554302
14.1717804897526,0,0.027255899623745,0,14.1717804897526,0.027255899623745,0.027255899623745,0.027255899623745,0.0438772018708798
10.4916049522311,0,0.0132463173032987,0,10.4916049522311,0.0132463173032987,0.0132463173032987,0.0132463173032987,0.0267192917518445
12.491172371433,0,0.00616174807970621,0,12.491172371433,0.00616174807970621,0.00616174807970621,0.00616174807970621,0.0405245193389735
22.4190143092695,0,-0.000161199703742028,0,22.4190143092695,-0.000161199703742028,-0.000161199703742028,-0.000161199703742028,0.0167230245622351
23.3384346785706,0,0.0173424537425691,0,23.3384346785706,0.0173424537425691,0.0173424537425691,0.0173424537425691,0.0189266195413323
21.0471310356801,0,0.0617673658141888,0,21.0471310356801,0.0617673658141888,0.0617673658141888,0.0617673658141888,0.047052745863464
18.868464140174,0,-0.0601138815581494,0,18.868464140174,-0.0601138815581494,-0.0601138815581494,-0.0601138815581494,0.0841243606959225
130.216227665708,0,0.0198117493038606,0,130.216227665708,0.0198117493038606,0.0198117493038606,0.0198117493038606,0.0277236387216602
9.87654480749694,0,-0.0946232449189078,0,9.87654480749694,-0.0946232449189078,-0.0946232449189078,-0.0946232449189078,0.0836731049469832
15.7641037476623,0,0.0452974152246685,0,15.7641037476623,0.0452974152246685,0.0452974152246685,0.0452974152246685,0.0222639606786319
14.6925462604222,0,-0.00458452472707301,0,14.6925462604222,-0.00458452472707301,-0.00458452472707301,-0.00458452472707301,0.0444254697733256
7.79044115240101,0,0.0350532910010923,0,7.79044115240101,0.0350532910010923,0.0350532910010923,0.0350532910010923,0.0585754206769742
11.0161041029769,0,-0.0031766917676102,0,11.0161041029769,-0.0031766917676102,-0.0031766917676102,-0.0031766917676102,0.0522005254908412
11.2420027298881,0,-0.0660500012093723,0,11.2420027298881,-0.0660500012093723,-0.0660500012093723,-0.0660500012093723,0.0384705888979592
27.9381463268887,0,-0.0196646199066465,0,27.9381463268887,-0.0196646199066465,-0.0196646199066465,-0.0196646199066465,0.0266030945529787
28.4056044215739,0,-0.0234835133541325,0,28.4056044215739,-0.0234835133541325,-0.0234835133541325,-0.0234835133541325,0.0460235649191708
9.44659083119766,0,-0.0979355343768668,0,9.44659083119766,-0.0979355343768668,-0.0979355343768668,-0.0979355343768668,0.106984919191722
10.6319539160187,0,0.00587821668928426,0,10.6319539160187,0.00587821668928426,0.00587821668928426,0.00587821668928426,0.0434639030773943
23.722803858762,0,0.00435490338959432,0,23.722803858762,0.00435490338959432,0.00435490338959432,0.00435490338959432,0.0172785731987079
NA,NA,NA,NA,NA,NA,NA,NA,NA
14.5501339822123,0,-0.0241508994853178,0,14.5501339822123,-0.0241508994853178,-0.0241508994853178,-0.0241508994853178,0.0112761190742462
5.59197431763262,0,-0.0578220526680145,0,5.59197431763262,-0.0578220526680145,-0.0578220526680145,-0.0578220526680145,0.0290843221745671
7.10118523761685,0,-0.0285278978712163,0,7.10118523761685,-0.0285278978712163,-0.0285278978712163,-0.0285278978712163,0.0595492352872805
8.39406695268219,0,0.0167837864563465,0,8.39406695268219,0.0167837864563465,0.0167837864563465,0.0167837864563465,0.0322473662392579
15.3813680380744,0,-0.0235768509494856,0,15.3813680380744,-0.0235768509494856,-0.0235768509494856,-0.0235768509494856,0.0385600790656454
10.9419857642508,0,-0.0876235523401562,0,10.9419857642508,-0.0876235523401562,-0.0876235523401562,-0.0876235523401562,0.0336377588977628
9.567453602661,0,-0.0130573193727359,0,9.567453602661,-0.0130573193727359,-0.0130573193727359,-0.0130573193727359,0.0264340771076804
9.56764954052794,0,-0.00578932875863998,0,9.56764954052794,-0.00578932875863998,-0.00578932875863998,-0.00578932875863998,0.0288617279537588
9.58796747981615,0,0.00725905880614161,0,9.58796747981615,0.00725905880614161,0.00725905880614161,0.00725905880614161,0.0422687684348916
15.1454884083029,0,0.0687427351592194,0,15.1454884083029,0.0687427351592194,0.0687427351592194,0.0687427351592194,0.0334809714396658
9.03381024943225,0,-0.0258591277728825,0,9.03381024943225,-0.0258591277728825,-0.0258591277728825,-0.0258591277728825,0.0210013285642308
16.8507399661019,0,-0.0324616177649589,0,16.8507399661019,-0.0324616177649589,-0.0324616177649589,-0.0324616177649589,0.0139871446137804
10.6567948708008,0,0.0203455428827325,0,10.6567948708008,0.0203455428827325,0.0203455428827325,0.0203455428827325,0.0367174068081082
15.83958844307,0,0.0399832495665445,0,15.83958844307,0.0399832495665445,0.0399832495665445,0.0399832495665445,0.0130470310288665
17.7014293147066,0,0.0234372077444364,0,17.7014293147066,0.0234372077444364,0.0234372077444364,0.0234372077444364,0.0323786122878216
16.016217440795,0,-0.00369944404825601,0,16.016217440795,-0.00369944404825601,-0.00369944404825601,-0.00369944404825601,0.0376637682579198
6.35958088046694,0,-0.0328185793493547,0,6.35958088046694,-0.0328185793493547,-0.0328185793493547,-0.0328185793493547,0.0520581686434144
7.84913150076159,0,0.0206892300368871,0,7.84913150076159,0.0206892300368871,0.0206892300368871,0.0206892300368871,0.0125920499284639
11.3110693140974,0,0.00982781565554414,0,11.3110693140974,0.00982781565554414,0.00982781565554414,0.00982781565554414,0.0152975413868066
19.3344521561619,0,-0.0178892890128142,0,19.3344521561619,-0.0178892890128142,-0.0178892890128142,-0.0178892890128142,0.0322365626104049
12.3671082351961,0,0.0210231372322994,0,12.3671082351961,0.0210231372322994,0.0210231372322994,0.0210231372322994,0.0160828742749283
12.3654554745313,0,-0.0686880413546458,0,12.3654554745313,-0.0686880413546458,-0.0686880413546458,-0.0686880413546458,0.0513325050706189
19.2556223171704,0,0.0285945738844167,0,19.2556223171704,0.0285945738844167,0.0285945738844167,0.0285945738844167,0.0139726523520546
34.7312424253189,0,0.00360906084633839,0,34.7312424253189,0.00360906084633839,0.00360906084633839,0.00360906084633839,0.017575833019559
54.7209102152747,0,0.0196726221291343,0,54.7209102152747,0.0196726221291343,0.0196726221291343,0.0196726221291343,0.0109274670854921
11.6997668682815,0,-0.0454216119044559,0,11.6997668682815,-0.0454216119044559,-0.0454216119044559,-0.0454216119044559,0.105318046890987
13.7692792179168,0,0.045315959795906,0,13.7692792179168,0.045315959795906,0.045315959795906,0.045315959795906,0.0576659331255503
11.7030101268542,0,0.0664031592294417,0,11.7030101268542,0.0664031592294417,0.0664031592294417,0.0664031592294417,0.0318702419669784
7.36539602284415,0,-0.0247872150245361,0,7.36539602284415,-0.0247872150245361,-0.0247872150245361,-0.0247872150245361,0.114121672795408
9.34902839864339,0,-0.0319037471830898,0,9.34902839864339,-0.0319037471830898,-0.0319037471830898,-0.0319037471830898,0.0353702402159913
12.3611575522981,0,-0.0042723235541842,0,12.3611575522981,-0.0042723235541842,-0.0042723235541842,-0.0042723235541842,0.0564107009092355
11.8155784180346,0,0.132399483418963,0,11.8155784180346,0.132399483418963,0.132399483418963,0.132399483418963,0.0684128055131695
10.8363107906744,0,-0.028098390818107,0,10.8363107906744,-0.028098390818107,-0.028098390818107,-0.028098390818107,0.071926050301895
11.7003583105711,0,-0.00186774348468509,0,11.7003583105711,-0.00186774348468509,-0.00186774348468509,-0.00186774348468509,0.00589871207554302
14.1717804897526,0,0.027255899623745,0,14.1717804897526,0.027255899623745,0.027255899623745,0.027255899623745,0.0438772018708798
10.4916049522311,0,0.0132463173032987,0,10.4916049522311,0.0132463173032987,0.0132463173032987,0.0132463173032987,0.0267192917518445
12.491172371433,0,0.00616174807970621,0,12.491172371433,0.00616174807970621,0.00616174807970621,0.00616174807970621,0.0405245193389735
22.4190143092695,0,-0.000161199703742028,0,22.4190143092695,-0.000161199703742028,-0.000161199703742028,-0.000161199703742028,0.0167230245622351
23.3384346785706,0,0.0173424537425691,0,23.3384346785706,0.0173424537425691,0.0173424537425691,0.0173424537425691,0.0189266195413323
21.0471310356801,0,0.0617673658141888,0,21.0471310356801,0.0617673658141888,0.0617673658141888,0.0617673658141888,0.047052745863464
18.868464140174,0,-0.0601138815581494,0,18.868464140174,-0.0601138815581494,-0.0601138815581494,-0.0601138815581494,0.0841243606959225
130.216227665708,0,0.0198117493038606,0,130.216227665708,0.0198117493038606,0.0198117493038606,0.0198117493038606,0.0277236387216602
9.87654480749694,0,-0.0946232449189078,0,9.87654480749694,-0.0946232449189078,-0.0946232449189078,-0.0946232449189078,0.0836731049469832
15.7641037476623,0,0.0452974152246685,0,15.7641037476623,0.0452974152246685,0.0452974152246685,0.0452974152246685,0.0222639606786319
14.6925462604222,0,-0.00458452472707301,0,14.6925462604222,-0.00458452472707301,-0.00458452472707301,-0.00458452472707301,0.0444254697733256
7.79044115240101,0,0.0350532910010923,0,7.79044115240101,0.0350532910010923,0.0350532910010923,0.0350532910010923,0.0585754206769742
11.0161041029769,0,-0.0031766917676102,0,11.0161041029769,-0.0031766917676102,-0.0031766917676102,-0.0031766917676102,0.0522005254908412
11.2420027298881,0,-0.0660500012093723,0,11.2420027298881,-0.0660500012093723,-0.0660500012093723,-0.0660500012093723,0.0384705888979592
27.9381463268887,0,-0.0196646199066465,0,27.9381463268887,-0.0196646199066465,-0.0196646199066465,-0.0196646199066465,0.0266030945529787
28.4056044215739,0,-0.0234835133541325,0,28.4056044215739,-0.0234835133541325,-0.0234835133541325,-0.0234835133541325,0.0460235649191708
9.44659083119766,0,-0.0979355343768668,0,9.44659083119766,-0.0979355343768668,-0.0979355343768668,-0.0979355343768668,0.106984919191722
10.6319539160187,0,0.00587821668928426,0,10.6319539160187,0.00587821668928426,0.00587821668928426,0.00587821668928426,0.0434639030773943
23.722803858762,0,0.00435490338959432,0,23.722803858762,0.00435490338959432,0.00435490338959432,0.00435490338959432,0.0172785731987079
NA,NA,NA,NA,NA,NA,NA,NA,NA
14.5501339822123,0,-0.0241508994853178,0,14.5501339822123,-0.0241508994853178,-0.0241508994853178,-0.0241508994853178,0.0112761190742462
5.59197431763262,0,-0.0578220526680145,0,5.59197431763262,-0.0578220526680145,-0.0578220526680145,-0.0578220526680145,0.0290843221745671
7.10118523761685,0,-0.0285278978712163,0,7.10118523761685,-0.0285278978712163,-0.0285278978712163,-0.0285278978712163,0.0595492352872805
8.39406695268219,0,0.0167837864563465,0,8.39406695268219,0.0167837864563465,0.0167837864563465,0.0167837864563465,0.0322473662392579
15.3813680380744,0,-0.0235768509494856,0,15.3813680380744,-0.0235768509494856,-0.0235768509494856,-0.0235768509494856,0.0385600790656454
10.9419857642508,0,-0.0876235523401562,0,10.9419857642508,-0.0876235523401562,-0.0876235523401562,-0.0876235523401562,0.0336377588977628
9.567453602661,0,-0.0130573193727359,0,9.567453602661,-0.0130573193727359,-0.0130573193727359,-0.0130573193727359,0.0264340771076804
9.56764954052794,0,-0.00578932875863998,0,9.56764954052794,-0.00578932875863998,-0.00578932875863998,-0.00578932875863998,0.0288617279537588
9.58796747981615,0,0.00725905880614161,0,9.58796747981615,0.00725905880614161,0.00725905880614161,0.00725905880614161,0.0422687684348916
15.1454884083029,0,0.0687427351592194,0,15.1454884083029,0.0687427351592194,0.0687427351592194,0.0687427351592194,0.0334809714396658
9.03381024943225,0,-0.0258591277728825,0,9.03381024943225,-0.0258591277728825,-0.0258591277728825,-0.0258591277728825,0.0210013285642308
16.8507399661019,0,-0.0324616177649589,0,16.8507399661019,-0.0324616177649589,-0.0324616177649589,-0.0324616177649589,0.0139871446137804
10.6567948708008,0,0.0203455428827325,0,10.6567948708008,0.0203455428827325,0.0203455428827325,0.0203455428827325,0.0367174068081082
15.83958844307,0,0.0399832495665445,0,15.83958844307,0.0399832495665445,0.0399832495665445,0.0399832495665445,0.0130470310288665
17.7014293147066,0,0.0234372077444364,0,17.7014293147066,0.0234372077444364,0.0234372077444364,0.0234372077444364,0.0323786122878216
16.016217440795,0,-0.00369944404825601,0,16.016217440795,-0.00369944404825601,-0.00369944404825601,-0.00369944404825601,0.0376637682579198
6.35958088046694,0,-0.0328185793493547,0,6.35958088046694,-0.0328185793493547,-0.0328185793493547,-0.0328185793493547,0.0520581686434144
7.84913150076159,0,0.0206892300368871,0,7.84913150076159,0.0206892300368871,0.0206892300368871,0.0206892300368871,0.0125920499284639
11.3110693140974,0,0.00982781565554414,0,11.3110693140974,0.00982781565554414,0.00982781565554414,0.00982781565554414,0.0152975413868066
19.3344521561619,0,-0.0178892890128142,0,19.3344521561619,-0.0178892890128142,-0.0178892890128142,-0.0178892890128142,0.0322365626104049
12.3671082351961,0,0.0210231372322994,0,12.3671082351961,0.0210231372322994,0.0210231372322994,0.0210231372322994,0.0160828742749283
12.3654554745313,0,-0.0686880413546458,0,12.3654554745313,-0.0686880413546458,-0.0686880413546458,-0.0686880413546458,0.0513325050706189
19.2556223171704,0,0.0285945738844167,0,19.2556223171704,0.0285945738844167,0.0285945738844167,0.0285945738844167,0.0139726523520546
34.7312424253189,0,0.00360906084633839,0,34.7312424253189,0.00360906084633839,0.00360906084633839,0.00360906084633839,0.017575833019559
54.7209102152747,0,0.0196726221291343,0,54.7209102152747,0.0196726221291343,0.0196726221291343,0.0196726221291343,0.0109274670854921
11.6997668682815,0,-0.0454216119044559,0,11.6997668682815,-0.0454216119044559,-0.0454216119044559,-0.0454216119044559,0.105318046890987
13.7692792179168,0,0.045315959795906,0,13.7692792179168,0.045315959795906,0.045315959795906,0.045315959795906,0.0576659331255503
11.7030101268542,0,0.0664031592294417,0,11.7030101268542,0.0664031592294417,0.0664031592294417,0.0664031592294417,0.0318702419669784
7.36539602284415,0,-0.0247872150245361,0,7.36539602284415,-0.0247872150245361,-0.0247872150245361,-0.0247872150245361,0.114121672795408
9.34902839864339,0,-0.0319037471830898,0,9.34902839864339,-0.0319037471830898,-0.0319037471830898,-0.0319037471830898,0.0353702402159913
12.3611575522981,0,-0.0042723235541842,0,12.3611575522981,-0.0042723235541842,-0.0042723235541842,-0.0042723235541842,0.0564107009092355
11.8155784180346,0,0.132399483418963,0,11.8155784180346,0.132399483418963,0.132399483418963,0.132399483418963,0.0684128055131695
10.8363107906744,0,-0.028098390818107,0,10.8363107906744,-0.028098390818107,-0.028098390818107,-0.028098390818107,0.071926050301895
11.7003583105711,0,-0.00186774348468509,0,11.7003583105711,-0.00186774348468509,-0.00186774348468509,-0.00186774348468509,0.00589871207554302
14.1717804897526,0,0.027255899623745,0,14.1717804897526,0.027255899623745,0.027255899623745,0.027255899623745,0.0438772018708798
10.4916049522311,0,0.0132463173032987,0,10.4916049522311,0.0132463173032987,0.0132463173032987,0.0132463173032987,0.0267192917518445
12.491172371433,0,0.00616174807970621,0,12.491172371433,0.00616174807970621,0.00616174807970621,0.00616174807970621,0.0405245193389735
22.4190143092695,0,-0.000161199703742028,0,22.4190143092695,-0.000161199703742028,-0.000161199703742028,-0.000161199703742028,0.0167230245622351
23.3384346785706,0,0.0173424537425691,0,23.3384346785706,0.0173424537425691,0.0173424537425691,0.0173424537425691,0.0189266195413323
21.0471310356801,0,0.0617673658141888,0,21.0471310356801,0.0617673658141888,0.0617673658141888,0.0617673658141888,0.047052745863464
18.868464140174,0,-0.0601138815581494,0,18.868464140174,-0.0601138815581494,-0.0601138815581494,-0.0601138815581494,0.0841243606959225
130.216227665708,0,0.0198117493038606,0,130.216227665708,0.0198117493038606,0.0198117493038606,0.0198117493038606,0.0277236387216602
9.87654480749694,0,-0.0946232449189078,0,9.87654480749694,-0.0946232449189078,-0.0946232449189078,-0.0946232449189078,0.0836731049469832
15.7641037476623,0,0.0452974152246685,0,15.7641037476623,0.0452974152246685,0.0452974152246685,0.0452974152246685,0.0222639606786319
14.6925462604222,0,-0.00458452472707301,0,14.6925462604222,-0.00458452472707301,-0.00458452472707301,-0.00458452472707301,0.0444254697733256
7.79044115240101,0,0.0350532910010923,0,7.79044115240101,0.0350532910010923,0.0350532910010923,0.0350532910010923,0.0585754206769742
11.0161041029769,0,-0.0031766917676102,0,11.0161041029769,-0.0031766917676102,-0.0031766917676102,-0.0031766917676102,0.0522005254908412
11.2420027298881,0,-0.0660500012093723,0,11.2420027298881,-0.0660500012093723,-0.0660500012093723,-0.0660500012093723,0.0384705888979592
27.9381463268887,0,-0.0196646199066465,0,27.9381463268887,-0.0196646199066465,-0.0196646199066465,-0.0196646199066465,0.0266030945529787
28.4056044215739,0,-0.0234835133541325,0,28.4056044215739,-0.0234835133541325,-0.0234835133541325,-0.0234835133541325,0.0460235649191708
9.44659083119766,0,-0.0979355343768668,0,9.44659083119766,-0.0979355343768668,-0.0979355343768668,-0.0979355343768668,0.106984919191722
10.6319539160187,0,0.00587821668928426,0,10.6319539160187,0.00587821668928426,0.00587821668928426,0.00587821668928426,0.0434639030773943
23.722803858762,0,0.00435490338959432,0,23.722803858762,0.00435490338959432,0.00435490338959432,0.00435490338959432,0.0172785731987079
NA,NA,NA,NA,NA,NA,NA,NA,NA
14.5501339822123,0,-0.0241508994853178,0,14.5501339822123,-0.0241508994853178,-0.0241508994853178,-0.0241508994853178,0.0112761190742462
5.59197431763262,0,-0.0578220526680145,0,5.59197431763262,-0.0578220526680145,-0.0578220526680145,-0.0578220526680145,0.0290843221745671
7.10118523761685,0,-0.0285278978712163,0,7.10118523761685,-0.0285278978712163,-0.0285278978712163,-0.0285278978712163,0.0595492352872805
8.39406695268219,0,0.0167837864563465,0,8.39406695268219,0.0167837864563465,0.0167837864563465,0.0167837864563465,0.0322473662392579
15.3813680380744,0,-0.0235768509494856,0,15.3813680380744,-0.0235768509494856,-0.0235768509494856,-0.0235768509494856,0.0385600790656454
10.9419857642508,0,-0.0876235523401562,0,10.9419857642508,-0.0876235523401562,-0.0876235523401562,-0.0876235523401562,0.0336377588977628
9.567453602661,0,-0.0130573193727359,0,9.567453602661,-0.0130573193727359,-0.0130573193727359,-0.0130573193727359,0.0264340771076804
9.56764954052794,0,-0.00578932875863998,0,9.56764954052794,-0.00578932875863998,-0.00578932875863998,-0.00578932875863998,0.0288617279537588
9.58796747981615,0,0.00725905880614161,0,9.58796747981615,0.00725905880614161,0.00725905880614161,0.00725905880614161,0.0422687684348916
15.1454884083029,0,0.0687427351592194,0,15.1454884083029,0.0687427351592194,0.0687427351592194,0.0687427351592194,0.0334809714396658
9.03381024943225,0,-0.0258591277728825,0,9.03381024943225,-0.0258591277728825,-0.0258591277728825,-0.0258591277728825,0.0210013285642308
16.8507399661019,0,-0.0324616177649589,0,16.8507399661019,-0.0324616177649589,-0.0324616177649589,-0.0324616177649589,0.0139871446137804
10.6567948708008,0,0.0203455428827325,0,10.6567948708008,0.0203455428827325,0.0203455428827325,0.0203455428827325,0.0367174068081082
15.83958844307,0,0.0399832495665445,0,15.83958844307,0.0399832495665445,0.0399832495665445,0.0399832495665445,0.0130470310288665
17.7014293147066,0,0.0234372077444364,0,17.7014293147066,0.0234372077444364,0.0234372077444364,0.0234372077444364,0.0323786122878216
16.016217440795,0,-0.00369944404825601,0,16.016217440795,-0.00369944404825601,-0.00369944404825601,-0.00369944404825601,0.0376637682579198
6.35958088046694,0,-0.0328185793493547,0,6.35958088046694,-0.0328185793493547,-0.0328185793493547,-0.0328185793493547,0.0520581686434144
7.84913150076159,0,0.0206892300368871,0,7.84913150076159,0.0206892300368871,0.0206892300368871,0.0206892300368871,0.0125920499284639
11.3110693140974,0,0.00982781565554414,0,11.3110693140974,0.00982781565554414,0.00982781565554414,0.00982781565554414,0.0152975413868066
19.3344521561619,0,-0.0178892890128142,0,19.3344521561619,-0.0178892890128142,-0.0178892890128142,-0.0178892890128142,0.0322365626104049
12.3671082351961,0,0.0210231372322994,0,12.3671082351961,0.0210231372322994,0.0210231372322994,0.0210231372322994,0.0160828742749283
12.3654554745313,0,-0.0686880413546458,0,12.3654554745313,-0.0686880413546458,-0.0686880413546458,-0.0686880413546458,0.0513325050706189
19.2556223171704,0,0.0285945738844167,0,19.2556223171704,0.0285945738844167,0.0285945738844167,0.0285945738844167,0.0139726523520546
34.7312424253189,0,0.00360906084633839,0,34.7312424253189,0.00360906084633839,0.00360906084633839,0.00360906084633839,0.017575833019559
54.7209102152747,0,0.0196726221291343,0,54.7209102152747,0.0196726221291343,0.0196726221291343,0.0196726221291343,0.0109274670854921
11.6997668682815,0,-0.0454216119044559,0,11.6997668682815,-0.0454216119044559,-0.0454216119044559,-0.0454216119044559,0.105318046890987
13.7692792179168,0,0.045315959795906,0,13.7692792179168,0.045315959795906,0.045315959795906,0.045315959795906,0.0576659331255503
11.7030101268542,0,0.0664031592294417,0,11.7030101268542,0.0664031592294417,0.0664031592294417,0.0664031592294417,0.0318702419669784
7.36539602284415,0,-0.0247872150245361,0,7.36539602284415,-0.0247872150245361,-0.0247872150245361,-0.0247872150245361,0.114121672795408
9.34902839864339,0,-0.0319037471830898,0,9.34902839864339,-0.0319037471830898,-0.0319037471830898,-0.0319037471830898,0.0353702402159913
12.3611575522981,0,-0.0042723235541842,0,12.3611575522981,-0.0042723235541842,-0.0042723235541842,-0.0042723235541842,0.0564107009092355
11.8155784180346,0,0.132399483418963,0,11.8155784180346,0.132399483418963,0.132399483418963,0.132399483418963,0.0684128055131695
10.8363107906744,0,-0.028098390818107,0,10.8363107906744,-0.028098390818107,-0.028098390818107,-0.028098390818107,0.071926050301895
11.7003583105711,0,-0.00186774348468509,0,11.7003583105711,-0.00186774348468509,-0.00186774348468509,-0.00186774348468509,0.00589871207554302
14.1717804897526,0,0.027255899623745,0,14.1717804897526,0.027255899623745,0.027255899623745,0.027255899623745,0.0438772018708798
10.4916049522311,0,0.0132463173032987,0,10.4916049522311,0.0132463173032987,0.0132463173032987,0.0132463173032987,0.0267192917518445
12.491172371433,0,0.00616174807970621,0,12.491172371433,0.00616174807970621,0.00616174807970621,0.00616174807970621,0.0405245193389735
22.4190143092695,0,-0.000161199703742028,0,22.4190143092695,-0.000161199703742028,-0.000161199703742028,-0.000161199703742028,0.0167230245622351
23.3384346785706,0,0.0173424537425691,0,23.3384346785706,0.0173424537425691,0.0173424537425691,0.0173424537425691,0.0189266195413323
21.0471310356801,0,0.0617673658141888,0,21.0471310356801,0.0617673658141888,0.0617673658141888,0.0617673658141888,0.047052745863464
18.868464140174,0,-0.0601138815581494,0,18.868464140174,-0.0601138815581494,-0.0601138815581494,-0.0601138815581494,0.0841243606959225
130.216227665708,0,0.0198117493038606,0,130.216227665708,0.0198117493038606,0.0198117493038606,0.0198117493038606,0.0277236387216602
9.87654480749694,0,-0.0946232449189078,0,9.87654480749694,-0.0946232449189078,-0.0946232449189078,-0.0946232449189078,0.0836731049469832
15.7641037476623,0,0.0452974152246685,0,15.7641037476623,0.0452974152246685,0.0452974152246685,0.0452974152246685,0.0222639606786319
14.6925462604222,0,-0.00458452472707301,0,14.6925462604222,-0.00458452472707301,-0.00458452472707301,-0.00458452472707301,0.0444254697733256
7.79044115240101,0,0.0350532910010923,0,7.79044115240101,0.0350532910010923,0.0350532910010923,0.0350532910010923,0.0585754206769742
11.0161041029769,0,-0.0031766917676102,0,11.0161041029769,-0.0031766917676102,-0.0031766917676102,-0.0031766917676102,0.0522005254908412
11.2420027298881,0,-0.0660500012093723,0,11.2420027298881,-0.0660500012093723,-0.0660500012093723,-0.0660500012093723,0.0384705888979592
27.9381463268887,0,-0.0196646199066465,0,27.9381463268887,-0.0196646199066465,-0.0196646199066465,-0.0196646199066465,0.0266030945529787
28.4056044215739,0,-0.0234835133541325,0,28.4056044215739,-0.0234835133541325,-0.0234835133541325,-0.0234835133541325,0.0460235649191708
9.44659083119766,0,-0.0979355343768668,0,9.44659083119766,-0.0979355343768668,-0.0979355343768668,-0.0979355343768668,0.106984919191722
10.6319539160187,0,0.00587821668928426,0,10.6319539160187,0.00587821668928426,0.00587821668928426,0.00587821668928426,0.0434639030773943
23.722803858762,0,0.00435490338959432,0,23.722803858762,0.00435490338959432,0.00435490338959432,0.00435490338959432,0.0172785731987079
NA,NA,NA,NA,NA,NA,NA,NA,NA
14.5501339822123,0,-0.0241508994853178,0,14.5501339822123,-0.0241508994853178,-0.0241508994853178,-0.0241508994853178,0.0112761190742462
5.59197431763262,0,-0.0578220526680145,0,5.59197431763262,-0.0578220526680145,-0.0578220526680145,-0.0578220526680145,0.0290843221745671
7.10118523761685,0,-0.0285278978712163,0,7.10118523761685,-0.0285278978712163,-0.0285278978712163,-0.0285278978712163,0.0595492352872805
8.39406695268219,0,0.0167837864563465,0,8.39406695268219,0.0167837864563465,0.0167837864563465,0.0167837864563465,0.0322473662392579
15.3813680380744,0,-0.0235768509494856,0,15.3813680380744,-0.0235768509494856,-0.0235768509494856,-0.0235768509494856,0.0385600790656454
10.9419857642508,0,-0.0876235523401562,0,10.9419857642508,-0.0876235523401562,-0.0876235523401562,-0.0876235523401562,0.0336377588977628
9.567453602661,0,-0.0130573193727359,0,9.567453602661,-0.0130573193727359,-0.0130573193727359,-0.0130573193727359,0.0264340771076804
9.56764954052794,0,-0.00578932875863998,0,9.56764954052794,-0.00578932875863998,-0.00578932875863998,-0.00578932875863998,0.0288617279537588
9.58796747981615,0,0.00725905880614161,0,9.58796747981615,0.00725905880614161,0.00725905880614161,0.00725905880614161,0.0422687684348916
15.1454884083029,0,0.0687427351592194,0,15.1454884083029,0.0687427351592194,0.0687427351592194,0.0687427351592194,0.0334809714396658
9.03381024943225,0,-0.0258591277728825,0,9.03381024943225,-0.0258591277728825,-0.0258591277728825,-0.0258591277728825,0.0210013285642308
16.8507399661019,0,-0.0324616177649589,0,16.8507399661019,-0.0324616177649589,-0.0324616177649589,-0.0324616177649589,0.0139871446137804
10.6567948708008,0,0.0203455428827325,0,10.6567948708008,0.0203455428827325,0.0203455428827325,0.0203455428827325,0.0367174068081082
15.83958844307,0,0.0399832495665445,0,15.83958844307,0.0399832495665445,0.0399832495665445,0.0399832495665445,0.0130470310288665
17.7014293147066,0,0.0234372077444364,0,17.7014293147066,0.0234372077444364,0.0234372077444364,0.0234372077444364,0.0323786122878216
16.016217440795,0,-0.00369944404825601,0,16.016217440795,-0.00369944404825601,-0.00369944404825601,-0.00369944404825601,0.0376637682579198
6.35958088046694,0,-0.0328185793493547,0,6.35958088046694,-0.0328185793493547,-0.0328185793493547,-0.0328185793493547,0.0520581686434144
7.84913150076159,0,0.0206892300368871,0,7.84913150076159,0.0206892300368871,0.0206892300368871,0.0206892300368871,0.0125920499284639
11.3110693140974,0,0.00982781565554414,0,11.3110693140974,0.00982781565554414,0.00982781565554414,0.00982781565554414,0.0152975413868066
19.3344521561619,0,-0.0178892890128142,0,19.3344521561619,-0.0178892890128142,-0.0178892890128142,-0.0178892890128142,0.0322365626104049
12.3671082351961,0,0.0210231372322994,0,12.3671082351961,0.0210231372322994,0.0210231372322994,0.0210231372322994,0.0160828742749283
12.3654554745313,0,-0.0686880413546458,0,12.3654554745313,-0.0686880413546458,-0.0686880413546458,-0.0686880413546458,0.0513325050706189
19.2556223171704,0,0.0285945738844167,0,19.2556223171704,0.0285945738844167,0.0285945738844167,0.0285945738844167,0.0139726523520546
34.7312424253189,0,0.00360906084633839,0,34.7312424253189,0.00360906084633839,0.00360906084633839,0.00360906084633839,0.017575833019559
54.7209102152747,0,0.0196726221291343,0,54.7209102152747,0.0196726221291343,0.0196726221291343,0.0196726221291343,0.0109274670854921
11.6997668682815,0,-0.0454216119044559,0,11.6997668682815,-0.0454216119044559,-0.0454216119044559,-0.0454216119044559,0.105318046890987
13.7692792179168,0,0.045315959795906,0,13.7692792179168,0.045315959795906,0.045315959795906,0.045315959795906,0.0576659331255503
11.7030101268542,0,0.0664031592294417,0,11.7030101268542,0.0664031592294417,0.0664031592294417,0.0664031592294417,0.0318702419669784
7.36539602284415,0,-0.0247872150245361,0,7.36539602284415,-0.0247872150245361,-0.0247872150245361,-0.0247872150245361,0.114121672795408
9.34902839864339,0,-0.0319037471830898,0,9.34902839864339,-0.0319037471830898,-0.0319037471830898,-0.0319037471830898,0.0353702402159913
12.3611575522981,0,-0.0042723235541842,0,12.3611575522981,-0.0042723235541842,-0.0042723235541842,-0.0042723235541842,0.0564107009092355
11.8155784180346,0,0.132399483418963,0,11.8155784180346,0.132399483418963,0.132399483418963,0.132399483418963,0.0684128055131695
10.8363107906744,0,-0.028098390818107,0,10.8363107906744,-0.028098390818107,-0.028098390818107,-0.028098390818107,0.071926050301895
11.7003583105711,0,-0.00186774348468509,0,11.7003583105711,-0.00186774348468509,-0.00186774348468509,-0.00186774348468509,0.00589871207554302
14.1717804897526,0,0.027255899623745,0,14.1717804897526,0.027255899623745,0.027255899623745,0.027255899623745,0.0438772018708798
10.4916049522311,0,0.0132463173032987,0,10.4916049522311,0.0132463173032987,0.0132463173032987,0.0132463173032987,0.0267192917518445
12.491172371433,0,0.00616174807970621,0,12.491172371433,0.00616174807970621,0.00616174807970621,0.00616174807970621,0.0405245193389735
22.4190143092695,0,-0.000161199703742028,0,22.4190143092695,-0.000161199703742028,-0.000161199703742028,-0.000161199703742028,0.0167230245622351
23.3384346785706,0,0.0173424537425691,0,23.3384346785706,0.0173424537425691,0.0173424537425691,0.0173424537425691,0.0189266195413323
21.0471310356801,0,0.0617673658141888,0,21.0471310356801,0.0617673658141888,0.0617673658141888,0.0617673658141888,0.047052745863464
18.868464140174,0,-0.0601138815581494,0,18.868464140174,-0.0601138815581494,-0.0601138815581494,-0.0601138815581494,0.0841243606959225
130.216227665708,0,0.0198117493038606,0,130.216227665708,0.0198117493038606,0.0198117493038606,0.0198117493038606,0.0277236387216602
9.87654480749694,0,-0.0946232449189078,0,9.87654480749694,-0.0946232449189078,-0.0946232449189078,-0.0946232449189078,0.0836731049469832
15.7641037476623,0,0.0452974152246685,0,15.7641037476623,0.0452974152246685,0.0452974152246685,0.0452974152246685,0.0222639606786319
14.6925462604222,0,-0.00458452472707301,0,14.6925462604222,-0.00458452472707301,-0.00458452472707301,-0.00458452472707301,0.0444254697733256
7.79044115240101,0,0.0350532910010923,0,7.79044115240101,0.0350532910010923,0.0350532910010923,0.0350532910010923,0.0585754206769742
11.0161041029769,0,-0.0031766917676102,0,11.0161041029769,-0.0031766917676102,-0.0031766917676102,-0.0031766917676102,0.0522005254908412
11.2420027298881,0,-0.0660500012093723,0,11.2420027298881,-0.0660500012093723,-0.0660500012093723,-0.0660500012093723,0.0384705888979592
27.9381463268887,0,-0.0196646199066465,0,27.9381463268887,-0.0196646199066465,-0.0196646199066465,-0.0196646199066465,0.0266030945529787
28.4056044215739,0,-0.0234835133541325,0,28.4056044215739,-0.0234835133541325,-0.0234835133541325,-0.0234835133541325,0.0460235649191708
9.44659083119766,0,-0.0979355343768668,0,9.44659083119766,-0.0979355343768668,-0.0979355343768668,-0.0979355343768668,0.106984919191722
10.6319539160187,0,0.00587821668928426,0,10.6319539160187,0.00587821668928426,0.00587821668928426,0.00587821668928426,0.0434639030773943
23.722803858762,0,0.00435490338959432,0,23.722803858762,0.00435490338959432,0.00435490338959432,0.00435490338959432,0.0172785731987079
NA,NA,NA,NA,NA,NA,NA,NA,NA
14.5501339822123,0,-0.0241508994853178,0,14.5501339822123,-0.0241508994853178,-0.0241508994853178,-0.0241508994853178,0.0112761190742462
5.59197431763262,0,-0.0578220526680145,0,5.59197431763262,-0.0578220526680145,-0.0578220526680145,-0.0578220526680145,0.0290843221745671
7.10118523761685,0,-0.0285278978712163,0,7.10118523761685,-0.0285278978712163,-0.0285278978712163,-0.0285278978712163,0.0595492352872805
8.39406695268219,0,0.0167837864563465,0,8.39406695268219,0.0167837864563465,0.0167837864563465,0.0167837864563465,0.0322473662392579
15.3813680380744,0,-0.0235768509494856,0,15.3813680380744,-0.0235768509494856,-0.0235768509494856,-0.0235768509494856,0.0385600790656454
10.9419857642508,0,-0.0876235523401562,0,10.9419857642508,-0.0876235523401562,-0.0876235523401562,-0.0876235523401562,0.0336377588977628
9.567453602661,0,-0.0130573193727359,0,9.567453602661,-0.0130573193727359,-0.0130573193727359,-0.0130573193727359,0.0264340771076804
9.56764954052794,0,-0.00578932875863998,0,9.56764954052794,-0.00578932875863998,-0.00578932875863998,-0.00578932875863998,0.0288617279537588
9.58796747981615,0,0.00725905880614161,0,9.58796747981615,0.00725905880614161,0.00725905880614161,0.00725905880614161,0.0422687684348916
15.1454884083029,0,0.0687427351592194,0,15.1454884083029,0.0687427351592194,0.0687427351592194,0.0687427351592194,0.0334809714396658
9.03381024943225,0,-0.0258591277728825,0,9.03381024943225,-0.0258591277728825,-0.0258591277728825,-0.0258591277728825,0.0210013285642308
16.8507399661019,0,-0.0324616177649589,0,16.8507399661019,-0.0324616177649589,-0.0324616177649589,-0.0324616177649589,0.0139871446137804
10.6567948708008,0,0.0203455428827325,0,10.6567948708008,0.0203455428827325,0.0203455428827325,0.0203455428827325,0.0367174068081082
15.83958844307,0,0.0399832495665445,0,15.83958844307,0.0399832495665445,0.0399832495665445,0.0399832495665445,0.0130470310288665
17.7014293147066,0,0.0234372077444364,0,17.7014293147066,0.0234372077444364,0.0234372077444364,0.0234372077444364,0.0323786122878216
16.016217440795,0,-0.00369944404825601,0,16.016217440795,-0.00369944404825601,-0.00369944404825601,-0.00369944404825601,0.0376637682579198
6.35958088046694,0,-0.0328185793493547,0,6.35958088046694,-0.0328185793493547,-0.0328185793493547,-0.0328185793493547,0.0520581686434144
7.84913150076159,0,0.0206892300368871,0,7.84913150076159,0.0206892300368871,0.0206892300368871,0.0206892300368871,0.0125920499284639
11.3110693140974,0,0.00982781565554414,0,11.3110693140974,0.00982781565554414,0.00982781565554414,0.00982781565554414,0.0152975413868066
19.3344521561619,0,-0.0178892890128142,0,19.3344521561619,-0.0178892890128142,-0.0178892890128142,-0.0178892890128142,0.0322365626104049
12.3671082351961,0,0.0210231372322994,0,12.3671082351961,0.0210231372322994,0.0210231372322994,0.0210231372322994,0.0160828742749283
12.3654554745313,0,-0.0686880413546458,0,12.3654554745313,-0.0686880413546458,-0.0686880413546458,-0.0686880413546458,0.0513325050706189
19.2556223171704,0,0.0285945738844167,0,19.2556223171704,0.0285945738844167,0.0285945738844167,0.0285945738844167,0.0139726523520546
34.7312424253189,0,0.00360906084633839,0,34.7312424253189,0.00360906084633839,0.00360906084633839,0.00360906084633839,0.017575833019559
54.7209102152747,0,0.0196726221291343,0,54.7209102152747,0.0196726221291343,0.0196726221291343,0.0196726221291343,0.0109274670854921
11.6997668682815,0,-0.0454216119044559,0,11.6997668682815,-0.0454216119044559,-0.0454216119044559,-0.0454216119044559,0.105318046890987
13.7692792179168,0,0.045315959795906,0,13.7692792179168,0.045315959795906,0.045315959795906,0.045315959795906,0.0576659331255503
11.7030101268542,0,0.0664031592294417,0,11.7030101268542,0.0664031592294417,0.0664031592294417,0.0664031592294417,0.0318702419669784
7.36539602284415,0,-0.0247872150245361,0,7.36539602284415,-0.0247872150245361,-0.0247872150245361,-0.0247872150245361,0.114121672795408
9.34902839864339,0,-0.0319037471830898,0,9.34902839864339,-0.0319037471830898,-0.0319037471830898,-0.0319037471830898,0.0353702402159913
12.3611575522981,0,-0.0042723235541842,0,12.3611575522981,-0.0042723235541842,-0.0042723235541842,-0.0042723235541842,0.0564107009092355
11.8155784180346,0,0.132399483418963,0,11.8155784180346,0.132399483418963,0.132399483418963,0.132399483418963,0.0684128055131695
10.8363107906744,0,-0.028098390818107,0,10.8363107906744,-0.028098390818107,-0.028098390818107,-0.028098390818107,0.071926050301895
11.7003583105711,0,-0.00186774348468509,0,11.7003583105711,-0.00186774348468509,-0.00186774348468509,-0.00186774348468509,0.00589871207554302
14.1717804897526,0,0.027255899623745,0,14.1717804897526,0.027255899623745,0.027255899623745,0.027255899623745,0.0438772018708798
10.4916049522311,0,0.0132463173032987,0,10.4916049522311,0.0132463173032987,0.0132463173032987,0.0132463173032987,0.0267192917518445
12.491172371433,0,0.00616174807970621,0,12.491172371433,0.00616174807970621,0.00616174807970621,0.00616174807970621,0.0405245193389735
22.4190143092695,0,-0.000161199703742028,0,22.4190143092695,-0.000161199703742028,-0.000161199703742028,-0.000161199703742028,0.0167230245622351
23.3384346785706,0,0.0173424537425691,0,23.3384346785706,0.0173424537425691,0.0173424537425691,0.0173424537425691,0.0189266195413323
21.0471310356801,0,0.0617673658141888,0,21.0471310356801,0.0617673658141888,0.0617673658141888,0.0617673658141888,0.047052745863464
18.868464140174,0,-0.0601138815581494,0,18.868464140174,-0.0601138815581494,-0.0601138815581494,-0.0601138815581494,0.0841243606959225
130.216227665708,0,0.0198117493038606,0,130.216227665708,0.0198117493038606,0.0198117493038606,0.0198117493038606,0.0277236387216602
9.87654480749694,0,-0.0946232449189078,0,9.87654480749694,-0.0946232449189078,-0.0946232449189078,-0.0946232449189078,0.0836731049469832
15.7641037476623,0,0.0452974152246685,0,15.7641037476623,0.0452974152246685,0.0452974152246685,0.0452974152246685,0.0222639606786319
14.6925462604222,0,-0.00458452472707301,0,14.6925462604222,-0.00458452472707301,-0.00458452472707301,-0.00458452472707301,0.0444254697733256
7.79044115240101,0,0.0350532910010923,0,7.79044115240101,0.0350532910010923,0.0350532910010923,0.0350532910010923,0.0585754206769742
11.0161041029769,0,-0.0031766917676102,0,11.0161041029769,-0.0031766917676102,-0.0031766917676102,-0.0031766917676102,0.0522005254908412
11.2420027298881,0,-0.0660500012093723,0,11.2420027298881,-0.0660500012093723,-0.0660500012093723,-0.0660500012093723,0.0384705888979592
27.9381463268887,0,-0.0196646199066465,0,27.9381463268887,-0.0196646199066465,-0.0196646199066465,-0.0196646199066465,0.0266030945529787
28.4056044215739,0,-0.0234835133541325,0,28.4056044215739,-0.0234835133541325,-0.0234835133541325,-0.0234835133541325,0.0460235649191708
9.44659083119766,0,-0.0979355343768668,0,9.44659083119766,-0.0979355343768668,-0.0979355343768668,-0.0979355343768668,0.106984919191722
10.6319539160187,0,0.00587821668928426,0,10.6319539160187,0.00587821668928426,0.00587821668928426,0.00587821668928426,0.0434639030773943
23.722803858762,0,0.00435490338959432,0,23.722803858762,0.00435490338959432,0.00435490338959432,0.00435490338959432,0.0172785731987079
NA,NA,NA,NA,NA,NA,NA,NA,NA
14.5501339822123,0,-0.0241508994853178,0,14.5501339822123,-0.0241508994853178,-0.0241508994853178,-0.0241508994853178,0.0112761190742462
5.59197431763262,0,-0.0578220526680145,0,5.59197431763262,-0.0578220526680145,-0.0578220526680145,-0.0578220526680145,0.0290843221745671
7.10118523761685,0,-0.0285278978712163,0,7.10118523761685,-0.0285278978712163,-0.0285278978712163,-0.0285278978712163,0.0595492352872805
8.39406695268219,0,0.0167837864563465,0,8.39406695268219,0.0167837864563465,0.0167837864563465,0.0167837864563465,0.0322473662392579
15.3813680380744,0,-0.0235768509494856,0,15.3813680380744,-0.0235768509494856,-0.0235768509494856,-0.0235768509494856,0.0385600790656454
10.9419857642508,0,-0.0876235523401562,0,10.9419857642508,-0.0876235523401562,-0.0876235523401562,-0.0876235523401562,0.0336377588977628
9.567453602661,0,-0.0130573193727359,0,9.567453602661,-0.0130573193727359,-0.0130573193727359,-0.0130573193727359,0.0264340771076804
9.56764954052794,0,-0.00578932875863998,0,9.56764954052794,-0.00578932875863998,-0.00578932875863998,-0.00578932875863998,0.0288617279537588
9.58796747981615,0,0.00725905880614161,0,9.58796747981615,0.00725905880614161,0.00725905880614161,0.00725905880614161,0.0422687684348916
15.1454884083029,0,0.0687427351592194,0,15.1454884083029,0.0687427351592194,0.0687427351592194,0.0687427351592194,0.0334809714396658
9.03381024943225,0,-0.0258591277728825,0,9.03381024943225,-0.0258591277728825,-0.0258591277728825,-0.0258591277728825,0.0210013285642308
16.8507399661019,0,-0.0324616177649589,0,16.8507399661019,-0.0324616177649589,-0.0324616177649589,-0.0324616177649589,0.0139871446137804
10.6567948708008,0,0.0203455428827325,0,10.6567948708008,0.0203455428827325,0.0203455428827325,0.0203455428827325,0.0367174068081082
15.83958844307,0,0.0399832495665445,0,15.83958844307,0.0399832495665445,0.0399832495665445,0.0399832495665445,0.0130470310288665
17.7014293147066,0,0.0234372077444364,0,17.7014293147066,0.0234372077444364,0.0234372077444364,0.0234372077444364,0.0323786122878216
16.016217440795,0,-0.00369944404825601,0,16.016217440795,-0.00369944404825601,-0.00369944404825601,-0.00369944404825601,0.0376637682579198
6.35958088046694,0,-0.0328185793493547,0,6.35958088046694,-0.0328185793493547,-0.0328185793493547,-0.0328185793493547,0.0520581686434144
7.84913150076159,0,0.0206892300368871,0,7.84913150076159,0.0206892300368871,0.0206892300368871,0.0206892300368871,0.0125920499284639
11.3110693140974,0,0.00982781565554414,0,11.3110693140974,0.00982781565554414,0.00982781565554414,0.00982781565554414,0.0152975413868066
19.3344521561619,0,-0.0178892890128142,0,19.3344521561619,-0.0178892890128142,-0.0178892890128142,-0.0178892890128142,0.0322365626104049
12.3671082351961,0,0.0210231372322994,0,12.3671082351961,0.0210231372322994,0.0210231372322994,0.0210231372322994,0.0160828742749283
12.3654554745313,0,-0.0686880413546458,0,12.3654554745313,-0.0686880413546458,-0.0686880413546458,-0.0686880413546458,0.0513325050706189
19.2556223171704,0,0.0285945738844167,0,19.2556223171704,0.0285945738844167,0.0285945738844167,0.0285945738844167,0.0139726523520546
34.7312424253189,0,0.00360906084633839,0,34.7312424253189,0.00360906084633839,0.00360906084633839,0.00360906084633839,0.017575833019559
54.7209102152747,0,0.0196726221291343,0,54.7209102152747,0.0196726221291343,0.0196726221291343,0.0196726221291343,0.0109274670854921
11.6997668682815,0,-0.0454216119044559,0,11.6997668682815,-0.0454216119044559,-0.0454216119044559,-0.0454216119044559,0.105318046890987
13.7692792179168,0,0.045315959795906,0,13.7692792179168,0.045315959795906,0.045315959795906,0.045315959795906,0.0576659331255503
11.7030101268542,0,0.0664031592294417,0,11.7030101268542,0.0664031592294417,0.0664031592294417,0.0664031592294417,0.0318702419669784
7.36539602284415,0,-0.0247872150245361,0,7.36539602284415,-0.0247872150245361,-0.0247872150245361,-0.0247872150245361,0.114121672795408
9.34902839864339,0,-0.0319037471830898,0,9.34902839864339,-0.0319037471830898,-0.0319037471830898,-0.0319037471830898,0.0353702402159913
12.3611575522981,0,-0.0042723235541842,0,12.3611575522981,-0.0042723235541842,-0.0042723235541842,-0.0042723235541842,0.0564107009092355
11.8155784180346,0,0.132399483418963,0,11.8155784180346,0.132399483418963,0.132399483418963,0.132399483418963,0.0684128055131695
10.8363107906744,0,-0.028098390818107,0,10.8363107906744,-0.028098390818107,-0.028098390818107,-0.028098390818107,0.071926050301895
11.7003583105711,0,-0.00186774348468509,0,11.7003583105711,-0.00186774348468509,-0.00186774348468509,-0.00186774348468509,0.00589871207554302
14.1717804897526,0,0.027255899623745,0,14.1717804897526,0.027255899623745,0.027255899623745,0.027255899623745,0.0438772018708798
10.4916049522311,0,0.0132463173032987,0,10.4916049522311,0.0132463173032987,0.0132463173032987,0.0132463173032987,0.0267192917518445
12.491172371433,0,0.00616174807970621,0,12.491172371433,0.00616174807970621,0.00616174807970621,0.00616174807970621,0.0405245193389735
22.4190143092695,0,-0.000161199703742028,0,22.4190143092695,-0.000161199703742028,-0.000161199703742028,-0.000161199703742028,0.0167230245622351
23.3384346785706,0,0.0173424537425691,0,23.3384346785706,0.0173424537425691,0.0173424537425691,0.0173424537425691,0.0189266195413323
21.0471310356801,0,0.0617673658141888,0,21.0471310356801,0.0617673658141888,0.0617673658141888,0.0617673658141888,0.047052745863464
18.868464140174,0,-0.0601138815581494,0,18.868464140174,-0.0601138815581494,-0.0601138815581494,-0.0601138815581494,0.0841243606959225
130.216227665708,0,0.0198117493038606,0,130.216227665708,0.0198117493038606,0.0198117493038606,0.0198117493038606,0.0277236387216602
9.87654480749694,0,-0.0946232449189078,0,9.87654480749694,-0.0946232449189078,-0.0946232449189078,-0.0946232449189078,0.0836731049469832
15.7641037476623,0,0.0452974152246685,0,15.7641037476623,0.0452974152246685,0.0452974152246685,0.0452974152246685,0.0222639606786319
14.6925462604222,0,-0.00458452472707301,0,14.6925462604222,-0.00458452472707301,-0.00458452472707301,-0.00458452472707301,0.0444254697733256
7.79044115240101,0,0.0350532910010923,0,7.79044115240101,0.0350532910010923,0.0350532910010923,0.0350532910010923,0.0585754206769742
11.0161041029769,0,-0.0031766917676102,0,11.0161041029769,-0.0031766917676102,-0.0031766917676102,-0.0031766917676102,0.0522005254908412
11.2420027298881,0,-0.0660500012093723,0,11.2420027298881,-0.0660500012093723,-0.0660500012093723,-0.0660500012093723,0.0384705888979592
27.9381463268887,0,-0.0196646199066465,0,27.9381463268887,-0.0196646199066465,-0.0196646199066465,-0.0196646199066465,0.0266030945529787
28.4056044215739,0,-0.0234835133541325,0,28.4056044215739,-0.0234835133541325,-0.0234835133541325,-0.0234835133541325,0.0460235649191708
9.44659083119766,0,-0.0979355343768668,0,9.44659083119766,-0.0979355343768668,-0.0979355343768668,-0.0979355343768668,0.106984919191722
10.6319539160187,0,0.00587821668928426,0,10.6319539160187,0.00587821668928426,0.00587821668928426,0.00587821668928426,0.0434639030773943
23.722803858762,0,0.00435490338959432,0,23.722803858762,0.00435490338959432,0.00435490338959432,0.00435490338959432,0.0172785731987079
NA,NA,NA,NA,NA,NA,NA,NA,NA
14.5501339822123,0,-0.0241508994853178,0,14.5501339822123,-0.0241508994853178,-0.0241508994853178,-0.0241508994853178,0.0112761190742462
5.59197431763262,0,-0.0578220526680145,0,5.59197431763262,-0.0578220526680145,-0.0578220526680145,-0.0578220526680145,0.0290843221745671
7.10118523761685,0,-0.0285278978712163,0,7.10118523761685,-0.0285278978712163,-0.0285278978712163,-0.0285278978712163,0.0595492352872805
8.39406695268219,0,0.0167837864563465,0,8.39406695268219,0.0167837864563465,0.0167837864563465,0.0167837864563465,0.0322473662392579
15.3813680380744,0,-0.0235768509494856,0,15.3813680380744,-0.0235768509494856,-0.0235768509494856,-0.0235768509494856,0.0385600790656454
10.9419857642508,0,-0.0876235523401562,0,10.9419857642508,-0.0876235523401562,-0.0876235523401562,-0.0876235523401562,0.0336377588977628
9.567453602661,0,-0.0130573193727359,0,9.567453602661,-0.0130573193727359,-0.0130573193727359,-0.0130573193727359,0.0264340771076804
9.56764954052794,0,-0.00578932875863998,0,9.56764954052794,-0.00578932875863998,-0.00578932875863998,-0.00578932875863998,0.0288617279537588
9.58796747981615,0,0.00725905880614161,0,9.58796747981615,0.00725905880614161,0.00725905880614161,0.00725905880614161,0.0422687684348916
15.1454884083029,0,0.0687427351592194,0,15.1454884083029,0.0687427351592194,0.0687427351592194,0.0687427351592194,0.0334809714396658
9.03381024943225,0,-0.0258591277728825,0,9.03381024943225,-0.0258591277728825,-0.0258591277728825,-0.0258591277728825,0.0210013285642308
16.8507399661019,0,-0.0324616177649589,0,16.8507399661019,-0.0324616177649589,-0.0324616177649589,-0.0324616177649589,0.0139871446137804
10.6567948708008,0,0.0203455428827325,0,10.6567948708008,0.0203455428827325,0.0203455428827325,0.0203455428827325,0.0367174068081082
15.83958844307,0,0.0399832495665445,0,15.83958844307,0.0399832495665445,0.0399832495665445,0.0399832495665445,0.0130470310288665
17.7014293147066,0,0.0234372077444364,0,17.7014293147066,0.0234372077444364,0.0234372077444364,0.0234372077444364,0.0323786122878216
16.016217440795,0,-0.00369944404825601,0,16.016217440795,-0.00369944404825601,-0.00369944404825601,-0.00369944404825601,0.0376637682579198
6.35958088046694,0,-0.0328185793493547,0,6.35958088046694,-0.0328185793493547,-0.0328185793493547,-0.0328185793493547,0.0520581686434144
7.84913150076159,0,0.0206892300368871,0,7.84913150076159,0.0206892300368871,0.0206892300368871,0.0206892300368871,0.0125920499284639
11.3110693140974,0,0.00982781565554414,0,11.3110693140974,0.00982781565554414,0.00982781565554414,0.00982781565554414,0.0152975413868066
19.3344521561619,0,-0.0178892890128142,0,19.3344521561619,-0.0178892890128142,-0.0178892890128142,-0.0178892890128142,0.0322365626104049
12.3671082351961,0,0.0210231372322994,0,12.3671082351961,0.0210231372322994,0.0210231372322994,0.0210231372322994,0.0160828742749283
12.3654554745313,0,-0.0686880413546458,0,12.3654554745313,-0.0686880413546458,-0.0686880413546458,-0.0686880413546458,0.0513325050706189
19.2556223171704,0,0.0285945738844167,0,19.2556223171704,0.0285945738844167,0.0285945738844167,0.0285945738844167,0.0139726523520546
34.7312424253189,0,0.00360906084633839,0,34.7312424253189,0.00360906084633839,0.00360906084633839,0.00360906084633839,0.017575833019559
54.7209102152747,0,0.0196726221291343,0,54.7209102152747,0.0196726221291343,0.0196726221291343,0.0196726221291343,0.0109274670854921
11.6997668682815,0,-0.0454216119044559,0,11.6997668682815,-0.0454216119044559,-0.0454216119044559,-0.0454216119044559,0.105318046890987
13.7692792179168,0,0.045315959795906,0,13.7692792179168,0.045315959795906,0.045315959795906,0.045315959795906,0.0576659331255503
11.7030101268542,0,0.0664031592294417,0,11.7030101268542,0.0664031592294417,0.0664031592294417,0.0664031592294417,0.0318702419669784
7.36539602284415,0,-0.0247872150245361,0,7.36539602284415,-0.0247872150245361,-0.0247872150245361,-0.0247872150245361,0.114121672795408
9.34902839864339,0,-0.0319037471830898,0,9.34902839864339,-0.0319037471830898,-0.0319037471830898,-0.0319037471830898,0.0353702402159913
12.3611575522981,0,-0.0042723235541842,0,12.3611575522981,-0.0042723235541842,-0.0042723235541842,-0.0042723235541842,0.0564107009092355
11.8155784180346,0,0.132399483418963,0,11.8155784180346,0.132399483418963,0.132399483418963,0.132399483418963,0.0684128055131695
10.8363107906744,0,-0.028098390818107,0,10.8363107906744,-0.028098390818107,-0.028098390818107,-0.028098390818107,0.071926050301895
11.7003583105711,0,-0.00186774348468509,0,11.7003583105711,-0.00186774348468509,-0.00186774348468509,-0.00186774348468509,0.00589871207554302
14.1717804897526,0,0.027255899623745,0,14.1717804897526,0.027255899623745,0.027255899623745,0.027255899623745,0.0438772018708798
10.4916049522311,0,0.0132463173032987,0,10.4916049522311,0.0132463173032987,0.0132463173032987,0.0132463173032987,0.0267192917518445
12.491172371433,0,0.00616174807970621,0,12.491172371433,0.00616174807970621,0.00616174807970621,0.00616174807970621,0.0405245193389735
22.4190143092695,0,-0.000161199703742028,0,22.4190143092695,-0.000161199703742028,-0.000161199703742028,-0.000161199703742028,0.0167230245622351
23.3384346785706,0,0.0173424537425691,0,23.3384346785706,0.0173424537425691,0.0173424537425691,0.0173424537425691,0.0189266195413323
21.0471310356801,0,0.0617673658141888,0,21.0471310356801,0.0617673658141888,0.0617673658141888,0.0617673658141888,0.047052745863464
18.868464140174,0,-0.0601138815581494,0,18.868464140174,-0.0601138815581494,-0.0601138815581494,-0.0601138815581494,0.0841243606959225
130.216227665708,0,0.0198117493038606,0,130.216227665708,0.0198117493038606,0.0198117493038606,0.0198117493038606,0.0277236387216602
9.87654480749694,0,-0.0946232449189078,0,9.87654480749694,-0.0946232449189078,-0.0946232449189078,-0.0946232449189078,0.0836731049469832
15.7641037476623,0,0.0452974152246685,0,15.7641037476623,0.0452974152246685,0.0452974152246685,0.0452974152246685,0.0222639606786319
14.6925462604222,0,-0.00458452472707301,0,14.6925462604222,-0.00458452472707301,-0.00458452472707301,-0.00458452472707301,0.0444254697733256
7.79044115240101,0,0.0350532910010923,0,7.79044115240101,0.0350532910010923,0.0350532910010923,0.0350532910010923,0.0585754206769742
11.0161041029769,0,-0.0031766917676102,0,11.0161041029769,-0.0031766917676102,-0.0031766917676102,-0.0031766917676102,0.0522005254908412
11.2420027298881,0,-0.0660500012093723,0,11.2420027298881,-0.0660500012093723,-0.0660500012093723,-0.0660500012093723,0.0384705888979592
27.9381463268887,0,-0.0196646199066465,0,27.9381463268887,-0.0196646199066465,-0.0196646199066465,-0.0196646199066465,0.0266030945529787
28.4056044215739,0,-0.0234835133541325,0,28.4056044215739,-0.0234835133541325,-0.0234835133541325,-0.0234835133541325,0.0460235649191708
9.44659083119766,0,-0.0979355343768668,0,9.44659083119766,-0.0979355343768668,-0.0979355343768668,-0.0979355343768668,0.106984919191722
10.6319539160187,0,0.00587821668928426,0,10.6319539160187,0.00587821668928426,0.00587821668928426,0.00587821668928426,0.0434639030773943
23.722803858762,0,0.00435490338959432,0,23.722803858762,0.00435490338959432,0.00435490338959432,0.00435490338959432,0.0172785731987079
NA,NA,NA,NA,NA,NA,NA,NA,NA
14.5501339822123,0,-0.0241508994853178,0,14.5501339822123,-0.0241508994853178,-0.0241508994853178,-0.0241508994853178,0.0112761190742462
5.59197431763262,0,-0.0578220526680145,0,5.59197431763262,-0.0578220526680145,-0.0578220526680145,-0.0578220526680145,0.0290843221745671
7.10118523761685,0,-0.0285278978712163,0,7.10118523761685,-0.0285278978712163,-0.0285278978712163,-0.0285278978712163,0.0595492352872805
8.39406695268219,0,0.0167837864563465,0,8.39406695268219,0.0167837864563465,0.0167837864563465,0.0167837864563465,0.0322473662392579
15.3813680380744,0,-0.0235768509494856,0,15.3813680380744,-0.0235768509494856,-0.0235768509494856,-0.0235768509494856,0.0385600790656454
10.9419857642508,0,-0.0876235523401562,0,10.9419857642508,-0.0876235523401562,-0.0876235523401562,-0.0876235523401562,0.0336377588977628
9.567453602661,0,-0.0130573193727359,0,9.567453602661,-0.0130573193727359,-0.0130573193727359,-0.0130573193727359,0.0264340771076804
9.56764954052794,0,-0.00578932875863998,0,9.56764954052794,-0.00578932875863998,-0.00578932875863998,-0.00578932875863998,0.0288617279537588
9.58796747981615,0,0.00725905880614161,0,9.58796747981615,0.00725905880614161,0.00725905880614161,0.00725905880614161,0.0422687684348916
15.1454884083029,0,0.0687427351592194,0,15.1454884083029,0.0687427351592194,0.0687427351592194,0.0687427351592194,0.0334809714396658
9.03381024943225,0,-0.0258591277728825,0,9.03381024943225,-0.0258591277728825,-0.0258591277728825,-0.0258591277728825,0.0210013285642308
16.8507399661019,0,-0.0324616177649589,0,16.8507399661019,-0.0324616177649589,-0.0324616177649589,-0.0324616177649589,0.0139871446137804
10.6567948708008,0,0.0203455428827325,0,10.6567948708008,0.0203455428827325,0.0203455428827325,0.0203455428827325,0.0367174068081082
15.83958844307,0,0.0399832495665445,0,15.83958844307,0.0399832495665445,0.0399832495665445,0.0399832495665445,0.0130470310288665
17.7014293147066,0,0.0234372077444364,0,17.7014293147066,0.0234372077444364,0.0234372077444364,0.0234372077444364,0.0323786122878216
16.016217440795,0,-0.00369944404825601,0,16.016217440795,-0.00369944404825601,-0.00369944404825601,-0.00369944404825601,0.0376637682579198
6.35958088046694,0,-0.0328185793493547,0,6.35958088046694,-0.0328185793493547,-0.0328185793493547,-0.0328185793493547,0.0520581686434144
7.84913150076159,0,0.0206892300368871,0,7.84913150076159,0.0206892300368871,0.0206892300368871,0.0206892300368871,0.0125920499284639
11.3110693140974,0,0.00982781565554414,0,11.3110693140974,0.00982781565554414,0.00982781565554414,0.00982781565554414,0.0152975413868066
19.3344521561619,0,-0.0178892890128142,0,19.3344521561619,-0.0178892890128142,-0.0178892890128142,-0.0178892890128142,0.0322365626104049
12.3671082351961,0,0.0210231372322994,0,12.3671082351961,0.0210231372322994,0.0210231372322994,0.0210231372322994,0.0160828742749283
12.3654554745313,0,-0.0686880413546458,0,12.3654554745313,-0.0686880413546458,-0.0686880413546458,-0.0686880413546458,0.0513325050706189
19.2556223171704,0,0.0285945738844167,0,19.2556223171704,0.0285945738844167,0.0285945738844167,0.0285945738844167,0.0139726523520546
34.7312424253189,0,0.00360906084633839,0,34.7312424253189,0.00360906084633839,0.00360906084633839,0.00360906084633839,0.017575833019559
54.7209102152747,0,0.0196726221291343,0,54.7209102152747,0.0196726221291343,0.0196726221291343,0.0196726221291343,0.0109274670854921
11.6997668682815,0,-0.0454216119044559,0,11.6997668682815,-0.0454216119044559,-0.0454216119044559,-0.0454216119044559,0.105318046890987
13.7692792179168,0,0.045315959795906,0,13.7692792179168,0.045315959795906,0.045315959795906,0.045315959795906,0.0576659331255503
11.7030101268542,0,0.0664031592294417,0,11.7030101268542,0.0664031592294417,0.0664031592294417,0.0664031592294417,0.0318702419669784
7.36539602284415,0,-0.0247872150245361,0,7.36539602284415,-0.0247872150245361,-0.0247872150245361,-0.0247872150245361,0.114121672795408
9.34902839864339,0,-0.0319037471830898,0,9.34902839864339,-0.0319037471830898,-0.0319037471830898,-0.0319037471830898,0.0353702402159913
12.3611575522981,0,-0.0042723235541842,0,12.3611575522981,-0.0042723235541842,-0.0042723235541842,-0.0042723235541842,0.0564107009092355
11.8155784180346,0,0.132399483418963,0,11.8155784180346,0.132399483418963,0.132399483418963,0.132399483418963,0.0684128055131695
10.8363107906744,0,-0.028098390818107,0,10.8363107906744,-0.028098390818107,-0.028098390818107,-0.028098390818107,0.071926050301895
11.7003583105711,0,-0.00186774348468509,0,11.7003583105711,-0.00186774348468509,-0.00186774348468509,-0.00186774348468509,0.00589871207554302
14.1717804897526,0,0.027255899623745,0,14.1717804897526,0.027255899623745,0.027255899623745,0.027255899623745,0.0438772018708798
10.4916049522311,0,0.0132463173032987,0,10.4916049522311,0.0132463173032987,0.0132463173032987,0.0132463173032987,0.0267192917518445
12.491172371433,0,0.00616174807970621,0,12.491172371433,0.00616174807970621,0.00616174807970621,0.00616174807970621,0.0405245193389735
22.4190143092695,0,-0.000161199703742028,0,22.4190143092695,-0.000161199703742028,-0.000161199703742028,-0.000161199703742028,0.0167230245622351
23.3384346785706,0,0.0173424537425691,0,23.3384346785706,0.0173424537425691,0.0173424537425691,0.0173424537425691,0.0189266195413323
21.0471310356801,0,0.0617673658141888,0,21.0471310356801,0.0617673658141888,0.0617673658141888,0.0617673658141888,0.047052745863464
18.868464140174,0,-0.0601138815581494,0,18.868464140174,-0.0601138815581494,-0.0601138815581494,-0.0601138815581494,0.0841243606959225
130.216227665708,0,0.0198117493038606,0,130.216227665708,0.0198117493038606,0.0198117493038606,0.0198117493038606,0.0277236387216602
9.87654480749694,0,-0.0946232449189078,0,9.87654480749694,-0.0946232449189078,-0.0946232449189078,-0.0946232449189078,0.0836731049469832
15.7641037476623,0,0.0452974152246685,0,15.7641037476623,0.0452974152246685,0.0452974152246685,0.0452974152246685,0.0222639606786319
14.6925462604222,0,-0.00458452472707301,0,14.6925462604222,-0.00458452472707301,-0.00458452472707301,-0.00458452472707301,0.0444254697733256
7.79044115240101,0,0.0350532910010923,0,7.79044115240101,0.0350532910010923,0.0350532910010923,0.0350532910010923,0.0585754206769742
11.0161041029769,0,-0.0031766917676102,0,11.0161041029769,-0.0031766917676102,-0.0031766917676102,-0.0031766917676102,0.0522005254908412
11.2420027298881,0,-0.0660500012093723,0,11.2420027298881,-0.0660500012093723,-0.0660500012093723,-0.0660500012093723,0.0384705888979592
27.9381463268887,0,-0.0196646199066465,0,27.9381463268887,-0.0196646199066465,-0.0196646199066465,-0.0196646199066465,0.0266030945529787
28.4056044215739,0,-0.0234835133541325,0,28.4056044215739,-0.0234835133541325,-0.0234835133541325,-0.0234835133541325,0.0460235649191708
9.44659083119766,0,-0.0979355343768668,0,9.44659083119766,-0.0979355343768668,-0.0979355343768668,-0.0979355343768668,0.106984919191722
10.6319539160187,0,0.00587821668928426,0,10.6319539160187,0.00587821668928426,0.00587821668928426,0.00587821668928426,0.0434639030773943
23.722803858762,0,0.00435490338959432,0,23.722803858762,0.00435490338959432,0.00435490338959432,0.00435490338959432,0.0172785731987079
NA,NA,NA,NA,NA,NA,NA,NA,NA
14.5501339822123,0,-0.0241508994853178,0,14.5501339822123,-0.0241508994853178,-0.0241508994853178,-0.0241508994853178,0.0112761190742462
5.59197431763262,0,-0.0578220526680145,0,5.59197431763262,-0.0578220526680145,-0.0578220526680145,-0.0578220526680145,0.0290843221745671
7.10118523761685,0,-0.0285278978712163,0,7.10118523761685,-0.0285278978712163,-0.0285278978712163,-0.0285278978712163,0.0595492352872805
8.39406695268219,0,0.0167837864563465,0,8.39406695268219,0.0167837864563465,0.0167837864563465,0.0167837864563465,0.0322473662392579
15.3813680380744,0,-0.0235768509494856,0,15.3813680380744,-0.0235768509494856,-0.0235768509494856,-0.0235768509494856,0.0385600790656454
10.9419857642508,0,-0.0876235523401562,0,10.9419857642508,-0.0876235523401562,-0.0876235523401562,-0.0876235523401562,0.0336377588977628
9.567453602661,0,-0.0130573193727359,0,9.567453602661,-0.0130573193727359,-0.0130573193727359,-0.0130573193727359,0.0264340771076804
9.56764954052794,0,-0.00578932875863998,0,9.56764954052794,-0.00578932875863998,-0.00578932875863998,-0.00578932875863998,0.0288617279537588
9.58796747981615,0,0.00725905880614161,0,9.58796747981615,0.00725905880614161,0.00725905880614161,0.00725905880614161,0.0422687684348916
15.1454884083029,0,0.0687427351592194,0,15.1454884083029,0.0687427351592194,0.0687427351592194,0.0687427351592194,0.0334809714396658
9.03381024943225,0,-0.0258591277728825,0,9.03381024943225,-0.0258591277728825,-0.0258591277728825,-0.0258591277728825,0.0210013285642308
16.8507399661019,0,-0.0324616177649589,0,16.8507399661019,-0.0324616177649589,-0.0324616177649589,-0.0324616177649589,0.0139871446137804
10.6567948708008,0,0.0203455428827325,0,10.6567948708008,0.0203455428827325,0.0203455428827325,0.0203455428827325,0.0367174068081082
15.83958844307,0,0.0399832495665445,0,15.83958844307,0.0399832495665445,0.0399832495665445,0.0399832495665445,0.0130470310288665
17.7014293147066,0,0.0234372077444364,0,17.7014293147066,0.0234372077444364,0.0234372077444364,0.0234372077444364,0.0323786122878216
16.016217440795,0,-0.00369944404825601,0,16.016217440795,-0.00369944404825601,-0.00369944404825601,-0.00369944404825601,0.0376637682579198
6.35958088046694,0,-0.0328185793493547,0,6.35958088046694,-0.0328185793493547,-0.0328185793493547,-0.0328185793493547,0.0520581686434144
7.84913150076159,0,0.0206892300368871,0,7.84913150076159,0.0206892300368871,0.0206892300368871,0.0206892300368871,0.0125920499284639
11.3110693140974,0,0.00982781565554414,0,11.3110693140974,0.00982781565554414,0.00982781565554414,0.00982781565554414,0.0152975413868066
19.3344521561619,0,-0.0178892890128142,0,19.3344521561619,-0.0178892890128142,-0.0178892890128142,-0.0178892890128142,0.0322365626104049
12.3671082351961,0,0.0210231372322994,0,12.3671082351961,0.0210231372322994,0.0210231372322994,0.0210231372322994,0.0160828742749283
12.3654554745313,0,-0.0686880413546458,0,12.3654554745313,-0.0686880413546458,-0.0686880413546458,-0.0686880413546458,0.0513325050706189
19.2556223171704,0,0.0285945738844167,0,19.2556223171704,0.0285945738844167,0.0285945738844167,0.0285945738844167,0.0139726523520546
34.7312424253189,0,0.00360906084633839,0,34.7312424253189,0.00360906084633839,0.00360906084633839,0.00360906084633839,0.017575833019559
54.7209102152747,0,0.0196726221291343,0,54.7209102152747,0.0196726221291343,0.0196726221291343,0.0196726221291343,0.0109274670854921
11.6997668682815,0,-0.0454216119044559,0,11.6997668682815,-0.0454216119044559,-0.0454216119044559,-0.0454216119044559,0.105318046890987
13.7692792179168,0,0.045315959795906,0,13.7692792179168,0.045315959795906,0.045315959795906,0.045315959795906,0.0576659331255503
11.7030101268542,0,0.0664031592294417,0,11.7030101268542,0.0664031592294417,0.0664031592294417,0.0664031592294417,0.0318702419669784
7.36539602284415,0,-0.0247872150245361,0,7.36539602284415,-0.0247872150245361,-0.0247872150245361,-0.0247872150245361,0.114121672795408
9.34902839864339,0,-0.0319037471830898,0,9.34902839864339,-0.0319037471830898,-0.0319037471830898,-0.0319037471830898,0.0353702402159913
12.3611575522981,0,-0.0042723235541842,0,12.3611575522981,-0.0042723235541842,-0.0042723235541842,-0.0042723235541842,0.0564107009092355
11.8155784180346,0,0.132399483418963,0,11.8155784180346,0.132399483418963,0.132399483418963,0.132399483418963,0.0684128055131695
10.8363107906744,0,-0.028098390818107,0,10.8363107906744,-0.028098390818107,-0.028098390818107,-0.028098390818107,0.071926050301895
11.7003583105711,0,-0.00186774348468509,0,11.7003583105711,-0.00186774348468509,-0.00186774348468509,-0.00186774348468509,0.00589871207554302
14.1717804897526,0,0.027255899623745,0,14.1717804897526,0.027255899623745,0.027255899623745,0.027255899623745,0.0438772018708798
10.4916049522311,0,0.0132463173032987,0,10.4916049522311,0.0132463173032987,0.0132463173032987,0.0132463173032987,0.0267192917518445
12.491172371433,0,0.00616174807970621,0,12.491172371433,0.00616174807970621,0.00616174807970621,0.00616174807970621,0.0405245193389735
22.4190143092695,0,-0.000161199703742028,0,22.4190143092695,-0.000161199703742028,-0.000161199703742028,-0.000161199703742028,0.0167230245622351
23.3384346785706,0,0.0173424537425691,0,23.3384346785706,0.0173424537425691,0.0173424537425691,0.0173424537425691,0.0189266195413323
21.0471310356801,0,0.0617673658141888,0,21.0471310356801,0.0617673658141888,0.0617673658141888,0.0617673658141888,0.047052745863464
18.868464140174,0,-0.0601138815581494,0,18.868464140174,-0.0601138815581494,-0.0601138815581494,-0.0601138815581494,0.0841243606959225
130.216227665708,0,0.0198117493038606,0,130.216227665708,0.0198117493038606,0.0198117493038606,0.0198117493038606,0.0277236387216602
9.87654480749694,0,-0.0946232449189078,0,9.87654480749694,-0.0946232449189078,-0.0946232449189078,-0.0946232449189078,0.0836731049469832
15.7641037476623,0,0.0452974152246685,0,15.7641037476623,0.0452974152246685,0.0452974152246685,0.0452974152246685,0.0222639606786319
14.6925462604222,0,-0.00458452472707301,0,14.6925462604222,-0.00458452472707301,-0.00458452472707301,-0.00458452472707301,0.0444254697733256
7.79044115240101,0,0.0350532910010923,0,7.79044115240101,0.0350532910010923,0.0350532910010923,0.0350532910010923,0.0585754206769742
11.0161041029769,0,-0.0031766917676102,0,11.0161041029769,-0.0031766917676102,-0.0031766917676102,-0.0031766917676102,0.0522005254908412
11.2420027298881,0,-0.0660500012093723,0,11.2420027298881,-0.0660500012093723,-0.0660500012093723,-0.0660500012093723,0.0384705888979592
27.9381463268887,0,-0.0196646199066465,0,27.9381463268887,-0.0196646199066465,-0.0196646199066465,-0.0196646199066465,0.0266030945529787
28.4056044215739,0,-0.0234835133541325,0,28.4056044215739,-0.0234835133541325,-0.0234835133541325,-0.0234835133541325,0.0460235649191708
9.44659083119766,0,-0.0979355343768668,0,9.44659083119766,-0.0979355343768668,-0.0979355343768668,-0.0979355343768668,0.106984919191722
10.6319539160187,0,0.00587821668928426,0,10.6319539160187,0.00587821668928426,0.00587821668928426,0.00587821668928426,0.0434639030773943
23.722803858762,0,0.00435490338959432,0,23.722803858762,0.00435490338959432,0.00435490338959432,0.00435490338959432,0.0172785731987079
NA,NA,NA,NA,NA,NA,NA,NA,NA
14.5501339822123,0,-0.0241508994853178,0,14.5501339822123,-0.0241508994853178,-0.0241508994853178,-0.0241508994853178,0.0112761190742462
5.59197431763262,0,-0.0578220526680145,0,5.59197431763262,-0.0578220526680145,-0.0578220526680145,-0.0578220526680145,0.0290843221745671
7.10118523761685,0,-0.0285278978712163,0,7.10118523761685,-0.0285278978712163,-0.0285278978712163,-0.0285278978712163,0.0595492352872805
8.39406695268219,0,0.0167837864563465,0,8.39406695268219,0.0167837864563465,0.0167837864563465,0.0167837864563465,0.0322473662392579
15.3813680380744,0,-0.0235768509494856,0,15.3813680380744,-0.0235768509494856,-0.0235768509494856,-0.0235768509494856,0.0385600790656454
10.9419857642508,0,-0.0876235523401562,0,10.9419857642508,-0.0876235523401562,-0.0876235523401562,-0.0876235523401562,0.0336377588977628
9.567453602661,0,-0.0130573193727359,0,9.567453602661,-0.0130573193727359,-0.0130573193727359,-0.0130573193727359,0.0264340771076804
9.56764954052794,0,-0.00578932875863998,0,9.56764954052794,-0.00578932875863998,-0.00578932875863998,-0.00578932875863998,0.0288617279537588
9.58796747981615,0,0.00725905880614161,0,9.58796747981615,0.00725905880614161,0.00725905880614161,0.00725905880614161,0.0422687684348916
15.1454884083029,0,0.0687427351592194,0,15.1454884083029,0.0687427351592194,0.0687427351592194,0.0687427351592194,0.0334809714396658
9.03381024943225,0,-0.0258591277728825,0,9.03381024943225,-0.0258591277728825,-0.0258591277728825,-0.0258591277728825,0.0210013285642308
16.8507399661019,0,-0.0324616177649589,0,16.8507399661019,-0.0324616177649589,-0.0324616177649589,-0.0324616177649589,0.0139871446137804
10.6567948708008,0,0.0203455428827325,0,10.6567948708008,0.0203455428827325,0.0203455428827325,0.0203455428827325,0.0367174068081082
15.83958844307,0,0.0399832495665445,0,15.83958844307,0.0399832495665445,0.0399832495665445,0.0399832495665445,0.0130470310288665
17.7014293147066,0,0.0234372077444364,0,17.7014293147066,0.0234372077444364,0.0234372077444364,0.0234372077444364,0.0323786122878216
16.016217440795,0,-0.00369944404825601,0,16.016217440795,-0.00369944404825601,-0.00369944404825601,-0.00369944404825601,0.0376637682579198
6.35958088046694,0,-0.0328185793493547,0,6.35958088046694,-0.0328185793493547,-0.0328185793493547,-0.0328185793493547,0.0520581686434144
7.84913150076159,0,0.0206892300368871,0,7.84913150076159,0.0206892300368871,0.0206892300368871,0.0206892300368871,0.0125920499284639
11.3110693140974,0,0.00982781565554414,0,11.3110693140974,0.00982781565554414,0.00982781565554414,0.00982781565554414,0.0152975413868066
19.3344521561619,0,-0.0178892890128142,0,19.3344521561619,-0.0178892890128142,-0.0178892890128142,-0.0178892890128142,0.0322365626104049
12.3671082351961,0,0.0210231372322994,0,12.3671082351961,0.0210231372322994,0.0210231372322994,0.0210231372322994,0.0160828742749283
12.3654554745313,0,-0.0686880413546458,0,12.3654554745313,-0.0686880413546458,-0.0686880413546458,-0.0686880413546458,0.0513325050706189
19.2556223171704,0,0.0285945738844167,0,19.2556223171704,0.0285945738844167,0.0285945738844167,0.0285945738844167,0.0139726523520546
34.7312424253189,0,0.00360906084633839,0,34.7312424253189,0.00360906084633839,0.00360906084633839,0.00360906084633839,0.017575833019559
54.7209102152747,0,0.0196726221291343,0,54.7209102152747,0.0196726221291343,0.0196726221291343,0.0196726221291343,0.0109274670854921
11.6997668682815,0,-0.0454216119044559,0,11.6997668682815,-0.0454216119044559,-0.0454216119044559,-0.0454216119044559,0.105318046890987
13.7692792179168,0,0.045315959795906,0,13.7692792179168,0.045315959795906,0.045315959795906,0.045315959795906,0.0576659331255503
11.7030101268542,0,0.0664031592294417,0,11.7030101268542,0.0664031592294417,0.0664031592294417,0.0664031592294417,0.0318702419669784
7.36539602284415,0,-0.0247872150245361,0,7.36539602284415,-0.0247872150245361,-0.0247872150245361,-0.0247872150245361,0.114121672795408
9.34902839864339,0,-0.0319037471830898,0,9.34902839864339,-0.0319037471830898,-0.0319037471830898,-0.0319037471830898,0.0353702402159913
12.3611575522981,0,-0.0042723235541842,0,12.3611575522981,-0.0042723235541842,-0.0042723235541842,-0.0042723235541842,0.0564107009092355
11.8155784180346,0,0.132399483418963,0,11.8155784180346,0.132399483418963,0.132399483418963,0.132399483418963,0.0684128055131695
10.8363107906744,0,-0.028098390818107,0,10.8363107906744,-0.028098390818107,-0.028098390818107,-0.028098390818107,0.071926050301895
11.7003583105711,0,-0.00186774348468509,0,11.7003583105711,-0.00186774348468509,-0.00186774348468509,-0.00186774348468509,0.00589871207554302
14.1717804897526,0,0.027255899623745,0,14.1717804897526,0.027255899623745,0.027255899623745,0.027255899623745,0.0438772018708798
10.4916049522311,0,0.0132463173032987,0,10.4916049522311,0.0132463173032987,0.0132463173032987,0.0132463173032987,0.0267192917518445
12.491172371433,0,0.00616174807970621,0,12.491172371433,0.00616174807970621,0.00616174807970621,0.00616174807970621,0.0405245193389735
22.4190143092695,0,-0.000161199703742028,0,22.4190143092695,-0.000161199703742028,-0.000161199703742028,-0.000161199703742028,0.0167230245622351
23.3384346785706,0,0.0173424537425691,0,23.3384346785706,0.0173424537425691,0.0173424537425691,0.0173424537425691,0.0189266195413323
21.0471310356801,0,0.0617673658141888,0,21.0471310356801,0.0617673658141888,0.0617673658141888,0.0617673658141888,0.047052745863464
18.868464140174,0,-0.0601138815581494,0,18.868464140174,-0.0601138815581494,-0.0601138815581494,-0.0601138815581494,0.0841243606959225
130.216227665708,0,0.0198117493038606,0,130.216227665708,0.0198117493038606,0.0198117493038606,0.0198117493038606,0.0277236387216602
9.87654480749694,0,-0.0946232449189078,0,9.87654480749694,-0.0946232449189078,-0.0946232449189078,-0.0946232449189078,0.0836731049469832
15.7641037476623,0,0.0452974152246685,0,15.7641037476623,0.0452974152246685,0.0452974152246685,0.0452974152246685,0.0222639606786319
14.6925462604222,0,-0.00458452472707301,0,14.6925462604222,-0.00458452472707301,-0.00458452472707301,-0.00458452472707301,0.0444254697733256
7.79044115240101,0,0.0350532910010923,0,7.79044115240101,0.0350532910010923,0.0350532910010923,0.0350532910010923,0.0585754206769742
11.0161041029769,0,-0.0031766917676102,0,11.0161041029769,-0.0031766917676102,-0.0031766917676102,-0.0031766917676102,0.0522005254908412
11.2420027298881,0,-0.0660500012093723,0,11.2420027298881,-0.0660500012093723,-0.0660500012093723,-0.0660500012093723,0.0384705888979592
27.9381463268887,0,-0.0196646199066465,0,27.9381463268887,-0.0196646199066465,-0.0196646199066465,-0.0196646199066465,0.0266030945529787
28.4056044215739,0,-0.0234835133541325,0,28.4056044215739,-0.0234835133541325,-0.0234835133541325,-0.0234835133541325,0.0460235649191708
9.44659083119766,0,-0.0979355343768668,0,9.44659083119766,-0.0979355343768668,-0.0979355343768668,-0.0979355343768668,0.106984919191722
10.6319539160187,0,0.00587821668928426,0,10.6319539160187,0.00587821668928426,0.00587821668928426,0.00587821668928426,0.0434639030773943
23.722803858762,0,0.00435490338959432,0,23.722803858762,0.00435490338959432,0.00435490338959432,0.00435490338959432,0.0172785731987079
NA,NA,NA,NA,NA,NA,NA,NA,NA
14.5501339822123,0,-0.0241508994853178,0,14.5501339822123,-0.0241508994853178,-0.0241508994853178,-0.0241508994853178,0.0112761190742462
5.59197431763262,0,-0.0578220526680145,0,5.59197431763262,-0.0578220526680145,-0.0578220526680145,-0.0578220526680145,0.0290843221745671
7.10118523761685,0,-0.0285278978712163,0,7.10118523761685,-0.0285278978712163,-0.0285278978712163,-0.0285278978712163,0.0595492352872805
8.39406695268219,0,0.0167837864563465,0,8.39406695268219,0.0167837864563465,0.0167837864563465,0.0167837864563465,0.0322473662392579
15.3813680380744,0,-0.0235768509494856,0,15.3813680380744,-0.0235768509494856,-0.0235768509494856,-0.0235768509494856,0.0385600790656454
10.9419857642508,0,-0.0876235523401562,0,10.9419857642508,-0.0876235523401562,-0.0876235523401562,-0.0876235523401562,0.0336377588977628
9.567453602661,0,-0.0130573193727359,0,9.567453602661,-0.0130573193727359,-0.0130573193727359,-0.0130573193727359,0.0264340771076804
9.56764954052794,0,-0.00578932875863998,0,9.56764954052794,-0.00578932875863998,-0.00578932875863998,-0.00578932875863998,0.0288617279537588
9.58796747981615,0,0.00725905880614161,0,9.58796747981615,0.00725905880614161,0.00725905880614161,0.00725905880614161,0.0422687684348916
15.1454884083029,0,0.0687427351592194,0,15.1454884083029,0.0687427351592194,0.0687427351592194,0.0687427351592194,0.0334809714396658
9.03381024943225,0,-0.0258591277728825,0,9.03381024943225,-0.0258591277728825,-0.0258591277728825,-0.0258591277728825,0.0210013285642308
16.8507399661019,0,-0.0324616177649589,0,16.8507399661019,-0.0324616177649589,-0.0324616177649589,-0.0324616177649589,0.0139871446137804
10.6567948708008,0,0.0203455428827325,0,10.6567948708008,0.0203455428827325,0.0203455428827325,0.0203455428827325,0.0367174068081082
15.83958844307,0,0.0399832495665445,0,15.83958844307,0.0399832495665445,0.0399832495665445,0.0399832495665445,0.0130470310288665
17.7014293147066,0,0.0234372077444364,0,17.7014293147066,0.0234372077444364,0.0234372077444364,0.0234372077444364,0.0323786122878216
16.016217440795,0,-0.00369944404825601,0,16.016217440795,-0.00369944404825601,-0.00369944404825601,-0.00369944404825601,0.0376637682579198
6.35958088046694,0,-0.0328185793493547,0,6.35958088046694,-0.0328185793493547,-0.0328185793493547,-0.0328185793493547,0.0520581686434144
7.84913150076159,0,0.0206892300368871,0,7.84913150076159,0.0206892300368871,0.0206892300368871,0.0206892300368871,0.0125920499284639
11.3110693140974,0,0.00982781565554414,0,11.3110693140974,0.00982781565554414,0.00982781565554414,0.00982781565554414,0.0152975413868066
19.3344521561619,0,-0.0178892890128142,0,19.3344521561619,-0.0178892890128142,-0.0178892890128142,-0.0178892890128142,0.0322365626104049
12.3671082351961,0,0.0210231372322994,0,12.3671082351961,0.0210231372322994,0.0210231372322994,0.0210231372322994,0.0160828742749283
12.3654554745313,0,-0.0686880413546458,0,12.3654554745313,-0.0686880413546458,-0.0686880413546458,-0.0686880413546458,0.0513325050706189
19.2556223171704,0,0.0285945738844167,0,19.2556223171704,0.0285945738844167,0.0285945738844167,0.0285945738844167,0.0139726523520546
34.7312424253189,0,0.00360906084633839,0,34.7312424253189,0.00360906084633839,0.00360906084633839,0.00360906084633839,0.017575833019559
54.7209102152747,0,0.0196726221291343,0,54.7209102152747,0.0196726221291343,0.0196726221291343,0.0196726221291343,0.0109274670854921
11.6997668682815,0,-0.0454216119044559,0,11.6997668682815,-0.0454216119044559,-0.0454216119044559,-0.0454216119044559,0.105318046890987
13.7692792179168,0,0.045315959795906,0,13.7692792179168,0.045315959795906,0.045315959795906,0.045315959795906,0.0576659331255503
11.7030101268542,0,0.0664031592294417,0,11.7030101268542,0.0664031592294417,0.0664031592294417,0.0664031592294417,0.0318702419669784
7.36539602284415,0,-0.0247872150245361,0,7.36539602284415,-0.0247872150245361,-0.0247872150245361,-0.0247872150245361,0.114121672795408
9.34902839864339,0,-0.0319037471830898,0,9.34902839864339,-0.0319037471830898,-0.0319037471830898,-0.0319037471830898,0.0353702402159913
12.3611575522981,0,-0.0042723235541842,0,12.3611575522981,-0.0042723235541842,-0.0042723235541842,-0.0042723235541842,0.0564107009092355
11.8155784180346,0,0.132399483418963,0,11.8155784180346,0.132399483418963,0.132399483418963,0.132399483418963,0.0684128055131695
10.8363107906744,0,-0.028098390818107,0,10.8363107906744,-0.028098390818107,-0.028098390818107,-0.028098390818107,0.071926050301895
11.7003583105711,0,-0.00186774348468509,0,11.7003583105711,-0.00186774348468509,-0.00186774348468509,-0.00186774348468509,0.00589871207554302
14.1717804897526,0,0.027255899623745,0,14.1717804897526,0.027255899623745,0.027255899623745,0.027255899623745,0.0438772018708798
10.4916049522311,0,0.0132463173032987,0,10.4916049522311,0.0132463173032987,0.0132463173032987,0.0132463173032987,0.0267192917518445
12.491172371433,0,0.00616174807970621,0,12.491172371433,0.00616174807970621,0.00616174807970621,0.00616174807970621,0.0405245193389735
22.4190143092695,0,-0.000161199703742028,0,22.4190143092695,-0.000161199703742028,-0.000161199703742028,-0.000161199703742028,0.0167230245622351
23.3384346785706,0,0.0173424537425691,0,23.3384346785706,0.0173424537425691,0.0173424537425691,0.0173424537425691,0.0189266195413323
21.0471310356801,0,0.0617673658141888,0,21.0471310356801,0.0617673658141888,0.0617673658141888,0.0617673658141888,0.047052745863464
18.868464140174,0,-0.0601138815581494,0,18.868464140174,-0.0601138815581494,-0.0601138815581494,-0.0601138815581494,0.0841243606959225
130.216227665708,0,0.0198117493038606,0,130.216227665708,0.0198117493038606,0.0198117493038606,0.0198117493038606,0.0277236387216602
9.87654480749694,0,-0.0946232449189078,0,9.87654480749694,-0.0946232449189078,-0.0946232449189078,-0.0946232449189078,0.0836731049469832
15.7641037476623,0,0.0452974152246685,0,15.7641037476623,0.0452974152246685,0.0452974152246685,0.0452974152246685,0.0222639606786319
14.6925462604222,0,-0.00458452472707301,0,14.6925462604222,-0.00458452472707301,-0.00458452472707301,-0.00458452472707301,0.0444254697733256
7.79044115240101,0,0.0350532910010923,0,7.79044115240101,0.0350532910010923,0.0350532910010923,0.0350532910010923,0.0585754206769742
11.0161041029769,0,-0.0031766917676102,0,11.0161041029769,-0.0031766917676102,-0.0031766917676102,-0.0031766917676102,0.0522005254908412
11.2420027298881,0,-0.0660500012093723,0,11.2420027298881,-0.0660500012093723,-0.0660500012093723,-0.0660500012093723,0.0384705888979592
27.9381463268887,0,-0.0196646199066465,0,27.9381463268887,-0.0196646199066465,-0.0196646199066465,-0.0196646199066465,0.0266030945529787
28.4056044215739,0,-0.0234835133541325,0,28.4056044215739,-0.0234835133541325,-0.0234835133541325,-0.0234835133541325,0.0460235649191708
9.44659083119766,0,-0.0979355343768668,0,9.44659083119766,-0.0979355343768668,-0.0979355343768668,-0.0979355343768668,0.106984919191722
10.6319539160187,0,0.00587821668928426,0,10.6319539160187,0.00587821668928426,0.00587821668928426,0.00587821668928426,0.0434639030773943
23.722803858762,0,0.00435490338959432,0,23.722803858762,0.00435490338959432,0.00435490338959432,0.00435490338959432,0.0172785731987079
NA,NA,NA,NA,NA,NA,NA,NA,NA
14.5501339822123,0,-0.0241508994853178,0,14.5501339822123,-0.0241508994853178,-0.0241508994853178,-0.0241508994853178,0.0112761190742462
5.59197431763262,0,-0.0578220526680145,0,5.59197431763262,-0.0578220526680145,-0.0578220526680145,-0.0578220526680145,0.0290843221745671
7.10118523761685,0,-0.0285278978712163,0,7.10118523761685,-0.0285278978712163,-0.0285278978712163,-0.0285278978712163,0.0595492352872805
8.39406695268219,0,0.0167837864563465,0,8.39406695268219,0.0167837864563465,0.0167837864563465,0.0167837864563465,0.0322473662392579
15.3813680380744,0,-0.0235768509494856,0,15.3813680380744,-0.0235768509494856,-0.0235768509494856,-0.0235768509494856,0.0385600790656454
10.9419857642508,0,-0.0876235523401562,0,10.9419857642508,-0.0876235523401562,-0.0876235523401562,-0.0876235523401562,0.0336377588977628
9.567453602661,0,-0.0130573193727359,0,9.567453602661,-0.0130573193727359,-0.0130573193727359,-0.0130573193727359,0.0264340771076804
9.56764954052794,0,-0.00578932875863998,0,9.56764954052794,-0.00578932875863998,-0.00578932875863998,-0.00578932875863998,0.0288617279537588
9.58796747981615,0,0.00725905880614161,0,9.58796747981615,0.00725905880614161,0.00725905880614161,0.00725905880614161,0.0422687684348916
15.1454884083029,0,0.0687427351592194,0,15.1454884083029,0.0687427351592194,0.0687427351592194,0.0687427351592194,0.0334809714396658
9.03381024943225,0,-0.0258591277728825,0,9.03381024943225,-0.0258591277728825,-0.0258591277728825,-0.0258591277728825,0.0210013285642308
16.8507399661019,0,-0.0324616177649589,0,16.8507399661019,-0.0324616177649589,-0.0324616177649589,-0.0324616177649589,0.0139871446137804
10.6567948708008,0,0.0203455428827325,0,10.6567948708008,0.0203455428827325,0.0203455428827325,0.0203455428827325,0.0367174068081082
15.83958844307,0,0.0399832495665445,0,15.83958844307,0.0399832495665445,0.0399832495665445,0.0399832495665445,0.0130470310288665
17.7014293147066,0,0.0234372077444364,0,17.7014293147066,0.0234372077444364,0.0234372077444364,0.0234372077444364,0.0323786122878216
16.016217440795,0,-0.00369944404825601,0,16.016217440795,-0.00369944404825601,-0.00369944404825601,-0.00369944404825601,0.0376637682579198
6.35958088046694,0,-0.0328185793493547,0,6.35958088046694,-0.0328185793493547,-0.0328185793493547,-0.0328185793493547,0.0520581686434144
7.84913150076159,0,0.0206892300368871,0,7.84913150076159,0.0206892300368871,0.0206892300368871,0.0206892300368871,0.0125920499284639
11.3110693140974,0,0.00982781565554414,0,11.3110693140974,0.00982781565554414,0.00982781565554414,0.00982781565554414,0.0152975413868066
19.3344521561619,0,-0.0178892890128142,0,19.3344521561619,-0.0178892890128142,-0.0178892890128142,-0.0178892890128142,0.0322365626104049
12.3671082351961,0,0.0210231372322994,0,12.3671082351961,0.0210231372322994,0.0210231372322994,0.0210231372322994,0.0160828742749283
12.3654554745313,0,-0.0686880413546458,0,12.3654554745313,-0.0686880413546458,-0.0686880413546458,-0.0686880413546458,0.0513325050706189
19.2556223171704,0,0.0285945738844167,0,19.2556223171704,0.0285945738844167,0.0285945738844167,0.0285945738844167,0.0139726523520546
34.7312424253189,0,0.00360906084633839,0,34.7312424253189,0.00360906084633839,0.00360906084633839,0.00360906084633839,0.017575833019559
54.7209102152747,0,0.0196726221291343,0,54.7209102152747,0.0196726221291343,0.0196726221291343,0.0196726221291343,0.0109274670854921
11.6997668682815,0,-0.0454216119044559,0,11.6997668682815,-0.0454216119044559,-0.0454216119044559,-0.0454216119044559,0.105318046890987
13.7692792179168,0,0.045315959795906,0,13.7692792179168,0.045315959795906,0.045315959795906,0.045315959795906,0.0576659331255503
11.7030101268542,0,0.0664031592294417,0,11.7030101268542,0.0664031592294417,0.0664031592294417,0.0664031592294417,0.0318702419669784
7.36539602284415,0,-0.0247872150245361,0,7.36539602284415,-0.0247872150245361,-0.0247872150245361,-0.0247872150245361,0.114121672795408
9.34902839864339,0,-0.0319037471830898,0,9.34902839864339,-0.0319037471830898,-0.0319037471830898,-0.0319037471830898,0.0353702402159913
12.3611575522981,0,-0.0042723235541842,0,12.3611575522981,-0.0042723235541842,-0.0042723235541842,-0.0042723235541842,0.0564107009092355
11.8155784180346,0,0.132399483418963,0,11.8155784180346,0.132399483418963,0.132399483418963,0.132399483418963,0.0684128055131695
10.8363107906744,0,-0.028098390818107,0,10.8363107906744,-0.028098390818107,-0.028098390818107,-0.028098390818107,0.071926050301895
11.7003583105711,0,-0.00186774348468509,0,11.7003583105711,-0.00186774348468509,-0.00186774348468509,-0.00186774348468509,0.00589871207554302
14.1717804897526,0,0.027255899623745,0,14.1717804897526,0.027255899623745,0.027255899623745,0.027255899623745,0.0438772018708798
10.4916049522311,0,0.0132463173032987,0,10.4916049522311,0.0132463173032987,0.0132463173032987,0.0132463173032987,0.0267192917518445
12.491172371433,0,0.00616174807970621,0,12.491172371433,0.00616174807970621,0.00616174807970621,0.00616174807970621,0.0405245193389735
22.4190143092695,0,-0.000161199703742028,0,22.4190143092695,-0.000161199703742028,-0.000161199703742028,-0.000161199703742028,0.0167230245622351
23.3384346785706,0,0.0173424537425691,0,23.3384346785706,0.0173424537425691,0.0173424537425691,0.0173424537425691,0.0189266195413323
21.0471310356801,0,0.0617673658141888,0,21.0471310356801,0.0617673658141888,0.0617673658141888,0.0617673658141888,0.047052745863464
18.868464140174,0,-0.0601138815581494,0,18.868464140174,-0.0601138815581494,-0.0601138815581494,-0.0601138815581494,0.0841243606959225
130.216227665708,0,0.0198117493038606,0,130.216227665708,0.0198117493038606,0.0198117493038606,0.0198117493038606,0.0277236387216602
9.87654480749694,0,-0.0946232449189078,0,9.87654480749694,-0.0946232449189078,-0.0946232449189078,-0.0946232449189078,0.0836731049469832
15.7641037476623,0,0.0452974152246685,0,15.7641037476623,0.0452974152246685,0.0452974152246685,0.0452974152246685,0.0222639606786319
14.6925462604222,0,-0.00458452472707301,0,14.6925462604222,-0.00458452472707301,-0.00458452472707301,-0.00458452472707301,0.0444254697733256
7.79044115240101,0,0.0350532910010923,0,7.79044115240101,0.0350532910010923,0.0350532910010923,0.0350532910010923,0.0585754206769742
11.0161041029769,0,-0.0031766917676102,0,11.0161041029769,-0.0031766917676102,-0.0031766917676102,-0.0031766917676102,0.0522005254908412
11.2420027298881,0,-0.0660500012093723,0,11.2420027298881,-0.0660500012093723,-0.0660500012093723,-0.0660500012093723,0.0384705888979592
27.9381463268887,0,-0.0196646199066465,0,27.9381463268887,-0.0196646199066465,-0.0196646199066465,-0.0196646199066465,0.0266030945529787
28.4056044215739,0,-0.0234835133541325,0,28.4056044215739,-0.0234835133541325,-0.0234835133541325,-0.0234835133541325,0.0460235649191708
9.44659083119766,0,-0.0979355343768668,0,9.44659083119766,-0.0979355343768668,-0.0979355343768668,-0.0979355343768668,0.106984919191722
10.6319539160187,0,0.00587821668928426,0,10.6319539160187,0.00587821668928426,0.00587821668928426,0.00587821668928426,0.0434639030773943
23.722803858762,0,0.00435490338959432,0,23.722803858762,0.00435490338959432,0.00435490338959432,0.00435490338959432,0.0172785731987079
NA,NA,NA,NA,NA,NA,NA,NA,NA
14.5501339822123,0,-0.0241508994853178,0,14.5501339822123,-0.0241508994853178,-0.0241508994853178,-0.0241508994853178,0.0112761190742462
5.59197431763262,0,-0.0578220526680145,0,5.59197431763262,-0.0578220526680145,-0.0578220526680145,-0.0578220526680145,0.0290843221745671
7.10118523761685,0,-0.0285278978712163,0,7.10118523761685,-0.0285278978712163,-0.0285278978712163,-0.0285278978712163,0.0595492352872805
8.39406695268219,0,0.0167837864563465,0,8.39406695268219,0.0167837864563465,0.0167837864563465,0.0167837864563465,0.0322473662392579
15.3813680380744,0,-0.0235768509494856,0,15.3813680380744,-0.0235768509494856,-0.0235768509494856,-0.0235768509494856,0.0385600790656454
10.9419857642508,0,-0.0876235523401562,0,10.9419857642508,-0.0876235523401562,-0.0876235523401562,-0.0876235523401562,0.0336377588977628
9.567453602661,0,-0.0130573193727359,0,9.567453602661,-0.0130573193727359,-0.0130573193727359,-0.0130573193727359,0.0264340771076804
9.56764954052794,0,-0.00578932875863998,0,9.56764954052794,-0.00578932875863998,-0.00578932875863998,-0.00578932875863998,0.0288617279537588
9.58796747981615,0,0.00725905880614161,0,9.58796747981615,0.00725905880614161,0.00725905880614161,0.00725905880614161,0.0422687684348916
15.1454884083029,0,0.0687427351592194,0,15.1454884083029,0.0687427351592194,0.0687427351592194,0.0687427351592194,0.0334809714396658
9.03381024943225,0,-0.0258591277728825,0,9.03381024943225,-0.0258591277728825,-0.0258591277728825,-0.0258591277728825,0.0210013285642308
16.8507399661019,0,-0.0324616177649589,0,16.8507399661019,-0.0324616177649589,-0.0324616177649589,-0.0324616177649589,0.0139871446137804
10.6567948708008,0,0.0203455428827325,0,10.6567948708008,0.0203455428827325,0.0203455428827325,0.0203455428827325,0.0367174068081082
15.83958844307,0,0.0399832495665445,0,15.83958844307,0.0399832495665445,0.0399832495665445,0.0399832495665445,0.0130470310288665
17.7014293147066,0,0.0234372077444364,0,17.7014293147066,0.0234372077444364,0.0234372077444364,0.0234372077444364,0.0323786122878216
16.016217440795,0,-0.00369944404825601,0,16.016217440795,-0.00369944404825601,-0.00369944404825601,-0.00369944404825601,0.0376637682579198
6.35958088046694,0,-0.0328185793493547,0,6.35958088046694,-0.0328185793493547,-0.0328185793493547,-0.0328185793493547,0.0520581686434144
7.84913150076159,0,0.0206892300368871,0,7.84913150076159,0.0206892300368871,0.0206892300368871,0.0206892300368871,0.0125920499284639
11.3110693140974,0,0.00982781565554414,0,11.3110693140974,0.00982781565554414,0.00982781565554414,0.00982781565554414,0.0152975413868066
19.3344521561619,0,-0.0178892890128142,0,19.3344521561619,-0.0178892890128142,-0.0178892890128142,-0.0178892890128142,0.0322365626104049
12.3671082351961,0,0.0210231372322994,0,12.3671082351961,0.0210231372322994,0.0210231372322994,0.0210231372322994,0.0160828742749283
12.3654554745313,0,-0.0686880413546458,0,12.3654554745313,-0.0686880413546458,-0.0686880413546458,-0.0686880413546458,0.0513325050706189
19.2556223171704,0,0.0285945738844167,0,19.2556223171704,0.0285945738844167,0.0285945738844167,0.0285945738844167,0.0139726523520546
34.7312424253189,0,0.00360906084633839,0,34.7312424253189,0.00360906084633839,0.00360906084633839,0.00360906084633839,0.017575833019559
54.7209102152747,0,0.0196726221291343,0,54.7209102152747,0.0196726221291343,0.0196726221291343,0.0196726221291343,0.0109274670854921
11.6997668682815,0,-0.0454216119044559,0,11.6997668682815,-0.0454216119044559,-0.0454216119044559,-0.0454216119044559,0.105318046890987
13.7692792179168,0,0.045315959795906,0,13.7692792179168,0.045315959795906,0.045315959795906,0.045315959795906,0.0576659331255503
11.7030101268542,0,0.0664031592294417,0,11.7030101268542,0.0664031592294417,0.0664031592294417,0.0664031592294417,0.0318702419669784
7.36539602284415,0,-0.0247872150245361,0,7.36539602284415,-0.0247872150245361,-0.0247872150245361,-0.0247872150245361,0.114121672795408
9.34902839864339,0,-0.0319037471830898,0,9.34902839864339,-0.0319037471830898,-0.0319037471830898,-0.0319037471830898,0.0353702402159913
12.3611575522981,0,-0.0042723235541842,0,12.3611575522981,-0.0042723235541842,-0.0042723235541842,-0.0042723235541842,0.0564107009092355
11.8155784180346,0,0.132399483418963,0,11.8155784180346,0.132399483418963,0.132399483418963,0.132399483418963,0.0684128055131695
10.8363107906744,0,-0.028098390818107,0,10.8363107906744,-0.028098390818107,-0.028098390818107,-0.028098390818107,0.071926050301895
11.7003583105711,0,-0.00186774348468509,0,11.7003583105711,-0.00186774348468509,-0.00186774348468509,-0.00186774348468509,0.00589871207554302
14.1717804897526,0,0.027255899623745,0,14.1717804897526,0.027255899623745,0.027255899623745,0.027255899623745,0.0438772018708798
10.4916049522311,0,0.0132463173032987,0,10.4916049522311,0.0132463173032987,0.0132463173032987,0.0132463173032987,0.0267192917518445
12.491172371433,0,0.00616174807970621,0,12.491172371433,0.00616174807970621,0.00616174807970621,0.00616174807970621,0.0405245193389735
22.4190143092695,0,-0.000161199703742028,0,22.4190143092695,-0.000161199703742028,-0.000161199703742028,-0.000161199703742028,0.0167230245622351
23.3384346785706,0,0.0173424537425691,0,23.3384346785706,0.0173424537425691,0.0173424537425691,0.0173424537425691,0.0189266195413323
21.0471310356801,0,0.0617673658141888,0,21.0471310356801,0.0617673658141888,0.0617673658141888,0.0617673658141888,0.047052745863464
18.868464140174,0,-0.0601138815581494,0,18.868464140174,-0.0601138815581494,-0.0601138815581494,-0.0601138815581494,0.0841243606959225
130.216227665708,0,0.0198117493038606,0,130.216227665708,0.0198117493038606,0.0198117493038606,0.0198117493038606,0.0277236387216602
9.87654480749694,0,-0.0946232449189078,0,9.87654480749694,-0.0946232449189078,-0.0946232449189078,-0.0946232449189078,0.0836731049469832
15.7641037476623,0,0.0452974152246685,0,15.7641037476623,0.0452974152246685,0.0452974152246685,0.0452974152246685,0.0222639606786319
14.6925462604222,0,-0.00458452472707301,0,14.6925462604222,-0.00458452472707301,-0.00458452472707301,-0.00458452472707301,0.0444254697733256
7.79044115240101,0,0.0350532910010923,0,7.79044115240101,0.0350532910010923,0.0350532910010923,0.0350532910010923,0.0585754206769742
11.0161041029769,0,-0.0031766917676102,0,11.0161041029769,-0.0031766917676102,-0.0031766917676102,-0.0031766917676102,0.0522005254908412
11.2420027298881,0,-0.0660500012093723,0,11.2420027298881,-0.0660500012093723,-0.0660500012093723,-0.0660500012093723,0.0384705888979592
27.9381463268887,0,-0.0196646199066465,0,27.9381463268887,-0.0196646199066465,-0.0196646199066465,-0.0196646199066465,0.0266030945529787
28.4056044215739,0,-0.0234835133541325,0,28.4056044215739,-0.0234835133541325,-0.0234835133541325,-0.0234835133541325,0.0460235649191708
9.44659083119766,0,-0.0979355343768668,0,9.44659083119766,-0.0979355343768668,-0.0979355343768668,-0.0979355343768668,0.106984919191722
10.6319539160187,0,0.00587821668928426,0,10.6319539160187,0.00587821668928426,0.00587821668928426,0.00587821668928426,0.0434639030773943
23.722803858762,0,0.00435490338959432,0,23.722803858762,0.00435490338959432,0.00435490338959432,0.00435490338959432,0.0172785731987079
NA,NA,NA,NA,NA,NA,NA,NA,NA
14.5501339822123,0,-0.0241508994853178,0,14.5501339822123,-0.0241508994853178,-0.0241508994853178,-0.0241508994853178,0.0112761190742462
5.59197431763262,0,-0.0578220526680145,0,5.59197431763262,-0.0578220526680145,-0.0578220526680145,-0.0578220526680145,0.0290843221745671
7.10118523761685,0,-0.0285278978712163,0,7.10118523761685,-0.0285278978712163,-0.0285278978712163,-0.0285278978712163,0.0595492352872805
8.39406695268219,0,0.0167837864563465,0,8.39406695268219,0.0167837864563465,0.0167837864563465,0.0167837864563465,0.0322473662392579
15.3813680380744,0,-0.0235768509494856,0,15.3813680380744,-0.0235768509494856,-0.0235768509494856,-0.0235768509494856,0.0385600790656454
10.9419857642508,0,-0.0876235523401562,0,10.9419857642508,-0.0876235523401562,-0.0876235523401562,-0.0876235523401562,0.0336377588977628
9.567453602661,0,-0.0130573193727359,0,9.567453602661,-0.0130573193727359,-0.0130573193727359,-0.0130573193727359,0.0264340771076804
9.56764954052794,0,-0.00578932875863998,0,9.56764954052794,-0.00578932875863998,-0.00578932875863998,-0.00578932875863998,0.0288617279537588
9.58796747981615,0,0.00725905880614161,0,9.58796747981615,0.00725905880614161,0.00725905880614161,0.00725905880614161,0.0422687684348916
15.1454884083029,0,0.0687427351592194,0,15.1454884083029,0.0687427351592194,0.0687427351592194,0.0687427351592194,0.0334809714396658
9.03381024943225,0,-0.0258591277728825,0,9.03381024943225,-0.0258591277728825,-0.0258591277728825,-0.0258591277728825,0.0210013285642308
16.8507399661019,0,-0.0324616177649589,0,16.8507399661019,-0.0324616177649589,-0.0324616177649589,-0.0324616177649589,0.0139871446137804
10.6567948708008,0,0.0203455428827325,0,10.6567948708008,0.0203455428827325,0.0203455428827325,0.0203455428827325,0.0367174068081082
15.83958844307,0,0.0399832495665445,0,15.83958844307,0.0399832495665445,0.0399832495665445,0.0399832495665445,0.0130470310288665
17.7014293147066,0,0.0234372077444364,0,17.7014293147066,0.0234372077444364,0.0234372077444364,0.0234372077444364,0.0323786122878216
16.016217440795,0,-0.00369944404825601,0,16.016217440795,-0.00369944404825601,-0.00369944404825601,-0.00369944404825601,0.0376637682579198
6.35958088046694,0,-0.0328185793493547,0,6.35958088046694,-0.0328185793493547,-0.0328185793493547,-0.0328185793493547,0.0520581686434144
7.84913150076159,0,0.0206892300368871,0,7.84913150076159,0.0206892300368871,0.0206892300368871,0.0206892300368871,0.0125920499284639
11.3110693140974,0,0.00982781565554414,0,11.3110693140974,0.00982781565554414,0.00982781565554414,0.00982781565554414,0.0152975413868066
19.3344521561619,0,-0.0178892890128142,0,19.3344521561619,-0.0178892890128142,-0.0178892890128142,-0.0178892890128142,0.0322365626104049
12.3671082351961,0,0.0210231372322994,0,12.3671082351961,0.0210231372322994,0.0210231372322994,0.0210231372322994,0.0160828742749283
12.3654554745313,0,-0.0686880413546458,0,12.3654554745313,-0.0686880413546458,-0.0686880413546458,-0.0686880413546458,0.0513325050706189
19.2556223171704,0,0.0285945738844167,0,19.2556223171704,0.0285945738844167,0.0285945738844167,0.0285945738844167,0.0139726523520546
34.7312424253189,0,0.00360906084633839,0,34.7312424253189,0.00360906084633839,0.00360906084633839,0.00360906084633839,0.017575833019559
54.7209102152747,0,0.0196726221291343,0,54.7209102152747,0.0196726221291343,0.0196726221291343,0.0196726221291343,0.0109274670854921
11.6997668682815,0,-0.0454216119044559,0,11.6997668682815,-0.0454216119044559,-0.0454216119044559,-0.0454216119044559,0.105318046890987
13.7692792179168,0,0.045315959795906,0,13.7692792179168,0.045315959795906,0.045315959795906,0.045315959795906,0.0576659331255503
11.7030101268542,0,0.0664031592294417,0,11.7030101268542,0.0664031592294417,0.0664031592294417,0.0664031592294417,0.0318702419669784
7.36539602284415,0,-0.0247872150245361,0,7.36539602284415,-0.0247872150245361,-0.0247872150245361,-0.0247872150245361,0.114121672795408
9.34902839864339,0,-0.0319037471830898,0,9.34902839864339,-0.0319037471830898,-0.0319037471830898,-0.0319037471830898,0.0353702402159913
12.3611575522981,0,-0.0042723235541842,0,12.3611575522981,-0.0042723235541842,-0.0042723235541842,-0.0042723235541842,0.0564107009092355
11.8155784180346,0,0.132399483418963,0,11.8155784180346,0.132399483418963,0.132399483418963,0.132399483418963,0.0684128055131695
10.8363107906744,0,-0.028098390818107,0,10.8363107906744,-0.028098390818107,-0.028098390818107,-0.028098390818107,0.071926050301895
11.7003583105711,0,-0.00186774348468509,0,11.7003583105711,-0.00186774348468509,-0.00186774348468509,-0.00186774348468509,0.00589871207554302
14.1717804897526,0,0.027255899623745,0,14.1717804897526,0.027255899623745,0.027255899623745,0.027255899623745,0.0438772018708798
10.4916049522311,0,0.0132463173032987,0,10.4916049522311,0.0132463173032987,0.0132463173032987,0.0132463173032987,0.0267192917518445
12.491172371433,0,0.00616174807970621,0,12.491172371433,0.00616174807970621,0.00616174807970621,0.00616174807970621,0.0405245193389735
22.4190143092695,0,-0.000161199703742028,0,22.4190143092695,-0.000161199703742028,-0.000161199703742028,-0.000161199703742028,0.0167230245622351
23.3384346785706,0,0.0173424537425691,0,23.3384346785706,0.0173424537425691,0.0173424537425691,0.0173424537425691,0.0189266195413323
21.0471310356801,0,0.0617673658141888,0,21.0471310356801,0.0617673658141888,0.0617673658141888,0.0617673658141888,0.047052745863464
18.868464140174,0,-0.0601138815581494,0,18.868464140174,-0.0601138815581494,-0.0601138815581494,-0.0601138815581494,0.0841243606959225
130.216227665708,0,0.0198117493038606,0,130.216227665708,0.0198117493038606,0.0198117493038606,0.0198117493038606,0.0277236387216602
9.87654480749694,0,-0.0946232449189078,0,9.87654480749694,-0.0946232449189078,-0.0946232449189078,-0.0946232449189078,0.0836731049469832
15.7641037476623,0,0.0452974152246685,0,15.7641037476623,0.0452974152246685,0.0452974152246685,0.0452974152246685,0.0222639606786319
14.6925462604222,0,-0.00458452472707301,0,14.6925462604222,-0.00458452472707301,-0.00458452472707301,-0.00458452472707301,0.0444254697733256
7.79044115240101,0,0.0350532910010923,0,7.79044115240101,0.0350532910010923,0.0350532910010923,0.0350532910010923,0.0585754206769742
11.0161041029769,0,-0.0031766917676102,0,11.0161041029769,-0.0031766917676102,-0.0031766917676102,-0.0031766917676102,0.0522005254908412
11.2420027298881,0,-0.0660500012093723,0,11.2420027298881,-0.0660500012093723,-0.0660500012093723,-0.0660500012093723,0.0384705888979592
27.9381463268887,0,-0.0196646199066465,0,27.9381463268887,-0.0196646199066465,-0.0196646199066465,-0.0196646199066465,0.0266030945529787
28.4056044215739,0,-0.0234835133541325,0,28.4056044215739,-0.0234835133541325,-0.0234835133541325,-0.0234835133541325,0.0460235649191708
9.44659083119766,0,-0.0979355343768668,0,9.44659083119766,-0.0979355343768668,-0.0979355343768668,-0.0979355343768668,0.106984919191722
10.6319539160187,0,0.00587821668928426,0,10.6319539160187,0.00587821668928426,0.00587821668928426,0.00587821668928426,0.0434639030773943
23.722803858762,0,0.00435490338959432,0,23.722803858762,0.00435490338959432,0.00435490338959432,0.00435490338959432,0.0172785731987079
NA,NA,NA,NA,NA,NA,NA,NA,NA
14.5501339822123,0,-0.0241508994853178,0,14.5501339822123,-0.0241508994853178,-0.0241508994853178,-0.0241508994853178,0.0112761190742462
5.59197431763262,0,-0.0578220526680145,0,5.59197431763262,-0.0578220526680145,-0.0578220526680145,-0.0578220526680145,0.0290843221745671
7.10118523761685,0,-0.0285278978712163,0,7.10118523761685,-0.0285278978712163,-0.0285278978712163,-0.0285278978712163,0.0595492352872805
8.39406695268219,0,0.0167837864563465,0,8.39406695268219,0.0167837864563465,0.0167837864563465,0.0167837864563465,0.0322473662392579
15.3813680380744,0,-0.0235768509494856,0,15.3813680380744,-0.0235768509494856,-0.0235768509494856,-0.0235768509494856,0.0385600790656454
10.9419857642508,0,-0.0876235523401562,0,10.9419857642508,-0.0876235523401562,-0.0876235523401562,-0.0876235523401562,0.0336377588977628
9.567453602661,0,-0.0130573193727359,0,9.567453602661,-0.0130573193727359,-0.0130573193727359,-0.0130573193727359,0.0264340771076804
9.56764954052794,0,-0.00578932875863998,0,9.56764954052794,-0.00578932875863998,-0.00578932875863998,-0.00578932875863998,0.0288617279537588
9.58796747981615,0,0.00725905880614161,0,9.58796747981615,0.00725905880614161,0.00725905880614161,0.00725905880614161,0.0422687684348916
15.1454884083029,0,0.0687427351592194,0,15.1454884083029,0.0687427351592194,0.0687427351592194,0.0687427351592194,0.0334809714396658
9.03381024943225,0,-0.0258591277728825,0,9.03381024943225,-0.0258591277728825,-0.0258591277728825,-0.0258591277728825,0.0210013285642308
16.8507399661019,0,-0.0324616177649589,0,16.8507399661019,-0.0324616177649589,-0.0324616177649589,-0.0324616177649589,0.0139871446137804
10.6567948708008,0,0.0203455428827325,0,10.6567948708008,0.0203455428827325,0.0203455428827325,0.0203455428827325,0.0367174068081082
15.83958844307,0,0.0399832495665445,0,15.83958844307,0.0399832495665445,0.0399832495665445,0.0399832495665445,0.0130470310288665
17.7014293147066,0,0.0234372077444364,0,17.7014293147066,0.0234372077444364,0.0234372077444364,0.0234372077444364,0.0323786122878216
16.016217440795,0,-0.00369944404825601,0,16.016217440795,-0.00369944404825601,-0.00369944404825601,-0.00369944404825601,0.0376637682579198
6.35958088046694,0,-0.0328185793493547,0,6.35958088046694,-0.0328185793493547,-0.0328185793493547,-0.0328185793493547,0.0520581686434144
7.84913150076159,0,0.0206892300368871,0,7.84913150076159,0.0206892300368871,0.0206892300368871,0.0206892300368871,0.0125920499284639
11.3110693140974,0,0.00982781565554414,0,11.3110693140974,0.00982781565554414,0.00982781565554414,0.00982781565554414,0.0152975413868066
19.3344521561619,0,-0.0178892890128142,0,19.3344521561619,-0.0178892890128142,-0.0178892890128142,-0.0178892890128142,0.0322365626104049
12.3671082351961,0,0.0210231372322994,0,12.3671082351961,0.0210231372322994,0.0210231372322994,0.0210231372322994,0.0160828742749283
12.3654554745313,0,-0.0686880413546458,0,12.3654554745313,-0.0686880413546458,-0.0686880413546458,-0.0686880413546458,0.0513325050706189
19.2556223171704,0,0.0285945738844167,0,19.2556223171704,0.0285945738844167,0.0285945738844167,0.0285945738844167,0.0139726523520546
34.7312424253189,0,0.00360906084633839,0,34.7312424253189,0.00360906084633839,0.00360906084633839,0.00360906084633839,0.017575833019559
54.7209102152747,0,0.0196726221291343,0,54.7209102152747,0.0196726221291343,0.0196726221291343,0.0196726221291343,0.0109274670854921
11.6997668682815,0,-0.0454216119044559,0,11.6997668682815,-0.0454216119044559,-0.0454216119044559,-0.0454216119044559,0.105318046890987
13.7692792179168,0,0.045315959795906,0,13.7692792179168,0.045315959795906,0.045315959795906,0.045315959795906,0.0576659331255503
11.7030101268542,0,0.0664031592294417,0,11.7030101268542,0.0664031592294417,0.0664031592294417,0.0664031592294417,0.0318702419669784
7.36539602284415,0,-0.0247872150245361,0,7.36539602284415,-0.0247872150245361,-0.0247872150245361,-0.0247872150245361,0.114121672795408
9.34902839864339,0,-0.0319037471830898,0,9.34902839864339,-0.0319037471830898,-0.0319037471830898,-0.0319037471830898,0.0353702402159913
12.3611575522981,0,-0.0042723235541842,0,12.3611575522981,-0.0042723235541842,-0.0042723235541842,-0.0042723235541842,0.0564107009092355
11.8155784180346,0,0.132399483418963,0,11.8155784180346,0.132399483418963,0.132399483418963,0.132399483418963,0.0684128055131695
10.8363107906744,0,-0.028098390818107,0,10.8363107906744,-0.028098390818107,-0.028098390818107,-0.028098390818107,0.071926050301895
11.7003583105711,0,-0.00186774348468509,0,11.7003583105711,-0.00186774348468509,-0.00186774348468509,-0.00186774348468509,0.00589871207554302
14.1717804897526,0,0.027255899623745,0,14.1717804897526,0.027255899623745,0.027255899623745,0.027255899623745,0.0438772018708798
10.4916049522311,0,0.0132463173032987,0,10.4916049522311,0.0132463173032987,0.0132463173032987,0.0132463173032987,0.0267192917518445
12.491172371433,0,0.00616174807970621,0,12.491172371433,0.00616174807970621,0.00616174807970621,0.00616174807970621,0.0405245193389735
22.4190143092695,0,-0.000161199703742028,0,22.4190143092695,-0.000161199703742028,-0.000161199703742028,-0.000161199703742028,0.0167230245622351
23.3384346785706,0,0.0173424537425691,0,23.3384346785706,0.0173424537425691,0.0173424537425691,0.0173424537425691,0.0189266195413323
21.0471310356801,0,0.0617673658141888,0,21.0471310356801,0.0617673658141888,0.0617673658141888,0.0617673658141888,0.047052745863464
18.868464140174,0,-0.0601138815581494,0,18.868464140174,-0.0601138815581494,-0.0601138815581494,-0.0601138815581494,0.0841243606959225
130.216227665708,0,0.0198117493038606,0,130.216227665708,0.0198117493038606,0.0198117493038606,0.0198117493038606,0.0277236387216602
9.87654480749694,0,-0.0946232449189078,0,9.87654480749694,-0.0946232449189078,-0.0946232449189078,-0.0946232449189078,0.0836731049469832
15.7641037476623,0,0.0452974152246685,0,15.7641037476623,0.0452974152246685,0.0452974152246685,0.0452974152246685,0.0222639606786319
14.6925462604222,0,-0.00458452472707301,0,14.6925462604222,-0.00458452472707301,-0.00458452472707301,-0.00458452472707301,0.0444254697733256
7.79044115240101,0,0.0350532910010923,0,7.79044115240101,0.0350532910010923,0.0350532910010923,0.0350532910010923,0.0585754206769742
11.0161041029769,0,-0.0031766917676102,0,11.0161041029769,-0.0031766917676102,-0.0031766917676102,-0.0031766917676102,0.0522005254908412
11.2420027298881,0,-0.0660500012093723,0,11.2420027298881,-0.0660500012093723,-0.0660500012093723,-0.0660500012093723,0.0384705888979592
27.9381463268887,0,-0.0196646199066465,0,27.9381463268887,-0.0196646199066465,-0.0196646199066465,-0.0196646199066465,0.0266030945529787
28.4056044215739,0,-0.0234835133541325,0,28.4056044215739,-0.0234835133541325,-0.0234835133541325,-0.0234835133541325,0.0460235649191708
9.44659083119766,0,-0.0979355343768668,0,9.44659083119766,-0.0979355343768668,-0.0979355343768668,-0.0979355343768668,0.106984919191722
10.6319539160187,0,0.00587821668928426,0,10.6319539160187,0.00587821668928426,0.00587821668928426,0.00587821668928426,0.0434639030773943
23.722803858762,0,0.00435490338959432,0,23.722803858762,0.00435490338959432,0.00435490338959432,0.00435490338959432,0.0172785731987079
NA,NA,NA,NA,NA,NA,NA,NA,NA
14.5501339822123,0,-0.0241508994853178,0,14.5501339822123,-0.0241508994853178,-0.0241508994853178,-0.0241508994853178,0.0112761190742462
5.59197431763262,0,-0.0578220526680145,0,5.59197431763262,-0.0578220526680145,-0.0578220526680145,-0.0578220526680145,0.0290843221745671
7.10118523761685,0,-0.0285278978712163,0,7.10118523761685,-0.0285278978712163,-0.0285278978712163,-0.0285278978712163,0.0595492352872805
8.39406695268219,0,0.0167837864563465,0,8.39406695268219,0.0167837864563465,0.0167837864563465,0.0167837864563465,0.0322473662392579
15.3813680380744,0,-0.0235768509494856,0,15.3813680380744,-0.0235768509494856,-0.0235768509494856,-0.0235768509494856,0.0385600790656454
10.9419857642508,0,-0.0876235523401562,0,10.9419857642508,-0.0876235523401562,-0.0876235523401562,-0.0876235523401562,0.0336377588977628
9.567453602661,0,-0.0130573193727359,0,9.567453602661,-0.0130573193727359,-0.0130573193727359,-0.0130573193727359,0.0264340771076804
9.56764954052794,0,-0.00578932875863998,0,9.56764954052794,-0.00578932875863998,-0.00578932875863998,-0.00578932875863998,0.0288617279537588
9.58796747981615,0,0.00725905880614161,0,9.58796747981615,0.00725905880614161,0.00725905880614161,0.00725905880614161,0.0422687684348916
15.1454884083029,0,0.0687427351592194,0,15.1454884083029,0.0687427351592194,0.0687427351592194,0.0687427351592194,0.0334809714396658
9.03381024943225,0,-0.0258591277728825,0,9.03381024943225,-0.0258591277728825,-0.0258591277728825,-0.0258591277728825,0.0210013285642308
16.8507399661019,0,-0.0324616177649589,0,16.8507399661019,-0.0324616177649589,-0.0324616177649589,-0.0324616177649589,0.0139871446137804
10.6567948708008,0,0.0203455428827325,0,10.6567948708008,0.0203455428827325,0.0203455428827325,0.0203455428827325,0.0367174068081082
15.83958844307,0,0.0399832495665445,0,15.83958844307,0.0399832495665445,0.0399832495665445,0.0399832495665445,0.0130470310288665
17.7014293147066,0,0.0234372077444364,0,17.7014293147066,0.0234372077444364,0.0234372077444364,0.0234372077444364,0.0323786122878216
16.016217440795,0,-0.00369944404825601,0,16.016217440795,-0.00369944404825601,-0.00369944404825601,-0.00369944404825601,0.0376637682579198
6.35958088046694,0,-0.0328185793493547,0,6.35958088046694,-0.0328185793493547,-0.0328185793493547,-0.0328185793493547,0.0520581686434144
7.84913150076159,0,0.0206892300368871,0,7.84913150076159,0.0206892300368871,0.0206892300368871,0.0206892300368871,0.0125920499284639
11.3110693140974,0,0.00982781565554414,0,11.3110693140974,0.00982781565554414,0.00982781565554414,0.00982781565554414,0.0152975413868066
19.3344521561619,0,-0.0178892890128142,0,19.3344521561619,-0.0178892890128142,-0.0178892890128142,-0.0178892890128142,0.0322365626104049
12.3671082351961,0,0.0210231372322994,0,12.3671082351961,0.0210231372322994,0.0210231372322994,0.0210231372322994,0.0160828742749283
12.3654554745313,0,-0.0686880413546458,0,12.3654554745313,-0.0686880413546458,-0.0686880413546458,-0.0686880413546458,0.0513325050706189
19.2556223171704,0,0.0285945738844167,0,19.2556223171704,0.0285945738844167,0.0285945738844167,0.0285945738844167,0.0139726523520546
34.7312424253189,0,0.00360906084633839,0,34.7312424253189,0.00360906084633839,0.00360906084633839,0.00360906084633839,0.017575833019559
54.7209102152747,0,0.0196726221291343,0,54.7209102152747,0.0196726221291343,0.0196726221291343,0.0196726221291343,0.0109274670854921
11.6997668682815,0,-0.0454216119044559,0,11.6997668682815,-0.0454216119044559,-0.0454216119044559,-0.0454216119044559,0.105318046890987
13.7692792179168,0,0.045315959795906,0,13.7692792179168,0.045315959795906,0.045315959795906,0.045315959795906,0.0576659331255503
11.7030101268542,0,0.0664031592294417,0,11.7030101268542,0.0664031592294417,0.0664031592294417,0.0664031592294417,0.0318702419669784
7.36539602284415,0,-0.0247872150245361,0,7.36539602284415,-0.0247872150245361,-0.0247872150245361,-0.0247872150245361,0.114121672795408
9.34902839864339,0,-0.0319037471830898,0,9.34902839864339,-0.0319037471830898,-0.0319037471830898,-0.0319037471830898,0.0353702402159913
12.3611575522981,0,-0.0042723235541842,0,12.3611575522981,-0.0042723235541842,-0.0042723235541842,-0.0042723235541842,0.0564107009092355
11.8155784180346,0,0.132399483418963,0,11.8155784180346,0.132399483418963,0.132399483418963,0.132399483418963,0.0684128055131695
10.8363107906744,0,-0.028098390818107,0,10.8363107906744,-0.028098390818107,-0.028098390818107,-0.028098390818107,0.071926050301895
11.7003583105711,0,-0.00186774348468509,0,11.7003583105711,-0.00186774348468509,-0.00186774348468509,-0.00186774348468509,0.00589871207554302
14.1717804897526,0,0.027255899623745,0,14.1717804897526,0.027255899623745,0.027255899623745,0.027255899623745,0.0438772018708798
10.4916049522311,0,0.0132463173032987,0,10.4916049522311,0.0132463173032987,0.0132463173032987,0.0132463173032987,0.0267192917518445
12.491172371433,0,0.00616174807970621,0,12.491172371433,0.00616174807970621,0.00616174807970621,0.00616174807970621,0.0405245193389735
22.4190143092695,0,-0.000161199703742028,0,22.4190143092695,-0.000161199703742028,-0.000161199703742028,-0.000161199703742028,0.0167230245622351
23.3384346785706,0,0.0173424537425691,0,23.3384346785706,0.0173424537425691,0.0173424537425691,0.0173424537425691,0.0189266195413323
21.0471310356801,0,0.0617673658141888,0,21.0471310356801,0.0617673658141888,0.0617673658141888,0.0617673658141888,0.047052745863464
18.868464140174,0,-0.0601138815581494,0,18.868464140174,-0.0601138815581494,-0.0601138815581494,-0.0601138815581494,0.0841243606959225
130.216227665708,0,0.0198117493038606,0,130.216227665708,0.0198117493038606,0.0198117493038606,0.0198117493038606,0.0277236387216602
9.87654480749694,0,-0.0946232449189078,0,9.87654480749694,-0.0946232449189078,-0.0946232449189078,-0.0946232449189078,0.0836731049469832
15.7641037476623,0,0.0452974152246685,0,15.7641037476623,0.0452974152246685,0.0452974152246685,0.0452974152246685,0.0222639606786319
14.6925462604222,0,-0.00458452472707301,0,14.6925462604222,-0.00458452472707301,-0.00458452472707301,-0.00458452472707301,0.0444254697733256
7.79044115240101,0,0.0350532910010923,0,7.79044115240101,0.0350532910010923,0.0350532910010923,0.0350532910010923,0.0585754206769742
11.0161041029769,0,-0.0031766917676102,0,11.0161041029769,-0.0031766917676102,-0.0031766917676102,-0.0031766917676102,0.0522005254908412
11.2420027298881,0,-0.0660500012093723,0,11.2420027298881,-0.0660500012093723,-0.0660500012093723,-0.0660500012093723,0.0384705888979592
27.9381463268887,0,-0.0196646199066465,0,27.9381463268887,-0.0196646199066465,-0.0196646199066465,-0.0196646199066465,0.0266030945529787
28.4056044215739,0,-0.0234835133541325,0,28.4056044215739,-0.0234835133541325,-0.0234835133541325,-0.0234835133541325,0.0460235649191708
9.44659083119766,0,-0.0979355343768668,0,9.44659083119766,-0.0979355343768668,-0.0979355343768668,-0.0979355343768668,0.106984919191722
10.6319539160187,0,0.00587821668928426,0,10.6319539160187,0.00587821668928426,0.00587821668928426,0.00587821668928426,0.0434639030773943
23.722803858762,0,0.00435490338959432,0,23.722803858762,0.00435490338959432,0.00435490338959432,0.00435490338959432,0.0172785731987079
NA,NA,NA,NA,NA,NA,NA,NA,NA
14.5501339822123,0,-0.0241508994853178,0,14.5501339822123,-0.0241508994853178,-0.0241508994853178,-0.0241508994853178,0.0112761190742462
5.59197431763262,0,-0.0578220526680145,0,5.59197431763262,-0.0578220526680145,-0.0578220526680145,-0.0578220526680145,0.0290843221745671
7.10118523761685,0,-0.0285278978712163,0,7.10118523761685,-0.0285278978712163,-0.0285278978712163,-0.0285278978712163,0.0595492352872805
8.39406695268219,0,0.0167837864563465,0,8.39406695268219,0.0167837864563465,0.0167837864563465,0.0167837864563465,0.0322473662392579
15.3813680380744,0,-0.0235768509494856,0,15.3813680380744,-0.0235768509494856,-0.0235768509494856,-0.0235768509494856,0.0385600790656454
10.9419857642508,0,-0.0876235523401562,0,10.9419857642508,-0.0876235523401562,-0.0876235523401562,-0.0876235523401562,0.0336377588977628
9.567453602661,0,-0.0130573193727359,0,9.567453602661,-0.0130573193727359,-0.0130573193727359,-0.0130573193727359,0.0264340771076804
9.56764954052794,0,-0.00578932875863998,0,9.56764954052794,-0.00578932875863998,-0.00578932875863998,-0.00578932875863998,0.0288617279537588
9.58796747981615,0,0.00725905880614161,0,9.58796747981615,0.00725905880614161,0.00725905880614161,0.00725905880614161,0.0422687684348916
15.1454884083029,0,0.0687427351592194,0,15.1454884083029,0.0687427351592194,0.0687427351592194,0.0687427351592194,0.0334809714396658
9.03381024943225,0,-0.0258591277728825,0,9.03381024943225,-0.0258591277728825,-0.0258591277728825,-0.0258591277728825,0.0210013285642308
16.8507399661019,0,-0.0324616177649589,0,16.8507399661019,-0.0324616177649589,-0.0324616177649589,-0.0324616177649589,0.0139871446137804
10.6567948708008,0,0.0203455428827325,0,10.6567948708008,0.0203455428827325,0.0203455428827325,0.0203455428827325,0.0367174068081082
15.83958844307,0,0.0399832495665445,0,15.83958844307,0.0399832495665445,0.0399832495665445,0.0399832495665445,0.0130470310288665
17.7014293147066,0,0.0234372077444364,0,17.7014293147066,0.0234372077444364,0.0234372077444364,0.0234372077444364,0.0323786122878216
16.016217440795,0,-0.00369944404825601,0,16.016217440795,-0.00369944404825601,-0.00369944404825601,-0.00369944404825601,0.0376637682579198
6.35958088046694,0,-0.0328185793493547,0,6.35958088046694,-0.0328185793493547,-0.0328185793493547,-0.0328185793493547,0.0520581686434144
7.84913150076159,0,0.0206892300368871,0,7.84913150076159,0.0206892300368871,0.0206892300368871,0.0206892300368871,0.0125920499284639
11.3110693140974,0,0.00982781565554414,0,11.3110693140974,0.00982781565554414,0.00982781565554414,0.00982781565554414,0.0152975413868066
19.3344521561619,0,-0.0178892890128142,0,19.3344521561619,-0.0178892890128142,-0.0178892890128142,-0.0178892890128142,0.0322365626104049
12.3671082351961,0,0.0210231372322994,0,12.3671082351961,0.0210231372322994,0.0210231372322994,0.0210231372322994,0.0160828742749283
12.3654554745313,0,-0.0686880413546458,0,12.3654554745313,-0.0686880413546458,-0.0686880413546458,-0.0686880413546458,0.0513325050706189
19.2556223171704,0,0.0285945738844167,0,19.2556223171704,0.0285945738844167,0.0285945738844167,0.0285945738844167,0.0139726523520546
34.7312424253189,0,0.00360906084633839,0,34.7312424253189,0.00360906084633839,0.00360906084633839,0.00360906084633839,0.017575833019559
54.7209102152747,0,0.0196726221291343,0,54.7209102152747,0.0196726221291343,0.0196726221291343,0.0196726221291343,0.0109274670854921
11.6997668682815,0,-0.0454216119044559,0,11.6997668682815,-0.0454216119044559,-0.0454216119044559,-0.0454216119044559,0.105318046890987
13.7692792179168,0,0.045315959795906,0,13.7692792179168,0.045315959795906,0.045315959795906,0.045315959795906,0.0576659331255503
11.7030101268542,0,0.0664031592294417,0,11.7030101268542,0.0664031592294417,0.0664031592294417,0.0664031592294417,0.0318702419669784
7.36539602284415,0,-0.0247872150245361,0,7.36539602284415,-0.0247872150245361,-0.0247872150245361,-0.0247872150245361,0.114121672795408
9.34902839864339,0,-0.0319037471830898,0,9.34902839864339,-0.0319037471830898,-0.0319037471830898,-0.0319037471830898,0.0353702402159913
12.3611575522981,0,-0.0042723235541842,0,12.3611575522981,-0.0042723235541842,-0.0042723235541842,-0.0042723235541842,0.0564107009092355
11.8155784180346,0,0.132399483418963,0,11.8155784180346,0.132399483418963,0.132399483418963,0.132399483418963,0.0684128055131695
10.8363107906744,0,-0.028098390818107,0,10.8363107906744,-0.028098390818107,-0.028098390818107,-0.028098390818107,0.071926050301895
11.7003583105711,0,-0.00186774348468509,0,11.7003583105711,-0.00186774348468509,-0.00186774348468509,-0.00186774348468509,0.00589871207554302
14.1717804897526,0,0.027255899623745,0,14.1717804897526,0.027255899623745,0.027255899623745,0.027255899623745,0.0438772018708798
10.4916049522311,0,0.0132463173032987,0,10.4916049522311,0.0132463173032987,0.0132463173032987,0.0132463173032987,0.0267192917518445
12.491172371433,0,0.00616174807970621,0,12.491172371433,0.00616174807970621,0.00616174807970621,0.00616174807970621,0.0405245193389735
22.4190143092695,0,-0.000161199703742028,0,22.4190143092695,-0.000161199703742028,-0.000161199703742028,-0.000161199703742028,0.0167230245622351
23.3384346785706,0,0.0173424537425691,0,23.3384346785706,0.0173424537425691,0.0173424537425691,0.0173424537425691,0.0189266195413323
21.0471310356801,0,0.0617673658141888,0,21.0471310356801,0.0617673658141888,0.0617673658141888,0.0617673658141888,0.047052745863464
18.868464140174,0,-0.0601138815581494,0,18.868464140174,-0.0601138815581494,-0.0601138815581494,-0.0601138815581494,0.0841243606959225
130.216227665708,0,0.0198117493038606,0,130.216227665708,0.0198117493038606,0.0198117493038606,0.0198117493038606,0.0277236387216602
9.87654480749694,0,-0.0946232449189078,0,9.87654480749694,-0.0946232449189078,-0.0946232449189078,-0.0946232449189078,0.0836731049469832
15.7641037476623,0,0.0452974152246685,0,15.7641037476623,0.0452974152246685,0.0452974152246685,0.0452974152246685,0.0222639606786319
14.6925462604222,0,-0.00458452472707301,0,14.6925462604222,-0.00458452472707301,-0.00458452472707301,-0.00458452472707301,0.0444254697733256
7.79044115240101,0,0.0350532910010923,0,7.79044115240101,0.0350532910010923,0.0350532910010923,0.0350532910010923,0.0585754206769742
11.0161041029769,0,-0.0031766917676102,0,11.0161041029769,-0.0031766917676102,-0.0031766917676102,-0.0031766917676102,0.0522005254908412
11.2420027298881,0,-0.0660500012093723,0,11.2420027298881,-0.0660500012093723,-0.0660500012093723,-0.0660500012093723,0.0384705888979592
27.9381463268887,0,-0.0196646199066465,0,27.9381463268887,-0.0196646199066465,-0.0196646199066465,-0.0196646199066465,0.0266030945529787
28.4056044215739,0,-0.0234835133541325,0,28.4056044215739,-0.0234835133541325,-0.0234835133541325,-0.0234835133541325,0.0460235649191708
9.44659083119766,0,-0.0979355343768668,0,9.44659083119766,-0.0979355343768668,-0.0979355343768668,-0.0979355343768668,0.106984919191722
10.6319539160187,0,0.00587821668928426,0,10.6319539160187,0.00587821668928426,0.00587821668928426,0.00587821668928426,0.0434639030773943
23.722803858762,0,0.00435490338959432,0,23.722803858762,0.00435490338959432,0.00435490338959432,0.00435490338959432,0.0172785731987079
NA,NA,NA,NA,NA,NA,NA,NA,NA
14.5501339822123,0,-0.0241508994853178,0,14.5501339822123,-0.0241508994853178,-0.0241508994853178,-0.0241508994853178,0.0112761190742462
5.59197431763262,0,-0.0578220526680145,0,5.59197431763262,-0.0578220526680145,-0.0578220526680145,-0.0578220526680145,0.0290843221745671
7.10118523761685,0,-0.0285278978712163,0,7.10118523761685,-0.0285278978712163,-0.0285278978712163,-0.0285278978712163,0.0595492352872805
8.39406695268219,0,0.0167837864563465,0,8.39406695268219,0.0167837864563465,0.0167837864563465,0.0167837864563465,0.0322473662392579
15.3813680380744,0,-0.0235768509494856,0,15.3813680380744,-0.0235768509494856,-0.0235768509494856,-0.0235768509494856,0.0385600790656454
10.9419857642508,0,-0.0876235523401562,0,10.9419857642508,-0.0876235523401562,-0.0876235523401562,-0.0876235523401562,0.0336377588977628
9.567453602661,0,-0.0130573193727359,0,9.567453602661,-0.0130573193727359,-0.0130573193727359,-0.0130573193727359,0.0264340771076804
9.56764954052794,0,-0.00578932875863998,0,9.56764954052794,-0.00578932875863998,-0.00578932875863998,-0.00578932875863998,0.0288617279537588
9.58796747981615,0,0.00725905880614161,0,9.58796747981615,0.00725905880614161,0.00725905880614161,0.00725905880614161,0.0422687684348916
15.1454884083029,0,0.0687427351592194,0,15.1454884083029,0.0687427351592194,0.0687427351592194,0.0687427351592194,0.0334809714396658
9.03381024943225,0,-0.0258591277728825,0,9.03381024943225,-0.0258591277728825,-0.0258591277728825,-0.0258591277728825,0.0210013285642308
16.8507399661019,0,-0.0324616177649589,0,16.8507399661019,-0.0324616177649589,-0.0324616177649589,-0.0324616177649589,0.0139871446137804
10.6567948708008,0,0.0203455428827325,0,10.6567948708008,0.0203455428827325,0.0203455428827325,0.0203455428827325,0.0367174068081082
15.83958844307,0,0.0399832495665445,0,15.83958844307,0.0399832495665445,0.0399832495665445,0.0399832495665445,0.0130470310288665
17.7014293147066,0,0.0234372077444364,0,17.7014293147066,0.0234372077444364,0.0234372077444364,0.0234372077444364,0.0323786122878216
16.016217440795,0,-0.00369944404825601,0,16.016217440795,-0.00369944404825601,-0.00369944404825601,-0.00369944404825601,0.0376637682579198
6.35958088046694,0,-0.0328185793493547,0,6.35958088046694,-0.0328185793493547,-0.0328185793493547,-0.0328185793493547,0.0520581686434144
7.84913150076159,0,0.0206892300368871,0,7.84913150076159,0.0206892300368871,0.0206892300368871,0.0206892300368871,0.0125920499284639
11.3110693140974,0,0.00982781565554414,0,11.3110693140974,0.00982781565554414,0.00982781565554414,0.00982781565554414,0.0152975413868066
19.3344521561619,0,-0.0178892890128142,0,19.3344521561619,-0.0178892890128142,-0.0178892890128142,-0.0178892890128142,0.0322365626104049
12.3671082351961,0,0.0210231372322994,0,12.3671082351961,0.0210231372322994,0.0210231372322994,0.0210231372322994,0.0160828742749283
12.3654554745313,0,-0.0686880413546458,0,12.3654554745313,-0.0686880413546458,-0.0686880413546458,-0.0686880413546458,0.0513325050706189
19.2556223171704,0,0.0285945738844167,0,19.2556223171704,0.0285945738844167,0.0285945738844167,0.0285945738844167,0.0139726523520546
34.7312424253189,0,0.00360906084633839,0,34.7312424253189,0.00360906084633839,0.00360906084633839,0.00360906084633839,0.017575833019559
54.7209102152747,0,0.0196726221291343,0,54.7209102152747,0.0196726221291343,0.0196726221291343,0.0196726221291343,0.0109274670854921
11.6997668682815,0,-0.0454216119044559,0,11.6997668682815,-0.0454216119044559,-0.0454216119044559,-0.0454216119044559,0.105318046890987
13.7692792179168,0,0.045315959795906,0,13.7692792179168,0.045315959795906,0.045315959795906,0.045315959795906,0.0576659331255503
11.7030101268542,0,0.0664031592294417,0,11.7030101268542,0.0664031592294417,0.0664031592294417,0.0664031592294417,0.0318702419669784
7.36539602284415,0,-0.0247872150245361,0,7.36539602284415,-0.0247872150245361,-0.0247872150245361,-0.0247872150245361,0.114121672795408
9.34902839864339,0,-0.0319037471830898,0,9.34902839864339,-0.0319037471830898,-0.0319037471830898,-0.0319037471830898,0.0353702402159913
12.3611575522981,0,-0.0042723235541842,0,12.3611575522981,-0.0042723235541842,-0.0042723235541842,-0.0042723235541842,0.0564107009092355
11.8155784180346,0,0.132399483418963,0,11.8155784180346,0.132399483418963,0.132399483418963,0.132399483418963,0.0684128055131695
10.8363107906744,0,-0.028098390818107,0,10.8363107906744,-0.028098390818107,-0.028098390818107,-0.028098390818107,0.071926050301895
11.7003583105711,0,-0.00186774348468509,0,11.7003583105711,-0.00186774348468509,-0.00186774348468509,-0.00186774348468509,0.00589871207554302
14.1717804897526,0,0.027255899623745,0,14.1717804897526,0.027255899623745,0.027255899623745,0.027255899623745,0.0438772018708798
10.4916049522311,0,0.0132463173032987,0,10.4916049522311,0.0132463173032987,0.0132463173032987,0.0132463173032987,0.0267192917518445
12.491172371433,0,0.00616174807970621,0,12.491172371433,0.00616174807970621,0.00616174807970621,0.00616174807970621,0.0405245193389735
22.4190143092695,0,-0.000161199703742028,0,22.4190143092695,-0.000161199703742028,-0.000161199703742028,-0.000161199703742028,0.0167230245622351
23.3384346785706,0,0.0173424537425691,0,23.3384346785706,0.0173424537425691,0.0173424537425691,0.0173424537425691,0.0189266195413323
21.0471310356801,0,0.0617673658141888,0,21.0471310356801,0.0617673658141888,0.0617673658141888,0.0617673658141888,0.047052745863464
18.868464140174,0,-0.0601138815581494,0,18.868464140174,-0.0601138815581494,-0.0601138815581494,-0.0601138815581494,0.0841243606959225
130.216227665708,0,0.0198117493038606,0,130.216227665708,0.0198117493038606,0.0198117493038606,0.0198117493038606,0.0277236387216602
9.87654480749694,0,-0.0946232449189078,0,9.87654480749694,-0.0946232449189078,-0.0946232449189078,-0.0946232449189078,0.0836731049469832
15.7641037476623,0,0.0452974152246685,0,15.7641037476623,0.0452974152246685,0.0452974152246685,0.0452974152246685,0.0222639606786319
14.6925462604222,0,-0.00458452472707301,0,14.6925462604222,-0.00458452472707301,-0.00458452472707301,-0.00458452472707301,0.0444254697733256
7.79044115240101,0,0.0350532910010923,0,7.79044115240101,0.0350532910010923,0.0350532910010923,0.0350532910010923,0.0585754206769742
11.0161041029769,0,-0.0031766917676102,0,11.0161041029769,-0.0031766917676102,-0.0031766917676102,-0.0031766917676102,0.0522005254908412
11.2420027298881,0,-0.0660500012093723,0,11.2420027298881,-0.0660500012093723,-0.0660500012093723,-0.0660500012093723,0.0384705888979592
27.9381463268887,0,-0.0196646199066465,0,27.9381463268887,-0.0196646199066465,-0.0196646199066465,-0.0196646199066465,0.0266030945529787
28.4056044215739,0,-0.0234835133541325,0,28.4056044215739,-0.0234835133541325,-0.0234835133541325,-0.0234835133541325,0.0460235649191708
9.44659083119766,0,-0.0979355343768668,0,9.44659083119766,-0.0979355343768668,-0.0979355343768668,-0.0979355343768668,0.106984919191722
10.6319539160187,0,0.00587821668928426,0,10.6319539160187,0.00587821668928426,0.00587821668928426,0.00587821668928426,0.0434639030773943
23.722803858762,0,0.00435490338959432,0,23.722803858762,0.00435490338959432,0.00435490338959432,0.00435490338959432,0.0172785731987079
NA,NA,NA,NA,NA,NA,NA,NA,NA
14.5501339822123,0,-0.0241508994853178,0,14.5501339822123,-0.0241508994853178,-0.0241508994853178,-0.0241508994853178,0.0112761190742462
5.59197431763262,0,-0.0578220526680145,0,5.59197431763262,-0.0578220526680145,-0.0578220526680145,-0.0578220526680145,0.0290843221745671
7.10118523761685,0,-0.0285278978712163,0,7.10118523761685,-0.0285278978712163,-0.0285278978712163,-0.0285278978712163,0.0595492352872805
8.39406695268219,0,0.0167837864563465,0,8.39406695268219,0.0167837864563465,0.0167837864563465,0.0167837864563465,0.0322473662392579
15.3813680380744,0,-0.0235768509494856,0,15.3813680380744,-0.0235768509494856,-0.0235768509494856,-0.0235768509494856,0.0385600790656454
10.9419857642508,0,-0.0876235523401562,0,10.9419857642508,-0.0876235523401562,-0.0876235523401562,-0.0876235523401562,0.0336377588977628
9.567453602661,0,-0.0130573193727359,0,9.567453602661,-0.0130573193727359,-0.0130573193727359,-0.0130573193727359,0.0264340771076804
9.56764954052794,0,-0.00578932875863998,0,9.56764954052794,-0.00578932875863998,-0.00578932875863998,-0.00578932875863998,0.0288617279537588
9.58796747981615,0,0.00725905880614161,0,9.58796747981615,0.00725905880614161,0.00725905880614161,0.00725905880614161,0.0422687684348916
15.1454884083029,0,0.0687427351592194,0,15.1454884083029,0.0687427351592194,0.0687427351592194,0.0687427351592194,0.0334809714396658
9.03381024943225,0,-0.0258591277728825,0,9.03381024943225,-0.0258591277728825,-0.0258591277728825,-0.0258591277728825,0.0210013285642308
7.292171244769,0,0.0214216184583366,0,7.292171244769,0.0214216184583366,0.0214216184583366,0.0214216184583366,0.00787016036700002
10.6567948708008,0,0.0203455428827325,0,10.6567948708008,0.0203455428827325,0.0203455428827325,0.0203455428827325,0.0367174068081082
15.83958844307,0,0.0399832495665445,0,15.83958844307,0.0399832495665445,0.0399832495665445,0.0399832495665445,0.0130470310288665
17.7014293147066,0,0.0234372077444364,0,17.7014293147066,0.0234372077444364,0.0234372077444364,0.0234372077444364,0.0323786122878216
16.016217440795,0,-0.00369944404825601,0,16.016217440795,-0.00369944404825601,-0.00369944404825601,-0.00369944404825601,0.0376637682579198
6.35958088046694,0,-0.0328185793493547,0,6.35958088046694,-0.0328185793493547,-0.0328185793493547,-0.0328185793493547,0.0520581686434144
7.84913150076159,0,0.0206892300368871,0,7.84913150076159,0.0206892300368871,0.0206892300368871,0.0206892300368871,0.0125920499284639
11.3110693140974,0,0.00982781565554414,0,11.3110693140974,0.00982781565554414,0.00982781565554414,0.00982781565554414,0.0152975413868066
19.3344521561619,0,-0.0178892890128142,0,19.3344521561619,-0.0178892890128142,-0.0178892890128142,-0.0178892890128142,0.0322365626104049
12.3671082351961,0,0.0210231372322994,0,12.3671082351961,0.0210231372322994,0.0210231372322994,0.0210231372322994,0.0160828742749283
12.3654554745313,0,-0.0686880413546458,0,12.3654554745313,-0.0686880413546458,-0.0686880413546458,-0.0686880413546458,0.0513325050706189
19.2556223171704,0,0.0285945738844167,0,19.2556223171704,0.0285945738844167,0.0285945738844167,0.0285945738844167,0.0139726523520546
34.7312424253189,0,0.00360906084633839,0,34.7312424253189,0.00360906084633839,0.00360906084633839,0.00360906084633839,0.017575833019559
54.7209102152747,0,0.0196726221291343,0,54.7209102152747,0.0196726221291343,0.0196726221291343,0.0196726221291343,0.0109274670854921
11.6997668682815,0,-0.0454216119044559,0,11.6997668682815,-0.0454216119044559,-0.0454216119044559,-0.0454216119044559,0.105318046890987
13.7692792179168,0,0.045315959795906,0,13.7692792179168,0.045315959795906,0.045315959795906,0.045315959795906,0.0576659331255503
11.7030101268542,0,0.0664031592294417,0,11.7030101268542,0.0664031592294417,0.0664031592294417,0.0664031592294417,0.0318702419669784
7.36539602284415,0,-0.0247872150245361,0,7.36539602284415,-0.0247872150245361,-0.0247872150245361,-0.0247872150245361,0.114121672795408
9.34902839864339,0,-0.0319037471830898,0,9.34902839864339,-0.0319037471830898,-0.0319037471830898,-0.0319037471830898,0.0353702402159913
12.3611575522981,0,-0.0042723235541842,0,12.3611575522981,-0.0042723235541842,-0.0042723235541842,-0.0042723235541842,0.0564107009092355
11.8155784180346,0,0.132399483418963,0,11.8155784180346,0.132399483418963,0.132399483418963,0.132399483418963,0.0684128055131695
10.8363107906744,0,-0.028098390818107,0,10.8363107906744,-0.028098390818107,-0.028098390818107,-0.028098390818107,0.071926050301895
11.7003583105711,0,-0.00186774348468509,0,11.7003583105711,-0.00186774348468509,-0.00186774348468509,-0.00186774348468509,0.00589871207554302
14.1717804897526,0,0.027255899623745,0,14.1717804897526,0.027255899623745,0.027255899623745,0.027255899623745,0.0438772018708798
10.4916049522311,0,0.0132463173032987,0,10.4916049522311,0.0132463173032987,0.0132463173032987,0.0132463173032987,0.0267192917518445
12.491172371433,0,0.00616174807970621,0,12.491172371433,0.00616174807970621,0.00616174807970621,0.00616174807970621,0.0405245193389735
22.4190143092695,0,-0.000161199703742028,0,22.4190143092695,-0.000161199703742028,-0.000161199703742028,-0.000161199703742028,0.0167230245622351
23.3384346785706,0,0.0173424537425691,0,23.3384346785706,0.0173424537425691,0.0173424537425691,0.0173424537425691,0.0189266195413323
21.0471310356801,0,0.0617673658141888,0,21.0471310356801,0.0617673658141888,0.0617673658141888,0.0617673658141888,0.047052745863464
18.868464140174,0,-0.0601138815581494,0,18.868464140174,-0.0601138815581494,-0.0601138815581494,-0.0601138815581494,0.0841243606959225
130.216227665708,0,0.0198117493038606,0,130.216227665708,0.0198117493038606,0.0198117493038606,0.0198117493038606,0.0277236387216602
9.87654480749694,0,-0.0946232449189078,0,9.87654480749694,-0.0946232449189078,-0.0946232449189078,-0.0946232449189078,0.0836731049469832
15.7641037476623,0,0.0452974152246685,0,15.7641037476623,0.0452974152246685,0.0452974152246685,0.0452974152246685,0.0222639606786319
14.6925462604222,0,-0.00458452472707301,0,14.6925462604222,-0.00458452472707301,-0.00458452472707301,-0.00458452472707301,0.0444254697733256
7.79044115240101,0,0.0350532910010923,0,7.79044115240101,0.0350532910010923,0.0350532910010923,0.0350532910010923,0.0585754206769742
11.0161041029769,0,-0.0031766917676102,0,11.0161041029769,-0.0031766917676102,-0.0031766917676102,-0.0031766917676102,0.0522005254908412
11.2420027298881,0,-0.0660500012093723,0,11.2420027298881,-0.0660500012093723,-0.0660500012093723,-0.0660500012093723,0.0384705888979592
27.9381463268887,0,-0.0196646199066465,0,27.9381463268887,-0.0196646199066465,-0.0196646199066465,-0.0196646199066465,0.0266030945529787
28.4056044215739,0,-0.0234835133541325,0,28.4056044215739,-0.0234835133541325,-0.0234835133541325,-0.0234835133541325,0.0460235649191708
9.44659083119766,0,-0.0979355343768668,0,9.44659083119766,-0.0979355343768668,-0.0979355343768668,-0.0979355343768668,0.106984919191722
10.6319539160187,0,0.00587821668928426,0,10.6319539160187,0.00587821668928426,0.00587821668928426,0.00587821668928426,0.0434639030773943
23.722803858762,0,0.00435490338959432,0,23.722803858762,0.00435490338959432,0.00435490338959432,0.00435490338959432,0.0172785731987079
NA,NA,NA,NA,NA,NA,NA,NA,NA
14.5501339822123,0,-0.0241508994853178,0,14.5501339822123,-0.0241508994853178,-0.0241508994853178,-0.0241508994853178,0.0112761190742462
5.59197431763262,0,-0.0578220526680145,0,5.59197431763262,-0.0578220526680145,-0.0578220526680145,-0.0578220526680145,0.0290843221745671
7.10118523761685,0,-0.0285278978712163,0,7.10118523761685,-0.0285278978712163,-0.0285278978712163,-0.0285278978712163,0.0595492352872805
8.39406695268219,0,0.0167837864563465,0,8.39406695268219,0.0167837864563465,0.0167837864563465,0.0167837864563465,0.0322473662392579
15.3813680380744,0,-0.0235768509494856,0,15.3813680380744,-0.0235768509494856,-0.0235768509494856,-0.0235768509494856,0.0385600790656454
10.9419857642508,0,-0.0876235523401562,0,10.9419857642508,-0.0876235523401562,-0.0876235523401562,-0.0876235523401562,0.0336377588977628
9.567453602661,0,-0.0130573193727359,0,9.567453602661,-0.0130573193727359,-0.0130573193727359,-0.0130573193727359,0.0264340771076804
9.56764954052794,0,-0.00578932875863998,0,9.56764954052794,-0.00578932875863998,-0.00578932875863998,-0.00578932875863998,0.0288617279537588
9.58796747981615,0,0.00725905880614161,0,9.58796747981615,0.00725905880614161,0.00725905880614161,0.00725905880614161,0.0422687684348916
15.1454884083029,0,0.0687427351592194,0,15.1454884083029,0.0687427351592194,0.0687427351592194,0.0687427351592194,0.0334809714396658
9.03381024943225,0,-0.0258591277728825,0,9.03381024943225,-0.0258591277728825,-0.0258591277728825,-0.0258591277728825,0.0210013285642308
7.292171244769,0,0.0214216184583366,0,7.292171244769,0.0214216184583366,0.0214216184583366,0.0214216184583366,0.00787016036700002
10.6567948708008,0,0.0203455428827325,0,10.6567948708008,0.0203455428827325,0.0203455428827325,0.0203455428827325,0.0367174068081082
15.83958844307,0,0.0399832495665445,0,15.83958844307,0.0399832495665445,0.0399832495665445,0.0399832495665445,0.0130470310288665
17.7014293147066,0,0.0234372077444364,0,17.7014293147066,0.0234372077444364,0.0234372077444364,0.0234372077444364,0.0323786122878216
16.016217440795,0,-0.00369944404825601,0,16.016217440795,-0.00369944404825601,-0.00369944404825601,-0.00369944404825601,0.0376637682579198
6.35958088046694,0,-0.0328185793493547,0,6.35958088046694,-0.0328185793493547,-0.0328185793493547,-0.0328185793493547,0.0520581686434144
7.84913150076159,0,0.0206892300368871,0,7.84913150076159,0.0206892300368871,0.0206892300368871,0.0206892300368871,0.0125920499284639
11.3110693140974,0,0.00982781565554414,0,11.3110693140974,0.00982781565554414,0.00982781565554414,0.00982781565554414,0.0152975413868066
19.3344521561619,0,-0.0178892890128142,0,19.3344521561619,-0.0178892890128142,-0.0178892890128142,-0.0178892890128142,0.0322365626104049
12.3671082351961,0,0.0210231372322994,0,12.3671082351961,0.0210231372322994,0.0210231372322994,0.0210231372322994,0.0160828742749283
12.3654554745313,0,-0.0686880413546458,0,12.3654554745313,-0.0686880413546458,-0.0686880413546458,-0.0686880413546458,0.0513325050706189
19.2556223171704,0,0.0285945738844167,0,19.2556223171704,0.0285945738844167,0.0285945738844167,0.0285945738844167,0.0139726523520546
34.7312424253189,0,0.00360906084633839,0,34.7312424253189,0.00360906084633839,0.00360906084633839,0.00360906084633839,0.017575833019559
54.7209102152747,0,0.0196726221291343,0,54.7209102152747,0.0196726221291343,0.0196726221291343,0.0196726221291343,0.0109274670854921
11.6997668682815,0,-0.0454216119044559,0,11.6997668682815,-0.0454216119044559,-0.0454216119044559,-0.0454216119044559,0.105318046890987
13.7692792179168,0,0.045315959795906,0,13.7692792179168,0.045315959795906,0.045315959795906,0.045315959795906,0.0576659331255503
11.7030101268542,0,0.0664031592294417,0,11.7030101268542,0.0664031592294417,0.0664031592294417,0.0664031592294417,0.0318702419669784
7.36539602284415,0,-0.0247872150245361,0,7.36539602284415,-0.0247872150245361,-0.0247872150245361,-0.0247872150245361,0.114121672795408
9.34902839864339,0,-0.0319037471830898,0,9.34902839864339,-0.0319037471830898,-0.0319037471830898,-0.0319037471830898,0.0353702402159913
12.3611575522981,0,-0.0042723235541842,0,12.3611575522981,-0.0042723235541842,-0.0042723235541842,-0.0042723235541842,0.0564107009092355
11.8155784180346,0,0.132399483418963,0,11.8155784180346,0.132399483418963,0.132399483418963,0.132399483418963,0.0684128055131695
10.8363107906744,0,-0.028098390818107,0,10.8363107906744,-0.028098390818107,-0.028098390818107,-0.028098390818107,0.071926050301895
11.7003583105711,0,-0.00186774348468509,0,11.7003583105711,-0.00186774348468509,-0.00186774348468509,-0.00186774348468509,0.00589871207554302
14.1717804897526,0,0.027255899623745,0,14.1717804897526,0.027255899623745,0.027255899623745,0.027255899623745,0.0438772018708798
10.4916049522311,0,0.0132463173032987,0,10.4916049522311,0.0132463173032987,0.0132463173032987,0.0132463173032987,0.0267192917518445
12.491172371433,0,0.00616174807970621,0,12.491172371433,0.00616174807970621,0.00616174807970621,0.00616174807970621,0.0405245193389735
22.4190143092695,0,-0.000161199703742028,0,22.4190143092695,-0.000161199703742028,-0.000161199703742028,-0.000161199703742028,0.0167230245622351
23.3384346785706,0,0.0173424537425691,0,23.3384346785706,0.0173424537425691,0.0173424537425691,0.0173424537425691,0.0189266195413323
21.0471310356801,0,0.0617673658141888,0,21.0471310356801,0.0617673658141888,0.0617673658141888,0.0617673658141888,0.047052745863464
18.868464140174,0,-0.0601138815581494,0,18.868464140174,-0.0601138815581494,-0.0601138815581494,-0.0601138815581494,0.0841243606959225
130.216227665708,0,0.0198117493038606,0,130.216227665708,0.0198117493038606,0.0198117493038606,0.0198117493038606,0.0277236387216602
9.87654480749694,0,-0.0946232449189078,0,9.87654480749694,-0.0946232449189078,-0.0946232449189078,-0.0946232449189078,0.0836731049469832
15.7641037476623,0,0.0452974152246685,0,15.7641037476623,0.0452974152246685,0.0452974152246685,0.0452974152246685,0.0222639606786319
14.6925462604222,0,-0.00458452472707301,0,14.6925462604222,-0.00458452472707301,-0.00458452472707301,-0.00458452472707301,0.0444254697733256
7.79044115240101,0,0.0350532910010923,0,7.79044115240101,0.0350532910010923,0.0350532910010923,0.0350532910010923,0.0585754206769742
11.0161041029769,0,-0.0031766917676102,0,11.0161041029769,-0.0031766917676102,-0.0031766917676102,-0.0031766917676102,0.0522005254908412
11.2420027298881,0,-0.0660500012093723,0,11.2420027298881,-0.0660500012093723,-0.0660500012093723,-0.0660500012093723,0.0384705888979592
27.9381463268887,0,-0.0196646199066465,0,27.9381463268887,-0.0196646199066465,-0.0196646199066465,-0.0196646199066465,0.0266030945529787
28.4056044215739,0,-0.0234835133541325,0,28.4056044215739,-0.0234835133541325,-0.0234835133541325,-0.0234835133541325,0.0460235649191708
9.44659083119766,0,-0.0979355343768668,0,9.44659083119766,-0.0979355343768668,-0.0979355343768668,-0.0979355343768668,0.106984919191722
10.6319539160187,0,0.00587821668928426,0,10.6319539160187,0.00587821668928426,0.00587821668928426,0.00587821668928426,0.0434639030773943
NA,NA,NA,NA,NA,NA,NA,NA,NA
14.5501339822123,0,-0.0241508994853178,0,14.5501339822123,-0.0241508994853178,-0.0241508994853178,-0.0241508994853178,0.0112761190742462
5.59197431763262,0,-0.0578220526680145,0,5.59197431763262,-0.0578220526680145,-0.0578220526680145,-0.0578220526680145,0.0290843221745671
7.10118523761685,0,-0.0285278978712163,0,7.10118523761685,-0.0285278978712163,-0.0285278978712163,-0.0285278978712163,0.0595492352872805
8.39406695268219,0,0.0167837864563465,0,8.39406695268219,0.0167837864563465,0.0167837864563465,0.0167837864563465,0.0322473662392579
15.3813680380744,0,-0.0235768509494856,0,15.3813680380744,-0.0235768509494856,-0.0235768509494856,-0.0235768509494856,0.0385600790656454
10.9419857642508,0,-0.0876235523401562,0,10.9419857642508,-0.0876235523401562,-0.0876235523401562,-0.0876235523401562,0.0336377588977628
9.567453602661,0,-0.0130573193727359,0,9.567453602661,-0.0130573193727359,-0.0130573193727359,-0.0130573193727359,0.0264340771076804
9.56764954052794,0,-0.00578932875863998,0,9.56764954052794,-0.00578932875863998,-0.00578932875863998,-0.00578932875863998,0.0288617279537588
9.58796747981615,0,0.00725905880614161,0,9.58796747981615,0.00725905880614161,0.00725905880614161,0.00725905880614161,0.0422687684348916
15.1454884083029,0,0.0687427351592194,0,15.1454884083029,0.0687427351592194,0.0687427351592194,0.0687427351592194,0.0334809714396658
9.03381024943225,0,-0.0258591277728825,0,9.03381024943225,-0.0258591277728825,-0.0258591277728825,-0.0258591277728825,0.0210013285642308
7.292171244769,0,0.0214216184583366,0,7.292171244769,0.0214216184583366,0.0214216184583366,0.0214216184583366,0.00787016036700002
10.6567948708008,0,0.0203455428827325,0,10.6567948708008,0.0203455428827325,0.0203455428827325,0.0203455428827325,0.0367174068081082
15.83958844307,0,0.0399832495665445,0,15.83958844307,0.0399832495665445,0.0399832495665445,0.0399832495665445,0.0130470310288665
17.7014293147066,0,0.0234372077444364,0,17.7014293147066,0.0234372077444364,0.0234372077444364,0.0234372077444364,0.0323786122878216
16.016217440795,0,-0.00369944404825601,0,16.016217440795,-0.00369944404825601,-0.00369944404825601,-0.00369944404825601,0.0376637682579198
6.35958088046694,0,-0.0328185793493547,0,6.35958088046694,-0.0328185793493547,-0.0328185793493547,-0.0328185793493547,0.0520581686434144
7.84913150076159,0,0.0206892300368871,0,7.84913150076159,0.0206892300368871,0.0206892300368871,0.0206892300368871,0.0125920499284639
11.3110693140974,0,0.00982781565554414,0,11.3110693140974,0.00982781565554414,0.00982781565554414,0.00982781565554414,0.0152975413868066
19.3344521561619,0,-0.0178892890128142,0,19.3344521561619,-0.0178892890128142,-0.0178892890128142,-0.0178892890128142,0.0322365626104049
12.3671082351961,0,0.0210231372322994,0,12.3671082351961,0.0210231372322994,0.0210231372322994,0.0210231372322994,0.0160828742749283
12.3654554745313,0,-0.0686880413546458,0,12.3654554745313,-0.0686880413546458,-0.0686880413546458,-0.0686880413546458,0.0513325050706189
19.2556223171704,0,0.0285945738844167,0,19.2556223171704,0.0285945738844167,0.0285945738844167,0.0285945738844167,0.0139726523520546
34.7312424253189,0,0.00360906084633839,0,34.7312424253189,0.00360906084633839,0.00360906084633839,0.00360906084633839,0.017575833019559
54.7209102152747,0,0.0196726221291343,0,54.7209102152747,0.0196726221291343,0.0196726221291343,0.0196726221291343,0.0109274670854921
11.6997668682815,0,-0.0454216119044559,0,11.6997668682815,-0.0454216119044559,-0.0454216119044559,-0.0454216119044559,0.105318046890987
13.7692792179168,0,0.045315959795906,0,13.7692792179168,0.045315959795906,0.045315959795906,0.045315959795906,0.0576659331255503
11.7030101268542,0,0.0664031592294417,0,11.7030101268542,0.0664031592294417,0.0664031592294417,0.0664031592294417,0.0318702419669784
7.36539602284415,0,-0.0247872150245361,0,7.36539602284415,-0.0247872150245361,-0.0247872150245361,-0.0247872150245361,0.114121672795408
9.34902839864339,0,-0.0319037471830898,0,9.34902839864339,-0.0319037471830898,-0.0319037471830898,-0.0319037471830898,0.0353702402159913
12.3611575522981,0,-0.0042723235541842,0,12.3611575522981,-0.0042723235541842,-0.0042723235541842,-0.0042723235541842,0.0564107009092355
11.8155784180346,0,0.132399483418963,0,11.8155784180346,0.132399483418963,0.132399483418963,0.132399483418963,0.0684128055131695
10.8363107906744,0,-0.028098390818107,0,10.8363107906744,-0.028098390818107,-0.028098390818107,-0.028098390818107,0.071926050301895
11.7003583105711,0,-0.00186774348468509,0,11.7003583105711,-0.00186774348468509,-0.00186774348468509,-0.00186774348468509,0.00589871207554302
14.1717804897526,0,0.027255899623745,0,14.1717804897526,0.027255899623745,0.027255899623745,0.027255899623745,0.0438772018708798
10.4916049522311,0,0.0132463173032987,0,10.4916049522311,0.0132463173032987,0.0132463173032987,0.0132463173032987,0.0267192917518445
12.491172371433,0,0.00616174807970621,0,12.491172371433,0.00616174807970621,0.00616174807970621,0.00616174807970621,0.0405245193389735
22.4190143092695,0,-0.000161199703742028,0,22.4190143092695,-0.000161199703742028,-0.000161199703742028,-0.000161199703742028,0.0167230245622351
23.3384346785706,0,0.0173424537425691,0,23.3384346785706,0.0173424537425691,0.0173424537425691,0.0173424537425691,0.0189266195413323
21.0471310356801,0,0.0617673658141888,0,21.0471310356801,0.0617673658141888,0.0617673658141888,0.0617673658141888,0.047052745863464
18.868464140174,0,-0.0601138815581494,0,18.868464140174,-0.0601138815581494,-0.0601138815581494,-0.0601138815581494,0.0841243606959225
130.216227665708,0,0.0198117493038606,0,130.216227665708,0.0198117493038606,0.0198117493038606,0.0198117493038606,0.0277236387216602
9.87654480749694,0,-0.0946232449189078,0,9.87654480749694,-0.0946232449189078,-0.0946232449189078,-0.0946232449189078,0.0836731049469832
15.7641037476623,0,0.0452974152246685,0,15.7641037476623,0.0452974152246685,0.0452974152246685,0.0452974152246685,0.0222639606786319
14.6925462604222,0,-0.00458452472707301,0,14.6925462604222,-0.00458452472707301,-0.00458452472707301,-0.00458452472707301,0.0444254697733256
7.79044115240101,0,0.0350532910010923,0,7.79044115240101,0.0350532910010923,0.0350532910010923,0.0350532910010923,0.0585754206769742
11.0161041029769,0,-0.0031766917676102,0,11.0161041029769,-0.0031766917676102,-0.0031766917676102,-0.0031766917676102,0.0522005254908412
11.2420027298881,0,-0.0660500012093723,0,11.2420027298881,-0.0660500012093723,-0.0660500012093723,-0.0660500012093723,0.0384705888979592
27.9381463268887,0,-0.0196646199066465,0,27.9381463268887,-0.0196646199066465,-0.0196646199066465,-0.0196646199066465,0.0266030945529787
28.4056044215739,0,-0.0234835133541325,0,28.4056044215739,-0.0234835133541325,-0.0234835133541325,-0.0234835133541325,0.0460235649191708
9.44659083119766,0,-0.0979355343768668,0,9.44659083119766,-0.0979355343768668,-0.0979355343768668,-0.0979355343768668,0.106984919191722
10.6319539160187,0,0.00587821668928426,0,10.6319539160187,0.00587821668928426,0.00587821668928426,0.00587821668928426,0.0434639030773943
NA,NA,NA,NA,NA,NA,NA,NA,NA
14.5501339822123,0,-0.0241508994853178,0,14.5501339822123,-0.0241508994853178,-0.0241508994853178,-0.0241508994853178,0.0112761190742462
5.59197431763262,0,-0.0578220526680145,0,5.59197431763262,-0.0578220526680145,-0.0578220526680145,-0.0578220526680145,0.0290843221745671
7.10118523761685,0,-0.0285278978712163,0,7.10118523761685,-0.0285278978712163,-0.0285278978712163,-0.0285278978712163,0.0595492352872805
8.39406695268219,0,0.0167837864563465,0,8.39406695268219,0.0167837864563465,0.0167837864563465,0.0167837864563465,0.0322473662392579
15.3813680380744,0,-0.0235768509494856,0,15.3813680380744,-0.0235768509494856,-0.0235768509494856,-0.0235768509494856,0.0385600790656454
10.9419857642508,0,-0.0876235523401562,0,10.9419857642508,-0.0876235523401562,-0.0876235523401562,-0.0876235523401562,0.0336377588977628
9.567453602661,0,-0.0130573193727359,0,9.567453602661,-0.0130573193727359,-0.0130573193727359,-0.0130573193727359,0.0264340771076804
9.56764954052794,0,-0.00578932875863998,0,9.56764954052794,-0.00578932875863998,-0.00578932875863998,-0.00578932875863998,0.0288617279537588
9.58796747981615,0,0.00725905880614161,0,9.58796747981615,0.00725905880614161,0.00725905880614161,0.00725905880614161,0.0422687684348916
15.1454884083029,0,0.0687427351592194,0,15.1454884083029,0.0687427351592194,0.0687427351592194,0.0687427351592194,0.0334809714396658
9.03381024943225,0,-0.0258591277728825,0,9.03381024943225,-0.0258591277728825,-0.0258591277728825,-0.0258591277728825,0.0210013285642308
7.292171244769,0,0.0214216184583366,0,7.292171244769,0.0214216184583366,0.0214216184583366,0.0214216184583366,0.00787016036700002
10.6567948708008,0,0.0203455428827325,0,10.6567948708008,0.0203455428827325,0.0203455428827325,0.0203455428827325,0.0367174068081082
15.83958844307,0,0.0399832495665445,0,15.83958844307,0.0399832495665445,0.0399832495665445,0.0399832495665445,0.0130470310288665
17.7014293147066,0,0.0234372077444364,0,17.7014293147066,0.0234372077444364,0.0234372077444364,0.0234372077444364,0.0323786122878216
16.016217440795,0,-0.00369944404825601,0,16.016217440795,-0.00369944404825601,-0.00369944404825601,-0.00369944404825601,0.0376637682579198
6.35958088046694,0,-0.0328185793493547,0,6.35958088046694,-0.0328185793493547,-0.0328185793493547,-0.0328185793493547,0.0520581686434144
7.84913150076159,0,0.0206892300368871,0,7.84913150076159,0.0206892300368871,0.0206892300368871,0.0206892300368871,0.0125920499284639
11.3110693140974,0,0.00982781565554414,0,11.3110693140974,0.00982781565554414,0.00982781565554414,0.00982781565554414,0.0152975413868066
19.3344521561619,0,-0.0178892890128142,0,19.3344521561619,-0.0178892890128142,-0.0178892890128142,-0.0178892890128142,0.0322365626104049
12.3671082351961,0,0.0210231372322994,0,12.3671082351961,0.0210231372322994,0.0210231372322994,0.0210231372322994,0.0160828742749283
12.3654554745313,0,-0.0686880413546458,0,12.3654554745313,-0.0686880413546458,-0.0686880413546458,-0.0686880413546458,0.0513325050706189
19.2556223171704,0,0.0285945738844167,0,19.2556223171704,0.0285945738844167,0.0285945738844167,0.0285945738844167,0.0139726523520546
34.7312424253189,0,0.00360906084633839,0,34.7312424253189,0.00360906084633839,0.00360906084633839,0.00360906084633839,0.017575833019559
54.7209102152747,0,0.0196726221291343,0,54.7209102152747,0.0196726221291343,0.0196726221291343,0.0196726221291343,0.0109274670854921
11.6997668682815,0,-0.0454216119044559,0,11.6997668682815,-0.0454216119044559,-0.0454216119044559,-0.0454216119044559,0.105318046890987
13.7692792179168,0,0.045315959795906,0,13.7692792179168,0.045315959795906,0.045315959795906,0.045315959795906,0.0576659331255503
11.7030101268542,0,0.0664031592294417,0,11.7030101268542,0.0664031592294417,0.0664031592294417,0.0664031592294417,0.0318702419669784
7.36539602284415,0,-0.0247872150245361,0,7.36539602284415,-0.0247872150245361,-0.0247872150245361,-0.0247872150245361,0.114121672795408
9.34902839864339,0,-0.0319037471830898,0,9.34902839864339,-0.0319037471830898,-0.0319037471830898,-0.0319037471830898,0.0353702402159913
12.3611575522981,0,-0.0042723235541842,0,12.3611575522981,-0.0042723235541842,-0.0042723235541842,-0.0042723235541842,0.0564107009092355
11.8155784180346,0,0.132399483418963,0,11.8155784180346,0.132399483418963,0.132399483418963,0.132399483418963,0.0684128055131695
10.8363107906744,0,-0.028098390818107,0,10.8363107906744,-0.028098390818107,-0.028098390818107,-0.028098390818107,0.071926050301895
11.7003583105711,0,-0.00186774348468509,0,11.7003583105711,-0.00186774348468509,-0.00186774348468509,-0.00186774348468509,0.00589871207554302
14.1717804897526,0,0.027255899623745,0,14.1717804897526,0.027255899623745,0.027255899623745,0.027255899623745,0.0438772018708798
10.4916049522311,0,0.0132463173032987,0,10.4916049522311,0.0132463173032987,0.0132463173032987,0.0132463173032987,0.0267192917518445
12.491172371433,0,0.00616174807970621,0,12.491172371433,0.00616174807970621,0.00616174807970621,0.00616174807970621,0.0405245193389735
22.4190143092695,0,-0.000161199703742028,0,22.4190143092695,-0.000161199703742028,-0.000161199703742028,-0.000161199703742028,0.0167230245622351
23.3384346785706,0,0.0173424537425691,0,23.3384346785706,0.0173424537425691,0.0173424537425691,0.0173424537425691,0.0189266195413323
21.0471310356801,0,0.0617673658141888,0,21.0471310356801,0.0617673658141888,0.0617673658141888,0.0617673658141888,0.047052745863464
18.868464140174,0,-0.0601138815581494,0,18.868464140174,-0.0601138815581494,-0.0601138815581494,-0.0601138815581494,0.0841243606959225
130.216227665708,0,0.0198117493038606,0,130.216227665708,0.0198117493038606,0.0198117493038606,0.0198117493038606,0.0277236387216602
9.87654480749694,0,-0.0946232449189078,0,9.87654480749694,-0.0946232449189078,-0.0946232449189078,-0.0946232449189078,0.0836731049469832
15.7641037476623,0,0.0452974152246685,0,15.7641037476623,0.0452974152246685,0.0452974152246685,0.0452974152246685,0.0222639606786319
14.6925462604222,0,-0.00458452472707301,0,14.6925462604222,-0.00458452472707301,-0.00458452472707301,-0.00458452472707301,0.0444254697733256
7.79044115240101,0,0.0350532910010923,0,7.79044115240101,0.0350532910010923,0.0350532910010923,0.0350532910010923,0.0585754206769742
11.0161041029769,0,-0.0031766917676102,0,11.0161041029769,-0.0031766917676102,-0.0031766917676102,-0.0031766917676102,0.0522005254908412
11.2420027298881,0,-0.0660500012093723,0,11.2420027298881,-0.0660500012093723,-0.0660500012093723,-0.0660500012093723,0.0384705888979592
27.9381463268887,0,-0.0196646199066465,0,27.9381463268887,-0.0196646199066465,-0.0196646199066465,-0.0196646199066465,0.0266030945529787
28.4056044215739,0,-0.0234835133541325,0,28.4056044215739,-0.0234835133541325,-0.0234835133541325,-0.0234835133541325,0.0460235649191708
9.44659083119766,0,-0.0979355343768668,0,9.44659083119766,-0.0979355343768668,-0.0979355343768668,-0.0979355343768668,0.106984919191722
10.6319539160187,0,0.00587821668928426,0,10.6319539160187,0.00587821668928426,0.00587821668928426,0.00587821668928426,0.0434639030773943
NA,NA,NA,NA,NA,NA,NA,NA,NA
14.5501339822123,0,-0.0241508994853178,0,14.5501339822123,-0.0241508994853178,-0.0241508994853178,-0.0241508994853178,0.0112761190742462
5.59197431763262,0,-0.0578220526680145,0,5.59197431763262,-0.0578220526680145,-0.0578220526680145,-0.0578220526680145,0.0290843221745671
7.10118523761685,0,-0.0285278978712163,0,7.10118523761685,-0.0285278978712163,-0.0285278978712163,-0.0285278978712163,0.0595492352872805
8.39406695268219,0,0.0167837864563465,0,8.39406695268219,0.0167837864563465,0.0167837864563465,0.0167837864563465,0.0322473662392579
15.3813680380744,0,-0.0235768509494856,0,15.3813680380744,-0.0235768509494856,-0.0235768509494856,-0.0235768509494856,0.0385600790656454
10.9419857642508,0,-0.0876235523401562,0,10.9419857642508,-0.0876235523401562,-0.0876235523401562,-0.0876235523401562,0.0336377588977628
9.567453602661,0,-0.0130573193727359,0,9.567453602661,-0.0130573193727359,-0.0130573193727359,-0.0130573193727359,0.0264340771076804
9.56764954052794,0,-0.00578932875863998,0,9.56764954052794,-0.00578932875863998,-0.00578932875863998,-0.00578932875863998,0.0288617279537588
9.58796747981615,0,0.00725905880614161,0,9.58796747981615,0.00725905880614161,0.00725905880614161,0.00725905880614161,0.0422687684348916
15.1454884083029,0,0.0687427351592194,0,15.1454884083029,0.0687427351592194,0.0687427351592194,0.0687427351592194,0.0334809714396658
9.03381024943225,0,-0.0258591277728825,0,9.03381024943225,-0.0258591277728825,-0.0258591277728825,-0.0258591277728825,0.0210013285642308
7.292171244769,0,0.0214216184583366,0,7.292171244769,0.0214216184583366,0.0214216184583366,0.0214216184583366,0.00787016036700002
10.6567948708008,0,0.0203455428827325,0,10.6567948708008,0.0203455428827325,0.0203455428827325,0.0203455428827325,0.0367174068081082
15.83958844307,0,0.0399832495665445,0,15.83958844307,0.0399832495665445,0.0399832495665445,0.0399832495665445,0.0130470310288665
17.7014293147066,0,0.0234372077444364,0,17.7014293147066,0.0234372077444364,0.0234372077444364,0.0234372077444364,0.0323786122878216
16.016217440795,0,-0.00369944404825601,0,16.016217440795,-0.00369944404825601,-0.00369944404825601,-0.00369944404825601,0.0376637682579198
6.35958088046694,0,-0.0328185793493547,0,6.35958088046694,-0.0328185793493547,-0.0328185793493547,-0.0328185793493547,0.0520581686434144
7.84913150076159,0,0.0206892300368871,0,7.84913150076159,0.0206892300368871,0.0206892300368871,0.0206892300368871,0.0125920499284639
11.3110693140974,0,0.00982781565554414,0,11.3110693140974,0.00982781565554414,0.00982781565554414,0.00982781565554414,0.0152975413868066
19.3344521561619,0,-0.0178892890128142,0,19.3344521561619,-0.0178892890128142,-0.0178892890128142,-0.0178892890128142,0.0322365626104049
12.3671082351961,0,0.0210231372322994,0,12.3671082351961,0.0210231372322994,0.0210231372322994,0.0210231372322994,0.0160828742749283
12.3654554745313,0,-0.0686880413546458,0,12.3654554745313,-0.0686880413546458,-0.0686880413546458,-0.0686880413546458,0.0513325050706189
19.2556223171704,0,0.0285945738844167,0,19.2556223171704,0.0285945738844167,0.0285945738844167,0.0285945738844167,0.0139726523520546
34.7312424253189,0,0.00360906084633839,0,34.7312424253189,0.00360906084633839,0.00360906084633839,0.00360906084633839,0.017575833019559
54.7209102152747,0,0.0196726221291343,0,54.7209102152747,0.0196726221291343,0.0196726221291343,0.0196726221291343,0.0109274670854921
11.6997668682815,0,-0.0454216119044559,0,11.6997668682815,-0.0454216119044559,-0.0454216119044559,-0.0454216119044559,0.105318046890987
8.22166390729103,0,0.0200227074138689,0,8.22166390729103,0.0200227074138689,0.0200227074138689,0.0200227074138689,0.0889316774406693
11.7030101268542,0,0.0664031592294417,0,11.7030101268542,0.0664031592294417,0.0664031592294417,0.0664031592294417,0.0318702419669784
7.36539602284415,0,-0.0247872150245361,0,7.36539602284415,-0.0247872150245361,-0.0247872150245361,-0.0247872150245361,0.114121672795408
9.34902839864339,0,-0.0319037471830898,0,9.34902839864339,-0.0319037471830898,-0.0319037471830898,-0.0319037471830898,0.0353702402159913
12.3611575522981,0,-0.0042723235541842,0,12.3611575522981,-0.0042723235541842,-0.0042723235541842,-0.0042723235541842,0.0564107009092355
11.8155784180346,0,0.132399483418963,0,11.8155784180346,0.132399483418963,0.132399483418963,0.132399483418963,0.0684128055131695
10.8363107906744,0,-0.028098390818107,0,10.8363107906744,-0.028098390818107,-0.028098390818107,-0.028098390818107,0.071926050301895
11.7003583105711,0,-0.00186774348468509,0,11.7003583105711,-0.00186774348468509,-0.00186774348468509,-0.00186774348468509,0.00589871207554302
14.1717804897526,0,0.027255899623745,0,14.1717804897526,0.027255899623745,0.027255899623745,0.027255899623745,0.0438772018708798
10.4916049522311,0,0.0132463173032987,0,10.4916049522311,0.0132463173032987,0.0132463173032987,0.0132463173032987,0.0267192917518445
12.491172371433,0,0.00616174807970621,0,12.491172371433,0.00616174807970621,0.00616174807970621,0.00616174807970621,0.0405245193389735
22.4190143092695,0,-0.000161199703742028,0,22.4190143092695,-0.000161199703742028,-0.000161199703742028,-0.000161199703742028,0.0167230245622351
23.3384346785706,0,0.0173424537425691,0,23.3384346785706,0.0173424537425691,0.0173424537425691,0.0173424537425691,0.0189266195413323
21.0471310356801,0,0.0617673658141888,0,21.0471310356801,0.0617673658141888,0.0617673658141888,0.0617673658141888,0.047052745863464
18.868464140174,0,-0.0601138815581494,0,18.868464140174,-0.0601138815581494,-0.0601138815581494,-0.0601138815581494,0.0841243606959225
130.216227665708,0,0.0198117493038606,0,130.216227665708,0.0198117493038606,0.0198117493038606,0.0198117493038606,0.0277236387216602
9.87654480749694,0,-0.0946232449189078,0,9.87654480749694,-0.0946232449189078,-0.0946232449189078,-0.0946232449189078,0.0836731049469832
15.7641037476623,0,0.0452974152246685,0,15.7641037476623,0.0452974152246685,0.0452974152246685,0.0452974152246685,0.0222639606786319
14.6925462604222,0,-0.00458452472707301,0,14.6925462604222,-0.00458452472707301,-0.00458452472707301,-0.00458452472707301,0.0444254697733256
7.79044115240101,0,0.0350532910010923,0,7.79044115240101,0.0350532910010923,0.0350532910010923,0.0350532910010923,0.0585754206769742
11.0161041029769,0,-0.0031766917676102,0,11.0161041029769,-0.0031766917676102,-0.0031766917676102,-0.0031766917676102,0.0522005254908412
11.2420027298881,0,-0.0660500012093723,0,11.2420027298881,-0.0660500012093723,-0.0660500012093723,-0.0660500012093723,0.0384705888979592
27.9381463268887,0,-0.0196646199066465,0,27.9381463268887,-0.0196646199066465,-0.0196646199066465,-0.0196646199066465,0.0266030945529787
28.4056044215739,0,-0.0234835133541325,0,28.4056044215739,-0.0234835133541325,-0.0234835133541325,-0.0234835133541325,0.0460235649191708
9.44659083119766,0,-0.0979355343768668,0,9.44659083119766,-0.0979355343768668,-0.0979355343768668,-0.0979355343768668,0.106984919191722
10.6319539160187,0,0.00587821668928426,0,10.6319539160187,0.00587821668928426,0.00587821668928426,0.00587821668928426,0.0434639030773943
NA,NA,NA,NA,NA,NA,NA,NA,NA
14.5501339822123,0,-0.0241508994853178,0,14.5501339822123,-0.0241508994853178,-0.0241508994853178,-0.0241508994853178,0.0112761190742462
5.59197431763262,0,-0.0578220526680145,0,5.59197431763262,-0.0578220526680145,-0.0578220526680145,-0.0578220526680145,0.0290843221745671
7.10118523761685,0,-0.0285278978712163,0,7.10118523761685,-0.0285278978712163,-0.0285278978712163,-0.0285278978712163,0.0595492352872805
8.39406695268219,0,0.0167837864563465,0,8.39406695268219,0.0167837864563465,0.0167837864563465,0.0167837864563465,0.0322473662392579
15.3813680380744,0,-0.0235768509494856,0,15.3813680380744,-0.0235768509494856,-0.0235768509494856,-0.0235768509494856,0.0385600790656454
10.9419857642508,0,-0.0876235523401562,0,10.9419857642508,-0.0876235523401562,-0.0876235523401562,-0.0876235523401562,0.0336377588977628
9.567453602661,0,-0.0130573193727359,0,9.567453602661,-0.0130573193727359,-0.0130573193727359,-0.0130573193727359,0.0264340771076804
9.56764954052794,0,-0.00578932875863998,0,9.56764954052794,-0.00578932875863998,-0.00578932875863998,-0.00578932875863998,0.0288617279537588
9.58796747981615,0,0.00725905880614161,0,9.58796747981615,0.00725905880614161,0.00725905880614161,0.00725905880614161,0.0422687684348916
15.1454884083029,0,0.0687427351592194,0,15.1454884083029,0.0687427351592194,0.0687427351592194,0.0687427351592194,0.0334809714396658
9.03381024943225,0,-0.0258591277728825,0,9.03381024943225,-0.0258591277728825,-0.0258591277728825,-0.0258591277728825,0.0210013285642308
7.292171244769,0,0.0214216184583366,0,7.292171244769,0.0214216184583366,0.0214216184583366,0.0214216184583366,0.00787016036700002
10.6567948708008,0,0.0203455428827325,0,10.6567948708008,0.0203455428827325,0.0203455428827325,0.0203455428827325,0.0367174068081082
15.83958844307,0,0.0399832495665445,0,15.83958844307,0.0399832495665445,0.0399832495665445,0.0399832495665445,0.0130470310288665
17.7014293147066,0,0.0234372077444364,0,17.7014293147066,0.0234372077444364,0.0234372077444364,0.0234372077444364,0.0323786122878216
16.016217440795,0,-0.00369944404825601,0,16.016217440795,-0.00369944404825601,-0.00369944404825601,-0.00369944404825601,0.0376637682579198
6.35958088046694,0,-0.0328185793493547,0,6.35958088046694,-0.0328185793493547,-0.0328185793493547,-0.0328185793493547,0.0520581686434144
7.84913150076159,0,0.0206892300368871,0,7.84913150076159,0.0206892300368871,0.0206892300368871,0.0206892300368871,0.0125920499284639
11.3110693140974,0,0.00982781565554414,0,11.3110693140974,0.00982781565554414,0.00982781565554414,0.00982781565554414,0.0152975413868066
19.3344521561619,0,-0.0178892890128142,0,19.3344521561619,-0.0178892890128142,-0.0178892890128142,-0.0178892890128142,0.0322365626104049
12.3671082351961,0,0.0210231372322994,0,12.3671082351961,0.0210231372322994,0.0210231372322994,0.0210231372322994,0.0160828742749283
12.3654554745313,0,-0.0686880413546458,0,12.3654554745313,-0.0686880413546458,-0.0686880413546458,-0.0686880413546458,0.0513325050706189
19.2556223171704,0,0.0285945738844167,0,19.2556223171704,0.0285945738844167,0.0285945738844167,0.0285945738844167,0.0139726523520546
34.7312424253189,0,0.00360906084633839,0,34.7312424253189,0.00360906084633839,0.00360906084633839,0.00360906084633839,0.017575833019559
54.7209102152747,0,0.0196726221291343,0,54.7209102152747,0.0196726221291343,0.0196726221291343,0.0196726221291343,0.0109274670854921
11.6997668682815,0,-0.0454216119044559,0,11.6997668682815,-0.0454216119044559,-0.0454216119044559,-0.0454216119044559,0.105318046890987
8.22166390729103,0,0.0200227074138689,0,8.22166390729103,0.0200227074138689,0.0200227074138689,0.0200227074138689,0.0889316774406693
11.7030101268542,0,0.0664031592294417,0,11.7030101268542,0.0664031592294417,0.0664031592294417,0.0664031592294417,0.0318702419669784
7.36539602284415,0,-0.0247872150245361,0,7.36539602284415,-0.0247872150245361,-0.0247872150245361,-0.0247872150245361,0.114121672795408
9.34902839864339,0,-0.0319037471830898,0,9.34902839864339,-0.0319037471830898,-0.0319037471830898,-0.0319037471830898,0.0353702402159913
12.3611575522981,0,-0.0042723235541842,0,12.3611575522981,-0.0042723235541842,-0.0042723235541842,-0.0042723235541842,0.0564107009092355
11.8155784180346,0,0.132399483418963,0,11.8155784180346,0.132399483418963,0.132399483418963,0.132399483418963,0.0684128055131695
10.8363107906744,0,-0.028098390818107,0,10.8363107906744,-0.028098390818107,-0.028098390818107,-0.028098390818107,0.071926050301895
11.7003583105711,0,-0.00186774348468509,0,11.7003583105711,-0.00186774348468509,-0.00186774348468509,-0.00186774348468509,0.00589871207554302
14.1717804897526,0,0.027255899623745,0,14.1717804897526,0.027255899623745,0.027255899623745,0.027255899623745,0.0438772018708798
10.4916049522311,0,0.0132463173032987,0,10.4916049522311,0.0132463173032987,0.0132463173032987,0.0132463173032987,0.0267192917518445
12.491172371433,0,0.00616174807970621,0,12.491172371433,0.00616174807970621,0.00616174807970621,0.00616174807970621,0.0405245193389735
22.4190143092695,0,-0.000161199703742028,0,22.4190143092695,-0.000161199703742028,-0.000161199703742028,-0.000161199703742028,0.0167230245622351
23.3384346785706,0,0.0173424537425691,0,23.3384346785706,0.0173424537425691,0.0173424537425691,0.0173424537425691,0.0189266195413323
21.0471310356801,0,0.0617673658141888,0,21.0471310356801,0.0617673658141888,0.0617673658141888,0.0617673658141888,0.047052745863464
18.868464140174,0,-0.0601138815581494,0,18.868464140174,-0.0601138815581494,-0.0601138815581494,-0.0601138815581494,0.0841243606959225
130.216227665708,0,0.0198117493038606,0,130.216227665708,0.0198117493038606,0.0198117493038606,0.0198117493038606,0.0277236387216602
9.87654480749694,0,-0.0946232449189078,0,9.87654480749694,-0.0946232449189078,-0.0946232449189078,-0.0946232449189078,0.0836731049469832
15.7641037476623,0,0.0452974152246685,0,15.7641037476623,0.0452974152246685,0.0452974152246685,0.0452974152246685,0.0222639606786319
14.6925462604222,0,-0.00458452472707301,0,14.6925462604222,-0.00458452472707301,-0.00458452472707301,-0.00458452472707301,0.0444254697733256
7.79044115240101,0,0.0350532910010923,0,7.79044115240101,0.0350532910010923,0.0350532910010923,0.0350532910010923,0.0585754206769742
11.0161041029769,0,-0.0031766917676102,0,11.0161041029769,-0.0031766917676102,-0.0031766917676102,-0.0031766917676102,0.0522005254908412
11.2420027298881,0,-0.0660500012093723,0,11.2420027298881,-0.0660500012093723,-0.0660500012093723,-0.0660500012093723,0.0384705888979592
27.9381463268887,0,-0.0196646199066465,0,27.9381463268887,-0.0196646199066465,-0.0196646199066465,-0.0196646199066465,0.0266030945529787
28.4056044215739,0,-0.0234835133541325,0,28.4056044215739,-0.0234835133541325,-0.0234835133541325,-0.0234835133541325,0.0460235649191708
9.44659083119766,0,-0.0979355343768668,0,9.44659083119766,-0.0979355343768668,-0.0979355343768668,-0.0979355343768668,0.106984919191722
10.6319539160187,0,0.00587821668928426,0,10.6319539160187,0.00587821668928426,0.00587821668928426,0.00587821668928426,0.0434639030773943
NA,NA,NA,NA,NA,NA,NA,NA,NA
3.48138260502119,0,-0.0431716232209931,0,3.48138260502119,-0.0431716232209931,-0.0431716232209931,-0.0431716232209931,0.0321818721032191
5.59197431763262,0,-0.0578220526680145,0,5.59197431763262,-0.0578220526680145,-0.0578220526680145,-0.0578220526680145,0.0290843221745671
7.10118523761685,0,-0.0285278978712163,0,7.10118523761685,-0.0285278978712163,-0.0285278978712163,-0.0285278978712163,0.0595492352872805
8.39406695268219,0,0.0167837864563465,0,8.39406695268219,0.0167837864563465,0.0167837864563465,0.0167837864563465,0.0322473662392579
15.3813680380744,0,-0.0235768509494856,0,15.3813680380744,-0.0235768509494856,-0.0235768509494856,-0.0235768509494856,0.0385600790656454
10.9419857642508,0,-0.0876235523401562,0,10.9419857642508,-0.0876235523401562,-0.0876235523401562,-0.0876235523401562,0.0336377588977628
9.567453602661,0,-0.0130573193727359,0,9.567453602661,-0.0130573193727359,-0.0130573193727359,-0.0130573193727359,0.0264340771076804
9.56764954052794,0,-0.00578932875863998,0,9.56764954052794,-0.00578932875863998,-0.00578932875863998,-0.00578932875863998,0.0288617279537588
9.58796747981615,0,0.00725905880614161,0,9.58796747981615,0.00725905880614161,0.00725905880614161,0.00725905880614161,0.0422687684348916
15.1454884083029,0,0.0687427351592194,0,15.1454884083029,0.0687427351592194,0.0687427351592194,0.0687427351592194,0.0334809714396658
9.03381024943225,0,-0.0258591277728825,0,9.03381024943225,-0.0258591277728825,-0.0258591277728825,-0.0258591277728825,0.0210013285642308
7.292171244769,0,0.0214216184583366,0,7.292171244769,0.0214216184583366,0.0214216184583366,0.0214216184583366,0.00787016036700002
10.6567948708008,0,0.0203455428827325,0,10.6567948708008,0.0203455428827325,0.0203455428827325,0.0203455428827325,0.0367174068081082
15.83958844307,0,0.0399832495665445,0,15.83958844307,0.0399832495665445,0.0399832495665445,0.0399832495665445,0.0130470310288665
17.7014293147066,0,0.0234372077444364,0,17.7014293147066,0.0234372077444364,0.0234372077444364,0.0234372077444364,0.0323786122878216
16.016217440795,0,-0.00369944404825601,0,16.016217440795,-0.00369944404825601,-0.00369944404825601,-0.00369944404825601,0.0376637682579198
6.35958088046694,0,-0.0328185793493547,0,6.35958088046694,-0.0328185793493547,-0.0328185793493547,-0.0328185793493547,0.0520581686434144
7.84913150076159,0,0.0206892300368871,0,7.84913150076159,0.0206892300368871,0.0206892300368871,0.0206892300368871,0.0125920499284639
11.3110693140974,0,0.00982781565554414,0,11.3110693140974,0.00982781565554414,0.00982781565554414,0.00982781565554414,0.0152975413868066
19.3344521561619,0,-0.0178892890128142,0,19.3344521561619,-0.0178892890128142,-0.0178892890128142,-0.0178892890128142,0.0322365626104049
12.3671082351961,0,0.0210231372322994,0,12.3671082351961,0.0210231372322994,0.0210231372322994,0.0210231372322994,0.0160828742749283
12.3654554745313,0,-0.0686880413546458,0,12.3654554745313,-0.0686880413546458,-0.0686880413546458,-0.0686880413546458,0.0513325050706189
19.2556223171704,0,0.0285945738844167,0,19.2556223171704,0.0285945738844167,0.0285945738844167,0.0285945738844167,0.0139726523520546
34.7312424253189,0,0.00360906084633839,0,34.7312424253189,0.00360906084633839,0.00360906084633839,0.00360906084633839,0.017575833019559
54.7209102152747,0,0.0196726221291343,0,54.7209102152747,0.0196726221291343,0.0196726221291343,0.0196726221291343,0.0109274670854921
11.6997668682815,0,-0.0454216119044559,0,11.6997668682815,-0.0454216119044559,-0.0454216119044559,-0.0454216119044559,0.105318046890987
8.22166390729103,0,0.0200227074138689,0,8.22166390729103,0.0200227074138689,0.0200227074138689,0.0200227074138689,0.0889316774406693
11.7030101268542,0,0.0664031592294417,0,11.7030101268542,0.0664031592294417,0.0664031592294417,0.0664031592294417,0.0318702419669784
7.36539602284415,0,-0.0247872150245361,0,7.36539602284415,-0.0247872150245361,-0.0247872150245361,-0.0247872150245361,0.114121672795408
9.34902839864339,0,-0.0319037471830898,0,9.34902839864339,-0.0319037471830898,-0.0319037471830898,-0.0319037471830898,0.0353702402159913
12.3611575522981,0,-0.0042723235541842,0,12.3611575522981,-0.0042723235541842,-0.0042723235541842,-0.0042723235541842,0.0564107009092355
11.8155784180346,0,0.132399483418963,0,11.8155784180346,0.132399483418963,0.132399483418963,0.132399483418963,0.0684128055131695
10.8363107906744,0,-0.028098390818107,0,10.8363107906744,-0.028098390818107,-0.028098390818107,-0.028098390818107,0.071926050301895
11.7003583105711,0,-0.00186774348468509,0,11.7003583105711,-0.00186774348468509,-0.00186774348468509,-0.00186774348468509,0.00589871207554302
14.1717804897526,0,0.027255899623745,0,14.1717804897526,0.027255899623745,0.027255899623745,0.027255899623745,0.0438772018708798
10.4916049522311,0,0.0132463173032987,0,10.4916049522311,0.0132463173032987,0.0132463173032987,0.0132463173032987,0.0267192917518445
12.491172371433,0,0.00616174807970621,0,12.491172371433,0.00616174807970621,0.00616174807970621,0.00616174807970621,0.0405245193389735
22.4190143092695,0,-0.000161199703742028,0,22.4190143092695,-0.000161199703742028,-0.000161199703742028,-0.000161199703742028,0.0167230245622351
23.3384346785706,0,0.0173424537425691,0,23.3384346785706,0.0173424537425691,0.0173424537425691,0.0173424537425691,0.0189266195413323
21.0471310356801,0,0.0617673658141888,0,21.0471310356801,0.0617673658141888,0.0617673658141888,0.0617673658141888,0.047052745863464
18.868464140174,0,-0.0601138815581494,0,18.868464140174,-0.0601138815581494,-0.0601138815581494,-0.0601138815581494,0.0841243606959225
130.216227665708,0,0.0198117493038606,0,130.216227665708,0.0198117493038606,0.0198117493038606,0.0198117493038606,0.0277236387216602
9.87654480749694,0,-0.0946232449189078,0,9.87654480749694,-0.0946232449189078,-0.0946232449189078,-0.0946232449189078,0.0836731049469832
15.7641037476623,0,0.0452974152246685,0,15.7641037476623,0.0452974152246685,0.0452974152246685,0.0452974152246685,0.0222639606786319
14.6925462604222,0,-0.00458452472707301,0,14.6925462604222,-0.00458452472707301,-0.00458452472707301,-0.00458452472707301,0.0444254697733256
7.79044115240101,0,0.0350532910010923,0,7.79044115240101,0.0350532910010923,0.0350532910010923,0.0350532910010923,0.0585754206769742
11.0161041029769,0,-0.0031766917676102,0,11.0161041029769,-0.0031766917676102,-0.0031766917676102,-0.0031766917676102,0.0522005254908412
11.2420027298881,0,-0.0660500012093723,0,11.2420027298881,-0.0660500012093723,-0.0660500012093723,-0.0660500012093723,0.0384705888979592
27.9381463268887,0,-0.0196646199066465,0,27.9381463268887,-0.0196646199066465,-0.0196646199066465,-0.0196646199066465,0.0266030945529787
28.4056044215739,0,-0.0234835133541325,0,28.4056044215739,-0.0234835133541325,-0.0234835133541325,-0.0234835133541325,0.0460235649191708
9.44659083119766,0,-0.0979355343768668,0,9.44659083119766,-0.0979355343768668,-0.0979355343768668,-0.0979355343768668,0.106984919191722
10.6319539160187,0,0.00587821668928426,0,10.6319539160187,0.00587821668928426,0.00587821668928426,0.00587821668928426,0.0434639030773943
NA,NA,NA,NA,NA,NA,NA,NA,NA
3.48138260502119,0,-0.0431716232209931,0,3.48138260502119,-0.0431716232209931,-0.0431716232209931,-0.0431716232209931,0.0321818721032191
5.59197431763262,0,-0.0578220526680145,0,5.59197431763262,-0.0578220526680145,-0.0578220526680145,-0.0578220526680145,0.0290843221745671
7.10118523761685,0,-0.0285278978712163,0,7.10118523761685,-0.0285278978712163,-0.0285278978712163,-0.0285278978712163,0.0595492352872805
8.39406695268219,0,0.0167837864563465,0,8.39406695268219,0.0167837864563465,0.0167837864563465,0.0167837864563465,0.0322473662392579
15.3813680380744,0,-0.0235768509494856,0,15.3813680380744,-0.0235768509494856,-0.0235768509494856,-0.0235768509494856,0.0385600790656454
10.9419857642508,0,-0.0876235523401562,0,10.9419857642508,-0.0876235523401562,-0.0876235523401562,-0.0876235523401562,0.0336377588977628
9.567453602661,0,-0.0130573193727359,0,9.567453602661,-0.0130573193727359,-0.0130573193727359,-0.0130573193727359,0.0264340771076804
9.56764954052794,0,-0.00578932875863998,0,9.56764954052794,-0.00578932875863998,-0.00578932875863998,-0.00578932875863998,0.0288617279537588
9.58796747981615,0,0.00725905880614161,0,9.58796747981615,0.00725905880614161,0.00725905880614161,0.00725905880614161,0.0422687684348916
15.1454884083029,0,0.0687427351592194,0,15.1454884083029,0.0687427351592194,0.0687427351592194,0.0687427351592194,0.0334809714396658
9.03381024943225,0,-0.0258591277728825,0,9.03381024943225,-0.0258591277728825,-0.0258591277728825,-0.0258591277728825,0.0210013285642308
7.292171244769,0,0.0214216184583366,0,7.292171244769,0.0214216184583366,0.0214216184583366,0.0214216184583366,0.00787016036700002
10.6567948708008,0,0.0203455428827325,0,10.6567948708008,0.0203455428827325,0.0203455428827325,0.0203455428827325,0.0367174068081082
15.83958844307,0,0.0399832495665445,0,15.83958844307,0.0399832495665445,0.0399832495665445,0.0399832495665445,0.0130470310288665
17.7014293147066,0,0.0234372077444364,0,17.7014293147066,0.0234372077444364,0.0234372077444364,0.0234372077444364,0.0323786122878216
16.016217440795,0,-0.00369944404825601,0,16.016217440795,-0.00369944404825601,-0.00369944404825601,-0.00369944404825601,0.0376637682579198
6.35958088046694,0,-0.0328185793493547,0,6.35958088046694,-0.0328185793493547,-0.0328185793493547,-0.0328185793493547,0.0520581686434144
7.84913150076159,0,0.0206892300368871,0,7.84913150076159,0.0206892300368871,0.0206892300368871,0.0206892300368871,0.0125920499284639
11.3110693140974,0,0.00982781565554414,0,11.3110693140974,0.00982781565554414,0.00982781565554414,0.00982781565554414,0.0152975413868066
19.3344521561619,0,-0.0178892890128142,0,19.3344521561619,-0.0178892890128142,-0.0178892890128142,-0.0178892890128142,0.0322365626104049
12.3671082351961,0,0.0210231372322994,0,12.3671082351961,0.0210231372322994,0.0210231372322994,0.0210231372322994,0.0160828742749283
12.3654554745313,0,-0.0686880413546458,0,12.3654554745313,-0.0686880413546458,-0.0686880413546458,-0.0686880413546458,0.0513325050706189
19.2556223171704,0,0.0285945738844167,0,19.2556223171704,0.0285945738844167,0.0285945738844167,0.0285945738844167,0.0139726523520546
34.7312424253189,0,0.00360906084633839,0,34.7312424253189,0.00360906084633839,0.00360906084633839,0.00360906084633839,0.017575833019559
54.7209102152747,0,0.0196726221291343,0,54.7209102152747,0.0196726221291343,0.0196726221291343,0.0196726221291343,0.0109274670854921
11.6997668682815,0,-0.0454216119044559,0,11.6997668682815,-0.0454216119044559,-0.0454216119044559,-0.0454216119044559,0.105318046890987
8.22166390729103,0,0.0200227074138689,0,8.22166390729103,0.0200227074138689,0.0200227074138689,0.0200227074138689,0.0889316774406693
11.7030101268542,0,0.0664031592294417,0,11.7030101268542,0.0664031592294417,0.0664031592294417,0.0664031592294417,0.0318702419669784
7.36539602284415,0,-0.0247872150245361,0,7.36539602284415,-0.0247872150245361,-0.0247872150245361,-0.0247872150245361,0.114121672795408
9.34902839864339,0,-0.0319037471830898,0,9.34902839864339,-0.0319037471830898,-0.0319037471830898,-0.0319037471830898,0.0353702402159913
12.3611575522981,0,-0.0042723235541842,0,12.3611575522981,-0.0042723235541842,-0.0042723235541842,-0.0042723235541842,0.0564107009092355
11.8155784180346,0,0.132399483418963,0,11.8155784180346,0.132399483418963,0.132399483418963,0.132399483418963,0.0684128055131695
10.8363107906744,0,-0.028098390818107,0,10.8363107906744,-0.028098390818107,-0.028098390818107,-0.028098390818107,0.071926050301895
11.7003583105711,0,-0.00186774348468509,0,11.7003583105711,-0.00186774348468509,-0.00186774348468509,-0.00186774348468509,0.00589871207554302
14.1717804897526,0,0.027255899623745,0,14.1717804897526,0.027255899623745,0.027255899623745,0.027255899623745,0.0438772018708798
10.4916049522311,0,0.0132463173032987,0,10.4916049522311,0.0132463173032987,0.0132463173032987,0.0132463173032987,0.0267192917518445
12.491172371433,0,0.00616174807970621,0,12.491172371433,0.00616174807970621,0.00616174807970621,0.00616174807970621,0.0405245193389735
22.4190143092695,0,-0.000161199703742028,0,22.4190143092695,-0.000161199703742028,-0.000161199703742028,-0.000161199703742028,0.0167230245622351
23.3384346785706,0,0.0173424537425691,0,23.3384346785706,0.0173424537425691,0.0173424537425691,0.0173424537425691,0.0189266195413323
21.0471310356801,0,0.0617673658141888,0,21.0471310356801,0.0617673658141888,0.0617673658141888,0.0617673658141888,0.047052745863464
18.868464140174,0,-0.0601138815581494,0,18.868464140174,-0.0601138815581494,-0.0601138815581494,-0.0601138815581494,0.0841243606959225
130.216227665708,0,0.0198117493038606,0,130.216227665708,0.0198117493038606,0.0198117493038606,0.0198117493038606,0.0277236387216602
9.87654480749694,0,-0.0946232449189078,0,9.87654480749694,-0.0946232449189078,-0.0946232449189078,-0.0946232449189078,0.0836731049469832
15.7641037476623,0,0.0452974152246685,0,15.7641037476623,0.0452974152246685,0.0452974152246685,0.0452974152246685,0.0222639606786319
14.6925462604222,0,-0.00458452472707301,0,14.6925462604222,-0.00458452472707301,-0.00458452472707301,-0.00458452472707301,0.0444254697733256
7.79044115240101,0,0.0350532910010923,0,7.79044115240101,0.0350532910010923,0.0350532910010923,0.0350532910010923,0.0585754206769742
11.0161041029769,0,-0.0031766917676102,0,11.0161041029769,-0.0031766917676102,-0.0031766917676102,-0.0031766917676102,0.0522005254908412
11.2420027298881,0,-0.0660500012093723,0,11.2420027298881,-0.0660500012093723,-0.0660500012093723,-0.0660500012093723,0.0384705888979592
27.9381463268887,0,-0.0196646199066465,0,27.9381463268887,-0.0196646199066465,-0.0196646199066465,-0.0196646199066465,0.0266030945529787
28.4056044215739,0,-0.0234835133541325,0,28.4056044215739,-0.0234835133541325,-0.0234835133541325,-0.0234835133541325,0.0460235649191708
9.44659083119766,0,-0.0979355343768668,0,9.44659083119766,-0.0979355343768668,-0.0979355343768668,-0.0979355343768668,0.106984919191722
10.6319539160187,0,0.00587821668928426,0,10.6319539160187,0.00587821668928426,0.00587821668928426,0.00587821668928426,0.0434639030773943
NA,NA,NA,NA,NA,NA,NA,NA,NA
3.48138260502119,0,-0.0431716232209931,0,3.48138260502119,-0.0431716232209931,-0.0431716232209931,-0.0431716232209931,0.0321818721032191
5.59197431763262,0,-0.0578220526680145,0,5.59197431763262,-0.0578220526680145,-0.0578220526680145,-0.0578220526680145,0.0290843221745671
7.10118523761685,0,-0.0285278978712163,0,7.10118523761685,-0.0285278978712163,-0.0285278978712163,-0.0285278978712163,0.0595492352872805
8.39406695268219,0,0.0167837864563465,0,8.39406695268219,0.0167837864563465,0.0167837864563465,0.0167837864563465,0.0322473662392579
15.3813680380744,0,-0.0235768509494856,0,15.3813680380744,-0.0235768509494856,-0.0235768509494856,-0.0235768509494856,0.0385600790656454
10.9419857642508,0,-0.0876235523401562,0,10.9419857642508,-0.0876235523401562,-0.0876235523401562,-0.0876235523401562,0.0336377588977628
9.567453602661,0,-0.0130573193727359,0,9.567453602661,-0.0130573193727359,-0.0130573193727359,-0.0130573193727359,0.0264340771076804
9.56764954052794,0,-0.00578932875863998,0,9.56764954052794,-0.00578932875863998,-0.00578932875863998,-0.00578932875863998,0.0288617279537588
9.58796747981615,0,0.00725905880614161,0,9.58796747981615,0.00725905880614161,0.00725905880614161,0.00725905880614161,0.0422687684348916
15.1454884083029,0,0.0687427351592194,0,15.1454884083029,0.0687427351592194,0.0687427351592194,0.0687427351592194,0.0334809714396658
9.03381024943225,0,-0.0258591277728825,0,9.03381024943225,-0.0258591277728825,-0.0258591277728825,-0.0258591277728825,0.0210013285642308
7.292171244769,0,0.0214216184583366,0,7.292171244769,0.0214216184583366,0.0214216184583366,0.0214216184583366,0.00787016036700002
10.6567948708008,0,0.0203455428827325,0,10.6567948708008,0.0203455428827325,0.0203455428827325,0.0203455428827325,0.0367174068081082
15.83958844307,0,0.0399832495665445,0,15.83958844307,0.0399832495665445,0.0399832495665445,0.0399832495665445,0.0130470310288665
17.7014293147066,0,0.0234372077444364,0,17.7014293147066,0.0234372077444364,0.0234372077444364,0.0234372077444364,0.0323786122878216
16.016217440795,0,-0.00369944404825601,0,16.016217440795,-0.00369944404825601,-0.00369944404825601,-0.00369944404825601,0.0376637682579198
6.35958088046694,0,-0.0328185793493547,0,6.35958088046694,-0.0328185793493547,-0.0328185793493547,-0.0328185793493547,0.0520581686434144
7.84913150076159,0,0.0206892300368871,0,7.84913150076159,0.0206892300368871,0.0206892300368871,0.0206892300368871,0.0125920499284639
11.3110693140974,0,0.00982781565554414,0,11.3110693140974,0.00982781565554414,0.00982781565554414,0.00982781565554414,0.0152975413868066
19.3344521561619,0,-0.0178892890128142,0,19.3344521561619,-0.0178892890128142,-0.0178892890128142,-0.0178892890128142,0.0322365626104049
12.3671082351961,0,0.0210231372322994,0,12.3671082351961,0.0210231372322994,0.0210231372322994,0.0210231372322994,0.0160828742749283
12.3654554745313,0,-0.0686880413546458,0,12.3654554745313,-0.0686880413546458,-0.0686880413546458,-0.0686880413546458,0.0513325050706189
19.2556223171704,0,0.0285945738844167,0,19.2556223171704,0.0285945738844167,0.0285945738844167,0.0285945738844167,0.0139726523520546
34.7312424253189,0,0.00360906084633839,0,34.7312424253189,0.00360906084633839,0.00360906084633839,0.00360906084633839,0.017575833019559
54.7209102152747,0,0.0196726221291343,0,54.7209102152747,0.0196726221291343,0.0196726221291343,0.0196726221291343,0.0109274670854921
11.6997668682815,0,-0.0454216119044559,0,11.6997668682815,-0.0454216119044559,-0.0454216119044559,-0.0454216119044559,0.105318046890987
8.22166390729103,0,0.0200227074138689,0,8.22166390729103,0.0200227074138689,0.0200227074138689,0.0200227074138689,0.0889316774406693
11.7030101268542,0,0.0664031592294417,0,11.7030101268542,0.0664031592294417,0.0664031592294417,0.0664031592294417,0.0318702419669784
7.36539602284415,0,-0.0247872150245361,0,7.36539602284415,-0.0247872150245361,-0.0247872150245361,-0.0247872150245361,0.114121672795408
9.34902839864339,0,-0.0319037471830898,0,9.34902839864339,-0.0319037471830898,-0.0319037471830898,-0.0319037471830898,0.0353702402159913
12.3611575522981,0,-0.0042723235541842,0,12.3611575522981,-0.0042723235541842,-0.0042723235541842,-0.0042723235541842,0.0564107009092355
11.8155784180346,0,0.132399483418963,0,11.8155784180346,0.132399483418963,0.132399483418963,0.132399483418963,0.0684128055131695
10.8363107906744,0,-0.028098390818107,0,10.8363107906744,-0.028098390818107,-0.028098390818107,-0.028098390818107,0.071926050301895
11.7003583105711,0,-0.00186774348468509,0,11.7003583105711,-0.00186774348468509,-0.00186774348468509,-0.00186774348468509,0.00589871207554302
14.1717804897526,0,0.027255899623745,0,14.1717804897526,0.027255899623745,0.027255899623745,0.027255899623745,0.0438772018708798
10.4916049522311,0,0.0132463173032987,0,10.4916049522311,0.0132463173032987,0.0132463173032987,0.0132463173032987,0.0267192917518445
12.491172371433,0,0.00616174807970621,0,12.491172371433,0.00616174807970621,0.00616174807970621,0.00616174807970621,0.0405245193389735
22.4190143092695,0,-0.000161199703742028,0,22.4190143092695,-0.000161199703742028,-0.000161199703742028,-0.000161199703742028,0.0167230245622351
23.3384346785706,0,0.0173424537425691,0,23.3384346785706,0.0173424537425691,0.0173424537425691,0.0173424537425691,0.0189266195413323
21.0471310356801,0,0.0617673658141888,0,21.0471310356801,0.0617673658141888,0.0617673658141888,0.0617673658141888,0.047052745863464
18.868464140174,0,-0.0601138815581494,0,18.868464140174,-0.0601138815581494,-0.0601138815581494,-0.0601138815581494,0.0841243606959225
130.216227665708,0,0.0198117493038606,0,130.216227665708,0.0198117493038606,0.0198117493038606,0.0198117493038606,0.0277236387216602
9.87654480749694,0,-0.0946232449189078,0,9.87654480749694,-0.0946232449189078,-0.0946232449189078,-0.0946232449189078,0.0836731049469832
15.7641037476623,0,0.0452974152246685,0,15.7641037476623,0.0452974152246685,0.0452974152246685,0.0452974152246685,0.0222639606786319
14.6925462604222,0,-0.00458452472707301,0,14.6925462604222,-0.00458452472707301,-0.00458452472707301,-0.00458452472707301,0.0444254697733256
7.79044115240101,0,0.0350532910010923,0,7.79044115240101,0.0350532910010923,0.0350532910010923,0.0350532910010923,0.0585754206769742
11.0161041029769,0,-0.0031766917676102,0,11.0161041029769,-0.0031766917676102,-0.0031766917676102,-0.0031766917676102,0.0522005254908412
11.2420027298881,0,-0.0660500012093723,0,11.2420027298881,-0.0660500012093723,-0.0660500012093723,-0.0660500012093723,0.0384705888979592
27.9381463268887,0,-0.0196646199066465,0,27.9381463268887,-0.0196646199066465,-0.0196646199066465,-0.0196646199066465,0.0266030945529787
28.4056044215739,0,-0.0234835133541325,0,28.4056044215739,-0.0234835133541325,-0.0234835133541325,-0.0234835133541325,0.0460235649191708
9.44659083119766,0,-0.0979355343768668,0,9.44659083119766,-0.0979355343768668,-0.0979355343768668,-0.0979355343768668,0.106984919191722
10.6319539160187,0,0.00587821668928426,0,10.6319539160187,0.00587821668928426,0.00587821668928426,0.00587821668928426,0.0434639030773943
NA,NA,NA,NA,NA,NA,NA,NA,NA
3.48138260502119,0,-0.0431716232209931,0,3.48138260502119,-0.0431716232209931,-0.0431716232209931,-0.0431716232209931,0.0321818721032191
5.59197431763262,0,-0.0578220526680145,0,5.59197431763262,-0.0578220526680145,-0.0578220526680145,-0.0578220526680145,0.0290843221745671
7.10118523761685,0,-0.0285278978712163,0,7.10118523761685,-0.0285278978712163,-0.0285278978712163,-0.0285278978712163,0.0595492352872805
8.39406695268219,0,0.0167837864563465,0,8.39406695268219,0.0167837864563465,0.0167837864563465,0.0167837864563465,0.0322473662392579
15.3813680380744,0,-0.0235768509494856,0,15.3813680380744,-0.0235768509494856,-0.0235768509494856,-0.0235768509494856,0.0385600790656454
10.9419857642508,0,-0.0876235523401562,0,10.9419857642508,-0.0876235523401562,-0.0876235523401562,-0.0876235523401562,0.0336377588977628
9.567453602661,0,-0.0130573193727359,0,9.567453602661,-0.0130573193727359,-0.0130573193727359,-0.0130573193727359,0.0264340771076804
9.56764954052794,0,-0.00578932875863998,0,9.56764954052794,-0.00578932875863998,-0.00578932875863998,-0.00578932875863998,0.0288617279537588
9.58796747981615,0,0.00725905880614161,0,9.58796747981615,0.00725905880614161,0.00725905880614161,0.00725905880614161,0.0422687684348916
15.1454884083029,0,0.0687427351592194,0,15.1454884083029,0.0687427351592194,0.0687427351592194,0.0687427351592194,0.0334809714396658
9.03381024943225,0,-0.0258591277728825,0,9.03381024943225,-0.0258591277728825,-0.0258591277728825,-0.0258591277728825,0.0210013285642308
7.292171244769,0,0.0214216184583366,0,7.292171244769,0.0214216184583366,0.0214216184583366,0.0214216184583366,0.00787016036700002
10.6567948708008,0,0.0203455428827325,0,10.6567948708008,0.0203455428827325,0.0203455428827325,0.0203455428827325,0.0367174068081082
15.83958844307,0,0.0399832495665445,0,15.83958844307,0.0399832495665445,0.0399832495665445,0.0399832495665445,0.0130470310288665
17.7014293147066,0,0.0234372077444364,0,17.7014293147066,0.0234372077444364,0.0234372077444364,0.0234372077444364,0.0323786122878216
16.016217440795,0,-0.00369944404825601,0,16.016217440795,-0.00369944404825601,-0.00369944404825601,-0.00369944404825601,0.0376637682579198
6.35958088046694,0,-0.0328185793493547,0,6.35958088046694,-0.0328185793493547,-0.0328185793493547,-0.0328185793493547,0.0520581686434144
7.84913150076159,0,0.0206892300368871,0,7.84913150076159,0.0206892300368871,0.0206892300368871,0.0206892300368871,0.0125920499284639
11.3110693140974,0,0.00982781565554414,0,11.3110693140974,0.00982781565554414,0.00982781565554414,0.00982781565554414,0.0152975413868066
19.3344521561619,0,-0.0178892890128142,0,19.3344521561619,-0.0178892890128142,-0.0178892890128142,-0.0178892890128142,0.0322365626104049
12.3671082351961,0,0.0210231372322994,0,12.3671082351961,0.0210231372322994,0.0210231372322994,0.0210231372322994,0.0160828742749283
12.3654554745313,0,-0.0686880413546458,0,12.3654554745313,-0.0686880413546458,-0.0686880413546458,-0.0686880413546458,0.0513325050706189
19.2556223171704,0,0.0285945738844167,0,19.2556223171704,0.0285945738844167,0.0285945738844167,0.0285945738844167,0.0139726523520546
34.7312424253189,0,0.00360906084633839,0,34.7312424253189,0.00360906084633839,0.00360906084633839,0.00360906084633839,0.017575833019559
54.7209102152747,0,0.0196726221291343,0,54.7209102152747,0.0196726221291343,0.0196726221291343,0.0196726221291343,0.0109274670854921
11.6997668682815,0,-0.0454216119044559,0,11.6997668682815,-0.0454216119044559,-0.0454216119044559,-0.0454216119044559,0.105318046890987
8.22166390729103,0,0.0200227074138689,0,8.22166390729103,0.0200227074138689,0.0200227074138689,0.0200227074138689,0.0889316774406693
11.7030101268542,0,0.0664031592294417,0,11.7030101268542,0.0664031592294417,0.0664031592294417,0.0664031592294417,0.0318702419669784
7.36539602284415,0,-0.0247872150245361,0,7.36539602284415,-0.0247872150245361,-0.0247872150245361,-0.0247872150245361,0.114121672795408
9.34902839864339,0,-0.0319037471830898,0,9.34902839864339,-0.0319037471830898,-0.0319037471830898,-0.0319037471830898,0.0353702402159913
12.3611575522981,0,-0.0042723235541842,0,12.3611575522981,-0.0042723235541842,-0.0042723235541842,-0.0042723235541842,0.0564107009092355
11.8155784180346,0,0.132399483418963,0,11.8155784180346,0.132399483418963,0.132399483418963,0.132399483418963,0.0684128055131695
10.8363107906744,0,-0.028098390818107,0,10.8363107906744,-0.028098390818107,-0.028098390818107,-0.028098390818107,0.071926050301895
11.7003583105711,0,-0.00186774348468509,0,11.7003583105711,-0.00186774348468509,-0.00186774348468509,-0.00186774348468509,0.00589871207554302
14.1717804897526,0,0.027255899623745,0,14.1717804897526,0.027255899623745,0.027255899623745,0.027255899623745,0.0438772018708798
10.4916049522311,0,0.0132463173032987,0,10.4916049522311,0.0132463173032987,0.0132463173032987,0.0132463173032987,0.0267192917518445
12.491172371433,0,0.00616174807970621,0,12.491172371433,0.00616174807970621,0.00616174807970621,0.00616174807970621,0.0405245193389735
22.4190143092695,0,-0.000161199703742028,0,22.4190143092695,-0.000161199703742028,-0.000161199703742028,-0.000161199703742028,0.0167230245622351
23.3384346785706,0,0.0173424537425691,0,23.3384346785706,0.0173424537425691,0.0173424537425691,0.0173424537425691,0.0189266195413323
21.0471310356801,0,0.0617673658141888,0,21.0471310356801,0.0617673658141888,0.0617673658141888,0.0617673658141888,0.047052745863464
18.868464140174,0,-0.0601138815581494,0,18.868464140174,-0.0601138815581494,-0.0601138815581494,-0.0601138815581494,0.0841243606959225
130.216227665708,0,0.0198117493038606,0,130.216227665708,0.0198117493038606,0.0198117493038606,0.0198117493038606,0.0277236387216602
9.87654480749694,0,-0.0946232449189078,0,9.87654480749694,-0.0946232449189078,-0.0946232449189078,-0.0946232449189078,0.0836731049469832
15.7641037476623,0,0.0452974152246685,0,15.7641037476623,0.0452974152246685,0.0452974152246685,0.0452974152246685,0.0222639606786319
14.6925462604222,0,-0.00458452472707301,0,14.6925462604222,-0.00458452472707301,-0.00458452472707301,-0.00458452472707301,0.0444254697733256
7.79044115240101,0,0.0350532910010923,0,7.79044115240101,0.0350532910010923,0.0350532910010923,0.0350532910010923,0.0585754206769742
11.0161041029769,0,-0.0031766917676102,0,11.0161041029769,-0.0031766917676102,-0.0031766917676102,-0.0031766917676102,0.0522005254908412
11.2420027298881,0,-0.0660500012093723,0,11.2420027298881,-0.0660500012093723,-0.0660500012093723,-0.0660500012093723,0.0384705888979592
27.9381463268887,0,-0.0196646199066465,0,27.9381463268887,-0.0196646199066465,-0.0196646199066465,-0.0196646199066465,0.0266030945529787
28.4056044215739,0,-0.0234835133541325,0,28.4056044215739,-0.0234835133541325,-0.0234835133541325,-0.0234835133541325,0.0460235649191708
9.44659083119766,0,-0.0979355343768668,0,9.44659083119766,-0.0979355343768668,-0.0979355343768668,-0.0979355343768668,0.106984919191722
10.6319539160187,0,0.00587821668928426,0,10.6319539160187,0.00587821668928426,0.00587821668928426,0.00587821668928426,0.0434639030773943
NA,NA,NA,NA,NA,NA,NA,NA,NA
3.48138260502119,0,-0.0431716232209931,0,3.48138260502119,-0.0431716232209931,-0.0431716232209931,-0.0431716232209931,0.0321818721032191
5.59197431763262,0,-0.0578220526680145,0,5.59197431763262,-0.0578220526680145,-0.0578220526680145,-0.0578220526680145,0.0290843221745671
7.10118523761685,0,-0.0285278978712163,0,7.10118523761685,-0.0285278978712163,-0.0285278978712163,-0.0285278978712163,0.0595492352872805
8.39406695268219,0,0.0167837864563465,0,8.39406695268219,0.0167837864563465,0.0167837864563465,0.0167837864563465,0.0322473662392579
15.3813680380744,0,-0.0235768509494856,0,15.3813680380744,-0.0235768509494856,-0.0235768509494856,-0.0235768509494856,0.0385600790656454
10.9419857642508,0,-0.0876235523401562,0,10.9419857642508,-0.0876235523401562,-0.0876235523401562,-0.0876235523401562,0.0336377588977628
9.567453602661,0,-0.0130573193727359,0,9.567453602661,-0.0130573193727359,-0.0130573193727359,-0.0130573193727359,0.0264340771076804
9.56764954052794,0,-0.00578932875863998,0,9.56764954052794,-0.00578932875863998,-0.00578932875863998,-0.00578932875863998,0.0288617279537588
9.58796747981615,0,0.00725905880614161,0,9.58796747981615,0.00725905880614161,0.00725905880614161,0.00725905880614161,0.0422687684348916
15.1454884083029,0,0.0687427351592194,0,15.1454884083029,0.0687427351592194,0.0687427351592194,0.0687427351592194,0.0334809714396658
9.03381024943225,0,-0.0258591277728825,0,9.03381024943225,-0.0258591277728825,-0.0258591277728825,-0.0258591277728825,0.0210013285642308
7.292171244769,0,0.0214216184583366,0,7.292171244769,0.0214216184583366,0.0214216184583366,0.0214216184583366,0.00787016036700002
10.6567948708008,0,0.0203455428827325,0,10.6567948708008,0.0203455428827325,0.0203455428827325,0.0203455428827325,0.0367174068081082
15.83958844307,0,0.0399832495665445,0,15.83958844307,0.0399832495665445,0.0399832495665445,0.0399832495665445,0.0130470310288665
17.7014293147066,0,0.0234372077444364,0,17.7014293147066,0.0234372077444364,0.0234372077444364,0.0234372077444364,0.0323786122878216
16.016217440795,0,-0.00369944404825601,0,16.016217440795,-0.00369944404825601,-0.00369944404825601,-0.00369944404825601,0.0376637682579198
6.35958088046694,0,-0.0328185793493547,0,6.35958088046694,-0.0328185793493547,-0.0328185793493547,-0.0328185793493547,0.0520581686434144
7.84913150076159,0,0.0206892300368871,0,7.84913150076159,0.0206892300368871,0.0206892300368871,0.0206892300368871,0.0125920499284639
11.3110693140974,0,0.00982781565554414,0,11.3110693140974,0.00982781565554414,0.00982781565554414,0.00982781565554414,0.0152975413868066
19.3344521561619,0,-0.0178892890128142,0,19.3344521561619,-0.0178892890128142,-0.0178892890128142,-0.0178892890128142,0.0322365626104049
12.3671082351961,0,0.0210231372322994,0,12.3671082351961,0.0210231372322994,0.0210231372322994,0.0210231372322994,0.0160828742749283
12.3654554745313,0,-0.0686880413546458,0,12.3654554745313,-0.0686880413546458,-0.0686880413546458,-0.0686880413546458,0.0513325050706189
19.2556223171704,0,0.0285945738844167,0,19.2556223171704,0.0285945738844167,0.0285945738844167,0.0285945738844167,0.0139726523520546
34.7312424253189,0,0.00360906084633839,0,34.7312424253189,0.00360906084633839,0.00360906084633839,0.00360906084633839,0.017575833019559
54.7209102152747,0,0.0196726221291343,0,54.7209102152747,0.0196726221291343,0.0196726221291343,0.0196726221291343,0.0109274670854921
11.6997668682815,0,-0.0454216119044559,0,11.6997668682815,-0.0454216119044559,-0.0454216119044559,-0.0454216119044559,0.105318046890987
8.22166390729103,0,0.0200227074138689,0,8.22166390729103,0.0200227074138689,0.0200227074138689,0.0200227074138689,0.0889316774406693
11.7030101268542,0,0.0664031592294417,0,11.7030101268542,0.0664031592294417,0.0664031592294417,0.0664031592294417,0.0318702419669784
7.36539602284415,0,-0.0247872150245361,0,7.36539602284415,-0.0247872150245361,-0.0247872150245361,-0.0247872150245361,0.114121672795408
9.34902839864339,0,-0.0319037471830898,0,9.34902839864339,-0.0319037471830898,-0.0319037471830898,-0.0319037471830898,0.0353702402159913
12.3611575522981,0,-0.0042723235541842,0,12.3611575522981,-0.0042723235541842,-0.0042723235541842,-0.0042723235541842,0.0564107009092355
11.8155784180346,0,0.132399483418963,0,11.8155784180346,0.132399483418963,0.132399483418963,0.132399483418963,0.0684128055131695
10.8363107906744,0,-0.028098390818107,0,10.8363107906744,-0.028098390818107,-0.028098390818107,-0.028098390818107,0.071926050301895
11.7003583105711,0,-0.00186774348468509,0,11.7003583105711,-0.00186774348468509,-0.00186774348468509,-0.00186774348468509,0.00589871207554302
14.1717804897526,0,0.027255899623745,0,14.1717804897526,0.027255899623745,0.027255899623745,0.027255899623745,0.0438772018708798
10.4916049522311,0,0.0132463173032987,0,10.4916049522311,0.0132463173032987,0.0132463173032987,0.0132463173032987,0.0267192917518445
12.491172371433,0,0.00616174807970621,0,12.491172371433,0.00616174807970621,0.00616174807970621,0.00616174807970621,0.0405245193389735
22.4190143092695,0,-0.000161199703742028,0,22.4190143092695,-0.000161199703742028,-0.000161199703742028,-0.000161199703742028,0.0167230245622351
23.3384346785706,0,0.0173424537425691,0,23.3384346785706,0.0173424537425691,0.0173424537425691,0.0173424537425691,0.0189266195413323
21.0471310356801,0,0.0617673658141888,0,21.0471310356801,0.0617673658141888,0.0617673658141888,0.0617673658141888,0.047052745863464
18.868464140174,0,-0.0601138815581494,0,18.868464140174,-0.0601138815581494,-0.0601138815581494,-0.0601138815581494,0.0841243606959225
130.216227665708,0,0.0198117493038606,0,130.216227665708,0.0198117493038606,0.0198117493038606,0.0198117493038606,0.0277236387216602
9.87654480749694,0,-0.0946232449189078,0,9.87654480749694,-0.0946232449189078,-0.0946232449189078,-0.0946232449189078,0.0836731049469832
15.7641037476623,0,0.0452974152246685,0,15.7641037476623,0.0452974152246685,0.0452974152246685,0.0452974152246685,0.0222639606786319
14.6925462604222,0,-0.00458452472707301,0,14.6925462604222,-0.00458452472707301,-0.00458452472707301,-0.00458452472707301,0.0444254697733256
7.79044115240101,0,0.0350532910010923,0,7.79044115240101,0.0350532910010923,0.0350532910010923,0.0350532910010923,0.0585754206769742
11.0161041029769,0,-0.0031766917676102,0,11.0161041029769,-0.0031766917676102,-0.0031766917676102,-0.0031766917676102,0.0522005254908412
11.2420027298881,0,-0.0660500012093723,0,11.2420027298881,-0.0660500012093723,-0.0660500012093723,-0.0660500012093723,0.0384705888979592
27.9381463268887,0,-0.0196646199066465,0,27.9381463268887,-0.0196646199066465,-0.0196646199066465,-0.0196646199066465,0.0266030945529787
28.4056044215739,0,-0.0234835133541325,0,28.4056044215739,-0.0234835133541325,-0.0234835133541325,-0.0234835133541325,0.0460235649191708
9.44659083119766,0,-0.0979355343768668,0,9.44659083119766,-0.0979355343768668,-0.0979355343768668,-0.0979355343768668,0.106984919191722
10.6319539160187,0,0.00587821668928426,0,10.6319539160187,0.00587821668928426,0.00587821668928426,0.00587821668928426,0.0434639030773943
NA,NA,NA,NA,NA,NA,NA,NA,NA
3.48138260502119,0,-0.0431716232209931,0,3.48138260502119,-0.0431716232209931,-0.0431716232209931,-0.0431716232209931,0.0321818721032191
5.59197431763262,0,-0.0578220526680145,0,5.59197431763262,-0.0578220526680145,-0.0578220526680145,-0.0578220526680145,0.0290843221745671
7.10118523761685,0,-0.0285278978712163,0,7.10118523761685,-0.0285278978712163,-0.0285278978712163,-0.0285278978712163,0.0595492352872805
8.39406695268219,0,0.0167837864563465,0,8.39406695268219,0.0167837864563465,0.0167837864563465,0.0167837864563465,0.0322473662392579
15.3813680380744,0,-0.0235768509494856,0,15.3813680380744,-0.0235768509494856,-0.0235768509494856,-0.0235768509494856,0.0385600790656454
10.9419857642508,0,-0.0876235523401562,0,10.9419857642508,-0.0876235523401562,-0.0876235523401562,-0.0876235523401562,0.0336377588977628
9.567453602661,0,-0.0130573193727359,0,9.567453602661,-0.0130573193727359,-0.0130573193727359,-0.0130573193727359,0.0264340771076804
9.56764954052794,0,-0.00578932875863998,0,9.56764954052794,-0.00578932875863998,-0.00578932875863998,-0.00578932875863998,0.0288617279537588
9.58796747981615,0,0.00725905880614161,0,9.58796747981615,0.00725905880614161,0.00725905880614161,0.00725905880614161,0.0422687684348916
15.1454884083029,0,0.0687427351592194,0,15.1454884083029,0.0687427351592194,0.0687427351592194,0.0687427351592194,0.0334809714396658
9.03381024943225,0,-0.0258591277728825,0,9.03381024943225,-0.0258591277728825,-0.0258591277728825,-0.0258591277728825,0.0210013285642308
7.292171244769,0,0.0214216184583366,0,7.292171244769,0.0214216184583366,0.0214216184583366,0.0214216184583366,0.00787016036700002
10.6567948708008,0,0.0203455428827325,0,10.6567948708008,0.0203455428827325,0.0203455428827325,0.0203455428827325,0.0367174068081082
15.83958844307,0,0.0399832495665445,0,15.83958844307,0.0399832495665445,0.0399832495665445,0.0399832495665445,0.0130470310288665
17.7014293147066,0,0.0234372077444364,0,17.7014293147066,0.0234372077444364,0.0234372077444364,0.0234372077444364,0.0323786122878216
16.016217440795,0,-0.00369944404825601,0,16.016217440795,-0.00369944404825601,-0.00369944404825601,-0.00369944404825601,0.0376637682579198
6.35958088046694,0,-0.0328185793493547,0,6.35958088046694,-0.0328185793493547,-0.0328185793493547,-0.0328185793493547,0.0520581686434144
7.84913150076159,0,0.0206892300368871,0,7.84913150076159,0.0206892300368871,0.0206892300368871,0.0206892300368871,0.0125920499284639
11.3110693140974,0,0.00982781565554414,0,11.3110693140974,0.00982781565554414,0.00982781565554414,0.00982781565554414,0.0152975413868066
19.3344521561619,0,-0.0178892890128142,0,19.3344521561619,-0.0178892890128142,-0.0178892890128142,-0.0178892890128142,0.0322365626104049
12.3671082351961,0,0.0210231372322994,0,12.3671082351961,0.0210231372322994,0.0210231372322994,0.0210231372322994,0.0160828742749283
12.3654554745313,0,-0.0686880413546458,0,12.3654554745313,-0.0686880413546458,-0.0686880413546458,-0.0686880413546458,0.0513325050706189
19.2556223171704,0,0.0285945738844167,0,19.2556223171704,0.0285945738844167,0.0285945738844167,0.0285945738844167,0.0139726523520546
34.7312424253189,0,0.00360906084633839,0,34.7312424253189,0.00360906084633839,0.00360906084633839,0.00360906084633839,0.017575833019559
54.7209102152747,0,0.0196726221291343,0,54.7209102152747,0.0196726221291343,0.0196726221291343,0.0196726221291343,0.0109274670854921
11.6997668682815,0,-0.0454216119044559,0,11.6997668682815,-0.0454216119044559,-0.0454216119044559,-0.0454216119044559,0.105318046890987
8.22166390729103,0,0.0200227074138689,0,8.22166390729103,0.0200227074138689,0.0200227074138689,0.0200227074138689,0.0889316774406693
11.7030101268542,0,0.0664031592294417,0,11.7030101268542,0.0664031592294417,0.0664031592294417,0.0664031592294417,0.0318702419669784
7.36539602284415,0,-0.0247872150245361,0,7.36539602284415,-0.0247872150245361,-0.0247872150245361,-0.0247872150245361,0.114121672795408
9.34902839864339,0,-0.0319037471830898,0,9.34902839864339,-0.0319037471830898,-0.0319037471830898,-0.0319037471830898,0.0353702402159913
12.3611575522981,0,-0.0042723235541842,0,12.3611575522981,-0.0042723235541842,-0.0042723235541842,-0.0042723235541842,0.0564107009092355
11.8155784180346,0,0.132399483418963,0,11.8155784180346,0.132399483418963,0.132399483418963,0.132399483418963,0.0684128055131695
10.8363107906744,0,-0.028098390818107,0,10.8363107906744,-0.028098390818107,-0.028098390818107,-0.028098390818107,0.071926050301895
11.7003583105711,0,-0.00186774348468509,0,11.7003583105711,-0.00186774348468509,-0.00186774348468509,-0.00186774348468509,0.00589871207554302
14.1717804897526,0,0.027255899623745,0,14.1717804897526,0.027255899623745,0.027255899623745,0.027255899623745,0.0438772018708798
10.4916049522311,0,0.0132463173032987,0,10.4916049522311,0.0132463173032987,0.0132463173032987,0.0132463173032987,0.0267192917518445
12.491172371433,0,0.00616174807970621,0,12.491172371433,0.00616174807970621,0.00616174807970621,0.00616174807970621,0.0405245193389735
22.4190143092695,0,-0.000161199703742028,0,22.4190143092695,-0.000161199703742028,-0.000161199703742028,-0.000161199703742028,0.0167230245622351
23.3384346785706,0,0.0173424537425691,0,23.3384346785706,0.0173424537425691,0.0173424537425691,0.0173424537425691,0.0189266195413323
21.0471310356801,0,0.0617673658141888,0,21.0471310356801,0.0617673658141888,0.0617673658141888,0.0617673658141888,0.047052745863464
18.868464140174,0,-0.0601138815581494,0,18.868464140174,-0.0601138815581494,-0.0601138815581494,-0.0601138815581494,0.0841243606959225
130.216227665708,0,0.0198117493038606,0,130.216227665708,0.0198117493038606,0.0198117493038606,0.0198117493038606,0.0277236387216602
9.87654480749694,0,-0.0946232449189078,0,9.87654480749694,-0.0946232449189078,-0.0946232449189078,-0.0946232449189078,0.0836731049469832
15.7641037476623,0,0.0452974152246685,0,15.7641037476623,0.0452974152246685,0.0452974152246685,0.0452974152246685,0.0222639606786319
14.6925462604222,0,-0.00458452472707301,0,14.6925462604222,-0.00458452472707301,-0.00458452472707301,-0.00458452472707301,0.0444254697733256
7.79044115240101,0,0.0350532910010923,0,7.79044115240101,0.0350532910010923,0.0350532910010923,0.0350532910010923,0.0585754206769742
11.0161041029769,0,-0.0031766917676102,0,11.0161041029769,-0.0031766917676102,-0.0031766917676102,-0.0031766917676102,0.0522005254908412
11.2420027298881,0,-0.0660500012093723,0,11.2420027298881,-0.0660500012093723,-0.0660500012093723,-0.0660500012093723,0.0384705888979592
27.9381463268887,0,-0.0196646199066465,0,27.9381463268887,-0.0196646199066465,-0.0196646199066465,-0.0196646199066465,0.0266030945529787
28.4056044215739,0,-0.0234835133541325,0,28.4056044215739,-0.0234835133541325,-0.0234835133541325,-0.0234835133541325,0.0460235649191708
9.44659083119766,0,-0.0979355343768668,0,9.44659083119766,-0.0979355343768668,-0.0979355343768668,-0.0979355343768668,0.106984919191722
10.6319539160187,0,0.00587821668928426,0,10.6319539160187,0.00587821668928426,0.00587821668928426,0.00587821668928426,0.0434639030773943
NA,NA,NA,NA,NA,NA,NA,NA,NA
3.48138260502119,0,-0.0431716232209931,0,3.48138260502119,-0.0431716232209931,-0.0431716232209931,-0.0431716232209931,0.0321818721032191
5.59197431763262,0,-0.0578220526680145,0,5.59197431763262,-0.0578220526680145,-0.0578220526680145,-0.0578220526680145,0.0290843221745671
7.10118523761685,0,-0.0285278978712163,0,7.10118523761685,-0.0285278978712163,-0.0285278978712163,-0.0285278978712163,0.0595492352872805
8.39406695268219,0,0.0167837864563465,0,8.39406695268219,0.0167837864563465,0.0167837864563465,0.0167837864563465,0.0322473662392579
15.3813680380744,0,-0.0235768509494856,0,15.3813680380744,-0.0235768509494856,-0.0235768509494856,-0.0235768509494856,0.0385600790656454
10.9419857642508,0,-0.0876235523401562,0,10.9419857642508,-0.0876235523401562,-0.0876235523401562,-0.0876235523401562,0.0336377588977628
9.567453602661,0,-0.0130573193727359,0,9.567453602661,-0.0130573193727359,-0.0130573193727359,-0.0130573193727359,0.0264340771076804
9.56764954052794,0,-0.00578932875863998,0,9.56764954052794,-0.00578932875863998,-0.00578932875863998,-0.00578932875863998,0.0288617279537588
9.58796747981615,0,0.00725905880614161,0,9.58796747981615,0.00725905880614161,0.00725905880614161,0.00725905880614161,0.0422687684348916
15.1454884083029,0,0.0687427351592194,0,15.1454884083029,0.0687427351592194,0.0687427351592194,0.0687427351592194,0.0334809714396658
9.03381024943225,0,-0.0258591277728825,0,9.03381024943225,-0.0258591277728825,-0.0258591277728825,-0.0258591277728825,0.0210013285642308
7.292171244769,0,0.0214216184583366,0,7.292171244769,0.0214216184583366,0.0214216184583366,0.0214216184583366,0.00787016036700002
10.6567948708008,0,0.0203455428827325,0,10.6567948708008,0.0203455428827325,0.0203455428827325,0.0203455428827325,0.0367174068081082
15.83958844307,0,0.0399832495665445,0,15.83958844307,0.0399832495665445,0.0399832495665445,0.0399832495665445,0.0130470310288665
17.7014293147066,0,0.0234372077444364,0,17.7014293147066,0.0234372077444364,0.0234372077444364,0.0234372077444364,0.0323786122878216
16.016217440795,0,-0.00369944404825601,0,16.016217440795,-0.00369944404825601,-0.00369944404825601,-0.00369944404825601,0.0376637682579198
6.35958088046694,0,-0.0328185793493547,0,6.35958088046694,-0.0328185793493547,-0.0328185793493547,-0.0328185793493547,0.0520581686434144
7.84913150076159,0,0.0206892300368871,0,7.84913150076159,0.0206892300368871,0.0206892300368871,0.0206892300368871,0.0125920499284639
11.3110693140974,0,0.00982781565554414,0,11.3110693140974,0.00982781565554414,0.00982781565554414,0.00982781565554414,0.0152975413868066
19.3344521561619,0,-0.0178892890128142,0,19.3344521561619,-0.0178892890128142,-0.0178892890128142,-0.0178892890128142,0.0322365626104049
12.3671082351961,0,0.0210231372322994,0,12.3671082351961,0.0210231372322994,0.0210231372322994,0.0210231372322994,0.0160828742749283
12.3654554745313,0,-0.0686880413546458,0,12.3654554745313,-0.0686880413546458,-0.0686880413546458,-0.0686880413546458,0.0513325050706189
19.2556223171704,0,0.0285945738844167,0,19.2556223171704,0.0285945738844167,0.0285945738844167,0.0285945738844167,0.0139726523520546
34.7312424253189,0,0.00360906084633839,0,34.7312424253189,0.00360906084633839,0.00360906084633839,0.00360906084633839,0.017575833019559
54.7209102152747,0,0.0196726221291343,0,54.7209102152747,0.0196726221291343,0.0196726221291343,0.0196726221291343,0.0109274670854921
11.6997668682815,0,-0.0454216119044559,0,11.6997668682815,-0.0454216119044559,-0.0454216119044559,-0.0454216119044559,0.105318046890987
8.22166390729103,0,0.0200227074138689,0,8.22166390729103,0.0200227074138689,0.0200227074138689,0.0200227074138689,0.0889316774406693
11.7030101268542,0,0.0664031592294417,0,11.7030101268542,0.0664031592294417,0.0664031592294417,0.0664031592294417,0.0318702419669784
7.36539602284415,0,-0.0247872150245361,0,7.36539602284415,-0.0247872150245361,-0.0247872150245361,-0.0247872150245361,0.114121672795408
9.34902839864339,0,-0.0319037471830898,0,9.34902839864339,-0.0319037471830898,-0.0319037471830898,-0.0319037471830898,0.0353702402159913
12.3611575522981,0,-0.0042723235541842,0,12.3611575522981,-0.0042723235541842,-0.0042723235541842,-0.0042723235541842,0.0564107009092355
11.8155784180346,0,0.132399483418963,0,11.8155784180346,0.132399483418963,0.132399483418963,0.132399483418963,0.0684128055131695
10.8363107906744,0,-0.028098390818107,0,10.8363107906744,-0.028098390818107,-0.028098390818107,-0.028098390818107,0.071926050301895
11.7003583105711,0,-0.00186774348468509,0,11.7003583105711,-0.00186774348468509,-0.00186774348468509,-0.00186774348468509,0.00589871207554302
14.1717804897526,0,0.027255899623745,0,14.1717804897526,0.027255899623745,0.027255899623745,0.027255899623745,0.0438772018708798
10.4916049522311,0,0.0132463173032987,0,10.4916049522311,0.0132463173032987,0.0132463173032987,0.0132463173032987,0.0267192917518445
12.491172371433,0,0.00616174807970621,0,12.491172371433,0.00616174807970621,0.00616174807970621,0.00616174807970621,0.0405245193389735
22.4190143092695,0,-0.000161199703742028,0,22.4190143092695,-0.000161199703742028,-0.000161199703742028,-0.000161199703742028,0.0167230245622351
23.3384346785706,0,0.0173424537425691,0,23.3384346785706,0.0173424537425691,0.0173424537425691,0.0173424537425691,0.0189266195413323
21.0471310356801,0,0.0617673658141888,0,21.0471310356801,0.0617673658141888,0.0617673658141888,0.0617673658141888,0.047052745863464
18.868464140174,0,-0.0601138815581494,0,18.868464140174,-0.0601138815581494,-0.0601138815581494,-0.0601138815581494,0.0841243606959225
130.216227665708,0,0.0198117493038606,0,130.216227665708,0.0198117493038606,0.0198117493038606,0.0198117493038606,0.0277236387216602
9.87654480749694,0,-0.0946232449189078,0,9.87654480749694,-0.0946232449189078,-0.0946232449189078,-0.0946232449189078,0.0836731049469832
15.7641037476623,0,0.0452974152246685,0,15.7641037476623,0.0452974152246685,0.0452974152246685,0.0452974152246685,0.0222639606786319
14.6925462604222,0,-0.00458452472707301,0,14.6925462604222,-0.00458452472707301,-0.00458452472707301,-0.00458452472707301,0.0444254697733256
7.79044115240101,0,0.0350532910010923,0,7.79044115240101,0.0350532910010923,0.0350532910010923,0.0350532910010923,0.0585754206769742
11.0161041029769,0,-0.0031766917676102,0,11.0161041029769,-0.0031766917676102,-0.0031766917676102,-0.0031766917676102,0.0522005254908412
11.2420027298881,0,-0.0660500012093723,0,11.2420027298881,-0.0660500012093723,-0.0660500012093723,-0.0660500012093723,0.0384705888979592
27.9381463268887,0,-0.0196646199066465,0,27.9381463268887,-0.0196646199066465,-0.0196646199066465,-0.0196646199066465,0.0266030945529787
28.4056044215739,0,-0.0234835133541325,0,28.4056044215739,-0.0234835133541325,-0.0234835133541325,-0.0234835133541325,0.0460235649191708
9.44659083119766,0,-0.0979355343768668,0,9.44659083119766,-0.0979355343768668,-0.0979355343768668,-0.0979355343768668,0.106984919191722
10.6319539160187,0,0.00587821668928426,0,10.6319539160187,0.00587821668928426,0.00587821668928426,0.00587821668928426,0.0434639030773943
NA,NA,NA,NA,NA,NA,NA,NA,NA
3.48138260502119,0,-0.0431716232209931,0,3.48138260502119,-0.0431716232209931,-0.0431716232209931,-0.0431716232209931,0.0321818721032191
5.59197431763262,0,-0.0578220526680145,0,5.59197431763262,-0.0578220526680145,-0.0578220526680145,-0.0578220526680145,0.0290843221745671
7.10118523761685,0,-0.0285278978712163,0,7.10118523761685,-0.0285278978712163,-0.0285278978712163,-0.0285278978712163,0.0595492352872805
8.39406695268219,0,0.0167837864563465,0,8.39406695268219,0.0167837864563465,0.0167837864563465,0.0167837864563465,0.0322473662392579
15.3813680380744,0,-0.0235768509494856,0,15.3813680380744,-0.0235768509494856,-0.0235768509494856,-0.0235768509494856,0.0385600790656454
10.9419857642508,0,-0.0876235523401562,0,10.9419857642508,-0.0876235523401562,-0.0876235523401562,-0.0876235523401562,0.0336377588977628
9.567453602661,0,-0.0130573193727359,0,9.567453602661,-0.0130573193727359,-0.0130573193727359,-0.0130573193727359,0.0264340771076804
9.56764954052794,0,-0.00578932875863998,0,9.56764954052794,-0.00578932875863998,-0.00578932875863998,-0.00578932875863998,0.0288617279537588
9.58796747981615,0,0.00725905880614161,0,9.58796747981615,0.00725905880614161,0.00725905880614161,0.00725905880614161,0.0422687684348916
15.1454884083029,0,0.0687427351592194,0,15.1454884083029,0.0687427351592194,0.0687427351592194,0.0687427351592194,0.0334809714396658
9.03381024943225,0,-0.0258591277728825,0,9.03381024943225,-0.0258591277728825,-0.0258591277728825,-0.0258591277728825,0.0210013285642308
7.292171244769,0,0.0214216184583366,0,7.292171244769,0.0214216184583366,0.0214216184583366,0.0214216184583366,0.00787016036700002
10.6567948708008,0,0.0203455428827325,0,10.6567948708008,0.0203455428827325,0.0203455428827325,0.0203455428827325,0.0367174068081082
15.83958844307,0,0.0399832495665445,0,15.83958844307,0.0399832495665445,0.0399832495665445,0.0399832495665445,0.0130470310288665
17.7014293147066,0,0.0234372077444364,0,17.7014293147066,0.0234372077444364,0.0234372077444364,0.0234372077444364,0.0323786122878216
16.016217440795,0,-0.00369944404825601,0,16.016217440795,-0.00369944404825601,-0.00369944404825601,-0.00369944404825601,0.0376637682579198
6.35958088046694,0,-0.0328185793493547,0,6.35958088046694,-0.0328185793493547,-0.0328185793493547,-0.0328185793493547,0.0520581686434144
7.84913150076159,0,0.0206892300368871,0,7.84913150076159,0.0206892300368871,0.0206892300368871,0.0206892300368871,0.0125920499284639
11.3110693140974,0,0.00982781565554414,0,11.3110693140974,0.00982781565554414,0.00982781565554414,0.00982781565554414,0.0152975413868066
19.3344521561619,0,-0.0178892890128142,0,19.3344521561619,-0.0178892890128142,-0.0178892890128142,-0.0178892890128142,0.0322365626104049
12.3671082351961,0,0.0210231372322994,0,12.3671082351961,0.0210231372322994,0.0210231372322994,0.0210231372322994,0.0160828742749283
12.3654554745313,0,-0.0686880413546458,0,12.3654554745313,-0.0686880413546458,-0.0686880413546458,-0.0686880413546458,0.0513325050706189
19.2556223171704,0,0.0285945738844167,0,19.2556223171704,0.0285945738844167,0.0285945738844167,0.0285945738844167,0.0139726523520546
34.7312424253189,0,0.00360906084633839,0,34.7312424253189,0.00360906084633839,0.00360906084633839,0.00360906084633839,0.017575833019559
54.7209102152747,0,0.0196726221291343,0,54.7209102152747,0.0196726221291343,0.0196726221291343,0.0196726221291343,0.0109274670854921
11.6997668682815,0,-0.0454216119044559,0,11.6997668682815,-0.0454216119044559,-0.0454216119044559,-0.0454216119044559,0.105318046890987
8.22166390729103,0,0.0200227074138689,0,8.22166390729103,0.0200227074138689,0.0200227074138689,0.0200227074138689,0.0889316774406693
11.7030101268542,0,0.0664031592294417,0,11.7030101268542,0.0664031592294417,0.0664031592294417,0.0664031592294417,0.0318702419669784
7.36539602284415,0,-0.0247872150245361,0,7.36539602284415,-0.0247872150245361,-0.0247872150245361,-0.0247872150245361,0.114121672795408
9.34902839864339,0,-0.0319037471830898,0,9.34902839864339,-0.0319037471830898,-0.0319037471830898,-0.0319037471830898,0.0353702402159913
12.3611575522981,0,-0.0042723235541842,0,12.3611575522981,-0.0042723235541842,-0.0042723235541842,-0.0042723235541842,0.0564107009092355
7.0066302655783,0,0.128930535718218,0,7.0066302655783,0.128930535718218,0.128930535718218,0.128930535718218,0.0770272502904336
10.8363107906744,0,-0.028098390818107,0,10.8363107906744,-0.028098390818107,-0.028098390818107,-0.028098390818107,0.071926050301895
11.7003583105711,0,-0.00186774348468509,0,11.7003583105711,-0.00186774348468509,-0.00186774348468509,-0.00186774348468509,0.00589871207554302
14.1717804897526,0,0.027255899623745,0,14.1717804897526,0.027255899623745,0.027255899623745,0.027255899623745,0.0438772018708798
10.4916049522311,0,0.0132463173032987,0,10.4916049522311,0.0132463173032987,0.0132463173032987,0.0132463173032987,0.0267192917518445
12.491172371433,0,0.00616174807970621,0,12.491172371433,0.00616174807970621,0.00616174807970621,0.00616174807970621,0.0405245193389735
22.4190143092695,0,-0.000161199703742028,0,22.4190143092695,-0.000161199703742028,-0.000161199703742028,-0.000161199703742028,0.0167230245622351
23.3384346785706,0,0.0173424537425691,0,23.3384346785706,0.0173424537425691,0.0173424537425691,0.0173424537425691,0.0189266195413323
21.0471310356801,0,0.0617673658141888,0,21.0471310356801,0.0617673658141888,0.0617673658141888,0.0617673658141888,0.047052745863464
18.868464140174,0,-0.0601138815581494,0,18.868464140174,-0.0601138815581494,-0.0601138815581494,-0.0601138815581494,0.0841243606959225
130.216227665708,0,0.0198117493038606,0,130.216227665708,0.0198117493038606,0.0198117493038606,0.0198117493038606,0.0277236387216602
9.87654480749694,0,-0.0946232449189078,0,9.87654480749694,-0.0946232449189078,-0.0946232449189078,-0.0946232449189078,0.0836731049469832
15.7641037476623,0,0.0452974152246685,0,15.7641037476623,0.0452974152246685,0.0452974152246685,0.0452974152246685,0.0222639606786319
14.6925462604222,0,-0.00458452472707301,0,14.6925462604222,-0.00458452472707301,-0.00458452472707301,-0.00458452472707301,0.0444254697733256
7.79044115240101,0,0.0350532910010923,0,7.79044115240101,0.0350532910010923,0.0350532910010923,0.0350532910010923,0.0585754206769742
11.0161041029769,0,-0.0031766917676102,0,11.0161041029769,-0.0031766917676102,-0.0031766917676102,-0.0031766917676102,0.0522005254908412
11.2420027298881,0,-0.0660500012093723,0,11.2420027298881,-0.0660500012093723,-0.0660500012093723,-0.0660500012093723,0.0384705888979592
27.9381463268887,0,-0.0196646199066465,0,27.9381463268887,-0.0196646199066465,-0.0196646199066465,-0.0196646199066465,0.0266030945529787
28.4056044215739,0,-0.0234835133541325,0,28.4056044215739,-0.0234835133541325,-0.0234835133541325,-0.0234835133541325,0.0460235649191708
9.44659083119766,0,-0.0979355343768668,0,9.44659083119766,-0.0979355343768668,-0.0979355343768668,-0.0979355343768668,0.106984919191722
10.6319539160187,0,0.00587821668928426,0,10.6319539160187,0.00587821668928426,0.00587821668928426,0.00587821668928426,0.0434639030773943
NA,NA,NA,NA,NA,NA,NA,NA,NA
3.48138260502119,0,-0.0431716232209931,0,3.48138260502119,-0.0431716232209931,-0.0431716232209931,-0.0431716232209931,0.0321818721032191
5.59197431763262,0,-0.0578220526680145,0,5.59197431763262,-0.0578220526680145,-0.0578220526680145,-0.0578220526680145,0.0290843221745671
7.10118523761685,0,-0.0285278978712163,0,7.10118523761685,-0.0285278978712163,-0.0285278978712163,-0.0285278978712163,0.0595492352872805
8.39406695268219,0,0.0167837864563465,0,8.39406695268219,0.0167837864563465,0.0167837864563465,0.0167837864563465,0.0322473662392579
15.3813680380744,0,-0.0235768509494856,0,15.3813680380744,-0.0235768509494856,-0.0235768509494856,-0.0235768509494856,0.0385600790656454
10.9419857642508,0,-0.0876235523401562,0,10.9419857642508,-0.0876235523401562,-0.0876235523401562,-0.0876235523401562,0.0336377588977628
9.567453602661,0,-0.0130573193727359,0,9.567453602661,-0.0130573193727359,-0.0130573193727359,-0.0130573193727359,0.0264340771076804
9.56764954052794,0,-0.00578932875863998,0,9.56764954052794,-0.00578932875863998,-0.00578932875863998,-0.00578932875863998,0.0288617279537588
9.58796747981615,0,0.00725905880614161,0,9.58796747981615,0.00725905880614161,0.00725905880614161,0.00725905880614161,0.0422687684348916
15.1454884083029,0,0.0687427351592194,0,15.1454884083029,0.0687427351592194,0.0687427351592194,0.0687427351592194,0.0334809714396658
9.03381024943225,0,-0.0258591277728825,0,9.03381024943225,-0.0258591277728825,-0.0258591277728825,-0.0258591277728825,0.0210013285642308
7.292171244769,0,0.0214216184583366,0,7.292171244769,0.0214216184583366,0.0214216184583366,0.0214216184583366,0.00787016036700002
10.6567948708008,0,0.0203455428827325,0,10.6567948708008,0.0203455428827325,0.0203455428827325,0.0203455428827325,0.0367174068081082
15.83958844307,0,0.0399832495665445,0,15.83958844307,0.0399832495665445,0.0399832495665445,0.0399832495665445,0.0130470310288665
17.7014293147066,0,0.0234372077444364,0,17.7014293147066,0.0234372077444364,0.0234372077444364,0.0234372077444364,0.0323786122878216
16.016217440795,0,-0.00369944404825601,0,16.016217440795,-0.00369944404825601,-0.00369944404825601,-0.00369944404825601,0.0376637682579198
6.35958088046694,0,-0.0328185793493547,0,6.35958088046694,-0.0328185793493547,-0.0328185793493547,-0.0328185793493547,0.0520581686434144
7.84913150076159,0,0.0206892300368871,0,7.84913150076159,0.0206892300368871,0.0206892300368871,0.0206892300368871,0.0125920499284639
11.3110693140974,0,0.00982781565554414,0,11.3110693140974,0.00982781565554414,0.00982781565554414,0.00982781565554414,0.0152975413868066
19.3344521561619,0,-0.0178892890128142,0,19.3344521561619,-0.0178892890128142,-0.0178892890128142,-0.0178892890128142,0.0322365626104049
12.3671082351961,0,0.0210231372322994,0,12.3671082351961,0.0210231372322994,0.0210231372322994,0.0210231372322994,0.0160828742749283
12.3654554745313,0,-0.0686880413546458,0,12.3654554745313,-0.0686880413546458,-0.0686880413546458,-0.0686880413546458,0.0513325050706189
19.2556223171704,0,0.0285945738844167,0,19.2556223171704,0.0285945738844167,0.0285945738844167,0.0285945738844167,0.0139726523520546
34.7312424253189,0,0.00360906084633839,0,34.7312424253189,0.00360906084633839,0.00360906084633839,0.00360906084633839,0.017575833019559
54.7209102152747,0,0.0196726221291343,0,54.7209102152747,0.0196726221291343,0.0196726221291343,0.0196726221291343,0.0109274670854921
11.6997668682815,0,-0.0454216119044559,0,11.6997668682815,-0.0454216119044559,-0.0454216119044559,-0.0454216119044559,0.105318046890987
8.22166390729103,0,0.0200227074138689,0,8.22166390729103,0.0200227074138689,0.0200227074138689,0.0200227074138689,0.0889316774406693
11.7030101268542,0,0.0664031592294417,0,11.7030101268542,0.0664031592294417,0.0664031592294417,0.0664031592294417,0.0318702419669784
7.36539602284415,0,-0.0247872150245361,0,7.36539602284415,-0.0247872150245361,-0.0247872150245361,-0.0247872150245361,0.114121672795408
9.34902839864339,0,-0.0319037471830898,0,9.34902839864339,-0.0319037471830898,-0.0319037471830898,-0.0319037471830898,0.0353702402159913
12.3611575522981,0,-0.0042723235541842,0,12.3611575522981,-0.0042723235541842,-0.0042723235541842,-0.0042723235541842,0.0564107009092355
7.0066302655783,0,0.128930535718218,0,7.0066302655783,0.128930535718218,0.128930535718218,0.128930535718218,0.0770272502904336
10.8363107906744,0,-0.028098390818107,0,10.8363107906744,-0.028098390818107,-0.028098390818107,-0.028098390818107,0.071926050301895
11.7003583105711,0,-0.00186774348468509,0,11.7003583105711,-0.00186774348468509,-0.00186774348468509,-0.00186774348468509,0.00589871207554302
14.1717804897526,0,0.027255899623745,0,14.1717804897526,0.027255899623745,0.027255899623745,0.027255899623745,0.0438772018708798
10.4916049522311,0,0.0132463173032987,0,10.4916049522311,0.0132463173032987,0.0132463173032987,0.0132463173032987,0.0267192917518445
12.491172371433,0,0.00616174807970621,0,12.491172371433,0.00616174807970621,0.00616174807970621,0.00616174807970621,0.0405245193389735
22.4190143092695,0,-0.000161199703742028,0,22.4190143092695,-0.000161199703742028,-0.000161199703742028,-0.000161199703742028,0.0167230245622351
23.3384346785706,0,0.0173424537425691,0,23.3384346785706,0.0173424537425691,0.0173424537425691,0.0173424537425691,0.0189266195413323
21.0471310356801,0,0.0617673658141888,0,21.0471310356801,0.0617673658141888,0.0617673658141888,0.0617673658141888,0.047052745863464
18.868464140174,0,-0.0601138815581494,0,18.868464140174,-0.0601138815581494,-0.0601138815581494,-0.0601138815581494,0.0841243606959225
130.216227665708,0,0.0198117493038606,0,130.216227665708,0.0198117493038606,0.0198117493038606,0.0198117493038606,0.0277236387216602
9.87654480749694,0,-0.0946232449189078,0,9.87654480749694,-0.0946232449189078,-0.0946232449189078,-0.0946232449189078,0.0836731049469832
15.7641037476623,0,0.0452974152246685,0,15.7641037476623,0.0452974152246685,0.0452974152246685,0.0452974152246685,0.0222639606786319
14.6925462604222,0,-0.00458452472707301,0,14.6925462604222,-0.00458452472707301,-0.00458452472707301,-0.00458452472707301,0.0444254697733256
7.79044115240101,0,0.0350532910010923,0,7.79044115240101,0.0350532910010923,0.0350532910010923,0.0350532910010923,0.0585754206769742
11.0161041029769,0,-0.0031766917676102,0,11.0161041029769,-0.0031766917676102,-0.0031766917676102,-0.0031766917676102,0.0522005254908412
11.2420027298881,0,-0.0660500012093723,0,11.2420027298881,-0.0660500012093723,-0.0660500012093723,-0.0660500012093723,0.0384705888979592
27.9381463268887,0,-0.0196646199066465,0,27.9381463268887,-0.0196646199066465,-0.0196646199066465,-0.0196646199066465,0.0266030945529787
28.4056044215739,0,-0.0234835133541325,0,28.4056044215739,-0.0234835133541325,-0.0234835133541325,-0.0234835133541325,0.0460235649191708
9.44659083119766,0,-0.0979355343768668,0,9.44659083119766,-0.0979355343768668,-0.0979355343768668,-0.0979355343768668,0.106984919191722
10.6319539160187,0,0.00587821668928426,0,10.6319539160187,0.00587821668928426,0.00587821668928426,0.00587821668928426,0.0434639030773943
NA,NA,NA,NA,NA,NA,NA,NA,NA
3.48138260502119,0,-0.0431716232209931,0,3.48138260502119,-0.0431716232209931,-0.0431716232209931,-0.0431716232209931,0.0321818721032191
5.59197431763262,0,-0.0578220526680145,0,5.59197431763262,-0.0578220526680145,-0.0578220526680145,-0.0578220526680145,0.0290843221745671
7.10118523761685,0,-0.0285278978712163,0,7.10118523761685,-0.0285278978712163,-0.0285278978712163,-0.0285278978712163,0.0595492352872805
8.39406695268219,0,0.0167837864563465,0,8.39406695268219,0.0167837864563465,0.0167837864563465,0.0167837864563465,0.0322473662392579
15.3813680380744,0,-0.0235768509494856,0,15.3813680380744,-0.0235768509494856,-0.0235768509494856,-0.0235768509494856,0.0385600790656454
10.9419857642508,0,-0.0876235523401562,0,10.9419857642508,-0.0876235523401562,-0.0876235523401562,-0.0876235523401562,0.0336377588977628
9.567453602661,0,-0.0130573193727359,0,9.567453602661,-0.0130573193727359,-0.0130573193727359,-0.0130573193727359,0.0264340771076804
9.56764954052794,0,-0.00578932875863998,0,9.56764954052794,-0.00578932875863998,-0.00578932875863998,-0.00578932875863998,0.0288617279537588
9.58796747981615,0,0.00725905880614161,0,9.58796747981615,0.00725905880614161,0.00725905880614161,0.00725905880614161,0.0422687684348916
15.1454884083029,0,0.0687427351592194,0,15.1454884083029,0.0687427351592194,0.0687427351592194,0.0687427351592194,0.0334809714396658
9.03381024943225,0,-0.0258591277728825,0,9.03381024943225,-0.0258591277728825,-0.0258591277728825,-0.0258591277728825,0.0210013285642308
7.292171244769,0,0.0214216184583366,0,7.292171244769,0.0214216184583366,0.0214216184583366,0.0214216184583366,0.00787016036700002
10.6567948708008,0,0.0203455428827325,0,10.6567948708008,0.0203455428827325,0.0203455428827325,0.0203455428827325,0.0367174068081082
15.83958844307,0,0.0399832495665445,0,15.83958844307,0.0399832495665445,0.0399832495665445,0.0399832495665445,0.0130470310288665
17.7014293147066,0,0.0234372077444364,0,17.7014293147066,0.0234372077444364,0.0234372077444364,0.0234372077444364,0.0323786122878216
16.016217440795,0,-0.00369944404825601,0,16.016217440795,-0.00369944404825601,-0.00369944404825601,-0.00369944404825601,0.0376637682579198
6.35958088046694,0,-0.0328185793493547,0,6.35958088046694,-0.0328185793493547,-0.0328185793493547,-0.0328185793493547,0.0520581686434144
7.84913150076159,0,0.0206892300368871,0,7.84913150076159,0.0206892300368871,0.0206892300368871,0.0206892300368871,0.0125920499284639
11.3110693140974,0,0.00982781565554414,0,11.3110693140974,0.00982781565554414,0.00982781565554414,0.00982781565554414,0.0152975413868066
19.3344521561619,0,-0.0178892890128142,0,19.3344521561619,-0.0178892890128142,-0.0178892890128142,-0.0178892890128142,0.0322365626104049
12.3671082351961,0,0.0210231372322994,0,12.3671082351961,0.0210231372322994,0.0210231372322994,0.0210231372322994,0.0160828742749283
12.3654554745313,0,-0.0686880413546458,0,12.3654554745313,-0.0686880413546458,-0.0686880413546458,-0.0686880413546458,0.0513325050706189
19.2556223171704,0,0.0285945738844167,0,19.2556223171704,0.0285945738844167,0.0285945738844167,0.0285945738844167,0.0139726523520546
34.7312424253189,0,0.00360906084633839,0,34.7312424253189,0.00360906084633839,0.00360906084633839,0.00360906084633839,0.017575833019559
54.7209102152747,0,0.0196726221291343,0,54.7209102152747,0.0196726221291343,0.0196726221291343,0.0196726221291343,0.0109274670854921
11.6997668682815,0,-0.0454216119044559,0,11.6997668682815,-0.0454216119044559,-0.0454216119044559,-0.0454216119044559,0.105318046890987
8.22166390729103,0,0.0200227074138689,0,8.22166390729103,0.0200227074138689,0.0200227074138689,0.0200227074138689,0.0889316774406693
11.7030101268542,0,0.0664031592294417,0,11.7030101268542,0.0664031592294417,0.0664031592294417,0.0664031592294417,0.0318702419669784
7.36539602284415,0,-0.0247872150245361,0,7.36539602284415,-0.0247872150245361,-0.0247872150245361,-0.0247872150245361,0.114121672795408
9.34902839864339,0,-0.0319037471830898,0,9.34902839864339,-0.0319037471830898,-0.0319037471830898,-0.0319037471830898,0.0353702402159913
12.3611575522981,0,-0.0042723235541842,0,12.3611575522981,-0.0042723235541842,-0.0042723235541842,-0.0042723235541842,0.0564107009092355
7.0066302655783,0,0.128930535718218,0,7.0066302655783,0.128930535718218,0.128930535718218,0.128930535718218,0.0770272502904336
10.8363107906744,0,-0.028098390818107,0,10.8363107906744,-0.028098390818107,-0.028098390818107,-0.028098390818107,0.071926050301895
11.7003583105711,0,-0.00186774348468509,0,11.7003583105711,-0.00186774348468509,-0.00186774348468509,-0.00186774348468509,0.00589871207554302
14.1717804897526,0,0.027255899623745,0,14.1717804897526,0.027255899623745,0.027255899623745,0.027255899623745,0.0438772018708798
10.4916049522311,0,0.0132463173032987,0,10.4916049522311,0.0132463173032987,0.0132463173032987,0.0132463173032987,0.0267192917518445
12.491172371433,0,0.00616174807970621,0,12.491172371433,0.00616174807970621,0.00616174807970621,0.00616174807970621,0.0405245193389735
22.4190143092695,0,-0.000161199703742028,0,22.4190143092695,-0.000161199703742028,-0.000161199703742028,-0.000161199703742028,0.0167230245622351
23.3384346785706,0,0.0173424537425691,0,23.3384346785706,0.0173424537425691,0.0173424537425691,0.0173424537425691,0.0189266195413323
21.0471310356801,0,0.0617673658141888,0,21.0471310356801,0.0617673658141888,0.0617673658141888,0.0617673658141888,0.047052745863464
18.868464140174,0,-0.0601138815581494,0,18.868464140174,-0.0601138815581494,-0.0601138815581494,-0.0601138815581494,0.0841243606959225
130.216227665708,0,0.0198117493038606,0,130.216227665708,0.0198117493038606,0.0198117493038606,0.0198117493038606,0.0277236387216602
9.87654480749694,0,-0.0946232449189078,0,9.87654480749694,-0.0946232449189078,-0.0946232449189078,-0.0946232449189078,0.0836731049469832
15.7641037476623,0,0.0452974152246685,0,15.7641037476623,0.0452974152246685,0.0452974152246685,0.0452974152246685,0.0222639606786319
14.6925462604222,0,-0.00458452472707301,0,14.6925462604222,-0.00458452472707301,-0.00458452472707301,-0.00458452472707301,0.0444254697733256
7.79044115240101,0,0.0350532910010923,0,7.79044115240101,0.0350532910010923,0.0350532910010923,0.0350532910010923,0.0585754206769742
11.0161041029769,0,-0.0031766917676102,0,11.0161041029769,-0.0031766917676102,-0.0031766917676102,-0.0031766917676102,0.0522005254908412
11.2420027298881,0,-0.0660500012093723,0,11.2420027298881,-0.0660500012093723,-0.0660500012093723,-0.0660500012093723,0.0384705888979592
27.9381463268887,0,-0.0196646199066465,0,27.9381463268887,-0.0196646199066465,-0.0196646199066465,-0.0196646199066465,0.0266030945529787
28.4056044215739,0,-0.0234835133541325,0,28.4056044215739,-0.0234835133541325,-0.0234835133541325,-0.0234835133541325,0.0460235649191708
9.44659083119766,0,-0.0979355343768668,0,9.44659083119766,-0.0979355343768668,-0.0979355343768668,-0.0979355343768668,0.106984919191722
10.6319539160187,0,0.00587821668928426,0,10.6319539160187,0.00587821668928426,0.00587821668928426,0.00587821668928426,0.0434639030773943
NA,NA,NA,NA,NA,NA,NA,NA,NA
3.48138260502119,0,-0.0431716232209931,0,3.48138260502119,-0.0431716232209931,-0.0431716232209931,-0.0431716232209931,0.0321818721032191
5.59197431763262,0,-0.0578220526680145,0,5.59197431763262,-0.0578220526680145,-0.0578220526680145,-0.0578220526680145,0.0290843221745671
7.10118523761685,0,-0.0285278978712163,0,7.10118523761685,-0.0285278978712163,-0.0285278978712163,-0.0285278978712163,0.0595492352872805
8.39406695268219,0,0.0167837864563465,0,8.39406695268219,0.0167837864563465,0.0167837864563465,0.0167837864563465,0.0322473662392579
15.3813680380744,0,-0.0235768509494856,0,15.3813680380744,-0.0235768509494856,-0.0235768509494856,-0.0235768509494856,0.0385600790656454
10.9419857642508,0,-0.0876235523401562,0,10.9419857642508,-0.0876235523401562,-0.0876235523401562,-0.0876235523401562,0.0336377588977628
9.567453602661,0,-0.0130573193727359,0,9.567453602661,-0.0130573193727359,-0.0130573193727359,-0.0130573193727359,0.0264340771076804
9.56764954052794,0,-0.00578932875863998,0,9.56764954052794,-0.00578932875863998,-0.00578932875863998,-0.00578932875863998,0.0288617279537588
9.58796747981615,0,0.00725905880614161,0,9.58796747981615,0.00725905880614161,0.00725905880614161,0.00725905880614161,0.0422687684348916
15.1454884083029,0,0.0687427351592194,0,15.1454884083029,0.0687427351592194,0.0687427351592194,0.0687427351592194,0.0334809714396658
9.03381024943225,0,-0.0258591277728825,0,9.03381024943225,-0.0258591277728825,-0.0258591277728825,-0.0258591277728825,0.0210013285642308
7.292171244769,0,0.0214216184583366,0,7.292171244769,0.0214216184583366,0.0214216184583366,0.0214216184583366,0.00787016036700002
10.6567948708008,0,0.0203455428827325,0,10.6567948708008,0.0203455428827325,0.0203455428827325,0.0203455428827325,0.0367174068081082
15.83958844307,0,0.0399832495665445,0,15.83958844307,0.0399832495665445,0.0399832495665445,0.0399832495665445,0.0130470310288665
17.7014293147066,0,0.0234372077444364,0,17.7014293147066,0.0234372077444364,0.0234372077444364,0.0234372077444364,0.0323786122878216
16.016217440795,0,-0.00369944404825601,0,16.016217440795,-0.00369944404825601,-0.00369944404825601,-0.00369944404825601,0.0376637682579198
6.35958088046694,0,-0.0328185793493547,0,6.35958088046694,-0.0328185793493547,-0.0328185793493547,-0.0328185793493547,0.0520581686434144
7.84913150076159,0,0.0206892300368871,0,7.84913150076159,0.0206892300368871,0.0206892300368871,0.0206892300368871,0.0125920499284639
11.3110693140974,0,0.00982781565554414,0,11.3110693140974,0.00982781565554414,0.00982781565554414,0.00982781565554414,0.0152975413868066
19.3344521561619,0,-0.0178892890128142,0,19.3344521561619,-0.0178892890128142,-0.0178892890128142,-0.0178892890128142,0.0322365626104049
12.3671082351961,0,0.0210231372322994,0,12.3671082351961,0.0210231372322994,0.0210231372322994,0.0210231372322994,0.0160828742749283
12.3654554745313,0,-0.0686880413546458,0,12.3654554745313,-0.0686880413546458,-0.0686880413546458,-0.0686880413546458,0.0513325050706189
19.2556223171704,0,0.0285945738844167,0,19.2556223171704,0.0285945738844167,0.0285945738844167,0.0285945738844167,0.0139726523520546
34.7312424253189,0,0.00360906084633839,0,34.7312424253189,0.00360906084633839,0.00360906084633839,0.00360906084633839,0.017575833019559
54.7209102152747,0,0.0196726221291343,0,54.7209102152747,0.0196726221291343,0.0196726221291343,0.0196726221291343,0.0109274670854921
11.6997668682815,0,-0.0454216119044559,0,11.6997668682815,-0.0454216119044559,-0.0454216119044559,-0.0454216119044559,0.105318046890987
8.22166390729103,0,0.0200227074138689,0,8.22166390729103,0.0200227074138689,0.0200227074138689,0.0200227074138689,0.0889316774406693
11.7030101268542,0,0.0664031592294417,0,11.7030101268542,0.0664031592294417,0.0664031592294417,0.0664031592294417,0.0318702419669784
7.36539602284415,0,-0.0247872150245361,0,7.36539602284415,-0.0247872150245361,-0.0247872150245361,-0.0247872150245361,0.114121672795408
9.34902839864339,0,-0.0319037471830898,0,9.34902839864339,-0.0319037471830898,-0.0319037471830898,-0.0319037471830898,0.0353702402159913
12.3611575522981,0,-0.0042723235541842,0,12.3611575522981,-0.0042723235541842,-0.0042723235541842,-0.0042723235541842,0.0564107009092355
7.0066302655783,0,0.128930535718218,0,7.0066302655783,0.128930535718218,0.128930535718218,0.128930535718218,0.0770272502904336
10.8363107906744,0,-0.028098390818107,0,10.8363107906744,-0.028098390818107,-0.028098390818107,-0.028098390818107,0.071926050301895
11.7003583105711,0,-0.00186774348468509,0,11.7003583105711,-0.00186774348468509,-0.00186774348468509,-0.00186774348468509,0.00589871207554302
14.1717804897526,0,0.027255899623745,0,14.1717804897526,0.027255899623745,0.027255899623745,0.027255899623745,0.0438772018708798
10.4916049522311,0,0.0132463173032987,0,10.4916049522311,0.0132463173032987,0.0132463173032987,0.0132463173032987,0.0267192917518445
12.491172371433,0,0.00616174807970621,0,12.491172371433,0.00616174807970621,0.00616174807970621,0.00616174807970621,0.0405245193389735
22.4190143092695,0,-0.000161199703742028,0,22.4190143092695,-0.000161199703742028,-0.000161199703742028,-0.000161199703742028,0.0167230245622351
23.3384346785706,0,0.0173424537425691,0,23.3384346785706,0.0173424537425691,0.0173424537425691,0.0173424537425691,0.0189266195413323
21.0471310356801,0,0.0617673658141888,0,21.0471310356801,0.0617673658141888,0.0617673658141888,0.0617673658141888,0.047052745863464
18.868464140174,0,-0.0601138815581494,0,18.868464140174,-0.0601138815581494,-0.0601138815581494,-0.0601138815581494,0.0841243606959225
130.216227665708,0,0.0198117493038606,0,130.216227665708,0.0198117493038606,0.0198117493038606,0.0198117493038606,0.0277236387216602
9.87654480749694,0,-0.0946232449189078,0,9.87654480749694,-0.0946232449189078,-0.0946232449189078,-0.0946232449189078,0.0836731049469832
15.7641037476623,0,0.0452974152246685,0,15.7641037476623,0.0452974152246685,0.0452974152246685,0.0452974152246685,0.0222639606786319
14.6925462604222,0,-0.00458452472707301,0,14.6925462604222,-0.00458452472707301,-0.00458452472707301,-0.00458452472707301,0.0444254697733256
7.79044115240101,0,0.0350532910010923,0,7.79044115240101,0.0350532910010923,0.0350532910010923,0.0350532910010923,0.0585754206769742
11.0161041029769,0,-0.0031766917676102,0,11.0161041029769,-0.0031766917676102,-0.0031766917676102,-0.0031766917676102,0.0522005254908412
11.2420027298881,0,-0.0660500012093723,0,11.2420027298881,-0.0660500012093723,-0.0660500012093723,-0.0660500012093723,0.0384705888979592
27.9381463268887,0,-0.0196646199066465,0,27.9381463268887,-0.0196646199066465,-0.0196646199066465,-0.0196646199066465,0.0266030945529787
28.4056044215739,0,-0.0234835133541325,0,28.4056044215739,-0.0234835133541325,-0.0234835133541325,-0.0234835133541325,0.0460235649191708
9.44659083119766,0,-0.0979355343768668,0,9.44659083119766,-0.0979355343768668,-0.0979355343768668,-0.0979355343768668,0.106984919191722
10.6319539160187,0,0.00587821668928426,0,10.6319539160187,0.00587821668928426,0.00587821668928426,0.00587821668928426,0.0434639030773943
NA,NA,NA,NA,NA,NA,NA,NA,NA
3.48138260502119,0,-0.0431716232209931,0,3.48138260502119,-0.0431716232209931,-0.0431716232209931,-0.0431716232209931,0.0321818721032191
5.59197431763262,0,-0.0578220526680145,0,5.59197431763262,-0.0578220526680145,-0.0578220526680145,-0.0578220526680145,0.0290843221745671
7.10118523761685,0,-0.0285278978712163,0,7.10118523761685,-0.0285278978712163,-0.0285278978712163,-0.0285278978712163,0.0595492352872805
8.39406695268219,0,0.0167837864563465,0,8.39406695268219,0.0167837864563465,0.0167837864563465,0.0167837864563465,0.0322473662392579
15.3813680380744,0,-0.0235768509494856,0,15.3813680380744,-0.0235768509494856,-0.0235768509494856,-0.0235768509494856,0.0385600790656454
10.9419857642508,0,-0.0876235523401562,0,10.9419857642508,-0.0876235523401562,-0.0876235523401562,-0.0876235523401562,0.0336377588977628
9.567453602661,0,-0.0130573193727359,0,9.567453602661,-0.0130573193727359,-0.0130573193727359,-0.0130573193727359,0.0264340771076804
9.56764954052794,0,-0.00578932875863998,0,9.56764954052794,-0.00578932875863998,-0.00578932875863998,-0.00578932875863998,0.0288617279537588
9.58796747981615,0,0.00725905880614161,0,9.58796747981615,0.00725905880614161,0.00725905880614161,0.00725905880614161,0.0422687684348916
15.1454884083029,0,0.0687427351592194,0,15.1454884083029,0.0687427351592194,0.0687427351592194,0.0687427351592194,0.0334809714396658
9.03381024943225,0,-0.0258591277728825,0,9.03381024943225,-0.0258591277728825,-0.0258591277728825,-0.0258591277728825,0.0210013285642308
7.292171244769,0,0.0214216184583366,0,7.292171244769,0.0214216184583366,0.0214216184583366,0.0214216184583366,0.00787016036700002
10.6567948708008,0,0.0203455428827325,0,10.6567948708008,0.0203455428827325,0.0203455428827325,0.0203455428827325,0.0367174068081082
15.83958844307,0,0.0399832495665445,0,15.83958844307,0.0399832495665445,0.0399832495665445,0.0399832495665445,0.0130470310288665
17.7014293147066,0,0.0234372077444364,0,17.7014293147066,0.0234372077444364,0.0234372077444364,0.0234372077444364,0.0323786122878216
16.016217440795,0,-0.00369944404825601,0,16.016217440795,-0.00369944404825601,-0.00369944404825601,-0.00369944404825601,0.0376637682579198
6.35958088046694,0,-0.0328185793493547,0,6.35958088046694,-0.0328185793493547,-0.0328185793493547,-0.0328185793493547,0.0520581686434144
7.84913150076159,0,0.0206892300368871,0,7.84913150076159,0.0206892300368871,0.0206892300368871,0.0206892300368871,0.0125920499284639
11.3110693140974,0,0.00982781565554414,0,11.3110693140974,0.00982781565554414,0.00982781565554414,0.00982781565554414,0.0152975413868066
19.3344521561619,0,-0.0178892890128142,0,19.3344521561619,-0.0178892890128142,-0.0178892890128142,-0.0178892890128142,0.0322365626104049
12.3671082351961,0,0.0210231372322994,0,12.3671082351961,0.0210231372322994,0.0210231372322994,0.0210231372322994,0.0160828742749283
12.3654554745313,0,-0.0686880413546458,0,12.3654554745313,-0.0686880413546458,-0.0686880413546458,-0.0686880413546458,0.0513325050706189
19.2556223171704,0,0.0285945738844167,0,19.2556223171704,0.0285945738844167,0.0285945738844167,0.0285945738844167,0.0139726523520546
34.7312424253189,0,0.00360906084633839,0,34.7312424253189,0.00360906084633839,0.00360906084633839,0.00360906084633839,0.017575833019559
54.7209102152747,0,0.0196726221291343,0,54.7209102152747,0.0196726221291343,0.0196726221291343,0.0196726221291343,0.0109274670854921
11.6997668682815,0,-0.0454216119044559,0,11.6997668682815,-0.0454216119044559,-0.0454216119044559,-0.0454216119044559,0.105318046890987
8.22166390729103,0,0.0200227074138689,0,8.22166390729103,0.0200227074138689,0.0200227074138689,0.0200227074138689,0.0889316774406693
11.7030101268542,0,0.0664031592294417,0,11.7030101268542,0.0664031592294417,0.0664031592294417,0.0664031592294417,0.0318702419669784
7.36539602284415,0,-0.0247872150245361,0,7.36539602284415,-0.0247872150245361,-0.0247872150245361,-0.0247872150245361,0.114121672795408
9.34902839864339,0,-0.0319037471830898,0,9.34902839864339,-0.0319037471830898,-0.0319037471830898,-0.0319037471830898,0.0353702402159913
12.3611575522981,0,-0.0042723235541842,0,12.3611575522981,-0.0042723235541842,-0.0042723235541842,-0.0042723235541842,0.0564107009092355
7.0066302655783,0,0.128930535718218,0,7.0066302655783,0.128930535718218,0.128930535718218,0.128930535718218,0.0770272502904336
10.8363107906744,0,-0.028098390818107,0,10.8363107906744,-0.028098390818107,-0.028098390818107,-0.028098390818107,0.071926050301895
11.7003583105711,0,-0.00186774348468509,0,11.7003583105711,-0.00186774348468509,-0.00186774348468509,-0.00186774348468509,0.00589871207554302
14.1717804897526,0,0.027255899623745,0,14.1717804897526,0.027255899623745,0.027255899623745,0.027255899623745,0.0438772018708798
10.4916049522311,0,0.0132463173032987,0,10.4916049522311,0.0132463173032987,0.0132463173032987,0.0132463173032987,0.0267192917518445
12.491172371433,0,0.00616174807970621,0,12.491172371433,0.00616174807970621,0.00616174807970621,0.00616174807970621,0.0405245193389735
22.4190143092695,0,-0.000161199703742028,0,22.4190143092695,-0.000161199703742028,-0.000161199703742028,-0.000161199703742028,0.0167230245622351
23.3384346785706,0,0.0173424537425691,0,23.3384346785706,0.0173424537425691,0.0173424537425691,0.0173424537425691,0.0189266195413323
21.0471310356801,0,0.0617673658141888,0,21.0471310356801,0.0617673658141888,0.0617673658141888,0.0617673658141888,0.047052745863464
18.868464140174,0,-0.0601138815581494,0,18.868464140174,-0.0601138815581494,-0.0601138815581494,-0.0601138815581494,0.0841243606959225
130.216227665708,0,0.0198117493038606,0,130.216227665708,0.0198117493038606,0.0198117493038606,0.0198117493038606,0.0277236387216602
9.87654480749694,0,-0.0946232449189078,0,9.87654480749694,-0.0946232449189078,-0.0946232449189078,-0.0946232449189078,0.0836731049469832
15.7641037476623,0,0.0452974152246685,0,15.7641037476623,0.0452974152246685,0.0452974152246685,0.0452974152246685,0.0222639606786319
14.6925462604222,0,-0.00458452472707301,0,14.6925462604222,-0.00458452472707301,-0.00458452472707301,-0.00458452472707301,0.0444254697733256
7.79044115240101,0,0.0350532910010923,0,7.79044115240101,0.0350532910010923,0.0350532910010923,0.0350532910010923,0.0585754206769742
11.0161041029769,0,-0.0031766917676102,0,11.0161041029769,-0.0031766917676102,-0.0031766917676102,-0.0031766917676102,0.0522005254908412
11.2420027298881,0,-0.0660500012093723,0,11.2420027298881,-0.0660500012093723,-0.0660500012093723,-0.0660500012093723,0.0384705888979592
27.9381463268887,0,-0.0196646199066465,0,27.9381463268887,-0.0196646199066465,-0.0196646199066465,-0.0196646199066465,0.0266030945529787
28.4056044215739,0,-0.0234835133541325,0,28.4056044215739,-0.0234835133541325,-0.0234835133541325,-0.0234835133541325,0.0460235649191708
9.44659083119766,0,-0.0979355343768668,0,9.44659083119766,-0.0979355343768668,-0.0979355343768668,-0.0979355343768668,0.106984919191722
10.6319539160187,0,0.00587821668928426,0,10.6319539160187,0.00587821668928426,0.00587821668928426,0.00587821668928426,0.0434639030773943
NA,NA,NA,NA,NA,NA,NA,NA,NA
3.48138260502119,0,-0.0431716232209931,0,3.48138260502119,-0.0431716232209931,-0.0431716232209931,-0.0431716232209931,0.0321818721032191
5.59197431763262,0,-0.0578220526680145,0,5.59197431763262,-0.0578220526680145,-0.0578220526680145,-0.0578220526680145,0.0290843221745671
7.10118523761685,0,-0.0285278978712163,0,7.10118523761685,-0.0285278978712163,-0.0285278978712163,-0.0285278978712163,0.0595492352872805
8.39406695268219,0,0.0167837864563465,0,8.39406695268219,0.0167837864563465,0.0167837864563465,0.0167837864563465,0.0322473662392579
15.3813680380744,0,-0.0235768509494856,0,15.3813680380744,-0.0235768509494856,-0.0235768509494856,-0.0235768509494856,0.0385600790656454
10.9419857642508,0,-0.0876235523401562,0,10.9419857642508,-0.0876235523401562,-0.0876235523401562,-0.0876235523401562,0.0336377588977628
9.567453602661,0,-0.0130573193727359,0,9.567453602661,-0.0130573193727359,-0.0130573193727359,-0.0130573193727359,0.0264340771076804
9.56764954052794,0,-0.00578932875863998,0,9.56764954052794,-0.00578932875863998,-0.00578932875863998,-0.00578932875863998,0.0288617279537588
9.58796747981615,0,0.00725905880614161,0,9.58796747981615,0.00725905880614161,0.00725905880614161,0.00725905880614161,0.0422687684348916
15.1454884083029,0,0.0687427351592194,0,15.1454884083029,0.0687427351592194,0.0687427351592194,0.0687427351592194,0.0334809714396658
9.03381024943225,0,-0.0258591277728825,0,9.03381024943225,-0.0258591277728825,-0.0258591277728825,-0.0258591277728825,0.0210013285642308
7.292171244769,0,0.0214216184583366,0,7.292171244769,0.0214216184583366,0.0214216184583366,0.0214216184583366,0.00787016036700002
10.6567948708008,0,0.0203455428827325,0,10.6567948708008,0.0203455428827325,0.0203455428827325,0.0203455428827325,0.0367174068081082
15.83958844307,0,0.0399832495665445,0,15.83958844307,0.0399832495665445,0.0399832495665445,0.0399832495665445,0.0130470310288665
17.7014293147066,0,0.0234372077444364,0,17.7014293147066,0.0234372077444364,0.0234372077444364,0.0234372077444364,0.0323786122878216
16.016217440795,0,-0.00369944404825601,0,16.016217440795,-0.00369944404825601,-0.00369944404825601,-0.00369944404825601,0.0376637682579198
6.35958088046694,0,-0.0328185793493547,0,6.35958088046694,-0.0328185793493547,-0.0328185793493547,-0.0328185793493547,0.0520581686434144
7.84913150076159,0,0.0206892300368871,0,7.84913150076159,0.0206892300368871,0.0206892300368871,0.0206892300368871,0.0125920499284639
11.3110693140974,0,0.00982781565554414,0,11.3110693140974,0.00982781565554414,0.00982781565554414,0.00982781565554414,0.0152975413868066
19.3344521561619,0,-0.0178892890128142,0,19.3344521561619,-0.0178892890128142,-0.0178892890128142,-0.0178892890128142,0.0322365626104049
12.3671082351961,0,0.0210231372322994,0,12.3671082351961,0.0210231372322994,0.0210231372322994,0.0210231372322994,0.0160828742749283
12.3654554745313,0,-0.0686880413546458,0,12.3654554745313,-0.0686880413546458,-0.0686880413546458,-0.0686880413546458,0.0513325050706189
19.2556223171704,0,0.0285945738844167,0,19.2556223171704,0.0285945738844167,0.0285945738844167,0.0285945738844167,0.0139726523520546
34.7312424253189,0,0.00360906084633839,0,34.7312424253189,0.00360906084633839,0.00360906084633839,0.00360906084633839,0.017575833019559
54.7209102152747,0,0.0196726221291343,0,54.7209102152747,0.0196726221291343,0.0196726221291343,0.0196726221291343,0.0109274670854921
11.6997668682815,0,-0.0454216119044559,0,11.6997668682815,-0.0454216119044559,-0.0454216119044559,-0.0454216119044559,0.105318046890987
8.22166390729103,0,0.0200227074138689,0,8.22166390729103,0.0200227074138689,0.0200227074138689,0.0200227074138689,0.0889316774406693
11.7030101268542,0,0.0664031592294417,0,11.7030101268542,0.0664031592294417,0.0664031592294417,0.0664031592294417,0.0318702419669784
7.36539602284415,0,-0.0247872150245361,0,7.36539602284415,-0.0247872150245361,-0.0247872150245361,-0.0247872150245361,0.114121672795408
9.34902839864339,0,-0.0319037471830898,0,9.34902839864339,-0.0319037471830898,-0.0319037471830898,-0.0319037471830898,0.0353702402159913
12.3611575522981,0,-0.0042723235541842,0,12.3611575522981,-0.0042723235541842,-0.0042723235541842,-0.0042723235541842,0.0564107009092355
7.0066302655783,0,0.128930535718218,0,7.0066302655783,0.128930535718218,0.128930535718218,0.128930535718218,0.0770272502904336
10.8363107906744,0,-0.028098390818107,0,10.8363107906744,-0.028098390818107,-0.028098390818107,-0.028098390818107,0.071926050301895
11.7003583105711,0,-0.00186774348468509,0,11.7003583105711,-0.00186774348468509,-0.00186774348468509,-0.00186774348468509,0.00589871207554302
14.1717804897526,0,0.027255899623745,0,14.1717804897526,0.027255899623745,0.027255899623745,0.027255899623745,0.0438772018708798
10.4916049522311,0,0.0132463173032987,0,10.4916049522311,0.0132463173032987,0.0132463173032987,0.0132463173032987,0.0267192917518445
12.491172371433,0,0.00616174807970621,0,12.491172371433,0.00616174807970621,0.00616174807970621,0.00616174807970621,0.0405245193389735
22.4190143092695,0,-0.000161199703742028,0,22.4190143092695,-0.000161199703742028,-0.000161199703742028,-0.000161199703742028,0.0167230245622351
23.3384346785706,0,0.0173424537425691,0,23.3384346785706,0.0173424537425691,0.0173424537425691,0.0173424537425691,0.0189266195413323
21.0471310356801,0,0.0617673658141888,0,21.0471310356801,0.0617673658141888,0.0617673658141888,0.0617673658141888,0.047052745863464
18.868464140174,0,-0.0601138815581494,0,18.868464140174,-0.0601138815581494,-0.0601138815581494,-0.0601138815581494,0.0841243606959225
130.216227665708,0,0.0198117493038606,0,130.216227665708,0.0198117493038606,0.0198117493038606,0.0198117493038606,0.0277236387216602
9.87654480749694,0,-0.0946232449189078,0,9.87654480749694,-0.0946232449189078,-0.0946232449189078,-0.0946232449189078,0.0836731049469832
15.7641037476623,0,0.0452974152246685,0,15.7641037476623,0.0452974152246685,0.0452974152246685,0.0452974152246685,0.0222639606786319
14.6925462604222,0,-0.00458452472707301,0,14.6925462604222,-0.00458452472707301,-0.00458452472707301,-0.00458452472707301,0.0444254697733256
7.79044115240101,0,0.0350532910010923,0,7.79044115240101,0.0350532910010923,0.0350532910010923,0.0350532910010923,0.0585754206769742
11.0161041029769,0,-0.0031766917676102,0,11.0161041029769,-0.0031766917676102,-0.0031766917676102,-0.0031766917676102,0.0522005254908412
11.2420027298881,0,-0.0660500012093723,0,11.2420027298881,-0.0660500012093723,-0.0660500012093723,-0.0660500012093723,0.0384705888979592
27.9381463268887,0,-0.0196646199066465,0,27.9381463268887,-0.0196646199066465,-0.0196646199066465,-0.0196646199066465,0.0266030945529787
28.4056044215739,0,-0.0234835133541325,0,28.4056044215739,-0.0234835133541325,-0.0234835133541325,-0.0234835133541325,0.0460235649191708
9.44659083119766,0,-0.0979355343768668,0,9.44659083119766,-0.0979355343768668,-0.0979355343768668,-0.0979355343768668,0.106984919191722
10.6319539160187,0,0.00587821668928426,0,10.6319539160187,0.00587821668928426,0.00587821668928426,0.00587821668928426,0.0434639030773943
NA,NA,NA,NA,NA,NA,NA,NA,NA
3.48138260502119,0,-0.0431716232209931,0,3.48138260502119,-0.0431716232209931,-0.0431716232209931,-0.0431716232209931,0.0321818721032191
5.59197431763262,0,-0.0578220526680145,0,5.59197431763262,-0.0578220526680145,-0.0578220526680145,-0.0578220526680145,0.0290843221745671
7.10118523761685,0,-0.0285278978712163,0,7.10118523761685,-0.0285278978712163,-0.0285278978712163,-0.0285278978712163,0.0595492352872805
8.39406695268219,0,0.0167837864563465,0,8.39406695268219,0.0167837864563465,0.0167837864563465,0.0167837864563465,0.0322473662392579
15.3813680380744,0,-0.0235768509494856,0,15.3813680380744,-0.0235768509494856,-0.0235768509494856,-0.0235768509494856,0.0385600790656454
10.9419857642508,0,-0.0876235523401562,0,10.9419857642508,-0.0876235523401562,-0.0876235523401562,-0.0876235523401562,0.0336377588977628
9.567453602661,0,-0.0130573193727359,0,9.567453602661,-0.0130573193727359,-0.0130573193727359,-0.0130573193727359,0.0264340771076804
9.56764954052794,0,-0.00578932875863998,0,9.56764954052794,-0.00578932875863998,-0.00578932875863998,-0.00578932875863998,0.0288617279537588
9.58796747981615,0,0.00725905880614161,0,9.58796747981615,0.00725905880614161,0.00725905880614161,0.00725905880614161,0.0422687684348916
15.1454884083029,0,0.0687427351592194,0,15.1454884083029,0.0687427351592194,0.0687427351592194,0.0687427351592194,0.0334809714396658
9.03381024943225,0,-0.0258591277728825,0,9.03381024943225,-0.0258591277728825,-0.0258591277728825,-0.0258591277728825,0.0210013285642308
7.292171244769,0,0.0214216184583366,0,7.292171244769,0.0214216184583366,0.0214216184583366,0.0214216184583366,0.00787016036700002
10.6567948708008,0,0.0203455428827325,0,10.6567948708008,0.0203455428827325,0.0203455428827325,0.0203455428827325,0.0367174068081082
15.83958844307,0,0.0399832495665445,0,15.83958844307,0.0399832495665445,0.0399832495665445,0.0399832495665445,0.0130470310288665
17.7014293147066,0,0.0234372077444364,0,17.7014293147066,0.0234372077444364,0.0234372077444364,0.0234372077444364,0.0323786122878216
16.016217440795,0,-0.00369944404825601,0,16.016217440795,-0.00369944404825601,-0.00369944404825601,-0.00369944404825601,0.0376637682579198
6.35958088046694,0,-0.0328185793493547,0,6.35958088046694,-0.0328185793493547,-0.0328185793493547,-0.0328185793493547,0.0520581686434144
7.84913150076159,0,0.0206892300368871,0,7.84913150076159,0.0206892300368871,0.0206892300368871,0.0206892300368871,0.0125920499284639
11.3110693140974,0,0.00982781565554414,0,11.3110693140974,0.00982781565554414,0.00982781565554414,0.00982781565554414,0.0152975413868066
19.3344521561619,0,-0.0178892890128142,0,19.3344521561619,-0.0178892890128142,-0.0178892890128142,-0.0178892890128142,0.0322365626104049
12.3671082351961,0,0.0210231372322994,0,12.3671082351961,0.0210231372322994,0.0210231372322994,0.0210231372322994,0.0160828742749283
12.3654554745313,0,-0.0686880413546458,0,12.3654554745313,-0.0686880413546458,-0.0686880413546458,-0.0686880413546458,0.0513325050706189
19.2556223171704,0,0.0285945738844167,0,19.2556223171704,0.0285945738844167,0.0285945738844167,0.0285945738844167,0.0139726523520546
34.7312424253189,0,0.00360906084633839,0,34.7312424253189,0.00360906084633839,0.00360906084633839,0.00360906084633839,0.017575833019559
54.7209102152747,0,0.0196726221291343,0,54.7209102152747,0.0196726221291343,0.0196726221291343,0.0196726221291343,0.0109274670854921
11.6997668682815,0,-0.0454216119044559,0,11.6997668682815,-0.0454216119044559,-0.0454216119044559,-0.0454216119044559,0.105318046890987
8.22166390729103,0,0.0200227074138689,0,8.22166390729103,0.0200227074138689,0.0200227074138689,0.0200227074138689,0.0889316774406693
11.7030101268542,0,0.0664031592294417,0,11.7030101268542,0.0664031592294417,0.0664031592294417,0.0664031592294417,0.0318702419669784
7.36539602284415,0,-0.0247872150245361,0,7.36539602284415,-0.0247872150245361,-0.0247872150245361,-0.0247872150245361,0.114121672795408
9.34902839864339,0,-0.0319037471830898,0,9.34902839864339,-0.0319037471830898,-0.0319037471830898,-0.0319037471830898,0.0353702402159913
12.3611575522981,0,-0.0042723235541842,0,12.3611575522981,-0.0042723235541842,-0.0042723235541842,-0.0042723235541842,0.0564107009092355
7.0066302655783,0,0.128930535718218,0,7.0066302655783,0.128930535718218,0.128930535718218,0.128930535718218,0.0770272502904336
10.8363107906744,0,-0.028098390818107,0,10.8363107906744,-0.028098390818107,-0.028098390818107,-0.028098390818107,0.071926050301895
11.7003583105711,0,-0.00186774348468509,0,11.7003583105711,-0.00186774348468509,-0.00186774348468509,-0.00186774348468509,0.00589871207554302
14.1717804897526,0,0.027255899623745,0,14.1717804897526,0.027255899623745,0.027255899623745,0.027255899623745,0.0438772018708798
10.4916049522311,0,0.0132463173032987,0,10.4916049522311,0.0132463173032987,0.0132463173032987,0.0132463173032987,0.0267192917518445
12.491172371433,0,0.00616174807970621,0,12.491172371433,0.00616174807970621,0.00616174807970621,0.00616174807970621,0.0405245193389735
22.4190143092695,0,-0.000161199703742028,0,22.4190143092695,-0.000161199703742028,-0.000161199703742028,-0.000161199703742028,0.0167230245622351
23.3384346785706,0,0.0173424537425691,0,23.3384346785706,0.0173424537425691,0.0173424537425691,0.0173424537425691,0.0189266195413323
21.0471310356801,0,0.0617673658141888,0,21.0471310356801,0.0617673658141888,0.0617673658141888,0.0617673658141888,0.047052745863464
18.868464140174,0,-0.0601138815581494,0,18.868464140174,-0.0601138815581494,-0.0601138815581494,-0.0601138815581494,0.0841243606959225
130.216227665708,0,0.0198117493038606,0,130.216227665708,0.0198117493038606,0.0198117493038606,0.0198117493038606,0.0277236387216602
9.87654480749694,0,-0.0946232449189078,0,9.87654480749694,-0.0946232449189078,-0.0946232449189078,-0.0946232449189078,0.0836731049469832
15.7641037476623,0,0.0452974152246685,0,15.7641037476623,0.0452974152246685,0.0452974152246685,0.0452974152246685,0.0222639606786319
14.6925462604222,0,-0.00458452472707301,0,14.6925462604222,-0.00458452472707301,-0.00458452472707301,-0.00458452472707301,0.0444254697733256
7.79044115240101,0,0.0350532910010923,0,7.79044115240101,0.0350532910010923,0.0350532910010923,0.0350532910010923,0.0585754206769742
11.0161041029769,0,-0.0031766917676102,0,11.0161041029769,-0.0031766917676102,-0.0031766917676102,-0.0031766917676102,0.0522005254908412
11.2420027298881,0,-0.0660500012093723,0,11.2420027298881,-0.0660500012093723,-0.0660500012093723,-0.0660500012093723,0.0384705888979592
27.9381463268887,0,-0.0196646199066465,0,27.9381463268887,-0.0196646199066465,-0.0196646199066465,-0.0196646199066465,0.0266030945529787
28.4056044215739,0,-0.0234835133541325,0,28.4056044215739,-0.0234835133541325,-0.0234835133541325,-0.0234835133541325,0.0460235649191708
9.44659083119766,0,-0.0979355343768668,0,9.44659083119766,-0.0979355343768668,-0.0979355343768668,-0.0979355343768668,0.106984919191722
10.6319539160187,0,0.00587821668928426,0,10.6319539160187,0.00587821668928426,0.00587821668928426,0.00587821668928426,0.0434639030773943
NA,NA,NA,NA,NA,NA,NA,NA,NA
3.48138260502119,0,-0.0431716232209931,0,3.48138260502119,-0.0431716232209931,-0.0431716232209931,-0.0431716232209931,0.0321818721032191
5.59197431763262,0,-0.0578220526680145,0,5.59197431763262,-0.0578220526680145,-0.0578220526680145,-0.0578220526680145,0.0290843221745671
7.10118523761685,0,-0.0285278978712163,0,7.10118523761685,-0.0285278978712163,-0.0285278978712163,-0.0285278978712163,0.0595492352872805
8.39406695268219,0,0.0167837864563465,0,8.39406695268219,0.0167837864563465,0.0167837864563465,0.0167837864563465,0.0322473662392579
15.3813680380744,0,-0.0235768509494856,0,15.3813680380744,-0.0235768509494856,-0.0235768509494856,-0.0235768509494856,0.0385600790656454
10.9419857642508,0,-0.0876235523401562,0,10.9419857642508,-0.0876235523401562,-0.0876235523401562,-0.0876235523401562,0.0336377588977628
9.567453602661,0,-0.0130573193727359,0,9.567453602661,-0.0130573193727359,-0.0130573193727359,-0.0130573193727359,0.0264340771076804
9.56764954052794,0,-0.00578932875863998,0,9.56764954052794,-0.00578932875863998,-0.00578932875863998,-0.00578932875863998,0.0288617279537588
9.58796747981615,0,0.00725905880614161,0,9.58796747981615,0.00725905880614161,0.00725905880614161,0.00725905880614161,0.0422687684348916
15.1454884083029,0,0.0687427351592194,0,15.1454884083029,0.0687427351592194,0.0687427351592194,0.0687427351592194,0.0334809714396658
9.03381024943225,0,-0.0258591277728825,0,9.03381024943225,-0.0258591277728825,-0.0258591277728825,-0.0258591277728825,0.0210013285642308
7.292171244769,0,0.0214216184583366,0,7.292171244769,0.0214216184583366,0.0214216184583366,0.0214216184583366,0.00787016036700002
10.6567948708008,0,0.0203455428827325,0,10.6567948708008,0.0203455428827325,0.0203455428827325,0.0203455428827325,0.0367174068081082
15.83958844307,0,0.0399832495665445,0,15.83958844307,0.0399832495665445,0.0399832495665445,0.0399832495665445,0.0130470310288665
17.7014293147066,0,0.0234372077444364,0,17.7014293147066,0.0234372077444364,0.0234372077444364,0.0234372077444364,0.0323786122878216
16.016217440795,0,-0.00369944404825601,0,16.016217440795,-0.00369944404825601,-0.00369944404825601,-0.00369944404825601,0.0376637682579198
6.35958088046694,0,-0.0328185793493547,0,6.35958088046694,-0.0328185793493547,-0.0328185793493547,-0.0328185793493547,0.0520581686434144
7.84913150076159,0,0.0206892300368871,0,7.84913150076159,0.0206892300368871,0.0206892300368871,0.0206892300368871,0.0125920499284639
11.3110693140974,0,0.00982781565554414,0,11.3110693140974,0.00982781565554414,0.00982781565554414,0.00982781565554414,0.0152975413868066
19.3344521561619,0,-0.0178892890128142,0,19.3344521561619,-0.0178892890128142,-0.0178892890128142,-0.0178892890128142,0.0322365626104049
12.3671082351961,0,0.0210231372322994,0,12.3671082351961,0.0210231372322994,0.0210231372322994,0.0210231372322994,0.0160828742749283
12.3654554745313,0,-0.0686880413546458,0,12.3654554745313,-0.0686880413546458,-0.0686880413546458,-0.0686880413546458,0.0513325050706189
19.2556223171704,0,0.0285945738844167,0,19.2556223171704,0.0285945738844167,0.0285945738844167,0.0285945738844167,0.0139726523520546
34.7312424253189,0,0.00360906084633839,0,34.7312424253189,0.00360906084633839,0.00360906084633839,0.00360906084633839,0.017575833019559
54.7209102152747,0,0.0196726221291343,0,54.7209102152747,0.0196726221291343,0.0196726221291343,0.0196726221291343,0.0109274670854921
11.6997668682815,0,-0.0454216119044559,0,11.6997668682815,-0.0454216119044559,-0.0454216119044559,-0.0454216119044559,0.105318046890987
8.22166390729103,0,0.0200227074138689,0,8.22166390729103,0.0200227074138689,0.0200227074138689,0.0200227074138689,0.0889316774406693
11.7030101268542,0,0.0664031592294417,0,11.7030101268542,0.0664031592294417,0.0664031592294417,0.0664031592294417,0.0318702419669784
7.36539602284415,0,-0.0247872150245361,0,7.36539602284415,-0.0247872150245361,-0.0247872150245361,-0.0247872150245361,0.114121672795408
9.34902839864339,0,-0.0319037471830898,0,9.34902839864339,-0.0319037471830898,-0.0319037471830898,-0.0319037471830898,0.0353702402159913
12.3611575522981,0,-0.0042723235541842,0,12.3611575522981,-0.0042723235541842,-0.0042723235541842,-0.0042723235541842,0.0564107009092355
7.0066302655783,0,0.128930535718218,0,7.0066302655783,0.128930535718218,0.128930535718218,0.128930535718218,0.0770272502904336
10.8363107906744,0,-0.028098390818107,0,10.8363107906744,-0.028098390818107,-0.028098390818107,-0.028098390818107,0.071926050301895
11.7003583105711,0,-0.00186774348468509,0,11.7003583105711,-0.00186774348468509,-0.00186774348468509,-0.00186774348468509,0.00589871207554302
14.1717804897526,0,0.027255899623745,0,14.1717804897526,0.027255899623745,0.027255899623745,0.027255899623745,0.0438772018708798
10.4916049522311,0,0.0132463173032987,0,10.4916049522311,0.0132463173032987,0.0132463173032987,0.0132463173032987,0.0267192917518445
12.491172371433,0,0.00616174807970621,0,12.491172371433,0.00616174807970621,0.00616174807970621,0.00616174807970621,0.0405245193389735
22.4190143092695,0,-0.000161199703742028,0,22.4190143092695,-0.000161199703742028,-0.000161199703742028,-0.000161199703742028,0.0167230245622351
23.3384346785706,0,0.0173424537425691,0,23.3384346785706,0.0173424537425691,0.0173424537425691,0.0173424537425691,0.0189266195413323
21.0471310356801,0,0.0617673658141888,0,21.0471310356801,0.0617673658141888,0.0617673658141888,0.0617673658141888,0.047052745863464
18.868464140174,0,-0.0601138815581494,0,18.868464140174,-0.0601138815581494,-0.0601138815581494,-0.0601138815581494,0.0841243606959225
130.216227665708,0,0.0198117493038606,0,130.216227665708,0.0198117493038606,0.0198117493038606,0.0198117493038606,0.0277236387216602
9.87654480749694,0,-0.0946232449189078,0,9.87654480749694,-0.0946232449189078,-0.0946232449189078,-0.0946232449189078,0.0836731049469832
15.7641037476623,0,0.0452974152246685,0,15.7641037476623,0.0452974152246685,0.0452974152246685,0.0452974152246685,0.0222639606786319
14.6925462604222,0,-0.00458452472707301,0,14.6925462604222,-0.00458452472707301,-0.00458452472707301,-0.00458452472707301,0.0444254697733256
7.79044115240101,0,0.0350532910010923,0,7.79044115240101,0.0350532910010923,0.0350532910010923,0.0350532910010923,0.0585754206769742
11.0161041029769,0,-0.0031766917676102,0,11.0161041029769,-0.0031766917676102,-0.0031766917676102,-0.0031766917676102,0.0522005254908412
11.2420027298881,0,-0.0660500012093723,0,11.2420027298881,-0.0660500012093723,-0.0660500012093723,-0.0660500012093723,0.0384705888979592
27.9381463268887,0,-0.0196646199066465,0,27.9381463268887,-0.0196646199066465,-0.0196646199066465,-0.0196646199066465,0.0266030945529787
28.4056044215739,0,-0.0234835133541325,0,28.4056044215739,-0.0234835133541325,-0.0234835133541325,-0.0234835133541325,0.0460235649191708
9.44659083119766,0,-0.0979355343768668,0,9.44659083119766,-0.0979355343768668,-0.0979355343768668,-0.0979355343768668,0.106984919191722
10.6319539160187,0,0.00587821668928426,0,10.6319539160187,0.00587821668928426,0.00587821668928426,0.00587821668928426,0.0434639030773943
NA,NA,NA,NA,NA,NA,NA,NA,NA
3.48138260502119,0,-0.0431716232209931,0,3.48138260502119,-0.0431716232209931,-0.0431716232209931,-0.0431716232209931,0.0321818721032191
5.59197431763262,0,-0.0578220526680145,0,5.59197431763262,-0.0578220526680145,-0.0578220526680145,-0.0578220526680145,0.0290843221745671
7.10118523761685,0,-0.0285278978712163,0,7.10118523761685,-0.0285278978712163,-0.0285278978712163,-0.0285278978712163,0.0595492352872805
8.39406695268219,0,0.0167837864563465,0,8.39406695268219,0.0167837864563465,0.0167837864563465,0.0167837864563465,0.0322473662392579
15.3813680380744,0,-0.0235768509494856,0,15.3813680380744,-0.0235768509494856,-0.0235768509494856,-0.0235768509494856,0.0385600790656454
10.9419857642508,0,-0.0876235523401562,0,10.9419857642508,-0.0876235523401562,-0.0876235523401562,-0.0876235523401562,0.0336377588977628
9.567453602661,0,-0.0130573193727359,0,9.567453602661,-0.0130573193727359,-0.0130573193727359,-0.0130573193727359,0.0264340771076804
9.56764954052794,0,-0.00578932875863998,0,9.56764954052794,-0.00578932875863998,-0.00578932875863998,-0.00578932875863998,0.0288617279537588
9.58796747981615,0,0.00725905880614161,0,9.58796747981615,0.00725905880614161,0.00725905880614161,0.00725905880614161,0.0422687684348916
15.1454884083029,0,0.0687427351592194,0,15.1454884083029,0.0687427351592194,0.0687427351592194,0.0687427351592194,0.0334809714396658
9.03381024943225,0,-0.0258591277728825,0,9.03381024943225,-0.0258591277728825,-0.0258591277728825,-0.0258591277728825,0.0210013285642308
7.292171244769,0,0.0214216184583366,0,7.292171244769,0.0214216184583366,0.0214216184583366,0.0214216184583366,0.00787016036700002
10.6567948708008,0,0.0203455428827325,0,10.6567948708008,0.0203455428827325,0.0203455428827325,0.0203455428827325,0.0367174068081082
15.83958844307,0,0.0399832495665445,0,15.83958844307,0.0399832495665445,0.0399832495665445,0.0399832495665445,0.0130470310288665
17.7014293147066,0,0.0234372077444364,0,17.7014293147066,0.0234372077444364,0.0234372077444364,0.0234372077444364,0.0323786122878216
16.016217440795,0,-0.00369944404825601,0,16.016217440795,-0.00369944404825601,-0.00369944404825601,-0.00369944404825601,0.0376637682579198
6.35958088046694,0,-0.0328185793493547,0,6.35958088046694,-0.0328185793493547,-0.0328185793493547,-0.0328185793493547,0.0520581686434144
7.84913150076159,0,0.0206892300368871,0,7.84913150076159,0.0206892300368871,0.0206892300368871,0.0206892300368871,0.0125920499284639
11.3110693140974,0,0.00982781565554414,0,11.3110693140974,0.00982781565554414,0.00982781565554414,0.00982781565554414,0.0152975413868066
19.3344521561619,0,-0.0178892890128142,0,19.3344521561619,-0.0178892890128142,-0.0178892890128142,-0.0178892890128142,0.0322365626104049
12.3671082351961,0,0.0210231372322994,0,12.3671082351961,0.0210231372322994,0.0210231372322994,0.0210231372322994,0.0160828742749283
12.3654554745313,0,-0.0686880413546458,0,12.3654554745313,-0.0686880413546458,-0.0686880413546458,-0.0686880413546458,0.0513325050706189
19.2556223171704,0,0.0285945738844167,0,19.2556223171704,0.0285945738844167,0.0285945738844167,0.0285945738844167,0.0139726523520546
34.7312424253189,0,0.00360906084633839,0,34.7312424253189,0.00360906084633839,0.00360906084633839,0.00360906084633839,0.017575833019559
54.7209102152747,0,0.0196726221291343,0,54.7209102152747,0.0196726221291343,0.0196726221291343,0.0196726221291343,0.0109274670854921
11.6997668682815,0,-0.0454216119044559,0,11.6997668682815,-0.0454216119044559,-0.0454216119044559,-0.0454216119044559,0.105318046890987
8.22166390729103,0,0.0200227074138689,0,8.22166390729103,0.0200227074138689,0.0200227074138689,0.0200227074138689,0.0889316774406693
11.7030101268542,0,0.0664031592294417,0,11.7030101268542,0.0664031592294417,0.0664031592294417,0.0664031592294417,0.0318702419669784
7.36539602284415,0,-0.0247872150245361,0,7.36539602284415,-0.0247872150245361,-0.0247872150245361,-0.0247872150245361,0.114121672795408
9.34902839864339,0,-0.0319037471830898,0,9.34902839864339,-0.0319037471830898,-0.0319037471830898,-0.0319037471830898,0.0353702402159913
12.3611575522981,0,-0.0042723235541842,0,12.3611575522981,-0.0042723235541842,-0.0042723235541842,-0.0042723235541842,0.0564107009092355
7.0066302655783,0,0.128930535718218,0,7.0066302655783,0.128930535718218,0.128930535718218,0.128930535718218,0.0770272502904336
10.8363107906744,0,-0.028098390818107,0,10.8363107906744,-0.028098390818107,-0.028098390818107,-0.028098390818107,0.071926050301895
11.7003583105711,0,-0.00186774348468509,0,11.7003583105711,-0.00186774348468509,-0.00186774348468509,-0.00186774348468509,0.00589871207554302
14.1717804897526,0,0.027255899623745,0,14.1717804897526,0.027255899623745,0.027255899623745,0.027255899623745,0.0438772018708798
10.4916049522311,0,0.0132463173032987,0,10.4916049522311,0.0132463173032987,0.0132463173032987,0.0132463173032987,0.0267192917518445
12.491172371433,0,0.00616174807970621,0,12.491172371433,0.00616174807970621,0.00616174807970621,0.00616174807970621,0.0405245193389735
22.4190143092695,0,-0.000161199703742028,0,22.4190143092695,-0.000161199703742028,-0.000161199703742028,-0.000161199703742028,0.0167230245622351
23.3384346785706,0,0.0173424537425691,0,23.3384346785706,0.0173424537425691,0.0173424537425691,0.0173424537425691,0.0189266195413323
21.0471310356801,0,0.0617673658141888,0,21.0471310356801,0.0617673658141888,0.0617673658141888,0.0617673658141888,0.047052745863464
18.868464140174,0,-0.0601138815581494,0,18.868464140174,-0.0601138815581494,-0.0601138815581494,-0.0601138815581494,0.0841243606959225
130.216227665708,0,0.0198117493038606,0,130.216227665708,0.0198117493038606,0.0198117493038606,0.0198117493038606,0.0277236387216602
9.87654480749694,0,-0.0946232449189078,0,9.87654480749694,-0.0946232449189078,-0.0946232449189078,-0.0946232449189078,0.0836731049469832
15.7641037476623,0,0.0452974152246685,0,15.7641037476623,0.0452974152246685,0.0452974152246685,0.0452974152246685,0.0222639606786319
14.6925462604222,0,-0.00458452472707301,0,14.6925462604222,-0.00458452472707301,-0.00458452472707301,-0.00458452472707301,0.0444254697733256
7.79044115240101,0,0.0350532910010923,0,7.79044115240101,0.0350532910010923,0.0350532910010923,0.0350532910010923,0.0585754206769742
11.0161041029769,0,-0.0031766917676102,0,11.0161041029769,-0.0031766917676102,-0.0031766917676102,-0.0031766917676102,0.0522005254908412
11.2420027298881,0,-0.0660500012093723,0,11.2420027298881,-0.0660500012093723,-0.0660500012093723,-0.0660500012093723,0.0384705888979592
27.9381463268887,0,-0.0196646199066465,0,27.9381463268887,-0.0196646199066465,-0.0196646199066465,-0.0196646199066465,0.0266030945529787
28.4056044215739,0,-0.0234835133541325,0,28.4056044215739,-0.0234835133541325,-0.0234835133541325,-0.0234835133541325,0.0460235649191708
9.44659083119766,0,-0.0979355343768668,0,9.44659083119766,-0.0979355343768668,-0.0979355343768668,-0.0979355343768668,0.106984919191722
10.6319539160187,0,0.00587821668928426,0,10.6319539160187,0.00587821668928426,0.00587821668928426,0.00587821668928426,0.0434639030773943
NA,NA,NA,NA,NA,NA,NA,NA,NA
3.48138260502119,0,-0.0431716232209931,0,3.48138260502119,-0.0431716232209931,-0.0431716232209931,-0.0431716232209931,0.0321818721032191
5.59197431763262,0,-0.0578220526680145,0,5.59197431763262,-0.0578220526680145,-0.0578220526680145,-0.0578220526680145,0.0290843221745671
7.10118523761685,0,-0.0285278978712163,0,7.10118523761685,-0.0285278978712163,-0.0285278978712163,-0.0285278978712163,0.0595492352872805
8.39406695268219,0,0.0167837864563465,0,8.39406695268219,0.0167837864563465,0.0167837864563465,0.0167837864563465,0.0322473662392579
15.3813680380744,0,-0.0235768509494856,0,15.3813680380744,-0.0235768509494856,-0.0235768509494856,-0.0235768509494856,0.0385600790656454
10.9419857642508,0,-0.0876235523401562,0,10.9419857642508,-0.0876235523401562,-0.0876235523401562,-0.0876235523401562,0.0336377588977628
9.567453602661,0,-0.0130573193727359,0,9.567453602661,-0.0130573193727359,-0.0130573193727359,-0.0130573193727359,0.0264340771076804
9.56764954052794,0,-0.00578932875863998,0,9.56764954052794,-0.00578932875863998,-0.00578932875863998,-0.00578932875863998,0.0288617279537588
9.58796747981615,0,0.00725905880614161,0,9.58796747981615,0.00725905880614161,0.00725905880614161,0.00725905880614161,0.0422687684348916
15.1454884083029,0,0.0687427351592194,0,15.1454884083029,0.0687427351592194,0.0687427351592194,0.0687427351592194,0.0334809714396658
9.03381024943225,0,-0.0258591277728825,0,9.03381024943225,-0.0258591277728825,-0.0258591277728825,-0.0258591277728825,0.0210013285642308
7.292171244769,0,0.0214216184583366,0,7.292171244769,0.0214216184583366,0.0214216184583366,0.0214216184583366,0.00787016036700002
10.6567948708008,0,0.0203455428827325,0,10.6567948708008,0.0203455428827325,0.0203455428827325,0.0203455428827325,0.0367174068081082
15.83958844307,0,0.0399832495665445,0,15.83958844307,0.0399832495665445,0.0399832495665445,0.0399832495665445,0.0130470310288665
17.7014293147066,0,0.0234372077444364,0,17.7014293147066,0.0234372077444364,0.0234372077444364,0.0234372077444364,0.0323786122878216
16.016217440795,0,-0.00369944404825601,0,16.016217440795,-0.00369944404825601,-0.00369944404825601,-0.00369944404825601,0.0376637682579198
6.35958088046694,0,-0.0328185793493547,0,6.35958088046694,-0.0328185793493547,-0.0328185793493547,-0.0328185793493547,0.0520581686434144
7.84913150076159,0,0.0206892300368871,0,7.84913150076159,0.0206892300368871,0.0206892300368871,0.0206892300368871,0.0125920499284639
11.3110693140974,0,0.00982781565554414,0,11.3110693140974,0.00982781565554414,0.00982781565554414,0.00982781565554414,0.0152975413868066
19.3344521561619,0,-0.0178892890128142,0,19.3344521561619,-0.0178892890128142,-0.0178892890128142,-0.0178892890128142,0.0322365626104049
12.3671082351961,0,0.0210231372322994,0,12.3671082351961,0.0210231372322994,0.0210231372322994,0.0210231372322994,0.0160828742749283
12.3654554745313,0,-0.0686880413546458,0,12.3654554745313,-0.0686880413546458,-0.0686880413546458,-0.0686880413546458,0.0513325050706189
19.2556223171704,0,0.0285945738844167,0,19.2556223171704,0.0285945738844167,0.0285945738844167,0.0285945738844167,0.0139726523520546
34.7312424253189,0,0.00360906084633839,0,34.7312424253189,0.00360906084633839,0.00360906084633839,0.00360906084633839,0.017575833019559
54.7209102152747,0,0.0196726221291343,0,54.7209102152747,0.0196726221291343,0.0196726221291343,0.0196726221291343,0.0109274670854921
11.6997668682815,0,-0.0454216119044559,0,11.6997668682815,-0.0454216119044559,-0.0454216119044559,-0.0454216119044559,0.105318046890987
8.22166390729103,0,0.0200227074138689,0,8.22166390729103,0.0200227074138689,0.0200227074138689,0.0200227074138689,0.0889316774406693
11.7030101268542,0,0.0664031592294417,0,11.7030101268542,0.0664031592294417,0.0664031592294417,0.0664031592294417,0.0318702419669784
7.36539602284415,0,-0.0247872150245361,0,7.36539602284415,-0.0247872150245361,-0.0247872150245361,-0.0247872150245361,0.114121672795408
9.34902839864339,0,-0.0319037471830898,0,9.34902839864339,-0.0319037471830898,-0.0319037471830898,-0.0319037471830898,0.0353702402159913
12.3611575522981,0,-0.0042723235541842,0,12.3611575522981,-0.0042723235541842,-0.0042723235541842,-0.0042723235541842,0.0564107009092355
7.0066302655783,0,0.128930535718218,0,7.0066302655783,0.128930535718218,0.128930535718218,0.128930535718218,0.0770272502904336
10.8363107906744,0,-0.028098390818107,0,10.8363107906744,-0.028098390818107,-0.028098390818107,-0.028098390818107,0.071926050301895
11.7003583105711,0,-0.00186774348468509,0,11.7003583105711,-0.00186774348468509,-0.00186774348468509,-0.00186774348468509,0.00589871207554302
14.1717804897526,0,0.027255899623745,0,14.1717804897526,0.027255899623745,0.027255899623745,0.027255899623745,0.0438772018708798
10.4916049522311,0,0.0132463173032987,0,10.4916049522311,0.0132463173032987,0.0132463173032987,0.0132463173032987,0.0267192917518445
12.491172371433,0,0.00616174807970621,0,12.491172371433,0.00616174807970621,0.00616174807970621,0.00616174807970621,0.0405245193389735
22.4190143092695,0,-0.000161199703742028,0,22.4190143092695,-0.000161199703742028,-0.000161199703742028,-0.000161199703742028,0.0167230245622351
23.3384346785706,0,0.0173424537425691,0,23.3384346785706,0.0173424537425691,0.0173424537425691,0.0173424537425691,0.0189266195413323
21.0471310356801,0,0.0617673658141888,0,21.0471310356801,0.0617673658141888,0.0617673658141888,0.0617673658141888,0.047052745863464
18.868464140174,0,-0.0601138815581494,0,18.868464140174,-0.0601138815581494,-0.0601138815581494,-0.0601138815581494,0.0841243606959225
130.216227665708,0,0.0198117493038606,0,130.216227665708,0.0198117493038606,0.0198117493038606,0.0198117493038606,0.0277236387216602
9.87654480749694,0,-0.0946232449189078,0,9.87654480749694,-0.0946232449189078,-0.0946232449189078,-0.0946232449189078,0.0836731049469832
15.7641037476623,0,0.0452974152246685,0,15.7641037476623,0.0452974152246685,0.0452974152246685,0.0452974152246685,0.0222639606786319
14.6925462604222,0,-0.00458452472707301,0,14.6925462604222,-0.00458452472707301,-0.00458452472707301,-0.00458452472707301,0.0444254697733256
7.79044115240101,0,0.0350532910010923,0,7.79044115240101,0.0350532910010923,0.0350532910010923,0.0350532910010923,0.0585754206769742
11.0161041029769,0,-0.0031766917676102,0,11.0161041029769,-0.0031766917676102,-0.0031766917676102,-0.0031766917676102,0.0522005254908412
11.2420027298881,0,-0.0660500012093723,0,11.2420027298881,-0.0660500012093723,-0.0660500012093723,-0.0660500012093723,0.0384705888979592
27.9381463268887,0,-0.0196646199066465,0,27.9381463268887,-0.0196646199066465,-0.0196646199066465,-0.0196646199066465,0.0266030945529787
28.4056044215739,0,-0.0234835133541325,0,28.4056044215739,-0.0234835133541325,-0.0234835133541325,-0.0234835133541325,0.0460235649191708
9.44659083119766,0,-0.0979355343768668,0,9.44659083119766,-0.0979355343768668,-0.0979355343768668,-0.0979355343768668,0.106984919191722
10.6319539160187,0,0.00587821668928426,0,10.6319539160187,0.00587821668928426,0.00587821668928426,0.00587821668928426,0.0434639030773943
NA,NA,NA,NA,NA,NA,NA,NA,NA
3.48138260502119,0,-0.0431716232209931,0,3.48138260502119,-0.0431716232209931,-0.0431716232209931,-0.0431716232209931,0.0321818721032191
5.59197431763262,0,-0.0578220526680145,0,5.59197431763262,-0.0578220526680145,-0.0578220526680145,-0.0578220526680145,0.0290843221745671
7.10118523761685,0,-0.0285278978712163,0,7.10118523761685,-0.0285278978712163,-0.0285278978712163,-0.0285278978712163,0.0595492352872805
8.39406695268219,0,0.0167837864563465,0,8.39406695268219,0.0167837864563465,0.0167837864563465,0.0167837864563465,0.0322473662392579
15.3813680380744,0,-0.0235768509494856,0,15.3813680380744,-0.0235768509494856,-0.0235768509494856,-0.0235768509494856,0.0385600790656454
10.9419857642508,0,-0.0876235523401562,0,10.9419857642508,-0.0876235523401562,-0.0876235523401562,-0.0876235523401562,0.0336377588977628
9.567453602661,0,-0.0130573193727359,0,9.567453602661,-0.0130573193727359,-0.0130573193727359,-0.0130573193727359,0.0264340771076804
9.56764954052794,0,-0.00578932875863998,0,9.56764954052794,-0.00578932875863998,-0.00578932875863998,-0.00578932875863998,0.0288617279537588
9.58796747981615,0,0.00725905880614161,0,9.58796747981615,0.00725905880614161,0.00725905880614161,0.00725905880614161,0.0422687684348916
15.1454884083029,0,0.0687427351592194,0,15.1454884083029,0.0687427351592194,0.0687427351592194,0.0687427351592194,0.0334809714396658
9.03381024943225,0,-0.0258591277728825,0,9.03381024943225,-0.0258591277728825,-0.0258591277728825,-0.0258591277728825,0.0210013285642308
7.292171244769,0,0.0214216184583366,0,7.292171244769,0.0214216184583366,0.0214216184583366,0.0214216184583366,0.00787016036700002
10.6567948708008,0,0.0203455428827325,0,10.6567948708008,0.0203455428827325,0.0203455428827325,0.0203455428827325,0.0367174068081082
15.83958844307,0,0.0399832495665445,0,15.83958844307,0.0399832495665445,0.0399832495665445,0.0399832495665445,0.0130470310288665
17.7014293147066,0,0.0234372077444364,0,17.7014293147066,0.0234372077444364,0.0234372077444364,0.0234372077444364,0.0323786122878216
16.016217440795,0,-0.00369944404825601,0,16.016217440795,-0.00369944404825601,-0.00369944404825601,-0.00369944404825601,0.0376637682579198
6.35958088046694,0,-0.0328185793493547,0,6.35958088046694,-0.0328185793493547,-0.0328185793493547,-0.0328185793493547,0.0520581686434144
7.84913150076159,0,0.0206892300368871,0,7.84913150076159,0.0206892300368871,0.0206892300368871,0.0206892300368871,0.0125920499284639
11.3110693140974,0,0.00982781565554414,0,11.3110693140974,0.00982781565554414,0.00982781565554414,0.00982781565554414,0.0152975413868066
19.3344521561619,0,-0.0178892890128142,0,19.3344521561619,-0.0178892890128142,-0.0178892890128142,-0.0178892890128142,0.0322365626104049
12.3671082351961,0,0.0210231372322994,0,12.3671082351961,0.0210231372322994,0.0210231372322994,0.0210231372322994,0.0160828742749283
12.3654554745313,0,-0.0686880413546458,0,12.3654554745313,-0.0686880413546458,-0.0686880413546458,-0.0686880413546458,0.0513325050706189
19.2556223171704,0,0.0285945738844167,0,19.2556223171704,0.0285945738844167,0.0285945738844167,0.0285945738844167,0.0139726523520546
34.7312424253189,0,0.00360906084633839,0,34.7312424253189,0.00360906084633839,0.00360906084633839,0.00360906084633839,0.017575833019559
54.7209102152747,0,0.0196726221291343,0,54.7209102152747,0.0196726221291343,0.0196726221291343,0.0196726221291343,0.0109274670854921
11.6997668682815,0,-0.0454216119044559,0,11.6997668682815,-0.0454216119044559,-0.0454216119044559,-0.0454216119044559,0.105318046890987
8.22166390729103,0,0.0200227074138689,0,8.22166390729103,0.0200227074138689,0.0200227074138689,0.0200227074138689,0.0889316774406693
11.7030101268542,0,0.0664031592294417,0,11.7030101268542,0.0664031592294417,0.0664031592294417,0.0664031592294417,0.0318702419669784
7.36539602284415,0,-0.0247872150245361,0,7.36539602284415,-0.0247872150245361,-0.0247872150245361,-0.0247872150245361,0.114121672795408
9.34902839864339,0,-0.0319037471830898,0,9.34902839864339,-0.0319037471830898,-0.0319037471830898,-0.0319037471830898,0.0353702402159913
12.3611575522981,0,-0.0042723235541842,0,12.3611575522981,-0.0042723235541842,-0.0042723235541842,-0.0042723235541842,0.0564107009092355
7.0066302655783,0,0.128930535718218,0,7.0066302655783,0.128930535718218,0.128930535718218,0.128930535718218,0.0770272502904336
10.8363107906744,0,-0.028098390818107,0,10.8363107906744,-0.028098390818107,-0.028098390818107,-0.028098390818107,0.071926050301895
11.7003583105711,0,-0.00186774348468509,0,11.7003583105711,-0.00186774348468509,-0.00186774348468509,-0.00186774348468509,0.00589871207554302
14.1717804897526,0,0.027255899623745,0,14.1717804897526,0.027255899623745,0.027255899623745,0.027255899623745,0.0438772018708798
10.4916049522311,0,0.0132463173032987,0,10.4916049522311,0.0132463173032987,0.0132463173032987,0.0132463173032987,0.0267192917518445
12.491172371433,0,0.00616174807970621,0,12.491172371433,0.00616174807970621,0.00616174807970621,0.00616174807970621,0.0405245193389735
22.4190143092695,0,-0.000161199703742028,0,22.4190143092695,-0.000161199703742028,-0.000161199703742028,-0.000161199703742028,0.0167230245622351
23.3384346785706,0,0.0173424537425691,0,23.3384346785706,0.0173424537425691,0.0173424537425691,0.0173424537425691,0.0189266195413323
21.0471310356801,0,0.0617673658141888,0,21.0471310356801,0.0617673658141888,0.0617673658141888,0.0617673658141888,0.047052745863464
18.868464140174,0,-0.0601138815581494,0,18.868464140174,-0.0601138815581494,-0.0601138815581494,-0.0601138815581494,0.0841243606959225
130.216227665708,0,0.0198117493038606,0,130.216227665708,0.0198117493038606,0.0198117493038606,0.0198117493038606,0.0277236387216602
9.87654480749694,0,-0.0946232449189078,0,9.87654480749694,-0.0946232449189078,-0.0946232449189078,-0.0946232449189078,0.0836731049469832
15.7641037476623,0,0.0452974152246685,0,15.7641037476623,0.0452974152246685,0.0452974152246685,0.0452974152246685,0.0222639606786319
14.6925462604222,0,-0.00458452472707301,0,14.6925462604222,-0.00458452472707301,-0.00458452472707301,-0.00458452472707301,0.0444254697733256
7.79044115240101,0,0.0350532910010923,0,7.79044115240101,0.0350532910010923,0.0350532910010923,0.0350532910010923,0.0585754206769742
11.0161041029769,0,-0.0031766917676102,0,11.0161041029769,-0.0031766917676102,-0.0031766917676102,-0.0031766917676102,0.0522005254908412
11.2420027298881,0,-0.0660500012093723,0,11.2420027298881,-0.0660500012093723,-0.0660500012093723,-0.0660500012093723,0.0384705888979592
27.9381463268887,0,-0.0196646199066465,0,27.9381463268887,-0.0196646199066465,-0.0196646199066465,-0.0196646199066465,0.0266030945529787
28.4056044215739,0,-0.0234835133541325,0,28.4056044215739,-0.0234835133541325,-0.0234835133541325,-0.0234835133541325,0.0460235649191708
9.44659083119766,0,-0.0979355343768668,0,9.44659083119766,-0.0979355343768668,-0.0979355343768668,-0.0979355343768668,0.106984919191722
10.6319539160187,0,0.00587821668928426,0,10.6319539160187,0.00587821668928426,0.00587821668928426,0.00587821668928426,0.0434639030773943
NA,NA,NA,NA,NA,NA,NA,NA,NA
3.48138260502119,0,-0.0431716232209931,0,3.48138260502119,-0.0431716232209931,-0.0431716232209931,-0.0431716232209931,0.0321818721032191
5.59197431763262,0,-0.0578220526680145,0,5.59197431763262,-0.0578220526680145,-0.0578220526680145,-0.0578220526680145,0.0290843221745671
7.10118523761685,0,-0.0285278978712163,0,7.10118523761685,-0.0285278978712163,-0.0285278978712163,-0.0285278978712163,0.0595492352872805
8.39406695268219,0,0.0167837864563465,0,8.39406695268219,0.0167837864563465,0.0167837864563465,0.0167837864563465,0.0322473662392579
15.3813680380744,0,-0.0235768509494856,0,15.3813680380744,-0.0235768509494856,-0.0235768509494856,-0.0235768509494856,0.0385600790656454
10.9419857642508,0,-0.0876235523401562,0,10.9419857642508,-0.0876235523401562,-0.0876235523401562,-0.0876235523401562,0.0336377588977628
9.567453602661,0,-0.0130573193727359,0,9.567453602661,-0.0130573193727359,-0.0130573193727359,-0.0130573193727359,0.0264340771076804
9.56764954052794,0,-0.00578932875863998,0,9.56764954052794,-0.00578932875863998,-0.00578932875863998,-0.00578932875863998,0.0288617279537588
9.58796747981615,0,0.00725905880614161,0,9.58796747981615,0.00725905880614161,0.00725905880614161,0.00725905880614161,0.0422687684348916
15.1454884083029,0,0.0687427351592194,0,15.1454884083029,0.0687427351592194,0.0687427351592194,0.0687427351592194,0.0334809714396658
9.03381024943225,0,-0.0258591277728825,0,9.03381024943225,-0.0258591277728825,-0.0258591277728825,-0.0258591277728825,0.0210013285642308
7.292171244769,0,0.0214216184583366,0,7.292171244769,0.0214216184583366,0.0214216184583366,0.0214216184583366,0.00787016036700002
10.6567948708008,0,0.0203455428827325,0,10.6567948708008,0.0203455428827325,0.0203455428827325,0.0203455428827325,0.0367174068081082
15.83958844307,0,0.0399832495665445,0,15.83958844307,0.0399832495665445,0.0399832495665445,0.0399832495665445,0.0130470310288665
17.7014293147066,0,0.0234372077444364,0,17.7014293147066,0.0234372077444364,0.0234372077444364,0.0234372077444364,0.0323786122878216
16.016217440795,0,-0.00369944404825601,0,16.016217440795,-0.00369944404825601,-0.00369944404825601,-0.00369944404825601,0.0376637682579198
6.35958088046694,0,-0.0328185793493547,0,6.35958088046694,-0.0328185793493547,-0.0328185793493547,-0.0328185793493547,0.0520581686434144
7.84913150076159,0,0.0206892300368871,0,7.84913150076159,0.0206892300368871,0.0206892300368871,0.0206892300368871,0.0125920499284639
11.3110693140974,0,0.00982781565554414,0,11.3110693140974,0.00982781565554414,0.00982781565554414,0.00982781565554414,0.0152975413868066
19.3344521561619,0,-0.0178892890128142,0,19.3344521561619,-0.0178892890128142,-0.0178892890128142,-0.0178892890128142,0.0322365626104049
12.3671082351961,0,0.0210231372322994,0,12.3671082351961,0.0210231372322994,0.0210231372322994,0.0210231372322994,0.0160828742749283
12.3654554745313,0,-0.0686880413546458,0,12.3654554745313,-0.0686880413546458,-0.0686880413546458,-0.0686880413546458,0.0513325050706189
19.2556223171704,0,0.0285945738844167,0,19.2556223171704,0.0285945738844167,0.0285945738844167,0.0285945738844167,0.0139726523520546
34.7312424253189,0,0.00360906084633839,0,34.7312424253189,0.00360906084633839,0.00360906084633839,0.00360906084633839,0.017575833019559
54.7209102152747,0,0.0196726221291343,0,54.7209102152747,0.0196726221291343,0.0196726221291343,0.0196726221291343,0.0109274670854921
11.6997668682815,0,-0.0454216119044559,0,11.6997668682815,-0.0454216119044559,-0.0454216119044559,-0.0454216119044559,0.105318046890987
8.22166390729103,0,0.0200227074138689,0,8.22166390729103,0.0200227074138689,0.0200227074138689,0.0200227074138689,0.0889316774406693
11.7030101268542,0,0.0664031592294417,0,11.7030101268542,0.0664031592294417,0.0664031592294417,0.0664031592294417,0.0318702419669784
7.36539602284415,0,-0.0247872150245361,0,7.36539602284415,-0.0247872150245361,-0.0247872150245361,-0.0247872150245361,0.114121672795408
9.34902839864339,0,-0.0319037471830898,0,9.34902839864339,-0.0319037471830898,-0.0319037471830898,-0.0319037471830898,0.0353702402159913
12.3611575522981,0,-0.0042723235541842,0,12.3611575522981,-0.0042723235541842,-0.0042723235541842,-0.0042723235541842,0.0564107009092355
7.0066302655783,0,0.128930535718218,0,7.0066302655783,0.128930535718218,0.128930535718218,0.128930535718218,0.0770272502904336
10.8363107906744,0,-0.028098390818107,0,10.8363107906744,-0.028098390818107,-0.028098390818107,-0.028098390818107,0.071926050301895
11.7003583105711,0,-0.00186774348468509,0,11.7003583105711,-0.00186774348468509,-0.00186774348468509,-0.00186774348468509,0.00589871207554302
14.1717804897526,0,0.027255899623745,0,14.1717804897526,0.027255899623745,0.027255899623745,0.027255899623745,0.0438772018708798
10.4916049522311,0,0.0132463173032987,0,10.4916049522311,0.0132463173032987,0.0132463173032987,0.0132463173032987,0.0267192917518445
12.491172371433,0,0.00616174807970621,0,12.491172371433,0.00616174807970621,0.00616174807970621,0.00616174807970621,0.0405245193389735
22.4190143092695,0,-0.000161199703742028,0,22.4190143092695,-0.000161199703742028,-0.000161199703742028,-0.000161199703742028,0.0167230245622351
23.3384346785706,0,0.0173424537425691,0,23.3384346785706,0.0173424537425691,0.0173424537425691,0.0173424537425691,0.0189266195413323
21.0471310356801,0,0.0617673658141888,0,21.0471310356801,0.0617673658141888,0.0617673658141888,0.0617673658141888,0.047052745863464
18.868464140174,0,-0.0601138815581494,0,18.868464140174,-0.0601138815581494,-0.0601138815581494,-0.0601138815581494,0.0841243606959225
130.216227665708,0,0.0198117493038606,0,130.216227665708,0.0198117493038606,0.0198117493038606,0.0198117493038606,0.0277236387216602
9.87654480749694,0,-0.0946232449189078,0,9.87654480749694,-0.0946232449189078,-0.0946232449189078,-0.0946232449189078,0.0836731049469832
15.7641037476623,0,0.0452974152246685,0,15.7641037476623,0.0452974152246685,0.0452974152246685,0.0452974152246685,0.0222639606786319
14.6925462604222,0,-0.00458452472707301,0,14.6925462604222,-0.00458452472707301,-0.00458452472707301,-0.00458452472707301,0.0444254697733256
7.79044115240101,0,0.0350532910010923,0,7.79044115240101,0.0350532910010923,0.0350532910010923,0.0350532910010923,0.0585754206769742
11.0161041029769,0,-0.0031766917676102,0,11.0161041029769,-0.0031766917676102,-0.0031766917676102,-0.0031766917676102,0.0522005254908412
11.2420027298881,0,-0.0660500012093723,0,11.2420027298881,-0.0660500012093723,-0.0660500012093723,-0.0660500012093723,0.0384705888979592
27.9381463268887,0,-0.0196646199066465,0,27.9381463268887,-0.0196646199066465,-0.0196646199066465,-0.0196646199066465,0.0266030945529787
28.4056044215739,0,-0.0234835133541325,0,28.4056044215739,-0.0234835133541325,-0.0234835133541325,-0.0234835133541325,0.0460235649191708
9.44659083119766,0,-0.0979355343768668,0,9.44659083119766,-0.0979355343768668,-0.0979355343768668,-0.0979355343768668,0.106984919191722
10.6319539160187,0,0.00587821668928426,0,10.6319539160187,0.00587821668928426,0.00587821668928426,0.00587821668928426,0.0434639030773943
NA,NA,NA,NA,NA,NA,NA,NA,NA
3.48138260502119,0,-0.0431716232209931,0,3.48138260502119,-0.0431716232209931,-0.0431716232209931,-0.0431716232209931,0.0321818721032191
5.59197431763262,0,-0.0578220526680145,0,5.59197431763262,-0.0578220526680145,-0.0578220526680145,-0.0578220526680145,0.0290843221745671
7.10118523761685,0,-0.0285278978712163,0,7.10118523761685,-0.0285278978712163,-0.0285278978712163,-0.0285278978712163,0.0595492352872805
8.39406695268219,0,0.0167837864563465,0,8.39406695268219,0.0167837864563465,0.0167837864563465,0.0167837864563465,0.0322473662392579
15.3813680380744,0,-0.0235768509494856,0,15.3813680380744,-0.0235768509494856,-0.0235768509494856,-0.0235768509494856,0.0385600790656454
10.9419857642508,0,-0.0876235523401562,0,10.9419857642508,-0.0876235523401562,-0.0876235523401562,-0.0876235523401562,0.0336377588977628
9.567453602661,0,-0.0130573193727359,0,9.567453602661,-0.0130573193727359,-0.0130573193727359,-0.0130573193727359,0.0264340771076804
9.56764954052794,0,-0.00578932875863998,0,9.56764954052794,-0.00578932875863998,-0.00578932875863998,-0.00578932875863998,0.0288617279537588
9.58796747981615,0,0.00725905880614161,0,9.58796747981615,0.00725905880614161,0.00725905880614161,0.00725905880614161,0.0422687684348916
15.1454884083029,0,0.0687427351592194,0,15.1454884083029,0.0687427351592194,0.0687427351592194,0.0687427351592194,0.0334809714396658
9.03381024943225,0,-0.0258591277728825,0,9.03381024943225,-0.0258591277728825,-0.0258591277728825,-0.0258591277728825,0.0210013285642308
7.292171244769,0,0.0214216184583366,0,7.292171244769,0.0214216184583366,0.0214216184583366,0.0214216184583366,0.00787016036700002
10.6567948708008,0,0.0203455428827325,0,10.6567948708008,0.0203455428827325,0.0203455428827325,0.0203455428827325,0.0367174068081082
15.83958844307,0,0.0399832495665445,0,15.83958844307,0.0399832495665445,0.0399832495665445,0.0399832495665445,0.0130470310288665
17.7014293147066,0,0.0234372077444364,0,17.7014293147066,0.0234372077444364,0.0234372077444364,0.0234372077444364,0.0323786122878216
16.016217440795,0,-0.00369944404825601,0,16.016217440795,-0.00369944404825601,-0.00369944404825601,-0.00369944404825601,0.0376637682579198
6.35958088046694,0,-0.0328185793493547,0,6.35958088046694,-0.0328185793493547,-0.0328185793493547,-0.0328185793493547,0.0520581686434144
7.84913150076159,0,0.0206892300368871,0,7.84913150076159,0.0206892300368871,0.0206892300368871,0.0206892300368871,0.0125920499284639
11.3110693140974,0,0.00982781565554414,0,11.3110693140974,0.00982781565554414,0.00982781565554414,0.00982781565554414,0.0152975413868066
19.3344521561619,0,-0.0178892890128142,0,19.3344521561619,-0.0178892890128142,-0.0178892890128142,-0.0178892890128142,0.0322365626104049
12.3671082351961,0,0.0210231372322994,0,12.3671082351961,0.0210231372322994,0.0210231372322994,0.0210231372322994,0.0160828742749283
12.3654554745313,0,-0.0686880413546458,0,12.3654554745313,-0.0686880413546458,-0.0686880413546458,-0.0686880413546458,0.0513325050706189
19.2556223171704,0,0.0285945738844167,0,19.2556223171704,0.0285945738844167,0.0285945738844167,0.0285945738844167,0.0139726523520546
34.7312424253189,0,0.00360906084633839,0,34.7312424253189,0.00360906084633839,0.00360906084633839,0.00360906084633839,0.017575833019559
54.7209102152747,0,0.0196726221291343,0,54.7209102152747,0.0196726221291343,0.0196726221291343,0.0196726221291343,0.0109274670854921
11.6997668682815,0,-0.0454216119044559,0,11.6997668682815,-0.0454216119044559,-0.0454216119044559,-0.0454216119044559,0.105318046890987
8.22166390729103,0,0.0200227074138689,0,8.22166390729103,0.0200227074138689,0.0200227074138689,0.0200227074138689,0.0889316774406693
11.7030101268542,0,0.0664031592294417,0,11.7030101268542,0.0664031592294417,0.0664031592294417,0.0664031592294417,0.0318702419669784
7.36539602284415,0,-0.0247872150245361,0,7.36539602284415,-0.0247872150245361,-0.0247872150245361,-0.0247872150245361,0.114121672795408
9.34902839864339,0,-0.0319037471830898,0,9.34902839864339,-0.0319037471830898,-0.0319037471830898,-0.0319037471830898,0.0353702402159913
12.3611575522981,0,-0.0042723235541842,0,12.3611575522981,-0.0042723235541842,-0.0042723235541842,-0.0042723235541842,0.0564107009092355
7.0066302655783,0,0.128930535718218,0,7.0066302655783,0.128930535718218,0.128930535718218,0.128930535718218,0.0770272502904336
10.8363107906744,0,-0.028098390818107,0,10.8363107906744,-0.028098390818107,-0.028098390818107,-0.028098390818107,0.071926050301895
11.7003583105711,0,-0.00186774348468509,0,11.7003583105711,-0.00186774348468509,-0.00186774348468509,-0.00186774348468509,0.00589871207554302
14.1717804897526,0,0.027255899623745,0,14.1717804897526,0.027255899623745,0.027255899623745,0.027255899623745,0.0438772018708798
10.4916049522311,0,0.0132463173032987,0,10.4916049522311,0.0132463173032987,0.0132463173032987,0.0132463173032987,0.0267192917518445
12.491172371433,0,0.00616174807970621,0,12.491172371433,0.00616174807970621,0.00616174807970621,0.00616174807970621,0.0405245193389735
22.4190143092695,0,-0.000161199703742028,0,22.4190143092695,-0.000161199703742028,-0.000161199703742028,-0.000161199703742028,0.0167230245622351
23.3384346785706,0,0.0173424537425691,0,23.3384346785706,0.0173424537425691,0.0173424537425691,0.0173424537425691,0.0189266195413323
21.0471310356801,0,0.0617673658141888,0,21.0471310356801,0.0617673658141888,0.0617673658141888,0.0617673658141888,0.047052745863464
18.868464140174,0,-0.0601138815581494,0,18.868464140174,-0.0601138815581494,-0.0601138815581494,-0.0601138815581494,0.0841243606959225
130.216227665708,0,0.0198117493038606,0,130.216227665708,0.0198117493038606,0.0198117493038606,0.0198117493038606,0.0277236387216602
9.87654480749694,0,-0.0946232449189078,0,9.87654480749694,-0.0946232449189078,-0.0946232449189078,-0.0946232449189078,0.0836731049469832
15.7641037476623,0,0.0452974152246685,0,15.7641037476623,0.0452974152246685,0.0452974152246685,0.0452974152246685,0.0222639606786319
14.6925462604222,0,-0.00458452472707301,0,14.6925462604222,-0.00458452472707301,-0.00458452472707301,-0.00458452472707301,0.0444254697733256
7.79044115240101,0,0.0350532910010923,0,7.79044115240101,0.0350532910010923,0.0350532910010923,0.0350532910010923,0.0585754206769742
11.0161041029769,0,-0.0031766917676102,0,11.0161041029769,-0.0031766917676102,-0.0031766917676102,-0.0031766917676102,0.0522005254908412
11.2420027298881,0,-0.0660500012093723,0,11.2420027298881,-0.0660500012093723,-0.0660500012093723,-0.0660500012093723,0.0384705888979592
27.9381463268887,0,-0.0196646199066465,0,27.9381463268887,-0.0196646199066465,-0.0196646199066465,-0.0196646199066465,0.0266030945529787
28.4056044215739,0,-0.0234835133541325,0,28.4056044215739,-0.0234835133541325,-0.0234835133541325,-0.0234835133541325,0.0460235649191708
9.44659083119766,0,-0.0979355343768668,0,9.44659083119766,-0.0979355343768668,-0.0979355343768668,-0.0979355343768668,0.106984919191722
10.6319539160187,0,0.00587821668928426,0,10.6319539160187,0.00587821668928426,0.00587821668928426,0.00587821668928426,0.0434639030773943
NA,NA,NA,NA,NA,NA,NA,NA,NA
3.48138260502119,0,-0.0431716232209931,0,3.48138260502119,-0.0431716232209931,-0.0431716232209931,-0.0431716232209931,0.0321818721032191
5.59197431763262,0,-0.0578220526680145,0,5.59197431763262,-0.0578220526680145,-0.0578220526680145,-0.0578220526680145,0.0290843221745671
7.10118523761685,0,-0.0285278978712163,0,7.10118523761685,-0.0285278978712163,-0.0285278978712163,-0.0285278978712163,0.0595492352872805
8.39406695268219,0,0.0167837864563465,0,8.39406695268219,0.0167837864563465,0.0167837864563465,0.0167837864563465,0.0322473662392579
15.3813680380744,0,-0.0235768509494856,0,15.3813680380744,-0.0235768509494856,-0.0235768509494856,-0.0235768509494856,0.0385600790656454
10.9419857642508,0,-0.0876235523401562,0,10.9419857642508,-0.0876235523401562,-0.0876235523401562,-0.0876235523401562,0.0336377588977628
9.567453602661,0,-0.0130573193727359,0,9.567453602661,-0.0130573193727359,-0.0130573193727359,-0.0130573193727359,0.0264340771076804
9.56764954052794,0,-0.00578932875863998,0,9.56764954052794,-0.00578932875863998,-0.00578932875863998,-0.00578932875863998,0.0288617279537588
9.58796747981615,0,0.00725905880614161,0,9.58796747981615,0.00725905880614161,0.00725905880614161,0.00725905880614161,0.0422687684348916
15.1454884083029,0,0.0687427351592194,0,15.1454884083029,0.0687427351592194,0.0687427351592194,0.0687427351592194,0.0334809714396658
9.03381024943225,0,-0.0258591277728825,0,9.03381024943225,-0.0258591277728825,-0.0258591277728825,-0.0258591277728825,0.0210013285642308
7.292171244769,0,0.0214216184583366,0,7.292171244769,0.0214216184583366,0.0214216184583366,0.0214216184583366,0.00787016036700002
10.6567948708008,0,0.0203455428827325,0,10.6567948708008,0.0203455428827325,0.0203455428827325,0.0203455428827325,0.0367174068081082
15.83958844307,0,0.0399832495665445,0,15.83958844307,0.0399832495665445,0.0399832495665445,0.0399832495665445,0.0130470310288665
17.7014293147066,0,0.0234372077444364,0,17.7014293147066,0.0234372077444364,0.0234372077444364,0.0234372077444364,0.0323786122878216
16.016217440795,0,-0.00369944404825601,0,16.016217440795,-0.00369944404825601,-0.00369944404825601,-0.00369944404825601,0.0376637682579198
6.35958088046694,0,-0.0328185793493547,0,6.35958088046694,-0.0328185793493547,-0.0328185793493547,-0.0328185793493547,0.0520581686434144
7.84913150076159,0,0.0206892300368871,0,7.84913150076159,0.0206892300368871,0.0206892300368871,0.0206892300368871,0.0125920499284639
11.3110693140974,0,0.00982781565554414,0,11.3110693140974,0.00982781565554414,0.00982781565554414,0.00982781565554414,0.0152975413868066
19.3344521561619,0,-0.0178892890128142,0,19.3344521561619,-0.0178892890128142,-0.0178892890128142,-0.0178892890128142,0.0322365626104049
12.3671082351961,0,0.0210231372322994,0,12.3671082351961,0.0210231372322994,0.0210231372322994,0.0210231372322994,0.0160828742749283
12.3654554745313,0,-0.0686880413546458,0,12.3654554745313,-0.0686880413546458,-0.0686880413546458,-0.0686880413546458,0.0513325050706189
19.2556223171704,0,0.0285945738844167,0,19.2556223171704,0.0285945738844167,0.0285945738844167,0.0285945738844167,0.0139726523520546
34.7312424253189,0,0.00360906084633839,0,34.7312424253189,0.00360906084633839,0.00360906084633839,0.00360906084633839,0.017575833019559
54.7209102152747,0,0.0196726221291343,0,54.7209102152747,0.0196726221291343,0.0196726221291343,0.0196726221291343,0.0109274670854921
11.6997668682815,0,-0.0454216119044559,0,11.6997668682815,-0.0454216119044559,-0.0454216119044559,-0.0454216119044559,0.105318046890987
8.22166390729103,0,0.0200227074138689,0,8.22166390729103,0.0200227074138689,0.0200227074138689,0.0200227074138689,0.0889316774406693
11.7030101268542,0,0.0664031592294417,0,11.7030101268542,0.0664031592294417,0.0664031592294417,0.0664031592294417,0.0318702419669784
7.36539602284415,0,-0.0247872150245361,0,7.36539602284415,-0.0247872150245361,-0.0247872150245361,-0.0247872150245361,0.114121672795408
9.34902839864339,0,-0.0319037471830898,0,9.34902839864339,-0.0319037471830898,-0.0319037471830898,-0.0319037471830898,0.0353702402159913
12.3611575522981,0,-0.0042723235541842,0,12.3611575522981,-0.0042723235541842,-0.0042723235541842,-0.0042723235541842,0.0564107009092355
7.0066302655783,0,0.128930535718218,0,7.0066302655783,0.128930535718218,0.128930535718218,0.128930535718218,0.0770272502904336
10.8363107906744,0,-0.028098390818107,0,10.8363107906744,-0.028098390818107,-0.028098390818107,-0.028098390818107,0.071926050301895
11.7003583105711,0,-0.00186774348468509,0,11.7003583105711,-0.00186774348468509,-0.00186774348468509,-0.00186774348468509,0.00589871207554302
14.1717804897526,0,0.027255899623745,0,14.1717804897526,0.027255899623745,0.027255899623745,0.027255899623745,0.0438772018708798
10.4916049522311,0,0.0132463173032987,0,10.4916049522311,0.0132463173032987,0.0132463173032987,0.0132463173032987,0.0267192917518445
12.491172371433,0,0.00616174807970621,0,12.491172371433,0.00616174807970621,0.00616174807970621,0.00616174807970621,0.0405245193389735
22.4190143092695,0,-0.000161199703742028,0,22.4190143092695,-0.000161199703742028,-0.000161199703742028,-0.000161199703742028,0.0167230245622351
23.3384346785706,0,0.0173424537425691,0,23.3384346785706,0.0173424537425691,0.0173424537425691,0.0173424537425691,0.0189266195413323
21.0471310356801,0,0.0617673658141888,0,21.0471310356801,0.0617673658141888,0.0617673658141888,0.0617673658141888,0.047052745863464
18.868464140174,0,-0.0601138815581494,0,18.868464140174,-0.0601138815581494,-0.0601138815581494,-0.0601138815581494,0.0841243606959225
130.216227665708,0,0.0198117493038606,0,130.216227665708,0.0198117493038606,0.0198117493038606,0.0198117493038606,0.0277236387216602
9.87654480749694,0,-0.0946232449189078,0,9.87654480749694,-0.0946232449189078,-0.0946232449189078,-0.0946232449189078,0.0836731049469832
15.7641037476623,0,0.0452974152246685,0,15.7641037476623,0.0452974152246685,0.0452974152246685,0.0452974152246685,0.0222639606786319
14.6925462604222,0,-0.00458452472707301,0,14.6925462604222,-0.00458452472707301,-0.00458452472707301,-0.00458452472707301,0.0444254697733256
7.79044115240101,0,0.0350532910010923,0,7.79044115240101,0.0350532910010923,0.0350532910010923,0.0350532910010923,0.0585754206769742
11.0161041029769,0,-0.0031766917676102,0,11.0161041029769,-0.0031766917676102,-0.0031766917676102,-0.0031766917676102,0.0522005254908412
11.2420027298881,0,-0.0660500012093723,0,11.2420027298881,-0.0660500012093723,-0.0660500012093723,-0.0660500012093723,0.0384705888979592
27.9381463268887,0,-0.0196646199066465,0,27.9381463268887,-0.0196646199066465,-0.0196646199066465,-0.0196646199066465,0.0266030945529787
28.4056044215739,0,-0.0234835133541325,0,28.4056044215739,-0.0234835133541325,-0.0234835133541325,-0.0234835133541325,0.0460235649191708
9.44659083119766,0,-0.0979355343768668,0,9.44659083119766,-0.0979355343768668,-0.0979355343768668,-0.0979355343768668,0.106984919191722
10.6319539160187,0,0.00587821668928426,0,10.6319539160187,0.00587821668928426,0.00587821668928426,0.00587821668928426,0.0434639030773943
NA,NA,NA,NA,NA,NA,NA,NA,NA
3.48138260502119,0,-0.0431716232209931,0,3.48138260502119,-0.0431716232209931,-0.0431716232209931,-0.0431716232209931,0.0321818721032191
5.59197431763262,0,-0.0578220526680145,0,5.59197431763262,-0.0578220526680145,-0.0578220526680145,-0.0578220526680145,0.0290843221745671
7.10118523761685,0,-0.0285278978712163,0,7.10118523761685,-0.0285278978712163,-0.0285278978712163,-0.0285278978712163,0.0595492352872805
8.39406695268219,0,0.0167837864563465,0,8.39406695268219,0.0167837864563465,0.0167837864563465,0.0167837864563465,0.0322473662392579
15.3813680380744,0,-0.0235768509494856,0,15.3813680380744,-0.0235768509494856,-0.0235768509494856,-0.0235768509494856,0.0385600790656454
10.9419857642508,0,-0.0876235523401562,0,10.9419857642508,-0.0876235523401562,-0.0876235523401562,-0.0876235523401562,0.0336377588977628
9.567453602661,0,-0.0130573193727359,0,9.567453602661,-0.0130573193727359,-0.0130573193727359,-0.0130573193727359,0.0264340771076804
9.56764954052794,0,-0.00578932875863998,0,9.56764954052794,-0.00578932875863998,-0.00578932875863998,-0.00578932875863998,0.0288617279537588
9.58796747981615,0,0.00725905880614161,0,9.58796747981615,0.00725905880614161,0.00725905880614161,0.00725905880614161,0.0422687684348916
15.1454884083029,0,0.0687427351592194,0,15.1454884083029,0.0687427351592194,0.0687427351592194,0.0687427351592194,0.0334809714396658
9.03381024943225,0,-0.0258591277728825,0,9.03381024943225,-0.0258591277728825,-0.0258591277728825,-0.0258591277728825,0.0210013285642308
7.292171244769,0,0.0214216184583366,0,7.292171244769,0.0214216184583366,0.0214216184583366,0.0214216184583366,0.00787016036700002
10.6567948708008,0,0.0203455428827325,0,10.6567948708008,0.0203455428827325,0.0203455428827325,0.0203455428827325,0.0367174068081082
15.83958844307,0,0.0399832495665445,0,15.83958844307,0.0399832495665445,0.0399832495665445,0.0399832495665445,0.0130470310288665
17.7014293147066,0,0.0234372077444364,0,17.7014293147066,0.0234372077444364,0.0234372077444364,0.0234372077444364,0.0323786122878216
16.016217440795,0,-0.00369944404825601,0,16.016217440795,-0.00369944404825601,-0.00369944404825601,-0.00369944404825601,0.0376637682579198
6.35958088046694,0,-0.0328185793493547,0,6.35958088046694,-0.0328185793493547,-0.0328185793493547,-0.0328185793493547,0.0520581686434144
7.84913150076159,0,0.0206892300368871,0,7.84913150076159,0.0206892300368871,0.0206892300368871,0.0206892300368871,0.0125920499284639
11.3110693140974,0,0.00982781565554414,0,11.3110693140974,0.00982781565554414,0.00982781565554414,0.00982781565554414,0.0152975413868066
19.3344521561619,0,-0.0178892890128142,0,19.3344521561619,-0.0178892890128142,-0.0178892890128142,-0.0178892890128142,0.0322365626104049
12.3671082351961,0,0.0210231372322994,0,12.3671082351961,0.0210231372322994,0.0210231372322994,0.0210231372322994,0.0160828742749283
12.3654554745313,0,-0.0686880413546458,0,12.3654554745313,-0.0686880413546458,-0.0686880413546458,-0.0686880413546458,0.0513325050706189
19.2556223171704,0,0.0285945738844167,0,19.2556223171704,0.0285945738844167,0.0285945738844167,0.0285945738844167,0.0139726523520546
34.7312424253189,0,0.00360906084633839,0,34.7312424253189,0.00360906084633839,0.00360906084633839,0.00360906084633839,0.017575833019559
54.7209102152747,0,0.0196726221291343,0,54.7209102152747,0.0196726221291343,0.0196726221291343,0.0196726221291343,0.0109274670854921
11.6997668682815,0,-0.0454216119044559,0,11.6997668682815,-0.0454216119044559,-0.0454216119044559,-0.0454216119044559,0.105318046890987
8.22166390729103,0,0.0200227074138689,0,8.22166390729103,0.0200227074138689,0.0200227074138689,0.0200227074138689,0.0889316774406693
11.7030101268542,0,0.0664031592294417,0,11.7030101268542,0.0664031592294417,0.0664031592294417,0.0664031592294417,0.0318702419669784
7.36539602284415,0,-0.0247872150245361,0,7.36539602284415,-0.0247872150245361,-0.0247872150245361,-0.0247872150245361,0.114121672795408
9.34902839864339,0,-0.0319037471830898,0,9.34902839864339,-0.0319037471830898,-0.0319037471830898,-0.0319037471830898,0.0353702402159913
12.3611575522981,0,-0.0042723235541842,0,12.3611575522981,-0.0042723235541842,-0.0042723235541842,-0.0042723235541842,0.0564107009092355
7.0066302655783,0,0.128930535718218,0,7.0066302655783,0.128930535718218,0.128930535718218,0.128930535718218,0.0770272502904336
10.8363107906744,0,-0.028098390818107,0,10.8363107906744,-0.028098390818107,-0.028098390818107,-0.028098390818107,0.071926050301895
11.7003583105711,0,-0.00186774348468509,0,11.7003583105711,-0.00186774348468509,-0.00186774348468509,-0.00186774348468509,0.00589871207554302
14.1717804897526,0,0.027255899623745,0,14.1717804897526,0.027255899623745,0.027255899623745,0.027255899623745,0.0438772018708798
10.4916049522311,0,0.0132463173032987,0,10.4916049522311,0.0132463173032987,0.0132463173032987,0.0132463173032987,0.0267192917518445
12.491172371433,0,0.00616174807970621,0,12.491172371433,0.00616174807970621,0.00616174807970621,0.00616174807970621,0.0405245193389735
22.4190143092695,0,-0.000161199703742028,0,22.4190143092695,-0.000161199703742028,-0.000161199703742028,-0.000161199703742028,0.0167230245622351
23.3384346785706,0,0.0173424537425691,0,23.3384346785706,0.0173424537425691,0.0173424537425691,0.0173424537425691,0.0189266195413323
21.0471310356801,0,0.0617673658141888,0,21.0471310356801,0.0617673658141888,0.0617673658141888,0.0617673658141888,0.047052745863464
18.868464140174,0,-0.0601138815581494,0,18.868464140174,-0.0601138815581494,-0.0601138815581494,-0.0601138815581494,0.0841243606959225
130.216227665708,0,0.0198117493038606,0,130.216227665708,0.0198117493038606,0.0198117493038606,0.0198117493038606,0.0277236387216602
9.87654480749694,0,-0.0946232449189078,0,9.87654480749694,-0.0946232449189078,-0.0946232449189078,-0.0946232449189078,0.0836731049469832
15.7641037476623,0,0.0452974152246685,0,15.7641037476623,0.0452974152246685,0.0452974152246685,0.0452974152246685,0.0222639606786319
14.6925462604222,0,-0.00458452472707301,0,14.6925462604222,-0.00458452472707301,-0.00458452472707301,-0.00458452472707301,0.0444254697733256
7.79044115240101,0,0.0350532910010923,0,7.79044115240101,0.0350532910010923,0.0350532910010923,0.0350532910010923,0.0585754206769742
11.0161041029769,0,-0.0031766917676102,0,11.0161041029769,-0.0031766917676102,-0.0031766917676102,-0.0031766917676102,0.0522005254908412
11.2420027298881,0,-0.0660500012093723,0,11.2420027298881,-0.0660500012093723,-0.0660500012093723,-0.0660500012093723,0.0384705888979592
27.9381463268887,0,-0.0196646199066465,0,27.9381463268887,-0.0196646199066465,-0.0196646199066465,-0.0196646199066465,0.0266030945529787
28.4056044215739,0,-0.0234835133541325,0,28.4056044215739,-0.0234835133541325,-0.0234835133541325,-0.0234835133541325,0.0460235649191708
9.44659083119766,0,-0.0979355343768668,0,9.44659083119766,-0.0979355343768668,-0.0979355343768668,-0.0979355343768668,0.106984919191722
10.6319539160187,0,0.00587821668928426,0,10.6319539160187,0.00587821668928426,0.00587821668928426,0.00587821668928426,0.0434639030773943
NA,NA,NA,NA,NA,NA,NA,NA,NA
3.48138260502119,0,-0.0431716232209931,0,3.48138260502119,-0.0431716232209931,-0.0431716232209931,-0.0431716232209931,0.0321818721032191
5.59197431763262,0,-0.0578220526680145,0,5.59197431763262,-0.0578220526680145,-0.0578220526680145,-0.0578220526680145,0.0290843221745671
7.10118523761685,0,-0.0285278978712163,0,7.10118523761685,-0.0285278978712163,-0.0285278978712163,-0.0285278978712163,0.0595492352872805
8.39406695268219,0,0.0167837864563465,0,8.39406695268219,0.0167837864563465,0.0167837864563465,0.0167837864563465,0.0322473662392579
15.3813680380744,0,-0.0235768509494856,0,15.3813680380744,-0.0235768509494856,-0.0235768509494856,-0.0235768509494856,0.0385600790656454
10.9419857642508,0,-0.0876235523401562,0,10.9419857642508,-0.0876235523401562,-0.0876235523401562,-0.0876235523401562,0.0336377588977628
9.567453602661,0,-0.0130573193727359,0,9.567453602661,-0.0130573193727359,-0.0130573193727359,-0.0130573193727359,0.0264340771076804
9.56764954052794,0,-0.00578932875863998,0,9.56764954052794,-0.00578932875863998,-0.00578932875863998,-0.00578932875863998,0.0288617279537588
9.58796747981615,0,0.00725905880614161,0,9.58796747981615,0.00725905880614161,0.00725905880614161,0.00725905880614161,0.0422687684348916
15.1454884083029,0,0.0687427351592194,0,15.1454884083029,0.0687427351592194,0.0687427351592194,0.0687427351592194,0.0334809714396658
9.03381024943225,0,-0.0258591277728825,0,9.03381024943225,-0.0258591277728825,-0.0258591277728825,-0.0258591277728825,0.0210013285642308
7.292171244769,0,0.0214216184583366,0,7.292171244769,0.0214216184583366,0.0214216184583366,0.0214216184583366,0.00787016036700002
10.6567948708008,0,0.0203455428827325,0,10.6567948708008,0.0203455428827325,0.0203455428827325,0.0203455428827325,0.0367174068081082
15.83958844307,0,0.0399832495665445,0,15.83958844307,0.0399832495665445,0.0399832495665445,0.0399832495665445,0.0130470310288665
17.7014293147066,0,0.0234372077444364,0,17.7014293147066,0.0234372077444364,0.0234372077444364,0.0234372077444364,0.0323786122878216
16.016217440795,0,-0.00369944404825601,0,16.016217440795,-0.00369944404825601,-0.00369944404825601,-0.00369944404825601,0.0376637682579198
6.35958088046694,0,-0.0328185793493547,0,6.35958088046694,-0.0328185793493547,-0.0328185793493547,-0.0328185793493547,0.0520581686434144
7.84913150076159,0,0.0206892300368871,0,7.84913150076159,0.0206892300368871,0.0206892300368871,0.0206892300368871,0.0125920499284639
11.3110693140974,0,0.00982781565554414,0,11.3110693140974,0.00982781565554414,0.00982781565554414,0.00982781565554414,0.0152975413868066
19.3344521561619,0,-0.0178892890128142,0,19.3344521561619,-0.0178892890128142,-0.0178892890128142,-0.0178892890128142,0.0322365626104049
12.3671082351961,0,0.0210231372322994,0,12.3671082351961,0.0210231372322994,0.0210231372322994,0.0210231372322994,0.0160828742749283
12.3654554745313,0,-0.0686880413546458,0,12.3654554745313,-0.0686880413546458,-0.0686880413546458,-0.0686880413546458,0.0513325050706189
19.2556223171704,0,0.0285945738844167,0,19.2556223171704,0.0285945738844167,0.0285945738844167,0.0285945738844167,0.0139726523520546
34.7312424253189,0,0.00360906084633839,0,34.7312424253189,0.00360906084633839,0.00360906084633839,0.00360906084633839,0.017575833019559
54.7209102152747,0,0.0196726221291343,0,54.7209102152747,0.0196726221291343,0.0196726221291343,0.0196726221291343,0.0109274670854921
11.6997668682815,0,-0.0454216119044559,0,11.6997668682815,-0.0454216119044559,-0.0454216119044559,-0.0454216119044559,0.105318046890987
8.22166390729103,0,0.0200227074138689,0,8.22166390729103,0.0200227074138689,0.0200227074138689,0.0200227074138689,0.0889316774406693
11.7030101268542,0,0.0664031592294417,0,11.7030101268542,0.0664031592294417,0.0664031592294417,0.0664031592294417,0.0318702419669784
7.36539602284415,0,-0.0247872150245361,0,7.36539602284415,-0.0247872150245361,-0.0247872150245361,-0.0247872150245361,0.114121672795408
9.34902839864339,0,-0.0319037471830898,0,9.34902839864339,-0.0319037471830898,-0.0319037471830898,-0.0319037471830898,0.0353702402159913
12.3611575522981,0,-0.0042723235541842,0,12.3611575522981,-0.0042723235541842,-0.0042723235541842,-0.0042723235541842,0.0564107009092355
7.0066302655783,0,0.128930535718218,0,7.0066302655783,0.128930535718218,0.128930535718218,0.128930535718218,0.0770272502904336
10.8363107906744,0,-0.028098390818107,0,10.8363107906744,-0.028098390818107,-0.028098390818107,-0.028098390818107,0.071926050301895
11.7003583105711,0,-0.00186774348468509,0,11.7003583105711,-0.00186774348468509,-0.00186774348468509,-0.00186774348468509,0.00589871207554302
14.1717804897526,0,0.027255899623745,0,14.1717804897526,0.027255899623745,0.027255899623745,0.027255899623745,0.0438772018708798
10.4916049522311,0,0.0132463173032987,0,10.4916049522311,0.0132463173032987,0.0132463173032987,0.0132463173032987,0.0267192917518445
12.491172371433,0,0.00616174807970621,0,12.491172371433,0.00616174807970621,0.00616174807970621,0.00616174807970621,0.0405245193389735
22.4190143092695,0,-0.000161199703742028,0,22.4190143092695,-0.000161199703742028,-0.000161199703742028,-0.000161199703742028,0.0167230245622351
23.3384346785706,0,0.0173424537425691,0,23.3384346785706,0.0173424537425691,0.0173424537425691,0.0173424537425691,0.0189266195413323
21.0471310356801,0,0.0617673658141888,0,21.0471310356801,0.0617673658141888,0.0617673658141888,0.0617673658141888,0.047052745863464
18.868464140174,0,-0.0601138815581494,0,18.868464140174,-0.0601138815581494,-0.0601138815581494,-0.0601138815581494,0.0841243606959225
130.216227665708,0,0.0198117493038606,0,130.216227665708,0.0198117493038606,0.0198117493038606,0.0198117493038606,0.0277236387216602
9.87654480749694,0,-0.0946232449189078,0,9.87654480749694,-0.0946232449189078,-0.0946232449189078,-0.0946232449189078,0.0836731049469832
15.7641037476623,0,0.0452974152246685,0,15.7641037476623,0.0452974152246685,0.0452974152246685,0.0452974152246685,0.0222639606786319
14.6925462604222,0,-0.00458452472707301,0,14.6925462604222,-0.00458452472707301,-0.00458452472707301,-0.00458452472707301,0.0444254697733256
7.79044115240101,0,0.0350532910010923,0,7.79044115240101,0.0350532910010923,0.0350532910010923,0.0350532910010923,0.0585754206769742
11.0161041029769,0,-0.0031766917676102,0,11.0161041029769,-0.0031766917676102,-0.0031766917676102,-0.0031766917676102,0.0522005254908412
11.2420027298881,0,-0.0660500012093723,0,11.2420027298881,-0.0660500012093723,-0.0660500012093723,-0.0660500012093723,0.0384705888979592
27.9381463268887,0,-0.0196646199066465,0,27.9381463268887,-0.0196646199066465,-0.0196646199066465,-0.0196646199066465,0.0266030945529787
28.4056044215739,0,-0.0234835133541325,0,28.4056044215739,-0.0234835133541325,-0.0234835133541325,-0.0234835133541325,0.0460235649191708
9.44659083119766,0,-0.0979355343768668,0,9.44659083119766,-0.0979355343768668,-0.0979355343768668,-0.0979355343768668,0.106984919191722
10.6319539160187,0,0.00587821668928426,0,10.6319539160187,0.00587821668928426,0.00587821668928426,0.00587821668928426,0.0434639030773943
NA,NA,NA,NA,NA,NA,NA,NA,NA
3.48138260502119,0,-0.0431716232209931,0,3.48138260502119,-0.0431716232209931,-0.0431716232209931,-0.0431716232209931,0.0321818721032191
5.59197431763262,0,-0.0578220526680145,0,5.59197431763262,-0.0578220526680145,-0.0578220526680145,-0.0578220526680145,0.0290843221745671
7.10118523761685,0,-0.0285278978712163,0,7.10118523761685,-0.0285278978712163,-0.0285278978712163,-0.0285278978712163,0.0595492352872805
8.39406695268219,0,0.0167837864563465,0,8.39406695268219,0.0167837864563465,0.0167837864563465,0.0167837864563465,0.0322473662392579
15.3813680380744,0,-0.0235768509494856,0,15.3813680380744,-0.0235768509494856,-0.0235768509494856,-0.0235768509494856,0.0385600790656454
10.9419857642508,0,-0.0876235523401562,0,10.9419857642508,-0.0876235523401562,-0.0876235523401562,-0.0876235523401562,0.0336377588977628
9.567453602661,0,-0.0130573193727359,0,9.567453602661,-0.0130573193727359,-0.0130573193727359,-0.0130573193727359,0.0264340771076804
9.56764954052794,0,-0.00578932875863998,0,9.56764954052794,-0.00578932875863998,-0.00578932875863998,-0.00578932875863998,0.0288617279537588
9.58796747981615,0,0.00725905880614161,0,9.58796747981615,0.00725905880614161,0.00725905880614161,0.00725905880614161,0.0422687684348916
15.1454884083029,0,0.0687427351592194,0,15.1454884083029,0.0687427351592194,0.0687427351592194,0.0687427351592194,0.0334809714396658
9.03381024943225,0,-0.0258591277728825,0,9.03381024943225,-0.0258591277728825,-0.0258591277728825,-0.0258591277728825,0.0210013285642308
7.292171244769,0,0.0214216184583366,0,7.292171244769,0.0214216184583366,0.0214216184583366,0.0214216184583366,0.00787016036700002
10.6567948708008,0,0.0203455428827325,0,10.6567948708008,0.0203455428827325,0.0203455428827325,0.0203455428827325,0.0367174068081082
15.83958844307,0,0.0399832495665445,0,15.83958844307,0.0399832495665445,0.0399832495665445,0.0399832495665445,0.0130470310288665
17.7014293147066,0,0.0234372077444364,0,17.7014293147066,0.0234372077444364,0.0234372077444364,0.0234372077444364,0.0323786122878216
16.016217440795,0,-0.00369944404825601,0,16.016217440795,-0.00369944404825601,-0.00369944404825601,-0.00369944404825601,0.0376637682579198
6.35958088046694,0,-0.0328185793493547,0,6.35958088046694,-0.0328185793493547,-0.0328185793493547,-0.0328185793493547,0.0520581686434144
7.84913150076159,0,0.0206892300368871,0,7.84913150076159,0.0206892300368871,0.0206892300368871,0.0206892300368871,0.0125920499284639
11.3110693140974,0,0.00982781565554414,0,11.3110693140974,0.00982781565554414,0.00982781565554414,0.00982781565554414,0.0152975413868066
19.3344521561619,0,-0.0178892890128142,0,19.3344521561619,-0.0178892890128142,-0.0178892890128142,-0.0178892890128142,0.0322365626104049
12.3671082351961,0,0.0210231372322994,0,12.3671082351961,0.0210231372322994,0.0210231372322994,0.0210231372322994,0.0160828742749283
12.3654554745313,0,-0.0686880413546458,0,12.3654554745313,-0.0686880413546458,-0.0686880413546458,-0.0686880413546458,0.0513325050706189
19.2556223171704,0,0.0285945738844167,0,19.2556223171704,0.0285945738844167,0.0285945738844167,0.0285945738844167,0.0139726523520546
34.7312424253189,0,0.00360906084633839,0,34.7312424253189,0.00360906084633839,0.00360906084633839,0.00360906084633839,0.017575833019559
54.7209102152747,0,0.0196726221291343,0,54.7209102152747,0.0196726221291343,0.0196726221291343,0.0196726221291343,0.0109274670854921
11.6997668682815,0,-0.0454216119044559,0,11.6997668682815,-0.0454216119044559,-0.0454216119044559,-0.0454216119044559,0.105318046890987
8.22166390729103,0,0.0200227074138689,0,8.22166390729103,0.0200227074138689,0.0200227074138689,0.0200227074138689,0.0889316774406693
11.7030101268542,0,0.0664031592294417,0,11.7030101268542,0.0664031592294417,0.0664031592294417,0.0664031592294417,0.0318702419669784
7.36539602284415,0,-0.0247872150245361,0,7.36539602284415,-0.0247872150245361,-0.0247872150245361,-0.0247872150245361,0.114121672795408
9.34902839864339,0,-0.0319037471830898,0,9.34902839864339,-0.0319037471830898,-0.0319037471830898,-0.0319037471830898,0.0353702402159913
12.3611575522981,0,-0.0042723235541842,0,12.3611575522981,-0.0042723235541842,-0.0042723235541842,-0.0042723235541842,0.0564107009092355
7.0066302655783,0,0.128930535718218,0,7.0066302655783,0.128930535718218,0.128930535718218,0.128930535718218,0.0770272502904336
10.8363107906744,0,-0.028098390818107,0,10.8363107906744,-0.028098390818107,-0.028098390818107,-0.028098390818107,0.071926050301895
11.7003583105711,0,-0.00186774348468509,0,11.7003583105711,-0.00186774348468509,-0.00186774348468509,-0.00186774348468509,0.00589871207554302
14.1717804897526,0,0.027255899623745,0,14.1717804897526,0.027255899623745,0.027255899623745,0.027255899623745,0.0438772018708798
10.4916049522311,0,0.0132463173032987,0,10.4916049522311,0.0132463173032987,0.0132463173032987,0.0132463173032987,0.0267192917518445
12.491172371433,0,0.00616174807970621,0,12.491172371433,0.00616174807970621,0.00616174807970621,0.00616174807970621,0.0405245193389735
22.4190143092695,0,-0.000161199703742028,0,22.4190143092695,-0.000161199703742028,-0.000161199703742028,-0.000161199703742028,0.0167230245622351
23.3384346785706,0,0.0173424537425691,0,23.3384346785706,0.0173424537425691,0.0173424537425691,0.0173424537425691,0.0189266195413323
21.0471310356801,0,0.0617673658141888,0,21.0471310356801,0.0617673658141888,0.0617673658141888,0.0617673658141888,0.047052745863464
18.868464140174,0,-0.0601138815581494,0,18.868464140174,-0.0601138815581494,-0.0601138815581494,-0.0601138815581494,0.0841243606959225
130.216227665708,0,0.0198117493038606,0,130.216227665708,0.0198117493038606,0.0198117493038606,0.0198117493038606,0.0277236387216602
9.87654480749694,0,-0.0946232449189078,0,9.87654480749694,-0.0946232449189078,-0.0946232449189078,-0.0946232449189078,0.0836731049469832
15.7641037476623,0,0.0452974152246685,0,15.7641037476623,0.0452974152246685,0.0452974152246685,0.0452974152246685,0.0222639606786319
14.6925462604222,0,-0.00458452472707301,0,14.6925462604222,-0.00458452472707301,-0.00458452472707301,-0.00458452472707301,0.0444254697733256
7.79044115240101,0,0.0350532910010923,0,7.79044115240101,0.0350532910010923,0.0350532910010923,0.0350532910010923,0.0585754206769742
11.0161041029769,0,-0.0031766917676102,0,11.0161041029769,-0.0031766917676102,-0.0031766917676102,-0.0031766917676102,0.0522005254908412
11.2420027298881,0,-0.0660500012093723,0,11.2420027298881,-0.0660500012093723,-0.0660500012093723,-0.0660500012093723,0.0384705888979592
27.9381463268887,0,-0.0196646199066465,0,27.9381463268887,-0.0196646199066465,-0.0196646199066465,-0.0196646199066465,0.0266030945529787
28.4056044215739,0,-0.0234835133541325,0,28.4056044215739,-0.0234835133541325,-0.0234835133541325,-0.0234835133541325,0.0460235649191708
9.44659083119766,0,-0.0979355343768668,0,9.44659083119766,-0.0979355343768668,-0.0979355343768668,-0.0979355343768668,0.106984919191722
10.6319539160187,0,0.00587821668928426,0,10.6319539160187,0.00587821668928426,0.00587821668928426,0.00587821668928426,0.0434639030773943
NA,NA,NA,NA,NA,NA,NA,NA,NA
3.48138260502119,0,-0.0431716232209931,0,3.48138260502119,-0.0431716232209931,-0.0431716232209931,-0.0431716232209931,0.0321818721032191
5.59197431763262,0,-0.0578220526680145,0,5.59197431763262,-0.0578220526680145,-0.0578220526680145,-0.0578220526680145,0.0290843221745671
7.10118523761685,0,-0.0285278978712163,0,7.10118523761685,-0.0285278978712163,-0.0285278978712163,-0.0285278978712163,0.0595492352872805
8.39406695268219,0,0.0167837864563465,0,8.39406695268219,0.0167837864563465,0.0167837864563465,0.0167837864563465,0.0322473662392579
15.3813680380744,0,-0.0235768509494856,0,15.3813680380744,-0.0235768509494856,-0.0235768509494856,-0.0235768509494856,0.0385600790656454
10.9419857642508,0,-0.0876235523401562,0,10.9419857642508,-0.0876235523401562,-0.0876235523401562,-0.0876235523401562,0.0336377588977628
9.567453602661,0,-0.0130573193727359,0,9.567453602661,-0.0130573193727359,-0.0130573193727359,-0.0130573193727359,0.0264340771076804
9.56764954052794,0,-0.00578932875863998,0,9.56764954052794,-0.00578932875863998,-0.00578932875863998,-0.00578932875863998,0.0288617279537588
9.58796747981615,0,0.00725905880614161,0,9.58796747981615,0.00725905880614161,0.00725905880614161,0.00725905880614161,0.0422687684348916
15.1454884083029,0,0.0687427351592194,0,15.1454884083029,0.0687427351592194,0.0687427351592194,0.0687427351592194,0.0334809714396658
9.03381024943225,0,-0.0258591277728825,0,9.03381024943225,-0.0258591277728825,-0.0258591277728825,-0.0258591277728825,0.0210013285642308
7.292171244769,0,0.0214216184583366,0,7.292171244769,0.0214216184583366,0.0214216184583366,0.0214216184583366,0.00787016036700002
10.6567948708008,0,0.0203455428827325,0,10.6567948708008,0.0203455428827325,0.0203455428827325,0.0203455428827325,0.0367174068081082
15.83958844307,0,0.0399832495665445,0,15.83958844307,0.0399832495665445,0.0399832495665445,0.0399832495665445,0.0130470310288665
17.7014293147066,0,0.0234372077444364,0,17.7014293147066,0.0234372077444364,0.0234372077444364,0.0234372077444364,0.0323786122878216
16.016217440795,0,-0.00369944404825601,0,16.016217440795,-0.00369944404825601,-0.00369944404825601,-0.00369944404825601,0.0376637682579198
6.35958088046694,0,-0.0328185793493547,0,6.35958088046694,-0.0328185793493547,-0.0328185793493547,-0.0328185793493547,0.0520581686434144
7.84913150076159,0,0.0206892300368871,0,7.84913150076159,0.0206892300368871,0.0206892300368871,0.0206892300368871,0.0125920499284639
11.3110693140974,0,0.00982781565554414,0,11.3110693140974,0.00982781565554414,0.00982781565554414,0.00982781565554414,0.0152975413868066
19.3344521561619,0,-0.0178892890128142,0,19.3344521561619,-0.0178892890128142,-0.0178892890128142,-0.0178892890128142,0.0322365626104049
12.3671082351961,0,0.0210231372322994,0,12.3671082351961,0.0210231372322994,0.0210231372322994,0.0210231372322994,0.0160828742749283
12.3654554745313,0,-0.0686880413546458,0,12.3654554745313,-0.0686880413546458,-0.0686880413546458,-0.0686880413546458,0.0513325050706189
19.2556223171704,0,0.0285945738844167,0,19.2556223171704,0.0285945738844167,0.0285945738844167,0.0285945738844167,0.0139726523520546
34.7312424253189,0,0.00360906084633839,0,34.7312424253189,0.00360906084633839,0.00360906084633839,0.00360906084633839,0.017575833019559
54.7209102152747,0,0.0196726221291343,0,54.7209102152747,0.0196726221291343,0.0196726221291343,0.0196726221291343,0.0109274670854921
11.6997668682815,0,-0.0454216119044559,0,11.6997668682815,-0.0454216119044559,-0.0454216119044559,-0.0454216119044559,0.105318046890987
8.22166390729103,0,0.0200227074138689,0,8.22166390729103,0.0200227074138689,0.0200227074138689,0.0200227074138689,0.0889316774406693
11.7030101268542,0,0.0664031592294417,0,11.7030101268542,0.0664031592294417,0.0664031592294417,0.0664031592294417,0.0318702419669784
7.36539602284415,0,-0.0247872150245361,0,7.36539602284415,-0.0247872150245361,-0.0247872150245361,-0.0247872150245361,0.114121672795408
9.34902839864339,0,-0.0319037471830898,0,9.34902839864339,-0.0319037471830898,-0.0319037471830898,-0.0319037471830898,0.0353702402159913
12.3611575522981,0,-0.0042723235541842,0,12.3611575522981,-0.0042723235541842,-0.0042723235541842,-0.0042723235541842,0.0564107009092355
7.0066302655783,0,0.128930535718218,0,7.0066302655783,0.128930535718218,0.128930535718218,0.128930535718218,0.0770272502904336
10.8363107906744,0,-0.028098390818107,0,10.8363107906744,-0.028098390818107,-0.028098390818107,-0.028098390818107,0.071926050301895
11.7003583105711,0,-0.00186774348468509,0,11.7003583105711,-0.00186774348468509,-0.00186774348468509,-0.00186774348468509,0.00589871207554302
14.1717804897526,0,0.027255899623745,0,14.1717804897526,0.027255899623745,0.027255899623745,0.027255899623745,0.0438772018708798
10.4916049522311,0,0.0132463173032987,0,10.4916049522311,0.0132463173032987,0.0132463173032987,0.0132463173032987,0.0267192917518445
12.491172371433,0,0.00616174807970621,0,12.491172371433,0.00616174807970621,0.00616174807970621,0.00616174807970621,0.0405245193389735
22.4190143092695,0,-0.000161199703742028,0,22.4190143092695,-0.000161199703742028,-0.000161199703742028,-0.000161199703742028,0.0167230245622351
23.3384346785706,0,0.0173424537425691,0,23.3384346785706,0.0173424537425691,0.0173424537425691,0.0173424537425691,0.0189266195413323
21.0471310356801,0,0.0617673658141888,0,21.0471310356801,0.0617673658141888,0.0617673658141888,0.0617673658141888,0.047052745863464
18.868464140174,0,-0.0601138815581494,0,18.868464140174,-0.0601138815581494,-0.0601138815581494,-0.0601138815581494,0.0841243606959225
130.216227665708,0,0.0198117493038606,0,130.216227665708,0.0198117493038606,0.0198117493038606,0.0198117493038606,0.0277236387216602
9.87654480749694,0,-0.0946232449189078,0,9.87654480749694,-0.0946232449189078,-0.0946232449189078,-0.0946232449189078,0.0836731049469832
15.7641037476623,0,0.0452974152246685,0,15.7641037476623,0.0452974152246685,0.0452974152246685,0.0452974152246685,0.0222639606786319
14.6925462604222,0,-0.00458452472707301,0,14.6925462604222,-0.00458452472707301,-0.00458452472707301,-0.00458452472707301,0.0444254697733256
7.79044115240101,0,0.0350532910010923,0,7.79044115240101,0.0350532910010923,0.0350532910010923,0.0350532910010923,0.0585754206769742
11.0161041029769,0,-0.0031766917676102,0,11.0161041029769,-0.0031766917676102,-0.0031766917676102,-0.0031766917676102,0.0522005254908412
11.2420027298881,0,-0.0660500012093723,0,11.2420027298881,-0.0660500012093723,-0.0660500012093723,-0.0660500012093723,0.0384705888979592
27.9381463268887,0,-0.0196646199066465,0,27.9381463268887,-0.0196646199066465,-0.0196646199066465,-0.0196646199066465,0.0266030945529787
28.4056044215739,0,-0.0234835133541325,0,28.4056044215739,-0.0234835133541325,-0.0234835133541325,-0.0234835133541325,0.0460235649191708
9.44659083119766,0,-0.0979355343768668,0,9.44659083119766,-0.0979355343768668,-0.0979355343768668,-0.0979355343768668,0.106984919191722
10.6319539160187,0,0.00587821668928426,0,10.6319539160187,0.00587821668928426,0.00587821668928426,0.00587821668928426,0.0434639030773943
NA,NA,NA,NA,NA,NA,NA,NA,NA
3.48138260502119,0,-0.0431716232209931,0,3.48138260502119,-0.0431716232209931,-0.0431716232209931,-0.0431716232209931,0.0321818721032191
5.59197431763262,0,-0.0578220526680145,0,5.59197431763262,-0.0578220526680145,-0.0578220526680145,-0.0578220526680145,0.0290843221745671
7.10118523761685,0,-0.0285278978712163,0,7.10118523761685,-0.0285278978712163,-0.0285278978712163,-0.0285278978712163,0.0595492352872805
8.39406695268219,0,0.0167837864563465,0,8.39406695268219,0.0167837864563465,0.0167837864563465,0.0167837864563465,0.0322473662392579
15.3813680380744,0,-0.0235768509494856,0,15.3813680380744,-0.0235768509494856,-0.0235768509494856,-0.0235768509494856,0.0385600790656454
10.9419857642508,0,-0.0876235523401562,0,10.9419857642508,-0.0876235523401562,-0.0876235523401562,-0.0876235523401562,0.0336377588977628
9.567453602661,0,-0.0130573193727359,0,9.567453602661,-0.0130573193727359,-0.0130573193727359,-0.0130573193727359,0.0264340771076804
9.56764954052794,0,-0.00578932875863998,0,9.56764954052794,-0.00578932875863998,-0.00578932875863998,-0.00578932875863998,0.0288617279537588
9.58796747981615,0,0.00725905880614161,0,9.58796747981615,0.00725905880614161,0.00725905880614161,0.00725905880614161,0.0422687684348916
15.1454884083029,0,0.0687427351592194,0,15.1454884083029,0.0687427351592194,0.0687427351592194,0.0687427351592194,0.0334809714396658
9.03381024943225,0,-0.0258591277728825,0,9.03381024943225,-0.0258591277728825,-0.0258591277728825,-0.0258591277728825,0.0210013285642308
7.292171244769,0,0.0214216184583366,0,7.292171244769,0.0214216184583366,0.0214216184583366,0.0214216184583366,0.00787016036700002
10.6567948708008,0,0.0203455428827325,0,10.6567948708008,0.0203455428827325,0.0203455428827325,0.0203455428827325,0.0367174068081082
15.83958844307,0,0.0399832495665445,0,15.83958844307,0.0399832495665445,0.0399832495665445,0.0399832495665445,0.0130470310288665
17.7014293147066,0,0.0234372077444364,0,17.7014293147066,0.0234372077444364,0.0234372077444364,0.0234372077444364,0.0323786122878216
16.016217440795,0,-0.00369944404825601,0,16.016217440795,-0.00369944404825601,-0.00369944404825601,-0.00369944404825601,0.0376637682579198
6.35958088046694,0,-0.0328185793493547,0,6.35958088046694,-0.0328185793493547,-0.0328185793493547,-0.0328185793493547,0.0520581686434144
7.84913150076159,0,0.0206892300368871,0,7.84913150076159,0.0206892300368871,0.0206892300368871,0.0206892300368871,0.0125920499284639
11.3110693140974,0,0.00982781565554414,0,11.3110693140974,0.00982781565554414,0.00982781565554414,0.00982781565554414,0.0152975413868066
19.3344521561619,0,-0.0178892890128142,0,19.3344521561619,-0.0178892890128142,-0.0178892890128142,-0.0178892890128142,0.0322365626104049
12.3671082351961,0,0.0210231372322994,0,12.3671082351961,0.0210231372322994,0.0210231372322994,0.0210231372322994,0.0160828742749283
12.3654554745313,0,-0.0686880413546458,0,12.3654554745313,-0.0686880413546458,-0.0686880413546458,-0.0686880413546458,0.0513325050706189
19.2556223171704,0,0.0285945738844167,0,19.2556223171704,0.0285945738844167,0.0285945738844167,0.0285945738844167,0.0139726523520546
34.7312424253189,0,0.00360906084633839,0,34.7312424253189,0.00360906084633839,0.00360906084633839,0.00360906084633839,0.017575833019559
54.7209102152747,0,0.0196726221291343,0,54.7209102152747,0.0196726221291343,0.0196726221291343,0.0196726221291343,0.0109274670854921
11.6997668682815,0,-0.0454216119044559,0,11.6997668682815,-0.0454216119044559,-0.0454216119044559,-0.0454216119044559,0.105318046890987
8.22166390729103,0,0.0200227074138689,0,8.22166390729103,0.0200227074138689,0.0200227074138689,0.0200227074138689,0.0889316774406693
11.7030101268542,0,0.0664031592294417,0,11.7030101268542,0.0664031592294417,0.0664031592294417,0.0664031592294417,0.0318702419669784
7.36539602284415,0,-0.0247872150245361,0,7.36539602284415,-0.0247872150245361,-0.0247872150245361,-0.0247872150245361,0.114121672795408
9.34902839864339,0,-0.0319037471830898,0,9.34902839864339,-0.0319037471830898,-0.0319037471830898,-0.0319037471830898,0.0353702402159913
12.3611575522981,0,-0.0042723235541842,0,12.3611575522981,-0.0042723235541842,-0.0042723235541842,-0.0042723235541842,0.0564107009092355
7.0066302655783,0,0.128930535718218,0,7.0066302655783,0.128930535718218,0.128930535718218,0.128930535718218,0.0770272502904336
10.8363107906744,0,-0.028098390818107,0,10.8363107906744,-0.028098390818107,-0.028098390818107,-0.028098390818107,0.071926050301895
11.7003583105711,0,-0.00186774348468509,0,11.7003583105711,-0.00186774348468509,-0.00186774348468509,-0.00186774348468509,0.00589871207554302
14.1717804897526,0,0.027255899623745,0,14.1717804897526,0.027255899623745,0.027255899623745,0.027255899623745,0.0438772018708798
10.4916049522311,0,0.0132463173032987,0,10.4916049522311,0.0132463173032987,0.0132463173032987,0.0132463173032987,0.0267192917518445
12.491172371433,0,0.00616174807970621,0,12.491172371433,0.00616174807970621,0.00616174807970621,0.00616174807970621,0.0405245193389735
22.4190143092695,0,-0.000161199703742028,0,22.4190143092695,-0.000161199703742028,-0.000161199703742028,-0.000161199703742028,0.0167230245622351
23.3384346785706,0,0.0173424537425691,0,23.3384346785706,0.0173424537425691,0.0173424537425691,0.0173424537425691,0.0189266195413323
21.0471310356801,0,0.0617673658141888,0,21.0471310356801,0.0617673658141888,0.0617673658141888,0.0617673658141888,0.047052745863464
18.868464140174,0,-0.0601138815581494,0,18.868464140174,-0.0601138815581494,-0.0601138815581494,-0.0601138815581494,0.0841243606959225
130.216227665708,0,0.0198117493038606,0,130.216227665708,0.0198117493038606,0.0198117493038606,0.0198117493038606,0.0277236387216602
9.87654480749694,0,-0.0946232449189078,0,9.87654480749694,-0.0946232449189078,-0.0946232449189078,-0.0946232449189078,0.0836731049469832
15.7641037476623,0,0.0452974152246685,0,15.7641037476623,0.0452974152246685,0.0452974152246685,0.0452974152246685,0.0222639606786319
14.6925462604222,0,-0.00458452472707301,0,14.6925462604222,-0.00458452472707301,-0.00458452472707301,-0.00458452472707301,0.0444254697733256
7.79044115240101,0,0.0350532910010923,0,7.79044115240101,0.0350532910010923,0.0350532910010923,0.0350532910010923,0.0585754206769742
11.0161041029769,0,-0.0031766917676102,0,11.0161041029769,-0.0031766917676102,-0.0031766917676102,-0.0031766917676102,0.0522005254908412
11.2420027298881,0,-0.0660500012093723,0,11.2420027298881,-0.0660500012093723,-0.0660500012093723,-0.0660500012093723,0.0384705888979592
27.9381463268887,0,-0.0196646199066465,0,27.9381463268887,-0.0196646199066465,-0.0196646199066465,-0.0196646199066465,0.0266030945529787
28.4056044215739,0,-0.0234835133541325,0,28.4056044215739,-0.0234835133541325,-0.0234835133541325,-0.0234835133541325,0.0460235649191708
9.44659083119766,0,-0.0979355343768668,0,9.44659083119766,-0.0979355343768668,-0.0979355343768668,-0.0979355343768668,0.106984919191722
10.6319539160187,0,0.00587821668928426,0,10.6319539160187,0.00587821668928426,0.00587821668928426,0.00587821668928426,0.0434639030773943
NA,NA,NA,NA,NA,NA,NA,NA,NA
3.48138260502119,0,-0.0431716232209931,0,3.48138260502119,-0.0431716232209931,-0.0431716232209931,-0.0431716232209931,0.0321818721032191
5.59197431763262,0,-0.0578220526680145,0,5.59197431763262,-0.0578220526680145,-0.0578220526680145,-0.0578220526680145,0.0290843221745671
7.10118523761685,0,-0.0285278978712163,0,7.10118523761685,-0.0285278978712163,-0.0285278978712163,-0.0285278978712163,0.0595492352872805
8.39406695268219,0,0.0167837864563465,0,8.39406695268219,0.0167837864563465,0.0167837864563465,0.0167837864563465,0.0322473662392579
15.3813680380744,0,-0.0235768509494856,0,15.3813680380744,-0.0235768509494856,-0.0235768509494856,-0.0235768509494856,0.0385600790656454
10.9419857642508,0,-0.0876235523401562,0,10.9419857642508,-0.0876235523401562,-0.0876235523401562,-0.0876235523401562,0.0336377588977628
9.567453602661,0,-0.0130573193727359,0,9.567453602661,-0.0130573193727359,-0.0130573193727359,-0.0130573193727359,0.0264340771076804
9.56764954052794,0,-0.00578932875863998,0,9.56764954052794,-0.00578932875863998,-0.00578932875863998,-0.00578932875863998,0.0288617279537588
9.58796747981615,0,0.00725905880614161,0,9.58796747981615,0.00725905880614161,0.00725905880614161,0.00725905880614161,0.0422687684348916
15.1454884083029,0,0.0687427351592194,0,15.1454884083029,0.0687427351592194,0.0687427351592194,0.0687427351592194,0.0334809714396658
9.03381024943225,0,-0.0258591277728825,0,9.03381024943225,-0.0258591277728825,-0.0258591277728825,-0.0258591277728825,0.0210013285642308
7.292171244769,0,0.0214216184583366,0,7.292171244769,0.0214216184583366,0.0214216184583366,0.0214216184583366,0.00787016036700002
10.6567948708008,0,0.0203455428827325,0,10.6567948708008,0.0203455428827325,0.0203455428827325,0.0203455428827325,0.0367174068081082
15.83958844307,0,0.0399832495665445,0,15.83958844307,0.0399832495665445,0.0399832495665445,0.0399832495665445,0.0130470310288665
17.7014293147066,0,0.0234372077444364,0,17.7014293147066,0.0234372077444364,0.0234372077444364,0.0234372077444364,0.0323786122878216
16.016217440795,0,-0.00369944404825601,0,16.016217440795,-0.00369944404825601,-0.00369944404825601,-0.00369944404825601,0.0376637682579198
6.35958088046694,0,-0.0328185793493547,0,6.35958088046694,-0.0328185793493547,-0.0328185793493547,-0.0328185793493547,0.0520581686434144
7.84913150076159,0,0.0206892300368871,0,7.84913150076159,0.0206892300368871,0.0206892300368871,0.0206892300368871,0.0125920499284639
11.3110693140974,0,0.00982781565554414,0,11.3110693140974,0.00982781565554414,0.00982781565554414,0.00982781565554414,0.0152975413868066
19.3344521561619,0,-0.0178892890128142,0,19.3344521561619,-0.0178892890128142,-0.0178892890128142,-0.0178892890128142,0.0322365626104049
12.3671082351961,0,0.0210231372322994,0,12.3671082351961,0.0210231372322994,0.0210231372322994,0.0210231372322994,0.0160828742749283
12.3654554745313,0,-0.0686880413546458,0,12.3654554745313,-0.0686880413546458,-0.0686880413546458,-0.0686880413546458,0.0513325050706189
19.2556223171704,0,0.0285945738844167,0,19.2556223171704,0.0285945738844167,0.0285945738844167,0.0285945738844167,0.0139726523520546
34.7312424253189,0,0.00360906084633839,0,34.7312424253189,0.00360906084633839,0.00360906084633839,0.00360906084633839,0.017575833019559
54.7209102152747,0,0.0196726221291343,0,54.7209102152747,0.0196726221291343,0.0196726221291343,0.0196726221291343,0.0109274670854921
11.6997668682815,0,-0.0454216119044559,0,11.6997668682815,-0.0454216119044559,-0.0454216119044559,-0.0454216119044559,0.105318046890987
8.22166390729103,0,0.0200227074138689,0,8.22166390729103,0.0200227074138689,0.0200227074138689,0.0200227074138689,0.0889316774406693
11.7030101268542,0,0.0664031592294417,0,11.7030101268542,0.0664031592294417,0.0664031592294417,0.0664031592294417,0.0318702419669784
7.36539602284415,0,-0.0247872150245361,0,7.36539602284415,-0.0247872150245361,-0.0247872150245361,-0.0247872150245361,0.114121672795408
9.34902839864339,0,-0.0319037471830898,0,9.34902839864339,-0.0319037471830898,-0.0319037471830898,-0.0319037471830898,0.0353702402159913
12.3611575522981,0,-0.0042723235541842,0,12.3611575522981,-0.0042723235541842,-0.0042723235541842,-0.0042723235541842,0.0564107009092355
7.0066302655783,0,0.128930535718218,0,7.0066302655783,0.128930535718218,0.128930535718218,0.128930535718218,0.0770272502904336
10.8363107906744,0,-0.028098390818107,0,10.8363107906744,-0.028098390818107,-0.028098390818107,-0.028098390818107,0.071926050301895
11.7003583105711,0,-0.00186774348468509,0,11.7003583105711,-0.00186774348468509,-0.00186774348468509,-0.00186774348468509,0.00589871207554302
14.1717804897526,0,0.027255899623745,0,14.1717804897526,0.027255899623745,0.027255899623745,0.027255899623745,0.0438772018708798
10.4916049522311,0,0.0132463173032987,0,10.4916049522311,0.0132463173032987,0.0132463173032987,0.0132463173032987,0.0267192917518445
12.491172371433,0,0.00616174807970621,0,12.491172371433,0.00616174807970621,0.00616174807970621,0.00616174807970621,0.0405245193389735
22.4190143092695,0,-0.000161199703742028,0,22.4190143092695,-0.000161199703742028,-0.000161199703742028,-0.000161199703742028,0.0167230245622351
23.3384346785706,0,0.0173424537425691,0,23.3384346785706,0.0173424537425691,0.0173424537425691,0.0173424537425691,0.0189266195413323
21.0471310356801,0,0.0617673658141888,0,21.0471310356801,0.0617673658141888,0.0617673658141888,0.0617673658141888,0.047052745863464
18.868464140174,0,-0.0601138815581494,0,18.868464140174,-0.0601138815581494,-0.0601138815581494,-0.0601138815581494,0.0841243606959225
130.216227665708,0,0.0198117493038606,0,130.216227665708,0.0198117493038606,0.0198117493038606,0.0198117493038606,0.0277236387216602
9.87654480749694,0,-0.0946232449189078,0,9.87654480749694,-0.0946232449189078,-0.0946232449189078,-0.0946232449189078,0.0836731049469832
15.7641037476623,0,0.0452974152246685,0,15.7641037476623,0.0452974152246685,0.0452974152246685,0.0452974152246685,0.0222639606786319
14.6925462604222,0,-0.00458452472707301,0,14.6925462604222,-0.00458452472707301,-0.00458452472707301,-0.00458452472707301,0.0444254697733256
7.79044115240101,0,0.0350532910010923,0,7.79044115240101,0.0350532910010923,0.0350532910010923,0.0350532910010923,0.0585754206769742
11.0161041029769,0,-0.0031766917676102,0,11.0161041029769,-0.0031766917676102,-0.0031766917676102,-0.0031766917676102,0.0522005254908412
11.2420027298881,0,-0.0660500012093723,0,11.2420027298881,-0.0660500012093723,-0.0660500012093723,-0.0660500012093723,0.0384705888979592
27.9381463268887,0,-0.0196646199066465,0,27.9381463268887,-0.0196646199066465,-0.0196646199066465,-0.0196646199066465,0.0266030945529787
28.4056044215739,0,-0.0234835133541325,0,28.4056044215739,-0.0234835133541325,-0.0234835133541325,-0.0234835133541325,0.0460235649191708
9.44659083119766,0,-0.0979355343768668,0,9.44659083119766,-0.0979355343768668,-0.0979355343768668,-0.0979355343768668,0.106984919191722
10.6319539160187,0,0.00587821668928426,0,10.6319539160187,0.00587821668928426,0.00587821668928426,0.00587821668928426,0.0434639030773943
NA,NA,NA,NA,NA,NA,NA,NA,NA
3.48138260502119,0,-0.0431716232209931,0,3.48138260502119,-0.0431716232209931,-0.0431716232209931,-0.0431716232209931,0.0321818721032191
5.59197431763262,0,-0.0578220526680145,0,5.59197431763262,-0.0578220526680145,-0.0578220526680145,-0.0578220526680145,0.0290843221745671
7.10118523761685,0,-0.0285278978712163,0,7.10118523761685,-0.0285278978712163,-0.0285278978712163,-0.0285278978712163,0.0595492352872805
8.39406695268219,0,0.0167837864563465,0,8.39406695268219,0.0167837864563465,0.0167837864563465,0.0167837864563465,0.0322473662392579
15.3813680380744,0,-0.0235768509494856,0,15.3813680380744,-0.0235768509494856,-0.0235768509494856,-0.0235768509494856,0.0385600790656454
10.9419857642508,0,-0.0876235523401562,0,10.9419857642508,-0.0876235523401562,-0.0876235523401562,-0.0876235523401562,0.0336377588977628
9.567453602661,0,-0.0130573193727359,0,9.567453602661,-0.0130573193727359,-0.0130573193727359,-0.0130573193727359,0.0264340771076804
9.56764954052794,0,-0.00578932875863998,0,9.56764954052794,-0.00578932875863998,-0.00578932875863998,-0.00578932875863998,0.0288617279537588
9.58796747981615,0,0.00725905880614161,0,9.58796747981615,0.00725905880614161,0.00725905880614161,0.00725905880614161,0.0422687684348916
15.1454884083029,0,0.0687427351592194,0,15.1454884083029,0.0687427351592194,0.0687427351592194,0.0687427351592194,0.0334809714396658
9.03381024943225,0,-0.0258591277728825,0,9.03381024943225,-0.0258591277728825,-0.0258591277728825,-0.0258591277728825,0.0210013285642308
7.292171244769,0,0.0214216184583366,0,7.292171244769,0.0214216184583366,0.0214216184583366,0.0214216184583366,0.00787016036700002
10.6567948708008,0,0.0203455428827325,0,10.6567948708008,0.0203455428827325,0.0203455428827325,0.0203455428827325,0.0367174068081082
15.83958844307,0,0.0399832495665445,0,15.83958844307,0.0399832495665445,0.0399832495665445,0.0399832495665445,0.0130470310288665
17.7014293147066,0,0.0234372077444364,0,17.7014293147066,0.0234372077444364,0.0234372077444364,0.0234372077444364,0.0323786122878216
16.016217440795,0,-0.00369944404825601,0,16.016217440795,-0.00369944404825601,-0.00369944404825601,-0.00369944404825601,0.0376637682579198
6.35958088046694,0,-0.0328185793493547,0,6.35958088046694,-0.0328185793493547,-0.0328185793493547,-0.0328185793493547,0.0520581686434144
7.84913150076159,0,0.0206892300368871,0,7.84913150076159,0.0206892300368871,0.0206892300368871,0.0206892300368871,0.0125920499284639
11.3110693140974,0,0.00982781565554414,0,11.3110693140974,0.00982781565554414,0.00982781565554414,0.00982781565554414,0.0152975413868066
19.3344521561619,0,-0.0178892890128142,0,19.3344521561619,-0.0178892890128142,-0.0178892890128142,-0.0178892890128142,0.0322365626104049
12.3671082351961,0,0.0210231372322994,0,12.3671082351961,0.0210231372322994,0.0210231372322994,0.0210231372322994,0.0160828742749283
12.3654554745313,0,-0.0686880413546458,0,12.3654554745313,-0.0686880413546458,-0.0686880413546458,-0.0686880413546458,0.0513325050706189
19.2556223171704,0,0.0285945738844167,0,19.2556223171704,0.0285945738844167,0.0285945738844167,0.0285945738844167,0.0139726523520546
34.7312424253189,0,0.00360906084633839,0,34.7312424253189,0.00360906084633839,0.00360906084633839,0.00360906084633839,0.017575833019559
54.7209102152747,0,0.0196726221291343,0,54.7209102152747,0.0196726221291343,0.0196726221291343,0.0196726221291343,0.0109274670854921
11.6997668682815,0,-0.0454216119044559,0,11.6997668682815,-0.0454216119044559,-0.0454216119044559,-0.0454216119044559,0.105318046890987
8.22166390729103,0,0.0200227074138689,0,8.22166390729103,0.0200227074138689,0.0200227074138689,0.0200227074138689,0.0889316774406693
11.7030101268542,0,0.0664031592294417,0,11.7030101268542,0.0664031592294417,0.0664031592294417,0.0664031592294417,0.0318702419669784
7.36539602284415,0,-0.0247872150245361,0,7.36539602284415,-0.0247872150245361,-0.0247872150245361,-0.0247872150245361,0.114121672795408
9.34902839864339,0,-0.0319037471830898,0,9.34902839864339,-0.0319037471830898,-0.0319037471830898,-0.0319037471830898,0.0353702402159913
12.3611575522981,0,-0.0042723235541842,0,12.3611575522981,-0.0042723235541842,-0.0042723235541842,-0.0042723235541842,0.0564107009092355
7.0066302655783,0,0.128930535718218,0,7.0066302655783,0.128930535718218,0.128930535718218,0.128930535718218,0.0770272502904336
10.8363107906744,0,-0.028098390818107,0,10.8363107906744,-0.028098390818107,-0.028098390818107,-0.028098390818107,0.071926050301895
11.7003583105711,0,-0.00186774348468509,0,11.7003583105711,-0.00186774348468509,-0.00186774348468509,-0.00186774348468509,0.00589871207554302
14.1717804897526,0,0.027255899623745,0,14.1717804897526,0.027255899623745,0.027255899623745,0.027255899623745,0.0438772018708798
10.4916049522311,0,0.0132463173032987,0,10.4916049522311,0.0132463173032987,0.0132463173032987,0.0132463173032987,0.0267192917518445
12.491172371433,0,0.00616174807970621,0,12.491172371433,0.00616174807970621,0.00616174807970621,0.00616174807970621,0.0405245193389735
22.4190143092695,0,-0.000161199703742028,0,22.4190143092695,-0.000161199703742028,-0.000161199703742028,-0.000161199703742028,0.0167230245622351
23.3384346785706,0,0.0173424537425691,0,23.3384346785706,0.0173424537425691,0.0173424537425691,0.0173424537425691,0.0189266195413323
21.0471310356801,0,0.0617673658141888,0,21.0471310356801,0.0617673658141888,0.0617673658141888,0.0617673658141888,0.047052745863464
18.868464140174,0,-0.0601138815581494,0,18.868464140174,-0.0601138815581494,-0.0601138815581494,-0.0601138815581494,0.0841243606959225
130.216227665708,0,0.0198117493038606,0,130.216227665708,0.0198117493038606,0.0198117493038606,0.0198117493038606,0.0277236387216602
9.87654480749694,0,-0.0946232449189078,0,9.87654480749694,-0.0946232449189078,-0.0946232449189078,-0.0946232449189078,0.0836731049469832
15.7641037476623,0,0.0452974152246685,0,15.7641037476623,0.0452974152246685,0.0452974152246685,0.0452974152246685,0.0222639606786319
14.6925462604222,0,-0.00458452472707301,0,14.6925462604222,-0.00458452472707301,-0.00458452472707301,-0.00458452472707301,0.0444254697733256
7.79044115240101,0,0.0350532910010923,0,7.79044115240101,0.0350532910010923,0.0350532910010923,0.0350532910010923,0.0585754206769742
11.0161041029769,0,-0.0031766917676102,0,11.0161041029769,-0.0031766917676102,-0.0031766917676102,-0.0031766917676102,0.0522005254908412
11.2420027298881,0,-0.0660500012093723,0,11.2420027298881,-0.0660500012093723,-0.0660500012093723,-0.0660500012093723,0.0384705888979592
27.9381463268887,0,-0.0196646199066465,0,27.9381463268887,-0.0196646199066465,-0.0196646199066465,-0.0196646199066465,0.0266030945529787
28.4056044215739,0,-0.0234835133541325,0,28.4056044215739,-0.0234835133541325,-0.0234835133541325,-0.0234835133541325,0.0460235649191708
9.44659083119766,0,-0.0979355343768668,0,9.44659083119766,-0.0979355343768668,-0.0979355343768668,-0.0979355343768668,0.106984919191722
10.6319539160187,0,0.00587821668928426,0,10.6319539160187,0.00587821668928426,0.00587821668928426,0.00587821668928426,0.0434639030773943
NA,NA,NA,NA,NA,NA,NA,NA,NA
3.48138260502119,0,-0.0431716232209931,0,3.48138260502119,-0.0431716232209931,-0.0431716232209931,-0.0431716232209931,0.0321818721032191
5.59197431763262,0,-0.0578220526680145,0,5.59197431763262,-0.0578220526680145,-0.0578220526680145,-0.0578220526680145,0.0290843221745671
7.10118523761685,0,-0.0285278978712163,0,7.10118523761685,-0.0285278978712163,-0.0285278978712163,-0.0285278978712163,0.0595492352872805
8.39406695268219,0,0.0167837864563465,0,8.39406695268219,0.0167837864563465,0.0167837864563465,0.0167837864563465,0.0322473662392579
15.3813680380744,0,-0.0235768509494856,0,15.3813680380744,-0.0235768509494856,-0.0235768509494856,-0.0235768509494856,0.0385600790656454
10.9419857642508,0,-0.0876235523401562,0,10.9419857642508,-0.0876235523401562,-0.0876235523401562,-0.0876235523401562,0.0336377588977628
9.567453602661,0,-0.0130573193727359,0,9.567453602661,-0.0130573193727359,-0.0130573193727359,-0.0130573193727359,0.0264340771076804
9.56764954052794,0,-0.00578932875863998,0,9.56764954052794,-0.00578932875863998,-0.00578932875863998,-0.00578932875863998,0.0288617279537588
9.58796747981615,0,0.00725905880614161,0,9.58796747981615,0.00725905880614161,0.00725905880614161,0.00725905880614161,0.0422687684348916
15.1454884083029,0,0.0687427351592194,0,15.1454884083029,0.0687427351592194,0.0687427351592194,0.0687427351592194,0.0334809714396658
9.03381024943225,0,-0.0258591277728825,0,9.03381024943225,-0.0258591277728825,-0.0258591277728825,-0.0258591277728825,0.0210013285642308
7.292171244769,0,0.0214216184583366,0,7.292171244769,0.0214216184583366,0.0214216184583366,0.0214216184583366,0.00787016036700002
10.6567948708008,0,0.0203455428827325,0,10.6567948708008,0.0203455428827325,0.0203455428827325,0.0203455428827325,0.0367174068081082
15.83958844307,0,0.0399832495665445,0,15.83958844307,0.0399832495665445,0.0399832495665445,0.0399832495665445,0.0130470310288665
17.7014293147066,0,0.0234372077444364,0,17.7014293147066,0.0234372077444364,0.0234372077444364,0.0234372077444364,0.0323786122878216
16.016217440795,0,-0.00369944404825601,0,16.016217440795,-0.00369944404825601,-0.00369944404825601,-0.00369944404825601,0.0376637682579198
6.35958088046694,0,-0.0328185793493547,0,6.35958088046694,-0.0328185793493547,-0.0328185793493547,-0.0328185793493547,0.0520581686434144
7.84913150076159,0,0.0206892300368871,0,7.84913150076159,0.0206892300368871,0.0206892300368871,0.0206892300368871,0.0125920499284639
11.3110693140974,0,0.00982781565554414,0,11.3110693140974,0.00982781565554414,0.00982781565554414,0.00982781565554414,0.0152975413868066
19.3344521561619,0,-0.0178892890128142,0,19.3344521561619,-0.0178892890128142,-0.0178892890128142,-0.0178892890128142,0.0322365626104049
12.3671082351961,0,0.0210231372322994,0,12.3671082351961,0.0210231372322994,0.0210231372322994,0.0210231372322994,0.0160828742749283
12.3654554745313,0,-0.0686880413546458,0,12.3654554745313,-0.0686880413546458,-0.0686880413546458,-0.0686880413546458,0.0513325050706189
19.2556223171704,0,0.0285945738844167,0,19.2556223171704,0.0285945738844167,0.0285945738844167,0.0285945738844167,0.0139726523520546
34.7312424253189,0,0.00360906084633839,0,34.7312424253189,0.00360906084633839,0.00360906084633839,0.00360906084633839,0.017575833019559
54.7209102152747,0,0.0196726221291343,0,54.7209102152747,0.0196726221291343,0.0196726221291343,0.0196726221291343,0.0109274670854921
11.6997668682815,0,-0.0454216119044559,0,11.6997668682815,-0.0454216119044559,-0.0454216119044559,-0.0454216119044559,0.105318046890987
8.22166390729103,0,0.0200227074138689,0,8.22166390729103,0.0200227074138689,0.0200227074138689,0.0200227074138689,0.0889316774406693
11.7030101268542,0,0.0664031592294417,0,11.7030101268542,0.0664031592294417,0.0664031592294417,0.0664031592294417,0.0318702419669784
7.36539602284415,0,-0.0247872150245361,0,7.36539602284415,-0.0247872150245361,-0.0247872150245361,-0.0247872150245361,0.114121672795408
9.34902839864339,0,-0.0319037471830898,0,9.34902839864339,-0.0319037471830898,-0.0319037471830898,-0.0319037471830898,0.0353702402159913
12.3611575522981,0,-0.0042723235541842,0,12.3611575522981,-0.0042723235541842,-0.0042723235541842,-0.0042723235541842,0.0564107009092355
7.0066302655783,0,0.128930535718218,0,7.0066302655783,0.128930535718218,0.128930535718218,0.128930535718218,0.0770272502904336
10.8363107906744,0,-0.028098390818107,0,10.8363107906744,-0.028098390818107,-0.028098390818107,-0.028098390818107,0.071926050301895
11.7003583105711,0,-0.00186774348468509,0,11.7003583105711,-0.00186774348468509,-0.00186774348468509,-0.00186774348468509,0.00589871207554302
14.1717804897526,0,0.027255899623745,0,14.1717804897526,0.027255899623745,0.027255899623745,0.027255899623745,0.0438772018708798
10.4916049522311,0,0.0132463173032987,0,10.4916049522311,0.0132463173032987,0.0132463173032987,0.0132463173032987,0.0267192917518445
12.491172371433,0,0.00616174807970621,0,12.491172371433,0.00616174807970621,0.00616174807970621,0.00616174807970621,0.0405245193389735
22.4190143092695,0,-0.000161199703742028,0,22.4190143092695,-0.000161199703742028,-0.000161199703742028,-0.000161199703742028,0.0167230245622351
23.3384346785706,0,0.0173424537425691,0,23.3384346785706,0.0173424537425691,0.0173424537425691,0.0173424537425691,0.0189266195413323
21.0471310356801,0,0.0617673658141888,0,21.0471310356801,0.0617673658141888,0.0617673658141888,0.0617673658141888,0.047052745863464
18.868464140174,0,-0.0601138815581494,0,18.868464140174,-0.0601138815581494,-0.0601138815581494,-0.0601138815581494,0.0841243606959225
130.216227665708,0,0.0198117493038606,0,130.216227665708,0.0198117493038606,0.0198117493038606,0.0198117493038606,0.0277236387216602
9.87654480749694,0,-0.0946232449189078,0,9.87654480749694,-0.0946232449189078,-0.0946232449189078,-0.0946232449189078,0.0836731049469832
15.7641037476623,0,0.0452974152246685,0,15.7641037476623,0.0452974152246685,0.0452974152246685,0.0452974152246685,0.0222639606786319
14.6925462604222,0,-0.00458452472707301,0,14.6925462604222,-0.00458452472707301,-0.00458452472707301,-0.00458452472707301,0.0444254697733256
7.79044115240101,0,0.0350532910010923,0,7.79044115240101,0.0350532910010923,0.0350532910010923,0.0350532910010923,0.0585754206769742
11.0161041029769,0,-0.0031766917676102,0,11.0161041029769,-0.0031766917676102,-0.0031766917676102,-0.0031766917676102,0.0522005254908412
11.2420027298881,0,-0.0660500012093723,0,11.2420027298881,-0.0660500012093723,-0.0660500012093723,-0.0660500012093723,0.0384705888979592
27.9381463268887,0,-0.0196646199066465,0,27.9381463268887,-0.0196646199066465,-0.0196646199066465,-0.0196646199066465,0.0266030945529787
28.4056044215739,0,-0.0234835133541325,0,28.4056044215739,-0.0234835133541325,-0.0234835133541325,-0.0234835133541325,0.0460235649191708
9.44659083119766,0,-0.0979355343768668,0,9.44659083119766,-0.0979355343768668,-0.0979355343768668,-0.0979355343768668,0.106984919191722
10.6319539160187,0,0.00587821668928426,0,10.6319539160187,0.00587821668928426,0.00587821668928426,0.00587821668928426,0.0434639030773943
NA,NA,NA,NA,NA,NA,NA,NA,NA
3.48138260502119,0,-0.0431716232209931,0,3.48138260502119,-0.0431716232209931,-0.0431716232209931,-0.0431716232209931,0.0321818721032191
5.59197431763262,0,-0.0578220526680145,0,5.59197431763262,-0.0578220526680145,-0.0578220526680145,-0.0578220526680145,0.0290843221745671
7.10118523761685,0,-0.0285278978712163,0,7.10118523761685,-0.0285278978712163,-0.0285278978712163,-0.0285278978712163,0.0595492352872805
8.39406695268219,0,0.0167837864563465,0,8.39406695268219,0.0167837864563465,0.0167837864563465,0.0167837864563465,0.0322473662392579
15.3813680380744,0,-0.0235768509494856,0,15.3813680380744,-0.0235768509494856,-0.0235768509494856,-0.0235768509494856,0.0385600790656454
10.9419857642508,0,-0.0876235523401562,0,10.9419857642508,-0.0876235523401562,-0.0876235523401562,-0.0876235523401562,0.0336377588977628
9.567453602661,0,-0.0130573193727359,0,9.567453602661,-0.0130573193727359,-0.0130573193727359,-0.0130573193727359,0.0264340771076804
9.56764954052794,0,-0.00578932875863998,0,9.56764954052794,-0.00578932875863998,-0.00578932875863998,-0.00578932875863998,0.0288617279537588
9.58796747981615,0,0.00725905880614161,0,9.58796747981615,0.00725905880614161,0.00725905880614161,0.00725905880614161,0.0422687684348916
15.1454884083029,0,0.0687427351592194,0,15.1454884083029,0.0687427351592194,0.0687427351592194,0.0687427351592194,0.0334809714396658
9.03381024943225,0,-0.0258591277728825,0,9.03381024943225,-0.0258591277728825,-0.0258591277728825,-0.0258591277728825,0.0210013285642308
7.292171244769,0,0.0214216184583366,0,7.292171244769,0.0214216184583366,0.0214216184583366,0.0214216184583366,0.00787016036700002
10.6567948708008,0,0.0203455428827325,0,10.6567948708008,0.0203455428827325,0.0203455428827325,0.0203455428827325,0.0367174068081082
15.83958844307,0,0.0399832495665445,0,15.83958844307,0.0399832495665445,0.0399832495665445,0.0399832495665445,0.0130470310288665
17.7014293147066,0,0.0234372077444364,0,17.7014293147066,0.0234372077444364,0.0234372077444364,0.0234372077444364,0.0323786122878216
16.016217440795,0,-0.00369944404825601,0,16.016217440795,-0.00369944404825601,-0.00369944404825601,-0.00369944404825601,0.0376637682579198
6.35958088046694,0,-0.0328185793493547,0,6.35958088046694,-0.0328185793493547,-0.0328185793493547,-0.0328185793493547,0.0520581686434144
7.84913150076159,0,0.0206892300368871,0,7.84913150076159,0.0206892300368871,0.0206892300368871,0.0206892300368871,0.0125920499284639
11.3110693140974,0,0.00982781565554414,0,11.3110693140974,0.00982781565554414,0.00982781565554414,0.00982781565554414,0.0152975413868066
19.3344521561619,0,-0.0178892890128142,0,19.3344521561619,-0.0178892890128142,-0.0178892890128142,-0.0178892890128142,0.0322365626104049
12.3671082351961,0,0.0210231372322994,0,12.3671082351961,0.0210231372322994,0.0210231372322994,0.0210231372322994,0.0160828742749283
12.3654554745313,0,-0.0686880413546458,0,12.3654554745313,-0.0686880413546458,-0.0686880413546458,-0.0686880413546458,0.0513325050706189
19.2556223171704,0,0.0285945738844167,0,19.2556223171704,0.0285945738844167,0.0285945738844167,0.0285945738844167,0.0139726523520546
34.7312424253189,0,0.00360906084633839,0,34.7312424253189,0.00360906084633839,0.00360906084633839,0.00360906084633839,0.017575833019559
54.7209102152747,0,0.0196726221291343,0,54.7209102152747,0.0196726221291343,0.0196726221291343,0.0196726221291343,0.0109274670854921
11.6997668682815,0,-0.0454216119044559,0,11.6997668682815,-0.0454216119044559,-0.0454216119044559,-0.0454216119044559,0.105318046890987
8.22166390729103,0,0.0200227074138689,0,8.22166390729103,0.0200227074138689,0.0200227074138689,0.0200227074138689,0.0889316774406693
11.7030101268542,0,0.0664031592294417,0,11.7030101268542,0.0664031592294417,0.0664031592294417,0.0664031592294417,0.0318702419669784
7.36539602284415,0,-0.0247872150245361,0,7.36539602284415,-0.0247872150245361,-0.0247872150245361,-0.0247872150245361,0.114121672795408
9.34902839864339,0,-0.0319037471830898,0,9.34902839864339,-0.0319037471830898,-0.0319037471830898,-0.0319037471830898,0.0353702402159913
12.3611575522981,0,-0.0042723235541842,0,12.3611575522981,-0.0042723235541842,-0.0042723235541842,-0.0042723235541842,0.0564107009092355
7.0066302655783,0,0.128930535718218,0,7.0066302655783,0.128930535718218,0.128930535718218,0.128930535718218,0.0770272502904336
10.8363107906744,0,-0.028098390818107,0,10.8363107906744,-0.028098390818107,-0.028098390818107,-0.028098390818107,0.071926050301895
11.7003583105711,0,-0.00186774348468509,0,11.7003583105711,-0.00186774348468509,-0.00186774348468509,-0.00186774348468509,0.00589871207554302
14.1717804897526,0,0.027255899623745,0,14.1717804897526,0.027255899623745,0.027255899623745,0.027255899623745,0.0438772018708798
10.4916049522311,0,0.0132463173032987,0,10.4916049522311,0.0132463173032987,0.0132463173032987,0.0132463173032987,0.0267192917518445
12.491172371433,0,0.00616174807970621,0,12.491172371433,0.00616174807970621,0.00616174807970621,0.00616174807970621,0.0405245193389735
22.4190143092695,0,-0.000161199703742028,0,22.4190143092695,-0.000161199703742028,-0.000161199703742028,-0.000161199703742028,0.0167230245622351
23.3384346785706,0,0.0173424537425691,0,23.3384346785706,0.0173424537425691,0.0173424537425691,0.0173424537425691,0.0189266195413323
21.0471310356801,0,0.0617673658141888,0,21.0471310356801,0.0617673658141888,0.0617673658141888,0.0617673658141888,0.047052745863464
18.868464140174,0,-0.0601138815581494,0,18.868464140174,-0.0601138815581494,-0.0601138815581494,-0.0601138815581494,0.0841243606959225
130.216227665708,0,0.0198117493038606,0,130.216227665708,0.0198117493038606,0.0198117493038606,0.0198117493038606,0.0277236387216602
9.87654480749694,0,-0.0946232449189078,0,9.87654480749694,-0.0946232449189078,-0.0946232449189078,-0.0946232449189078,0.0836731049469832
15.7641037476623,0,0.0452974152246685,0,15.7641037476623,0.0452974152246685,0.0452974152246685,0.0452974152246685,0.0222639606786319
14.6925462604222,0,-0.00458452472707301,0,14.6925462604222,-0.00458452472707301,-0.00458452472707301,-0.00458452472707301,0.0444254697733256
7.79044115240101,0,0.0350532910010923,0,7.79044115240101,0.0350532910010923,0.0350532910010923,0.0350532910010923,0.0585754206769742
11.0161041029769,0,-0.0031766917676102,0,11.0161041029769,-0.0031766917676102,-0.0031766917676102,-0.0031766917676102,0.0522005254908412
11.2420027298881,0,-0.0660500012093723,0,11.2420027298881,-0.0660500012093723,-0.0660500012093723,-0.0660500012093723,0.0384705888979592
27.9381463268887,0,-0.0196646199066465,0,27.9381463268887,-0.0196646199066465,-0.0196646199066465,-0.0196646199066465,0.0266030945529787
28.4056044215739,0,-0.0234835133541325,0,28.4056044215739,-0.0234835133541325,-0.0234835133541325,-0.0234835133541325,0.0460235649191708
9.44659083119766,0,-0.0979355343768668,0,9.44659083119766,-0.0979355343768668,-0.0979355343768668,-0.0979355343768668,0.106984919191722
10.6319539160187,0,0.00587821668928426,0,10.6319539160187,0.00587821668928426,0.00587821668928426,0.00587821668928426,0.0434639030773943
NA,NA,NA,NA,NA,NA,NA,NA,NA
3.48138260502119,0,-0.0431716232209931,0,3.48138260502119,-0.0431716232209931,-0.0431716232209931,-0.0431716232209931,0.0321818721032191
5.59197431763262,0,-0.0578220526680145,0,5.59197431763262,-0.0578220526680145,-0.0578220526680145,-0.0578220526680145,0.0290843221745671
7.10118523761685,0,-0.0285278978712163,0,7.10118523761685,-0.0285278978712163,-0.0285278978712163,-0.0285278978712163,0.0595492352872805
8.39406695268219,0,0.0167837864563465,0,8.39406695268219,0.0167837864563465,0.0167837864563465,0.0167837864563465,0.0322473662392579
15.3813680380744,0,-0.0235768509494856,0,15.3813680380744,-0.0235768509494856,-0.0235768509494856,-0.0235768509494856,0.0385600790656454
10.9419857642508,0,-0.0876235523401562,0,10.9419857642508,-0.0876235523401562,-0.0876235523401562,-0.0876235523401562,0.0336377588977628
9.567453602661,0,-0.0130573193727359,0,9.567453602661,-0.0130573193727359,-0.0130573193727359,-0.0130573193727359,0.0264340771076804
9.56764954052794,0,-0.00578932875863998,0,9.56764954052794,-0.00578932875863998,-0.00578932875863998,-0.00578932875863998,0.0288617279537588
9.58796747981615,0,0.00725905880614161,0,9.58796747981615,0.00725905880614161,0.00725905880614161,0.00725905880614161,0.0422687684348916
15.1454884083029,0,0.0687427351592194,0,15.1454884083029,0.0687427351592194,0.0687427351592194,0.0687427351592194,0.0334809714396658
9.03381024943225,0,-0.0258591277728825,0,9.03381024943225,-0.0258591277728825,-0.0258591277728825,-0.0258591277728825,0.0210013285642308
7.292171244769,0,0.0214216184583366,0,7.292171244769,0.0214216184583366,0.0214216184583366,0.0214216184583366,0.00787016036700002
10.6567948708008,0,0.0203455428827325,0,10.6567948708008,0.0203455428827325,0.0203455428827325,0.0203455428827325,0.0367174068081082
15.83958844307,0,0.0399832495665445,0,15.83958844307,0.0399832495665445,0.0399832495665445,0.0399832495665445,0.0130470310288665
17.7014293147066,0,0.0234372077444364,0,17.7014293147066,0.0234372077444364,0.0234372077444364,0.0234372077444364,0.0323786122878216
16.016217440795,0,-0.00369944404825601,0,16.016217440795,-0.00369944404825601,-0.00369944404825601,-0.00369944404825601,0.0376637682579198
6.35958088046694,0,-0.0328185793493547,0,6.35958088046694,-0.0328185793493547,-0.0328185793493547,-0.0328185793493547,0.0520581686434144
7.84913150076159,0,0.0206892300368871,0,7.84913150076159,0.0206892300368871,0.0206892300368871,0.0206892300368871,0.0125920499284639
11.3110693140974,0,0.00982781565554414,0,11.3110693140974,0.00982781565554414,0.00982781565554414,0.00982781565554414,0.0152975413868066
19.3344521561619,0,-0.0178892890128142,0,19.3344521561619,-0.0178892890128142,-0.0178892890128142,-0.0178892890128142,0.0322365626104049
12.3671082351961,0,0.0210231372322994,0,12.3671082351961,0.0210231372322994,0.0210231372322994,0.0210231372322994,0.0160828742749283
12.3654554745313,0,-0.0686880413546458,0,12.3654554745313,-0.0686880413546458,-0.0686880413546458,-0.0686880413546458,0.0513325050706189
19.2556223171704,0,0.0285945738844167,0,19.2556223171704,0.0285945738844167,0.0285945738844167,0.0285945738844167,0.0139726523520546
34.7312424253189,0,0.00360906084633839,0,34.7312424253189,0.00360906084633839,0.00360906084633839,0.00360906084633839,0.017575833019559
54.7209102152747,0,0.0196726221291343,0,54.7209102152747,0.0196726221291343,0.0196726221291343,0.0196726221291343,0.0109274670854921
11.6997668682815,0,-0.0454216119044559,0,11.6997668682815,-0.0454216119044559,-0.0454216119044559,-0.0454216119044559,0.105318046890987
8.22166390729103,0,0.0200227074138689,0,8.22166390729103,0.0200227074138689,0.0200227074138689,0.0200227074138689,0.0889316774406693
11.7030101268542,0,0.0664031592294417,0,11.7030101268542,0.0664031592294417,0.0664031592294417,0.0664031592294417,0.0318702419669784
7.36539602284415,0,-0.0247872150245361,0,7.36539602284415,-0.0247872150245361,-0.0247872150245361,-0.0247872150245361,0.114121672795408
9.34902839864339,0,-0.0319037471830898,0,9.34902839864339,-0.0319037471830898,-0.0319037471830898,-0.0319037471830898,0.0353702402159913
12.3611575522981,0,-0.0042723235541842,0,12.3611575522981,-0.0042723235541842,-0.0042723235541842,-0.0042723235541842,0.0564107009092355
7.0066302655783,0,0.128930535718218,0,7.0066302655783,0.128930535718218,0.128930535718218,0.128930535718218,0.0770272502904336
10.8363107906744,0,-0.028098390818107,0,10.8363107906744,-0.028098390818107,-0.028098390818107,-0.028098390818107,0.071926050301895
11.7003583105711,0,-0.00186774348468509,0,11.7003583105711,-0.00186774348468509,-0.00186774348468509,-0.00186774348468509,0.00589871207554302
14.1717804897526,0,0.027255899623745,0,14.1717804897526,0.027255899623745,0.027255899623745,0.027255899623745,0.0438772018708798
10.4916049522311,0,0.0132463173032987,0,10.4916049522311,0.0132463173032987,0.0132463173032987,0.0132463173032987,0.0267192917518445
12.491172371433,0,0.00616174807970621,0,12.491172371433,0.00616174807970621,0.00616174807970621,0.00616174807970621,0.0405245193389735
22.4190143092695,0,-0.000161199703742028,0,22.4190143092695,-0.000161199703742028,-0.000161199703742028,-0.000161199703742028,0.0167230245622351
23.3384346785706,0,0.0173424537425691,0,23.3384346785706,0.0173424537425691,0.0173424537425691,0.0173424537425691,0.0189266195413323
21.0471310356801,0,0.0617673658141888,0,21.0471310356801,0.0617673658141888,0.0617673658141888,0.0617673658141888,0.047052745863464
18.868464140174,0,-0.0601138815581494,0,18.868464140174,-0.0601138815581494,-0.0601138815581494,-0.0601138815581494,0.0841243606959225
130.216227665708,0,0.0198117493038606,0,130.216227665708,0.0198117493038606,0.0198117493038606,0.0198117493038606,0.0277236387216602
9.87654480749694,0,-0.0946232449189078,0,9.87654480749694,-0.0946232449189078,-0.0946232449189078,-0.0946232449189078,0.0836731049469832
15.7641037476623,0,0.0452974152246685,0,15.7641037476623,0.0452974152246685,0.0452974152246685,0.0452974152246685,0.0222639606786319
14.6925462604222,0,-0.00458452472707301,0,14.6925462604222,-0.00458452472707301,-0.00458452472707301,-0.00458452472707301,0.0444254697733256
7.79044115240101,0,0.0350532910010923,0,7.79044115240101,0.0350532910010923,0.0350532910010923,0.0350532910010923,0.0585754206769742
11.0161041029769,0,-0.0031766917676102,0,11.0161041029769,-0.0031766917676102,-0.0031766917676102,-0.0031766917676102,0.0522005254908412
11.2420027298881,0,-0.0660500012093723,0,11.2420027298881,-0.0660500012093723,-0.0660500012093723,-0.0660500012093723,0.0384705888979592
27.9381463268887,0,-0.0196646199066465,0,27.9381463268887,-0.0196646199066465,-0.0196646199066465,-0.0196646199066465,0.0266030945529787
28.4056044215739,0,-0.0234835133541325,0,28.4056044215739,-0.0234835133541325,-0.0234835133541325,-0.0234835133541325,0.0460235649191708
9.44659083119766,0,-0.0979355343768668,0,9.44659083119766,-0.0979355343768668,-0.0979355343768668,-0.0979355343768668,0.106984919191722
10.6319539160187,0,0.00587821668928426,0,10.6319539160187,0.00587821668928426,0.00587821668928426,0.00587821668928426,0.0434639030773943
NA,NA,NA,NA,NA,NA,NA,NA,NA
3.48138260502119,0,-0.0431716232209931,0,3.48138260502119,-0.0431716232209931,-0.0431716232209931,-0.0431716232209931,0.0321818721032191
5.59197431763262,0,-0.0578220526680145,0,5.59197431763262,-0.0578220526680145,-0.0578220526680145,-0.0578220526680145,0.0290843221745671
7.10118523761685,0,-0.0285278978712163,0,7.10118523761685,-0.0285278978712163,-0.0285278978712163,-0.0285278978712163,0.0595492352872805
8.39406695268219,0,0.0167837864563465,0,8.39406695268219,0.0167837864563465,0.0167837864563465,0.0167837864563465,0.0322473662392579
15.3813680380744,0,-0.0235768509494856,0,15.3813680380744,-0.0235768509494856,-0.0235768509494856,-0.0235768509494856,0.0385600790656454
10.9419857642508,0,-0.0876235523401562,0,10.9419857642508,-0.0876235523401562,-0.0876235523401562,-0.0876235523401562,0.0336377588977628
9.567453602661,0,-0.0130573193727359,0,9.567453602661,-0.0130573193727359,-0.0130573193727359,-0.0130573193727359,0.0264340771076804
9.56764954052794,0,-0.00578932875863998,0,9.56764954052794,-0.00578932875863998,-0.00578932875863998,-0.00578932875863998,0.0288617279537588
9.58796747981615,0,0.00725905880614161,0,9.58796747981615,0.00725905880614161,0.00725905880614161,0.00725905880614161,0.0422687684348916
15.1454884083029,0,0.0687427351592194,0,15.1454884083029,0.0687427351592194,0.0687427351592194,0.0687427351592194,0.0334809714396658
9.03381024943225,0,-0.0258591277728825,0,9.03381024943225,-0.0258591277728825,-0.0258591277728825,-0.0258591277728825,0.0210013285642308
7.292171244769,0,0.0214216184583366,0,7.292171244769,0.0214216184583366,0.0214216184583366,0.0214216184583366,0.00787016036700002
10.6567948708008,0,0.0203455428827325,0,10.6567948708008,0.0203455428827325,0.0203455428827325,0.0203455428827325,0.0367174068081082
15.83958844307,0,0.0399832495665445,0,15.83958844307,0.0399832495665445,0.0399832495665445,0.0399832495665445,0.0130470310288665
17.7014293147066,0,0.0234372077444364,0,17.7014293147066,0.0234372077444364,0.0234372077444364,0.0234372077444364,0.0323786122878216
16.016217440795,0,-0.00369944404825601,0,16.016217440795,-0.00369944404825601,-0.00369944404825601,-0.00369944404825601,0.0376637682579198
6.35958088046694,0,-0.0328185793493547,0,6.35958088046694,-0.0328185793493547,-0.0328185793493547,-0.0328185793493547,0.0520581686434144
7.84913150076159,0,0.0206892300368871,0,7.84913150076159,0.0206892300368871,0.0206892300368871,0.0206892300368871,0.0125920499284639
11.3110693140974,0,0.00982781565554414,0,11.3110693140974,0.00982781565554414,0.00982781565554414,0.00982781565554414,0.0152975413868066
19.3344521561619,0,-0.0178892890128142,0,19.3344521561619,-0.0178892890128142,-0.0178892890128142,-0.0178892890128142,0.0322365626104049
12.3671082351961,0,0.0210231372322994,0,12.3671082351961,0.0210231372322994,0.0210231372322994,0.0210231372322994,0.0160828742749283
12.3654554745313,0,-0.0686880413546458,0,12.3654554745313,-0.0686880413546458,-0.0686880413546458,-0.0686880413546458,0.0513325050706189
19.2556223171704,0,0.0285945738844167,0,19.2556223171704,0.0285945738844167,0.0285945738844167,0.0285945738844167,0.0139726523520546
34.7312424253189,0,0.00360906084633839,0,34.7312424253189,0.00360906084633839,0.00360906084633839,0.00360906084633839,0.017575833019559
54.7209102152747,0,0.0196726221291343,0,54.7209102152747,0.0196726221291343,0.0196726221291343,0.0196726221291343,0.0109274670854921
11.6997668682815,0,-0.0454216119044559,0,11.6997668682815,-0.0454216119044559,-0.0454216119044559,-0.0454216119044559,0.105318046890987
8.22166390729103,0,0.0200227074138689,0,8.22166390729103,0.0200227074138689,0.0200227074138689,0.0200227074138689,0.0889316774406693
11.7030101268542,0,0.0664031592294417,0,11.7030101268542,0.0664031592294417,0.0664031592294417,0.0664031592294417,0.0318702419669784
7.36539602284415,0,-0.0247872150245361,0,7.36539602284415,-0.0247872150245361,-0.0247872150245361,-0.0247872150245361,0.114121672795408
9.34902839864339,0,-0.0319037471830898,0,9.34902839864339,-0.0319037471830898,-0.0319037471830898,-0.0319037471830898,0.0353702402159913
12.3611575522981,0,-0.0042723235541842,0,12.3611575522981,-0.0042723235541842,-0.0042723235541842,-0.0042723235541842,0.0564107009092355
7.0066302655783,0,0.128930535718218,0,7.0066302655783,0.128930535718218,0.128930535718218,0.128930535718218,0.0770272502904336
10.8363107906744,0,-0.028098390818107,0,10.8363107906744,-0.028098390818107,-0.028098390818107,-0.028098390818107,0.071926050301895
11.7003583105711,0,-0.00186774348468509,0,11.7003583105711,-0.00186774348468509,-0.00186774348468509,-0.00186774348468509,0.00589871207554302
14.1717804897526,0,0.027255899623745,0,14.1717804897526,0.027255899623745,0.027255899623745,0.027255899623745,0.0438772018708798
10.4916049522311,0,0.0132463173032987,0,10.4916049522311,0.0132463173032987,0.0132463173032987,0.0132463173032987,0.0267192917518445
12.491172371433,0,0.00616174807970621,0,12.491172371433,0.00616174807970621,0.00616174807970621,0.00616174807970621,0.0405245193389735
22.4190143092695,0,-0.000161199703742028,0,22.4190143092695,-0.000161199703742028,-0.000161199703742028,-0.000161199703742028,0.0167230245622351
23.3384346785706,0,0.0173424537425691,0,23.3384346785706,0.0173424537425691,0.0173424537425691,0.0173424537425691,0.0189266195413323
21.0471310356801,0,0.0617673658141888,0,21.0471310356801,0.0617673658141888,0.0617673658141888,0.0617673658141888,0.047052745863464
18.868464140174,0,-0.0601138815581494,0,18.868464140174,-0.0601138815581494,-0.0601138815581494,-0.0601138815581494,0.0841243606959225
130.216227665708,0,0.0198117493038606,0,130.216227665708,0.0198117493038606,0.0198117493038606,0.0198117493038606,0.0277236387216602
9.87654480749694,0,-0.0946232449189078,0,9.87654480749694,-0.0946232449189078,-0.0946232449189078,-0.0946232449189078,0.0836731049469832
15.7641037476623,0,0.0452974152246685,0,15.7641037476623,0.0452974152246685,0.0452974152246685,0.0452974152246685,0.0222639606786319
14.6925462604222,0,-0.00458452472707301,0,14.6925462604222,-0.00458452472707301,-0.00458452472707301,-0.00458452472707301,0.0444254697733256
7.79044115240101,0,0.0350532910010923,0,7.79044115240101,0.0350532910010923,0.0350532910010923,0.0350532910010923,0.0585754206769742
11.0161041029769,0,-0.0031766917676102,0,11.0161041029769,-0.0031766917676102,-0.0031766917676102,-0.0031766917676102,0.0522005254908412
11.2420027298881,0,-0.0660500012093723,0,11.2420027298881,-0.0660500012093723,-0.0660500012093723,-0.0660500012093723,0.0384705888979592
27.9381463268887,0,-0.0196646199066465,0,27.9381463268887,-0.0196646199066465,-0.0196646199066465,-0.0196646199066465,0.0266030945529787
28.4056044215739,0,-0.0234835133541325,0,28.4056044215739,-0.0234835133541325,-0.0234835133541325,-0.0234835133541325,0.0460235649191708
9.44659083119766,0,-0.0979355343768668,0,9.44659083119766,-0.0979355343768668,-0.0979355343768668,-0.0979355343768668,0.106984919191722
10.6319539160187,0,0.00587821668928426,0,10.6319539160187,0.00587821668928426,0.00587821668928426,0.00587821668928426,0.0434639030773943
31.4129223891295,0,-0.0481702543197104,0,31.4129223891295,-0.0481702543197104,-0.0481702543197104,-0.0481702543197104,0.04354801944707
NA,NA,NA,NA,NA,NA,NA,NA,NA
3.48138260502119,0,-0.0431716232209931,0,3.48138260502119,-0.0431716232209931,-0.0431716232209931,-0.0431716232209931,0.0321818721032191
5.59197431763262,0,-0.0578220526680145,0,5.59197431763262,-0.0578220526680145,-0.0578220526680145,-0.0578220526680145,0.0290843221745671
7.10118523761685,0,-0.0285278978712163,0,7.10118523761685,-0.0285278978712163,-0.0285278978712163,-0.0285278978712163,0.0595492352872805
8.39406695268219,0,0.0167837864563465,0,8.39406695268219,0.0167837864563465,0.0167837864563465,0.0167837864563465,0.0322473662392579
15.3813680380744,0,-0.0235768509494856,0,15.3813680380744,-0.0235768509494856,-0.0235768509494856,-0.0235768509494856,0.0385600790656454
10.9419857642508,0,-0.0876235523401562,0,10.9419857642508,-0.0876235523401562,-0.0876235523401562,-0.0876235523401562,0.0336377588977628
9.567453602661,0,-0.0130573193727359,0,9.567453602661,-0.0130573193727359,-0.0130573193727359,-0.0130573193727359,0.0264340771076804
9.56764954052794,0,-0.00578932875863998,0,9.56764954052794,-0.00578932875863998,-0.00578932875863998,-0.00578932875863998,0.0288617279537588
9.58796747981615,0,0.00725905880614161,0,9.58796747981615,0.00725905880614161,0.00725905880614161,0.00725905880614161,0.0422687684348916
15.1454884083029,0,0.0687427351592194,0,15.1454884083029,0.0687427351592194,0.0687427351592194,0.0687427351592194,0.0334809714396658
9.03381024943225,0,-0.0258591277728825,0,9.03381024943225,-0.0258591277728825,-0.0258591277728825,-0.0258591277728825,0.0210013285642308
7.292171244769,0,0.0214216184583366,0,7.292171244769,0.0214216184583366,0.0214216184583366,0.0214216184583366,0.00787016036700002
10.6567948708008,0,0.0203455428827325,0,10.6567948708008,0.0203455428827325,0.0203455428827325,0.0203455428827325,0.0367174068081082
15.83958844307,0,0.0399832495665445,0,15.83958844307,0.0399832495665445,0.0399832495665445,0.0399832495665445,0.0130470310288665
17.7014293147066,0,0.0234372077444364,0,17.7014293147066,0.0234372077444364,0.0234372077444364,0.0234372077444364,0.0323786122878216
16.016217440795,0,-0.00369944404825601,0,16.016217440795,-0.00369944404825601,-0.00369944404825601,-0.00369944404825601,0.0376637682579198
6.35958088046694,0,-0.0328185793493547,0,6.35958088046694,-0.0328185793493547,-0.0328185793493547,-0.0328185793493547,0.0520581686434144
7.84913150076159,0,0.0206892300368871,0,7.84913150076159,0.0206892300368871,0.0206892300368871,0.0206892300368871,0.0125920499284639
11.3110693140974,0,0.00982781565554414,0,11.3110693140974,0.00982781565554414,0.00982781565554414,0.00982781565554414,0.0152975413868066
19.3344521561619,0,-0.0178892890128142,0,19.3344521561619,-0.0178892890128142,-0.0178892890128142,-0.0178892890128142,0.0322365626104049
12.3671082351961,0,0.0210231372322994,0,12.3671082351961,0.0210231372322994,0.0210231372322994,0.0210231372322994,0.0160828742749283
12.3654554745313,0,-0.0686880413546458,0,12.3654554745313,-0.0686880413546458,-0.0686880413546458,-0.0686880413546458,0.0513325050706189
19.2556223171704,0,0.0285945738844167,0,19.2556223171704,0.0285945738844167,0.0285945738844167,0.0285945738844167,0.0139726523520546
34.7312424253189,0,0.00360906084633839,0,34.7312424253189,0.00360906084633839,0.00360906084633839,0.00360906084633839,0.017575833019559
54.7209102152747,0,0.0196726221291343,0,54.7209102152747,0.0196726221291343,0.0196726221291343,0.0196726221291343,0.0109274670854921
11.6997668682815,0,-0.0454216119044559,0,11.6997668682815,-0.0454216119044559,-0.0454216119044559,-0.0454216119044559,0.105318046890987
8.22166390729103,0,0.0200227074138689,0,8.22166390729103,0.0200227074138689,0.0200227074138689,0.0200227074138689,0.0889316774406693
11.7030101268542,0,0.0664031592294417,0,11.7030101268542,0.0664031592294417,0.0664031592294417,0.0664031592294417,0.0318702419669784
7.36539602284415,0,-0.0247872150245361,0,7.36539602284415,-0.0247872150245361,-0.0247872150245361,-0.0247872150245361,0.114121672795408
9.34902839864339,0,-0.0319037471830898,0,9.34902839864339,-0.0319037471830898,-0.0319037471830898,-0.0319037471830898,0.0353702402159913
12.3611575522981,0,-0.0042723235541842,0,12.3611575522981,-0.0042723235541842,-0.0042723235541842,-0.0042723235541842,0.0564107009092355
7.0066302655783,0,0.128930535718218,0,7.0066302655783,0.128930535718218,0.128930535718218,0.128930535718218,0.0770272502904336
10.8363107906744,0,-0.028098390818107,0,10.8363107906744,-0.028098390818107,-0.028098390818107,-0.028098390818107,0.071926050301895
11.7003583105711,0,-0.00186774348468509,0,11.7003583105711,-0.00186774348468509,-0.00186774348468509,-0.00186774348468509,0.00589871207554302
14.1717804897526,0,0.027255899623745,0,14.1717804897526,0.027255899623745,0.027255899623745,0.027255899623745,0.0438772018708798
10.4916049522311,0,0.0132463173032987,0,10.4916049522311,0.0132463173032987,0.0132463173032987,0.0132463173032987,0.0267192917518445
12.491172371433,0,0.00616174807970621,0,12.491172371433,0.00616174807970621,0.00616174807970621,0.00616174807970621,0.0405245193389735
22.4190143092695,0,-0.000161199703742028,0,22.4190143092695,-0.000161199703742028,-0.000161199703742028,-0.000161199703742028,0.0167230245622351
23.3384346785706,0,0.0173424537425691,0,23.3384346785706,0.0173424537425691,0.0173424537425691,0.0173424537425691,0.0189266195413323
21.0471310356801,0,0.0617673658141888,0,21.0471310356801,0.0617673658141888,0.0617673658141888,0.0617673658141888,0.047052745863464
18.868464140174,0,-0.0601138815581494,0,18.868464140174,-0.0601138815581494,-0.0601138815581494,-0.0601138815581494,0.0841243606959225
142.027144302285,0,0.0480428181832702,0,142.027144302285,0.0480428181832702,0.0480428181832702,0.0480428181832702,0.0151652887885014
9.87654480749694,0,-0.0946232449189078,0,9.87654480749694,-0.0946232449189078,-0.0946232449189078,-0.0946232449189078,0.0836731049469832
15.7641037476623,0,0.0452974152246685,0,15.7641037476623,0.0452974152246685,0.0452974152246685,0.0452974152246685,0.0222639606786319
14.6925462604222,0,-0.00458452472707301,0,14.6925462604222,-0.00458452472707301,-0.00458452472707301,-0.00458452472707301,0.0444254697733256
7.79044115240101,0,0.0350532910010923,0,7.79044115240101,0.0350532910010923,0.0350532910010923,0.0350532910010923,0.0585754206769742
11.0161041029769,0,-0.0031766917676102,0,11.0161041029769,-0.0031766917676102,-0.0031766917676102,-0.0031766917676102,0.0522005254908412
11.2420027298881,0,-0.0660500012093723,0,11.2420027298881,-0.0660500012093723,-0.0660500012093723,-0.0660500012093723,0.0384705888979592
27.9381463268887,0,-0.0196646199066465,0,27.9381463268887,-0.0196646199066465,-0.0196646199066465,-0.0196646199066465,0.0266030945529787
28.4056044215739,0,-0.0234835133541325,0,28.4056044215739,-0.0234835133541325,-0.0234835133541325,-0.0234835133541325,0.0460235649191708
9.44659083119766,0,-0.0979355343768668,0,9.44659083119766,-0.0979355343768668,-0.0979355343768668,-0.0979355343768668,0.106984919191722
10.6319539160187,0,0.00587821668928426,0,10.6319539160187,0.00587821668928426,0.00587821668928426,0.00587821668928426,0.0434639030773943
31.4129223891295,0,-0.0481702543197104,0,31.4129223891295,-0.0481702543197104,-0.0481702543197104,-0.0481702543197104,0.04354801944707
NA,NA,NA,NA,NA,NA,NA,NA,NA
3.48138260502119,0,-0.0431716232209931,0,3.48138260502119,-0.0431716232209931,-0.0431716232209931,-0.0431716232209931,0.0321818721032191
5.59197431763262,0,-0.0578220526680145,0,5.59197431763262,-0.0578220526680145,-0.0578220526680145,-0.0578220526680145,0.0290843221745671
7.10118523761685,0,-0.0285278978712163,0,7.10118523761685,-0.0285278978712163,-0.0285278978712163,-0.0285278978712163,0.0595492352872805
8.39406695268219,0,0.0167837864563465,0,8.39406695268219,0.0167837864563465,0.0167837864563465,0.0167837864563465,0.0322473662392579
15.3813680380744,0,-0.0235768509494856,0,15.3813680380744,-0.0235768509494856,-0.0235768509494856,-0.0235768509494856,0.0385600790656454
10.9419857642508,0,-0.0876235523401562,0,10.9419857642508,-0.0876235523401562,-0.0876235523401562,-0.0876235523401562,0.0336377588977628
9.567453602661,0,-0.0130573193727359,0,9.567453602661,-0.0130573193727359,-0.0130573193727359,-0.0130573193727359,0.0264340771076804
9.56764954052794,0,-0.00578932875863998,0,9.56764954052794,-0.00578932875863998,-0.00578932875863998,-0.00578932875863998,0.0288617279537588
9.58796747981615,0,0.00725905880614161,0,9.58796747981615,0.00725905880614161,0.00725905880614161,0.00725905880614161,0.0422687684348916
15.1454884083029,0,0.0687427351592194,0,15.1454884083029,0.0687427351592194,0.0687427351592194,0.0687427351592194,0.0334809714396658
9.03381024943225,0,-0.0258591277728825,0,9.03381024943225,-0.0258591277728825,-0.0258591277728825,-0.0258591277728825,0.0210013285642308
7.292171244769,0,0.0214216184583366,0,7.292171244769,0.0214216184583366,0.0214216184583366,0.0214216184583366,0.00787016036700002
10.6567948708008,0,0.0203455428827325,0,10.6567948708008,0.0203455428827325,0.0203455428827325,0.0203455428827325,0.0367174068081082
15.83958844307,0,0.0399832495665445,0,15.83958844307,0.0399832495665445,0.0399832495665445,0.0399832495665445,0.0130470310288665
17.7014293147066,0,0.0234372077444364,0,17.7014293147066,0.0234372077444364,0.0234372077444364,0.0234372077444364,0.0323786122878216
16.016217440795,0,-0.00369944404825601,0,16.016217440795,-0.00369944404825601,-0.00369944404825601,-0.00369944404825601,0.0376637682579198
6.35958088046694,0,-0.0328185793493547,0,6.35958088046694,-0.0328185793493547,-0.0328185793493547,-0.0328185793493547,0.0520581686434144
7.84913150076159,0,0.0206892300368871,0,7.84913150076159,0.0206892300368871,0.0206892300368871,0.0206892300368871,0.0125920499284639
11.3110693140974,0,0.00982781565554414,0,11.3110693140974,0.00982781565554414,0.00982781565554414,0.00982781565554414,0.0152975413868066
19.3344521561619,0,-0.0178892890128142,0,19.3344521561619,-0.0178892890128142,-0.0178892890128142,-0.0178892890128142,0.0322365626104049
12.3671082351961,0,0.0210231372322994,0,12.3671082351961,0.0210231372322994,0.0210231372322994,0.0210231372322994,0.0160828742749283
12.3654554745313,0,-0.0686880413546458,0,12.3654554745313,-0.0686880413546458,-0.0686880413546458,-0.0686880413546458,0.0513325050706189
19.2556223171704,0,0.0285945738844167,0,19.2556223171704,0.0285945738844167,0.0285945738844167,0.0285945738844167,0.0139726523520546
34.7312424253189,0,0.00360906084633839,0,34.7312424253189,0.00360906084633839,0.00360906084633839,0.00360906084633839,0.017575833019559
54.7209102152747,0,0.0196726221291343,0,54.7209102152747,0.0196726221291343,0.0196726221291343,0.0196726221291343,0.0109274670854921
11.6997668682815,0,-0.0454216119044559,0,11.6997668682815,-0.0454216119044559,-0.0454216119044559,-0.0454216119044559,0.105318046890987
8.22166390729103,0,0.0200227074138689,0,8.22166390729103,0.0200227074138689,0.0200227074138689,0.0200227074138689,0.0889316774406693
11.7030101268542,0,0.0664031592294417,0,11.7030101268542,0.0664031592294417,0.0664031592294417,0.0664031592294417,0.0318702419669784
7.36539602284415,0,-0.0247872150245361,0,7.36539602284415,-0.0247872150245361,-0.0247872150245361,-0.0247872150245361,0.114121672795408
9.34902839864339,0,-0.0319037471830898,0,9.34902839864339,-0.0319037471830898,-0.0319037471830898,-0.0319037471830898,0.0353702402159913
12.3611575522981,0,-0.0042723235541842,0,12.3611575522981,-0.0042723235541842,-0.0042723235541842,-0.0042723235541842,0.0564107009092355
7.0066302655783,0,0.128930535718218,0,7.0066302655783,0.128930535718218,0.128930535718218,0.128930535718218,0.0770272502904336
10.8363107906744,0,-0.028098390818107,0,10.8363107906744,-0.028098390818107,-0.028098390818107,-0.028098390818107,0.071926050301895
11.7003583105711,0,-0.00186774348468509,0,11.7003583105711,-0.00186774348468509,-0.00186774348468509,-0.00186774348468509,0.00589871207554302
14.1717804897526,0,0.027255899623745,0,14.1717804897526,0.027255899623745,0.027255899623745,0.027255899623745,0.0438772018708798
10.4916049522311,0,0.0132463173032987,0,10.4916049522311,0.0132463173032987,0.0132463173032987,0.0132463173032987,0.0267192917518445
12.491172371433,0,0.00616174807970621,0,12.491172371433,0.00616174807970621,0.00616174807970621,0.00616174807970621,0.0405245193389735
22.4190143092695,0,-0.000161199703742028,0,22.4190143092695,-0.000161199703742028,-0.000161199703742028,-0.000161199703742028,0.0167230245622351
23.3384346785706,0,0.0173424537425691,0,23.3384346785706,0.0173424537425691,0.0173424537425691,0.0173424537425691,0.0189266195413323
21.0471310356801,0,0.0617673658141888,0,21.0471310356801,0.0617673658141888,0.0617673658141888,0.0617673658141888,0.047052745863464
18.868464140174,0,-0.0601138815581494,0,18.868464140174,-0.0601138815581494,-0.0601138815581494,-0.0601138815581494,0.0841243606959225
142.027144302285,0,0.0480428181832702,0,142.027144302285,0.0480428181832702,0.0480428181832702,0.0480428181832702,0.0151652887885014
9.87654480749694,0,-0.0946232449189078,0,9.87654480749694,-0.0946232449189078,-0.0946232449189078,-0.0946232449189078,0.0836731049469832
15.7641037476623,0,0.0452974152246685,0,15.7641037476623,0.0452974152246685,0.0452974152246685,0.0452974152246685,0.0222639606786319
14.6925462604222,0,-0.00458452472707301,0,14.6925462604222,-0.00458452472707301,-0.00458452472707301,-0.00458452472707301,0.0444254697733256
7.79044115240101,0,0.0350532910010923,0,7.79044115240101,0.0350532910010923,0.0350532910010923,0.0350532910010923,0.0585754206769742
11.0161041029769,0,-0.0031766917676102,0,11.0161041029769,-0.0031766917676102,-0.0031766917676102,-0.0031766917676102,0.0522005254908412
11.2420027298881,0,-0.0660500012093723,0,11.2420027298881,-0.0660500012093723,-0.0660500012093723,-0.0660500012093723,0.0384705888979592
27.9381463268887,0,-0.0196646199066465,0,27.9381463268887,-0.0196646199066465,-0.0196646199066465,-0.0196646199066465,0.0266030945529787
28.4056044215739,0,-0.0234835133541325,0,28.4056044215739,-0.0234835133541325,-0.0234835133541325,-0.0234835133541325,0.0460235649191708
9.44659083119766,0,-0.0979355343768668,0,9.44659083119766,-0.0979355343768668,-0.0979355343768668,-0.0979355343768668,0.106984919191722
10.6319539160187,0,0.00587821668928426,0,10.6319539160187,0.00587821668928426,0.00587821668928426,0.00587821668928426,0.0434639030773943
31.4129223891295,0,-0.0481702543197104,0,31.4129223891295,-0.0481702543197104,-0.0481702543197104,-0.0481702543197104,0.04354801944707
NA,NA,NA,NA,NA,NA,NA,NA,NA
3.48138260502119,0,-0.0431716232209931,0,3.48138260502119,-0.0431716232209931,-0.0431716232209931,-0.0431716232209931,0.0321818721032191
5.59197431763262,0,-0.0578220526680145,0,5.59197431763262,-0.0578220526680145,-0.0578220526680145,-0.0578220526680145,0.0290843221745671
7.10118523761685,0,-0.0285278978712163,0,7.10118523761685,-0.0285278978712163,-0.0285278978712163,-0.0285278978712163,0.0595492352872805
8.39406695268219,0,0.0167837864563465,0,8.39406695268219,0.0167837864563465,0.0167837864563465,0.0167837864563465,0.0322473662392579
15.3813680380744,0,-0.0235768509494856,0,15.3813680380744,-0.0235768509494856,-0.0235768509494856,-0.0235768509494856,0.0385600790656454
10.9419857642508,0,-0.0876235523401562,0,10.9419857642508,-0.0876235523401562,-0.0876235523401562,-0.0876235523401562,0.0336377588977628
9.567453602661,0,-0.0130573193727359,0,9.567453602661,-0.0130573193727359,-0.0130573193727359,-0.0130573193727359,0.0264340771076804
9.56764954052794,0,-0.00578932875863998,0,9.56764954052794,-0.00578932875863998,-0.00578932875863998,-0.00578932875863998,0.0288617279537588
9.58796747981615,0,0.00725905880614161,0,9.58796747981615,0.00725905880614161,0.00725905880614161,0.00725905880614161,0.0422687684348916
15.1454884083029,0,0.0687427351592194,0,15.1454884083029,0.0687427351592194,0.0687427351592194,0.0687427351592194,0.0334809714396658
9.03381024943225,0,-0.0258591277728825,0,9.03381024943225,-0.0258591277728825,-0.0258591277728825,-0.0258591277728825,0.0210013285642308
7.292171244769,0,0.0214216184583366,0,7.292171244769,0.0214216184583366,0.0214216184583366,0.0214216184583366,0.00787016036700002
10.6567948708008,0,0.0203455428827325,0,10.6567948708008,0.0203455428827325,0.0203455428827325,0.0203455428827325,0.0367174068081082
15.83958844307,0,0.0399832495665445,0,15.83958844307,0.0399832495665445,0.0399832495665445,0.0399832495665445,0.0130470310288665
17.7014293147066,0,0.0234372077444364,0,17.7014293147066,0.0234372077444364,0.0234372077444364,0.0234372077444364,0.0323786122878216
16.016217440795,0,-0.00369944404825601,0,16.016217440795,-0.00369944404825601,-0.00369944404825601,-0.00369944404825601,0.0376637682579198
6.35958088046694,0,-0.0328185793493547,0,6.35958088046694,-0.0328185793493547,-0.0328185793493547,-0.0328185793493547,0.0520581686434144
7.84913150076159,0,0.0206892300368871,0,7.84913150076159,0.0206892300368871,0.0206892300368871,0.0206892300368871,0.0125920499284639
11.3110693140974,0,0.00982781565554414,0,11.3110693140974,0.00982781565554414,0.00982781565554414,0.00982781565554414,0.0152975413868066
19.3344521561619,0,-0.0178892890128142,0,19.3344521561619,-0.0178892890128142,-0.0178892890128142,-0.0178892890128142,0.0322365626104049
12.3671082351961,0,0.0210231372322994,0,12.3671082351961,0.0210231372322994,0.0210231372322994,0.0210231372322994,0.0160828742749283
12.3654554745313,0,-0.0686880413546458,0,12.3654554745313,-0.0686880413546458,-0.0686880413546458,-0.0686880413546458,0.0513325050706189
19.2556223171704,0,0.0285945738844167,0,19.2556223171704,0.0285945738844167,0.0285945738844167,0.0285945738844167,0.0139726523520546
34.7312424253189,0,0.00360906084633839,0,34.7312424253189,0.00360906084633839,0.00360906084633839,0.00360906084633839,0.017575833019559
54.7209102152747,0,0.0196726221291343,0,54.7209102152747,0.0196726221291343,0.0196726221291343,0.0196726221291343,0.0109274670854921
11.6997668682815,0,-0.0454216119044559,0,11.6997668682815,-0.0454216119044559,-0.0454216119044559,-0.0454216119044559,0.105318046890987
8.22166390729103,0,0.0200227074138689,0,8.22166390729103,0.0200227074138689,0.0200227074138689,0.0200227074138689,0.0889316774406693
11.7030101268542,0,0.0664031592294417,0,11.7030101268542,0.0664031592294417,0.0664031592294417,0.0664031592294417,0.0318702419669784
7.36539602284415,0,-0.0247872150245361,0,7.36539602284415,-0.0247872150245361,-0.0247872150245361,-0.0247872150245361,0.114121672795408
9.34902839864339,0,-0.0319037471830898,0,9.34902839864339,-0.0319037471830898,-0.0319037471830898,-0.0319037471830898,0.0353702402159913
12.3611575522981,0,-0.0042723235541842,0,12.3611575522981,-0.0042723235541842,-0.0042723235541842,-0.0042723235541842,0.0564107009092355
7.0066302655783,0,0.128930535718218,0,7.0066302655783,0.128930535718218,0.128930535718218,0.128930535718218,0.0770272502904336
10.8363107906744,0,-0.028098390818107,0,10.8363107906744,-0.028098390818107,-0.028098390818107,-0.028098390818107,0.071926050301895
11.7003583105711,0,-0.00186774348468509,0,11.7003583105711,-0.00186774348468509,-0.00186774348468509,-0.00186774348468509,0.00589871207554302
14.1717804897526,0,0.027255899623745,0,14.1717804897526,0.027255899623745,0.027255899623745,0.027255899623745,0.0438772018708798
10.4916049522311,0,0.0132463173032987,0,10.4916049522311,0.0132463173032987,0.0132463173032987,0.0132463173032987,0.0267192917518445
12.491172371433,0,0.00616174807970621,0,12.491172371433,0.00616174807970621,0.00616174807970621,0.00616174807970621,0.0405245193389735
22.4190143092695,0,-0.000161199703742028,0,22.4190143092695,-0.000161199703742028,-0.000161199703742028,-0.000161199703742028,0.0167230245622351
23.3384346785706,0,0.0173424537425691,0,23.3384346785706,0.0173424537425691,0.0173424537425691,0.0173424537425691,0.0189266195413323
21.0471310356801,0,0.0617673658141888,0,21.0471310356801,0.0617673658141888,0.0617673658141888,0.0617673658141888,0.047052745863464
18.868464140174,0,-0.0601138815581494,0,18.868464140174,-0.0601138815581494,-0.0601138815581494,-0.0601138815581494,0.0841243606959225
142.027144302285,0,0.0480428181832702,0,142.027144302285,0.0480428181832702,0.0480428181832702,0.0480428181832702,0.0151652887885014
9.87654480749694,0,-0.0946232449189078,0,9.87654480749694,-0.0946232449189078,-0.0946232449189078,-0.0946232449189078,0.0836731049469832
15.7641037476623,0,0.0452974152246685,0,15.7641037476623,0.0452974152246685,0.0452974152246685,0.0452974152246685,0.0222639606786319
14.6925462604222,0,-0.00458452472707301,0,14.6925462604222,-0.00458452472707301,-0.00458452472707301,-0.00458452472707301,0.0444254697733256
7.79044115240101,0,0.0350532910010923,0,7.79044115240101,0.0350532910010923,0.0350532910010923,0.0350532910010923,0.0585754206769742
11.0161041029769,0,-0.0031766917676102,0,11.0161041029769,-0.0031766917676102,-0.0031766917676102,-0.0031766917676102,0.0522005254908412
11.2420027298881,0,-0.0660500012093723,0,11.2420027298881,-0.0660500012093723,-0.0660500012093723,-0.0660500012093723,0.0384705888979592
27.9381463268887,0,-0.0196646199066465,0,27.9381463268887,-0.0196646199066465,-0.0196646199066465,-0.0196646199066465,0.0266030945529787
28.4056044215739,0,-0.0234835133541325,0,28.4056044215739,-0.0234835133541325,-0.0234835133541325,-0.0234835133541325,0.0460235649191708
9.44659083119766,0,-0.0979355343768668,0,9.44659083119766,-0.0979355343768668,-0.0979355343768668,-0.0979355343768668,0.106984919191722
10.6319539160187,0,0.00587821668928426,0,10.6319539160187,0.00587821668928426,0.00587821668928426,0.00587821668928426,0.0434639030773943
31.4129223891295,0,-0.0481702543197104,0,31.4129223891295,-0.0481702543197104,-0.0481702543197104,-0.0481702543197104,0.04354801944707
NA,NA,NA,NA,NA,NA,NA,NA,NA
3.48138260502119,0,-0.0431716232209931,0,3.48138260502119,-0.0431716232209931,-0.0431716232209931,-0.0431716232209931,0.0321818721032191
5.59197431763262,0,-0.0578220526680145,0,5.59197431763262,-0.0578220526680145,-0.0578220526680145,-0.0578220526680145,0.0290843221745671
7.10118523761685,0,-0.0285278978712163,0,7.10118523761685,-0.0285278978712163,-0.0285278978712163,-0.0285278978712163,0.0595492352872805
8.39406695268219,0,0.0167837864563465,0,8.39406695268219,0.0167837864563465,0.0167837864563465,0.0167837864563465,0.0322473662392579
15.3813680380744,0,-0.0235768509494856,0,15.3813680380744,-0.0235768509494856,-0.0235768509494856,-0.0235768509494856,0.0385600790656454
10.9419857642508,0,-0.0876235523401562,0,10.9419857642508,-0.0876235523401562,-0.0876235523401562,-0.0876235523401562,0.0336377588977628
9.567453602661,0,-0.0130573193727359,0,9.567453602661,-0.0130573193727359,-0.0130573193727359,-0.0130573193727359,0.0264340771076804
9.56764954052794,0,-0.00578932875863998,0,9.56764954052794,-0.00578932875863998,-0.00578932875863998,-0.00578932875863998,0.0288617279537588
9.58796747981615,0,0.00725905880614161,0,9.58796747981615,0.00725905880614161,0.00725905880614161,0.00725905880614161,0.0422687684348916
15.1454884083029,0,0.0687427351592194,0,15.1454884083029,0.0687427351592194,0.0687427351592194,0.0687427351592194,0.0334809714396658
9.03381024943225,0,-0.0258591277728825,0,9.03381024943225,-0.0258591277728825,-0.0258591277728825,-0.0258591277728825,0.0210013285642308
7.292171244769,0,0.0214216184583366,0,7.292171244769,0.0214216184583366,0.0214216184583366,0.0214216184583366,0.00787016036700002
10.6567948708008,0,0.0203455428827325,0,10.6567948708008,0.0203455428827325,0.0203455428827325,0.0203455428827325,0.0367174068081082
15.83958844307,0,0.0399832495665445,0,15.83958844307,0.0399832495665445,0.0399832495665445,0.0399832495665445,0.0130470310288665
17.7014293147066,0,0.0234372077444364,0,17.7014293147066,0.0234372077444364,0.0234372077444364,0.0234372077444364,0.0323786122878216
16.016217440795,0,-0.00369944404825601,0,16.016217440795,-0.00369944404825601,-0.00369944404825601,-0.00369944404825601,0.0376637682579198
6.35958088046694,0,-0.0328185793493547,0,6.35958088046694,-0.0328185793493547,-0.0328185793493547,-0.0328185793493547,0.0520581686434144
7.84913150076159,0,0.0206892300368871,0,7.84913150076159,0.0206892300368871,0.0206892300368871,0.0206892300368871,0.0125920499284639
11.3110693140974,0,0.00982781565554414,0,11.3110693140974,0.00982781565554414,0.00982781565554414,0.00982781565554414,0.0152975413868066
19.3344521561619,0,-0.0178892890128142,0,19.3344521561619,-0.0178892890128142,-0.0178892890128142,-0.0178892890128142,0.0322365626104049
12.3671082351961,0,0.0210231372322994,0,12.3671082351961,0.0210231372322994,0.0210231372322994,0.0210231372322994,0.0160828742749283
12.3654554745313,0,-0.0686880413546458,0,12.3654554745313,-0.0686880413546458,-0.0686880413546458,-0.0686880413546458,0.0513325050706189
19.2556223171704,0,0.0285945738844167,0,19.2556223171704,0.0285945738844167,0.0285945738844167,0.0285945738844167,0.0139726523520546
34.7312424253189,0,0.00360906084633839,0,34.7312424253189,0.00360906084633839,0.00360906084633839,0.00360906084633839,0.017575833019559
54.7209102152747,0,0.0196726221291343,0,54.7209102152747,0.0196726221291343,0.0196726221291343,0.0196726221291343,0.0109274670854921
11.6997668682815,0,-0.0454216119044559,0,11.6997668682815,-0.0454216119044559,-0.0454216119044559,-0.0454216119044559,0.105318046890987
8.22166390729103,0,0.0200227074138689,0,8.22166390729103,0.0200227074138689,0.0200227074138689,0.0200227074138689,0.0889316774406693
11.7030101268542,0,0.0664031592294417,0,11.7030101268542,0.0664031592294417,0.0664031592294417,0.0664031592294417,0.0318702419669784
7.36539602284415,0,-0.0247872150245361,0,7.36539602284415,-0.0247872150245361,-0.0247872150245361,-0.0247872150245361,0.114121672795408
9.34902839864339,0,-0.0319037471830898,0,9.34902839864339,-0.0319037471830898,-0.0319037471830898,-0.0319037471830898,0.0353702402159913
12.3611575522981,0,-0.0042723235541842,0,12.3611575522981,-0.0042723235541842,-0.0042723235541842,-0.0042723235541842,0.0564107009092355
7.0066302655783,0,0.128930535718218,0,7.0066302655783,0.128930535718218,0.128930535718218,0.128930535718218,0.0770272502904336
10.8363107906744,0,-0.028098390818107,0,10.8363107906744,-0.028098390818107,-0.028098390818107,-0.028098390818107,0.071926050301895
11.7003583105711,0,-0.00186774348468509,0,11.7003583105711,-0.00186774348468509,-0.00186774348468509,-0.00186774348468509,0.00589871207554302
14.1717804897526,0,0.027255899623745,0,14.1717804897526,0.027255899623745,0.027255899623745,0.027255899623745,0.0438772018708798
10.4916049522311,0,0.0132463173032987,0,10.4916049522311,0.0132463173032987,0.0132463173032987,0.0132463173032987,0.0267192917518445
12.491172371433,0,0.00616174807970621,0,12.491172371433,0.00616174807970621,0.00616174807970621,0.00616174807970621,0.0405245193389735
22.4190143092695,0,-0.000161199703742028,0,22.4190143092695,-0.000161199703742028,-0.000161199703742028,-0.000161199703742028,0.0167230245622351
23.3384346785706,0,0.0173424537425691,0,23.3384346785706,0.0173424537425691,0.0173424537425691,0.0173424537425691,0.0189266195413323
21.0471310356801,0,0.0617673658141888,0,21.0471310356801,0.0617673658141888,0.0617673658141888,0.0617673658141888,0.047052745863464
18.868464140174,0,-0.0601138815581494,0,18.868464140174,-0.0601138815581494,-0.0601138815581494,-0.0601138815581494,0.0841243606959225
142.027144302285,0,0.0480428181832702,0,142.027144302285,0.0480428181832702,0.0480428181832702,0.0480428181832702,0.0151652887885014
9.87654480749694,0,-0.0946232449189078,0,9.87654480749694,-0.0946232449189078,-0.0946232449189078,-0.0946232449189078,0.0836731049469832
15.7641037476623,0,0.0452974152246685,0,15.7641037476623,0.0452974152246685,0.0452974152246685,0.0452974152246685,0.0222639606786319
14.6925462604222,0,-0.00458452472707301,0,14.6925462604222,-0.00458452472707301,-0.00458452472707301,-0.00458452472707301,0.0444254697733256
7.79044115240101,0,0.0350532910010923,0,7.79044115240101,0.0350532910010923,0.0350532910010923,0.0350532910010923,0.0585754206769742
11.0161041029769,0,-0.0031766917676102,0,11.0161041029769,-0.0031766917676102,-0.0031766917676102,-0.0031766917676102,0.0522005254908412
11.2420027298881,0,-0.0660500012093723,0,11.2420027298881,-0.0660500012093723,-0.0660500012093723,-0.0660500012093723,0.0384705888979592
27.9381463268887,0,-0.0196646199066465,0,27.9381463268887,-0.0196646199066465,-0.0196646199066465,-0.0196646199066465,0.0266030945529787
28.4056044215739,0,-0.0234835133541325,0,28.4056044215739,-0.0234835133541325,-0.0234835133541325,-0.0234835133541325,0.0460235649191708
9.44659083119766,0,-0.0979355343768668,0,9.44659083119766,-0.0979355343768668,-0.0979355343768668,-0.0979355343768668,0.106984919191722
10.6319539160187,0,0.00587821668928426,0,10.6319539160187,0.00587821668928426,0.00587821668928426,0.00587821668928426,0.0434639030773943
31.4129223891295,0,-0.0481702543197104,0,31.4129223891295,-0.0481702543197104,-0.0481702543197104,-0.0481702543197104,0.04354801944707
NA,NA,NA,NA,NA,NA,NA,NA,NA
3.48138260502119,0,-0.0431716232209931,0,3.48138260502119,-0.0431716232209931,-0.0431716232209931,-0.0431716232209931,0.0321818721032191
5.59197431763262,0,-0.0578220526680145,0,5.59197431763262,-0.0578220526680145,-0.0578220526680145,-0.0578220526680145,0.0290843221745671
7.10118523761685,0,-0.0285278978712163,0,7.10118523761685,-0.0285278978712163,-0.0285278978712163,-0.0285278978712163,0.0595492352872805
8.39406695268219,0,0.0167837864563465,0,8.39406695268219,0.0167837864563465,0.0167837864563465,0.0167837864563465,0.0322473662392579
15.3813680380744,0,-0.0235768509494856,0,15.3813680380744,-0.0235768509494856,-0.0235768509494856,-0.0235768509494856,0.0385600790656454
10.9419857642508,0,-0.0876235523401562,0,10.9419857642508,-0.0876235523401562,-0.0876235523401562,-0.0876235523401562,0.0336377588977628
9.567453602661,0,-0.0130573193727359,0,9.567453602661,-0.0130573193727359,-0.0130573193727359,-0.0130573193727359,0.0264340771076804
9.56764954052794,0,-0.00578932875863998,0,9.56764954052794,-0.00578932875863998,-0.00578932875863998,-0.00578932875863998,0.0288617279537588
9.58796747981615,0,0.00725905880614161,0,9.58796747981615,0.00725905880614161,0.00725905880614161,0.00725905880614161,0.0422687684348916
15.1454884083029,0,0.0687427351592194,0,15.1454884083029,0.0687427351592194,0.0687427351592194,0.0687427351592194,0.0334809714396658
9.03381024943225,0,-0.0258591277728825,0,9.03381024943225,-0.0258591277728825,-0.0258591277728825,-0.0258591277728825,0.0210013285642308
7.292171244769,0,0.0214216184583366,0,7.292171244769,0.0214216184583366,0.0214216184583366,0.0214216184583366,0.00787016036700002
10.6567948708008,0,0.0203455428827325,0,10.6567948708008,0.0203455428827325,0.0203455428827325,0.0203455428827325,0.0367174068081082
15.83958844307,0,0.0399832495665445,0,15.83958844307,0.0399832495665445,0.0399832495665445,0.0399832495665445,0.0130470310288665
17.7014293147066,0,0.0234372077444364,0,17.7014293147066,0.0234372077444364,0.0234372077444364,0.0234372077444364,0.0323786122878216
16.016217440795,0,-0.00369944404825601,0,16.016217440795,-0.00369944404825601,-0.00369944404825601,-0.00369944404825601,0.0376637682579198
6.35958088046694,0,-0.0328185793493547,0,6.35958088046694,-0.0328185793493547,-0.0328185793493547,-0.0328185793493547,0.0520581686434144
7.84913150076159,0,0.0206892300368871,0,7.84913150076159,0.0206892300368871,0.0206892300368871,0.0206892300368871,0.0125920499284639
11.3110693140974,0,0.00982781565554414,0,11.3110693140974,0.00982781565554414,0.00982781565554414,0.00982781565554414,0.0152975413868066
19.3344521561619,0,-0.0178892890128142,0,19.3344521561619,-0.0178892890128142,-0.0178892890128142,-0.0178892890128142,0.0322365626104049
12.3671082351961,0,0.0210231372322994,0,12.3671082351961,0.0210231372322994,0.0210231372322994,0.0210231372322994,0.0160828742749283
12.3654554745313,0,-0.0686880413546458,0,12.3654554745313,-0.0686880413546458,-0.0686880413546458,-0.0686880413546458,0.0513325050706189
19.2556223171704,0,0.0285945738844167,0,19.2556223171704,0.0285945738844167,0.0285945738844167,0.0285945738844167,0.0139726523520546
34.7312424253189,0,0.00360906084633839,0,34.7312424253189,0.00360906084633839,0.00360906084633839,0.00360906084633839,0.017575833019559
54.7209102152747,0,0.0196726221291343,0,54.7209102152747,0.0196726221291343,0.0196726221291343,0.0196726221291343,0.0109274670854921
11.6997668682815,0,-0.0454216119044559,0,11.6997668682815,-0.0454216119044559,-0.0454216119044559,-0.0454216119044559,0.105318046890987
8.22166390729103,0,0.0200227074138689,0,8.22166390729103,0.0200227074138689,0.0200227074138689,0.0200227074138689,0.0889316774406693
11.7030101268542,0,0.0664031592294417,0,11.7030101268542,0.0664031592294417,0.0664031592294417,0.0664031592294417,0.0318702419669784
7.36539602284415,0,-0.0247872150245361,0,7.36539602284415,-0.0247872150245361,-0.0247872150245361,-0.0247872150245361,0.114121672795408
9.34902839864339,0,-0.0319037471830898,0,9.34902839864339,-0.0319037471830898,-0.0319037471830898,-0.0319037471830898,0.0353702402159913
12.3611575522981,0,-0.0042723235541842,0,12.3611575522981,-0.0042723235541842,-0.0042723235541842,-0.0042723235541842,0.0564107009092355
7.0066302655783,0,0.128930535718218,0,7.0066302655783,0.128930535718218,0.128930535718218,0.128930535718218,0.0770272502904336
10.8363107906744,0,-0.028098390818107,0,10.8363107906744,-0.028098390818107,-0.028098390818107,-0.028098390818107,0.071926050301895
11.7003583105711,0,-0.00186774348468509,0,11.7003583105711,-0.00186774348468509,-0.00186774348468509,-0.00186774348468509,0.00589871207554302
14.1717804897526,0,0.027255899623745,0,14.1717804897526,0.027255899623745,0.027255899623745,0.027255899623745,0.0438772018708798
10.4916049522311,0,0.0132463173032987,0,10.4916049522311,0.0132463173032987,0.0132463173032987,0.0132463173032987,0.0267192917518445
12.491172371433,0,0.00616174807970621,0,12.491172371433,0.00616174807970621,0.00616174807970621,0.00616174807970621,0.0405245193389735
22.4190143092695,0,-0.000161199703742028,0,22.4190143092695,-0.000161199703742028,-0.000161199703742028,-0.000161199703742028,0.0167230245622351
23.3384346785706,0,0.0173424537425691,0,23.3384346785706,0.0173424537425691,0.0173424537425691,0.0173424537425691,0.0189266195413323
21.0471310356801,0,0.0617673658141888,0,21.0471310356801,0.0617673658141888,0.0617673658141888,0.0617673658141888,0.047052745863464
18.868464140174,0,-0.0601138815581494,0,18.868464140174,-0.0601138815581494,-0.0601138815581494,-0.0601138815581494,0.0841243606959225
142.027144302285,0,0.0480428181832702,0,142.027144302285,0.0480428181832702,0.0480428181832702,0.0480428181832702,0.0151652887885014
7.27972576920022,0,0.0159617989219509,0,7.27972576920022,0.0159617989219509,0.0159617989219509,0.0159617989219509,0.0671622808060481
15.7641037476623,0,0.0452974152246685,0,15.7641037476623,0.0452974152246685,0.0452974152246685,0.0452974152246685,0.0222639606786319
14.6925462604222,0,-0.00458452472707301,0,14.6925462604222,-0.00458452472707301,-0.00458452472707301,-0.00458452472707301,0.0444254697733256
7.79044115240101,0,0.0350532910010923,0,7.79044115240101,0.0350532910010923,0.0350532910010923,0.0350532910010923,0.0585754206769742
11.0161041029769,0,-0.0031766917676102,0,11.0161041029769,-0.0031766917676102,-0.0031766917676102,-0.0031766917676102,0.0522005254908412
11.2420027298881,0,-0.0660500012093723,0,11.2420027298881,-0.0660500012093723,-0.0660500012093723,-0.0660500012093723,0.0384705888979592
27.9381463268887,0,-0.0196646199066465,0,27.9381463268887,-0.0196646199066465,-0.0196646199066465,-0.0196646199066465,0.0266030945529787
28.4056044215739,0,-0.0234835133541325,0,28.4056044215739,-0.0234835133541325,-0.0234835133541325,-0.0234835133541325,0.0460235649191708
9.44659083119766,0,-0.0979355343768668,0,9.44659083119766,-0.0979355343768668,-0.0979355343768668,-0.0979355343768668,0.106984919191722
10.6319539160187,0,0.00587821668928426,0,10.6319539160187,0.00587821668928426,0.00587821668928426,0.00587821668928426,0.0434639030773943
31.4129223891295,0,-0.0481702543197104,0,31.4129223891295,-0.0481702543197104,-0.0481702543197104,-0.0481702543197104,0.04354801944707
NA,NA,NA,NA,NA,NA,NA,NA,NA
3.48138260502119,0,-0.0431716232209931,0,3.48138260502119,-0.0431716232209931,-0.0431716232209931,-0.0431716232209931,0.0321818721032191
5.59197431763262,0,-0.0578220526680145,0,5.59197431763262,-0.0578220526680145,-0.0578220526680145,-0.0578220526680145,0.0290843221745671
7.10118523761685,0,-0.0285278978712163,0,7.10118523761685,-0.0285278978712163,-0.0285278978712163,-0.0285278978712163,0.0595492352872805
8.39406695268219,0,0.0167837864563465,0,8.39406695268219,0.0167837864563465,0.0167837864563465,0.0167837864563465,0.0322473662392579
15.3813680380744,0,-0.0235768509494856,0,15.3813680380744,-0.0235768509494856,-0.0235768509494856,-0.0235768509494856,0.0385600790656454
10.9419857642508,0,-0.0876235523401562,0,10.9419857642508,-0.0876235523401562,-0.0876235523401562,-0.0876235523401562,0.0336377588977628
9.567453602661,0,-0.0130573193727359,0,9.567453602661,-0.0130573193727359,-0.0130573193727359,-0.0130573193727359,0.0264340771076804
9.56764954052794,0,-0.00578932875863998,0,9.56764954052794,-0.00578932875863998,-0.00578932875863998,-0.00578932875863998,0.0288617279537588
9.58796747981615,0,0.00725905880614161,0,9.58796747981615,0.00725905880614161,0.00725905880614161,0.00725905880614161,0.0422687684348916
15.1454884083029,0,0.0687427351592194,0,15.1454884083029,0.0687427351592194,0.0687427351592194,0.0687427351592194,0.0334809714396658
9.03381024943225,0,-0.0258591277728825,0,9.03381024943225,-0.0258591277728825,-0.0258591277728825,-0.0258591277728825,0.0210013285642308
7.292171244769,0,0.0214216184583366,0,7.292171244769,0.0214216184583366,0.0214216184583366,0.0214216184583366,0.00787016036700002
10.6567948708008,0,0.0203455428827325,0,10.6567948708008,0.0203455428827325,0.0203455428827325,0.0203455428827325,0.0367174068081082
15.83958844307,0,0.0399832495665445,0,15.83958844307,0.0399832495665445,0.0399832495665445,0.0399832495665445,0.0130470310288665
17.7014293147066,0,0.0234372077444364,0,17.7014293147066,0.0234372077444364,0.0234372077444364,0.0234372077444364,0.0323786122878216
16.016217440795,0,-0.00369944404825601,0,16.016217440795,-0.00369944404825601,-0.00369944404825601,-0.00369944404825601,0.0376637682579198
6.35958088046694,0,-0.0328185793493547,0,6.35958088046694,-0.0328185793493547,-0.0328185793493547,-0.0328185793493547,0.0520581686434144
7.84913150076159,0,0.0206892300368871,0,7.84913150076159,0.0206892300368871,0.0206892300368871,0.0206892300368871,0.0125920499284639
11.3110693140974,0,0.00982781565554414,0,11.3110693140974,0.00982781565554414,0.00982781565554414,0.00982781565554414,0.0152975413868066
19.3344521561619,0,-0.0178892890128142,0,19.3344521561619,-0.0178892890128142,-0.0178892890128142,-0.0178892890128142,0.0322365626104049
12.3671082351961,0,0.0210231372322994,0,12.3671082351961,0.0210231372322994,0.0210231372322994,0.0210231372322994,0.0160828742749283
12.3654554745313,0,-0.0686880413546458,0,12.3654554745313,-0.0686880413546458,-0.0686880413546458,-0.0686880413546458,0.0513325050706189
19.2556223171704,0,0.0285945738844167,0,19.2556223171704,0.0285945738844167,0.0285945738844167,0.0285945738844167,0.0139726523520546
34.7312424253189,0,0.00360906084633839,0,34.7312424253189,0.00360906084633839,0.00360906084633839,0.00360906084633839,0.017575833019559
54.7209102152747,0,0.0196726221291343,0,54.7209102152747,0.0196726221291343,0.0196726221291343,0.0196726221291343,0.0109274670854921
11.6997668682815,0,-0.0454216119044559,0,11.6997668682815,-0.0454216119044559,-0.0454216119044559,-0.0454216119044559,0.105318046890987
8.22166390729103,0,0.0200227074138689,0,8.22166390729103,0.0200227074138689,0.0200227074138689,0.0200227074138689,0.0889316774406693
11.7030101268542,0,0.0664031592294417,0,11.7030101268542,0.0664031592294417,0.0664031592294417,0.0664031592294417,0.0318702419669784
7.36539602284415,0,-0.0247872150245361,0,7.36539602284415,-0.0247872150245361,-0.0247872150245361,-0.0247872150245361,0.114121672795408
9.34902839864339,0,-0.0319037471830898,0,9.34902839864339,-0.0319037471830898,-0.0319037471830898,-0.0319037471830898,0.0353702402159913
12.3611575522981,0,-0.0042723235541842,0,12.3611575522981,-0.0042723235541842,-0.0042723235541842,-0.0042723235541842,0.0564107009092355
7.0066302655783,0,0.128930535718218,0,7.0066302655783,0.128930535718218,0.128930535718218,0.128930535718218,0.0770272502904336
10.8363107906744,0,-0.028098390818107,0,10.8363107906744,-0.028098390818107,-0.028098390818107,-0.028098390818107,0.071926050301895
11.7003583105711,0,-0.00186774348468509,0,11.7003583105711,-0.00186774348468509,-0.00186774348468509,-0.00186774348468509,0.00589871207554302
14.1717804897526,0,0.027255899623745,0,14.1717804897526,0.027255899623745,0.027255899623745,0.027255899623745,0.0438772018708798
10.4916049522311,0,0.0132463173032987,0,10.4916049522311,0.0132463173032987,0.0132463173032987,0.0132463173032987,0.0267192917518445
12.491172371433,0,0.00616174807970621,0,12.491172371433,0.00616174807970621,0.00616174807970621,0.00616174807970621,0.0405245193389735
22.4190143092695,0,-0.000161199703742028,0,22.4190143092695,-0.000161199703742028,-0.000161199703742028,-0.000161199703742028,0.0167230245622351
23.3384346785706,0,0.0173424537425691,0,23.3384346785706,0.0173424537425691,0.0173424537425691,0.0173424537425691,0.0189266195413323
21.0471310356801,0,0.0617673658141888,0,21.0471310356801,0.0617673658141888,0.0617673658141888,0.0617673658141888,0.047052745863464
18.868464140174,0,-0.0601138815581494,0,18.868464140174,-0.0601138815581494,-0.0601138815581494,-0.0601138815581494,0.0841243606959225
142.027144302285,0,0.0480428181832702,0,142.027144302285,0.0480428181832702,0.0480428181832702,0.0480428181832702,0.0151652887885014
7.27972576920022,0,0.0159617989219509,0,7.27972576920022,0.0159617989219509,0.0159617989219509,0.0159617989219509,0.0671622808060481
15.7641037476623,0,0.0452974152246685,0,15.7641037476623,0.0452974152246685,0.0452974152246685,0.0452974152246685,0.0222639606786319
14.6925462604222,0,-0.00458452472707301,0,14.6925462604222,-0.00458452472707301,-0.00458452472707301,-0.00458452472707301,0.0444254697733256
7.79044115240101,0,0.0350532910010923,0,7.79044115240101,0.0350532910010923,0.0350532910010923,0.0350532910010923,0.0585754206769742
11.0161041029769,0,-0.0031766917676102,0,11.0161041029769,-0.0031766917676102,-0.0031766917676102,-0.0031766917676102,0.0522005254908412
11.2420027298881,0,-0.0660500012093723,0,11.2420027298881,-0.0660500012093723,-0.0660500012093723,-0.0660500012093723,0.0384705888979592
27.9381463268887,0,-0.0196646199066465,0,27.9381463268887,-0.0196646199066465,-0.0196646199066465,-0.0196646199066465,0.0266030945529787
28.4056044215739,0,-0.0234835133541325,0,28.4056044215739,-0.0234835133541325,-0.0234835133541325,-0.0234835133541325,0.0460235649191708
9.44659083119766,0,-0.0979355343768668,0,9.44659083119766,-0.0979355343768668,-0.0979355343768668,-0.0979355343768668,0.106984919191722
10.6319539160187,0,0.00587821668928426,0,10.6319539160187,0.00587821668928426,0.00587821668928426,0.00587821668928426,0.0434639030773943
31.4129223891295,0,-0.0481702543197104,0,31.4129223891295,-0.0481702543197104,-0.0481702543197104,-0.0481702543197104,0.04354801944707
NA,NA,NA,NA,NA,NA,NA,NA,NA
3.48138260502119,0,-0.0431716232209931,0,3.48138260502119,-0.0431716232209931,-0.0431716232209931,-0.0431716232209931,0.0321818721032191
5.59197431763262,0,-0.0578220526680145,0,5.59197431763262,-0.0578220526680145,-0.0578220526680145,-0.0578220526680145,0.0290843221745671
7.10118523761685,0,-0.0285278978712163,0,7.10118523761685,-0.0285278978712163,-0.0285278978712163,-0.0285278978712163,0.0595492352872805
8.39406695268219,0,0.0167837864563465,0,8.39406695268219,0.0167837864563465,0.0167837864563465,0.0167837864563465,0.0322473662392579
15.3813680380744,0,-0.0235768509494856,0,15.3813680380744,-0.0235768509494856,-0.0235768509494856,-0.0235768509494856,0.0385600790656454
10.9419857642508,0,-0.0876235523401562,0,10.9419857642508,-0.0876235523401562,-0.0876235523401562,-0.0876235523401562,0.0336377588977628
9.567453602661,0,-0.0130573193727359,0,9.567453602661,-0.0130573193727359,-0.0130573193727359,-0.0130573193727359,0.0264340771076804
9.56764954052794,0,-0.00578932875863998,0,9.56764954052794,-0.00578932875863998,-0.00578932875863998,-0.00578932875863998,0.0288617279537588
9.58796747981615,0,0.00725905880614161,0,9.58796747981615,0.00725905880614161,0.00725905880614161,0.00725905880614161,0.0422687684348916
15.1454884083029,0,0.0687427351592194,0,15.1454884083029,0.0687427351592194,0.0687427351592194,0.0687427351592194,0.0334809714396658
9.03381024943225,0,-0.0258591277728825,0,9.03381024943225,-0.0258591277728825,-0.0258591277728825,-0.0258591277728825,0.0210013285642308
7.292171244769,0,0.0214216184583366,0,7.292171244769,0.0214216184583366,0.0214216184583366,0.0214216184583366,0.00787016036700002
10.6567948708008,0,0.0203455428827325,0,10.6567948708008,0.0203455428827325,0.0203455428827325,0.0203455428827325,0.0367174068081082
15.83958844307,0,0.0399832495665445,0,15.83958844307,0.0399832495665445,0.0399832495665445,0.0399832495665445,0.0130470310288665
17.7014293147066,0,0.0234372077444364,0,17.7014293147066,0.0234372077444364,0.0234372077444364,0.0234372077444364,0.0323786122878216
16.016217440795,0,-0.00369944404825601,0,16.016217440795,-0.00369944404825601,-0.00369944404825601,-0.00369944404825601,0.0376637682579198
6.35958088046694,0,-0.0328185793493547,0,6.35958088046694,-0.0328185793493547,-0.0328185793493547,-0.0328185793493547,0.0520581686434144
7.84913150076159,0,0.0206892300368871,0,7.84913150076159,0.0206892300368871,0.0206892300368871,0.0206892300368871,0.0125920499284639
11.3110693140974,0,0.00982781565554414,0,11.3110693140974,0.00982781565554414,0.00982781565554414,0.00982781565554414,0.0152975413868066
19.3344521561619,0,-0.0178892890128142,0,19.3344521561619,-0.0178892890128142,-0.0178892890128142,-0.0178892890128142,0.0322365626104049
12.3671082351961,0,0.0210231372322994,0,12.3671082351961,0.0210231372322994,0.0210231372322994,0.0210231372322994,0.0160828742749283
12.3654554745313,0,-0.0686880413546458,0,12.3654554745313,-0.0686880413546458,-0.0686880413546458,-0.0686880413546458,0.0513325050706189
19.2556223171704,0,0.0285945738844167,0,19.2556223171704,0.0285945738844167,0.0285945738844167,0.0285945738844167,0.0139726523520546
34.7312424253189,0,0.00360906084633839,0,34.7312424253189,0.00360906084633839,0.00360906084633839,0.00360906084633839,0.017575833019559
54.7209102152747,0,0.0196726221291343,0,54.7209102152747,0.0196726221291343,0.0196726221291343,0.0196726221291343,0.0109274670854921
11.6997668682815,0,-0.0454216119044559,0,11.6997668682815,-0.0454216119044559,-0.0454216119044559,-0.0454216119044559,0.105318046890987
8.22166390729103,0,0.0200227074138689,0,8.22166390729103,0.0200227074138689,0.0200227074138689,0.0200227074138689,0.0889316774406693
11.7030101268542,0,0.0664031592294417,0,11.7030101268542,0.0664031592294417,0.0664031592294417,0.0664031592294417,0.0318702419669784
7.36539602284415,0,-0.0247872150245361,0,7.36539602284415,-0.0247872150245361,-0.0247872150245361,-0.0247872150245361,0.114121672795408
9.34902839864339,0,-0.0319037471830898,0,9.34902839864339,-0.0319037471830898,-0.0319037471830898,-0.0319037471830898,0.0353702402159913
12.3611575522981,0,-0.0042723235541842,0,12.3611575522981,-0.0042723235541842,-0.0042723235541842,-0.0042723235541842,0.0564107009092355
5.28892335541574,0,-0.0722438218615433,0,5.28892335541574,-0.0722438218615433,-0.0722438218615433,-0.0722438218615433,0.0393158996396484
10.8363107906744,0,-0.028098390818107,0,10.8363107906744,-0.028098390818107,-0.028098390818107,-0.028098390818107,0.071926050301895
11.7003583105711,0,-0.00186774348468509,0,11.7003583105711,-0.00186774348468509,-0.00186774348468509,-0.00186774348468509,0.00589871207554302
14.1717804897526,0,0.027255899623745,0,14.1717804897526,0.027255899623745,0.027255899623745,0.027255899623745,0.0438772018708798
10.4916049522311,0,0.0132463173032987,0,10.4916049522311,0.0132463173032987,0.0132463173032987,0.0132463173032987,0.0267192917518445
12.491172371433,0,0.00616174807970621,0,12.491172371433,0.00616174807970621,0.00616174807970621,0.00616174807970621,0.0405245193389735
22.4190143092695,0,-0.000161199703742028,0,22.4190143092695,-0.000161199703742028,-0.000161199703742028,-0.000161199703742028,0.0167230245622351
23.3384346785706,0,0.0173424537425691,0,23.3384346785706,0.0173424537425691,0.0173424537425691,0.0173424537425691,0.0189266195413323
21.0471310356801,0,0.0617673658141888,0,21.0471310356801,0.0617673658141888,0.0617673658141888,0.0617673658141888,0.047052745863464
18.868464140174,0,-0.0601138815581494,0,18.868464140174,-0.0601138815581494,-0.0601138815581494,-0.0601138815581494,0.0841243606959225
142.027144302285,0,0.0480428181832702,0,142.027144302285,0.0480428181832702,0.0480428181832702,0.0480428181832702,0.0151652887885014
7.27972576920022,0,0.0159617989219509,0,7.27972576920022,0.0159617989219509,0.0159617989219509,0.0159617989219509,0.0671622808060481
15.7641037476623,0,0.0452974152246685,0,15.7641037476623,0.0452974152246685,0.0452974152246685,0.0452974152246685,0.0222639606786319
14.6925462604222,0,-0.00458452472707301,0,14.6925462604222,-0.00458452472707301,-0.00458452472707301,-0.00458452472707301,0.0444254697733256
7.79044115240101,0,0.0350532910010923,0,7.79044115240101,0.0350532910010923,0.0350532910010923,0.0350532910010923,0.0585754206769742
11.0161041029769,0,-0.0031766917676102,0,11.0161041029769,-0.0031766917676102,-0.0031766917676102,-0.0031766917676102,0.0522005254908412
11.2420027298881,0,-0.0660500012093723,0,11.2420027298881,-0.0660500012093723,-0.0660500012093723,-0.0660500012093723,0.0384705888979592
27.9381463268887,0,-0.0196646199066465,0,27.9381463268887,-0.0196646199066465,-0.0196646199066465,-0.0196646199066465,0.0266030945529787
28.4056044215739,0,-0.0234835133541325,0,28.4056044215739,-0.0234835133541325,-0.0234835133541325,-0.0234835133541325,0.0460235649191708
9.44659083119766,0,-0.0979355343768668,0,9.44659083119766,-0.0979355343768668,-0.0979355343768668,-0.0979355343768668,0.106984919191722
10.6319539160187,0,0.00587821668928426,0,10.6319539160187,0.00587821668928426,0.00587821668928426,0.00587821668928426,0.0434639030773943
31.4129223891295,0,-0.0481702543197104,0,31.4129223891295,-0.0481702543197104,-0.0481702543197104,-0.0481702543197104,0.04354801944707
NA,NA,NA,NA,NA,NA,NA,NA,NA
3.48138260502119,0,-0.0431716232209931,0,3.48138260502119,-0.0431716232209931,-0.0431716232209931,-0.0431716232209931,0.0321818721032191
5.59197431763262,0,-0.0578220526680145,0,5.59197431763262,-0.0578220526680145,-0.0578220526680145,-0.0578220526680145,0.0290843221745671
7.10118523761685,0,-0.0285278978712163,0,7.10118523761685,-0.0285278978712163,-0.0285278978712163,-0.0285278978712163,0.0595492352872805
8.39406695268219,0,0.0167837864563465,0,8.39406695268219,0.0167837864563465,0.0167837864563465,0.0167837864563465,0.0322473662392579
15.3813680380744,0,-0.0235768509494856,0,15.3813680380744,-0.0235768509494856,-0.0235768509494856,-0.0235768509494856,0.0385600790656454
10.9419857642508,0,-0.0876235523401562,0,10.9419857642508,-0.0876235523401562,-0.0876235523401562,-0.0876235523401562,0.0336377588977628
9.567453602661,0,-0.0130573193727359,0,9.567453602661,-0.0130573193727359,-0.0130573193727359,-0.0130573193727359,0.0264340771076804
9.56764954052794,0,-0.00578932875863998,0,9.56764954052794,-0.00578932875863998,-0.00578932875863998,-0.00578932875863998,0.0288617279537588
9.58796747981615,0,0.00725905880614161,0,9.58796747981615,0.00725905880614161,0.00725905880614161,0.00725905880614161,0.0422687684348916
15.1454884083029,0,0.0687427351592194,0,15.1454884083029,0.0687427351592194,0.0687427351592194,0.0687427351592194,0.0334809714396658
9.03381024943225,0,-0.0258591277728825,0,9.03381024943225,-0.0258591277728825,-0.0258591277728825,-0.0258591277728825,0.0210013285642308
7.292171244769,0,0.0214216184583366,0,7.292171244769,0.0214216184583366,0.0214216184583366,0.0214216184583366,0.00787016036700002
10.6567948708008,0,0.0203455428827325,0,10.6567948708008,0.0203455428827325,0.0203455428827325,0.0203455428827325,0.0367174068081082
15.83958844307,0,0.0399832495665445,0,15.83958844307,0.0399832495665445,0.0399832495665445,0.0399832495665445,0.0130470310288665
17.7014293147066,0,0.0234372077444364,0,17.7014293147066,0.0234372077444364,0.0234372077444364,0.0234372077444364,0.0323786122878216
16.016217440795,0,-0.00369944404825601,0,16.016217440795,-0.00369944404825601,-0.00369944404825601,-0.00369944404825601,0.0376637682579198
6.35958088046694,0,-0.0328185793493547,0,6.35958088046694,-0.0328185793493547,-0.0328185793493547,-0.0328185793493547,0.0520581686434144
7.84913150076159,0,0.0206892300368871,0,7.84913150076159,0.0206892300368871,0.0206892300368871,0.0206892300368871,0.0125920499284639
11.3110693140974,0,0.00982781565554414,0,11.3110693140974,0.00982781565554414,0.00982781565554414,0.00982781565554414,0.0152975413868066
19.3344521561619,0,-0.0178892890128142,0,19.3344521561619,-0.0178892890128142,-0.0178892890128142,-0.0178892890128142,0.0322365626104049
12.3671082351961,0,0.0210231372322994,0,12.3671082351961,0.0210231372322994,0.0210231372322994,0.0210231372322994,0.0160828742749283
12.3654554745313,0,-0.0686880413546458,0,12.3654554745313,-0.0686880413546458,-0.0686880413546458,-0.0686880413546458,0.0513325050706189
19.2556223171704,0,0.0285945738844167,0,19.2556223171704,0.0285945738844167,0.0285945738844167,0.0285945738844167,0.0139726523520546
34.7312424253189,0,0.00360906084633839,0,34.7312424253189,0.00360906084633839,0.00360906084633839,0.00360906084633839,0.017575833019559
54.7209102152747,0,0.0196726221291343,0,54.7209102152747,0.0196726221291343,0.0196726221291343,0.0196726221291343,0.0109274670854921
11.6997668682815,0,-0.0454216119044559,0,11.6997668682815,-0.0454216119044559,-0.0454216119044559,-0.0454216119044559,0.105318046890987
8.22166390729103,0,0.0200227074138689,0,8.22166390729103,0.0200227074138689,0.0200227074138689,0.0200227074138689,0.0889316774406693
11.7030101268542,0,0.0664031592294417,0,11.7030101268542,0.0664031592294417,0.0664031592294417,0.0664031592294417,0.0318702419669784
7.36539602284415,0,-0.0247872150245361,0,7.36539602284415,-0.0247872150245361,-0.0247872150245361,-0.0247872150245361,0.114121672795408
9.34902839864339,0,-0.0319037471830898,0,9.34902839864339,-0.0319037471830898,-0.0319037471830898,-0.0319037471830898,0.0353702402159913
12.5616640281909,0,0.00441577973083164,0,12.5616640281909,0.00441577973083164,0.00441577973083164,0.00441577973083164,0.0138459086615911
5.28892335541574,0,-0.0722438218615433,0,5.28892335541574,-0.0722438218615433,-0.0722438218615433,-0.0722438218615433,0.0393158996396484
10.8363107906744,0,-0.028098390818107,0,10.8363107906744,-0.028098390818107,-0.028098390818107,-0.028098390818107,0.071926050301895
11.7003583105711,0,-0.00186774348468509,0,11.7003583105711,-0.00186774348468509,-0.00186774348468509,-0.00186774348468509,0.00589871207554302
14.1717804897526,0,0.027255899623745,0,14.1717804897526,0.027255899623745,0.027255899623745,0.027255899623745,0.0438772018708798
10.4916049522311,0,0.0132463173032987,0,10.4916049522311,0.0132463173032987,0.0132463173032987,0.0132463173032987,0.0267192917518445
12.491172371433,0,0.00616174807970621,0,12.491172371433,0.00616174807970621,0.00616174807970621,0.00616174807970621,0.0405245193389735
22.4190143092695,0,-0.000161199703742028,0,22.4190143092695,-0.000161199703742028,-0.000161199703742028,-0.000161199703742028,0.0167230245622351
23.3384346785706,0,0.0173424537425691,0,23.3384346785706,0.0173424537425691,0.0173424537425691,0.0173424537425691,0.0189266195413323
21.0471310356801,0,0.0617673658141888,0,21.0471310356801,0.0617673658141888,0.0617673658141888,0.0617673658141888,0.047052745863464
18.868464140174,0,-0.0601138815581494,0,18.868464140174,-0.0601138815581494,-0.0601138815581494,-0.0601138815581494,0.0841243606959225
142.027144302285,0,0.0480428181832702,0,142.027144302285,0.0480428181832702,0.0480428181832702,0.0480428181832702,0.0151652887885014
7.27972576920022,0,0.0159617989219509,0,7.27972576920022,0.0159617989219509,0.0159617989219509,0.0159617989219509,0.0671622808060481
15.7641037476623,0,0.0452974152246685,0,15.7641037476623,0.0452974152246685,0.0452974152246685,0.0452974152246685,0.0222639606786319
14.6925462604222,0,-0.00458452472707301,0,14.6925462604222,-0.00458452472707301,-0.00458452472707301,-0.00458452472707301,0.0444254697733256
7.79044115240101,0,0.0350532910010923,0,7.79044115240101,0.0350532910010923,0.0350532910010923,0.0350532910010923,0.0585754206769742
11.0161041029769,0,-0.0031766917676102,0,11.0161041029769,-0.0031766917676102,-0.0031766917676102,-0.0031766917676102,0.0522005254908412
11.2420027298881,0,-0.0660500012093723,0,11.2420027298881,-0.0660500012093723,-0.0660500012093723,-0.0660500012093723,0.0384705888979592
27.9381463268887,0,-0.0196646199066465,0,27.9381463268887,-0.0196646199066465,-0.0196646199066465,-0.0196646199066465,0.0266030945529787
28.4056044215739,0,-0.0234835133541325,0,28.4056044215739,-0.0234835133541325,-0.0234835133541325,-0.0234835133541325,0.0460235649191708
9.44659083119766,0,-0.0979355343768668,0,9.44659083119766,-0.0979355343768668,-0.0979355343768668,-0.0979355343768668,0.106984919191722
10.6319539160187,0,0.00587821668928426,0,10.6319539160187,0.00587821668928426,0.00587821668928426,0.00587821668928426,0.0434639030773943
31.4129223891295,0,-0.0481702543197104,0,31.4129223891295,-0.0481702543197104,-0.0481702543197104,-0.0481702543197104,0.04354801944707
NA,NA,NA,NA,NA,NA,NA,NA,NA
3.48138260502119,0,-0.0431716232209931,0,3.48138260502119,-0.0431716232209931,-0.0431716232209931,-0.0431716232209931,0.0321818721032191
5.59197431763262,0,-0.0578220526680145,0,5.59197431763262,-0.0578220526680145,-0.0578220526680145,-0.0578220526680145,0.0290843221745671
7.10118523761685,0,-0.0285278978712163,0,7.10118523761685,-0.0285278978712163,-0.0285278978712163,-0.0285278978712163,0.0595492352872805
8.39406695268219,0,0.0167837864563465,0,8.39406695268219,0.0167837864563465,0.0167837864563465,0.0167837864563465,0.0322473662392579
15.3813680380744,0,-0.0235768509494856,0,15.3813680380744,-0.0235768509494856,-0.0235768509494856,-0.0235768509494856,0.0385600790656454
10.9419857642508,0,-0.0876235523401562,0,10.9419857642508,-0.0876235523401562,-0.0876235523401562,-0.0876235523401562,0.0336377588977628
9.567453602661,0,-0.0130573193727359,0,9.567453602661,-0.0130573193727359,-0.0130573193727359,-0.0130573193727359,0.0264340771076804
9.56764954052794,0,-0.00578932875863998,0,9.56764954052794,-0.00578932875863998,-0.00578932875863998,-0.00578932875863998,0.0288617279537588
9.58796747981615,0,0.00725905880614161,0,9.58796747981615,0.00725905880614161,0.00725905880614161,0.00725905880614161,0.0422687684348916
15.1454884083029,0,0.0687427351592194,0,15.1454884083029,0.0687427351592194,0.0687427351592194,0.0687427351592194,0.0334809714396658
9.03381024943225,0,-0.0258591277728825,0,9.03381024943225,-0.0258591277728825,-0.0258591277728825,-0.0258591277728825,0.0210013285642308
7.292171244769,0,0.0214216184583366,0,7.292171244769,0.0214216184583366,0.0214216184583366,0.0214216184583366,0.00787016036700002
10.6567948708008,0,0.0203455428827325,0,10.6567948708008,0.0203455428827325,0.0203455428827325,0.0203455428827325,0.0367174068081082
15.83958844307,0,0.0399832495665445,0,15.83958844307,0.0399832495665445,0.0399832495665445,0.0399832495665445,0.0130470310288665
17.7014293147066,0,0.0234372077444364,0,17.7014293147066,0.0234372077444364,0.0234372077444364,0.0234372077444364,0.0323786122878216
16.016217440795,0,-0.00369944404825601,0,16.016217440795,-0.00369944404825601,-0.00369944404825601,-0.00369944404825601,0.0376637682579198
6.35958088046694,0,-0.0328185793493547,0,6.35958088046694,-0.0328185793493547,-0.0328185793493547,-0.0328185793493547,0.0520581686434144
7.84913150076159,0,0.0206892300368871,0,7.84913150076159,0.0206892300368871,0.0206892300368871,0.0206892300368871,0.0125920499284639
11.3110693140974,0,0.00982781565554414,0,11.3110693140974,0.00982781565554414,0.00982781565554414,0.00982781565554414,0.0152975413868066
19.3344521561619,0,-0.0178892890128142,0,19.3344521561619,-0.0178892890128142,-0.0178892890128142,-0.0178892890128142,0.0322365626104049
12.3671082351961,0,0.0210231372322994,0,12.3671082351961,0.0210231372322994,0.0210231372322994,0.0210231372322994,0.0160828742749283
12.3654554745313,0,-0.0686880413546458,0,12.3654554745313,-0.0686880413546458,-0.0686880413546458,-0.0686880413546458,0.0513325050706189
19.2556223171704,0,0.0285945738844167,0,19.2556223171704,0.0285945738844167,0.0285945738844167,0.0285945738844167,0.0139726523520546
34.7312424253189,0,0.00360906084633839,0,34.7312424253189,0.00360906084633839,0.00360906084633839,0.00360906084633839,0.017575833019559
54.7209102152747,0,0.0196726221291343,0,54.7209102152747,0.0196726221291343,0.0196726221291343,0.0196726221291343,0.0109274670854921
11.6997668682815,0,-0.0454216119044559,0,11.6997668682815,-0.0454216119044559,-0.0454216119044559,-0.0454216119044559,0.105318046890987
8.22166390729103,0,0.0200227074138689,0,8.22166390729103,0.0200227074138689,0.0200227074138689,0.0200227074138689,0.0889316774406693
11.7030101268542,0,0.0664031592294417,0,11.7030101268542,0.0664031592294417,0.0664031592294417,0.0664031592294417,0.0318702419669784
7.36539602284415,0,-0.0247872150245361,0,7.36539602284415,-0.0247872150245361,-0.0247872150245361,-0.0247872150245361,0.114121672795408
9.34902839864339,0,-0.0319037471830898,0,9.34902839864339,-0.0319037471830898,-0.0319037471830898,-0.0319037471830898,0.0353702402159913
12.5616640281909,0,0.00441577973083164,0,12.5616640281909,0.00441577973083164,0.00441577973083164,0.00441577973083164,0.0138459086615911
5.28892335541574,0,-0.0722438218615433,0,5.28892335541574,-0.0722438218615433,-0.0722438218615433,-0.0722438218615433,0.0393158996396484
10.8363107906744,0,-0.028098390818107,0,10.8363107906744,-0.028098390818107,-0.028098390818107,-0.028098390818107,0.071926050301895
11.7003583105711,0,-0.00186774348468509,0,11.7003583105711,-0.00186774348468509,-0.00186774348468509,-0.00186774348468509,0.00589871207554302
14.1717804897526,0,0.027255899623745,0,14.1717804897526,0.027255899623745,0.027255899623745,0.027255899623745,0.0438772018708798
10.4916049522311,0,0.0132463173032987,0,10.4916049522311,0.0132463173032987,0.0132463173032987,0.0132463173032987,0.0267192917518445
12.491172371433,0,0.00616174807970621,0,12.491172371433,0.00616174807970621,0.00616174807970621,0.00616174807970621,0.0405245193389735
22.4190143092695,0,-0.000161199703742028,0,22.4190143092695,-0.000161199703742028,-0.000161199703742028,-0.000161199703742028,0.0167230245622351
23.3384346785706,0,0.0173424537425691,0,23.3384346785706,0.0173424537425691,0.0173424537425691,0.0173424537425691,0.0189266195413323
21.0471310356801,0,0.0617673658141888,0,21.0471310356801,0.0617673658141888,0.0617673658141888,0.0617673658141888,0.047052745863464
18.868464140174,0,-0.0601138815581494,0,18.868464140174,-0.0601138815581494,-0.0601138815581494,-0.0601138815581494,0.0841243606959225
142.027144302285,0,0.0480428181832702,0,142.027144302285,0.0480428181832702,0.0480428181832702,0.0480428181832702,0.0151652887885014
7.27972576920022,0,0.0159617989219509,0,7.27972576920022,0.0159617989219509,0.0159617989219509,0.0159617989219509,0.0671622808060481
15.7641037476623,0,0.0452974152246685,0,15.7641037476623,0.0452974152246685,0.0452974152246685,0.0452974152246685,0.0222639606786319
14.6925462604222,0,-0.00458452472707301,0,14.6925462604222,-0.00458452472707301,-0.00458452472707301,-0.00458452472707301,0.0444254697733256
7.79044115240101,0,0.0350532910010923,0,7.79044115240101,0.0350532910010923,0.0350532910010923,0.0350532910010923,0.0585754206769742
11.0161041029769,0,-0.0031766917676102,0,11.0161041029769,-0.0031766917676102,-0.0031766917676102,-0.0031766917676102,0.0522005254908412
11.2420027298881,0,-0.0660500012093723,0,11.2420027298881,-0.0660500012093723,-0.0660500012093723,-0.0660500012093723,0.0384705888979592
27.9381463268887,0,-0.0196646199066465,0,27.9381463268887,-0.0196646199066465,-0.0196646199066465,-0.0196646199066465,0.0266030945529787
28.4056044215739,0,-0.0234835133541325,0,28.4056044215739,-0.0234835133541325,-0.0234835133541325,-0.0234835133541325,0.0460235649191708
9.44659083119766,0,-0.0979355343768668,0,9.44659083119766,-0.0979355343768668,-0.0979355343768668,-0.0979355343768668,0.106984919191722
10.6319539160187,0,0.00587821668928426,0,10.6319539160187,0.00587821668928426,0.00587821668928426,0.00587821668928426,0.0434639030773943
31.4129223891295,0,-0.0481702543197104,0,31.4129223891295,-0.0481702543197104,-0.0481702543197104,-0.0481702543197104,0.04354801944707
NA,NA,NA,NA,NA,NA,NA,NA,NA
3.48138260502119,0,-0.0431716232209931,0,3.48138260502119,-0.0431716232209931,-0.0431716232209931,-0.0431716232209931,0.0321818721032191
5.59197431763262,0,-0.0578220526680145,0,5.59197431763262,-0.0578220526680145,-0.0578220526680145,-0.0578220526680145,0.0290843221745671
7.10118523761685,0,-0.0285278978712163,0,7.10118523761685,-0.0285278978712163,-0.0285278978712163,-0.0285278978712163,0.0595492352872805
8.39406695268219,0,0.0167837864563465,0,8.39406695268219,0.0167837864563465,0.0167837864563465,0.0167837864563465,0.0322473662392579
15.3813680380744,0,-0.0235768509494856,0,15.3813680380744,-0.0235768509494856,-0.0235768509494856,-0.0235768509494856,0.0385600790656454
10.9419857642508,0,-0.0876235523401562,0,10.9419857642508,-0.0876235523401562,-0.0876235523401562,-0.0876235523401562,0.0336377588977628
9.567453602661,0,-0.0130573193727359,0,9.567453602661,-0.0130573193727359,-0.0130573193727359,-0.0130573193727359,0.0264340771076804
9.56764954052794,0,-0.00578932875863998,0,9.56764954052794,-0.00578932875863998,-0.00578932875863998,-0.00578932875863998,0.0288617279537588
9.58796747981615,0,0.00725905880614161,0,9.58796747981615,0.00725905880614161,0.00725905880614161,0.00725905880614161,0.0422687684348916
15.1454884083029,0,0.0687427351592194,0,15.1454884083029,0.0687427351592194,0.0687427351592194,0.0687427351592194,0.0334809714396658
9.03381024943225,0,-0.0258591277728825,0,9.03381024943225,-0.0258591277728825,-0.0258591277728825,-0.0258591277728825,0.0210013285642308
7.292171244769,0,0.0214216184583366,0,7.292171244769,0.0214216184583366,0.0214216184583366,0.0214216184583366,0.00787016036700002
10.6567948708008,0,0.0203455428827325,0,10.6567948708008,0.0203455428827325,0.0203455428827325,0.0203455428827325,0.0367174068081082
15.83958844307,0,0.0399832495665445,0,15.83958844307,0.0399832495665445,0.0399832495665445,0.0399832495665445,0.0130470310288665
17.7014293147066,0,0.0234372077444364,0,17.7014293147066,0.0234372077444364,0.0234372077444364,0.0234372077444364,0.0323786122878216
16.016217440795,0,-0.00369944404825601,0,16.016217440795,-0.00369944404825601,-0.00369944404825601,-0.00369944404825601,0.0376637682579198
13.5036026382197,0,0.0260526179813793,0,13.5036026382197,0.0260526179813793,0.0260526179813793,0.0260526179813793,0.0175137052055195
7.84913150076159,0,0.0206892300368871,0,7.84913150076159,0.0206892300368871,0.0206892300368871,0.0206892300368871,0.0125920499284639
11.3110693140974,0,0.00982781565554414,0,11.3110693140974,0.00982781565554414,0.00982781565554414,0.00982781565554414,0.0152975413868066
19.3344521561619,0,-0.0178892890128142,0,19.3344521561619,-0.0178892890128142,-0.0178892890128142,-0.0178892890128142,0.0322365626104049
12.3671082351961,0,0.0210231372322994,0,12.3671082351961,0.0210231372322994,0.0210231372322994,0.0210231372322994,0.0160828742749283
12.3654554745313,0,-0.0686880413546458,0,12.3654554745313,-0.0686880413546458,-0.0686880413546458,-0.0686880413546458,0.0513325050706189
19.2556223171704,0,0.0285945738844167,0,19.2556223171704,0.0285945738844167,0.0285945738844167,0.0285945738844167,0.0139726523520546
34.7312424253189,0,0.00360906084633839,0,34.7312424253189,0.00360906084633839,0.00360906084633839,0.00360906084633839,0.017575833019559
54.7209102152747,0,0.0196726221291343,0,54.7209102152747,0.0196726221291343,0.0196726221291343,0.0196726221291343,0.0109274670854921
11.6997668682815,0,-0.0454216119044559,0,11.6997668682815,-0.0454216119044559,-0.0454216119044559,-0.0454216119044559,0.105318046890987
8.22166390729103,0,0.0200227074138689,0,8.22166390729103,0.0200227074138689,0.0200227074138689,0.0200227074138689,0.0889316774406693
11.7030101268542,0,0.0664031592294417,0,11.7030101268542,0.0664031592294417,0.0664031592294417,0.0664031592294417,0.0318702419669784
7.36539602284415,0,-0.0247872150245361,0,7.36539602284415,-0.0247872150245361,-0.0247872150245361,-0.0247872150245361,0.114121672795408
9.34902839864339,0,-0.0319037471830898,0,9.34902839864339,-0.0319037471830898,-0.0319037471830898,-0.0319037471830898,0.0353702402159913
12.5616640281909,0,0.00441577973083164,0,12.5616640281909,0.00441577973083164,0.00441577973083164,0.00441577973083164,0.0138459086615911
5.28892335541574,0,-0.0722438218615433,0,5.28892335541574,-0.0722438218615433,-0.0722438218615433,-0.0722438218615433,0.0393158996396484
10.8363107906744,0,-0.028098390818107,0,10.8363107906744,-0.028098390818107,-0.028098390818107,-0.028098390818107,0.071926050301895
11.7003583105711,0,-0.00186774348468509,0,11.7003583105711,-0.00186774348468509,-0.00186774348468509,-0.00186774348468509,0.00589871207554302
14.1717804897526,0,0.027255899623745,0,14.1717804897526,0.027255899623745,0.027255899623745,0.027255899623745,0.0438772018708798
10.4916049522311,0,0.0132463173032987,0,10.4916049522311,0.0132463173032987,0.0132463173032987,0.0132463173032987,0.0267192917518445
12.491172371433,0,0.00616174807970621,0,12.491172371433,0.00616174807970621,0.00616174807970621,0.00616174807970621,0.0405245193389735
22.4190143092695,0,-0.000161199703742028,0,22.4190143092695,-0.000161199703742028,-0.000161199703742028,-0.000161199703742028,0.0167230245622351
23.3384346785706,0,0.0173424537425691,0,23.3384346785706,0.0173424537425691,0.0173424537425691,0.0173424537425691,0.0189266195413323
21.0471310356801,0,0.0617673658141888,0,21.0471310356801,0.0617673658141888,0.0617673658141888,0.0617673658141888,0.047052745863464
18.868464140174,0,-0.0601138815581494,0,18.868464140174,-0.0601138815581494,-0.0601138815581494,-0.0601138815581494,0.0841243606959225
142.027144302285,0,0.0480428181832702,0,142.027144302285,0.0480428181832702,0.0480428181832702,0.0480428181832702,0.0151652887885014
7.27972576920022,0,0.0159617989219509,0,7.27972576920022,0.0159617989219509,0.0159617989219509,0.0159617989219509,0.0671622808060481
15.7641037476623,0,0.0452974152246685,0,15.7641037476623,0.0452974152246685,0.0452974152246685,0.0452974152246685,0.0222639606786319
14.6925462604222,0,-0.00458452472707301,0,14.6925462604222,-0.00458452472707301,-0.00458452472707301,-0.00458452472707301,0.0444254697733256
7.79044115240101,0,0.0350532910010923,0,7.79044115240101,0.0350532910010923,0.0350532910010923,0.0350532910010923,0.0585754206769742
11.0161041029769,0,-0.0031766917676102,0,11.0161041029769,-0.0031766917676102,-0.0031766917676102,-0.0031766917676102,0.0522005254908412
11.2420027298881,0,-0.0660500012093723,0,11.2420027298881,-0.0660500012093723,-0.0660500012093723,-0.0660500012093723,0.0384705888979592
27.9381463268887,0,-0.0196646199066465,0,27.9381463268887,-0.0196646199066465,-0.0196646199066465,-0.0196646199066465,0.0266030945529787
28.4056044215739,0,-0.0234835133541325,0,28.4056044215739,-0.0234835133541325,-0.0234835133541325,-0.0234835133541325,0.0460235649191708
9.44659083119766,0,-0.0979355343768668,0,9.44659083119766,-0.0979355343768668,-0.0979355343768668,-0.0979355343768668,0.106984919191722
10.6319539160187,0,0.00587821668928426,0,10.6319539160187,0.00587821668928426,0.00587821668928426,0.00587821668928426,0.0434639030773943
31.4129223891295,0,-0.0481702543197104,0,31.4129223891295,-0.0481702543197104,-0.0481702543197104,-0.0481702543197104,0.04354801944707
NA,NA,NA,NA,NA,NA,NA,NA,NA
3.48138260502119,0,-0.0431716232209931,0,3.48138260502119,-0.0431716232209931,-0.0431716232209931,-0.0431716232209931,0.0321818721032191
5.59197431763262,0,-0.0578220526680145,0,5.59197431763262,-0.0578220526680145,-0.0578220526680145,-0.0578220526680145,0.0290843221745671
7.10118523761685,0,-0.0285278978712163,0,7.10118523761685,-0.0285278978712163,-0.0285278978712163,-0.0285278978712163,0.0595492352872805
8.39406695268219,0,0.0167837864563465,0,8.39406695268219,0.0167837864563465,0.0167837864563465,0.0167837864563465,0.0322473662392579
15.3813680380744,0,-0.0235768509494856,0,15.3813680380744,-0.0235768509494856,-0.0235768509494856,-0.0235768509494856,0.0385600790656454
10.9419857642508,0,-0.0876235523401562,0,10.9419857642508,-0.0876235523401562,-0.0876235523401562,-0.0876235523401562,0.0336377588977628
9.567453602661,0,-0.0130573193727359,0,9.567453602661,-0.0130573193727359,-0.0130573193727359,-0.0130573193727359,0.0264340771076804
9.56764954052794,0,-0.00578932875863998,0,9.56764954052794,-0.00578932875863998,-0.00578932875863998,-0.00578932875863998,0.0288617279537588
9.58796747981615,0,0.00725905880614161,0,9.58796747981615,0.00725905880614161,0.00725905880614161,0.00725905880614161,0.0422687684348916
15.1454884083029,0,0.0687427351592194,0,15.1454884083029,0.0687427351592194,0.0687427351592194,0.0687427351592194,0.0334809714396658
9.03381024943225,0,-0.0258591277728825,0,9.03381024943225,-0.0258591277728825,-0.0258591277728825,-0.0258591277728825,0.0210013285642308
7.292171244769,0,0.0214216184583366,0,7.292171244769,0.0214216184583366,0.0214216184583366,0.0214216184583366,0.00787016036700002
10.6567948708008,0,0.0203455428827325,0,10.6567948708008,0.0203455428827325,0.0203455428827325,0.0203455428827325,0.0367174068081082
15.83958844307,0,0.0399832495665445,0,15.83958844307,0.0399832495665445,0.0399832495665445,0.0399832495665445,0.0130470310288665
17.7014293147066,0,0.0234372077444364,0,17.7014293147066,0.0234372077444364,0.0234372077444364,0.0234372077444364,0.0323786122878216
16.016217440795,0,-0.00369944404825601,0,16.016217440795,-0.00369944404825601,-0.00369944404825601,-0.00369944404825601,0.0376637682579198
13.5036026382197,0,0.0260526179813793,0,13.5036026382197,0.0260526179813793,0.0260526179813793,0.0260526179813793,0.0175137052055195
7.84913150076159,0,0.0206892300368871,0,7.84913150076159,0.0206892300368871,0.0206892300368871,0.0206892300368871,0.0125920499284639
11.3110693140974,0,0.00982781565554414,0,11.3110693140974,0.00982781565554414,0.00982781565554414,0.00982781565554414,0.0152975413868066
19.3344521561619,0,-0.0178892890128142,0,19.3344521561619,-0.0178892890128142,-0.0178892890128142,-0.0178892890128142,0.0322365626104049
12.3671082351961,0,0.0210231372322994,0,12.3671082351961,0.0210231372322994,0.0210231372322994,0.0210231372322994,0.0160828742749283
12.3654554745313,0,-0.0686880413546458,0,12.3654554745313,-0.0686880413546458,-0.0686880413546458,-0.0686880413546458,0.0513325050706189
19.2556223171704,0,0.0285945738844167,0,19.2556223171704,0.0285945738844167,0.0285945738844167,0.0285945738844167,0.0139726523520546
34.7312424253189,0,0.00360906084633839,0,34.7312424253189,0.00360906084633839,0.00360906084633839,0.00360906084633839,0.017575833019559
54.7209102152747,0,0.0196726221291343,0,54.7209102152747,0.0196726221291343,0.0196726221291343,0.0196726221291343,0.0109274670854921
11.6997668682815,0,-0.0454216119044559,0,11.6997668682815,-0.0454216119044559,-0.0454216119044559,-0.0454216119044559,0.105318046890987
8.22166390729103,0,0.0200227074138689,0,8.22166390729103,0.0200227074138689,0.0200227074138689,0.0200227074138689,0.0889316774406693
11.7030101268542,0,0.0664031592294417,0,11.7030101268542,0.0664031592294417,0.0664031592294417,0.0664031592294417,0.0318702419669784
7.36539602284415,0,-0.0247872150245361,0,7.36539602284415,-0.0247872150245361,-0.0247872150245361,-0.0247872150245361,0.114121672795408
9.34902839864339,0,-0.0319037471830898,0,9.34902839864339,-0.0319037471830898,-0.0319037471830898,-0.0319037471830898,0.0353702402159913
12.5616640281909,0,0.00441577973083164,0,12.5616640281909,0.00441577973083164,0.00441577973083164,0.00441577973083164,0.0138459086615911
5.28892335541574,0,-0.0722438218615433,0,5.28892335541574,-0.0722438218615433,-0.0722438218615433,-0.0722438218615433,0.0393158996396484
10.8363107906744,0,-0.028098390818107,0,10.8363107906744,-0.028098390818107,-0.028098390818107,-0.028098390818107,0.071926050301895
11.7003583105711,0,-0.00186774348468509,0,11.7003583105711,-0.00186774348468509,-0.00186774348468509,-0.00186774348468509,0.00589871207554302
14.1717804897526,0,0.027255899623745,0,14.1717804897526,0.027255899623745,0.027255899623745,0.027255899623745,0.0438772018708798
10.4916049522311,0,0.0132463173032987,0,10.4916049522311,0.0132463173032987,0.0132463173032987,0.0132463173032987,0.0267192917518445
12.491172371433,0,0.00616174807970621,0,12.491172371433,0.00616174807970621,0.00616174807970621,0.00616174807970621,0.0405245193389735
22.4190143092695,0,-0.000161199703742028,0,22.4190143092695,-0.000161199703742028,-0.000161199703742028,-0.000161199703742028,0.0167230245622351
23.3384346785706,0,0.0173424537425691,0,23.3384346785706,0.0173424537425691,0.0173424537425691,0.0173424537425691,0.0189266195413323
21.0471310356801,0,0.0617673658141888,0,21.0471310356801,0.0617673658141888,0.0617673658141888,0.0617673658141888,0.047052745863464
18.868464140174,0,-0.0601138815581494,0,18.868464140174,-0.0601138815581494,-0.0601138815581494,-0.0601138815581494,0.0841243606959225
142.027144302285,0,0.0480428181832702,0,142.027144302285,0.0480428181832702,0.0480428181832702,0.0480428181832702,0.0151652887885014
7.27972576920022,0,0.0159617989219509,0,7.27972576920022,0.0159617989219509,0.0159617989219509,0.0159617989219509,0.0671622808060481
15.7641037476623,0,0.0452974152246685,0,15.7641037476623,0.0452974152246685,0.0452974152246685,0.0452974152246685,0.0222639606786319
14.6925462604222,0,-0.00458452472707301,0,14.6925462604222,-0.00458452472707301,-0.00458452472707301,-0.00458452472707301,0.0444254697733256
7.79044115240101,0,0.0350532910010923,0,7.79044115240101,0.0350532910010923,0.0350532910010923,0.0350532910010923,0.0585754206769742
11.0161041029769,0,-0.0031766917676102,0,11.0161041029769,-0.0031766917676102,-0.0031766917676102,-0.0031766917676102,0.0522005254908412
11.2420027298881,0,-0.0660500012093723,0,11.2420027298881,-0.0660500012093723,-0.0660500012093723,-0.0660500012093723,0.0384705888979592
27.9381463268887,0,-0.0196646199066465,0,27.9381463268887,-0.0196646199066465,-0.0196646199066465,-0.0196646199066465,0.0266030945529787
28.4056044215739,0,-0.0234835133541325,0,28.4056044215739,-0.0234835133541325,-0.0234835133541325,-0.0234835133541325,0.0460235649191708
9.44659083119766,0,-0.0979355343768668,0,9.44659083119766,-0.0979355343768668,-0.0979355343768668,-0.0979355343768668,0.106984919191722
10.6319539160187,0,0.00587821668928426,0,10.6319539160187,0.00587821668928426,0.00587821668928426,0.00587821668928426,0.0434639030773943
31.4129223891295,0,-0.0481702543197104,0,31.4129223891295,-0.0481702543197104,-0.0481702543197104,-0.0481702543197104,0.04354801944707
NA,NA,NA,NA,NA,NA,NA,NA,NA
3.48138260502119,0,-0.0431716232209931,0,3.48138260502119,-0.0431716232209931,-0.0431716232209931,-0.0431716232209931,0.0321818721032191
5.59197431763262,0,-0.0578220526680145,0,5.59197431763262,-0.0578220526680145,-0.0578220526680145,-0.0578220526680145,0.0290843221745671
7.10118523761685,0,-0.0285278978712163,0,7.10118523761685,-0.0285278978712163,-0.0285278978712163,-0.0285278978712163,0.0595492352872805
8.39406695268219,0,0.0167837864563465,0,8.39406695268219,0.0167837864563465,0.0167837864563465,0.0167837864563465,0.0322473662392579
15.3813680380744,0,-0.0235768509494856,0,15.3813680380744,-0.0235768509494856,-0.0235768509494856,-0.0235768509494856,0.0385600790656454
10.9419857642508,0,-0.0876235523401562,0,10.9419857642508,-0.0876235523401562,-0.0876235523401562,-0.0876235523401562,0.0336377588977628
9.567453602661,0,-0.0130573193727359,0,9.567453602661,-0.0130573193727359,-0.0130573193727359,-0.0130573193727359,0.0264340771076804
9.56764954052794,0,-0.00578932875863998,0,9.56764954052794,-0.00578932875863998,-0.00578932875863998,-0.00578932875863998,0.0288617279537588
9.58796747981615,0,0.00725905880614161,0,9.58796747981615,0.00725905880614161,0.00725905880614161,0.00725905880614161,0.0422687684348916
15.1454884083029,0,0.0687427351592194,0,15.1454884083029,0.0687427351592194,0.0687427351592194,0.0687427351592194,0.0334809714396658
9.03381024943225,0,-0.0258591277728825,0,9.03381024943225,-0.0258591277728825,-0.0258591277728825,-0.0258591277728825,0.0210013285642308
7.292171244769,0,0.0214216184583366,0,7.292171244769,0.0214216184583366,0.0214216184583366,0.0214216184583366,0.00787016036700002
10.6567948708008,0,0.0203455428827325,0,10.6567948708008,0.0203455428827325,0.0203455428827325,0.0203455428827325,0.0367174068081082
15.83958844307,0,0.0399832495665445,0,15.83958844307,0.0399832495665445,0.0399832495665445,0.0399832495665445,0.0130470310288665
17.7014293147066,0,0.0234372077444364,0,17.7014293147066,0.0234372077444364,0.0234372077444364,0.0234372077444364,0.0323786122878216
16.016217440795,0,-0.00369944404825601,0,16.016217440795,-0.00369944404825601,-0.00369944404825601,-0.00369944404825601,0.0376637682579198
13.5036026382197,0,0.0260526179813793,0,13.5036026382197,0.0260526179813793,0.0260526179813793,0.0260526179813793,0.0175137052055195
7.84913150076159,0,0.0206892300368871,0,7.84913150076159,0.0206892300368871,0.0206892300368871,0.0206892300368871,0.0125920499284639
11.3110693140974,0,0.00982781565554414,0,11.3110693140974,0.00982781565554414,0.00982781565554414,0.00982781565554414,0.0152975413868066
19.3344521561619,0,-0.0178892890128142,0,19.3344521561619,-0.0178892890128142,-0.0178892890128142,-0.0178892890128142,0.0322365626104049
12.3671082351961,0,0.0210231372322994,0,12.3671082351961,0.0210231372322994,0.0210231372322994,0.0210231372322994,0.0160828742749283
12.3654554745313,0,-0.0686880413546458,0,12.3654554745313,-0.0686880413546458,-0.0686880413546458,-0.0686880413546458,0.0513325050706189
19.2556223171704,0,0.0285945738844167,0,19.2556223171704,0.0285945738844167,0.0285945738844167,0.0285945738844167,0.0139726523520546
34.7312424253189,0,0.00360906084633839,0,34.7312424253189,0.00360906084633839,0.00360906084633839,0.00360906084633839,0.017575833019559
54.7209102152747,0,0.0196726221291343,0,54.7209102152747,0.0196726221291343,0.0196726221291343,0.0196726221291343,0.0109274670854921
11.6997668682815,0,-0.0454216119044559,0,11.6997668682815,-0.0454216119044559,-0.0454216119044559,-0.0454216119044559,0.105318046890987
8.22166390729103,0,0.0200227074138689,0,8.22166390729103,0.0200227074138689,0.0200227074138689,0.0200227074138689,0.0889316774406693
11.7030101268542,0,0.0664031592294417,0,11.7030101268542,0.0664031592294417,0.0664031592294417,0.0664031592294417,0.0318702419669784
7.36539602284415,0,-0.0247872150245361,0,7.36539602284415,-0.0247872150245361,-0.0247872150245361,-0.0247872150245361,0.114121672795408
9.34902839864339,0,-0.0319037471830898,0,9.34902839864339,-0.0319037471830898,-0.0319037471830898,-0.0319037471830898,0.0353702402159913
12.5616640281909,0,0.00441577973083164,0,12.5616640281909,0.00441577973083164,0.00441577973083164,0.00441577973083164,0.0138459086615911
5.28892335541574,0,-0.0722438218615433,0,5.28892335541574,-0.0722438218615433,-0.0722438218615433,-0.0722438218615433,0.0393158996396484
10.8363107906744,0,-0.028098390818107,0,10.8363107906744,-0.028098390818107,-0.028098390818107,-0.028098390818107,0.071926050301895
11.7003583105711,0,-0.00186774348468509,0,11.7003583105711,-0.00186774348468509,-0.00186774348468509,-0.00186774348468509,0.00589871207554302
14.1717804897526,0,0.027255899623745,0,14.1717804897526,0.027255899623745,0.027255899623745,0.027255899623745,0.0438772018708798
10.4916049522311,0,0.0132463173032987,0,10.4916049522311,0.0132463173032987,0.0132463173032987,0.0132463173032987,0.0267192917518445
12.491172371433,0,0.00616174807970621,0,12.491172371433,0.00616174807970621,0.00616174807970621,0.00616174807970621,0.0405245193389735
22.4190143092695,0,-0.000161199703742028,0,22.4190143092695,-0.000161199703742028,-0.000161199703742028,-0.000161199703742028,0.0167230245622351
23.3384346785706,0,0.0173424537425691,0,23.3384346785706,0.0173424537425691,0.0173424537425691,0.0173424537425691,0.0189266195413323
21.0471310356801,0,0.0617673658141888,0,21.0471310356801,0.0617673658141888,0.0617673658141888,0.0617673658141888,0.047052745863464
18.868464140174,0,-0.0601138815581494,0,18.868464140174,-0.0601138815581494,-0.0601138815581494,-0.0601138815581494,0.0841243606959225
142.027144302285,0,0.0480428181832702,0,142.027144302285,0.0480428181832702,0.0480428181832702,0.0480428181832702,0.0151652887885014
7.27972576920022,0,0.0159617989219509,0,7.27972576920022,0.0159617989219509,0.0159617989219509,0.0159617989219509,0.0671622808060481
15.7641037476623,0,0.0452974152246685,0,15.7641037476623,0.0452974152246685,0.0452974152246685,0.0452974152246685,0.0222639606786319
14.6925462604222,0,-0.00458452472707301,0,14.6925462604222,-0.00458452472707301,-0.00458452472707301,-0.00458452472707301,0.0444254697733256
7.79044115240101,0,0.0350532910010923,0,7.79044115240101,0.0350532910010923,0.0350532910010923,0.0350532910010923,0.0585754206769742
11.0161041029769,0,-0.0031766917676102,0,11.0161041029769,-0.0031766917676102,-0.0031766917676102,-0.0031766917676102,0.0522005254908412
11.2420027298881,0,-0.0660500012093723,0,11.2420027298881,-0.0660500012093723,-0.0660500012093723,-0.0660500012093723,0.0384705888979592
27.9381463268887,0,-0.0196646199066465,0,27.9381463268887,-0.0196646199066465,-0.0196646199066465,-0.0196646199066465,0.0266030945529787
28.4056044215739,0,-0.0234835133541325,0,28.4056044215739,-0.0234835133541325,-0.0234835133541325,-0.0234835133541325,0.0460235649191708
9.44659083119766,0,-0.0979355343768668,0,9.44659083119766,-0.0979355343768668,-0.0979355343768668,-0.0979355343768668,0.106984919191722
10.6319539160187,0,0.00587821668928426,0,10.6319539160187,0.00587821668928426,0.00587821668928426,0.00587821668928426,0.0434639030773943
31.4129223891295,0,-0.0481702543197104,0,31.4129223891295,-0.0481702543197104,-0.0481702543197104,-0.0481702543197104,0.04354801944707
NA,NA,NA,NA,NA,NA,NA,NA,NA
3.48138260502119,0,-0.0431716232209931,0,3.48138260502119,-0.0431716232209931,-0.0431716232209931,-0.0431716232209931,0.0321818721032191
5.59197431763262,0,-0.0578220526680145,0,5.59197431763262,-0.0578220526680145,-0.0578220526680145,-0.0578220526680145,0.0290843221745671
7.10118523761685,0,-0.0285278978712163,0,7.10118523761685,-0.0285278978712163,-0.0285278978712163,-0.0285278978712163,0.0595492352872805
8.39406695268219,0,0.0167837864563465,0,8.39406695268219,0.0167837864563465,0.0167837864563465,0.0167837864563465,0.0322473662392579
15.3813680380744,0,-0.0235768509494856,0,15.3813680380744,-0.0235768509494856,-0.0235768509494856,-0.0235768509494856,0.0385600790656454
10.9419857642508,0,-0.0876235523401562,0,10.9419857642508,-0.0876235523401562,-0.0876235523401562,-0.0876235523401562,0.0336377588977628
9.567453602661,0,-0.0130573193727359,0,9.567453602661,-0.0130573193727359,-0.0130573193727359,-0.0130573193727359,0.0264340771076804
9.56764954052794,0,-0.00578932875863998,0,9.56764954052794,-0.00578932875863998,-0.00578932875863998,-0.00578932875863998,0.0288617279537588
9.58796747981615,0,0.00725905880614161,0,9.58796747981615,0.00725905880614161,0.00725905880614161,0.00725905880614161,0.0422687684348916
10.3415882006709,0,-0.0979591311963027,0,10.3415882006709,-0.0979591311963027,-0.0979591311963027,-0.0979591311963027,0.0379022425227411
9.03381024943225,0,-0.0258591277728825,0,9.03381024943225,-0.0258591277728825,-0.0258591277728825,-0.0258591277728825,0.0210013285642308
7.292171244769,0,0.0214216184583366,0,7.292171244769,0.0214216184583366,0.0214216184583366,0.0214216184583366,0.00787016036700002
10.6567948708008,0,0.0203455428827325,0,10.6567948708008,0.0203455428827325,0.0203455428827325,0.0203455428827325,0.0367174068081082
15.83958844307,0,0.0399832495665445,0,15.83958844307,0.0399832495665445,0.0399832495665445,0.0399832495665445,0.0130470310288665
17.7014293147066,0,0.0234372077444364,0,17.7014293147066,0.0234372077444364,0.0234372077444364,0.0234372077444364,0.0323786122878216
16.016217440795,0,-0.00369944404825601,0,16.016217440795,-0.00369944404825601,-0.00369944404825601,-0.00369944404825601,0.0376637682579198
13.5036026382197,0,0.0260526179813793,0,13.5036026382197,0.0260526179813793,0.0260526179813793,0.0260526179813793,0.0175137052055195
7.84913150076159,0,0.0206892300368871,0,7.84913150076159,0.0206892300368871,0.0206892300368871,0.0206892300368871,0.0125920499284639
11.3110693140974,0,0.00982781565554414,0,11.3110693140974,0.00982781565554414,0.00982781565554414,0.00982781565554414,0.0152975413868066
19.3344521561619,0,-0.0178892890128142,0,19.3344521561619,-0.0178892890128142,-0.0178892890128142,-0.0178892890128142,0.0322365626104049
12.3671082351961,0,0.0210231372322994,0,12.3671082351961,0.0210231372322994,0.0210231372322994,0.0210231372322994,0.0160828742749283
12.3654554745313,0,-0.0686880413546458,0,12.3654554745313,-0.0686880413546458,-0.0686880413546458,-0.0686880413546458,0.0513325050706189
19.2556223171704,0,0.0285945738844167,0,19.2556223171704,0.0285945738844167,0.0285945738844167,0.0285945738844167,0.0139726523520546
34.7312424253189,0,0.00360906084633839,0,34.7312424253189,0.00360906084633839,0.00360906084633839,0.00360906084633839,0.017575833019559
54.7209102152747,0,0.0196726221291343,0,54.7209102152747,0.0196726221291343,0.0196726221291343,0.0196726221291343,0.0109274670854921
11.6997668682815,0,-0.0454216119044559,0,11.6997668682815,-0.0454216119044559,-0.0454216119044559,-0.0454216119044559,0.105318046890987
8.22166390729103,0,0.0200227074138689,0,8.22166390729103,0.0200227074138689,0.0200227074138689,0.0200227074138689,0.0889316774406693
11.7030101268542,0,0.0664031592294417,0,11.7030101268542,0.0664031592294417,0.0664031592294417,0.0664031592294417,0.0318702419669784
7.36539602284415,0,-0.0247872150245361,0,7.36539602284415,-0.0247872150245361,-0.0247872150245361,-0.0247872150245361,0.114121672795408
9.34902839864339,0,-0.0319037471830898,0,9.34902839864339,-0.0319037471830898,-0.0319037471830898,-0.0319037471830898,0.0353702402159913
12.5616640281909,0,0.00441577973083164,0,12.5616640281909,0.00441577973083164,0.00441577973083164,0.00441577973083164,0.0138459086615911
5.28892335541574,0,-0.0722438218615433,0,5.28892335541574,-0.0722438218615433,-0.0722438218615433,-0.0722438218615433,0.0393158996396484
10.8363107906744,0,-0.028098390818107,0,10.8363107906744,-0.028098390818107,-0.028098390818107,-0.028098390818107,0.071926050301895
11.7003583105711,0,-0.00186774348468509,0,11.7003583105711,-0.00186774348468509,-0.00186774348468509,-0.00186774348468509,0.00589871207554302
14.1717804897526,0,0.027255899623745,0,14.1717804897526,0.027255899623745,0.027255899623745,0.027255899623745,0.0438772018708798
10.4916049522311,0,0.0132463173032987,0,10.4916049522311,0.0132463173032987,0.0132463173032987,0.0132463173032987,0.0267192917518445
12.491172371433,0,0.00616174807970621,0,12.491172371433,0.00616174807970621,0.00616174807970621,0.00616174807970621,0.0405245193389735
22.4190143092695,0,-0.000161199703742028,0,22.4190143092695,-0.000161199703742028,-0.000161199703742028,-0.000161199703742028,0.0167230245622351
23.3384346785706,0,0.0173424537425691,0,23.3384346785706,0.0173424537425691,0.0173424537425691,0.0173424537425691,0.0189266195413323
21.0471310356801,0,0.0617673658141888,0,21.0471310356801,0.0617673658141888,0.0617673658141888,0.0617673658141888,0.047052745863464
18.868464140174,0,-0.0601138815581494,0,18.868464140174,-0.0601138815581494,-0.0601138815581494,-0.0601138815581494,0.0841243606959225
142.027144302285,0,0.0480428181832702,0,142.027144302285,0.0480428181832702,0.0480428181832702,0.0480428181832702,0.0151652887885014
7.27972576920022,0,0.0159617989219509,0,7.27972576920022,0.0159617989219509,0.0159617989219509,0.0159617989219509,0.0671622808060481
15.7641037476623,0,0.0452974152246685,0,15.7641037476623,0.0452974152246685,0.0452974152246685,0.0452974152246685,0.0222639606786319
14.6925462604222,0,-0.00458452472707301,0,14.6925462604222,-0.00458452472707301,-0.00458452472707301,-0.00458452472707301,0.0444254697733256
7.79044115240101,0,0.0350532910010923,0,7.79044115240101,0.0350532910010923,0.0350532910010923,0.0350532910010923,0.0585754206769742
11.0161041029769,0,-0.0031766917676102,0,11.0161041029769,-0.0031766917676102,-0.0031766917676102,-0.0031766917676102,0.0522005254908412
11.2420027298881,0,-0.0660500012093723,0,11.2420027298881,-0.0660500012093723,-0.0660500012093723,-0.0660500012093723,0.0384705888979592
27.9381463268887,0,-0.0196646199066465,0,27.9381463268887,-0.0196646199066465,-0.0196646199066465,-0.0196646199066465,0.0266030945529787
28.4056044215739,0,-0.0234835133541325,0,28.4056044215739,-0.0234835133541325,-0.0234835133541325,-0.0234835133541325,0.0460235649191708
9.44659083119766,0,-0.0979355343768668,0,9.44659083119766,-0.0979355343768668,-0.0979355343768668,-0.0979355343768668,0.106984919191722
10.6319539160187,0,0.00587821668928426,0,10.6319539160187,0.00587821668928426,0.00587821668928426,0.00587821668928426,0.0434639030773943
31.4129223891295,0,-0.0481702543197104,0,31.4129223891295,-0.0481702543197104,-0.0481702543197104,-0.0481702543197104,0.04354801944707
NA,NA,NA,NA,NA,NA,NA,NA,NA
3.48138260502119,0,-0.0431716232209931,0,3.48138260502119,-0.0431716232209931,-0.0431716232209931,-0.0431716232209931,0.0321818721032191
5.59197431763262,0,-0.0578220526680145,0,5.59197431763262,-0.0578220526680145,-0.0578220526680145,-0.0578220526680145,0.0290843221745671
7.10118523761685,0,-0.0285278978712163,0,7.10118523761685,-0.0285278978712163,-0.0285278978712163,-0.0285278978712163,0.0595492352872805
8.39406695268219,0,0.0167837864563465,0,8.39406695268219,0.0167837864563465,0.0167837864563465,0.0167837864563465,0.0322473662392579
15.3813680380744,0,-0.0235768509494856,0,15.3813680380744,-0.0235768509494856,-0.0235768509494856,-0.0235768509494856,0.0385600790656454
10.9419857642508,0,-0.0876235523401562,0,10.9419857642508,-0.0876235523401562,-0.0876235523401562,-0.0876235523401562,0.0336377588977628
9.567453602661,0,-0.0130573193727359,0,9.567453602661,-0.0130573193727359,-0.0130573193727359,-0.0130573193727359,0.0264340771076804
9.56764954052794,0,-0.00578932875863998,0,9.56764954052794,-0.00578932875863998,-0.00578932875863998,-0.00578932875863998,0.0288617279537588
9.58796747981615,0,0.00725905880614161,0,9.58796747981615,0.00725905880614161,0.00725905880614161,0.00725905880614161,0.0422687684348916
10.3415882006709,0,-0.0979591311963027,0,10.3415882006709,-0.0979591311963027,-0.0979591311963027,-0.0979591311963027,0.0379022425227411
9.03381024943225,0,-0.0258591277728825,0,9.03381024943225,-0.0258591277728825,-0.0258591277728825,-0.0258591277728825,0.0210013285642308
7.292171244769,0,0.0214216184583366,0,7.292171244769,0.0214216184583366,0.0214216184583366,0.0214216184583366,0.00787016036700002
10.6567948708008,0,0.0203455428827325,0,10.6567948708008,0.0203455428827325,0.0203455428827325,0.0203455428827325,0.0367174068081082
15.83958844307,0,0.0399832495665445,0,15.83958844307,0.0399832495665445,0.0399832495665445,0.0399832495665445,0.0130470310288665
17.7014293147066,0,0.0234372077444364,0,17.7014293147066,0.0234372077444364,0.0234372077444364,0.0234372077444364,0.0323786122878216
16.016217440795,0,-0.00369944404825601,0,16.016217440795,-0.00369944404825601,-0.00369944404825601,-0.00369944404825601,0.0376637682579198
13.5036026382197,0,0.0260526179813793,0,13.5036026382197,0.0260526179813793,0.0260526179813793,0.0260526179813793,0.0175137052055195
7.84913150076159,0,0.0206892300368871,0,7.84913150076159,0.0206892300368871,0.0206892300368871,0.0206892300368871,0.0125920499284639
11.3110693140974,0,0.00982781565554414,0,11.3110693140974,0.00982781565554414,0.00982781565554414,0.00982781565554414,0.0152975413868066
19.3344521561619,0,-0.0178892890128142,0,19.3344521561619,-0.0178892890128142,-0.0178892890128142,-0.0178892890128142,0.0322365626104049
12.3671082351961,0,0.0210231372322994,0,12.3671082351961,0.0210231372322994,0.0210231372322994,0.0210231372322994,0.0160828742749283
12.3654554745313,0,-0.0686880413546458,0,12.3654554745313,-0.0686880413546458,-0.0686880413546458,-0.0686880413546458,0.0513325050706189
19.2556223171704,0,0.0285945738844167,0,19.2556223171704,0.0285945738844167,0.0285945738844167,0.0285945738844167,0.0139726523520546
34.7312424253189,0,0.00360906084633839,0,34.7312424253189,0.00360906084633839,0.00360906084633839,0.00360906084633839,0.017575833019559
54.7209102152747,0,0.0196726221291343,0,54.7209102152747,0.0196726221291343,0.0196726221291343,0.0196726221291343,0.0109274670854921
11.6997668682815,0,-0.0454216119044559,0,11.6997668682815,-0.0454216119044559,-0.0454216119044559,-0.0454216119044559,0.105318046890987
8.22166390729103,0,0.0200227074138689,0,8.22166390729103,0.0200227074138689,0.0200227074138689,0.0200227074138689,0.0889316774406693
11.7030101268542,0,0.0664031592294417,0,11.7030101268542,0.0664031592294417,0.0664031592294417,0.0664031592294417,0.0318702419669784
7.36539602284415,0,-0.0247872150245361,0,7.36539602284415,-0.0247872150245361,-0.0247872150245361,-0.0247872150245361,0.114121672795408
9.34902839864339,0,-0.0319037471830898,0,9.34902839864339,-0.0319037471830898,-0.0319037471830898,-0.0319037471830898,0.0353702402159913
12.5616640281909,0,0.00441577973083164,0,12.5616640281909,0.00441577973083164,0.00441577973083164,0.00441577973083164,0.0138459086615911
5.28892335541574,0,-0.0722438218615433,0,5.28892335541574,-0.0722438218615433,-0.0722438218615433,-0.0722438218615433,0.0393158996396484
10.8363107906744,0,-0.028098390818107,0,10.8363107906744,-0.028098390818107,-0.028098390818107,-0.028098390818107,0.071926050301895
11.7003583105711,0,-0.00186774348468509,0,11.7003583105711,-0.00186774348468509,-0.00186774348468509,-0.00186774348468509,0.00589871207554302
14.1717804897526,0,0.027255899623745,0,14.1717804897526,0.027255899623745,0.027255899623745,0.027255899623745,0.0438772018708798
10.4916049522311,0,0.0132463173032987,0,10.4916049522311,0.0132463173032987,0.0132463173032987,0.0132463173032987,0.0267192917518445
12.491172371433,0,0.00616174807970621,0,12.491172371433,0.00616174807970621,0.00616174807970621,0.00616174807970621,0.0405245193389735
22.4190143092695,0,-0.000161199703742028,0,22.4190143092695,-0.000161199703742028,-0.000161199703742028,-0.000161199703742028,0.0167230245622351
23.3384346785706,0,0.0173424537425691,0,23.3384346785706,0.0173424537425691,0.0173424537425691,0.0173424537425691,0.0189266195413323
21.0471310356801,0,0.0617673658141888,0,21.0471310356801,0.0617673658141888,0.0617673658141888,0.0617673658141888,0.047052745863464
18.868464140174,0,-0.0601138815581494,0,18.868464140174,-0.0601138815581494,-0.0601138815581494,-0.0601138815581494,0.0841243606959225
142.027144302285,0,0.0480428181832702,0,142.027144302285,0.0480428181832702,0.0480428181832702,0.0480428181832702,0.0151652887885014
7.27972576920022,0,0.0159617989219509,0,7.27972576920022,0.0159617989219509,0.0159617989219509,0.0159617989219509,0.0671622808060481
15.7641037476623,0,0.0452974152246685,0,15.7641037476623,0.0452974152246685,0.0452974152246685,0.0452974152246685,0.0222639606786319
14.6925462604222,0,-0.00458452472707301,0,14.6925462604222,-0.00458452472707301,-0.00458452472707301,-0.00458452472707301,0.0444254697733256
7.79044115240101,0,0.0350532910010923,0,7.79044115240101,0.0350532910010923,0.0350532910010923,0.0350532910010923,0.0585754206769742
11.0161041029769,0,-0.0031766917676102,0,11.0161041029769,-0.0031766917676102,-0.0031766917676102,-0.0031766917676102,0.0522005254908412
11.2420027298881,0,-0.0660500012093723,0,11.2420027298881,-0.0660500012093723,-0.0660500012093723,-0.0660500012093723,0.0384705888979592
27.9381463268887,0,-0.0196646199066465,0,27.9381463268887,-0.0196646199066465,-0.0196646199066465,-0.0196646199066465,0.0266030945529787
28.4056044215739,0,-0.0234835133541325,0,28.4056044215739,-0.0234835133541325,-0.0234835133541325,-0.0234835133541325,0.0460235649191708
9.44659083119766,0,-0.0979355343768668,0,9.44659083119766,-0.0979355343768668,-0.0979355343768668,-0.0979355343768668,0.106984919191722
10.6319539160187,0,0.00587821668928426,0,10.6319539160187,0.00587821668928426,0.00587821668928426,0.00587821668928426,0.0434639030773943
31.4129223891295,0,-0.0481702543197104,0,31.4129223891295,-0.0481702543197104,-0.0481702543197104,-0.0481702543197104,0.04354801944707
NA,NA,NA,NA,NA,NA,NA,NA,NA
3.48138260502119,0,-0.0431716232209931,0,3.48138260502119,-0.0431716232209931,-0.0431716232209931,-0.0431716232209931,0.0321818721032191
5.59197431763262,0,-0.0578220526680145,0,5.59197431763262,-0.0578220526680145,-0.0578220526680145,-0.0578220526680145,0.0290843221745671
7.10118523761685,0,-0.0285278978712163,0,7.10118523761685,-0.0285278978712163,-0.0285278978712163,-0.0285278978712163,0.0595492352872805
8.39406695268219,0,0.0167837864563465,0,8.39406695268219,0.0167837864563465,0.0167837864563465,0.0167837864563465,0.0322473662392579
15.3813680380744,0,-0.0235768509494856,0,15.3813680380744,-0.0235768509494856,-0.0235768509494856,-0.0235768509494856,0.0385600790656454
10.9419857642508,0,-0.0876235523401562,0,10.9419857642508,-0.0876235523401562,-0.0876235523401562,-0.0876235523401562,0.0336377588977628
9.567453602661,0,-0.0130573193727359,0,9.567453602661,-0.0130573193727359,-0.0130573193727359,-0.0130573193727359,0.0264340771076804
9.56764954052794,0,-0.00578932875863998,0,9.56764954052794,-0.00578932875863998,-0.00578932875863998,-0.00578932875863998,0.0288617279537588
9.58796747981615,0,0.00725905880614161,0,9.58796747981615,0.00725905880614161,0.00725905880614161,0.00725905880614161,0.0422687684348916
10.3415882006709,0,-0.0979591311963027,0,10.3415882006709,-0.0979591311963027,-0.0979591311963027,-0.0979591311963027,0.0379022425227411
9.03381024943225,0,-0.0258591277728825,0,9.03381024943225,-0.0258591277728825,-0.0258591277728825,-0.0258591277728825,0.0210013285642308
7.292171244769,0,0.0214216184583366,0,7.292171244769,0.0214216184583366,0.0214216184583366,0.0214216184583366,0.00787016036700002
10.6567948708008,0,0.0203455428827325,0,10.6567948708008,0.0203455428827325,0.0203455428827325,0.0203455428827325,0.0367174068081082
15.83958844307,0,0.0399832495665445,0,15.83958844307,0.0399832495665445,0.0399832495665445,0.0399832495665445,0.0130470310288665
17.7014293147066,0,0.0234372077444364,0,17.7014293147066,0.0234372077444364,0.0234372077444364,0.0234372077444364,0.0323786122878216
16.016217440795,0,-0.00369944404825601,0,16.016217440795,-0.00369944404825601,-0.00369944404825601,-0.00369944404825601,0.0376637682579198
13.5036026382197,0,0.0260526179813793,0,13.5036026382197,0.0260526179813793,0.0260526179813793,0.0260526179813793,0.0175137052055195
7.84913150076159,0,0.0206892300368871,0,7.84913150076159,0.0206892300368871,0.0206892300368871,0.0206892300368871,0.0125920499284639
11.3110693140974,0,0.00982781565554414,0,11.3110693140974,0.00982781565554414,0.00982781565554414,0.00982781565554414,0.0152975413868066
19.3344521561619,0,-0.0178892890128142,0,19.3344521561619,-0.0178892890128142,-0.0178892890128142,-0.0178892890128142,0.0322365626104049
12.3671082351961,0,0.0210231372322994,0,12.3671082351961,0.0210231372322994,0.0210231372322994,0.0210231372322994,0.0160828742749283
12.3654554745313,0,-0.0686880413546458,0,12.3654554745313,-0.0686880413546458,-0.0686880413546458,-0.0686880413546458,0.0513325050706189
19.2556223171704,0,0.0285945738844167,0,19.2556223171704,0.0285945738844167,0.0285945738844167,0.0285945738844167,0.0139726523520546
34.7312424253189,0,0.00360906084633839,0,34.7312424253189,0.00360906084633839,0.00360906084633839,0.00360906084633839,0.017575833019559
54.7209102152747,0,0.0196726221291343,0,54.7209102152747,0.0196726221291343,0.0196726221291343,0.0196726221291343,0.0109274670854921
11.6997668682815,0,-0.0454216119044559,0,11.6997668682815,-0.0454216119044559,-0.0454216119044559,-0.0454216119044559,0.105318046890987
8.22166390729103,0,0.0200227074138689,0,8.22166390729103,0.0200227074138689,0.0200227074138689,0.0200227074138689,0.0889316774406693
11.7030101268542,0,0.0664031592294417,0,11.7030101268542,0.0664031592294417,0.0664031592294417,0.0664031592294417,0.0318702419669784
7.36539602284415,0,-0.0247872150245361,0,7.36539602284415,-0.0247872150245361,-0.0247872150245361,-0.0247872150245361,0.114121672795408
9.34902839864339,0,-0.0319037471830898,0,9.34902839864339,-0.0319037471830898,-0.0319037471830898,-0.0319037471830898,0.0353702402159913
12.5616640281909,0,0.00441577973083164,0,12.5616640281909,0.00441577973083164,0.00441577973083164,0.00441577973083164,0.0138459086615911
5.28892335541574,0,-0.0722438218615433,0,5.28892335541574,-0.0722438218615433,-0.0722438218615433,-0.0722438218615433,0.0393158996396484
10.8363107906744,0,-0.028098390818107,0,10.8363107906744,-0.028098390818107,-0.028098390818107,-0.028098390818107,0.071926050301895
11.7003583105711,0,-0.00186774348468509,0,11.7003583105711,-0.00186774348468509,-0.00186774348468509,-0.00186774348468509,0.00589871207554302
14.1717804897526,0,0.027255899623745,0,14.1717804897526,0.027255899623745,0.027255899623745,0.027255899623745,0.0438772018708798
10.4916049522311,0,0.0132463173032987,0,10.4916049522311,0.0132463173032987,0.0132463173032987,0.0132463173032987,0.0267192917518445
12.491172371433,0,0.00616174807970621,0,12.491172371433,0.00616174807970621,0.00616174807970621,0.00616174807970621,0.0405245193389735
22.4190143092695,0,-0.000161199703742028,0,22.4190143092695,-0.000161199703742028,-0.000161199703742028,-0.000161199703742028,0.0167230245622351
23.3384346785706,0,0.0173424537425691,0,23.3384346785706,0.0173424537425691,0.0173424537425691,0.0173424537425691,0.0189266195413323
21.0471310356801,0,0.0617673658141888,0,21.0471310356801,0.0617673658141888,0.0617673658141888,0.0617673658141888,0.047052745863464
18.868464140174,0,-0.0601138815581494,0,18.868464140174,-0.0601138815581494,-0.0601138815581494,-0.0601138815581494,0.0841243606959225
142.027144302285,0,0.0480428181832702,0,142.027144302285,0.0480428181832702,0.0480428181832702,0.0480428181832702,0.0151652887885014
7.27972576920022,0,0.0159617989219509,0,7.27972576920022,0.0159617989219509,0.0159617989219509,0.0159617989219509,0.0671622808060481
15.7641037476623,0,0.0452974152246685,0,15.7641037476623,0.0452974152246685,0.0452974152246685,0.0452974152246685,0.0222639606786319
14.6925462604222,0,-0.00458452472707301,0,14.6925462604222,-0.00458452472707301,-0.00458452472707301,-0.00458452472707301,0.0444254697733256
7.79044115240101,0,0.0350532910010923,0,7.79044115240101,0.0350532910010923,0.0350532910010923,0.0350532910010923,0.0585754206769742
11.0161041029769,0,-0.0031766917676102,0,11.0161041029769,-0.0031766917676102,-0.0031766917676102,-0.0031766917676102,0.0522005254908412
11.2420027298881,0,-0.0660500012093723,0,11.2420027298881,-0.0660500012093723,-0.0660500012093723,-0.0660500012093723,0.0384705888979592
27.9381463268887,0,-0.0196646199066465,0,27.9381463268887,-0.0196646199066465,-0.0196646199066465,-0.0196646199066465,0.0266030945529787
28.4056044215739,0,-0.0234835133541325,0,28.4056044215739,-0.0234835133541325,-0.0234835133541325,-0.0234835133541325,0.0460235649191708
9.44659083119766,0,-0.0979355343768668,0,9.44659083119766,-0.0979355343768668,-0.0979355343768668,-0.0979355343768668,0.106984919191722
10.6319539160187,0,0.00587821668928426,0,10.6319539160187,0.00587821668928426,0.00587821668928426,0.00587821668928426,0.0434639030773943
31.4129223891295,0,-0.0481702543197104,0,31.4129223891295,-0.0481702543197104,-0.0481702543197104,-0.0481702543197104,0.04354801944707
NA,NA,NA,NA,NA,NA,NA,NA,NA
3.48138260502119,0,-0.0431716232209931,0,3.48138260502119,-0.0431716232209931,-0.0431716232209931,-0.0431716232209931,0.0321818721032191
5.59197431763262,0,-0.0578220526680145,0,5.59197431763262,-0.0578220526680145,-0.0578220526680145,-0.0578220526680145,0.0290843221745671
7.10118523761685,0,-0.0285278978712163,0,7.10118523761685,-0.0285278978712163,-0.0285278978712163,-0.0285278978712163,0.0595492352872805
8.39406695268219,0,0.0167837864563465,0,8.39406695268219,0.0167837864563465,0.0167837864563465,0.0167837864563465,0.0322473662392579
15.3813680380744,0,-0.0235768509494856,0,15.3813680380744,-0.0235768509494856,-0.0235768509494856,-0.0235768509494856,0.0385600790656454
10.9419857642508,0,-0.0876235523401562,0,10.9419857642508,-0.0876235523401562,-0.0876235523401562,-0.0876235523401562,0.0336377588977628
9.567453602661,0,-0.0130573193727359,0,9.567453602661,-0.0130573193727359,-0.0130573193727359,-0.0130573193727359,0.0264340771076804
9.56764954052794,0,-0.00578932875863998,0,9.56764954052794,-0.00578932875863998,-0.00578932875863998,-0.00578932875863998,0.0288617279537588
9.58796747981615,0,0.00725905880614161,0,9.58796747981615,0.00725905880614161,0.00725905880614161,0.00725905880614161,0.0422687684348916
10.3415882006709,0,-0.0979591311963027,0,10.3415882006709,-0.0979591311963027,-0.0979591311963027,-0.0979591311963027,0.0379022425227411
9.03381024943225,0,-0.0258591277728825,0,9.03381024943225,-0.0258591277728825,-0.0258591277728825,-0.0258591277728825,0.0210013285642308
7.292171244769,0,0.0214216184583366,0,7.292171244769,0.0214216184583366,0.0214216184583366,0.0214216184583366,0.00787016036700002
10.6567948708008,0,0.0203455428827325,0,10.6567948708008,0.0203455428827325,0.0203455428827325,0.0203455428827325,0.0367174068081082
15.83958844307,0,0.0399832495665445,0,15.83958844307,0.0399832495665445,0.0399832495665445,0.0399832495665445,0.0130470310288665
17.7014293147066,0,0.0234372077444364,0,17.7014293147066,0.0234372077444364,0.0234372077444364,0.0234372077444364,0.0323786122878216
16.016217440795,0,-0.00369944404825601,0,16.016217440795,-0.00369944404825601,-0.00369944404825601,-0.00369944404825601,0.0376637682579198
13.5036026382197,0,0.0260526179813793,0,13.5036026382197,0.0260526179813793,0.0260526179813793,0.0260526179813793,0.0175137052055195
7.84913150076159,0,0.0206892300368871,0,7.84913150076159,0.0206892300368871,0.0206892300368871,0.0206892300368871,0.0125920499284639
11.3110693140974,0,0.00982781565554414,0,11.3110693140974,0.00982781565554414,0.00982781565554414,0.00982781565554414,0.0152975413868066
19.3344521561619,0,-0.0178892890128142,0,19.3344521561619,-0.0178892890128142,-0.0178892890128142,-0.0178892890128142,0.0322365626104049
12.3671082351961,0,0.0210231372322994,0,12.3671082351961,0.0210231372322994,0.0210231372322994,0.0210231372322994,0.0160828742749283
12.3654554745313,0,-0.0686880413546458,0,12.3654554745313,-0.0686880413546458,-0.0686880413546458,-0.0686880413546458,0.0513325050706189
19.2556223171704,0,0.0285945738844167,0,19.2556223171704,0.0285945738844167,0.0285945738844167,0.0285945738844167,0.0139726523520546
34.7312424253189,0,0.00360906084633839,0,34.7312424253189,0.00360906084633839,0.00360906084633839,0.00360906084633839,0.017575833019559
54.7209102152747,0,0.0196726221291343,0,54.7209102152747,0.0196726221291343,0.0196726221291343,0.0196726221291343,0.0109274670854921
11.6997668682815,0,-0.0454216119044559,0,11.6997668682815,-0.0454216119044559,-0.0454216119044559,-0.0454216119044559,0.105318046890987
8.22166390729103,0,0.0200227074138689,0,8.22166390729103,0.0200227074138689,0.0200227074138689,0.0200227074138689,0.0889316774406693
11.7030101268542,0,0.0664031592294417,0,11.7030101268542,0.0664031592294417,0.0664031592294417,0.0664031592294417,0.0318702419669784
7.36539602284415,0,-0.0247872150245361,0,7.36539602284415,-0.0247872150245361,-0.0247872150245361,-0.0247872150245361,0.114121672795408
9.34902839864339,0,-0.0319037471830898,0,9.34902839864339,-0.0319037471830898,-0.0319037471830898,-0.0319037471830898,0.0353702402159913
12.5616640281909,0,0.00441577973083164,0,12.5616640281909,0.00441577973083164,0.00441577973083164,0.00441577973083164,0.0138459086615911
5.28892335541574,0,-0.0722438218615433,0,5.28892335541574,-0.0722438218615433,-0.0722438218615433,-0.0722438218615433,0.0393158996396484
10.8363107906744,0,-0.028098390818107,0,10.8363107906744,-0.028098390818107,-0.028098390818107,-0.028098390818107,0.071926050301895
11.7003583105711,0,-0.00186774348468509,0,11.7003583105711,-0.00186774348468509,-0.00186774348468509,-0.00186774348468509,0.00589871207554302
14.1717804897526,0,0.027255899623745,0,14.1717804897526,0.027255899623745,0.027255899623745,0.027255899623745,0.0438772018708798
10.4916049522311,0,0.0132463173032987,0,10.4916049522311,0.0132463173032987,0.0132463173032987,0.0132463173032987,0.0267192917518445
12.491172371433,0,0.00616174807970621,0,12.491172371433,0.00616174807970621,0.00616174807970621,0.00616174807970621,0.0405245193389735
22.4190143092695,0,-0.000161199703742028,0,22.4190143092695,-0.000161199703742028,-0.000161199703742028,-0.000161199703742028,0.0167230245622351
23.3384346785706,0,0.0173424537425691,0,23.3384346785706,0.0173424537425691,0.0173424537425691,0.0173424537425691,0.0189266195413323
21.0471310356801,0,0.0617673658141888,0,21.0471310356801,0.0617673658141888,0.0617673658141888,0.0617673658141888,0.047052745863464
18.868464140174,0,-0.0601138815581494,0,18.868464140174,-0.0601138815581494,-0.0601138815581494,-0.0601138815581494,0.0841243606959225
142.027144302285,0,0.0480428181832702,0,142.027144302285,0.0480428181832702,0.0480428181832702,0.0480428181832702,0.0151652887885014
7.27972576920022,0,0.0159617989219509,0,7.27972576920022,0.0159617989219509,0.0159617989219509,0.0159617989219509,0.0671622808060481
15.7641037476623,0,0.0452974152246685,0,15.7641037476623,0.0452974152246685,0.0452974152246685,0.0452974152246685,0.0222639606786319
14.6925462604222,0,-0.00458452472707301,0,14.6925462604222,-0.00458452472707301,-0.00458452472707301,-0.00458452472707301,0.0444254697733256
7.79044115240101,0,0.0350532910010923,0,7.79044115240101,0.0350532910010923,0.0350532910010923,0.0350532910010923,0.0585754206769742
11.0161041029769,0,-0.0031766917676102,0,11.0161041029769,-0.0031766917676102,-0.0031766917676102,-0.0031766917676102,0.0522005254908412
11.2420027298881,0,-0.0660500012093723,0,11.2420027298881,-0.0660500012093723,-0.0660500012093723,-0.0660500012093723,0.0384705888979592
27.9381463268887,0,-0.0196646199066465,0,27.9381463268887,-0.0196646199066465,-0.0196646199066465,-0.0196646199066465,0.0266030945529787
28.4056044215739,0,-0.0234835133541325,0,28.4056044215739,-0.0234835133541325,-0.0234835133541325,-0.0234835133541325,0.0460235649191708
9.44659083119766,0,-0.0979355343768668,0,9.44659083119766,-0.0979355343768668,-0.0979355343768668,-0.0979355343768668,0.106984919191722
10.6319539160187,0,0.00587821668928426,0,10.6319539160187,0.00587821668928426,0.00587821668928426,0.00587821668928426,0.0434639030773943
31.4129223891295,0,-0.0481702543197104,0,31.4129223891295,-0.0481702543197104,-0.0481702543197104,-0.0481702543197104,0.04354801944707
NA,NA,NA,NA,NA,NA,NA,NA,NA
3.48138260502119,0,-0.0431716232209931,0,3.48138260502119,-0.0431716232209931,-0.0431716232209931,-0.0431716232209931,0.0321818721032191
5.59197431763262,0,-0.0578220526680145,0,5.59197431763262,-0.0578220526680145,-0.0578220526680145,-0.0578220526680145,0.0290843221745671
7.10118523761685,0,-0.0285278978712163,0,7.10118523761685,-0.0285278978712163,-0.0285278978712163,-0.0285278978712163,0.0595492352872805
8.39406695268219,0,0.0167837864563465,0,8.39406695268219,0.0167837864563465,0.0167837864563465,0.0167837864563465,0.0322473662392579
15.3813680380744,0,-0.0235768509494856,0,15.3813680380744,-0.0235768509494856,-0.0235768509494856,-0.0235768509494856,0.0385600790656454
10.9419857642508,0,-0.0876235523401562,0,10.9419857642508,-0.0876235523401562,-0.0876235523401562,-0.0876235523401562,0.0336377588977628
9.567453602661,0,-0.0130573193727359,0,9.567453602661,-0.0130573193727359,-0.0130573193727359,-0.0130573193727359,0.0264340771076804
9.56764954052794,0,-0.00578932875863998,0,9.56764954052794,-0.00578932875863998,-0.00578932875863998,-0.00578932875863998,0.0288617279537588
9.58796747981615,0,0.00725905880614161,0,9.58796747981615,0.00725905880614161,0.00725905880614161,0.00725905880614161,0.0422687684348916
10.3415882006709,0,-0.0979591311963027,0,10.3415882006709,-0.0979591311963027,-0.0979591311963027,-0.0979591311963027,0.0379022425227411
9.03381024943225,0,-0.0258591277728825,0,9.03381024943225,-0.0258591277728825,-0.0258591277728825,-0.0258591277728825,0.0210013285642308
7.292171244769,0,0.0214216184583366,0,7.292171244769,0.0214216184583366,0.0214216184583366,0.0214216184583366,0.00787016036700002
10.6567948708008,0,0.0203455428827325,0,10.6567948708008,0.0203455428827325,0.0203455428827325,0.0203455428827325,0.0367174068081082
15.83958844307,0,0.0399832495665445,0,15.83958844307,0.0399832495665445,0.0399832495665445,0.0399832495665445,0.0130470310288665
17.7014293147066,0,0.0234372077444364,0,17.7014293147066,0.0234372077444364,0.0234372077444364,0.0234372077444364,0.0323786122878216
16.016217440795,0,-0.00369944404825601,0,16.016217440795,-0.00369944404825601,-0.00369944404825601,-0.00369944404825601,0.0376637682579198
13.5036026382197,0,0.0260526179813793,0,13.5036026382197,0.0260526179813793,0.0260526179813793,0.0260526179813793,0.0175137052055195
7.84913150076159,0,0.0206892300368871,0,7.84913150076159,0.0206892300368871,0.0206892300368871,0.0206892300368871,0.0125920499284639
11.3110693140974,0,0.00982781565554414,0,11.3110693140974,0.00982781565554414,0.00982781565554414,0.00982781565554414,0.0152975413868066
19.3344521561619,0,-0.0178892890128142,0,19.3344521561619,-0.0178892890128142,-0.0178892890128142,-0.0178892890128142,0.0322365626104049
12.3671082351961,0,0.0210231372322994,0,12.3671082351961,0.0210231372322994,0.0210231372322994,0.0210231372322994,0.0160828742749283
12.3654554745313,0,-0.0686880413546458,0,12.3654554745313,-0.0686880413546458,-0.0686880413546458,-0.0686880413546458,0.0513325050706189
19.2556223171704,0,0.0285945738844167,0,19.2556223171704,0.0285945738844167,0.0285945738844167,0.0285945738844167,0.0139726523520546
34.7312424253189,0,0.00360906084633839,0,34.7312424253189,0.00360906084633839,0.00360906084633839,0.00360906084633839,0.017575833019559
54.7209102152747,0,0.0196726221291343,0,54.7209102152747,0.0196726221291343,0.0196726221291343,0.0196726221291343,0.0109274670854921
11.6997668682815,0,-0.0454216119044559,0,11.6997668682815,-0.0454216119044559,-0.0454216119044559,-0.0454216119044559,0.105318046890987
8.22166390729103,0,0.0200227074138689,0,8.22166390729103,0.0200227074138689,0.0200227074138689,0.0200227074138689,0.0889316774406693
11.7030101268542,0,0.0664031592294417,0,11.7030101268542,0.0664031592294417,0.0664031592294417,0.0664031592294417,0.0318702419669784
7.36539602284415,0,-0.0247872150245361,0,7.36539602284415,-0.0247872150245361,-0.0247872150245361,-0.0247872150245361,0.114121672795408
9.34902839864339,0,-0.0319037471830898,0,9.34902839864339,-0.0319037471830898,-0.0319037471830898,-0.0319037471830898,0.0353702402159913
12.5616640281909,0,0.00441577973083164,0,12.5616640281909,0.00441577973083164,0.00441577973083164,0.00441577973083164,0.0138459086615911
5.28892335541574,0,-0.0722438218615433,0,5.28892335541574,-0.0722438218615433,-0.0722438218615433,-0.0722438218615433,0.0393158996396484
10.8363107906744,0,-0.028098390818107,0,10.8363107906744,-0.028098390818107,-0.028098390818107,-0.028098390818107,0.071926050301895
11.7003583105711,0,-0.00186774348468509,0,11.7003583105711,-0.00186774348468509,-0.00186774348468509,-0.00186774348468509,0.00589871207554302
14.1717804897526,0,0.027255899623745,0,14.1717804897526,0.027255899623745,0.027255899623745,0.027255899623745,0.0438772018708798
10.4916049522311,0,0.0132463173032987,0,10.4916049522311,0.0132463173032987,0.0132463173032987,0.0132463173032987,0.0267192917518445
12.491172371433,0,0.00616174807970621,0,12.491172371433,0.00616174807970621,0.00616174807970621,0.00616174807970621,0.0405245193389735
22.4190143092695,0,-0.000161199703742028,0,22.4190143092695,-0.000161199703742028,-0.000161199703742028,-0.000161199703742028,0.0167230245622351
23.3384346785706,0,0.0173424537425691,0,23.3384346785706,0.0173424537425691,0.0173424537425691,0.0173424537425691,0.0189266195413323
21.0471310356801,0,0.0617673658141888,0,21.0471310356801,0.0617673658141888,0.0617673658141888,0.0617673658141888,0.047052745863464
18.868464140174,0,-0.0601138815581494,0,18.868464140174,-0.0601138815581494,-0.0601138815581494,-0.0601138815581494,0.0841243606959225
142.027144302285,0,0.0480428181832702,0,142.027144302285,0.0480428181832702,0.0480428181832702,0.0480428181832702,0.0151652887885014
7.27972576920022,0,0.0159617989219509,0,7.27972576920022,0.0159617989219509,0.0159617989219509,0.0159617989219509,0.0671622808060481
15.7641037476623,0,0.0452974152246685,0,15.7641037476623,0.0452974152246685,0.0452974152246685,0.0452974152246685,0.0222639606786319
14.6925462604222,0,-0.00458452472707301,0,14.6925462604222,-0.00458452472707301,-0.00458452472707301,-0.00458452472707301,0.0444254697733256
7.79044115240101,0,0.0350532910010923,0,7.79044115240101,0.0350532910010923,0.0350532910010923,0.0350532910010923,0.0585754206769742
11.0161041029769,0,-0.0031766917676102,0,11.0161041029769,-0.0031766917676102,-0.0031766917676102,-0.0031766917676102,0.0522005254908412
11.2420027298881,0,-0.0660500012093723,0,11.2420027298881,-0.0660500012093723,-0.0660500012093723,-0.0660500012093723,0.0384705888979592
27.9381463268887,0,-0.0196646199066465,0,27.9381463268887,-0.0196646199066465,-0.0196646199066465,-0.0196646199066465,0.0266030945529787
28.4056044215739,0,-0.0234835133541325,0,28.4056044215739,-0.0234835133541325,-0.0234835133541325,-0.0234835133541325,0.0460235649191708
9.44659083119766,0,-0.0979355343768668,0,9.44659083119766,-0.0979355343768668,-0.0979355343768668,-0.0979355343768668,0.106984919191722
10.6319539160187,0,0.00587821668928426,0,10.6319539160187,0.00587821668928426,0.00587821668928426,0.00587821668928426,0.0434639030773943
31.4129223891295,0,-0.0481702543197104,0,31.4129223891295,-0.0481702543197104,-0.0481702543197104,-0.0481702543197104,0.04354801944707
NA,NA,NA,NA,NA,NA,NA,NA,NA
3.48138260502119,0,-0.0431716232209931,0,3.48138260502119,-0.0431716232209931,-0.0431716232209931,-0.0431716232209931,0.0321818721032191
5.59197431763262,0,-0.0578220526680145,0,5.59197431763262,-0.0578220526680145,-0.0578220526680145,-0.0578220526680145,0.0290843221745671
7.10118523761685,0,-0.0285278978712163,0,7.10118523761685,-0.0285278978712163,-0.0285278978712163,-0.0285278978712163,0.0595492352872805
8.39406695268219,0,0.0167837864563465,0,8.39406695268219,0.0167837864563465,0.0167837864563465,0.0167837864563465,0.0322473662392579
15.3813680380744,0,-0.0235768509494856,0,15.3813680380744,-0.0235768509494856,-0.0235768509494856,-0.0235768509494856,0.0385600790656454
10.9419857642508,0,-0.0876235523401562,0,10.9419857642508,-0.0876235523401562,-0.0876235523401562,-0.0876235523401562,0.0336377588977628
9.567453602661,0,-0.0130573193727359,0,9.567453602661,-0.0130573193727359,-0.0130573193727359,-0.0130573193727359,0.0264340771076804
9.56764954052794,0,-0.00578932875863998,0,9.56764954052794,-0.00578932875863998,-0.00578932875863998,-0.00578932875863998,0.0288617279537588
9.58796747981615,0,0.00725905880614161,0,9.58796747981615,0.00725905880614161,0.00725905880614161,0.00725905880614161,0.0422687684348916
10.3415882006709,0,-0.0979591311963027,0,10.3415882006709,-0.0979591311963027,-0.0979591311963027,-0.0979591311963027,0.0379022425227411
9.03381024943225,0,-0.0258591277728825,0,9.03381024943225,-0.0258591277728825,-0.0258591277728825,-0.0258591277728825,0.0210013285642308
7.292171244769,0,0.0214216184583366,0,7.292171244769,0.0214216184583366,0.0214216184583366,0.0214216184583366,0.00787016036700002
10.6567948708008,0,0.0203455428827325,0,10.6567948708008,0.0203455428827325,0.0203455428827325,0.0203455428827325,0.0367174068081082
15.83958844307,0,0.0399832495665445,0,15.83958844307,0.0399832495665445,0.0399832495665445,0.0399832495665445,0.0130470310288665
17.7014293147066,0,0.0234372077444364,0,17.7014293147066,0.0234372077444364,0.0234372077444364,0.0234372077444364,0.0323786122878216
16.016217440795,0,-0.00369944404825601,0,16.016217440795,-0.00369944404825601,-0.00369944404825601,-0.00369944404825601,0.0376637682579198
13.5036026382197,0,0.0260526179813793,0,13.5036026382197,0.0260526179813793,0.0260526179813793,0.0260526179813793,0.0175137052055195
7.84913150076159,0,0.0206892300368871,0,7.84913150076159,0.0206892300368871,0.0206892300368871,0.0206892300368871,0.0125920499284639
11.3110693140974,0,0.00982781565554414,0,11.3110693140974,0.00982781565554414,0.00982781565554414,0.00982781565554414,0.0152975413868066
19.3344521561619,0,-0.0178892890128142,0,19.3344521561619,-0.0178892890128142,-0.0178892890128142,-0.0178892890128142,0.0322365626104049
12.3671082351961,0,0.0210231372322994,0,12.3671082351961,0.0210231372322994,0.0210231372322994,0.0210231372322994,0.0160828742749283
12.3654554745313,0,-0.0686880413546458,0,12.3654554745313,-0.0686880413546458,-0.0686880413546458,-0.0686880413546458,0.0513325050706189
19.2556223171704,0,0.0285945738844167,0,19.2556223171704,0.0285945738844167,0.0285945738844167,0.0285945738844167,0.0139726523520546
34.7312424253189,0,0.00360906084633839,0,34.7312424253189,0.00360906084633839,0.00360906084633839,0.00360906084633839,0.017575833019559
54.7209102152747,0,0.0196726221291343,0,54.7209102152747,0.0196726221291343,0.0196726221291343,0.0196726221291343,0.0109274670854921
11.6997668682815,0,-0.0454216119044559,0,11.6997668682815,-0.0454216119044559,-0.0454216119044559,-0.0454216119044559,0.105318046890987
8.22166390729103,0,0.0200227074138689,0,8.22166390729103,0.0200227074138689,0.0200227074138689,0.0200227074138689,0.0889316774406693
11.7030101268542,0,0.0664031592294417,0,11.7030101268542,0.0664031592294417,0.0664031592294417,0.0664031592294417,0.0318702419669784
7.36539602284415,0,-0.0247872150245361,0,7.36539602284415,-0.0247872150245361,-0.0247872150245361,-0.0247872150245361,0.114121672795408
9.34902839864339,0,-0.0319037471830898,0,9.34902839864339,-0.0319037471830898,-0.0319037471830898,-0.0319037471830898,0.0353702402159913
12.5616640281909,0,0.00441577973083164,0,12.5616640281909,0.00441577973083164,0.00441577973083164,0.00441577973083164,0.0138459086615911
5.28892335541574,0,-0.0722438218615433,0,5.28892335541574,-0.0722438218615433,-0.0722438218615433,-0.0722438218615433,0.0393158996396484
10.8363107906744,0,-0.028098390818107,0,10.8363107906744,-0.028098390818107,-0.028098390818107,-0.028098390818107,0.071926050301895
11.7003583105711,0,-0.00186774348468509,0,11.7003583105711,-0.00186774348468509,-0.00186774348468509,-0.00186774348468509,0.00589871207554302
14.1717804897526,0,0.027255899623745,0,14.1717804897526,0.027255899623745,0.027255899623745,0.027255899623745,0.0438772018708798
10.4916049522311,0,0.0132463173032987,0,10.4916049522311,0.0132463173032987,0.0132463173032987,0.0132463173032987,0.0267192917518445
12.491172371433,0,0.00616174807970621,0,12.491172371433,0.00616174807970621,0.00616174807970621,0.00616174807970621,0.0405245193389735
22.4190143092695,0,-0.000161199703742028,0,22.4190143092695,-0.000161199703742028,-0.000161199703742028,-0.000161199703742028,0.0167230245622351
23.3384346785706,0,0.0173424537425691,0,23.3384346785706,0.0173424537425691,0.0173424537425691,0.0173424537425691,0.0189266195413323
21.0471310356801,0,0.0617673658141888,0,21.0471310356801,0.0617673658141888,0.0617673658141888,0.0617673658141888,0.047052745863464
18.868464140174,0,-0.0601138815581494,0,18.868464140174,-0.0601138815581494,-0.0601138815581494,-0.0601138815581494,0.0841243606959225
142.027144302285,0,0.0480428181832702,0,142.027144302285,0.0480428181832702,0.0480428181832702,0.0480428181832702,0.0151652887885014
7.27972576920022,0,0.0159617989219509,0,7.27972576920022,0.0159617989219509,0.0159617989219509,0.0159617989219509,0.0671622808060481
15.7641037476623,0,0.0452974152246685,0,15.7641037476623,0.0452974152246685,0.0452974152246685,0.0452974152246685,0.0222639606786319
14.6925462604222,0,-0.00458452472707301,0,14.6925462604222,-0.00458452472707301,-0.00458452472707301,-0.00458452472707301,0.0444254697733256
7.79044115240101,0,0.0350532910010923,0,7.79044115240101,0.0350532910010923,0.0350532910010923,0.0350532910010923,0.0585754206769742
11.0161041029769,0,-0.0031766917676102,0,11.0161041029769,-0.0031766917676102,-0.0031766917676102,-0.0031766917676102,0.0522005254908412
11.2420027298881,0,-0.0660500012093723,0,11.2420027298881,-0.0660500012093723,-0.0660500012093723,-0.0660500012093723,0.0384705888979592
27.9381463268887,0,-0.0196646199066465,0,27.9381463268887,-0.0196646199066465,-0.0196646199066465,-0.0196646199066465,0.0266030945529787
28.4056044215739,0,-0.0234835133541325,0,28.4056044215739,-0.0234835133541325,-0.0234835133541325,-0.0234835133541325,0.0460235649191708
9.44659083119766,0,-0.0979355343768668,0,9.44659083119766,-0.0979355343768668,-0.0979355343768668,-0.0979355343768668,0.106984919191722
10.6319539160187,0,0.00587821668928426,0,10.6319539160187,0.00587821668928426,0.00587821668928426,0.00587821668928426,0.0434639030773943
31.4129223891295,0,-0.0481702543197104,0,31.4129223891295,-0.0481702543197104,-0.0481702543197104,-0.0481702543197104,0.04354801944707
NA,NA,NA,NA,NA,NA,NA,NA,NA
3.48138260502119,0,-0.0431716232209931,0,3.48138260502119,-0.0431716232209931,-0.0431716232209931,-0.0431716232209931,0.0321818721032191
5.59197431763262,0,-0.0578220526680145,0,5.59197431763262,-0.0578220526680145,-0.0578220526680145,-0.0578220526680145,0.0290843221745671
7.10118523761685,0,-0.0285278978712163,0,7.10118523761685,-0.0285278978712163,-0.0285278978712163,-0.0285278978712163,0.0595492352872805
8.39406695268219,0,0.0167837864563465,0,8.39406695268219,0.0167837864563465,0.0167837864563465,0.0167837864563465,0.0322473662392579
15.3813680380744,0,-0.0235768509494856,0,15.3813680380744,-0.0235768509494856,-0.0235768509494856,-0.0235768509494856,0.0385600790656454
10.9419857642508,0,-0.0876235523401562,0,10.9419857642508,-0.0876235523401562,-0.0876235523401562,-0.0876235523401562,0.0336377588977628
9.567453602661,0,-0.0130573193727359,0,9.567453602661,-0.0130573193727359,-0.0130573193727359,-0.0130573193727359,0.0264340771076804
9.56764954052794,0,-0.00578932875863998,0,9.56764954052794,-0.00578932875863998,-0.00578932875863998,-0.00578932875863998,0.0288617279537588
9.58796747981615,0,0.00725905880614161,0,9.58796747981615,0.00725905880614161,0.00725905880614161,0.00725905880614161,0.0422687684348916
10.3415882006709,0,-0.0979591311963027,0,10.3415882006709,-0.0979591311963027,-0.0979591311963027,-0.0979591311963027,0.0379022425227411
9.03381024943225,0,-0.0258591277728825,0,9.03381024943225,-0.0258591277728825,-0.0258591277728825,-0.0258591277728825,0.0210013285642308
7.292171244769,0,0.0214216184583366,0,7.292171244769,0.0214216184583366,0.0214216184583366,0.0214216184583366,0.00787016036700002
10.6567948708008,0,0.0203455428827325,0,10.6567948708008,0.0203455428827325,0.0203455428827325,0.0203455428827325,0.0367174068081082
15.83958844307,0,0.0399832495665445,0,15.83958844307,0.0399832495665445,0.0399832495665445,0.0399832495665445,0.0130470310288665
17.7014293147066,0,0.0234372077444364,0,17.7014293147066,0.0234372077444364,0.0234372077444364,0.0234372077444364,0.0323786122878216
16.016217440795,0,-0.00369944404825601,0,16.016217440795,-0.00369944404825601,-0.00369944404825601,-0.00369944404825601,0.0376637682579198
13.5036026382197,0,0.0260526179813793,0,13.5036026382197,0.0260526179813793,0.0260526179813793,0.0260526179813793,0.0175137052055195
7.84913150076159,0,0.0206892300368871,0,7.84913150076159,0.0206892300368871,0.0206892300368871,0.0206892300368871,0.0125920499284639
11.3110693140974,0,0.00982781565554414,0,11.3110693140974,0.00982781565554414,0.00982781565554414,0.00982781565554414,0.0152975413868066
19.3344521561619,0,-0.0178892890128142,0,19.3344521561619,-0.0178892890128142,-0.0178892890128142,-0.0178892890128142,0.0322365626104049
12.3671082351961,0,0.0210231372322994,0,12.3671082351961,0.0210231372322994,0.0210231372322994,0.0210231372322994,0.0160828742749283
12.3654554745313,0,-0.0686880413546458,0,12.3654554745313,-0.0686880413546458,-0.0686880413546458,-0.0686880413546458,0.0513325050706189
19.2556223171704,0,0.0285945738844167,0,19.2556223171704,0.0285945738844167,0.0285945738844167,0.0285945738844167,0.0139726523520546
34.7312424253189,0,0.00360906084633839,0,34.7312424253189,0.00360906084633839,0.00360906084633839,0.00360906084633839,0.017575833019559
54.7209102152747,0,0.0196726221291343,0,54.7209102152747,0.0196726221291343,0.0196726221291343,0.0196726221291343,0.0109274670854921
11.6997668682815,0,-0.0454216119044559,0,11.6997668682815,-0.0454216119044559,-0.0454216119044559,-0.0454216119044559,0.105318046890987
8.22166390729103,0,0.0200227074138689,0,8.22166390729103,0.0200227074138689,0.0200227074138689,0.0200227074138689,0.0889316774406693
11.7030101268542,0,0.0664031592294417,0,11.7030101268542,0.0664031592294417,0.0664031592294417,0.0664031592294417,0.0318702419669784
7.36539602284415,0,-0.0247872150245361,0,7.36539602284415,-0.0247872150245361,-0.0247872150245361,-0.0247872150245361,0.114121672795408
9.34902839864339,0,-0.0319037471830898,0,9.34902839864339,-0.0319037471830898,-0.0319037471830898,-0.0319037471830898,0.0353702402159913
12.5616640281909,0,0.00441577973083164,0,12.5616640281909,0.00441577973083164,0.00441577973083164,0.00441577973083164,0.0138459086615911
5.28892335541574,0,-0.0722438218615433,0,5.28892335541574,-0.0722438218615433,-0.0722438218615433,-0.0722438218615433,0.0393158996396484
10.8363107906744,0,-0.028098390818107,0,10.8363107906744,-0.028098390818107,-0.028098390818107,-0.028098390818107,0.071926050301895
11.7003583105711,0,-0.00186774348468509,0,11.7003583105711,-0.00186774348468509,-0.00186774348468509,-0.00186774348468509,0.00589871207554302
14.1717804897526,0,0.027255899623745,0,14.1717804897526,0.027255899623745,0.027255899623745,0.027255899623745,0.0438772018708798
10.4916049522311,0,0.0132463173032987,0,10.4916049522311,0.0132463173032987,0.0132463173032987,0.0132463173032987,0.0267192917518445
12.491172371433,0,0.00616174807970621,0,12.491172371433,0.00616174807970621,0.00616174807970621,0.00616174807970621,0.0405245193389735
22.4190143092695,0,-0.000161199703742028,0,22.4190143092695,-0.000161199703742028,-0.000161199703742028,-0.000161199703742028,0.0167230245622351
23.3384346785706,0,0.0173424537425691,0,23.3384346785706,0.0173424537425691,0.0173424537425691,0.0173424537425691,0.0189266195413323
21.0471310356801,0,0.0617673658141888,0,21.0471310356801,0.0617673658141888,0.0617673658141888,0.0617673658141888,0.047052745863464
23.3345487277999,0,-0.0160975518856733,0,23.3345487277999,-0.0160975518856733,-0.0160975518856733,-0.0160975518856733,0.0732251775305729
142.027144302285,0,0.0480428181832702,0,142.027144302285,0.0480428181832702,0.0480428181832702,0.0480428181832702,0.0151652887885014
7.27972576920022,0,0.0159617989219509,0,7.27972576920022,0.0159617989219509,0.0159617989219509,0.0159617989219509,0.0671622808060481
15.7641037476623,0,0.0452974152246685,0,15.7641037476623,0.0452974152246685,0.0452974152246685,0.0452974152246685,0.0222639606786319
14.6925462604222,0,-0.00458452472707301,0,14.6925462604222,-0.00458452472707301,-0.00458452472707301,-0.00458452472707301,0.0444254697733256
7.79044115240101,0,0.0350532910010923,0,7.79044115240101,0.0350532910010923,0.0350532910010923,0.0350532910010923,0.0585754206769742
11.0161041029769,0,-0.0031766917676102,0,11.0161041029769,-0.0031766917676102,-0.0031766917676102,-0.0031766917676102,0.0522005254908412
11.2420027298881,0,-0.0660500012093723,0,11.2420027298881,-0.0660500012093723,-0.0660500012093723,-0.0660500012093723,0.0384705888979592
27.9381463268887,0,-0.0196646199066465,0,27.9381463268887,-0.0196646199066465,-0.0196646199066465,-0.0196646199066465,0.0266030945529787
28.4056044215739,0,-0.0234835133541325,0,28.4056044215739,-0.0234835133541325,-0.0234835133541325,-0.0234835133541325,0.0460235649191708
9.44659083119766,0,-0.0979355343768668,0,9.44659083119766,-0.0979355343768668,-0.0979355343768668,-0.0979355343768668,0.106984919191722
10.6319539160187,0,0.00587821668928426,0,10.6319539160187,0.00587821668928426,0.00587821668928426,0.00587821668928426,0.0434639030773943
31.4129223891295,0,-0.0481702543197104,0,31.4129223891295,-0.0481702543197104,-0.0481702543197104,-0.0481702543197104,0.04354801944707
NA,NA,NA,NA,NA,NA,NA,NA,NA
3.48138260502119,0,-0.0431716232209931,0,3.48138260502119,-0.0431716232209931,-0.0431716232209931,-0.0431716232209931,0.0321818721032191
5.59197431763262,0,-0.0578220526680145,0,5.59197431763262,-0.0578220526680145,-0.0578220526680145,-0.0578220526680145,0.0290843221745671
7.10118523761685,0,-0.0285278978712163,0,7.10118523761685,-0.0285278978712163,-0.0285278978712163,-0.0285278978712163,0.0595492352872805
8.39406695268219,0,0.0167837864563465,0,8.39406695268219,0.0167837864563465,0.0167837864563465,0.0167837864563465,0.0322473662392579
15.3813680380744,0,-0.0235768509494856,0,15.3813680380744,-0.0235768509494856,-0.0235768509494856,-0.0235768509494856,0.0385600790656454
10.9419857642508,0,-0.0876235523401562,0,10.9419857642508,-0.0876235523401562,-0.0876235523401562,-0.0876235523401562,0.0336377588977628
9.567453602661,0,-0.0130573193727359,0,9.567453602661,-0.0130573193727359,-0.0130573193727359,-0.0130573193727359,0.0264340771076804
9.56764954052794,0,-0.00578932875863998,0,9.56764954052794,-0.00578932875863998,-0.00578932875863998,-0.00578932875863998,0.0288617279537588
9.58796747981615,0,0.00725905880614161,0,9.58796747981615,0.00725905880614161,0.00725905880614161,0.00725905880614161,0.0422687684348916
10.3415882006709,0,-0.0979591311963027,0,10.3415882006709,-0.0979591311963027,-0.0979591311963027,-0.0979591311963027,0.0379022425227411
9.03381024943225,0,-0.0258591277728825,0,9.03381024943225,-0.0258591277728825,-0.0258591277728825,-0.0258591277728825,0.0210013285642308
7.292171244769,0,0.0214216184583366,0,7.292171244769,0.0214216184583366,0.0214216184583366,0.0214216184583366,0.00787016036700002
10.6567948708008,0,0.0203455428827325,0,10.6567948708008,0.0203455428827325,0.0203455428827325,0.0203455428827325,0.0367174068081082
15.83958844307,0,0.0399832495665445,0,15.83958844307,0.0399832495665445,0.0399832495665445,0.0399832495665445,0.0130470310288665
17.7014293147066,0,0.0234372077444364,0,17.7014293147066,0.0234372077444364,0.0234372077444364,0.0234372077444364,0.0323786122878216
16.016217440795,0,-0.00369944404825601,0,16.016217440795,-0.00369944404825601,-0.00369944404825601,-0.00369944404825601,0.0376637682579198
13.5036026382197,0,0.0260526179813793,0,13.5036026382197,0.0260526179813793,0.0260526179813793,0.0260526179813793,0.0175137052055195
7.84913150076159,0,0.0206892300368871,0,7.84913150076159,0.0206892300368871,0.0206892300368871,0.0206892300368871,0.0125920499284639
11.3110693140974,0,0.00982781565554414,0,11.3110693140974,0.00982781565554414,0.00982781565554414,0.00982781565554414,0.0152975413868066
19.3344521561619,0,-0.0178892890128142,0,19.3344521561619,-0.0178892890128142,-0.0178892890128142,-0.0178892890128142,0.0322365626104049
12.3671082351961,0,0.0210231372322994,0,12.3671082351961,0.0210231372322994,0.0210231372322994,0.0210231372322994,0.0160828742749283
12.3654554745313,0,-0.0686880413546458,0,12.3654554745313,-0.0686880413546458,-0.0686880413546458,-0.0686880413546458,0.0513325050706189
19.2556223171704,0,0.0285945738844167,0,19.2556223171704,0.0285945738844167,0.0285945738844167,0.0285945738844167,0.0139726523520546
34.7312424253189,0,0.00360906084633839,0,34.7312424253189,0.00360906084633839,0.00360906084633839,0.00360906084633839,0.017575833019559
54.7209102152747,0,0.0196726221291343,0,54.7209102152747,0.0196726221291343,0.0196726221291343,0.0196726221291343,0.0109274670854921
11.6997668682815,0,-0.0454216119044559,0,11.6997668682815,-0.0454216119044559,-0.0454216119044559,-0.0454216119044559,0.105318046890987
8.22166390729103,0,0.0200227074138689,0,8.22166390729103,0.0200227074138689,0.0200227074138689,0.0200227074138689,0.0889316774406693
11.7030101268542,0,0.0664031592294417,0,11.7030101268542,0.0664031592294417,0.0664031592294417,0.0664031592294417,0.0318702419669784
7.36539602284415,0,-0.0247872150245361,0,7.36539602284415,-0.0247872150245361,-0.0247872150245361,-0.0247872150245361,0.114121672795408
9.34902839864339,0,-0.0319037471830898,0,9.34902839864339,-0.0319037471830898,-0.0319037471830898,-0.0319037471830898,0.0353702402159913
12.5616640281909,0,0.00441577973083164,0,12.5616640281909,0.00441577973083164,0.00441577973083164,0.00441577973083164,0.0138459086615911
5.28892335541574,0,-0.0722438218615433,0,5.28892335541574,-0.0722438218615433,-0.0722438218615433,-0.0722438218615433,0.0393158996396484
10.8363107906744,0,-0.028098390818107,0,10.8363107906744,-0.028098390818107,-0.028098390818107,-0.028098390818107,0.071926050301895
11.7003583105711,0,-0.00186774348468509,0,11.7003583105711,-0.00186774348468509,-0.00186774348468509,-0.00186774348468509,0.00589871207554302
14.1717804897526,0,0.027255899623745,0,14.1717804897526,0.027255899623745,0.027255899623745,0.027255899623745,0.0438772018708798
10.4916049522311,0,0.0132463173032987,0,10.4916049522311,0.0132463173032987,0.0132463173032987,0.0132463173032987,0.0267192917518445
12.491172371433,0,0.00616174807970621,0,12.491172371433,0.00616174807970621,0.00616174807970621,0.00616174807970621,0.0405245193389735
22.4190143092695,0,-0.000161199703742028,0,22.4190143092695,-0.000161199703742028,-0.000161199703742028,-0.000161199703742028,0.0167230245622351
23.3384346785706,0,0.0173424537425691,0,23.3384346785706,0.0173424537425691,0.0173424537425691,0.0173424537425691,0.0189266195413323
21.0471310356801,0,0.0617673658141888,0,21.0471310356801,0.0617673658141888,0.0617673658141888,0.0617673658141888,0.047052745863464
23.3345487277999,0,-0.0160975518856733,0,23.3345487277999,-0.0160975518856733,-0.0160975518856733,-0.0160975518856733,0.0732251775305729
142.027144302285,0,0.0480428181832702,0,142.027144302285,0.0480428181832702,0.0480428181832702,0.0480428181832702,0.0151652887885014
7.27972576920022,0,0.0159617989219509,0,7.27972576920022,0.0159617989219509,0.0159617989219509,0.0159617989219509,0.0671622808060481
15.7641037476623,0,0.0452974152246685,0,15.7641037476623,0.0452974152246685,0.0452974152246685,0.0452974152246685,0.0222639606786319
14.6925462604222,0,-0.00458452472707301,0,14.6925462604222,-0.00458452472707301,-0.00458452472707301,-0.00458452472707301,0.0444254697733256
7.79044115240101,0,0.0350532910010923,0,7.79044115240101,0.0350532910010923,0.0350532910010923,0.0350532910010923,0.0585754206769742
11.0161041029769,0,-0.0031766917676102,0,11.0161041029769,-0.0031766917676102,-0.0031766917676102,-0.0031766917676102,0.0522005254908412
11.2420027298881,0,-0.0660500012093723,0,11.2420027298881,-0.0660500012093723,-0.0660500012093723,-0.0660500012093723,0.0384705888979592
27.9381463268887,0,-0.0196646199066465,0,27.9381463268887,-0.0196646199066465,-0.0196646199066465,-0.0196646199066465,0.0266030945529787
28.4056044215739,0,-0.0234835133541325,0,28.4056044215739,-0.0234835133541325,-0.0234835133541325,-0.0234835133541325,0.0460235649191708
9.44659083119766,0,-0.0979355343768668,0,9.44659083119766,-0.0979355343768668,-0.0979355343768668,-0.0979355343768668,0.106984919191722
10.6319539160187,0,0.00587821668928426,0,10.6319539160187,0.00587821668928426,0.00587821668928426,0.00587821668928426,0.0434639030773943
31.4129223891295,0,-0.0481702543197104,0,31.4129223891295,-0.0481702543197104,-0.0481702543197104,-0.0481702543197104,0.04354801944707
NA,NA,NA,NA,NA,NA,NA,NA,NA
3.48138260502119,0,-0.0431716232209931,0,3.48138260502119,-0.0431716232209931,-0.0431716232209931,-0.0431716232209931,0.0321818721032191
5.59197431763262,0,-0.0578220526680145,0,5.59197431763262,-0.0578220526680145,-0.0578220526680145,-0.0578220526680145,0.0290843221745671
7.10118523761685,0,-0.0285278978712163,0,7.10118523761685,-0.0285278978712163,-0.0285278978712163,-0.0285278978712163,0.0595492352872805
8.39406695268219,0,0.0167837864563465,0,8.39406695268219,0.0167837864563465,0.0167837864563465,0.0167837864563465,0.0322473662392579
15.3813680380744,0,-0.0235768509494856,0,15.3813680380744,-0.0235768509494856,-0.0235768509494856,-0.0235768509494856,0.0385600790656454
10.9419857642508,0,-0.0876235523401562,0,10.9419857642508,-0.0876235523401562,-0.0876235523401562,-0.0876235523401562,0.0336377588977628
9.567453602661,0,-0.0130573193727359,0,9.567453602661,-0.0130573193727359,-0.0130573193727359,-0.0130573193727359,0.0264340771076804
9.56764954052794,0,-0.00578932875863998,0,9.56764954052794,-0.00578932875863998,-0.00578932875863998,-0.00578932875863998,0.0288617279537588
9.58796747981615,0,0.00725905880614161,0,9.58796747981615,0.00725905880614161,0.00725905880614161,0.00725905880614161,0.0422687684348916
10.3415882006709,0,-0.0979591311963027,0,10.3415882006709,-0.0979591311963027,-0.0979591311963027,-0.0979591311963027,0.0379022425227411
9.03381024943225,0,-0.0258591277728825,0,9.03381024943225,-0.0258591277728825,-0.0258591277728825,-0.0258591277728825,0.0210013285642308
7.292171244769,0,0.0214216184583366,0,7.292171244769,0.0214216184583366,0.0214216184583366,0.0214216184583366,0.00787016036700002
10.6567948708008,0,0.0203455428827325,0,10.6567948708008,0.0203455428827325,0.0203455428827325,0.0203455428827325,0.0367174068081082
15.83958844307,0,0.0399832495665445,0,15.83958844307,0.0399832495665445,0.0399832495665445,0.0399832495665445,0.0130470310288665
17.7014293147066,0,0.0234372077444364,0,17.7014293147066,0.0234372077444364,0.0234372077444364,0.0234372077444364,0.0323786122878216
16.016217440795,0,-0.00369944404825601,0,16.016217440795,-0.00369944404825601,-0.00369944404825601,-0.00369944404825601,0.0376637682579198
13.5036026382197,0,0.0260526179813793,0,13.5036026382197,0.0260526179813793,0.0260526179813793,0.0260526179813793,0.0175137052055195
7.84913150076159,0,0.0206892300368871,0,7.84913150076159,0.0206892300368871,0.0206892300368871,0.0206892300368871,0.0125920499284639
11.3110693140974,0,0.00982781565554414,0,11.3110693140974,0.00982781565554414,0.00982781565554414,0.00982781565554414,0.0152975413868066
19.3344521561619,0,-0.0178892890128142,0,19.3344521561619,-0.0178892890128142,-0.0178892890128142,-0.0178892890128142,0.0322365626104049
12.3671082351961,0,0.0210231372322994,0,12.3671082351961,0.0210231372322994,0.0210231372322994,0.0210231372322994,0.0160828742749283
12.3654554745313,0,-0.0686880413546458,0,12.3654554745313,-0.0686880413546458,-0.0686880413546458,-0.0686880413546458,0.0513325050706189
19.2556223171704,0,0.0285945738844167,0,19.2556223171704,0.0285945738844167,0.0285945738844167,0.0285945738844167,0.0139726523520546
34.7312424253189,0,0.00360906084633839,0,34.7312424253189,0.00360906084633839,0.00360906084633839,0.00360906084633839,0.017575833019559
54.7209102152747,0,0.0196726221291343,0,54.7209102152747,0.0196726221291343,0.0196726221291343,0.0196726221291343,0.0109274670854921
11.6997668682815,0,-0.0454216119044559,0,11.6997668682815,-0.0454216119044559,-0.0454216119044559,-0.0454216119044559,0.105318046890987
8.22166390729103,0,0.0200227074138689,0,8.22166390729103,0.0200227074138689,0.0200227074138689,0.0200227074138689,0.0889316774406693
11.7030101268542,0,0.0664031592294417,0,11.7030101268542,0.0664031592294417,0.0664031592294417,0.0664031592294417,0.0318702419669784
7.36539602284415,0,-0.0247872150245361,0,7.36539602284415,-0.0247872150245361,-0.0247872150245361,-0.0247872150245361,0.114121672795408
9.34902839864339,0,-0.0319037471830898,0,9.34902839864339,-0.0319037471830898,-0.0319037471830898,-0.0319037471830898,0.0353702402159913
12.5616640281909,0,0.00441577973083164,0,12.5616640281909,0.00441577973083164,0.00441577973083164,0.00441577973083164,0.0138459086615911
5.28892335541574,0,-0.0722438218615433,0,5.28892335541574,-0.0722438218615433,-0.0722438218615433,-0.0722438218615433,0.0393158996396484
10.8363107906744,0,-0.028098390818107,0,10.8363107906744,-0.028098390818107,-0.028098390818107,-0.028098390818107,0.071926050301895
11.7003583105711,0,-0.00186774348468509,0,11.7003583105711,-0.00186774348468509,-0.00186774348468509,-0.00186774348468509,0.00589871207554302
14.1717804897526,0,0.027255899623745,0,14.1717804897526,0.027255899623745,0.027255899623745,0.027255899623745,0.0438772018708798
10.4916049522311,0,0.0132463173032987,0,10.4916049522311,0.0132463173032987,0.0132463173032987,0.0132463173032987,0.0267192917518445
12.491172371433,0,0.00616174807970621,0,12.491172371433,0.00616174807970621,0.00616174807970621,0.00616174807970621,0.0405245193389735
22.4190143092695,0,-0.000161199703742028,0,22.4190143092695,-0.000161199703742028,-0.000161199703742028,-0.000161199703742028,0.0167230245622351
23.3384346785706,0,0.0173424537425691,0,23.3384346785706,0.0173424537425691,0.0173424537425691,0.0173424537425691,0.0189266195413323
21.0471310356801,0,0.0617673658141888,0,21.0471310356801,0.0617673658141888,0.0617673658141888,0.0617673658141888,0.047052745863464
23.3345487277999,0,-0.0160975518856733,0,23.3345487277999,-0.0160975518856733,-0.0160975518856733,-0.0160975518856733,0.0732251775305729
142.027144302285,0,0.0480428181832702,0,142.027144302285,0.0480428181832702,0.0480428181832702,0.0480428181832702,0.0151652887885014
7.27972576920022,0,0.0159617989219509,0,7.27972576920022,0.0159617989219509,0.0159617989219509,0.0159617989219509,0.0671622808060481
15.7641037476623,0,0.0452974152246685,0,15.7641037476623,0.0452974152246685,0.0452974152246685,0.0452974152246685,0.0222639606786319
14.6925462604222,0,-0.00458452472707301,0,14.6925462604222,-0.00458452472707301,-0.00458452472707301,-0.00458452472707301,0.0444254697733256
7.79044115240101,0,0.0350532910010923,0,7.79044115240101,0.0350532910010923,0.0350532910010923,0.0350532910010923,0.0585754206769742
11.0161041029769,0,-0.0031766917676102,0,11.0161041029769,-0.0031766917676102,-0.0031766917676102,-0.0031766917676102,0.0522005254908412
11.2420027298881,0,-0.0660500012093723,0,11.2420027298881,-0.0660500012093723,-0.0660500012093723,-0.0660500012093723,0.0384705888979592
27.9381463268887,0,-0.0196646199066465,0,27.9381463268887,-0.0196646199066465,-0.0196646199066465,-0.0196646199066465,0.0266030945529787
28.4056044215739,0,-0.0234835133541325,0,28.4056044215739,-0.0234835133541325,-0.0234835133541325,-0.0234835133541325,0.0460235649191708
9.44659083119766,0,-0.0979355343768668,0,9.44659083119766,-0.0979355343768668,-0.0979355343768668,-0.0979355343768668,0.106984919191722
10.6319539160187,0,0.00587821668928426,0,10.6319539160187,0.00587821668928426,0.00587821668928426,0.00587821668928426,0.0434639030773943
31.4129223891295,0,-0.0481702543197104,0,31.4129223891295,-0.0481702543197104,-0.0481702543197104,-0.0481702543197104,0.04354801944707
NA,NA,NA,NA,NA,NA,NA,NA,NA
3.48138260502119,0,-0.0431716232209931,0,3.48138260502119,-0.0431716232209931,-0.0431716232209931,-0.0431716232209931,0.0321818721032191
5.59197431763262,0,-0.0578220526680145,0,5.59197431763262,-0.0578220526680145,-0.0578220526680145,-0.0578220526680145,0.0290843221745671
7.10118523761685,0,-0.0285278978712163,0,7.10118523761685,-0.0285278978712163,-0.0285278978712163,-0.0285278978712163,0.0595492352872805
8.39406695268219,0,0.0167837864563465,0,8.39406695268219,0.0167837864563465,0.0167837864563465,0.0167837864563465,0.0322473662392579
15.3813680380744,0,-0.0235768509494856,0,15.3813680380744,-0.0235768509494856,-0.0235768509494856,-0.0235768509494856,0.0385600790656454
10.9419857642508,0,-0.0876235523401562,0,10.9419857642508,-0.0876235523401562,-0.0876235523401562,-0.0876235523401562,0.0336377588977628
9.567453602661,0,-0.0130573193727359,0,9.567453602661,-0.0130573193727359,-0.0130573193727359,-0.0130573193727359,0.0264340771076804
9.56764954052794,0,-0.00578932875863998,0,9.56764954052794,-0.00578932875863998,-0.00578932875863998,-0.00578932875863998,0.0288617279537588
9.58796747981615,0,0.00725905880614161,0,9.58796747981615,0.00725905880614161,0.00725905880614161,0.00725905880614161,0.0422687684348916
10.3415882006709,0,-0.0979591311963027,0,10.3415882006709,-0.0979591311963027,-0.0979591311963027,-0.0979591311963027,0.0379022425227411
9.03381024943225,0,-0.0258591277728825,0,9.03381024943225,-0.0258591277728825,-0.0258591277728825,-0.0258591277728825,0.0210013285642308
7.292171244769,0,0.0214216184583366,0,7.292171244769,0.0214216184583366,0.0214216184583366,0.0214216184583366,0.00787016036700002
10.6567948708008,0,0.0203455428827325,0,10.6567948708008,0.0203455428827325,0.0203455428827325,0.0203455428827325,0.0367174068081082
15.83958844307,0,0.0399832495665445,0,15.83958844307,0.0399832495665445,0.0399832495665445,0.0399832495665445,0.0130470310288665
17.7014293147066,0,0.0234372077444364,0,17.7014293147066,0.0234372077444364,0.0234372077444364,0.0234372077444364,0.0323786122878216
16.016217440795,0,-0.00369944404825601,0,16.016217440795,-0.00369944404825601,-0.00369944404825601,-0.00369944404825601,0.0376637682579198
13.5036026382197,0,0.0260526179813793,0,13.5036026382197,0.0260526179813793,0.0260526179813793,0.0260526179813793,0.0175137052055195
7.84913150076159,0,0.0206892300368871,0,7.84913150076159,0.0206892300368871,0.0206892300368871,0.0206892300368871,0.0125920499284639
11.3110693140974,0,0.00982781565554414,0,11.3110693140974,0.00982781565554414,0.00982781565554414,0.00982781565554414,0.0152975413868066
19.3344521561619,0,-0.0178892890128142,0,19.3344521561619,-0.0178892890128142,-0.0178892890128142,-0.0178892890128142,0.0322365626104049
12.3671082351961,0,0.0210231372322994,0,12.3671082351961,0.0210231372322994,0.0210231372322994,0.0210231372322994,0.0160828742749283
12.3654554745313,0,-0.0686880413546458,0,12.3654554745313,-0.0686880413546458,-0.0686880413546458,-0.0686880413546458,0.0513325050706189
19.2556223171704,0,0.0285945738844167,0,19.2556223171704,0.0285945738844167,0.0285945738844167,0.0285945738844167,0.0139726523520546
34.7312424253189,0,0.00360906084633839,0,34.7312424253189,0.00360906084633839,0.00360906084633839,0.00360906084633839,0.017575833019559
54.7209102152747,0,0.0196726221291343,0,54.7209102152747,0.0196726221291343,0.0196726221291343,0.0196726221291343,0.0109274670854921
11.6997668682815,0,-0.0454216119044559,0,11.6997668682815,-0.0454216119044559,-0.0454216119044559,-0.0454216119044559,0.105318046890987
8.22166390729103,0,0.0200227074138689,0,8.22166390729103,0.0200227074138689,0.0200227074138689,0.0200227074138689,0.0889316774406693
11.7030101268542,0,0.0664031592294417,0,11.7030101268542,0.0664031592294417,0.0664031592294417,0.0664031592294417,0.0318702419669784
7.36539602284415,0,-0.0247872150245361,0,7.36539602284415,-0.0247872150245361,-0.0247872150245361,-0.0247872150245361,0.114121672795408
9.34902839864339,0,-0.0319037471830898,0,9.34902839864339,-0.0319037471830898,-0.0319037471830898,-0.0319037471830898,0.0353702402159913
12.5616640281909,0,0.00441577973083164,0,12.5616640281909,0.00441577973083164,0.00441577973083164,0.00441577973083164,0.0138459086615911
5.28892335541574,0,-0.0722438218615433,0,5.28892335541574,-0.0722438218615433,-0.0722438218615433,-0.0722438218615433,0.0393158996396484
10.8363107906744,0,-0.028098390818107,0,10.8363107906744,-0.028098390818107,-0.028098390818107,-0.028098390818107,0.071926050301895
11.7003583105711,0,-0.00186774348468509,0,11.7003583105711,-0.00186774348468509,-0.00186774348468509,-0.00186774348468509,0.00589871207554302
14.1717804897526,0,0.027255899623745,0,14.1717804897526,0.027255899623745,0.027255899623745,0.027255899623745,0.0438772018708798
10.4916049522311,0,0.0132463173032987,0,10.4916049522311,0.0132463173032987,0.0132463173032987,0.0132463173032987,0.0267192917518445
12.491172371433,0,0.00616174807970621,0,12.491172371433,0.00616174807970621,0.00616174807970621,0.00616174807970621,0.0405245193389735
22.4190143092695,0,-0.000161199703742028,0,22.4190143092695,-0.000161199703742028,-0.000161199703742028,-0.000161199703742028,0.0167230245622351
23.3384346785706,0,0.0173424537425691,0,23.3384346785706,0.0173424537425691,0.0173424537425691,0.0173424537425691,0.0189266195413323
21.0471310356801,0,0.0617673658141888,0,21.0471310356801,0.0617673658141888,0.0617673658141888,0.0617673658141888,0.047052745863464
23.3345487277999,0,-0.0160975518856733,0,23.3345487277999,-0.0160975518856733,-0.0160975518856733,-0.0160975518856733,0.0732251775305729
142.027144302285,0,0.0480428181832702,0,142.027144302285,0.0480428181832702,0.0480428181832702,0.0480428181832702,0.0151652887885014
7.27972576920022,0,0.0159617989219509,0,7.27972576920022,0.0159617989219509,0.0159617989219509,0.0159617989219509,0.0671622808060481
15.7641037476623,0,0.0452974152246685,0,15.7641037476623,0.0452974152246685,0.0452974152246685,0.0452974152246685,0.0222639606786319
14.6925462604222,0,-0.00458452472707301,0,14.6925462604222,-0.00458452472707301,-0.00458452472707301,-0.00458452472707301,0.0444254697733256
7.79044115240101,0,0.0350532910010923,0,7.79044115240101,0.0350532910010923,0.0350532910010923,0.0350532910010923,0.0585754206769742
11.0161041029769,0,-0.0031766917676102,0,11.0161041029769,-0.0031766917676102,-0.0031766917676102,-0.0031766917676102,0.0522005254908412
11.2420027298881,0,-0.0660500012093723,0,11.2420027298881,-0.0660500012093723,-0.0660500012093723,-0.0660500012093723,0.0384705888979592
27.9381463268887,0,-0.0196646199066465,0,27.9381463268887,-0.0196646199066465,-0.0196646199066465,-0.0196646199066465,0.0266030945529787
28.4056044215739,0,-0.0234835133541325,0,28.4056044215739,-0.0234835133541325,-0.0234835133541325,-0.0234835133541325,0.0460235649191708
9.44659083119766,0,-0.0979355343768668,0,9.44659083119766,-0.0979355343768668,-0.0979355343768668,-0.0979355343768668,0.106984919191722
10.6319539160187,0,0.00587821668928426,0,10.6319539160187,0.00587821668928426,0.00587821668928426,0.00587821668928426,0.0434639030773943
31.4129223891295,0,-0.0481702543197104,0,31.4129223891295,-0.0481702543197104,-0.0481702543197104,-0.0481702543197104,0.04354801944707
NA,NA,NA,NA,NA,NA,NA,NA,NA
3.48138260502119,0,-0.0431716232209931,0,3.48138260502119,-0.0431716232209931,-0.0431716232209931,-0.0431716232209931,0.0321818721032191
5.59197431763262,0,-0.0578220526680145,0,5.59197431763262,-0.0578220526680145,-0.0578220526680145,-0.0578220526680145,0.0290843221745671
7.10118523761685,0,-0.0285278978712163,0,7.10118523761685,-0.0285278978712163,-0.0285278978712163,-0.0285278978712163,0.0595492352872805
8.39406695268219,0,0.0167837864563465,0,8.39406695268219,0.0167837864563465,0.0167837864563465,0.0167837864563465,0.0322473662392579
15.3813680380744,0,-0.0235768509494856,0,15.3813680380744,-0.0235768509494856,-0.0235768509494856,-0.0235768509494856,0.0385600790656454
10.9419857642508,0,-0.0876235523401562,0,10.9419857642508,-0.0876235523401562,-0.0876235523401562,-0.0876235523401562,0.0336377588977628
9.567453602661,0,-0.0130573193727359,0,9.567453602661,-0.0130573193727359,-0.0130573193727359,-0.0130573193727359,0.0264340771076804
9.56764954052794,0,-0.00578932875863998,0,9.56764954052794,-0.00578932875863998,-0.00578932875863998,-0.00578932875863998,0.0288617279537588
9.58796747981615,0,0.00725905880614161,0,9.58796747981615,0.00725905880614161,0.00725905880614161,0.00725905880614161,0.0422687684348916
10.3415882006709,0,-0.0979591311963027,0,10.3415882006709,-0.0979591311963027,-0.0979591311963027,-0.0979591311963027,0.0379022425227411
9.03381024943225,0,-0.0258591277728825,0,9.03381024943225,-0.0258591277728825,-0.0258591277728825,-0.0258591277728825,0.0210013285642308
7.292171244769,0,0.0214216184583366,0,7.292171244769,0.0214216184583366,0.0214216184583366,0.0214216184583366,0.00787016036700002
10.6567948708008,0,0.0203455428827325,0,10.6567948708008,0.0203455428827325,0.0203455428827325,0.0203455428827325,0.0367174068081082
15.83958844307,0,0.0399832495665445,0,15.83958844307,0.0399832495665445,0.0399832495665445,0.0399832495665445,0.0130470310288665
17.7014293147066,0,0.0234372077444364,0,17.7014293147066,0.0234372077444364,0.0234372077444364,0.0234372077444364,0.0323786122878216
16.016217440795,0,-0.00369944404825601,0,16.016217440795,-0.00369944404825601,-0.00369944404825601,-0.00369944404825601,0.0376637682579198
13.5036026382197,0,0.0260526179813793,0,13.5036026382197,0.0260526179813793,0.0260526179813793,0.0260526179813793,0.0175137052055195
7.84913150076159,0,0.0206892300368871,0,7.84913150076159,0.0206892300368871,0.0206892300368871,0.0206892300368871,0.0125920499284639
11.3110693140974,0,0.00982781565554414,0,11.3110693140974,0.00982781565554414,0.00982781565554414,0.00982781565554414,0.0152975413868066
19.3344521561619,0,-0.0178892890128142,0,19.3344521561619,-0.0178892890128142,-0.0178892890128142,-0.0178892890128142,0.0322365626104049
12.3671082351961,0,0.0210231372322994,0,12.3671082351961,0.0210231372322994,0.0210231372322994,0.0210231372322994,0.0160828742749283
12.3654554745313,0,-0.0686880413546458,0,12.3654554745313,-0.0686880413546458,-0.0686880413546458,-0.0686880413546458,0.0513325050706189
19.2556223171704,0,0.0285945738844167,0,19.2556223171704,0.0285945738844167,0.0285945738844167,0.0285945738844167,0.0139726523520546
34.7312424253189,0,0.00360906084633839,0,34.7312424253189,0.00360906084633839,0.00360906084633839,0.00360906084633839,0.017575833019559
54.7209102152747,0,0.0196726221291343,0,54.7209102152747,0.0196726221291343,0.0196726221291343,0.0196726221291343,0.0109274670854921
11.6997668682815,0,-0.0454216119044559,0,11.6997668682815,-0.0454216119044559,-0.0454216119044559,-0.0454216119044559,0.105318046890987
8.22166390729103,0,0.0200227074138689,0,8.22166390729103,0.0200227074138689,0.0200227074138689,0.0200227074138689,0.0889316774406693
11.7030101268542,0,0.0664031592294417,0,11.7030101268542,0.0664031592294417,0.0664031592294417,0.0664031592294417,0.0318702419669784
7.36539602284415,0,-0.0247872150245361,0,7.36539602284415,-0.0247872150245361,-0.0247872150245361,-0.0247872150245361,0.114121672795408
9.34902839864339,0,-0.0319037471830898,0,9.34902839864339,-0.0319037471830898,-0.0319037471830898,-0.0319037471830898,0.0353702402159913
12.5616640281909,0,0.00441577973083164,0,12.5616640281909,0.00441577973083164,0.00441577973083164,0.00441577973083164,0.0138459086615911
5.28892335541574,0,-0.0722438218615433,0,5.28892335541574,-0.0722438218615433,-0.0722438218615433,-0.0722438218615433,0.0393158996396484
10.8363107906744,0,-0.028098390818107,0,10.8363107906744,-0.028098390818107,-0.028098390818107,-0.028098390818107,0.071926050301895
11.7003583105711,0,-0.00186774348468509,0,11.7003583105711,-0.00186774348468509,-0.00186774348468509,-0.00186774348468509,0.00589871207554302
14.1717804897526,0,0.027255899623745,0,14.1717804897526,0.027255899623745,0.027255899623745,0.027255899623745,0.0438772018708798
10.4916049522311,0,0.0132463173032987,0,10.4916049522311,0.0132463173032987,0.0132463173032987,0.0132463173032987,0.0267192917518445
12.491172371433,0,0.00616174807970621,0,12.491172371433,0.00616174807970621,0.00616174807970621,0.00616174807970621,0.0405245193389735
22.4190143092695,0,-0.000161199703742028,0,22.4190143092695,-0.000161199703742028,-0.000161199703742028,-0.000161199703742028,0.0167230245622351
23.3384346785706,0,0.0173424537425691,0,23.3384346785706,0.0173424537425691,0.0173424537425691,0.0173424537425691,0.0189266195413323
21.0471310356801,0,0.0617673658141888,0,21.0471310356801,0.0617673658141888,0.0617673658141888,0.0617673658141888,0.047052745863464
23.3345487277999,0,-0.0160975518856733,0,23.3345487277999,-0.0160975518856733,-0.0160975518856733,-0.0160975518856733,0.0732251775305729
142.027144302285,0,0.0480428181832702,0,142.027144302285,0.0480428181832702,0.0480428181832702,0.0480428181832702,0.0151652887885014
7.27972576920022,0,0.0159617989219509,0,7.27972576920022,0.0159617989219509,0.0159617989219509,0.0159617989219509,0.0671622808060481
15.7641037476623,0,0.0452974152246685,0,15.7641037476623,0.0452974152246685,0.0452974152246685,0.0452974152246685,0.0222639606786319
14.6925462604222,0,-0.00458452472707301,0,14.6925462604222,-0.00458452472707301,-0.00458452472707301,-0.00458452472707301,0.0444254697733256
7.79044115240101,0,0.0350532910010923,0,7.79044115240101,0.0350532910010923,0.0350532910010923,0.0350532910010923,0.0585754206769742
11.0161041029769,0,-0.0031766917676102,0,11.0161041029769,-0.0031766917676102,-0.0031766917676102,-0.0031766917676102,0.0522005254908412
11.2420027298881,0,-0.0660500012093723,0,11.2420027298881,-0.0660500012093723,-0.0660500012093723,-0.0660500012093723,0.0384705888979592
27.9381463268887,0,-0.0196646199066465,0,27.9381463268887,-0.0196646199066465,-0.0196646199066465,-0.0196646199066465,0.0266030945529787
28.4056044215739,0,-0.0234835133541325,0,28.4056044215739,-0.0234835133541325,-0.0234835133541325,-0.0234835133541325,0.0460235649191708
9.44659083119766,0,-0.0979355343768668,0,9.44659083119766,-0.0979355343768668,-0.0979355343768668,-0.0979355343768668,0.106984919191722
10.6319539160187,0,0.00587821668928426,0,10.6319539160187,0.00587821668928426,0.00587821668928426,0.00587821668928426,0.0434639030773943
31.4129223891295,0,-0.0481702543197104,0,31.4129223891295,-0.0481702543197104,-0.0481702543197104,-0.0481702543197104,0.04354801944707
NA,NA,NA,NA,NA,NA,NA,NA,NA
3.48138260502119,0,-0.0431716232209931,0,3.48138260502119,-0.0431716232209931,-0.0431716232209931,-0.0431716232209931,0.0321818721032191
5.59197431763262,0,-0.0578220526680145,0,5.59197431763262,-0.0578220526680145,-0.0578220526680145,-0.0578220526680145,0.0290843221745671
7.10118523761685,0,-0.0285278978712163,0,7.10118523761685,-0.0285278978712163,-0.0285278978712163,-0.0285278978712163,0.0595492352872805
8.39406695268219,0,0.0167837864563465,0,8.39406695268219,0.0167837864563465,0.0167837864563465,0.0167837864563465,0.0322473662392579
15.3813680380744,0,-0.0235768509494856,0,15.3813680380744,-0.0235768509494856,-0.0235768509494856,-0.0235768509494856,0.0385600790656454
10.9419857642508,0,-0.0876235523401562,0,10.9419857642508,-0.0876235523401562,-0.0876235523401562,-0.0876235523401562,0.0336377588977628
9.567453602661,0,-0.0130573193727359,0,9.567453602661,-0.0130573193727359,-0.0130573193727359,-0.0130573193727359,0.0264340771076804
9.56764954052794,0,-0.00578932875863998,0,9.56764954052794,-0.00578932875863998,-0.00578932875863998,-0.00578932875863998,0.0288617279537588
9.58796747981615,0,0.00725905880614161,0,9.58796747981615,0.00725905880614161,0.00725905880614161,0.00725905880614161,0.0422687684348916
10.3415882006709,0,-0.0979591311963027,0,10.3415882006709,-0.0979591311963027,-0.0979591311963027,-0.0979591311963027,0.0379022425227411
9.03381024943225,0,-0.0258591277728825,0,9.03381024943225,-0.0258591277728825,-0.0258591277728825,-0.0258591277728825,0.0210013285642308
7.292171244769,0,0.0214216184583366,0,7.292171244769,0.0214216184583366,0.0214216184583366,0.0214216184583366,0.00787016036700002
10.6567948708008,0,0.0203455428827325,0,10.6567948708008,0.0203455428827325,0.0203455428827325,0.0203455428827325,0.0367174068081082
15.83958844307,0,0.0399832495665445,0,15.83958844307,0.0399832495665445,0.0399832495665445,0.0399832495665445,0.0130470310288665
17.7014293147066,0,0.0234372077444364,0,17.7014293147066,0.0234372077444364,0.0234372077444364,0.0234372077444364,0.0323786122878216
16.016217440795,0,-0.00369944404825601,0,16.016217440795,-0.00369944404825601,-0.00369944404825601,-0.00369944404825601,0.0376637682579198
13.5036026382197,0,0.0260526179813793,0,13.5036026382197,0.0260526179813793,0.0260526179813793,0.0260526179813793,0.0175137052055195
7.84913150076159,0,0.0206892300368871,0,7.84913150076159,0.0206892300368871,0.0206892300368871,0.0206892300368871,0.0125920499284639
11.3110693140974,0,0.00982781565554414,0,11.3110693140974,0.00982781565554414,0.00982781565554414,0.00982781565554414,0.0152975413868066
19.3344521561619,0,-0.0178892890128142,0,19.3344521561619,-0.0178892890128142,-0.0178892890128142,-0.0178892890128142,0.0322365626104049
12.3671082351961,0,0.0210231372322994,0,12.3671082351961,0.0210231372322994,0.0210231372322994,0.0210231372322994,0.0160828742749283
12.3654554745313,0,-0.0686880413546458,0,12.3654554745313,-0.0686880413546458,-0.0686880413546458,-0.0686880413546458,0.0513325050706189
19.2556223171704,0,0.0285945738844167,0,19.2556223171704,0.0285945738844167,0.0285945738844167,0.0285945738844167,0.0139726523520546
34.7312424253189,0,0.00360906084633839,0,34.7312424253189,0.00360906084633839,0.00360906084633839,0.00360906084633839,0.017575833019559
54.7209102152747,0,0.0196726221291343,0,54.7209102152747,0.0196726221291343,0.0196726221291343,0.0196726221291343,0.0109274670854921
11.6997668682815,0,-0.0454216119044559,0,11.6997668682815,-0.0454216119044559,-0.0454216119044559,-0.0454216119044559,0.105318046890987
8.22166390729103,0,0.0200227074138689,0,8.22166390729103,0.0200227074138689,0.0200227074138689,0.0200227074138689,0.0889316774406693
11.7030101268542,0,0.0664031592294417,0,11.7030101268542,0.0664031592294417,0.0664031592294417,0.0664031592294417,0.0318702419669784
7.36539602284415,0,-0.0247872150245361,0,7.36539602284415,-0.0247872150245361,-0.0247872150245361,-0.0247872150245361,0.114121672795408
9.34902839864339,0,-0.0319037471830898,0,9.34902839864339,-0.0319037471830898,-0.0319037471830898,-0.0319037471830898,0.0353702402159913
12.5616640281909,0,0.00441577973083164,0,12.5616640281909,0.00441577973083164,0.00441577973083164,0.00441577973083164,0.0138459086615911
5.28892335541574,0,-0.0722438218615433,0,5.28892335541574,-0.0722438218615433,-0.0722438218615433,-0.0722438218615433,0.0393158996396484
10.8363107906744,0,-0.028098390818107,0,10.8363107906744,-0.028098390818107,-0.028098390818107,-0.028098390818107,0.071926050301895
11.7003583105711,0,-0.00186774348468509,0,11.7003583105711,-0.00186774348468509,-0.00186774348468509,-0.00186774348468509,0.00589871207554302
14.1717804897526,0,0.027255899623745,0,14.1717804897526,0.027255899623745,0.027255899623745,0.027255899623745,0.0438772018708798
10.4916049522311,0,0.0132463173032987,0,10.4916049522311,0.0132463173032987,0.0132463173032987,0.0132463173032987,0.0267192917518445
12.491172371433,0,0.00616174807970621,0,12.491172371433,0.00616174807970621,0.00616174807970621,0.00616174807970621,0.0405245193389735
22.4190143092695,0,-0.000161199703742028,0,22.4190143092695,-0.000161199703742028,-0.000161199703742028,-0.000161199703742028,0.0167230245622351
23.3384346785706,0,0.0173424537425691,0,23.3384346785706,0.0173424537425691,0.0173424537425691,0.0173424537425691,0.0189266195413323
21.0471310356801,0,0.0617673658141888,0,21.0471310356801,0.0617673658141888,0.0617673658141888,0.0617673658141888,0.047052745863464
23.3345487277999,0,-0.0160975518856733,0,23.3345487277999,-0.0160975518856733,-0.0160975518856733,-0.0160975518856733,0.0732251775305729
142.027144302285,0,0.0480428181832702,0,142.027144302285,0.0480428181832702,0.0480428181832702,0.0480428181832702,0.0151652887885014
7.27972576920022,0,0.0159617989219509,0,7.27972576920022,0.0159617989219509,0.0159617989219509,0.0159617989219509,0.0671622808060481
15.7641037476623,0,0.0452974152246685,0,15.7641037476623,0.0452974152246685,0.0452974152246685,0.0452974152246685,0.0222639606786319
14.6925462604222,0,-0.00458452472707301,0,14.6925462604222,-0.00458452472707301,-0.00458452472707301,-0.00458452472707301,0.0444254697733256
7.79044115240101,0,0.0350532910010923,0,7.79044115240101,0.0350532910010923,0.0350532910010923,0.0350532910010923,0.0585754206769742
11.0161041029769,0,-0.0031766917676102,0,11.0161041029769,-0.0031766917676102,-0.0031766917676102,-0.0031766917676102,0.0522005254908412
11.2420027298881,0,-0.0660500012093723,0,11.2420027298881,-0.0660500012093723,-0.0660500012093723,-0.0660500012093723,0.0384705888979592
27.9381463268887,0,-0.0196646199066465,0,27.9381463268887,-0.0196646199066465,-0.0196646199066465,-0.0196646199066465,0.0266030945529787
28.4056044215739,0,-0.0234835133541325,0,28.4056044215739,-0.0234835133541325,-0.0234835133541325,-0.0234835133541325,0.0460235649191708
9.44659083119766,0,-0.0979355343768668,0,9.44659083119766,-0.0979355343768668,-0.0979355343768668,-0.0979355343768668,0.106984919191722
10.6319539160187,0,0.00587821668928426,0,10.6319539160187,0.00587821668928426,0.00587821668928426,0.00587821668928426,0.0434639030773943
31.4129223891295,0,-0.0481702543197104,0,31.4129223891295,-0.0481702543197104,-0.0481702543197104,-0.0481702543197104,0.04354801944707
NA,NA,NA,NA,NA,NA,NA,NA,NA
3.48138260502119,0,-0.0431716232209931,0,3.48138260502119,-0.0431716232209931,-0.0431716232209931,-0.0431716232209931,0.0321818721032191
5.59197431763262,0,-0.0578220526680145,0,5.59197431763262,-0.0578220526680145,-0.0578220526680145,-0.0578220526680145,0.0290843221745671
7.10118523761685,0,-0.0285278978712163,0,7.10118523761685,-0.0285278978712163,-0.0285278978712163,-0.0285278978712163,0.0595492352872805
8.39406695268219,0,0.0167837864563465,0,8.39406695268219,0.0167837864563465,0.0167837864563465,0.0167837864563465,0.0322473662392579
15.3813680380744,0,-0.0235768509494856,0,15.3813680380744,-0.0235768509494856,-0.0235768509494856,-0.0235768509494856,0.0385600790656454
10.9419857642508,0,-0.0876235523401562,0,10.9419857642508,-0.0876235523401562,-0.0876235523401562,-0.0876235523401562,0.0336377588977628
9.567453602661,0,-0.0130573193727359,0,9.567453602661,-0.0130573193727359,-0.0130573193727359,-0.0130573193727359,0.0264340771076804
9.56764954052794,0,-0.00578932875863998,0,9.56764954052794,-0.00578932875863998,-0.00578932875863998,-0.00578932875863998,0.0288617279537588
9.58796747981615,0,0.00725905880614161,0,9.58796747981615,0.00725905880614161,0.00725905880614161,0.00725905880614161,0.0422687684348916
10.3415882006709,0,-0.0979591311963027,0,10.3415882006709,-0.0979591311963027,-0.0979591311963027,-0.0979591311963027,0.0379022425227411
9.03381024943225,0,-0.0258591277728825,0,9.03381024943225,-0.0258591277728825,-0.0258591277728825,-0.0258591277728825,0.0210013285642308
7.292171244769,0,0.0214216184583366,0,7.292171244769,0.0214216184583366,0.0214216184583366,0.0214216184583366,0.00787016036700002
10.6567948708008,0,0.0203455428827325,0,10.6567948708008,0.0203455428827325,0.0203455428827325,0.0203455428827325,0.0367174068081082
15.83958844307,0,0.0399832495665445,0,15.83958844307,0.0399832495665445,0.0399832495665445,0.0399832495665445,0.0130470310288665
17.7014293147066,0,0.0234372077444364,0,17.7014293147066,0.0234372077444364,0.0234372077444364,0.0234372077444364,0.0323786122878216
16.016217440795,0,-0.00369944404825601,0,16.016217440795,-0.00369944404825601,-0.00369944404825601,-0.00369944404825601,0.0376637682579198
13.5036026382197,0,0.0260526179813793,0,13.5036026382197,0.0260526179813793,0.0260526179813793,0.0260526179813793,0.0175137052055195
7.84913150076159,0,0.0206892300368871,0,7.84913150076159,0.0206892300368871,0.0206892300368871,0.0206892300368871,0.0125920499284639
11.3110693140974,0,0.00982781565554414,0,11.3110693140974,0.00982781565554414,0.00982781565554414,0.00982781565554414,0.0152975413868066
19.3344521561619,0,-0.0178892890128142,0,19.3344521561619,-0.0178892890128142,-0.0178892890128142,-0.0178892890128142,0.0322365626104049
12.3671082351961,0,0.0210231372322994,0,12.3671082351961,0.0210231372322994,0.0210231372322994,0.0210231372322994,0.0160828742749283
12.3654554745313,0,-0.0686880413546458,0,12.3654554745313,-0.0686880413546458,-0.0686880413546458,-0.0686880413546458,0.0513325050706189
19.2556223171704,0,0.0285945738844167,0,19.2556223171704,0.0285945738844167,0.0285945738844167,0.0285945738844167,0.0139726523520546
34.7312424253189,0,0.00360906084633839,0,34.7312424253189,0.00360906084633839,0.00360906084633839,0.00360906084633839,0.017575833019559
54.7209102152747,0,0.0196726221291343,0,54.7209102152747,0.0196726221291343,0.0196726221291343,0.0196726221291343,0.0109274670854921
11.6997668682815,0,-0.0454216119044559,0,11.6997668682815,-0.0454216119044559,-0.0454216119044559,-0.0454216119044559,0.105318046890987
8.22166390729103,0,0.0200227074138689,0,8.22166390729103,0.0200227074138689,0.0200227074138689,0.0200227074138689,0.0889316774406693
11.7030101268542,0,0.0664031592294417,0,11.7030101268542,0.0664031592294417,0.0664031592294417,0.0664031592294417,0.0318702419669784
7.36539602284415,0,-0.0247872150245361,0,7.36539602284415,-0.0247872150245361,-0.0247872150245361,-0.0247872150245361,0.114121672795408
9.34902839864339,0,-0.0319037471830898,0,9.34902839864339,-0.0319037471830898,-0.0319037471830898,-0.0319037471830898,0.0353702402159913
12.5616640281909,0,0.00441577973083164,0,12.5616640281909,0.00441577973083164,0.00441577973083164,0.00441577973083164,0.0138459086615911
5.28892335541574,0,-0.0722438218615433,0,5.28892335541574,-0.0722438218615433,-0.0722438218615433,-0.0722438218615433,0.0393158996396484
10.8363107906744,0,-0.028098390818107,0,10.8363107906744,-0.028098390818107,-0.028098390818107,-0.028098390818107,0.071926050301895
11.7003583105711,0,-0.00186774348468509,0,11.7003583105711,-0.00186774348468509,-0.00186774348468509,-0.00186774348468509,0.00589871207554302
14.1717804897526,0,0.027255899623745,0,14.1717804897526,0.027255899623745,0.027255899623745,0.027255899623745,0.0438772018708798
10.4916049522311,0,0.0132463173032987,0,10.4916049522311,0.0132463173032987,0.0132463173032987,0.0132463173032987,0.0267192917518445
12.491172371433,0,0.00616174807970621,0,12.491172371433,0.00616174807970621,0.00616174807970621,0.00616174807970621,0.0405245193389735
22.4190143092695,0,-0.000161199703742028,0,22.4190143092695,-0.000161199703742028,-0.000161199703742028,-0.000161199703742028,0.0167230245622351
23.3384346785706,0,0.0173424537425691,0,23.3384346785706,0.0173424537425691,0.0173424537425691,0.0173424537425691,0.0189266195413323
21.0471310356801,0,0.0617673658141888,0,21.0471310356801,0.0617673658141888,0.0617673658141888,0.0617673658141888,0.047052745863464
23.3345487277999,0,-0.0160975518856733,0,23.3345487277999,-0.0160975518856733,-0.0160975518856733,-0.0160975518856733,0.0732251775305729
142.027144302285,0,0.0480428181832702,0,142.027144302285,0.0480428181832702,0.0480428181832702,0.0480428181832702,0.0151652887885014
7.27972576920022,0,0.0159617989219509,0,7.27972576920022,0.0159617989219509,0.0159617989219509,0.0159617989219509,0.0671622808060481
15.7641037476623,0,0.0452974152246685,0,15.7641037476623,0.0452974152246685,0.0452974152246685,0.0452974152246685,0.0222639606786319
14.6925462604222,0,-0.00458452472707301,0,14.6925462604222,-0.00458452472707301,-0.00458452472707301,-0.00458452472707301,0.0444254697733256
7.79044115240101,0,0.0350532910010923,0,7.79044115240101,0.0350532910010923,0.0350532910010923,0.0350532910010923,0.0585754206769742
11.0161041029769,0,-0.0031766917676102,0,11.0161041029769,-0.0031766917676102,-0.0031766917676102,-0.0031766917676102,0.0522005254908412
11.2420027298881,0,-0.0660500012093723,0,11.2420027298881,-0.0660500012093723,-0.0660500012093723,-0.0660500012093723,0.0384705888979592
27.9381463268887,0,-0.0196646199066465,0,27.9381463268887,-0.0196646199066465,-0.0196646199066465,-0.0196646199066465,0.0266030945529787
28.4056044215739,0,-0.0234835133541325,0,28.4056044215739,-0.0234835133541325,-0.0234835133541325,-0.0234835133541325,0.0460235649191708
9.44659083119766,0,-0.0979355343768668,0,9.44659083119766,-0.0979355343768668,-0.0979355343768668,-0.0979355343768668,0.106984919191722
10.6319539160187,0,0.00587821668928426,0,10.6319539160187,0.00587821668928426,0.00587821668928426,0.00587821668928426,0.0434639030773943
31.4129223891295,0,-0.0481702543197104,0,31.4129223891295,-0.0481702543197104,-0.0481702543197104,-0.0481702543197104,0.04354801944707
NA,NA,NA,NA,NA,NA,NA,NA,NA
3.48138260502119,0,-0.0431716232209931,0,3.48138260502119,-0.0431716232209931,-0.0431716232209931,-0.0431716232209931,0.0321818721032191
5.59197431763262,0,-0.0578220526680145,0,5.59197431763262,-0.0578220526680145,-0.0578220526680145,-0.0578220526680145,0.0290843221745671
7.10118523761685,0,-0.0285278978712163,0,7.10118523761685,-0.0285278978712163,-0.0285278978712163,-0.0285278978712163,0.0595492352872805
8.39406695268219,0,0.0167837864563465,0,8.39406695268219,0.0167837864563465,0.0167837864563465,0.0167837864563465,0.0322473662392579
15.3813680380744,0,-0.0235768509494856,0,15.3813680380744,-0.0235768509494856,-0.0235768509494856,-0.0235768509494856,0.0385600790656454
10.9419857642508,0,-0.0876235523401562,0,10.9419857642508,-0.0876235523401562,-0.0876235523401562,-0.0876235523401562,0.0336377588977628
9.567453602661,0,-0.0130573193727359,0,9.567453602661,-0.0130573193727359,-0.0130573193727359,-0.0130573193727359,0.0264340771076804
9.56764954052794,0,-0.00578932875863998,0,9.56764954052794,-0.00578932875863998,-0.00578932875863998,-0.00578932875863998,0.0288617279537588
9.58796747981615,0,0.00725905880614161,0,9.58796747981615,0.00725905880614161,0.00725905880614161,0.00725905880614161,0.0422687684348916
10.3415882006709,0,-0.0979591311963027,0,10.3415882006709,-0.0979591311963027,-0.0979591311963027,-0.0979591311963027,0.0379022425227411
9.03381024943225,0,-0.0258591277728825,0,9.03381024943225,-0.0258591277728825,-0.0258591277728825,-0.0258591277728825,0.0210013285642308
7.292171244769,0,0.0214216184583366,0,7.292171244769,0.0214216184583366,0.0214216184583366,0.0214216184583366,0.00787016036700002
10.6567948708008,0,0.0203455428827325,0,10.6567948708008,0.0203455428827325,0.0203455428827325,0.0203455428827325,0.0367174068081082
15.83958844307,0,0.0399832495665445,0,15.83958844307,0.0399832495665445,0.0399832495665445,0.0399832495665445,0.0130470310288665
17.7014293147066,0,0.0234372077444364,0,17.7014293147066,0.0234372077444364,0.0234372077444364,0.0234372077444364,0.0323786122878216
16.016217440795,0,-0.00369944404825601,0,16.016217440795,-0.00369944404825601,-0.00369944404825601,-0.00369944404825601,0.0376637682579198
13.5036026382197,0,0.0260526179813793,0,13.5036026382197,0.0260526179813793,0.0260526179813793,0.0260526179813793,0.0175137052055195
7.84913150076159,0,0.0206892300368871,0,7.84913150076159,0.0206892300368871,0.0206892300368871,0.0206892300368871,0.0125920499284639
11.3110693140974,0,0.00982781565554414,0,11.3110693140974,0.00982781565554414,0.00982781565554414,0.00982781565554414,0.0152975413868066
19.3344521561619,0,-0.0178892890128142,0,19.3344521561619,-0.0178892890128142,-0.0178892890128142,-0.0178892890128142,0.0322365626104049
12.3671082351961,0,0.0210231372322994,0,12.3671082351961,0.0210231372322994,0.0210231372322994,0.0210231372322994,0.0160828742749283
12.3654554745313,0,-0.0686880413546458,0,12.3654554745313,-0.0686880413546458,-0.0686880413546458,-0.0686880413546458,0.0513325050706189
19.2556223171704,0,0.0285945738844167,0,19.2556223171704,0.0285945738844167,0.0285945738844167,0.0285945738844167,0.0139726523520546
34.7312424253189,0,0.00360906084633839,0,34.7312424253189,0.00360906084633839,0.00360906084633839,0.00360906084633839,0.017575833019559
54.7209102152747,0,0.0196726221291343,0,54.7209102152747,0.0196726221291343,0.0196726221291343,0.0196726221291343,0.0109274670854921
11.6997668682815,0,-0.0454216119044559,0,11.6997668682815,-0.0454216119044559,-0.0454216119044559,-0.0454216119044559,0.105318046890987
8.22166390729103,0,0.0200227074138689,0,8.22166390729103,0.0200227074138689,0.0200227074138689,0.0200227074138689,0.0889316774406693
11.7030101268542,0,0.0664031592294417,0,11.7030101268542,0.0664031592294417,0.0664031592294417,0.0664031592294417,0.0318702419669784
7.36539602284415,0,-0.0247872150245361,0,7.36539602284415,-0.0247872150245361,-0.0247872150245361,-0.0247872150245361,0.114121672795408
9.34902839864339,0,-0.0319037471830898,0,9.34902839864339,-0.0319037471830898,-0.0319037471830898,-0.0319037471830898,0.0353702402159913
12.5616640281909,0,0.00441577973083164,0,12.5616640281909,0.00441577973083164,0.00441577973083164,0.00441577973083164,0.0138459086615911
5.28892335541574,0,-0.0722438218615433,0,5.28892335541574,-0.0722438218615433,-0.0722438218615433,-0.0722438218615433,0.0393158996396484
10.8363107906744,0,-0.028098390818107,0,10.8363107906744,-0.028098390818107,-0.028098390818107,-0.028098390818107,0.071926050301895
11.7003583105711,0,-0.00186774348468509,0,11.7003583105711,-0.00186774348468509,-0.00186774348468509,-0.00186774348468509,0.00589871207554302
14.1717804897526,0,0.027255899623745,0,14.1717804897526,0.027255899623745,0.027255899623745,0.027255899623745,0.0438772018708798
10.4916049522311,0,0.0132463173032987,0,10.4916049522311,0.0132463173032987,0.0132463173032987,0.0132463173032987,0.0267192917518445
12.491172371433,0,0.00616174807970621,0,12.491172371433,0.00616174807970621,0.00616174807970621,0.00616174807970621,0.0405245193389735
22.4190143092695,0,-0.000161199703742028,0,22.4190143092695,-0.000161199703742028,-0.000161199703742028,-0.000161199703742028,0.0167230245622351
23.3384346785706,0,0.0173424537425691,0,23.3384346785706,0.0173424537425691,0.0173424537425691,0.0173424537425691,0.0189266195413323
21.0471310356801,0,0.0617673658141888,0,21.0471310356801,0.0617673658141888,0.0617673658141888,0.0617673658141888,0.047052745863464
23.3345487277999,0,-0.0160975518856733,0,23.3345487277999,-0.0160975518856733,-0.0160975518856733,-0.0160975518856733,0.0732251775305729
142.027144302285,0,0.0480428181832702,0,142.027144302285,0.0480428181832702,0.0480428181832702,0.0480428181832702,0.0151652887885014
7.27972576920022,0,0.0159617989219509,0,7.27972576920022,0.0159617989219509,0.0159617989219509,0.0159617989219509,0.0671622808060481
15.7641037476623,0,0.0452974152246685,0,15.7641037476623,0.0452974152246685,0.0452974152246685,0.0452974152246685,0.0222639606786319
14.6925462604222,0,-0.00458452472707301,0,14.6925462604222,-0.00458452472707301,-0.00458452472707301,-0.00458452472707301,0.0444254697733256
7.79044115240101,0,0.0350532910010923,0,7.79044115240101,0.0350532910010923,0.0350532910010923,0.0350532910010923,0.0585754206769742
11.0161041029769,0,-0.0031766917676102,0,11.0161041029769,-0.0031766917676102,-0.0031766917676102,-0.0031766917676102,0.0522005254908412
11.2420027298881,0,-0.0660500012093723,0,11.2420027298881,-0.0660500012093723,-0.0660500012093723,-0.0660500012093723,0.0384705888979592
27.9381463268887,0,-0.0196646199066465,0,27.9381463268887,-0.0196646199066465,-0.0196646199066465,-0.0196646199066465,0.0266030945529787
28.4056044215739,0,-0.0234835133541325,0,28.4056044215739,-0.0234835133541325,-0.0234835133541325,-0.0234835133541325,0.0460235649191708
9.44659083119766,0,-0.0979355343768668,0,9.44659083119766,-0.0979355343768668,-0.0979355343768668,-0.0979355343768668,0.106984919191722
10.6319539160187,0,0.00587821668928426,0,10.6319539160187,0.00587821668928426,0.00587821668928426,0.00587821668928426,0.0434639030773943
31.4129223891295,0,-0.0481702543197104,0,31.4129223891295,-0.0481702543197104,-0.0481702543197104,-0.0481702543197104,0.04354801944707
NA,NA,NA,NA,NA,NA,NA,NA,NA
3.48138260502119,0,-0.0431716232209931,0,3.48138260502119,-0.0431716232209931,-0.0431716232209931,-0.0431716232209931,0.0321818721032191
5.59197431763262,0,-0.0578220526680145,0,5.59197431763262,-0.0578220526680145,-0.0578220526680145,-0.0578220526680145,0.0290843221745671
7.10118523761685,0,-0.0285278978712163,0,7.10118523761685,-0.0285278978712163,-0.0285278978712163,-0.0285278978712163,0.0595492352872805
8.39406695268219,0,0.0167837864563465,0,8.39406695268219,0.0167837864563465,0.0167837864563465,0.0167837864563465,0.0322473662392579
15.3813680380744,0,-0.0235768509494856,0,15.3813680380744,-0.0235768509494856,-0.0235768509494856,-0.0235768509494856,0.0385600790656454
10.9419857642508,0,-0.0876235523401562,0,10.9419857642508,-0.0876235523401562,-0.0876235523401562,-0.0876235523401562,0.0336377588977628
9.567453602661,0,-0.0130573193727359,0,9.567453602661,-0.0130573193727359,-0.0130573193727359,-0.0130573193727359,0.0264340771076804
9.56764954052794,0,-0.00578932875863998,0,9.56764954052794,-0.00578932875863998,-0.00578932875863998,-0.00578932875863998,0.0288617279537588
9.58796747981615,0,0.00725905880614161,0,9.58796747981615,0.00725905880614161,0.00725905880614161,0.00725905880614161,0.0422687684348916
10.3415882006709,0,-0.0979591311963027,0,10.3415882006709,-0.0979591311963027,-0.0979591311963027,-0.0979591311963027,0.0379022425227411
9.03381024943225,0,-0.0258591277728825,0,9.03381024943225,-0.0258591277728825,-0.0258591277728825,-0.0258591277728825,0.0210013285642308
7.292171244769,0,0.0214216184583366,0,7.292171244769,0.0214216184583366,0.0214216184583366,0.0214216184583366,0.00787016036700002
10.6567948708008,0,0.0203455428827325,0,10.6567948708008,0.0203455428827325,0.0203455428827325,0.0203455428827325,0.0367174068081082
15.83958844307,0,0.0399832495665445,0,15.83958844307,0.0399832495665445,0.0399832495665445,0.0399832495665445,0.0130470310288665
17.7014293147066,0,0.0234372077444364,0,17.7014293147066,0.0234372077444364,0.0234372077444364,0.0234372077444364,0.0323786122878216
16.016217440795,0,-0.00369944404825601,0,16.016217440795,-0.00369944404825601,-0.00369944404825601,-0.00369944404825601,0.0376637682579198
13.5036026382197,0,0.0260526179813793,0,13.5036026382197,0.0260526179813793,0.0260526179813793,0.0260526179813793,0.0175137052055195
7.84913150076159,0,0.0206892300368871,0,7.84913150076159,0.0206892300368871,0.0206892300368871,0.0206892300368871,0.0125920499284639
11.3110693140974,0,0.00982781565554414,0,11.3110693140974,0.00982781565554414,0.00982781565554414,0.00982781565554414,0.0152975413868066
19.3344521561619,0,-0.0178892890128142,0,19.3344521561619,-0.0178892890128142,-0.0178892890128142,-0.0178892890128142,0.0322365626104049
12.3671082351961,0,0.0210231372322994,0,12.3671082351961,0.0210231372322994,0.0210231372322994,0.0210231372322994,0.0160828742749283
12.3654554745313,0,-0.0686880413546458,0,12.3654554745313,-0.0686880413546458,-0.0686880413546458,-0.0686880413546458,0.0513325050706189
19.2556223171704,0,0.0285945738844167,0,19.2556223171704,0.0285945738844167,0.0285945738844167,0.0285945738844167,0.0139726523520546
34.7312424253189,0,0.00360906084633839,0,34.7312424253189,0.00360906084633839,0.00360906084633839,0.00360906084633839,0.017575833019559
54.7209102152747,0,0.0196726221291343,0,54.7209102152747,0.0196726221291343,0.0196726221291343,0.0196726221291343,0.0109274670854921
11.6997668682815,0,-0.0454216119044559,0,11.6997668682815,-0.0454216119044559,-0.0454216119044559,-0.0454216119044559,0.105318046890987
8.22166390729103,0,0.0200227074138689,0,8.22166390729103,0.0200227074138689,0.0200227074138689,0.0200227074138689,0.0889316774406693
11.7030101268542,0,0.0664031592294417,0,11.7030101268542,0.0664031592294417,0.0664031592294417,0.0664031592294417,0.0318702419669784
7.36539602284415,0,-0.0247872150245361,0,7.36539602284415,-0.0247872150245361,-0.0247872150245361,-0.0247872150245361,0.114121672795408
9.34902839864339,0,-0.0319037471830898,0,9.34902839864339,-0.0319037471830898,-0.0319037471830898,-0.0319037471830898,0.0353702402159913
12.5616640281909,0,0.00441577973083164,0,12.5616640281909,0.00441577973083164,0.00441577973083164,0.00441577973083164,0.0138459086615911
5.28892335541574,0,-0.0722438218615433,0,5.28892335541574,-0.0722438218615433,-0.0722438218615433,-0.0722438218615433,0.0393158996396484
10.8363107906744,0,-0.028098390818107,0,10.8363107906744,-0.028098390818107,-0.028098390818107,-0.028098390818107,0.071926050301895
11.7003583105711,0,-0.00186774348468509,0,11.7003583105711,-0.00186774348468509,-0.00186774348468509,-0.00186774348468509,0.00589871207554302
14.1717804897526,0,0.027255899623745,0,14.1717804897526,0.027255899623745,0.027255899623745,0.027255899623745,0.0438772018708798
10.4916049522311,0,0.0132463173032987,0,10.4916049522311,0.0132463173032987,0.0132463173032987,0.0132463173032987,0.0267192917518445
12.491172371433,0,0.00616174807970621,0,12.491172371433,0.00616174807970621,0.00616174807970621,0.00616174807970621,0.0405245193389735
22.4190143092695,0,-0.000161199703742028,0,22.4190143092695,-0.000161199703742028,-0.000161199703742028,-0.000161199703742028,0.0167230245622351
23.3384346785706,0,0.0173424537425691,0,23.3384346785706,0.0173424537425691,0.0173424537425691,0.0173424537425691,0.0189266195413323
21.0471310356801,0,0.0617673658141888,0,21.0471310356801,0.0617673658141888,0.0617673658141888,0.0617673658141888,0.047052745863464
23.3345487277999,0,-0.0160975518856733,0,23.3345487277999,-0.0160975518856733,-0.0160975518856733,-0.0160975518856733,0.0732251775305729
142.027144302285,0,0.0480428181832702,0,142.027144302285,0.0480428181832702,0.0480428181832702,0.0480428181832702,0.0151652887885014
7.27972576920022,0,0.0159617989219509,0,7.27972576920022,0.0159617989219509,0.0159617989219509,0.0159617989219509,0.0671622808060481
15.7641037476623,0,0.0452974152246685,0,15.7641037476623,0.0452974152246685,0.0452974152246685,0.0452974152246685,0.0222639606786319
14.6925462604222,0,-0.00458452472707301,0,14.6925462604222,-0.00458452472707301,-0.00458452472707301,-0.00458452472707301,0.0444254697733256
7.79044115240101,0,0.0350532910010923,0,7.79044115240101,0.0350532910010923,0.0350532910010923,0.0350532910010923,0.0585754206769742
11.0161041029769,0,-0.0031766917676102,0,11.0161041029769,-0.0031766917676102,-0.0031766917676102,-0.0031766917676102,0.0522005254908412
11.2420027298881,0,-0.0660500012093723,0,11.2420027298881,-0.0660500012093723,-0.0660500012093723,-0.0660500012093723,0.0384705888979592
27.9381463268887,0,-0.0196646199066465,0,27.9381463268887,-0.0196646199066465,-0.0196646199066465,-0.0196646199066465,0.0266030945529787
28.4056044215739,0,-0.0234835133541325,0,28.4056044215739,-0.0234835133541325,-0.0234835133541325,-0.0234835133541325,0.0460235649191708
9.44659083119766,0,-0.0979355343768668,0,9.44659083119766,-0.0979355343768668,-0.0979355343768668,-0.0979355343768668,0.106984919191722
10.6319539160187,0,0.00587821668928426,0,10.6319539160187,0.00587821668928426,0.00587821668928426,0.00587821668928426,0.0434639030773943
31.4129223891295,0,-0.0481702543197104,0,31.4129223891295,-0.0481702543197104,-0.0481702543197104,-0.0481702543197104,0.04354801944707
NA,NA,NA,NA,NA,NA,NA,NA,NA
3.48138260502119,0,-0.0431716232209931,0,3.48138260502119,-0.0431716232209931,-0.0431716232209931,-0.0431716232209931,0.0321818721032191
5.59197431763262,0,-0.0578220526680145,0,5.59197431763262,-0.0578220526680145,-0.0578220526680145,-0.0578220526680145,0.0290843221745671
7.10118523761685,0,-0.0285278978712163,0,7.10118523761685,-0.0285278978712163,-0.0285278978712163,-0.0285278978712163,0.0595492352872805
8.39406695268219,0,0.0167837864563465,0,8.39406695268219,0.0167837864563465,0.0167837864563465,0.0167837864563465,0.0322473662392579
15.3813680380744,0,-0.0235768509494856,0,15.3813680380744,-0.0235768509494856,-0.0235768509494856,-0.0235768509494856,0.0385600790656454
10.9419857642508,0,-0.0876235523401562,0,10.9419857642508,-0.0876235523401562,-0.0876235523401562,-0.0876235523401562,0.0336377588977628
9.567453602661,0,-0.0130573193727359,0,9.567453602661,-0.0130573193727359,-0.0130573193727359,-0.0130573193727359,0.0264340771076804
9.56764954052794,0,-0.00578932875863998,0,9.56764954052794,-0.00578932875863998,-0.00578932875863998,-0.00578932875863998,0.0288617279537588
9.58796747981615,0,0.00725905880614161,0,9.58796747981615,0.00725905880614161,0.00725905880614161,0.00725905880614161,0.0422687684348916
10.3415882006709,0,-0.0979591311963027,0,10.3415882006709,-0.0979591311963027,-0.0979591311963027,-0.0979591311963027,0.0379022425227411
9.03381024943225,0,-0.0258591277728825,0,9.03381024943225,-0.0258591277728825,-0.0258591277728825,-0.0258591277728825,0.0210013285642308
7.292171244769,0,0.0214216184583366,0,7.292171244769,0.0214216184583366,0.0214216184583366,0.0214216184583366,0.00787016036700002
10.6567948708008,0,0.0203455428827325,0,10.6567948708008,0.0203455428827325,0.0203455428827325,0.0203455428827325,0.0367174068081082
15.83958844307,0,0.0399832495665445,0,15.83958844307,0.0399832495665445,0.0399832495665445,0.0399832495665445,0.0130470310288665
17.7014293147066,0,0.0234372077444364,0,17.7014293147066,0.0234372077444364,0.0234372077444364,0.0234372077444364,0.0323786122878216
16.016217440795,0,-0.00369944404825601,0,16.016217440795,-0.00369944404825601,-0.00369944404825601,-0.00369944404825601,0.0376637682579198
13.5036026382197,0,0.0260526179813793,0,13.5036026382197,0.0260526179813793,0.0260526179813793,0.0260526179813793,0.0175137052055195
7.84913150076159,0,0.0206892300368871,0,7.84913150076159,0.0206892300368871,0.0206892300368871,0.0206892300368871,0.0125920499284639
11.3110693140974,0,0.00982781565554414,0,11.3110693140974,0.00982781565554414,0.00982781565554414,0.00982781565554414,0.0152975413868066
19.3344521561619,0,-0.0178892890128142,0,19.3344521561619,-0.0178892890128142,-0.0178892890128142,-0.0178892890128142,0.0322365626104049
12.3671082351961,0,0.0210231372322994,0,12.3671082351961,0.0210231372322994,0.0210231372322994,0.0210231372322994,0.0160828742749283
12.3654554745313,0,-0.0686880413546458,0,12.3654554745313,-0.0686880413546458,-0.0686880413546458,-0.0686880413546458,0.0513325050706189
19.2556223171704,0,0.0285945738844167,0,19.2556223171704,0.0285945738844167,0.0285945738844167,0.0285945738844167,0.0139726523520546
34.7312424253189,0,0.00360906084633839,0,34.7312424253189,0.00360906084633839,0.00360906084633839,0.00360906084633839,0.017575833019559
54.7209102152747,0,0.0196726221291343,0,54.7209102152747,0.0196726221291343,0.0196726221291343,0.0196726221291343,0.0109274670854921
11.6997668682815,0,-0.0454216119044559,0,11.6997668682815,-0.0454216119044559,-0.0454216119044559,-0.0454216119044559,0.105318046890987
8.22166390729103,0,0.0200227074138689,0,8.22166390729103,0.0200227074138689,0.0200227074138689,0.0200227074138689,0.0889316774406693
11.7030101268542,0,0.0664031592294417,0,11.7030101268542,0.0664031592294417,0.0664031592294417,0.0664031592294417,0.0318702419669784
7.36539602284415,0,-0.0247872150245361,0,7.36539602284415,-0.0247872150245361,-0.0247872150245361,-0.0247872150245361,0.114121672795408
9.34902839864339,0,-0.0319037471830898,0,9.34902839864339,-0.0319037471830898,-0.0319037471830898,-0.0319037471830898,0.0353702402159913
12.5616640281909,0,0.00441577973083164,0,12.5616640281909,0.00441577973083164,0.00441577973083164,0.00441577973083164,0.0138459086615911
5.28892335541574,0,-0.0722438218615433,0,5.28892335541574,-0.0722438218615433,-0.0722438218615433,-0.0722438218615433,0.0393158996396484
10.8363107906744,0,-0.028098390818107,0,10.8363107906744,-0.028098390818107,-0.028098390818107,-0.028098390818107,0.071926050301895
11.7003583105711,0,-0.00186774348468509,0,11.7003583105711,-0.00186774348468509,-0.00186774348468509,-0.00186774348468509,0.00589871207554302
14.1717804897526,0,0.027255899623745,0,14.1717804897526,0.027255899623745,0.027255899623745,0.027255899623745,0.0438772018708798
10.4916049522311,0,0.0132463173032987,0,10.4916049522311,0.0132463173032987,0.0132463173032987,0.0132463173032987,0.0267192917518445
12.491172371433,0,0.00616174807970621,0,12.491172371433,0.00616174807970621,0.00616174807970621,0.00616174807970621,0.0405245193389735
22.4190143092695,0,-0.000161199703742028,0,22.4190143092695,-0.000161199703742028,-0.000161199703742028,-0.000161199703742028,0.0167230245622351
23.3384346785706,0,0.0173424537425691,0,23.3384346785706,0.0173424537425691,0.0173424537425691,0.0173424537425691,0.0189266195413323
21.0471310356801,0,0.0617673658141888,0,21.0471310356801,0.0617673658141888,0.0617673658141888,0.0617673658141888,0.047052745863464
21.8869961720114,0,0.0899308852467232,0,21.8869961720114,0.0899308852467232,0.0899308852467232,0.0899308852467232,0.0763185175600446
142.027144302285,0,0.0480428181832702,0,142.027144302285,0.0480428181832702,0.0480428181832702,0.0480428181832702,0.0151652887885014
7.27972576920022,0,0.0159617989219509,0,7.27972576920022,0.0159617989219509,0.0159617989219509,0.0159617989219509,0.0671622808060481
15.7641037476623,0,0.0452974152246685,0,15.7641037476623,0.0452974152246685,0.0452974152246685,0.0452974152246685,0.0222639606786319
14.6925462604222,0,-0.00458452472707301,0,14.6925462604222,-0.00458452472707301,-0.00458452472707301,-0.00458452472707301,0.0444254697733256
7.79044115240101,0,0.0350532910010923,0,7.79044115240101,0.0350532910010923,0.0350532910010923,0.0350532910010923,0.0585754206769742
11.0161041029769,0,-0.0031766917676102,0,11.0161041029769,-0.0031766917676102,-0.0031766917676102,-0.0031766917676102,0.0522005254908412
11.2420027298881,0,-0.0660500012093723,0,11.2420027298881,-0.0660500012093723,-0.0660500012093723,-0.0660500012093723,0.0384705888979592
27.9381463268887,0,-0.0196646199066465,0,27.9381463268887,-0.0196646199066465,-0.0196646199066465,-0.0196646199066465,0.0266030945529787
28.4056044215739,0,-0.0234835133541325,0,28.4056044215739,-0.0234835133541325,-0.0234835133541325,-0.0234835133541325,0.0460235649191708
9.44659083119766,0,-0.0979355343768668,0,9.44659083119766,-0.0979355343768668,-0.0979355343768668,-0.0979355343768668,0.106984919191722
10.6319539160187,0,0.00587821668928426,0,10.6319539160187,0.00587821668928426,0.00587821668928426,0.00587821668928426,0.0434639030773943
31.4129223891295,0,-0.0481702543197104,0,31.4129223891295,-0.0481702543197104,-0.0481702543197104,-0.0481702543197104,0.04354801944707
NA,NA,NA,NA,NA,NA,NA,NA,NA
3.48138260502119,0,-0.0431716232209931,0,3.48138260502119,-0.0431716232209931,-0.0431716232209931,-0.0431716232209931,0.0321818721032191
5.59197431763262,0,-0.0578220526680145,0,5.59197431763262,-0.0578220526680145,-0.0578220526680145,-0.0578220526680145,0.0290843221745671
7.10118523761685,0,-0.0285278978712163,0,7.10118523761685,-0.0285278978712163,-0.0285278978712163,-0.0285278978712163,0.0595492352872805
8.39406695268219,0,0.0167837864563465,0,8.39406695268219,0.0167837864563465,0.0167837864563465,0.0167837864563465,0.0322473662392579
15.3813680380744,0,-0.0235768509494856,0,15.3813680380744,-0.0235768509494856,-0.0235768509494856,-0.0235768509494856,0.0385600790656454
10.9419857642508,0,-0.0876235523401562,0,10.9419857642508,-0.0876235523401562,-0.0876235523401562,-0.0876235523401562,0.0336377588977628
9.567453602661,0,-0.0130573193727359,0,9.567453602661,-0.0130573193727359,-0.0130573193727359,-0.0130573193727359,0.0264340771076804
9.56764954052794,0,-0.00578932875863998,0,9.56764954052794,-0.00578932875863998,-0.00578932875863998,-0.00578932875863998,0.0288617279537588
9.58796747981615,0,0.00725905880614161,0,9.58796747981615,0.00725905880614161,0.00725905880614161,0.00725905880614161,0.0422687684348916
10.3415882006709,0,-0.0979591311963027,0,10.3415882006709,-0.0979591311963027,-0.0979591311963027,-0.0979591311963027,0.0379022425227411
9.03381024943225,0,-0.0258591277728825,0,9.03381024943225,-0.0258591277728825,-0.0258591277728825,-0.0258591277728825,0.0210013285642308
7.292171244769,0,0.0214216184583366,0,7.292171244769,0.0214216184583366,0.0214216184583366,0.0214216184583366,0.00787016036700002
10.6567948708008,0,0.0203455428827325,0,10.6567948708008,0.0203455428827325,0.0203455428827325,0.0203455428827325,0.0367174068081082
15.83958844307,0,0.0399832495665445,0,15.83958844307,0.0399832495665445,0.0399832495665445,0.0399832495665445,0.0130470310288665
17.7014293147066,0,0.0234372077444364,0,17.7014293147066,0.0234372077444364,0.0234372077444364,0.0234372077444364,0.0323786122878216
16.016217440795,0,-0.00369944404825601,0,16.016217440795,-0.00369944404825601,-0.00369944404825601,-0.00369944404825601,0.0376637682579198
13.5036026382197,0,0.0260526179813793,0,13.5036026382197,0.0260526179813793,0.0260526179813793,0.0260526179813793,0.0175137052055195
7.84913150076159,0,0.0206892300368871,0,7.84913150076159,0.0206892300368871,0.0206892300368871,0.0206892300368871,0.0125920499284639
11.3110693140974,0,0.00982781565554414,0,11.3110693140974,0.00982781565554414,0.00982781565554414,0.00982781565554414,0.0152975413868066
19.3344521561619,0,-0.0178892890128142,0,19.3344521561619,-0.0178892890128142,-0.0178892890128142,-0.0178892890128142,0.0322365626104049
12.3671082351961,0,0.0210231372322994,0,12.3671082351961,0.0210231372322994,0.0210231372322994,0.0210231372322994,0.0160828742749283
12.3654554745313,0,-0.0686880413546458,0,12.3654554745313,-0.0686880413546458,-0.0686880413546458,-0.0686880413546458,0.0513325050706189
19.2556223171704,0,0.0285945738844167,0,19.2556223171704,0.0285945738844167,0.0285945738844167,0.0285945738844167,0.0139726523520546
34.7312424253189,0,0.00360906084633839,0,34.7312424253189,0.00360906084633839,0.00360906084633839,0.00360906084633839,0.017575833019559
54.7209102152747,0,0.0196726221291343,0,54.7209102152747,0.0196726221291343,0.0196726221291343,0.0196726221291343,0.0109274670854921
11.6997668682815,0,-0.0454216119044559,0,11.6997668682815,-0.0454216119044559,-0.0454216119044559,-0.0454216119044559,0.105318046890987
8.22166390729103,0,0.0200227074138689,0,8.22166390729103,0.0200227074138689,0.0200227074138689,0.0200227074138689,0.0889316774406693
11.7030101268542,0,0.0664031592294417,0,11.7030101268542,0.0664031592294417,0.0664031592294417,0.0664031592294417,0.0318702419669784
7.36539602284415,0,-0.0247872150245361,0,7.36539602284415,-0.0247872150245361,-0.0247872150245361,-0.0247872150245361,0.114121672795408
9.34902839864339,0,-0.0319037471830898,0,9.34902839864339,-0.0319037471830898,-0.0319037471830898,-0.0319037471830898,0.0353702402159913
12.5616640281909,0,0.00441577973083164,0,12.5616640281909,0.00441577973083164,0.00441577973083164,0.00441577973083164,0.0138459086615911
5.28892335541574,0,-0.0722438218615433,0,5.28892335541574,-0.0722438218615433,-0.0722438218615433,-0.0722438218615433,0.0393158996396484
10.8363107906744,0,-0.028098390818107,0,10.8363107906744,-0.028098390818107,-0.028098390818107,-0.028098390818107,0.071926050301895
11.7003583105711,0,-0.00186774348468509,0,11.7003583105711,-0.00186774348468509,-0.00186774348468509,-0.00186774348468509,0.00589871207554302
14.1717804897526,0,0.027255899623745,0,14.1717804897526,0.027255899623745,0.027255899623745,0.027255899623745,0.0438772018708798
10.4916049522311,0,0.0132463173032987,0,10.4916049522311,0.0132463173032987,0.0132463173032987,0.0132463173032987,0.0267192917518445
12.491172371433,0,0.00616174807970621,0,12.491172371433,0.00616174807970621,0.00616174807970621,0.00616174807970621,0.0405245193389735
31.4129223891295,0,-0.0481702543197104,0,31.4129223891295,-0.0481702543197104,-0.0481702543197104,-0.0481702543197104,0.04354801944707
23.3384346785706,0,0.0173424537425691,0,23.3384346785706,0.0173424537425691,0.0173424537425691,0.0173424537425691,0.0189266195413323
21.0471310356801,0,0.0617673658141888,0,21.0471310356801,0.0617673658141888,0.0617673658141888,0.0617673658141888,0.047052745863464
21.8869961720114,0,0.0899308852467232,0,21.8869961720114,0.0899308852467232,0.0899308852467232,0.0899308852467232,0.0763185175600446
142.027144302285,0,0.0480428181832702,0,142.027144302285,0.0480428181832702,0.0480428181832702,0.0480428181832702,0.0151652887885014
7.27972576920022,0,0.0159617989219509,0,7.27972576920022,0.0159617989219509,0.0159617989219509,0.0159617989219509,0.0671622808060481
15.7641037476623,0,0.0452974152246685,0,15.7641037476623,0.0452974152246685,0.0452974152246685,0.0452974152246685,0.0222639606786319
14.6925462604222,0,-0.00458452472707301,0,14.6925462604222,-0.00458452472707301,-0.00458452472707301,-0.00458452472707301,0.0444254697733256
7.79044115240101,0,0.0350532910010923,0,7.79044115240101,0.0350532910010923,0.0350532910010923,0.0350532910010923,0.0585754206769742
11.0161041029769,0,-0.0031766917676102,0,11.0161041029769,-0.0031766917676102,-0.0031766917676102,-0.0031766917676102,0.0522005254908412
11.2420027298881,0,-0.0660500012093723,0,11.2420027298881,-0.0660500012093723,-0.0660500012093723,-0.0660500012093723,0.0384705888979592
27.9381463268887,0,-0.0196646199066465,0,27.9381463268887,-0.0196646199066465,-0.0196646199066465,-0.0196646199066465,0.0266030945529787
28.4056044215739,0,-0.0234835133541325,0,28.4056044215739,-0.0234835133541325,-0.0234835133541325,-0.0234835133541325,0.0460235649191708
9.44659083119766,0,-0.0979355343768668,0,9.44659083119766,-0.0979355343768668,-0.0979355343768668,-0.0979355343768668,0.106984919191722
10.6319539160187,0,0.00587821668928426,0,10.6319539160187,0.00587821668928426,0.00587821668928426,0.00587821668928426,0.0434639030773943
NA,NA,NA,NA,NA,NA,NA,NA,NA
3.48138260502119,0,-0.0431716232209931,0,3.48138260502119,-0.0431716232209931,-0.0431716232209931,-0.0431716232209931,0.0321818721032191
5.59197431763262,0,-0.0578220526680145,0,5.59197431763262,-0.0578220526680145,-0.0578220526680145,-0.0578220526680145,0.0290843221745671
7.10118523761685,0,-0.0285278978712163,0,7.10118523761685,-0.0285278978712163,-0.0285278978712163,-0.0285278978712163,0.0595492352872805
8.39406695268219,0,0.0167837864563465,0,8.39406695268219,0.0167837864563465,0.0167837864563465,0.0167837864563465,0.0322473662392579
15.3813680380744,0,-0.0235768509494856,0,15.3813680380744,-0.0235768509494856,-0.0235768509494856,-0.0235768509494856,0.0385600790656454
10.9419857642508,0,-0.0876235523401562,0,10.9419857642508,-0.0876235523401562,-0.0876235523401562,-0.0876235523401562,0.0336377588977628
9.567453602661,0,-0.0130573193727359,0,9.567453602661,-0.0130573193727359,-0.0130573193727359,-0.0130573193727359,0.0264340771076804
9.56764954052794,0,-0.00578932875863998,0,9.56764954052794,-0.00578932875863998,-0.00578932875863998,-0.00578932875863998,0.0288617279537588
9.58796747981615,0,0.00725905880614161,0,9.58796747981615,0.00725905880614161,0.00725905880614161,0.00725905880614161,0.0422687684348916
10.3415882006709,0,-0.0979591311963027,0,10.3415882006709,-0.0979591311963027,-0.0979591311963027,-0.0979591311963027,0.0379022425227411
9.03381024943225,0,-0.0258591277728825,0,9.03381024943225,-0.0258591277728825,-0.0258591277728825,-0.0258591277728825,0.0210013285642308
7.292171244769,0,0.0214216184583366,0,7.292171244769,0.0214216184583366,0.0214216184583366,0.0214216184583366,0.00787016036700002
10.6567948708008,0,0.0203455428827325,0,10.6567948708008,0.0203455428827325,0.0203455428827325,0.0203455428827325,0.0367174068081082
15.83958844307,0,0.0399832495665445,0,15.83958844307,0.0399832495665445,0.0399832495665445,0.0399832495665445,0.0130470310288665
17.7014293147066,0,0.0234372077444364,0,17.7014293147066,0.0234372077444364,0.0234372077444364,0.0234372077444364,0.0323786122878216
16.016217440795,0,-0.00369944404825601,0,16.016217440795,-0.00369944404825601,-0.00369944404825601,-0.00369944404825601,0.0376637682579198
13.5036026382197,0,0.0260526179813793,0,13.5036026382197,0.0260526179813793,0.0260526179813793,0.0260526179813793,0.0175137052055195
7.84913150076159,0,0.0206892300368871,0,7.84913150076159,0.0206892300368871,0.0206892300368871,0.0206892300368871,0.0125920499284639
11.3110693140974,0,0.00982781565554414,0,11.3110693140974,0.00982781565554414,0.00982781565554414,0.00982781565554414,0.0152975413868066
19.3344521561619,0,-0.0178892890128142,0,19.3344521561619,-0.0178892890128142,-0.0178892890128142,-0.0178892890128142,0.0322365626104049
12.3671082351961,0,0.0210231372322994,0,12.3671082351961,0.0210231372322994,0.0210231372322994,0.0210231372322994,0.0160828742749283
12.3654554745313,0,-0.0686880413546458,0,12.3654554745313,-0.0686880413546458,-0.0686880413546458,-0.0686880413546458,0.0513325050706189
19.2556223171704,0,0.0285945738844167,0,19.2556223171704,0.0285945738844167,0.0285945738844167,0.0285945738844167,0.0139726523520546
34.7312424253189,0,0.00360906084633839,0,34.7312424253189,0.00360906084633839,0.00360906084633839,0.00360906084633839,0.017575833019559
54.7209102152747,0,0.0196726221291343,0,54.7209102152747,0.0196726221291343,0.0196726221291343,0.0196726221291343,0.0109274670854921
11.6997668682815,0,-0.0454216119044559,0,11.6997668682815,-0.0454216119044559,-0.0454216119044559,-0.0454216119044559,0.105318046890987
8.22166390729103,0,0.0200227074138689,0,8.22166390729103,0.0200227074138689,0.0200227074138689,0.0200227074138689,0.0889316774406693
11.7030101268542,0,0.0664031592294417,0,11.7030101268542,0.0664031592294417,0.0664031592294417,0.0664031592294417,0.0318702419669784
7.36539602284415,0,-0.0247872150245361,0,7.36539602284415,-0.0247872150245361,-0.0247872150245361,-0.0247872150245361,0.114121672795408
9.34902839864339,0,-0.0319037471830898,0,9.34902839864339,-0.0319037471830898,-0.0319037471830898,-0.0319037471830898,0.0353702402159913
12.5616640281909,0,0.00441577973083164,0,12.5616640281909,0.00441577973083164,0.00441577973083164,0.00441577973083164,0.0138459086615911
5.28892335541574,0,-0.0722438218615433,0,5.28892335541574,-0.0722438218615433,-0.0722438218615433,-0.0722438218615433,0.0393158996396484
10.8363107906744,0,-0.028098390818107,0,10.8363107906744,-0.028098390818107,-0.028098390818107,-0.028098390818107,0.071926050301895
11.7003583105711,0,-0.00186774348468509,0,11.7003583105711,-0.00186774348468509,-0.00186774348468509,-0.00186774348468509,0.00589871207554302
14.1717804897526,0,0.027255899623745,0,14.1717804897526,0.027255899623745,0.027255899623745,0.027255899623745,0.0438772018708798
10.4916049522311,0,0.0132463173032987,0,10.4916049522311,0.0132463173032987,0.0132463173032987,0.0132463173032987,0.0267192917518445
12.491172371433,0,0.00616174807970621,0,12.491172371433,0.00616174807970621,0.00616174807970621,0.00616174807970621,0.0405245193389735
31.4129223891295,0,-0.0481702543197104,0,31.4129223891295,-0.0481702543197104,-0.0481702543197104,-0.0481702543197104,0.04354801944707
23.3384346785706,0,0.0173424537425691,0,23.3384346785706,0.0173424537425691,0.0173424537425691,0.0173424537425691,0.0189266195413323
21.0471310356801,0,0.0617673658141888,0,21.0471310356801,0.0617673658141888,0.0617673658141888,0.0617673658141888,0.047052745863464
21.8869961720114,0,0.0899308852467232,0,21.8869961720114,0.0899308852467232,0.0899308852467232,0.0899308852467232,0.0763185175600446
142.027144302285,0,0.0480428181832702,0,142.027144302285,0.0480428181832702,0.0480428181832702,0.0480428181832702,0.0151652887885014
7.27972576920022,0,0.0159617989219509,0,7.27972576920022,0.0159617989219509,0.0159617989219509,0.0159617989219509,0.0671622808060481
15.7641037476623,0,0.0452974152246685,0,15.7641037476623,0.0452974152246685,0.0452974152246685,0.0452974152246685,0.0222639606786319
14.6925462604222,0,-0.00458452472707301,0,14.6925462604222,-0.00458452472707301,-0.00458452472707301,-0.00458452472707301,0.0444254697733256
7.79044115240101,0,0.0350532910010923,0,7.79044115240101,0.0350532910010923,0.0350532910010923,0.0350532910010923,0.0585754206769742
11.0161041029769,0,-0.0031766917676102,0,11.0161041029769,-0.0031766917676102,-0.0031766917676102,-0.0031766917676102,0.0522005254908412
11.2420027298881,0,-0.0660500012093723,0,11.2420027298881,-0.0660500012093723,-0.0660500012093723,-0.0660500012093723,0.0384705888979592
27.9381463268887,0,-0.0196646199066465,0,27.9381463268887,-0.0196646199066465,-0.0196646199066465,-0.0196646199066465,0.0266030945529787
28.4056044215739,0,-0.0234835133541325,0,28.4056044215739,-0.0234835133541325,-0.0234835133541325,-0.0234835133541325,0.0460235649191708
9.44659083119766,0,-0.0979355343768668,0,9.44659083119766,-0.0979355343768668,-0.0979355343768668,-0.0979355343768668,0.106984919191722
10.6319539160187,0,0.00587821668928426,0,10.6319539160187,0.00587821668928426,0.00587821668928426,0.00587821668928426,0.0434639030773943
NA,NA,NA,NA,NA,NA,NA,NA,NA
3.48138260502119,0,-0.0431716232209931,0,3.48138260502119,-0.0431716232209931,-0.0431716232209931,-0.0431716232209931,0.0321818721032191
5.59197431763262,0,-0.0578220526680145,0,5.59197431763262,-0.0578220526680145,-0.0578220526680145,-0.0578220526680145,0.0290843221745671
7.10118523761685,0,-0.0285278978712163,0,7.10118523761685,-0.0285278978712163,-0.0285278978712163,-0.0285278978712163,0.0595492352872805
8.39406695268219,0,0.0167837864563465,0,8.39406695268219,0.0167837864563465,0.0167837864563465,0.0167837864563465,0.0322473662392579
15.3813680380744,0,-0.0235768509494856,0,15.3813680380744,-0.0235768509494856,-0.0235768509494856,-0.0235768509494856,0.0385600790656454
10.9419857642508,0,-0.0876235523401562,0,10.9419857642508,-0.0876235523401562,-0.0876235523401562,-0.0876235523401562,0.0336377588977628
9.567453602661,0,-0.0130573193727359,0,9.567453602661,-0.0130573193727359,-0.0130573193727359,-0.0130573193727359,0.0264340771076804
9.56764954052794,0,-0.00578932875863998,0,9.56764954052794,-0.00578932875863998,-0.00578932875863998,-0.00578932875863998,0.0288617279537588
9.58796747981615,0,0.00725905880614161,0,9.58796747981615,0.00725905880614161,0.00725905880614161,0.00725905880614161,0.0422687684348916
10.3415882006709,0,-0.0979591311963027,0,10.3415882006709,-0.0979591311963027,-0.0979591311963027,-0.0979591311963027,0.0379022425227411
9.03381024943225,0,-0.0258591277728825,0,9.03381024943225,-0.0258591277728825,-0.0258591277728825,-0.0258591277728825,0.0210013285642308
7.292171244769,0,0.0214216184583366,0,7.292171244769,0.0214216184583366,0.0214216184583366,0.0214216184583366,0.00787016036700002
10.6567948708008,0,0.0203455428827325,0,10.6567948708008,0.0203455428827325,0.0203455428827325,0.0203455428827325,0.0367174068081082
15.83958844307,0,0.0399832495665445,0,15.83958844307,0.0399832495665445,0.0399832495665445,0.0399832495665445,0.0130470310288665
17.7014293147066,0,0.0234372077444364,0,17.7014293147066,0.0234372077444364,0.0234372077444364,0.0234372077444364,0.0323786122878216
16.016217440795,0,-0.00369944404825601,0,16.016217440795,-0.00369944404825601,-0.00369944404825601,-0.00369944404825601,0.0376637682579198
13.5036026382197,0,0.0260526179813793,0,13.5036026382197,0.0260526179813793,0.0260526179813793,0.0260526179813793,0.0175137052055195
7.84913150076159,0,0.0206892300368871,0,7.84913150076159,0.0206892300368871,0.0206892300368871,0.0206892300368871,0.0125920499284639
11.3110693140974,0,0.00982781565554414,0,11.3110693140974,0.00982781565554414,0.00982781565554414,0.00982781565554414,0.0152975413868066
19.3344521561619,0,-0.0178892890128142,0,19.3344521561619,-0.0178892890128142,-0.0178892890128142,-0.0178892890128142,0.0322365626104049
12.3671082351961,0,0.0210231372322994,0,12.3671082351961,0.0210231372322994,0.0210231372322994,0.0210231372322994,0.0160828742749283
12.3654554745313,0,-0.0686880413546458,0,12.3654554745313,-0.0686880413546458,-0.0686880413546458,-0.0686880413546458,0.0513325050706189
19.2556223171704,0,0.0285945738844167,0,19.2556223171704,0.0285945738844167,0.0285945738844167,0.0285945738844167,0.0139726523520546
34.7312424253189,0,0.00360906084633839,0,34.7312424253189,0.00360906084633839,0.00360906084633839,0.00360906084633839,0.017575833019559
54.7209102152747,0,0.0196726221291343,0,54.7209102152747,0.0196726221291343,0.0196726221291343,0.0196726221291343,0.0109274670854921
11.6997668682815,0,-0.0454216119044559,0,11.6997668682815,-0.0454216119044559,-0.0454216119044559,-0.0454216119044559,0.105318046890987
8.22166390729103,0,0.0200227074138689,0,8.22166390729103,0.0200227074138689,0.0200227074138689,0.0200227074138689,0.0889316774406693
11.7030101268542,0,0.0664031592294417,0,11.7030101268542,0.0664031592294417,0.0664031592294417,0.0664031592294417,0.0318702419669784
7.36539602284415,0,-0.0247872150245361,0,7.36539602284415,-0.0247872150245361,-0.0247872150245361,-0.0247872150245361,0.114121672795408
9.34902839864339,0,-0.0319037471830898,0,9.34902839864339,-0.0319037471830898,-0.0319037471830898,-0.0319037471830898,0.0353702402159913
12.5616640281909,0,0.00441577973083164,0,12.5616640281909,0.00441577973083164,0.00441577973083164,0.00441577973083164,0.0138459086615911
5.28892335541574,0,-0.0722438218615433,0,5.28892335541574,-0.0722438218615433,-0.0722438218615433,-0.0722438218615433,0.0393158996396484
10.8363107906744,0,-0.028098390818107,0,10.8363107906744,-0.028098390818107,-0.028098390818107,-0.028098390818107,0.071926050301895
11.7003583105711,0,-0.00186774348468509,0,11.7003583105711,-0.00186774348468509,-0.00186774348468509,-0.00186774348468509,0.00589871207554302
14.1717804897526,0,0.027255899623745,0,14.1717804897526,0.027255899623745,0.027255899623745,0.027255899623745,0.0438772018708798
10.4916049522311,0,0.0132463173032987,0,10.4916049522311,0.0132463173032987,0.0132463173032987,0.0132463173032987,0.0267192917518445
12.491172371433,0,0.00616174807970621,0,12.491172371433,0.00616174807970621,0.00616174807970621,0.00616174807970621,0.0405245193389735
31.4129223891295,0,-0.0481702543197104,0,31.4129223891295,-0.0481702543197104,-0.0481702543197104,-0.0481702543197104,0.04354801944707
23.3384346785706,0,0.0173424537425691,0,23.3384346785706,0.0173424537425691,0.0173424537425691,0.0173424537425691,0.0189266195413323
21.0471310356801,0,0.0617673658141888,0,21.0471310356801,0.0617673658141888,0.0617673658141888,0.0617673658141888,0.047052745863464
21.8869961720114,0,0.0899308852467232,0,21.8869961720114,0.0899308852467232,0.0899308852467232,0.0899308852467232,0.0763185175600446
142.027144302285,0,0.0480428181832702,0,142.027144302285,0.0480428181832702,0.0480428181832702,0.0480428181832702,0.0151652887885014
7.27972576920022,0,0.0159617989219509,0,7.27972576920022,0.0159617989219509,0.0159617989219509,0.0159617989219509,0.0671622808060481
15.7641037476623,0,0.0452974152246685,0,15.7641037476623,0.0452974152246685,0.0452974152246685,0.0452974152246685,0.0222639606786319
14.6925462604222,0,-0.00458452472707301,0,14.6925462604222,-0.00458452472707301,-0.00458452472707301,-0.00458452472707301,0.0444254697733256
7.79044115240101,0,0.0350532910010923,0,7.79044115240101,0.0350532910010923,0.0350532910010923,0.0350532910010923,0.0585754206769742
11.0161041029769,0,-0.0031766917676102,0,11.0161041029769,-0.0031766917676102,-0.0031766917676102,-0.0031766917676102,0.0522005254908412
11.2420027298881,0,-0.0660500012093723,0,11.2420027298881,-0.0660500012093723,-0.0660500012093723,-0.0660500012093723,0.0384705888979592
27.9381463268887,0,-0.0196646199066465,0,27.9381463268887,-0.0196646199066465,-0.0196646199066465,-0.0196646199066465,0.0266030945529787
28.4056044215739,0,-0.0234835133541325,0,28.4056044215739,-0.0234835133541325,-0.0234835133541325,-0.0234835133541325,0.0460235649191708
9.44659083119766,0,-0.0979355343768668,0,9.44659083119766,-0.0979355343768668,-0.0979355343768668,-0.0979355343768668,0.106984919191722
10.6319539160187,0,0.00587821668928426,0,10.6319539160187,0.00587821668928426,0.00587821668928426,0.00587821668928426,0.0434639030773943
NA,NA,NA,NA,NA,NA,NA,NA,NA
3.48138260502119,0,-0.0431716232209931,0,3.48138260502119,-0.0431716232209931,-0.0431716232209931,-0.0431716232209931,0.0321818721032191
5.59197431763262,0,-0.0578220526680145,0,5.59197431763262,-0.0578220526680145,-0.0578220526680145,-0.0578220526680145,0.0290843221745671
7.10118523761685,0,-0.0285278978712163,0,7.10118523761685,-0.0285278978712163,-0.0285278978712163,-0.0285278978712163,0.0595492352872805
8.39406695268219,0,0.0167837864563465,0,8.39406695268219,0.0167837864563465,0.0167837864563465,0.0167837864563465,0.0322473662392579
15.3813680380744,0,-0.0235768509494856,0,15.3813680380744,-0.0235768509494856,-0.0235768509494856,-0.0235768509494856,0.0385600790656454
10.9419857642508,0,-0.0876235523401562,0,10.9419857642508,-0.0876235523401562,-0.0876235523401562,-0.0876235523401562,0.0336377588977628
9.567453602661,0,-0.0130573193727359,0,9.567453602661,-0.0130573193727359,-0.0130573193727359,-0.0130573193727359,0.0264340771076804
9.56764954052794,0,-0.00578932875863998,0,9.56764954052794,-0.00578932875863998,-0.00578932875863998,-0.00578932875863998,0.0288617279537588
9.58796747981615,0,0.00725905880614161,0,9.58796747981615,0.00725905880614161,0.00725905880614161,0.00725905880614161,0.0422687684348916
10.3415882006709,0,-0.0979591311963027,0,10.3415882006709,-0.0979591311963027,-0.0979591311963027,-0.0979591311963027,0.0379022425227411
9.03381024943225,0,-0.0258591277728825,0,9.03381024943225,-0.0258591277728825,-0.0258591277728825,-0.0258591277728825,0.0210013285642308
7.292171244769,0,0.0214216184583366,0,7.292171244769,0.0214216184583366,0.0214216184583366,0.0214216184583366,0.00787016036700002
10.6567948708008,0,0.0203455428827325,0,10.6567948708008,0.0203455428827325,0.0203455428827325,0.0203455428827325,0.0367174068081082
15.83958844307,0,0.0399832495665445,0,15.83958844307,0.0399832495665445,0.0399832495665445,0.0399832495665445,0.0130470310288665
17.7014293147066,0,0.0234372077444364,0,17.7014293147066,0.0234372077444364,0.0234372077444364,0.0234372077444364,0.0323786122878216
16.016217440795,0,-0.00369944404825601,0,16.016217440795,-0.00369944404825601,-0.00369944404825601,-0.00369944404825601,0.0376637682579198
13.5036026382197,0,0.0260526179813793,0,13.5036026382197,0.0260526179813793,0.0260526179813793,0.0260526179813793,0.0175137052055195
7.84913150076159,0,0.0206892300368871,0,7.84913150076159,0.0206892300368871,0.0206892300368871,0.0206892300368871,0.0125920499284639
11.3110693140974,0,0.00982781565554414,0,11.3110693140974,0.00982781565554414,0.00982781565554414,0.00982781565554414,0.0152975413868066
19.3344521561619,0,-0.0178892890128142,0,19.3344521561619,-0.0178892890128142,-0.0178892890128142,-0.0178892890128142,0.0322365626104049
12.3671082351961,0,0.0210231372322994,0,12.3671082351961,0.0210231372322994,0.0210231372322994,0.0210231372322994,0.0160828742749283
12.3654554745313,0,-0.0686880413546458,0,12.3654554745313,-0.0686880413546458,-0.0686880413546458,-0.0686880413546458,0.0513325050706189
19.2556223171704,0,0.0285945738844167,0,19.2556223171704,0.0285945738844167,0.0285945738844167,0.0285945738844167,0.0139726523520546
34.7312424253189,0,0.00360906084633839,0,34.7312424253189,0.00360906084633839,0.00360906084633839,0.00360906084633839,0.017575833019559
54.7209102152747,0,0.0196726221291343,0,54.7209102152747,0.0196726221291343,0.0196726221291343,0.0196726221291343,0.0109274670854921
11.6997668682815,0,-0.0454216119044559,0,11.6997668682815,-0.0454216119044559,-0.0454216119044559,-0.0454216119044559,0.105318046890987
8.22166390729103,0,0.0200227074138689,0,8.22166390729103,0.0200227074138689,0.0200227074138689,0.0200227074138689,0.0889316774406693
11.7030101268542,0,0.0664031592294417,0,11.7030101268542,0.0664031592294417,0.0664031592294417,0.0664031592294417,0.0318702419669784
7.36539602284415,0,-0.0247872150245361,0,7.36539602284415,-0.0247872150245361,-0.0247872150245361,-0.0247872150245361,0.114121672795408
9.34902839864339,0,-0.0319037471830898,0,9.34902839864339,-0.0319037471830898,-0.0319037471830898,-0.0319037471830898,0.0353702402159913
12.5616640281909,0,0.00441577973083164,0,12.5616640281909,0.00441577973083164,0.00441577973083164,0.00441577973083164,0.0138459086615911
5.28892335541574,0,-0.0722438218615433,0,5.28892335541574,-0.0722438218615433,-0.0722438218615433,-0.0722438218615433,0.0393158996396484
10.8363107906744,0,-0.028098390818107,0,10.8363107906744,-0.028098390818107,-0.028098390818107,-0.028098390818107,0.071926050301895
11.7003583105711,0,-0.00186774348468509,0,11.7003583105711,-0.00186774348468509,-0.00186774348468509,-0.00186774348468509,0.00589871207554302
14.1717804897526,0,0.027255899623745,0,14.1717804897526,0.027255899623745,0.027255899623745,0.027255899623745,0.0438772018708798
10.4916049522311,0,0.0132463173032987,0,10.4916049522311,0.0132463173032987,0.0132463173032987,0.0132463173032987,0.0267192917518445
12.491172371433,0,0.00616174807970621,0,12.491172371433,0.00616174807970621,0.00616174807970621,0.00616174807970621,0.0405245193389735
31.4129223891295,0,-0.0481702543197104,0,31.4129223891295,-0.0481702543197104,-0.0481702543197104,-0.0481702543197104,0.04354801944707
23.3384346785706,0,0.0173424537425691,0,23.3384346785706,0.0173424537425691,0.0173424537425691,0.0173424537425691,0.0189266195413323
21.0471310356801,0,0.0617673658141888,0,21.0471310356801,0.0617673658141888,0.0617673658141888,0.0617673658141888,0.047052745863464
21.8869961720114,0,0.0899308852467232,0,21.8869961720114,0.0899308852467232,0.0899308852467232,0.0899308852467232,0.0763185175600446
142.027144302285,0,0.0480428181832702,0,142.027144302285,0.0480428181832702,0.0480428181832702,0.0480428181832702,0.0151652887885014
7.27972576920022,0,0.0159617989219509,0,7.27972576920022,0.0159617989219509,0.0159617989219509,0.0159617989219509,0.0671622808060481
15.7641037476623,0,0.0452974152246685,0,15.7641037476623,0.0452974152246685,0.0452974152246685,0.0452974152246685,0.0222639606786319
14.6925462604222,0,-0.00458452472707301,0,14.6925462604222,-0.00458452472707301,-0.00458452472707301,-0.00458452472707301,0.0444254697733256
7.79044115240101,0,0.0350532910010923,0,7.79044115240101,0.0350532910010923,0.0350532910010923,0.0350532910010923,0.0585754206769742
11.0161041029769,0,-0.0031766917676102,0,11.0161041029769,-0.0031766917676102,-0.0031766917676102,-0.0031766917676102,0.0522005254908412
11.2420027298881,0,-0.0660500012093723,0,11.2420027298881,-0.0660500012093723,-0.0660500012093723,-0.0660500012093723,0.0384705888979592
27.9381463268887,0,-0.0196646199066465,0,27.9381463268887,-0.0196646199066465,-0.0196646199066465,-0.0196646199066465,0.0266030945529787
28.4056044215739,0,-0.0234835133541325,0,28.4056044215739,-0.0234835133541325,-0.0234835133541325,-0.0234835133541325,0.0460235649191708
9.44659083119766,0,-0.0979355343768668,0,9.44659083119766,-0.0979355343768668,-0.0979355343768668,-0.0979355343768668,0.106984919191722
10.6319539160187,0,0.00587821668928426,0,10.6319539160187,0.00587821668928426,0.00587821668928426,0.00587821668928426,0.0434639030773943
NA,NA,NA,NA,NA,NA,NA,NA,NA
3.48138260502119,0,-0.0431716232209931,0,3.48138260502119,-0.0431716232209931,-0.0431716232209931,-0.0431716232209931,0.0321818721032191
5.59197431763262,0,-0.0578220526680145,0,5.59197431763262,-0.0578220526680145,-0.0578220526680145,-0.0578220526680145,0.0290843221745671
7.10118523761685,0,-0.0285278978712163,0,7.10118523761685,-0.0285278978712163,-0.0285278978712163,-0.0285278978712163,0.0595492352872805
8.39406695268219,0,0.0167837864563465,0,8.39406695268219,0.0167837864563465,0.0167837864563465,0.0167837864563465,0.0322473662392579
15.3813680380744,0,-0.0235768509494856,0,15.3813680380744,-0.0235768509494856,-0.0235768509494856,-0.0235768509494856,0.0385600790656454
10.9419857642508,0,-0.0876235523401562,0,10.9419857642508,-0.0876235523401562,-0.0876235523401562,-0.0876235523401562,0.0336377588977628
9.567453602661,0,-0.0130573193727359,0,9.567453602661,-0.0130573193727359,-0.0130573193727359,-0.0130573193727359,0.0264340771076804
9.56764954052794,0,-0.00578932875863998,0,9.56764954052794,-0.00578932875863998,-0.00578932875863998,-0.00578932875863998,0.0288617279537588
9.58796747981615,0,0.00725905880614161,0,9.58796747981615,0.00725905880614161,0.00725905880614161,0.00725905880614161,0.0422687684348916
10.3415882006709,0,-0.0979591311963027,0,10.3415882006709,-0.0979591311963027,-0.0979591311963027,-0.0979591311963027,0.0379022425227411
9.03381024943225,0,-0.0258591277728825,0,9.03381024943225,-0.0258591277728825,-0.0258591277728825,-0.0258591277728825,0.0210013285642308
7.292171244769,0,0.0214216184583366,0,7.292171244769,0.0214216184583366,0.0214216184583366,0.0214216184583366,0.00787016036700002
10.6567948708008,0,0.0203455428827325,0,10.6567948708008,0.0203455428827325,0.0203455428827325,0.0203455428827325,0.0367174068081082
15.83958844307,0,0.0399832495665445,0,15.83958844307,0.0399832495665445,0.0399832495665445,0.0399832495665445,0.0130470310288665
17.7014293147066,0,0.0234372077444364,0,17.7014293147066,0.0234372077444364,0.0234372077444364,0.0234372077444364,0.0323786122878216
16.016217440795,0,-0.00369944404825601,0,16.016217440795,-0.00369944404825601,-0.00369944404825601,-0.00369944404825601,0.0376637682579198
13.5036026382197,0,0.0260526179813793,0,13.5036026382197,0.0260526179813793,0.0260526179813793,0.0260526179813793,0.0175137052055195
7.84913150076159,0,0.0206892300368871,0,7.84913150076159,0.0206892300368871,0.0206892300368871,0.0206892300368871,0.0125920499284639
11.3110693140974,0,0.00982781565554414,0,11.3110693140974,0.00982781565554414,0.00982781565554414,0.00982781565554414,0.0152975413868066
19.3344521561619,0,-0.0178892890128142,0,19.3344521561619,-0.0178892890128142,-0.0178892890128142,-0.0178892890128142,0.0322365626104049
12.3671082351961,0,0.0210231372322994,0,12.3671082351961,0.0210231372322994,0.0210231372322994,0.0210231372322994,0.0160828742749283
12.3654554745313,0,-0.0686880413546458,0,12.3654554745313,-0.0686880413546458,-0.0686880413546458,-0.0686880413546458,0.0513325050706189
19.2556223171704,0,0.0285945738844167,0,19.2556223171704,0.0285945738844167,0.0285945738844167,0.0285945738844167,0.0139726523520546
34.7312424253189,0,0.00360906084633839,0,34.7312424253189,0.00360906084633839,0.00360906084633839,0.00360906084633839,0.017575833019559
54.7209102152747,0,0.0196726221291343,0,54.7209102152747,0.0196726221291343,0.0196726221291343,0.0196726221291343,0.0109274670854921
11.6997668682815,0,-0.0454216119044559,0,11.6997668682815,-0.0454216119044559,-0.0454216119044559,-0.0454216119044559,0.105318046890987
8.22166390729103,0,0.0200227074138689,0,8.22166390729103,0.0200227074138689,0.0200227074138689,0.0200227074138689,0.0889316774406693
11.7030101268542,0,0.0664031592294417,0,11.7030101268542,0.0664031592294417,0.0664031592294417,0.0664031592294417,0.0318702419669784
7.36539602284415,0,-0.0247872150245361,0,7.36539602284415,-0.0247872150245361,-0.0247872150245361,-0.0247872150245361,0.114121672795408
9.34902839864339,0,-0.0319037471830898,0,9.34902839864339,-0.0319037471830898,-0.0319037471830898,-0.0319037471830898,0.0353702402159913
12.5616640281909,0,0.00441577973083164,0,12.5616640281909,0.00441577973083164,0.00441577973083164,0.00441577973083164,0.0138459086615911
5.28892335541574,0,-0.0722438218615433,0,5.28892335541574,-0.0722438218615433,-0.0722438218615433,-0.0722438218615433,0.0393158996396484
10.8363107906744,0,-0.028098390818107,0,10.8363107906744,-0.028098390818107,-0.028098390818107,-0.028098390818107,0.071926050301895
11.7003583105711,0,-0.00186774348468509,0,11.7003583105711,-0.00186774348468509,-0.00186774348468509,-0.00186774348468509,0.00589871207554302
14.1717804897526,0,0.027255899623745,0,14.1717804897526,0.027255899623745,0.027255899623745,0.027255899623745,0.0438772018708798
10.4916049522311,0,0.0132463173032987,0,10.4916049522311,0.0132463173032987,0.0132463173032987,0.0132463173032987,0.0267192917518445
12.491172371433,0,0.00616174807970621,0,12.491172371433,0.00616174807970621,0.00616174807970621,0.00616174807970621,0.0405245193389735
31.4129223891295,0,-0.0481702543197104,0,31.4129223891295,-0.0481702543197104,-0.0481702543197104,-0.0481702543197104,0.04354801944707
23.3384346785706,0,0.0173424537425691,0,23.3384346785706,0.0173424537425691,0.0173424537425691,0.0173424537425691,0.0189266195413323
21.0471310356801,0,0.0617673658141888,0,21.0471310356801,0.0617673658141888,0.0617673658141888,0.0617673658141888,0.047052745863464
21.8869961720114,0,0.0899308852467232,0,21.8869961720114,0.0899308852467232,0.0899308852467232,0.0899308852467232,0.0763185175600446
142.027144302285,0,0.0480428181832702,0,142.027144302285,0.0480428181832702,0.0480428181832702,0.0480428181832702,0.0151652887885014
7.27972576920022,0,0.0159617989219509,0,7.27972576920022,0.0159617989219509,0.0159617989219509,0.0159617989219509,0.0671622808060481
15.7641037476623,0,0.0452974152246685,0,15.7641037476623,0.0452974152246685,0.0452974152246685,0.0452974152246685,0.0222639606786319
14.6925462604222,0,-0.00458452472707301,0,14.6925462604222,-0.00458452472707301,-0.00458452472707301,-0.00458452472707301,0.0444254697733256
7.79044115240101,0,0.0350532910010923,0,7.79044115240101,0.0350532910010923,0.0350532910010923,0.0350532910010923,0.0585754206769742
11.0161041029769,0,-0.0031766917676102,0,11.0161041029769,-0.0031766917676102,-0.0031766917676102,-0.0031766917676102,0.0522005254908412
11.2420027298881,0,-0.0660500012093723,0,11.2420027298881,-0.0660500012093723,-0.0660500012093723,-0.0660500012093723,0.0384705888979592
27.9381463268887,0,-0.0196646199066465,0,27.9381463268887,-0.0196646199066465,-0.0196646199066465,-0.0196646199066465,0.0266030945529787
28.4056044215739,0,-0.0234835133541325,0,28.4056044215739,-0.0234835133541325,-0.0234835133541325,-0.0234835133541325,0.0460235649191708
9.44659083119766,0,-0.0979355343768668,0,9.44659083119766,-0.0979355343768668,-0.0979355343768668,-0.0979355343768668,0.106984919191722
10.6319539160187,0,0.00587821668928426,0,10.6319539160187,0.00587821668928426,0.00587821668928426,0.00587821668928426,0.0434639030773943
NA,NA,NA,NA,NA,NA,NA,NA,NA
3.48138260502119,0,-0.0431716232209931,0,3.48138260502119,-0.0431716232209931,-0.0431716232209931,-0.0431716232209931,0.0321818721032191
5.59197431763262,0,-0.0578220526680145,0,5.59197431763262,-0.0578220526680145,-0.0578220526680145,-0.0578220526680145,0.0290843221745671
7.10118523761685,0,-0.0285278978712163,0,7.10118523761685,-0.0285278978712163,-0.0285278978712163,-0.0285278978712163,0.0595492352872805
8.39406695268219,0,0.0167837864563465,0,8.39406695268219,0.0167837864563465,0.0167837864563465,0.0167837864563465,0.0322473662392579
17.5484182009925,0,-0.0294043390944229,0,17.5484182009925,-0.0294043390944229,-0.0294043390944229,-0.0294043390944229,0.0100748970522402
10.9419857642508,0,-0.0876235523401562,0,10.9419857642508,-0.0876235523401562,-0.0876235523401562,-0.0876235523401562,0.0336377588977628
9.567453602661,0,-0.0130573193727359,0,9.567453602661,-0.0130573193727359,-0.0130573193727359,-0.0130573193727359,0.0264340771076804
9.56764954052794,0,-0.00578932875863998,0,9.56764954052794,-0.00578932875863998,-0.00578932875863998,-0.00578932875863998,0.0288617279537588
9.58796747981615,0,0.00725905880614161,0,9.58796747981615,0.00725905880614161,0.00725905880614161,0.00725905880614161,0.0422687684348916
10.3415882006709,0,-0.0979591311963027,0,10.3415882006709,-0.0979591311963027,-0.0979591311963027,-0.0979591311963027,0.0379022425227411
9.03381024943225,0,-0.0258591277728825,0,9.03381024943225,-0.0258591277728825,-0.0258591277728825,-0.0258591277728825,0.0210013285642308
7.292171244769,0,0.0214216184583366,0,7.292171244769,0.0214216184583366,0.0214216184583366,0.0214216184583366,0.00787016036700002
10.6567948708008,0,0.0203455428827325,0,10.6567948708008,0.0203455428827325,0.0203455428827325,0.0203455428827325,0.0367174068081082
15.83958844307,0,0.0399832495665445,0,15.83958844307,0.0399832495665445,0.0399832495665445,0.0399832495665445,0.0130470310288665
17.7014293147066,0,0.0234372077444364,0,17.7014293147066,0.0234372077444364,0.0234372077444364,0.0234372077444364,0.0323786122878216
16.016217440795,0,-0.00369944404825601,0,16.016217440795,-0.00369944404825601,-0.00369944404825601,-0.00369944404825601,0.0376637682579198
13.5036026382197,0,0.0260526179813793,0,13.5036026382197,0.0260526179813793,0.0260526179813793,0.0260526179813793,0.0175137052055195
7.84913150076159,0,0.0206892300368871,0,7.84913150076159,0.0206892300368871,0.0206892300368871,0.0206892300368871,0.0125920499284639
11.3110693140974,0,0.00982781565554414,0,11.3110693140974,0.00982781565554414,0.00982781565554414,0.00982781565554414,0.0152975413868066
19.3344521561619,0,-0.0178892890128142,0,19.3344521561619,-0.0178892890128142,-0.0178892890128142,-0.0178892890128142,0.0322365626104049
12.3671082351961,0,0.0210231372322994,0,12.3671082351961,0.0210231372322994,0.0210231372322994,0.0210231372322994,0.0160828742749283
12.3654554745313,0,-0.0686880413546458,0,12.3654554745313,-0.0686880413546458,-0.0686880413546458,-0.0686880413546458,0.0513325050706189
19.2556223171704,0,0.0285945738844167,0,19.2556223171704,0.0285945738844167,0.0285945738844167,0.0285945738844167,0.0139726523520546
34.7312424253189,0,0.00360906084633839,0,34.7312424253189,0.00360906084633839,0.00360906084633839,0.00360906084633839,0.017575833019559
54.7209102152747,0,0.0196726221291343,0,54.7209102152747,0.0196726221291343,0.0196726221291343,0.0196726221291343,0.0109274670854921
11.6997668682815,0,-0.0454216119044559,0,11.6997668682815,-0.0454216119044559,-0.0454216119044559,-0.0454216119044559,0.105318046890987
8.22166390729103,0,0.0200227074138689,0,8.22166390729103,0.0200227074138689,0.0200227074138689,0.0200227074138689,0.0889316774406693
11.7030101268542,0,0.0664031592294417,0,11.7030101268542,0.0664031592294417,0.0664031592294417,0.0664031592294417,0.0318702419669784
7.36539602284415,0,-0.0247872150245361,0,7.36539602284415,-0.0247872150245361,-0.0247872150245361,-0.0247872150245361,0.114121672795408
9.34902839864339,0,-0.0319037471830898,0,9.34902839864339,-0.0319037471830898,-0.0319037471830898,-0.0319037471830898,0.0353702402159913
12.5616640281909,0,0.00441577973083164,0,12.5616640281909,0.00441577973083164,0.00441577973083164,0.00441577973083164,0.0138459086615911
5.28892335541574,0,-0.0722438218615433,0,5.28892335541574,-0.0722438218615433,-0.0722438218615433,-0.0722438218615433,0.0393158996396484
10.8363107906744,0,-0.028098390818107,0,10.8363107906744,-0.028098390818107,-0.028098390818107,-0.028098390818107,0.071926050301895
11.7003583105711,0,-0.00186774348468509,0,11.7003583105711,-0.00186774348468509,-0.00186774348468509,-0.00186774348468509,0.00589871207554302
14.1717804897526,0,0.027255899623745,0,14.1717804897526,0.027255899623745,0.027255899623745,0.027255899623745,0.0438772018708798
10.4916049522311,0,0.0132463173032987,0,10.4916049522311,0.0132463173032987,0.0132463173032987,0.0132463173032987,0.0267192917518445
12.491172371433,0,0.00616174807970621,0,12.491172371433,0.00616174807970621,0.00616174807970621,0.00616174807970621,0.0405245193389735
31.4129223891295,0,-0.0481702543197104,0,31.4129223891295,-0.0481702543197104,-0.0481702543197104,-0.0481702543197104,0.04354801944707
23.3384346785706,0,0.0173424537425691,0,23.3384346785706,0.0173424537425691,0.0173424537425691,0.0173424537425691,0.0189266195413323
21.0471310356801,0,0.0617673658141888,0,21.0471310356801,0.0617673658141888,0.0617673658141888,0.0617673658141888,0.047052745863464
21.8869961720114,0,0.0899308852467232,0,21.8869961720114,0.0899308852467232,0.0899308852467232,0.0899308852467232,0.0763185175600446
142.027144302285,0,0.0480428181832702,0,142.027144302285,0.0480428181832702,0.0480428181832702,0.0480428181832702,0.0151652887885014
7.27972576920022,0,0.0159617989219509,0,7.27972576920022,0.0159617989219509,0.0159617989219509,0.0159617989219509,0.0671622808060481
15.7641037476623,0,0.0452974152246685,0,15.7641037476623,0.0452974152246685,0.0452974152246685,0.0452974152246685,0.0222639606786319
14.6925462604222,0,-0.00458452472707301,0,14.6925462604222,-0.00458452472707301,-0.00458452472707301,-0.00458452472707301,0.0444254697733256
7.79044115240101,0,0.0350532910010923,0,7.79044115240101,0.0350532910010923,0.0350532910010923,0.0350532910010923,0.0585754206769742
11.0161041029769,0,-0.0031766917676102,0,11.0161041029769,-0.0031766917676102,-0.0031766917676102,-0.0031766917676102,0.0522005254908412
11.2420027298881,0,-0.0660500012093723,0,11.2420027298881,-0.0660500012093723,-0.0660500012093723,-0.0660500012093723,0.0384705888979592
27.9381463268887,0,-0.0196646199066465,0,27.9381463268887,-0.0196646199066465,-0.0196646199066465,-0.0196646199066465,0.0266030945529787
28.4056044215739,0,-0.0234835133541325,0,28.4056044215739,-0.0234835133541325,-0.0234835133541325,-0.0234835133541325,0.0460235649191708
9.44659083119766,0,-0.0979355343768668,0,9.44659083119766,-0.0979355343768668,-0.0979355343768668,-0.0979355343768668,0.106984919191722
10.6319539160187,0,0.00587821668928426,0,10.6319539160187,0.00587821668928426,0.00587821668928426,0.00587821668928426,0.0434639030773943
NA,NA,NA,NA,NA,NA,NA,NA,NA
3.48138260502119,0,-0.0431716232209931,0,3.48138260502119,-0.0431716232209931,-0.0431716232209931,-0.0431716232209931,0.0321818721032191
5.59197431763262,0,-0.0578220526680145,0,5.59197431763262,-0.0578220526680145,-0.0578220526680145,-0.0578220526680145,0.0290843221745671
7.10118523761685,0,-0.0285278978712163,0,7.10118523761685,-0.0285278978712163,-0.0285278978712163,-0.0285278978712163,0.0595492352872805
8.39406695268219,0,0.0167837864563465,0,8.39406695268219,0.0167837864563465,0.0167837864563465,0.0167837864563465,0.0322473662392579
17.5484182009925,0,-0.0294043390944229,0,17.5484182009925,-0.0294043390944229,-0.0294043390944229,-0.0294043390944229,0.0100748970522402
10.9419857642508,0,-0.0876235523401562,0,10.9419857642508,-0.0876235523401562,-0.0876235523401562,-0.0876235523401562,0.0336377588977628
9.567453602661,0,-0.0130573193727359,0,9.567453602661,-0.0130573193727359,-0.0130573193727359,-0.0130573193727359,0.0264340771076804
9.56764954052794,0,-0.00578932875863998,0,9.56764954052794,-0.00578932875863998,-0.00578932875863998,-0.00578932875863998,0.0288617279537588
9.58796747981615,0,0.00725905880614161,0,9.58796747981615,0.00725905880614161,0.00725905880614161,0.00725905880614161,0.0422687684348916
10.3415882006709,0,-0.0979591311963027,0,10.3415882006709,-0.0979591311963027,-0.0979591311963027,-0.0979591311963027,0.0379022425227411
9.03381024943225,0,-0.0258591277728825,0,9.03381024943225,-0.0258591277728825,-0.0258591277728825,-0.0258591277728825,0.0210013285642308
7.292171244769,0,0.0214216184583366,0,7.292171244769,0.0214216184583366,0.0214216184583366,0.0214216184583366,0.00787016036700002
10.6567948708008,0,0.0203455428827325,0,10.6567948708008,0.0203455428827325,0.0203455428827325,0.0203455428827325,0.0367174068081082
15.83958844307,0,0.0399832495665445,0,15.83958844307,0.0399832495665445,0.0399832495665445,0.0399832495665445,0.0130470310288665
17.7014293147066,0,0.0234372077444364,0,17.7014293147066,0.0234372077444364,0.0234372077444364,0.0234372077444364,0.0323786122878216
16.016217440795,0,-0.00369944404825601,0,16.016217440795,-0.00369944404825601,-0.00369944404825601,-0.00369944404825601,0.0376637682579198
13.5036026382197,0,0.0260526179813793,0,13.5036026382197,0.0260526179813793,0.0260526179813793,0.0260526179813793,0.0175137052055195
7.84913150076159,0,0.0206892300368871,0,7.84913150076159,0.0206892300368871,0.0206892300368871,0.0206892300368871,0.0125920499284639
11.3110693140974,0,0.00982781565554414,0,11.3110693140974,0.00982781565554414,0.00982781565554414,0.00982781565554414,0.0152975413868066
19.3344521561619,0,-0.0178892890128142,0,19.3344521561619,-0.0178892890128142,-0.0178892890128142,-0.0178892890128142,0.0322365626104049
12.3671082351961,0,0.0210231372322994,0,12.3671082351961,0.0210231372322994,0.0210231372322994,0.0210231372322994,0.0160828742749283
12.3654554745313,0,-0.0686880413546458,0,12.3654554745313,-0.0686880413546458,-0.0686880413546458,-0.0686880413546458,0.0513325050706189
19.2556223171704,0,0.0285945738844167,0,19.2556223171704,0.0285945738844167,0.0285945738844167,0.0285945738844167,0.0139726523520546
34.7312424253189,0,0.00360906084633839,0,34.7312424253189,0.00360906084633839,0.00360906084633839,0.00360906084633839,0.017575833019559
54.7209102152747,0,0.0196726221291343,0,54.7209102152747,0.0196726221291343,0.0196726221291343,0.0196726221291343,0.0109274670854921
11.6997668682815,0,-0.0454216119044559,0,11.6997668682815,-0.0454216119044559,-0.0454216119044559,-0.0454216119044559,0.105318046890987
8.22166390729103,0,0.0200227074138689,0,8.22166390729103,0.0200227074138689,0.0200227074138689,0.0200227074138689,0.0889316774406693
11.7030101268542,0,0.0664031592294417,0,11.7030101268542,0.0664031592294417,0.0664031592294417,0.0664031592294417,0.0318702419669784
7.36539602284415,0,-0.0247872150245361,0,7.36539602284415,-0.0247872150245361,-0.0247872150245361,-0.0247872150245361,0.114121672795408
9.34902839864339,0,-0.0319037471830898,0,9.34902839864339,-0.0319037471830898,-0.0319037471830898,-0.0319037471830898,0.0353702402159913
12.5616640281909,0,0.00441577973083164,0,12.5616640281909,0.00441577973083164,0.00441577973083164,0.00441577973083164,0.0138459086615911
5.28892335541574,0,-0.0722438218615433,0,5.28892335541574,-0.0722438218615433,-0.0722438218615433,-0.0722438218615433,0.0393158996396484
10.8363107906744,0,-0.028098390818107,0,10.8363107906744,-0.028098390818107,-0.028098390818107,-0.028098390818107,0.071926050301895
11.7003583105711,0,-0.00186774348468509,0,11.7003583105711,-0.00186774348468509,-0.00186774348468509,-0.00186774348468509,0.00589871207554302
14.1717804897526,0,0.027255899623745,0,14.1717804897526,0.027255899623745,0.027255899623745,0.027255899623745,0.0438772018708798
10.4916049522311,0,0.0132463173032987,0,10.4916049522311,0.0132463173032987,0.0132463173032987,0.0132463173032987,0.0267192917518445
12.491172371433,0,0.00616174807970621,0,12.491172371433,0.00616174807970621,0.00616174807970621,0.00616174807970621,0.0405245193389735
31.4129223891295,0,-0.0481702543197104,0,31.4129223891295,-0.0481702543197104,-0.0481702543197104,-0.0481702543197104,0.04354801944707
23.3384346785706,0,0.0173424537425691,0,23.3384346785706,0.0173424537425691,0.0173424537425691,0.0173424537425691,0.0189266195413323
21.0471310356801,0,0.0617673658141888,0,21.0471310356801,0.0617673658141888,0.0617673658141888,0.0617673658141888,0.047052745863464
21.8869961720114,0,0.0899308852467232,0,21.8869961720114,0.0899308852467232,0.0899308852467232,0.0899308852467232,0.0763185175600446
142.027144302285,0,0.0480428181832702,0,142.027144302285,0.0480428181832702,0.0480428181832702,0.0480428181832702,0.0151652887885014
7.27972576920022,0,0.0159617989219509,0,7.27972576920022,0.0159617989219509,0.0159617989219509,0.0159617989219509,0.0671622808060481
15.7641037476623,0,0.0452974152246685,0,15.7641037476623,0.0452974152246685,0.0452974152246685,0.0452974152246685,0.0222639606786319
14.6925462604222,0,-0.00458452472707301,0,14.6925462604222,-0.00458452472707301,-0.00458452472707301,-0.00458452472707301,0.0444254697733256
7.79044115240101,0,0.0350532910010923,0,7.79044115240101,0.0350532910010923,0.0350532910010923,0.0350532910010923,0.0585754206769742
11.0161041029769,0,-0.0031766917676102,0,11.0161041029769,-0.0031766917676102,-0.0031766917676102,-0.0031766917676102,0.0522005254908412
11.2420027298881,0,-0.0660500012093723,0,11.2420027298881,-0.0660500012093723,-0.0660500012093723,-0.0660500012093723,0.0384705888979592
27.9381463268887,0,-0.0196646199066465,0,27.9381463268887,-0.0196646199066465,-0.0196646199066465,-0.0196646199066465,0.0266030945529787
28.4056044215739,0,-0.0234835133541325,0,28.4056044215739,-0.0234835133541325,-0.0234835133541325,-0.0234835133541325,0.0460235649191708
9.44659083119766,0,-0.0979355343768668,0,9.44659083119766,-0.0979355343768668,-0.0979355343768668,-0.0979355343768668,0.106984919191722
10.6319539160187,0,0.00587821668928426,0,10.6319539160187,0.00587821668928426,0.00587821668928426,0.00587821668928426,0.0434639030773943
NA,NA,NA,NA,NA,NA,NA,NA,NA
3.48138260502119,0,-0.0431716232209931,0,3.48138260502119,-0.0431716232209931,-0.0431716232209931,-0.0431716232209931,0.0321818721032191
5.59197431763262,0,-0.0578220526680145,0,5.59197431763262,-0.0578220526680145,-0.0578220526680145,-0.0578220526680145,0.0290843221745671
7.10118523761685,0,-0.0285278978712163,0,7.10118523761685,-0.0285278978712163,-0.0285278978712163,-0.0285278978712163,0.0595492352872805
8.39406695268219,0,0.0167837864563465,0,8.39406695268219,0.0167837864563465,0.0167837864563465,0.0167837864563465,0.0322473662392579
17.5484182009925,0,-0.0294043390944229,0,17.5484182009925,-0.0294043390944229,-0.0294043390944229,-0.0294043390944229,0.0100748970522402
10.9419857642508,0,-0.0876235523401562,0,10.9419857642508,-0.0876235523401562,-0.0876235523401562,-0.0876235523401562,0.0336377588977628
9.567453602661,0,-0.0130573193727359,0,9.567453602661,-0.0130573193727359,-0.0130573193727359,-0.0130573193727359,0.0264340771076804
9.56764954052794,0,-0.00578932875863998,0,9.56764954052794,-0.00578932875863998,-0.00578932875863998,-0.00578932875863998,0.0288617279537588
9.58796747981615,0,0.00725905880614161,0,9.58796747981615,0.00725905880614161,0.00725905880614161,0.00725905880614161,0.0422687684348916
10.3415882006709,0,-0.0979591311963027,0,10.3415882006709,-0.0979591311963027,-0.0979591311963027,-0.0979591311963027,0.0379022425227411
9.03381024943225,0,-0.0258591277728825,0,9.03381024943225,-0.0258591277728825,-0.0258591277728825,-0.0258591277728825,0.0210013285642308
7.292171244769,0,0.0214216184583366,0,7.292171244769,0.0214216184583366,0.0214216184583366,0.0214216184583366,0.00787016036700002
10.6567948708008,0,0.0203455428827325,0,10.6567948708008,0.0203455428827325,0.0203455428827325,0.0203455428827325,0.0367174068081082
15.83958844307,0,0.0399832495665445,0,15.83958844307,0.0399832495665445,0.0399832495665445,0.0399832495665445,0.0130470310288665
17.7014293147066,0,0.0234372077444364,0,17.7014293147066,0.0234372077444364,0.0234372077444364,0.0234372077444364,0.0323786122878216
16.016217440795,0,-0.00369944404825601,0,16.016217440795,-0.00369944404825601,-0.00369944404825601,-0.00369944404825601,0.0376637682579198
13.5036026382197,0,0.0260526179813793,0,13.5036026382197,0.0260526179813793,0.0260526179813793,0.0260526179813793,0.0175137052055195
7.84913150076159,0,0.0206892300368871,0,7.84913150076159,0.0206892300368871,0.0206892300368871,0.0206892300368871,0.0125920499284639
11.3110693140974,0,0.00982781565554414,0,11.3110693140974,0.00982781565554414,0.00982781565554414,0.00982781565554414,0.0152975413868066
19.3344521561619,0,-0.0178892890128142,0,19.3344521561619,-0.0178892890128142,-0.0178892890128142,-0.0178892890128142,0.0322365626104049
12.3671082351961,0,0.0210231372322994,0,12.3671082351961,0.0210231372322994,0.0210231372322994,0.0210231372322994,0.0160828742749283
12.3654554745313,0,-0.0686880413546458,0,12.3654554745313,-0.0686880413546458,-0.0686880413546458,-0.0686880413546458,0.0513325050706189
19.2556223171704,0,0.0285945738844167,0,19.2556223171704,0.0285945738844167,0.0285945738844167,0.0285945738844167,0.0139726523520546
34.7312424253189,0,0.00360906084633839,0,34.7312424253189,0.00360906084633839,0.00360906084633839,0.00360906084633839,0.017575833019559
54.7209102152747,0,0.0196726221291343,0,54.7209102152747,0.0196726221291343,0.0196726221291343,0.0196726221291343,0.0109274670854921
11.6997668682815,0,-0.0454216119044559,0,11.6997668682815,-0.0454216119044559,-0.0454216119044559,-0.0454216119044559,0.105318046890987
8.22166390729103,0,0.0200227074138689,0,8.22166390729103,0.0200227074138689,0.0200227074138689,0.0200227074138689,0.0889316774406693
11.7030101268542,0,0.0664031592294417,0,11.7030101268542,0.0664031592294417,0.0664031592294417,0.0664031592294417,0.0318702419669784
7.36539602284415,0,-0.0247872150245361,0,7.36539602284415,-0.0247872150245361,-0.0247872150245361,-0.0247872150245361,0.114121672795408
9.34902839864339,0,-0.0319037471830898,0,9.34902839864339,-0.0319037471830898,-0.0319037471830898,-0.0319037471830898,0.0353702402159913
12.5616640281909,0,0.00441577973083164,0,12.5616640281909,0.00441577973083164,0.00441577973083164,0.00441577973083164,0.0138459086615911
5.28892335541574,0,-0.0722438218615433,0,5.28892335541574,-0.0722438218615433,-0.0722438218615433,-0.0722438218615433,0.0393158996396484
10.8363107906744,0,-0.028098390818107,0,10.8363107906744,-0.028098390818107,-0.028098390818107,-0.028098390818107,0.071926050301895
11.7003583105711,0,-0.00186774348468509,0,11.7003583105711,-0.00186774348468509,-0.00186774348468509,-0.00186774348468509,0.00589871207554302
14.1717804897526,0,0.027255899623745,0,14.1717804897526,0.027255899623745,0.027255899623745,0.027255899623745,0.0438772018708798
10.4916049522311,0,0.0132463173032987,0,10.4916049522311,0.0132463173032987,0.0132463173032987,0.0132463173032987,0.0267192917518445
12.491172371433,0,0.00616174807970621,0,12.491172371433,0.00616174807970621,0.00616174807970621,0.00616174807970621,0.0405245193389735
31.4129223891295,0,-0.0481702543197104,0,31.4129223891295,-0.0481702543197104,-0.0481702543197104,-0.0481702543197104,0.04354801944707
23.3384346785706,0,0.0173424537425691,0,23.3384346785706,0.0173424537425691,0.0173424537425691,0.0173424537425691,0.0189266195413323
21.0471310356801,0,0.0617673658141888,0,21.0471310356801,0.0617673658141888,0.0617673658141888,0.0617673658141888,0.047052745863464
21.8869961720114,0,0.0899308852467232,0,21.8869961720114,0.0899308852467232,0.0899308852467232,0.0899308852467232,0.0763185175600446
142.027144302285,0,0.0480428181832702,0,142.027144302285,0.0480428181832702,0.0480428181832702,0.0480428181832702,0.0151652887885014
7.27972576920022,0,0.0159617989219509,0,7.27972576920022,0.0159617989219509,0.0159617989219509,0.0159617989219509,0.0671622808060481
15.7641037476623,0,0.0452974152246685,0,15.7641037476623,0.0452974152246685,0.0452974152246685,0.0452974152246685,0.0222639606786319
14.6925462604222,0,-0.00458452472707301,0,14.6925462604222,-0.00458452472707301,-0.00458452472707301,-0.00458452472707301,0.0444254697733256
7.79044115240101,0,0.0350532910010923,0,7.79044115240101,0.0350532910010923,0.0350532910010923,0.0350532910010923,0.0585754206769742
11.0161041029769,0,-0.0031766917676102,0,11.0161041029769,-0.0031766917676102,-0.0031766917676102,-0.0031766917676102,0.0522005254908412
11.2420027298881,0,-0.0660500012093723,0,11.2420027298881,-0.0660500012093723,-0.0660500012093723,-0.0660500012093723,0.0384705888979592
27.9381463268887,0,-0.0196646199066465,0,27.9381463268887,-0.0196646199066465,-0.0196646199066465,-0.0196646199066465,0.0266030945529787
28.4056044215739,0,-0.0234835133541325,0,28.4056044215739,-0.0234835133541325,-0.0234835133541325,-0.0234835133541325,0.0460235649191708
9.44659083119766,0,-0.0979355343768668,0,9.44659083119766,-0.0979355343768668,-0.0979355343768668,-0.0979355343768668,0.106984919191722
10.6319539160187,0,0.00587821668928426,0,10.6319539160187,0.00587821668928426,0.00587821668928426,0.00587821668928426,0.0434639030773943
NA,NA,NA,NA,NA,NA,NA,NA,NA
3.48138260502119,0,-0.0431716232209931,0,3.48138260502119,-0.0431716232209931,-0.0431716232209931,-0.0431716232209931,0.0321818721032191
5.59197431763262,0,-0.0578220526680145,0,5.59197431763262,-0.0578220526680145,-0.0578220526680145,-0.0578220526680145,0.0290843221745671
7.10118523761685,0,-0.0285278978712163,0,7.10118523761685,-0.0285278978712163,-0.0285278978712163,-0.0285278978712163,0.0595492352872805
8.39406695268219,0,0.0167837864563465,0,8.39406695268219,0.0167837864563465,0.0167837864563465,0.0167837864563465,0.0322473662392579
17.5484182009925,0,-0.0294043390944229,0,17.5484182009925,-0.0294043390944229,-0.0294043390944229,-0.0294043390944229,0.0100748970522402
10.9419857642508,0,-0.0876235523401562,0,10.9419857642508,-0.0876235523401562,-0.0876235523401562,-0.0876235523401562,0.0336377588977628
9.567453602661,0,-0.0130573193727359,0,9.567453602661,-0.0130573193727359,-0.0130573193727359,-0.0130573193727359,0.0264340771076804
9.56764954052794,0,-0.00578932875863998,0,9.56764954052794,-0.00578932875863998,-0.00578932875863998,-0.00578932875863998,0.0288617279537588
9.58796747981615,0,0.00725905880614161,0,9.58796747981615,0.00725905880614161,0.00725905880614161,0.00725905880614161,0.0422687684348916
10.3415882006709,0,-0.0979591311963027,0,10.3415882006709,-0.0979591311963027,-0.0979591311963027,-0.0979591311963027,0.0379022425227411
9.03381024943225,0,-0.0258591277728825,0,9.03381024943225,-0.0258591277728825,-0.0258591277728825,-0.0258591277728825,0.0210013285642308
7.292171244769,0,0.0214216184583366,0,7.292171244769,0.0214216184583366,0.0214216184583366,0.0214216184583366,0.00787016036700002
10.6567948708008,0,0.0203455428827325,0,10.6567948708008,0.0203455428827325,0.0203455428827325,0.0203455428827325,0.0367174068081082
15.83958844307,0,0.0399832495665445,0,15.83958844307,0.0399832495665445,0.0399832495665445,0.0399832495665445,0.0130470310288665
17.7014293147066,0,0.0234372077444364,0,17.7014293147066,0.0234372077444364,0.0234372077444364,0.0234372077444364,0.0323786122878216
16.016217440795,0,-0.00369944404825601,0,16.016217440795,-0.00369944404825601,-0.00369944404825601,-0.00369944404825601,0.0376637682579198
13.5036026382197,0,0.0260526179813793,0,13.5036026382197,0.0260526179813793,0.0260526179813793,0.0260526179813793,0.0175137052055195
7.84913150076159,0,0.0206892300368871,0,7.84913150076159,0.0206892300368871,0.0206892300368871,0.0206892300368871,0.0125920499284639
11.3110693140974,0,0.00982781565554414,0,11.3110693140974,0.00982781565554414,0.00982781565554414,0.00982781565554414,0.0152975413868066
19.3344521561619,0,-0.0178892890128142,0,19.3344521561619,-0.0178892890128142,-0.0178892890128142,-0.0178892890128142,0.0322365626104049
12.3671082351961,0,0.0210231372322994,0,12.3671082351961,0.0210231372322994,0.0210231372322994,0.0210231372322994,0.0160828742749283
12.3654554745313,0,-0.0686880413546458,0,12.3654554745313,-0.0686880413546458,-0.0686880413546458,-0.0686880413546458,0.0513325050706189
19.2556223171704,0,0.0285945738844167,0,19.2556223171704,0.0285945738844167,0.0285945738844167,0.0285945738844167,0.0139726523520546
34.7312424253189,0,0.00360906084633839,0,34.7312424253189,0.00360906084633839,0.00360906084633839,0.00360906084633839,0.017575833019559
54.7209102152747,0,0.0196726221291343,0,54.7209102152747,0.0196726221291343,0.0196726221291343,0.0196726221291343,0.0109274670854921
11.6997668682815,0,-0.0454216119044559,0,11.6997668682815,-0.0454216119044559,-0.0454216119044559,-0.0454216119044559,0.105318046890987
8.22166390729103,0,0.0200227074138689,0,8.22166390729103,0.0200227074138689,0.0200227074138689,0.0200227074138689,0.0889316774406693
11.7030101268542,0,0.0664031592294417,0,11.7030101268542,0.0664031592294417,0.0664031592294417,0.0664031592294417,0.0318702419669784
7.36539602284415,0,-0.0247872150245361,0,7.36539602284415,-0.0247872150245361,-0.0247872150245361,-0.0247872150245361,0.114121672795408
9.34902839864339,0,-0.0319037471830898,0,9.34902839864339,-0.0319037471830898,-0.0319037471830898,-0.0319037471830898,0.0353702402159913
12.5616640281909,0,0.00441577973083164,0,12.5616640281909,0.00441577973083164,0.00441577973083164,0.00441577973083164,0.0138459086615911
5.28892335541574,0,-0.0722438218615433,0,5.28892335541574,-0.0722438218615433,-0.0722438218615433,-0.0722438218615433,0.0393158996396484
10.8363107906744,0,-0.028098390818107,0,10.8363107906744,-0.028098390818107,-0.028098390818107,-0.028098390818107,0.071926050301895
11.7003583105711,0,-0.00186774348468509,0,11.7003583105711,-0.00186774348468509,-0.00186774348468509,-0.00186774348468509,0.00589871207554302
14.1717804897526,0,0.027255899623745,0,14.1717804897526,0.027255899623745,0.027255899623745,0.027255899623745,0.0438772018708798
10.4916049522311,0,0.0132463173032987,0,10.4916049522311,0.0132463173032987,0.0132463173032987,0.0132463173032987,0.0267192917518445
12.491172371433,0,0.00616174807970621,0,12.491172371433,0.00616174807970621,0.00616174807970621,0.00616174807970621,0.0405245193389735
31.4129223891295,0,-0.0481702543197104,0,31.4129223891295,-0.0481702543197104,-0.0481702543197104,-0.0481702543197104,0.04354801944707
23.3384346785706,0,0.0173424537425691,0,23.3384346785706,0.0173424537425691,0.0173424537425691,0.0173424537425691,0.0189266195413323
21.0471310356801,0,0.0617673658141888,0,21.0471310356801,0.0617673658141888,0.0617673658141888,0.0617673658141888,0.047052745863464
21.8869961720114,0,0.0899308852467232,0,21.8869961720114,0.0899308852467232,0.0899308852467232,0.0899308852467232,0.0763185175600446
142.027144302285,0,0.0480428181832702,0,142.027144302285,0.0480428181832702,0.0480428181832702,0.0480428181832702,0.0151652887885014
7.27972576920022,0,0.0159617989219509,0,7.27972576920022,0.0159617989219509,0.0159617989219509,0.0159617989219509,0.0671622808060481
15.7641037476623,0,0.0452974152246685,0,15.7641037476623,0.0452974152246685,0.0452974152246685,0.0452974152246685,0.0222639606786319
14.6925462604222,0,-0.00458452472707301,0,14.6925462604222,-0.00458452472707301,-0.00458452472707301,-0.00458452472707301,0.0444254697733256
7.79044115240101,0,0.0350532910010923,0,7.79044115240101,0.0350532910010923,0.0350532910010923,0.0350532910010923,0.0585754206769742
11.0161041029769,0,-0.0031766917676102,0,11.0161041029769,-0.0031766917676102,-0.0031766917676102,-0.0031766917676102,0.0522005254908412
11.2420027298881,0,-0.0660500012093723,0,11.2420027298881,-0.0660500012093723,-0.0660500012093723,-0.0660500012093723,0.0384705888979592
27.9381463268887,0,-0.0196646199066465,0,27.9381463268887,-0.0196646199066465,-0.0196646199066465,-0.0196646199066465,0.0266030945529787
28.4056044215739,0,-0.0234835133541325,0,28.4056044215739,-0.0234835133541325,-0.0234835133541325,-0.0234835133541325,0.0460235649191708
9.44659083119766,0,-0.0979355343768668,0,9.44659083119766,-0.0979355343768668,-0.0979355343768668,-0.0979355343768668,0.106984919191722
10.6319539160187,0,0.00587821668928426,0,10.6319539160187,0.00587821668928426,0.00587821668928426,0.00587821668928426,0.0434639030773943
NA,NA,NA,NA,NA,NA,NA,NA,NA
3.48138260502119,0,-0.0431716232209931,0,3.48138260502119,-0.0431716232209931,-0.0431716232209931,-0.0431716232209931,0.0321818721032191
5.59197431763262,0,-0.0578220526680145,0,5.59197431763262,-0.0578220526680145,-0.0578220526680145,-0.0578220526680145,0.0290843221745671
7.10118523761685,0,-0.0285278978712163,0,7.10118523761685,-0.0285278978712163,-0.0285278978712163,-0.0285278978712163,0.0595492352872805
8.39406695268219,0,0.0167837864563465,0,8.39406695268219,0.0167837864563465,0.0167837864563465,0.0167837864563465,0.0322473662392579
17.5484182009925,0,-0.0294043390944229,0,17.5484182009925,-0.0294043390944229,-0.0294043390944229,-0.0294043390944229,0.0100748970522402
10.9419857642508,0,-0.0876235523401562,0,10.9419857642508,-0.0876235523401562,-0.0876235523401562,-0.0876235523401562,0.0336377588977628
9.567453602661,0,-0.0130573193727359,0,9.567453602661,-0.0130573193727359,-0.0130573193727359,-0.0130573193727359,0.0264340771076804
9.56764954052794,0,-0.00578932875863998,0,9.56764954052794,-0.00578932875863998,-0.00578932875863998,-0.00578932875863998,0.0288617279537588
9.58796747981615,0,0.00725905880614161,0,9.58796747981615,0.00725905880614161,0.00725905880614161,0.00725905880614161,0.0422687684348916
10.3415882006709,0,-0.0979591311963027,0,10.3415882006709,-0.0979591311963027,-0.0979591311963027,-0.0979591311963027,0.0379022425227411
9.03381024943225,0,-0.0258591277728825,0,9.03381024943225,-0.0258591277728825,-0.0258591277728825,-0.0258591277728825,0.0210013285642308
7.292171244769,0,0.0214216184583366,0,7.292171244769,0.0214216184583366,0.0214216184583366,0.0214216184583366,0.00787016036700002
10.6567948708008,0,0.0203455428827325,0,10.6567948708008,0.0203455428827325,0.0203455428827325,0.0203455428827325,0.0367174068081082
15.83958844307,0,0.0399832495665445,0,15.83958844307,0.0399832495665445,0.0399832495665445,0.0399832495665445,0.0130470310288665
17.7014293147066,0,0.0234372077444364,0,17.7014293147066,0.0234372077444364,0.0234372077444364,0.0234372077444364,0.0323786122878216
16.016217440795,0,-0.00369944404825601,0,16.016217440795,-0.00369944404825601,-0.00369944404825601,-0.00369944404825601,0.0376637682579198
13.5036026382197,0,0.0260526179813793,0,13.5036026382197,0.0260526179813793,0.0260526179813793,0.0260526179813793,0.0175137052055195
7.84913150076159,0,0.0206892300368871,0,7.84913150076159,0.0206892300368871,0.0206892300368871,0.0206892300368871,0.0125920499284639
11.3110693140974,0,0.00982781565554414,0,11.3110693140974,0.00982781565554414,0.00982781565554414,0.00982781565554414,0.0152975413868066
19.3344521561619,0,-0.0178892890128142,0,19.3344521561619,-0.0178892890128142,-0.0178892890128142,-0.0178892890128142,0.0322365626104049
12.3671082351961,0,0.0210231372322994,0,12.3671082351961,0.0210231372322994,0.0210231372322994,0.0210231372322994,0.0160828742749283
12.3654554745313,0,-0.0686880413546458,0,12.3654554745313,-0.0686880413546458,-0.0686880413546458,-0.0686880413546458,0.0513325050706189
19.2556223171704,0,0.0285945738844167,0,19.2556223171704,0.0285945738844167,0.0285945738844167,0.0285945738844167,0.0139726523520546
34.7312424253189,0,0.00360906084633839,0,34.7312424253189,0.00360906084633839,0.00360906084633839,0.00360906084633839,0.017575833019559
54.7209102152747,0,0.0196726221291343,0,54.7209102152747,0.0196726221291343,0.0196726221291343,0.0196726221291343,0.0109274670854921
11.6997668682815,0,-0.0454216119044559,0,11.6997668682815,-0.0454216119044559,-0.0454216119044559,-0.0454216119044559,0.105318046890987
8.22166390729103,0,0.0200227074138689,0,8.22166390729103,0.0200227074138689,0.0200227074138689,0.0200227074138689,0.0889316774406693
11.7030101268542,0,0.0664031592294417,0,11.7030101268542,0.0664031592294417,0.0664031592294417,0.0664031592294417,0.0318702419669784
7.36539602284415,0,-0.0247872150245361,0,7.36539602284415,-0.0247872150245361,-0.0247872150245361,-0.0247872150245361,0.114121672795408
9.34902839864339,0,-0.0319037471830898,0,9.34902839864339,-0.0319037471830898,-0.0319037471830898,-0.0319037471830898,0.0353702402159913
12.5616640281909,0,0.00441577973083164,0,12.5616640281909,0.00441577973083164,0.00441577973083164,0.00441577973083164,0.0138459086615911
5.28892335541574,0,-0.0722438218615433,0,5.28892335541574,-0.0722438218615433,-0.0722438218615433,-0.0722438218615433,0.0393158996396484
10.8363107906744,0,-0.028098390818107,0,10.8363107906744,-0.028098390818107,-0.028098390818107,-0.028098390818107,0.071926050301895
11.7003583105711,0,-0.00186774348468509,0,11.7003583105711,-0.00186774348468509,-0.00186774348468509,-0.00186774348468509,0.00589871207554302
14.1717804897526,0,0.027255899623745,0,14.1717804897526,0.027255899623745,0.027255899623745,0.027255899623745,0.0438772018708798
10.4916049522311,0,0.0132463173032987,0,10.4916049522311,0.0132463173032987,0.0132463173032987,0.0132463173032987,0.0267192917518445
12.491172371433,0,0.00616174807970621,0,12.491172371433,0.00616174807970621,0.00616174807970621,0.00616174807970621,0.0405245193389735
31.4129223891295,0,-0.0481702543197104,0,31.4129223891295,-0.0481702543197104,-0.0481702543197104,-0.0481702543197104,0.04354801944707
23.3384346785706,0,0.0173424537425691,0,23.3384346785706,0.0173424537425691,0.0173424537425691,0.0173424537425691,0.0189266195413323
21.0471310356801,0,0.0617673658141888,0,21.0471310356801,0.0617673658141888,0.0617673658141888,0.0617673658141888,0.047052745863464
21.8869961720114,0,0.0899308852467232,0,21.8869961720114,0.0899308852467232,0.0899308852467232,0.0899308852467232,0.0763185175600446
142.027144302285,0,0.0480428181832702,0,142.027144302285,0.0480428181832702,0.0480428181832702,0.0480428181832702,0.0151652887885014
7.27972576920022,0,0.0159617989219509,0,7.27972576920022,0.0159617989219509,0.0159617989219509,0.0159617989219509,0.0671622808060481
15.7641037476623,0,0.0452974152246685,0,15.7641037476623,0.0452974152246685,0.0452974152246685,0.0452974152246685,0.0222639606786319
14.6925462604222,0,-0.00458452472707301,0,14.6925462604222,-0.00458452472707301,-0.00458452472707301,-0.00458452472707301,0.0444254697733256
7.79044115240101,0,0.0350532910010923,0,7.79044115240101,0.0350532910010923,0.0350532910010923,0.0350532910010923,0.0585754206769742
11.0161041029769,0,-0.0031766917676102,0,11.0161041029769,-0.0031766917676102,-0.0031766917676102,-0.0031766917676102,0.0522005254908412
11.2420027298881,0,-0.0660500012093723,0,11.2420027298881,-0.0660500012093723,-0.0660500012093723,-0.0660500012093723,0.0384705888979592
27.9381463268887,0,-0.0196646199066465,0,27.9381463268887,-0.0196646199066465,-0.0196646199066465,-0.0196646199066465,0.0266030945529787
28.4056044215739,0,-0.0234835133541325,0,28.4056044215739,-0.0234835133541325,-0.0234835133541325,-0.0234835133541325,0.0460235649191708
9.44659083119766,0,-0.0979355343768668,0,9.44659083119766,-0.0979355343768668,-0.0979355343768668,-0.0979355343768668,0.106984919191722
10.6319539160187,0,0.00587821668928426,0,10.6319539160187,0.00587821668928426,0.00587821668928426,0.00587821668928426,0.0434639030773943
NA,NA,NA,NA,NA,NA,NA,NA,NA
3.48138260502119,0,-0.0431716232209931,0,3.48138260502119,-0.0431716232209931,-0.0431716232209931,-0.0431716232209931,0.0321818721032191
5.59197431763262,0,-0.0578220526680145,0,5.59197431763262,-0.0578220526680145,-0.0578220526680145,-0.0578220526680145,0.0290843221745671
7.10118523761685,0,-0.0285278978712163,0,7.10118523761685,-0.0285278978712163,-0.0285278978712163,-0.0285278978712163,0.0595492352872805
8.39406695268219,0,0.0167837864563465,0,8.39406695268219,0.0167837864563465,0.0167837864563465,0.0167837864563465,0.0322473662392579
17.5484182009925,0,-0.0294043390944229,0,17.5484182009925,-0.0294043390944229,-0.0294043390944229,-0.0294043390944229,0.0100748970522402
10.9419857642508,0,-0.0876235523401562,0,10.9419857642508,-0.0876235523401562,-0.0876235523401562,-0.0876235523401562,0.0336377588977628
9.567453602661,0,-0.0130573193727359,0,9.567453602661,-0.0130573193727359,-0.0130573193727359,-0.0130573193727359,0.0264340771076804
9.56764954052794,0,-0.00578932875863998,0,9.56764954052794,-0.00578932875863998,-0.00578932875863998,-0.00578932875863998,0.0288617279537588
9.58796747981615,0,0.00725905880614161,0,9.58796747981615,0.00725905880614161,0.00725905880614161,0.00725905880614161,0.0422687684348916
10.3415882006709,0,-0.0979591311963027,0,10.3415882006709,-0.0979591311963027,-0.0979591311963027,-0.0979591311963027,0.0379022425227411
9.03381024943225,0,-0.0258591277728825,0,9.03381024943225,-0.0258591277728825,-0.0258591277728825,-0.0258591277728825,0.0210013285642308
7.292171244769,0,0.0214216184583366,0,7.292171244769,0.0214216184583366,0.0214216184583366,0.0214216184583366,0.00787016036700002
10.6567948708008,0,0.0203455428827325,0,10.6567948708008,0.0203455428827325,0.0203455428827325,0.0203455428827325,0.0367174068081082
15.83958844307,0,0.0399832495665445,0,15.83958844307,0.0399832495665445,0.0399832495665445,0.0399832495665445,0.0130470310288665
17.7014293147066,0,0.0234372077444364,0,17.7014293147066,0.0234372077444364,0.0234372077444364,0.0234372077444364,0.0323786122878216
16.016217440795,0,-0.00369944404825601,0,16.016217440795,-0.00369944404825601,-0.00369944404825601,-0.00369944404825601,0.0376637682579198
13.5036026382197,0,0.0260526179813793,0,13.5036026382197,0.0260526179813793,0.0260526179813793,0.0260526179813793,0.0175137052055195
7.84913150076159,0,0.0206892300368871,0,7.84913150076159,0.0206892300368871,0.0206892300368871,0.0206892300368871,0.0125920499284639
11.3110693140974,0,0.00982781565554414,0,11.3110693140974,0.00982781565554414,0.00982781565554414,0.00982781565554414,0.0152975413868066
19.3344521561619,0,-0.0178892890128142,0,19.3344521561619,-0.0178892890128142,-0.0178892890128142,-0.0178892890128142,0.0322365626104049
12.3671082351961,0,0.0210231372322994,0,12.3671082351961,0.0210231372322994,0.0210231372322994,0.0210231372322994,0.0160828742749283
12.3654554745313,0,-0.0686880413546458,0,12.3654554745313,-0.0686880413546458,-0.0686880413546458,-0.0686880413546458,0.0513325050706189
19.2556223171704,0,0.0285945738844167,0,19.2556223171704,0.0285945738844167,0.0285945738844167,0.0285945738844167,0.0139726523520546
34.7312424253189,0,0.00360906084633839,0,34.7312424253189,0.00360906084633839,0.00360906084633839,0.00360906084633839,0.017575833019559
54.7209102152747,0,0.0196726221291343,0,54.7209102152747,0.0196726221291343,0.0196726221291343,0.0196726221291343,0.0109274670854921
11.6997668682815,0,-0.0454216119044559,0,11.6997668682815,-0.0454216119044559,-0.0454216119044559,-0.0454216119044559,0.105318046890987
8.22166390729103,0,0.0200227074138689,0,8.22166390729103,0.0200227074138689,0.0200227074138689,0.0200227074138689,0.0889316774406693
11.7030101268542,0,0.0664031592294417,0,11.7030101268542,0.0664031592294417,0.0664031592294417,0.0664031592294417,0.0318702419669784
7.36539602284415,0,-0.0247872150245361,0,7.36539602284415,-0.0247872150245361,-0.0247872150245361,-0.0247872150245361,0.114121672795408
9.34902839864339,0,-0.0319037471830898,0,9.34902839864339,-0.0319037471830898,-0.0319037471830898,-0.0319037471830898,0.0353702402159913
12.5616640281909,0,0.00441577973083164,0,12.5616640281909,0.00441577973083164,0.00441577973083164,0.00441577973083164,0.0138459086615911
5.28892335541574,0,-0.0722438218615433,0,5.28892335541574,-0.0722438218615433,-0.0722438218615433,-0.0722438218615433,0.0393158996396484
10.8363107906744,0,-0.028098390818107,0,10.8363107906744,-0.028098390818107,-0.028098390818107,-0.028098390818107,0.071926050301895
11.7003583105711,0,-0.00186774348468509,0,11.7003583105711,-0.00186774348468509,-0.00186774348468509,-0.00186774348468509,0.00589871207554302
14.1717804897526,0,0.027255899623745,0,14.1717804897526,0.027255899623745,0.027255899623745,0.027255899623745,0.0438772018708798
10.4916049522311,0,0.0132463173032987,0,10.4916049522311,0.0132463173032987,0.0132463173032987,0.0132463173032987,0.0267192917518445
12.491172371433,0,0.00616174807970621,0,12.491172371433,0.00616174807970621,0.00616174807970621,0.00616174807970621,0.0405245193389735
31.4129223891295,0,-0.0481702543197104,0,31.4129223891295,-0.0481702543197104,-0.0481702543197104,-0.0481702543197104,0.04354801944707
23.3384346785706,0,0.0173424537425691,0,23.3384346785706,0.0173424537425691,0.0173424537425691,0.0173424537425691,0.0189266195413323
21.0471310356801,0,0.0617673658141888,0,21.0471310356801,0.0617673658141888,0.0617673658141888,0.0617673658141888,0.047052745863464
21.8869961720114,0,0.0899308852467232,0,21.8869961720114,0.0899308852467232,0.0899308852467232,0.0899308852467232,0.0763185175600446
142.027144302285,0,0.0480428181832702,0,142.027144302285,0.0480428181832702,0.0480428181832702,0.0480428181832702,0.0151652887885014
7.27972576920022,0,0.0159617989219509,0,7.27972576920022,0.0159617989219509,0.0159617989219509,0.0159617989219509,0.0671622808060481
15.7641037476623,0,0.0452974152246685,0,15.7641037476623,0.0452974152246685,0.0452974152246685,0.0452974152246685,0.0222639606786319
14.6925462604222,0,-0.00458452472707301,0,14.6925462604222,-0.00458452472707301,-0.00458452472707301,-0.00458452472707301,0.0444254697733256
7.79044115240101,0,0.0350532910010923,0,7.79044115240101,0.0350532910010923,0.0350532910010923,0.0350532910010923,0.0585754206769742
11.0161041029769,0,-0.0031766917676102,0,11.0161041029769,-0.0031766917676102,-0.0031766917676102,-0.0031766917676102,0.0522005254908412
11.2420027298881,0,-0.0660500012093723,0,11.2420027298881,-0.0660500012093723,-0.0660500012093723,-0.0660500012093723,0.0384705888979592
27.9381463268887,0,-0.0196646199066465,0,27.9381463268887,-0.0196646199066465,-0.0196646199066465,-0.0196646199066465,0.0266030945529787
28.4056044215739,0,-0.0234835133541325,0,28.4056044215739,-0.0234835133541325,-0.0234835133541325,-0.0234835133541325,0.0460235649191708
9.44659083119766,0,-0.0979355343768668,0,9.44659083119766,-0.0979355343768668,-0.0979355343768668,-0.0979355343768668,0.106984919191722
10.6319539160187,0,0.00587821668928426,0,10.6319539160187,0.00587821668928426,0.00587821668928426,0.00587821668928426,0.0434639030773943
NA,NA,NA,NA,NA,NA,NA,NA,NA
3.48138260502119,0,-0.0431716232209931,0,3.48138260502119,-0.0431716232209931,-0.0431716232209931,-0.0431716232209931,0.0321818721032191
5.59197431763262,0,-0.0578220526680145,0,5.59197431763262,-0.0578220526680145,-0.0578220526680145,-0.0578220526680145,0.0290843221745671
7.10118523761685,0,-0.0285278978712163,0,7.10118523761685,-0.0285278978712163,-0.0285278978712163,-0.0285278978712163,0.0595492352872805
8.39406695268219,0,0.0167837864563465,0,8.39406695268219,0.0167837864563465,0.0167837864563465,0.0167837864563465,0.0322473662392579
17.5484182009925,0,-0.0294043390944229,0,17.5484182009925,-0.0294043390944229,-0.0294043390944229,-0.0294043390944229,0.0100748970522402
10.9419857642508,0,-0.0876235523401562,0,10.9419857642508,-0.0876235523401562,-0.0876235523401562,-0.0876235523401562,0.0336377588977628
9.567453602661,0,-0.0130573193727359,0,9.567453602661,-0.0130573193727359,-0.0130573193727359,-0.0130573193727359,0.0264340771076804
9.56764954052794,0,-0.00578932875863998,0,9.56764954052794,-0.00578932875863998,-0.00578932875863998,-0.00578932875863998,0.0288617279537588
9.58796747981615,0,0.00725905880614161,0,9.58796747981615,0.00725905880614161,0.00725905880614161,0.00725905880614161,0.0422687684348916
10.3415882006709,0,-0.0979591311963027,0,10.3415882006709,-0.0979591311963027,-0.0979591311963027,-0.0979591311963027,0.0379022425227411
9.03381024943225,0,-0.0258591277728825,0,9.03381024943225,-0.0258591277728825,-0.0258591277728825,-0.0258591277728825,0.0210013285642308
7.292171244769,0,0.0214216184583366,0,7.292171244769,0.0214216184583366,0.0214216184583366,0.0214216184583366,0.00787016036700002
10.6567948708008,0,0.0203455428827325,0,10.6567948708008,0.0203455428827325,0.0203455428827325,0.0203455428827325,0.0367174068081082
15.83958844307,0,0.0399832495665445,0,15.83958844307,0.0399832495665445,0.0399832495665445,0.0399832495665445,0.0130470310288665
17.7014293147066,0,0.0234372077444364,0,17.7014293147066,0.0234372077444364,0.0234372077444364,0.0234372077444364,0.0323786122878216
16.016217440795,0,-0.00369944404825601,0,16.016217440795,-0.00369944404825601,-0.00369944404825601,-0.00369944404825601,0.0376637682579198
13.5036026382197,0,0.0260526179813793,0,13.5036026382197,0.0260526179813793,0.0260526179813793,0.0260526179813793,0.0175137052055195
7.84913150076159,0,0.0206892300368871,0,7.84913150076159,0.0206892300368871,0.0206892300368871,0.0206892300368871,0.0125920499284639
11.3110693140974,0,0.00982781565554414,0,11.3110693140974,0.00982781565554414,0.00982781565554414,0.00982781565554414,0.0152975413868066
19.3344521561619,0,-0.0178892890128142,0,19.3344521561619,-0.0178892890128142,-0.0178892890128142,-0.0178892890128142,0.0322365626104049
12.3671082351961,0,0.0210231372322994,0,12.3671082351961,0.0210231372322994,0.0210231372322994,0.0210231372322994,0.0160828742749283
12.3654554745313,0,-0.0686880413546458,0,12.3654554745313,-0.0686880413546458,-0.0686880413546458,-0.0686880413546458,0.0513325050706189
19.2556223171704,0,0.0285945738844167,0,19.2556223171704,0.0285945738844167,0.0285945738844167,0.0285945738844167,0.0139726523520546
34.7312424253189,0,0.00360906084633839,0,34.7312424253189,0.00360906084633839,0.00360906084633839,0.00360906084633839,0.017575833019559
54.7209102152747,0,0.0196726221291343,0,54.7209102152747,0.0196726221291343,0.0196726221291343,0.0196726221291343,0.0109274670854921
11.6997668682815,0,-0.0454216119044559,0,11.6997668682815,-0.0454216119044559,-0.0454216119044559,-0.0454216119044559,0.105318046890987
8.22166390729103,0,0.0200227074138689,0,8.22166390729103,0.0200227074138689,0.0200227074138689,0.0200227074138689,0.0889316774406693
11.7030101268542,0,0.0664031592294417,0,11.7030101268542,0.0664031592294417,0.0664031592294417,0.0664031592294417,0.0318702419669784
7.36539602284415,0,-0.0247872150245361,0,7.36539602284415,-0.0247872150245361,-0.0247872150245361,-0.0247872150245361,0.114121672795408
9.34902839864339,0,-0.0319037471830898,0,9.34902839864339,-0.0319037471830898,-0.0319037471830898,-0.0319037471830898,0.0353702402159913
12.5616640281909,0,0.00441577973083164,0,12.5616640281909,0.00441577973083164,0.00441577973083164,0.00441577973083164,0.0138459086615911
5.28892335541574,0,-0.0722438218615433,0,5.28892335541574,-0.0722438218615433,-0.0722438218615433,-0.0722438218615433,0.0393158996396484
10.8363107906744,0,-0.028098390818107,0,10.8363107906744,-0.028098390818107,-0.028098390818107,-0.028098390818107,0.071926050301895
11.7003583105711,0,-0.00186774348468509,0,11.7003583105711,-0.00186774348468509,-0.00186774348468509,-0.00186774348468509,0.00589871207554302
14.1717804897526,0,0.027255899623745,0,14.1717804897526,0.027255899623745,0.027255899623745,0.027255899623745,0.0438772018708798
10.4916049522311,0,0.0132463173032987,0,10.4916049522311,0.0132463173032987,0.0132463173032987,0.0132463173032987,0.0267192917518445
12.491172371433,0,0.00616174807970621,0,12.491172371433,0.00616174807970621,0.00616174807970621,0.00616174807970621,0.0405245193389735
31.4129223891295,0,-0.0481702543197104,0,31.4129223891295,-0.0481702543197104,-0.0481702543197104,-0.0481702543197104,0.04354801944707
23.3384346785706,0,0.0173424537425691,0,23.3384346785706,0.0173424537425691,0.0173424537425691,0.0173424537425691,0.0189266195413323
21.0471310356801,0,0.0617673658141888,0,21.0471310356801,0.0617673658141888,0.0617673658141888,0.0617673658141888,0.047052745863464
21.8869961720114,0,0.0899308852467232,0,21.8869961720114,0.0899308852467232,0.0899308852467232,0.0899308852467232,0.0763185175600446
142.027144302285,0,0.0480428181832702,0,142.027144302285,0.0480428181832702,0.0480428181832702,0.0480428181832702,0.0151652887885014
7.27972576920022,0,0.0159617989219509,0,7.27972576920022,0.0159617989219509,0.0159617989219509,0.0159617989219509,0.0671622808060481
15.7641037476623,0,0.0452974152246685,0,15.7641037476623,0.0452974152246685,0.0452974152246685,0.0452974152246685,0.0222639606786319
14.6925462604222,0,-0.00458452472707301,0,14.6925462604222,-0.00458452472707301,-0.00458452472707301,-0.00458452472707301,0.0444254697733256
7.79044115240101,0,0.0350532910010923,0,7.79044115240101,0.0350532910010923,0.0350532910010923,0.0350532910010923,0.0585754206769742
11.0161041029769,0,-0.0031766917676102,0,11.0161041029769,-0.0031766917676102,-0.0031766917676102,-0.0031766917676102,0.0522005254908412
11.2420027298881,0,-0.0660500012093723,0,11.2420027298881,-0.0660500012093723,-0.0660500012093723,-0.0660500012093723,0.0384705888979592
27.9381463268887,0,-0.0196646199066465,0,27.9381463268887,-0.0196646199066465,-0.0196646199066465,-0.0196646199066465,0.0266030945529787
28.4056044215739,0,-0.0234835133541325,0,28.4056044215739,-0.0234835133541325,-0.0234835133541325,-0.0234835133541325,0.0460235649191708
9.44659083119766,0,-0.0979355343768668,0,9.44659083119766,-0.0979355343768668,-0.0979355343768668,-0.0979355343768668,0.106984919191722
10.6319539160187,0,0.00587821668928426,0,10.6319539160187,0.00587821668928426,0.00587821668928426,0.00587821668928426,0.0434639030773943
NA,NA,NA,NA,NA,NA,NA,NA,NA
3.48138260502119,0,-0.0431716232209931,0,3.48138260502119,-0.0431716232209931,-0.0431716232209931,-0.0431716232209931,0.0321818721032191
5.59197431763262,0,-0.0578220526680145,0,5.59197431763262,-0.0578220526680145,-0.0578220526680145,-0.0578220526680145,0.0290843221745671
7.10118523761685,0,-0.0285278978712163,0,7.10118523761685,-0.0285278978712163,-0.0285278978712163,-0.0285278978712163,0.0595492352872805
8.39406695268219,0,0.0167837864563465,0,8.39406695268219,0.0167837864563465,0.0167837864563465,0.0167837864563465,0.0322473662392579
17.5484182009925,0,-0.0294043390944229,0,17.5484182009925,-0.0294043390944229,-0.0294043390944229,-0.0294043390944229,0.0100748970522402
10.9419857642508,0,-0.0876235523401562,0,10.9419857642508,-0.0876235523401562,-0.0876235523401562,-0.0876235523401562,0.0336377588977628
9.567453602661,0,-0.0130573193727359,0,9.567453602661,-0.0130573193727359,-0.0130573193727359,-0.0130573193727359,0.0264340771076804
9.56764954052794,0,-0.00578932875863998,0,9.56764954052794,-0.00578932875863998,-0.00578932875863998,-0.00578932875863998,0.0288617279537588
9.58796747981615,0,0.00725905880614161,0,9.58796747981615,0.00725905880614161,0.00725905880614161,0.00725905880614161,0.0422687684348916
10.3415882006709,0,-0.0979591311963027,0,10.3415882006709,-0.0979591311963027,-0.0979591311963027,-0.0979591311963027,0.0379022425227411
9.03381024943225,0,-0.0258591277728825,0,9.03381024943225,-0.0258591277728825,-0.0258591277728825,-0.0258591277728825,0.0210013285642308
7.292171244769,0,0.0214216184583366,0,7.292171244769,0.0214216184583366,0.0214216184583366,0.0214216184583366,0.00787016036700002
10.6567948708008,0,0.0203455428827325,0,10.6567948708008,0.0203455428827325,0.0203455428827325,0.0203455428827325,0.0367174068081082
15.83958844307,0,0.0399832495665445,0,15.83958844307,0.0399832495665445,0.0399832495665445,0.0399832495665445,0.0130470310288665
17.7014293147066,0,0.0234372077444364,0,17.7014293147066,0.0234372077444364,0.0234372077444364,0.0234372077444364,0.0323786122878216
16.016217440795,0,-0.00369944404825601,0,16.016217440795,-0.00369944404825601,-0.00369944404825601,-0.00369944404825601,0.0376637682579198
13.5036026382197,0,0.0260526179813793,0,13.5036026382197,0.0260526179813793,0.0260526179813793,0.0260526179813793,0.0175137052055195
7.84913150076159,0,0.0206892300368871,0,7.84913150076159,0.0206892300368871,0.0206892300368871,0.0206892300368871,0.0125920499284639
11.3110693140974,0,0.00982781565554414,0,11.3110693140974,0.00982781565554414,0.00982781565554414,0.00982781565554414,0.0152975413868066
19.3344521561619,0,-0.0178892890128142,0,19.3344521561619,-0.0178892890128142,-0.0178892890128142,-0.0178892890128142,0.0322365626104049
12.3671082351961,0,0.0210231372322994,0,12.3671082351961,0.0210231372322994,0.0210231372322994,0.0210231372322994,0.0160828742749283
12.3654554745313,0,-0.0686880413546458,0,12.3654554745313,-0.0686880413546458,-0.0686880413546458,-0.0686880413546458,0.0513325050706189
19.2556223171704,0,0.0285945738844167,0,19.2556223171704,0.0285945738844167,0.0285945738844167,0.0285945738844167,0.0139726523520546
34.7312424253189,0,0.00360906084633839,0,34.7312424253189,0.00360906084633839,0.00360906084633839,0.00360906084633839,0.017575833019559
54.7209102152747,0,0.0196726221291343,0,54.7209102152747,0.0196726221291343,0.0196726221291343,0.0196726221291343,0.0109274670854921
11.6997668682815,0,-0.0454216119044559,0,11.6997668682815,-0.0454216119044559,-0.0454216119044559,-0.0454216119044559,0.105318046890987
8.22166390729103,0,0.0200227074138689,0,8.22166390729103,0.0200227074138689,0.0200227074138689,0.0200227074138689,0.0889316774406693
11.7030101268542,0,0.0664031592294417,0,11.7030101268542,0.0664031592294417,0.0664031592294417,0.0664031592294417,0.0318702419669784
7.36539602284415,0,-0.0247872150245361,0,7.36539602284415,-0.0247872150245361,-0.0247872150245361,-0.0247872150245361,0.114121672795408
9.34902839864339,0,-0.0319037471830898,0,9.34902839864339,-0.0319037471830898,-0.0319037471830898,-0.0319037471830898,0.0353702402159913
12.5616640281909,0,0.00441577973083164,0,12.5616640281909,0.00441577973083164,0.00441577973083164,0.00441577973083164,0.0138459086615911
5.28892335541574,0,-0.0722438218615433,0,5.28892335541574,-0.0722438218615433,-0.0722438218615433,-0.0722438218615433,0.0393158996396484
10.8363107906744,0,-0.028098390818107,0,10.8363107906744,-0.028098390818107,-0.028098390818107,-0.028098390818107,0.071926050301895
11.7003583105711,0,-0.00186774348468509,0,11.7003583105711,-0.00186774348468509,-0.00186774348468509,-0.00186774348468509,0.00589871207554302
14.1717804897526,0,0.027255899623745,0,14.1717804897526,0.027255899623745,0.027255899623745,0.027255899623745,0.0438772018708798
10.4916049522311,0,0.0132463173032987,0,10.4916049522311,0.0132463173032987,0.0132463173032987,0.0132463173032987,0.0267192917518445
12.491172371433,0,0.00616174807970621,0,12.491172371433,0.00616174807970621,0.00616174807970621,0.00616174807970621,0.0405245193389735
31.4129223891295,0,-0.0481702543197104,0,31.4129223891295,-0.0481702543197104,-0.0481702543197104,-0.0481702543197104,0.04354801944707
23.3384346785706,0,0.0173424537425691,0,23.3384346785706,0.0173424537425691,0.0173424537425691,0.0173424537425691,0.0189266195413323
21.0471310356801,0,0.0617673658141888,0,21.0471310356801,0.0617673658141888,0.0617673658141888,0.0617673658141888,0.047052745863464
21.8869961720114,0,0.0899308852467232,0,21.8869961720114,0.0899308852467232,0.0899308852467232,0.0899308852467232,0.0763185175600446
142.027144302285,0,0.0480428181832702,0,142.027144302285,0.0480428181832702,0.0480428181832702,0.0480428181832702,0.0151652887885014
7.27972576920022,0,0.0159617989219509,0,7.27972576920022,0.0159617989219509,0.0159617989219509,0.0159617989219509,0.0671622808060481
15.7641037476623,0,0.0452974152246685,0,15.7641037476623,0.0452974152246685,0.0452974152246685,0.0452974152246685,0.0222639606786319
14.6925462604222,0,-0.00458452472707301,0,14.6925462604222,-0.00458452472707301,-0.00458452472707301,-0.00458452472707301,0.0444254697733256
7.79044115240101,0,0.0350532910010923,0,7.79044115240101,0.0350532910010923,0.0350532910010923,0.0350532910010923,0.0585754206769742
11.0161041029769,0,-0.0031766917676102,0,11.0161041029769,-0.0031766917676102,-0.0031766917676102,-0.0031766917676102,0.0522005254908412
11.2420027298881,0,-0.0660500012093723,0,11.2420027298881,-0.0660500012093723,-0.0660500012093723,-0.0660500012093723,0.0384705888979592
27.9381463268887,0,-0.0196646199066465,0,27.9381463268887,-0.0196646199066465,-0.0196646199066465,-0.0196646199066465,0.0266030945529787
28.4056044215739,0,-0.0234835133541325,0,28.4056044215739,-0.0234835133541325,-0.0234835133541325,-0.0234835133541325,0.0460235649191708
9.44659083119766,0,-0.0979355343768668,0,9.44659083119766,-0.0979355343768668,-0.0979355343768668,-0.0979355343768668,0.106984919191722
10.6319539160187,0,0.00587821668928426,0,10.6319539160187,0.00587821668928426,0.00587821668928426,0.00587821668928426,0.0434639030773943
NA,NA,NA,NA,NA,NA,NA,NA,NA
3.48138260502119,0,-0.0431716232209931,0,3.48138260502119,-0.0431716232209931,-0.0431716232209931,-0.0431716232209931,0.0321818721032191
5.59197431763262,0,-0.0578220526680145,0,5.59197431763262,-0.0578220526680145,-0.0578220526680145,-0.0578220526680145,0.0290843221745671
7.10118523761685,0,-0.0285278978712163,0,7.10118523761685,-0.0285278978712163,-0.0285278978712163,-0.0285278978712163,0.0595492352872805
8.39406695268219,0,0.0167837864563465,0,8.39406695268219,0.0167837864563465,0.0167837864563465,0.0167837864563465,0.0322473662392579
6.68163411954067,0,0.0399525800720857,0,6.68163411954067,0.0399525800720857,0.0399525800720857,0.0399525800720857,0.0632642521725607
10.9419857642508,0,-0.0876235523401562,0,10.9419857642508,-0.0876235523401562,-0.0876235523401562,-0.0876235523401562,0.0336377588977628
9.567453602661,0,-0.0130573193727359,0,9.567453602661,-0.0130573193727359,-0.0130573193727359,-0.0130573193727359,0.0264340771076804
9.56764954052794,0,-0.00578932875863998,0,9.56764954052794,-0.00578932875863998,-0.00578932875863998,-0.00578932875863998,0.0288617279537588
9.58796747981615,0,0.00725905880614161,0,9.58796747981615,0.00725905880614161,0.00725905880614161,0.00725905880614161,0.0422687684348916
10.3415882006709,0,-0.0979591311963027,0,10.3415882006709,-0.0979591311963027,-0.0979591311963027,-0.0979591311963027,0.0379022425227411
9.03381024943225,0,-0.0258591277728825,0,9.03381024943225,-0.0258591277728825,-0.0258591277728825,-0.0258591277728825,0.0210013285642308
7.292171244769,0,0.0214216184583366,0,7.292171244769,0.0214216184583366,0.0214216184583366,0.0214216184583366,0.00787016036700002
10.6567948708008,0,0.0203455428827325,0,10.6567948708008,0.0203455428827325,0.0203455428827325,0.0203455428827325,0.0367174068081082
15.83958844307,0,0.0399832495665445,0,15.83958844307,0.0399832495665445,0.0399832495665445,0.0399832495665445,0.0130470310288665
17.7014293147066,0,0.0234372077444364,0,17.7014293147066,0.0234372077444364,0.0234372077444364,0.0234372077444364,0.0323786122878216
16.016217440795,0,-0.00369944404825601,0,16.016217440795,-0.00369944404825601,-0.00369944404825601,-0.00369944404825601,0.0376637682579198
13.5036026382197,0,0.0260526179813793,0,13.5036026382197,0.0260526179813793,0.0260526179813793,0.0260526179813793,0.0175137052055195
7.84913150076159,0,0.0206892300368871,0,7.84913150076159,0.0206892300368871,0.0206892300368871,0.0206892300368871,0.0125920499284639
11.3110693140974,0,0.00982781565554414,0,11.3110693140974,0.00982781565554414,0.00982781565554414,0.00982781565554414,0.0152975413868066
19.3344521561619,0,-0.0178892890128142,0,19.3344521561619,-0.0178892890128142,-0.0178892890128142,-0.0178892890128142,0.0322365626104049
12.3671082351961,0,0.0210231372322994,0,12.3671082351961,0.0210231372322994,0.0210231372322994,0.0210231372322994,0.0160828742749283
12.3654554745313,0,-0.0686880413546458,0,12.3654554745313,-0.0686880413546458,-0.0686880413546458,-0.0686880413546458,0.0513325050706189
19.2556223171704,0,0.0285945738844167,0,19.2556223171704,0.0285945738844167,0.0285945738844167,0.0285945738844167,0.0139726523520546
34.7312424253189,0,0.00360906084633839,0,34.7312424253189,0.00360906084633839,0.00360906084633839,0.00360906084633839,0.017575833019559
54.7209102152747,0,0.0196726221291343,0,54.7209102152747,0.0196726221291343,0.0196726221291343,0.0196726221291343,0.0109274670854921
11.6997668682815,0,-0.0454216119044559,0,11.6997668682815,-0.0454216119044559,-0.0454216119044559,-0.0454216119044559,0.105318046890987
8.22166390729103,0,0.0200227074138689,0,8.22166390729103,0.0200227074138689,0.0200227074138689,0.0200227074138689,0.0889316774406693
11.7030101268542,0,0.0664031592294417,0,11.7030101268542,0.0664031592294417,0.0664031592294417,0.0664031592294417,0.0318702419669784
7.36539602284415,0,-0.0247872150245361,0,7.36539602284415,-0.0247872150245361,-0.0247872150245361,-0.0247872150245361,0.114121672795408
9.34902839864339,0,-0.0319037471830898,0,9.34902839864339,-0.0319037471830898,-0.0319037471830898,-0.0319037471830898,0.0353702402159913
12.5616640281909,0,0.00441577973083164,0,12.5616640281909,0.00441577973083164,0.00441577973083164,0.00441577973083164,0.0138459086615911
5.28892335541574,0,-0.0722438218615433,0,5.28892335541574,-0.0722438218615433,-0.0722438218615433,-0.0722438218615433,0.0393158996396484
10.8363107906744,0,-0.028098390818107,0,10.8363107906744,-0.028098390818107,-0.028098390818107,-0.028098390818107,0.071926050301895
11.7003583105711,0,-0.00186774348468509,0,11.7003583105711,-0.00186774348468509,-0.00186774348468509,-0.00186774348468509,0.00589871207554302
14.1717804897526,0,0.027255899623745,0,14.1717804897526,0.027255899623745,0.027255899623745,0.027255899623745,0.0438772018708798
10.4916049522311,0,0.0132463173032987,0,10.4916049522311,0.0132463173032987,0.0132463173032987,0.0132463173032987,0.0267192917518445
12.491172371433,0,0.00616174807970621,0,12.491172371433,0.00616174807970621,0.00616174807970621,0.00616174807970621,0.0405245193389735
31.4129223891295,0,-0.0481702543197104,0,31.4129223891295,-0.0481702543197104,-0.0481702543197104,-0.0481702543197104,0.04354801944707
23.3384346785706,0,0.0173424537425691,0,23.3384346785706,0.0173424537425691,0.0173424537425691,0.0173424537425691,0.0189266195413323
21.0471310356801,0,0.0617673658141888,0,21.0471310356801,0.0617673658141888,0.0617673658141888,0.0617673658141888,0.047052745863464
21.8869961720114,0,0.0899308852467232,0,21.8869961720114,0.0899308852467232,0.0899308852467232,0.0899308852467232,0.0763185175600446
142.027144302285,0,0.0480428181832702,0,142.027144302285,0.0480428181832702,0.0480428181832702,0.0480428181832702,0.0151652887885014
7.27972576920022,0,0.0159617989219509,0,7.27972576920022,0.0159617989219509,0.0159617989219509,0.0159617989219509,0.0671622808060481
15.7641037476623,0,0.0452974152246685,0,15.7641037476623,0.0452974152246685,0.0452974152246685,0.0452974152246685,0.0222639606786319
14.6925462604222,0,-0.00458452472707301,0,14.6925462604222,-0.00458452472707301,-0.00458452472707301,-0.00458452472707301,0.0444254697733256
7.79044115240101,0,0.0350532910010923,0,7.79044115240101,0.0350532910010923,0.0350532910010923,0.0350532910010923,0.0585754206769742
11.0161041029769,0,-0.0031766917676102,0,11.0161041029769,-0.0031766917676102,-0.0031766917676102,-0.0031766917676102,0.0522005254908412
11.2420027298881,0,-0.0660500012093723,0,11.2420027298881,-0.0660500012093723,-0.0660500012093723,-0.0660500012093723,0.0384705888979592
27.9381463268887,0,-0.0196646199066465,0,27.9381463268887,-0.0196646199066465,-0.0196646199066465,-0.0196646199066465,0.0266030945529787
28.4056044215739,0,-0.0234835133541325,0,28.4056044215739,-0.0234835133541325,-0.0234835133541325,-0.0234835133541325,0.0460235649191708
9.44659083119766,0,-0.0979355343768668,0,9.44659083119766,-0.0979355343768668,-0.0979355343768668,-0.0979355343768668,0.106984919191722
10.6319539160187,0,0.00587821668928426,0,10.6319539160187,0.00587821668928426,0.00587821668928426,0.00587821668928426,0.0434639030773943
NA,NA,NA,NA,NA,NA,NA,NA,NA
3.48138260502119,0,-0.0431716232209931,0,3.48138260502119,-0.0431716232209931,-0.0431716232209931,-0.0431716232209931,0.0321818721032191
5.59197431763262,0,-0.0578220526680145,0,5.59197431763262,-0.0578220526680145,-0.0578220526680145,-0.0578220526680145,0.0290843221745671
7.10118523761685,0,-0.0285278978712163,0,7.10118523761685,-0.0285278978712163,-0.0285278978712163,-0.0285278978712163,0.0595492352872805
8.39406695268219,0,0.0167837864563465,0,8.39406695268219,0.0167837864563465,0.0167837864563465,0.0167837864563465,0.0322473662392579
6.68163411954067,0,0.0399525800720857,0,6.68163411954067,0.0399525800720857,0.0399525800720857,0.0399525800720857,0.0632642521725607
10.9419857642508,0,-0.0876235523401562,0,10.9419857642508,-0.0876235523401562,-0.0876235523401562,-0.0876235523401562,0.0336377588977628
9.567453602661,0,-0.0130573193727359,0,9.567453602661,-0.0130573193727359,-0.0130573193727359,-0.0130573193727359,0.0264340771076804
9.56764954052794,0,-0.00578932875863998,0,9.56764954052794,-0.00578932875863998,-0.00578932875863998,-0.00578932875863998,0.0288617279537588
9.58796747981615,0,0.00725905880614161,0,9.58796747981615,0.00725905880614161,0.00725905880614161,0.00725905880614161,0.0422687684348916
10.3415882006709,0,-0.0979591311963027,0,10.3415882006709,-0.0979591311963027,-0.0979591311963027,-0.0979591311963027,0.0379022425227411
9.03381024943225,0,-0.0258591277728825,0,9.03381024943225,-0.0258591277728825,-0.0258591277728825,-0.0258591277728825,0.0210013285642308
7.292171244769,0,0.0214216184583366,0,7.292171244769,0.0214216184583366,0.0214216184583366,0.0214216184583366,0.00787016036700002
10.6567948708008,0,0.0203455428827325,0,10.6567948708008,0.0203455428827325,0.0203455428827325,0.0203455428827325,0.0367174068081082
15.83958844307,0,0.0399832495665445,0,15.83958844307,0.0399832495665445,0.0399832495665445,0.0399832495665445,0.0130470310288665
17.7014293147066,0,0.0234372077444364,0,17.7014293147066,0.0234372077444364,0.0234372077444364,0.0234372077444364,0.0323786122878216
16.016217440795,0,-0.00369944404825601,0,16.016217440795,-0.00369944404825601,-0.00369944404825601,-0.00369944404825601,0.0376637682579198
13.5036026382197,0,0.0260526179813793,0,13.5036026382197,0.0260526179813793,0.0260526179813793,0.0260526179813793,0.0175137052055195
7.84913150076159,0,0.0206892300368871,0,7.84913150076159,0.0206892300368871,0.0206892300368871,0.0206892300368871,0.0125920499284639
11.3110693140974,0,0.00982781565554414,0,11.3110693140974,0.00982781565554414,0.00982781565554414,0.00982781565554414,0.0152975413868066
19.3344521561619,0,-0.0178892890128142,0,19.3344521561619,-0.0178892890128142,-0.0178892890128142,-0.0178892890128142,0.0322365626104049
12.3671082351961,0,0.0210231372322994,0,12.3671082351961,0.0210231372322994,0.0210231372322994,0.0210231372322994,0.0160828742749283
12.3654554745313,0,-0.0686880413546458,0,12.3654554745313,-0.0686880413546458,-0.0686880413546458,-0.0686880413546458,0.0513325050706189
19.2556223171704,0,0.0285945738844167,0,19.2556223171704,0.0285945738844167,0.0285945738844167,0.0285945738844167,0.0139726523520546
34.7312424253189,0,0.00360906084633839,0,34.7312424253189,0.00360906084633839,0.00360906084633839,0.00360906084633839,0.017575833019559
54.7209102152747,0,0.0196726221291343,0,54.7209102152747,0.0196726221291343,0.0196726221291343,0.0196726221291343,0.0109274670854921
11.6997668682815,0,-0.0454216119044559,0,11.6997668682815,-0.0454216119044559,-0.0454216119044559,-0.0454216119044559,0.105318046890987
8.22166390729103,0,0.0200227074138689,0,8.22166390729103,0.0200227074138689,0.0200227074138689,0.0200227074138689,0.0889316774406693
11.7030101268542,0,0.0664031592294417,0,11.7030101268542,0.0664031592294417,0.0664031592294417,0.0664031592294417,0.0318702419669784
7.36539602284415,0,-0.0247872150245361,0,7.36539602284415,-0.0247872150245361,-0.0247872150245361,-0.0247872150245361,0.114121672795408
9.34902839864339,0,-0.0319037471830898,0,9.34902839864339,-0.0319037471830898,-0.0319037471830898,-0.0319037471830898,0.0353702402159913
12.5616640281909,0,0.00441577973083164,0,12.5616640281909,0.00441577973083164,0.00441577973083164,0.00441577973083164,0.0138459086615911
5.28892335541574,0,-0.0722438218615433,0,5.28892335541574,-0.0722438218615433,-0.0722438218615433,-0.0722438218615433,0.0393158996396484
10.8363107906744,0,-0.028098390818107,0,10.8363107906744,-0.028098390818107,-0.028098390818107,-0.028098390818107,0.071926050301895
11.7003583105711,0,-0.00186774348468509,0,11.7003583105711,-0.00186774348468509,-0.00186774348468509,-0.00186774348468509,0.00589871207554302
14.1717804897526,0,0.027255899623745,0,14.1717804897526,0.027255899623745,0.027255899623745,0.027255899623745,0.0438772018708798
10.4916049522311,0,0.0132463173032987,0,10.4916049522311,0.0132463173032987,0.0132463173032987,0.0132463173032987,0.0267192917518445
12.491172371433,0,0.00616174807970621,0,12.491172371433,0.00616174807970621,0.00616174807970621,0.00616174807970621,0.0405245193389735
31.4129223891295,0,-0.0481702543197104,0,31.4129223891295,-0.0481702543197104,-0.0481702543197104,-0.0481702543197104,0.04354801944707
23.3384346785706,0,0.0173424537425691,0,23.3384346785706,0.0173424537425691,0.0173424537425691,0.0173424537425691,0.0189266195413323
21.0471310356801,0,0.0617673658141888,0,21.0471310356801,0.0617673658141888,0.0617673658141888,0.0617673658141888,0.047052745863464
21.8869961720114,0,0.0899308852467232,0,21.8869961720114,0.0899308852467232,0.0899308852467232,0.0899308852467232,0.0763185175600446
142.027144302285,0,0.0480428181832702,0,142.027144302285,0.0480428181832702,0.0480428181832702,0.0480428181832702,0.0151652887885014
7.27972576920022,0,0.0159617989219509,0,7.27972576920022,0.0159617989219509,0.0159617989219509,0.0159617989219509,0.0671622808060481
15.7641037476623,0,0.0452974152246685,0,15.7641037476623,0.0452974152246685,0.0452974152246685,0.0452974152246685,0.0222639606786319
14.6925462604222,0,-0.00458452472707301,0,14.6925462604222,-0.00458452472707301,-0.00458452472707301,-0.00458452472707301,0.0444254697733256
7.79044115240101,0,0.0350532910010923,0,7.79044115240101,0.0350532910010923,0.0350532910010923,0.0350532910010923,0.0585754206769742
11.0161041029769,0,-0.0031766917676102,0,11.0161041029769,-0.0031766917676102,-0.0031766917676102,-0.0031766917676102,0.0522005254908412
11.2420027298881,0,-0.0660500012093723,0,11.2420027298881,-0.0660500012093723,-0.0660500012093723,-0.0660500012093723,0.0384705888979592
27.9381463268887,0,-0.0196646199066465,0,27.9381463268887,-0.0196646199066465,-0.0196646199066465,-0.0196646199066465,0.0266030945529787
28.4056044215739,0,-0.0234835133541325,0,28.4056044215739,-0.0234835133541325,-0.0234835133541325,-0.0234835133541325,0.0460235649191708
9.44659083119766,0,-0.0979355343768668,0,9.44659083119766,-0.0979355343768668,-0.0979355343768668,-0.0979355343768668,0.106984919191722
10.6319539160187,0,0.00587821668928426,0,10.6319539160187,0.00587821668928426,0.00587821668928426,0.00587821668928426,0.0434639030773943
NA,NA,NA,NA,NA,NA,NA,NA,NA
3.48138260502119,0,-0.0431716232209931,0,3.48138260502119,-0.0431716232209931,-0.0431716232209931,-0.0431716232209931,0.0321818721032191
5.59197431763262,0,-0.0578220526680145,0,5.59197431763262,-0.0578220526680145,-0.0578220526680145,-0.0578220526680145,0.0290843221745671
7.10118523761685,0,-0.0285278978712163,0,7.10118523761685,-0.0285278978712163,-0.0285278978712163,-0.0285278978712163,0.0595492352872805
8.39406695268219,0,0.0167837864563465,0,8.39406695268219,0.0167837864563465,0.0167837864563465,0.0167837864563465,0.0322473662392579
6.68163411954067,0,0.0399525800720857,0,6.68163411954067,0.0399525800720857,0.0399525800720857,0.0399525800720857,0.0632642521725607
10.9419857642508,0,-0.0876235523401562,0,10.9419857642508,-0.0876235523401562,-0.0876235523401562,-0.0876235523401562,0.0336377588977628
9.567453602661,0,-0.0130573193727359,0,9.567453602661,-0.0130573193727359,-0.0130573193727359,-0.0130573193727359,0.0264340771076804
9.56764954052794,0,-0.00578932875863998,0,9.56764954052794,-0.00578932875863998,-0.00578932875863998,-0.00578932875863998,0.0288617279537588
9.58796747981615,0,0.00725905880614161,0,9.58796747981615,0.00725905880614161,0.00725905880614161,0.00725905880614161,0.0422687684348916
10.3415882006709,0,-0.0979591311963027,0,10.3415882006709,-0.0979591311963027,-0.0979591311963027,-0.0979591311963027,0.0379022425227411
9.03381024943225,0,-0.0258591277728825,0,9.03381024943225,-0.0258591277728825,-0.0258591277728825,-0.0258591277728825,0.0210013285642308
7.292171244769,0,0.0214216184583366,0,7.292171244769,0.0214216184583366,0.0214216184583366,0.0214216184583366,0.00787016036700002
10.6567948708008,0,0.0203455428827325,0,10.6567948708008,0.0203455428827325,0.0203455428827325,0.0203455428827325,0.0367174068081082
15.83958844307,0,0.0399832495665445,0,15.83958844307,0.0399832495665445,0.0399832495665445,0.0399832495665445,0.0130470310288665
17.7014293147066,0,0.0234372077444364,0,17.7014293147066,0.0234372077444364,0.0234372077444364,0.0234372077444364,0.0323786122878216
16.016217440795,0,-0.00369944404825601,0,16.016217440795,-0.00369944404825601,-0.00369944404825601,-0.00369944404825601,0.0376637682579198
13.5036026382197,0,0.0260526179813793,0,13.5036026382197,0.0260526179813793,0.0260526179813793,0.0260526179813793,0.0175137052055195
7.84913150076159,0,0.0206892300368871,0,7.84913150076159,0.0206892300368871,0.0206892300368871,0.0206892300368871,0.0125920499284639
11.3110693140974,0,0.00982781565554414,0,11.3110693140974,0.00982781565554414,0.00982781565554414,0.00982781565554414,0.0152975413868066
19.3344521561619,0,-0.0178892890128142,0,19.3344521561619,-0.0178892890128142,-0.0178892890128142,-0.0178892890128142,0.0322365626104049
12.3671082351961,0,0.0210231372322994,0,12.3671082351961,0.0210231372322994,0.0210231372322994,0.0210231372322994,0.0160828742749283
12.3654554745313,0,-0.0686880413546458,0,12.3654554745313,-0.0686880413546458,-0.0686880413546458,-0.0686880413546458,0.0513325050706189
19.2556223171704,0,0.0285945738844167,0,19.2556223171704,0.0285945738844167,0.0285945738844167,0.0285945738844167,0.0139726523520546
34.7312424253189,0,0.00360906084633839,0,34.7312424253189,0.00360906084633839,0.00360906084633839,0.00360906084633839,0.017575833019559
54.7209102152747,0,0.0196726221291343,0,54.7209102152747,0.0196726221291343,0.0196726221291343,0.0196726221291343,0.0109274670854921
11.6997668682815,0,-0.0454216119044559,0,11.6997668682815,-0.0454216119044559,-0.0454216119044559,-0.0454216119044559,0.105318046890987
8.22166390729103,0,0.0200227074138689,0,8.22166390729103,0.0200227074138689,0.0200227074138689,0.0200227074138689,0.0889316774406693
11.7030101268542,0,0.0664031592294417,0,11.7030101268542,0.0664031592294417,0.0664031592294417,0.0664031592294417,0.0318702419669784
7.36539602284415,0,-0.0247872150245361,0,7.36539602284415,-0.0247872150245361,-0.0247872150245361,-0.0247872150245361,0.114121672795408
9.34902839864339,0,-0.0319037471830898,0,9.34902839864339,-0.0319037471830898,-0.0319037471830898,-0.0319037471830898,0.0353702402159913
12.5616640281909,0,0.00441577973083164,0,12.5616640281909,0.00441577973083164,0.00441577973083164,0.00441577973083164,0.0138459086615911
5.28892335541574,0,-0.0722438218615433,0,5.28892335541574,-0.0722438218615433,-0.0722438218615433,-0.0722438218615433,0.0393158996396484
10.8363107906744,0,-0.028098390818107,0,10.8363107906744,-0.028098390818107,-0.028098390818107,-0.028098390818107,0.071926050301895
11.7003583105711,0,-0.00186774348468509,0,11.7003583105711,-0.00186774348468509,-0.00186774348468509,-0.00186774348468509,0.00589871207554302
14.1717804897526,0,0.027255899623745,0,14.1717804897526,0.027255899623745,0.027255899623745,0.027255899623745,0.0438772018708798
10.4916049522311,0,0.0132463173032987,0,10.4916049522311,0.0132463173032987,0.0132463173032987,0.0132463173032987,0.0267192917518445
12.491172371433,0,0.00616174807970621,0,12.491172371433,0.00616174807970621,0.00616174807970621,0.00616174807970621,0.0405245193389735
31.4129223891295,0,-0.0481702543197104,0,31.4129223891295,-0.0481702543197104,-0.0481702543197104,-0.0481702543197104,0.04354801944707
23.3384346785706,0,0.0173424537425691,0,23.3384346785706,0.0173424537425691,0.0173424537425691,0.0173424537425691,0.0189266195413323
21.0471310356801,0,0.0617673658141888,0,21.0471310356801,0.0617673658141888,0.0617673658141888,0.0617673658141888,0.047052745863464
21.8869961720114,0,0.0899308852467232,0,21.8869961720114,0.0899308852467232,0.0899308852467232,0.0899308852467232,0.0763185175600446
142.027144302285,0,0.0480428181832702,0,142.027144302285,0.0480428181832702,0.0480428181832702,0.0480428181832702,0.0151652887885014
7.27972576920022,0,0.0159617989219509,0,7.27972576920022,0.0159617989219509,0.0159617989219509,0.0159617989219509,0.0671622808060481
15.7641037476623,0,0.0452974152246685,0,15.7641037476623,0.0452974152246685,0.0452974152246685,0.0452974152246685,0.0222639606786319
14.6925462604222,0,-0.00458452472707301,0,14.6925462604222,-0.00458452472707301,-0.00458452472707301,-0.00458452472707301,0.0444254697733256
10.2495281852881,0,-0.0616339213389004,0,10.2495281852881,-0.0616339213389004,-0.0616339213389004,-0.0616339213389004,0.0343356845562726
11.0161041029769,0,-0.0031766917676102,0,11.0161041029769,-0.0031766917676102,-0.0031766917676102,-0.0031766917676102,0.0522005254908412
11.2420027298881,0,-0.0660500012093723,0,11.2420027298881,-0.0660500012093723,-0.0660500012093723,-0.0660500012093723,0.0384705888979592
27.9381463268887,0,-0.0196646199066465,0,27.9381463268887,-0.0196646199066465,-0.0196646199066465,-0.0196646199066465,0.0266030945529787
28.4056044215739,0,-0.0234835133541325,0,28.4056044215739,-0.0234835133541325,-0.0234835133541325,-0.0234835133541325,0.0460235649191708
9.44659083119766,0,-0.0979355343768668,0,9.44659083119766,-0.0979355343768668,-0.0979355343768668,-0.0979355343768668,0.106984919191722
10.6319539160187,0,0.00587821668928426,0,10.6319539160187,0.00587821668928426,0.00587821668928426,0.00587821668928426,0.0434639030773943
NA,NA,NA,NA,NA,NA,NA,NA,NA
3.48138260502119,0,-0.0431716232209931,0,3.48138260502119,-0.0431716232209931,-0.0431716232209931,-0.0431716232209931,0.0321818721032191
5.59197431763262,0,-0.0578220526680145,0,5.59197431763262,-0.0578220526680145,-0.0578220526680145,-0.0578220526680145,0.0290843221745671
7.10118523761685,0,-0.0285278978712163,0,7.10118523761685,-0.0285278978712163,-0.0285278978712163,-0.0285278978712163,0.0595492352872805
8.39406695268219,0,0.0167837864563465,0,8.39406695268219,0.0167837864563465,0.0167837864563465,0.0167837864563465,0.0322473662392579
6.68163411954067,0,0.0399525800720857,0,6.68163411954067,0.0399525800720857,0.0399525800720857,0.0399525800720857,0.0632642521725607
10.9419857642508,0,-0.0876235523401562,0,10.9419857642508,-0.0876235523401562,-0.0876235523401562,-0.0876235523401562,0.0336377588977628
9.567453602661,0,-0.0130573193727359,0,9.567453602661,-0.0130573193727359,-0.0130573193727359,-0.0130573193727359,0.0264340771076804
9.56764954052794,0,-0.00578932875863998,0,9.56764954052794,-0.00578932875863998,-0.00578932875863998,-0.00578932875863998,0.0288617279537588
9.58796747981615,0,0.00725905880614161,0,9.58796747981615,0.00725905880614161,0.00725905880614161,0.00725905880614161,0.0422687684348916
10.3415882006709,0,-0.0979591311963027,0,10.3415882006709,-0.0979591311963027,-0.0979591311963027,-0.0979591311963027,0.0379022425227411
9.03381024943225,0,-0.0258591277728825,0,9.03381024943225,-0.0258591277728825,-0.0258591277728825,-0.0258591277728825,0.0210013285642308
7.292171244769,0,0.0214216184583366,0,7.292171244769,0.0214216184583366,0.0214216184583366,0.0214216184583366,0.00787016036700002
10.6567948708008,0,0.0203455428827325,0,10.6567948708008,0.0203455428827325,0.0203455428827325,0.0203455428827325,0.0367174068081082
15.83958844307,0,0.0399832495665445,0,15.83958844307,0.0399832495665445,0.0399832495665445,0.0399832495665445,0.0130470310288665
17.7014293147066,0,0.0234372077444364,0,17.7014293147066,0.0234372077444364,0.0234372077444364,0.0234372077444364,0.0323786122878216
16.016217440795,0,-0.00369944404825601,0,16.016217440795,-0.00369944404825601,-0.00369944404825601,-0.00369944404825601,0.0376637682579198
13.5036026382197,0,0.0260526179813793,0,13.5036026382197,0.0260526179813793,0.0260526179813793,0.0260526179813793,0.0175137052055195
7.84913150076159,0,0.0206892300368871,0,7.84913150076159,0.0206892300368871,0.0206892300368871,0.0206892300368871,0.0125920499284639
11.3110693140974,0,0.00982781565554414,0,11.3110693140974,0.00982781565554414,0.00982781565554414,0.00982781565554414,0.0152975413868066
19.3344521561619,0,-0.0178892890128142,0,19.3344521561619,-0.0178892890128142,-0.0178892890128142,-0.0178892890128142,0.0322365626104049
12.3671082351961,0,0.0210231372322994,0,12.3671082351961,0.0210231372322994,0.0210231372322994,0.0210231372322994,0.0160828742749283
12.3654554745313,0,-0.0686880413546458,0,12.3654554745313,-0.0686880413546458,-0.0686880413546458,-0.0686880413546458,0.0513325050706189
19.2556223171704,0,0.0285945738844167,0,19.2556223171704,0.0285945738844167,0.0285945738844167,0.0285945738844167,0.0139726523520546
34.7312424253189,0,0.00360906084633839,0,34.7312424253189,0.00360906084633839,0.00360906084633839,0.00360906084633839,0.017575833019559
54.7209102152747,0,0.0196726221291343,0,54.7209102152747,0.0196726221291343,0.0196726221291343,0.0196726221291343,0.0109274670854921
11.6997668682815,0,-0.0454216119044559,0,11.6997668682815,-0.0454216119044559,-0.0454216119044559,-0.0454216119044559,0.105318046890987
8.22166390729103,0,0.0200227074138689,0,8.22166390729103,0.0200227074138689,0.0200227074138689,0.0200227074138689,0.0889316774406693
11.7030101268542,0,0.0664031592294417,0,11.7030101268542,0.0664031592294417,0.0664031592294417,0.0664031592294417,0.0318702419669784
7.36539602284415,0,-0.0247872150245361,0,7.36539602284415,-0.0247872150245361,-0.0247872150245361,-0.0247872150245361,0.114121672795408
9.34902839864339,0,-0.0319037471830898,0,9.34902839864339,-0.0319037471830898,-0.0319037471830898,-0.0319037471830898,0.0353702402159913
12.5616640281909,0,0.00441577973083164,0,12.5616640281909,0.00441577973083164,0.00441577973083164,0.00441577973083164,0.0138459086615911
5.28892335541574,0,-0.0722438218615433,0,5.28892335541574,-0.0722438218615433,-0.0722438218615433,-0.0722438218615433,0.0393158996396484
10.8363107906744,0,-0.028098390818107,0,10.8363107906744,-0.028098390818107,-0.028098390818107,-0.028098390818107,0.071926050301895
11.7003583105711,0,-0.00186774348468509,0,11.7003583105711,-0.00186774348468509,-0.00186774348468509,-0.00186774348468509,0.00589871207554302
14.1717804897526,0,0.027255899623745,0,14.1717804897526,0.027255899623745,0.027255899623745,0.027255899623745,0.0438772018708798
10.4916049522311,0,0.0132463173032987,0,10.4916049522311,0.0132463173032987,0.0132463173032987,0.0132463173032987,0.0267192917518445
12.491172371433,0,0.00616174807970621,0,12.491172371433,0.00616174807970621,0.00616174807970621,0.00616174807970621,0.0405245193389735
31.4129223891295,0,-0.0481702543197104,0,31.4129223891295,-0.0481702543197104,-0.0481702543197104,-0.0481702543197104,0.04354801944707
23.3384346785706,0,0.0173424537425691,0,23.3384346785706,0.0173424537425691,0.0173424537425691,0.0173424537425691,0.0189266195413323
21.0471310356801,0,0.0617673658141888,0,21.0471310356801,0.0617673658141888,0.0617673658141888,0.0617673658141888,0.047052745863464
21.8869961720114,0,0.0899308852467232,0,21.8869961720114,0.0899308852467232,0.0899308852467232,0.0899308852467232,0.0763185175600446
142.027144302285,0,0.0480428181832702,0,142.027144302285,0.0480428181832702,0.0480428181832702,0.0480428181832702,0.0151652887885014
7.27972576920022,0,0.0159617989219509,0,7.27972576920022,0.0159617989219509,0.0159617989219509,0.0159617989219509,0.0671622808060481
15.7641037476623,0,0.0452974152246685,0,15.7641037476623,0.0452974152246685,0.0452974152246685,0.0452974152246685,0.0222639606786319
14.6925462604222,0,-0.00458452472707301,0,14.6925462604222,-0.00458452472707301,-0.00458452472707301,-0.00458452472707301,0.0444254697733256
10.2495281852881,0,-0.0616339213389004,0,10.2495281852881,-0.0616339213389004,-0.0616339213389004,-0.0616339213389004,0.0343356845562726
11.0161041029769,0,-0.0031766917676102,0,11.0161041029769,-0.0031766917676102,-0.0031766917676102,-0.0031766917676102,0.0522005254908412
11.2420027298881,0,-0.0660500012093723,0,11.2420027298881,-0.0660500012093723,-0.0660500012093723,-0.0660500012093723,0.0384705888979592
27.9381463268887,0,-0.0196646199066465,0,27.9381463268887,-0.0196646199066465,-0.0196646199066465,-0.0196646199066465,0.0266030945529787
28.4056044215739,0,-0.0234835133541325,0,28.4056044215739,-0.0234835133541325,-0.0234835133541325,-0.0234835133541325,0.0460235649191708
9.44659083119766,0,-0.0979355343768668,0,9.44659083119766,-0.0979355343768668,-0.0979355343768668,-0.0979355343768668,0.106984919191722
10.6319539160187,0,0.00587821668928426,0,10.6319539160187,0.00587821668928426,0.00587821668928426,0.00587821668928426,0.0434639030773943
NA,NA,NA,NA,NA,NA,NA,NA,NA
3.48138260502119,0,-0.0431716232209931,0,3.48138260502119,-0.0431716232209931,-0.0431716232209931,-0.0431716232209931,0.0321818721032191
5.59197431763262,0,-0.0578220526680145,0,5.59197431763262,-0.0578220526680145,-0.0578220526680145,-0.0578220526680145,0.0290843221745671
7.10118523761685,0,-0.0285278978712163,0,7.10118523761685,-0.0285278978712163,-0.0285278978712163,-0.0285278978712163,0.0595492352872805
8.39406695268219,0,0.0167837864563465,0,8.39406695268219,0.0167837864563465,0.0167837864563465,0.0167837864563465,0.0322473662392579
6.68163411954067,0,0.0399525800720857,0,6.68163411954067,0.0399525800720857,0.0399525800720857,0.0399525800720857,0.0632642521725607
10.9419857642508,0,-0.0876235523401562,0,10.9419857642508,-0.0876235523401562,-0.0876235523401562,-0.0876235523401562,0.0336377588977628
9.567453602661,0,-0.0130573193727359,0,9.567453602661,-0.0130573193727359,-0.0130573193727359,-0.0130573193727359,0.0264340771076804
9.56764954052794,0,-0.00578932875863998,0,9.56764954052794,-0.00578932875863998,-0.00578932875863998,-0.00578932875863998,0.0288617279537588
9.58796747981615,0,0.00725905880614161,0,9.58796747981615,0.00725905880614161,0.00725905880614161,0.00725905880614161,0.0422687684348916
10.3415882006709,0,-0.0979591311963027,0,10.3415882006709,-0.0979591311963027,-0.0979591311963027,-0.0979591311963027,0.0379022425227411
9.03381024943225,0,-0.0258591277728825,0,9.03381024943225,-0.0258591277728825,-0.0258591277728825,-0.0258591277728825,0.0210013285642308
7.292171244769,0,0.0214216184583366,0,7.292171244769,0.0214216184583366,0.0214216184583366,0.0214216184583366,0.00787016036700002
10.6567948708008,0,0.0203455428827325,0,10.6567948708008,0.0203455428827325,0.0203455428827325,0.0203455428827325,0.0367174068081082
15.83958844307,0,0.0399832495665445,0,15.83958844307,0.0399832495665445,0.0399832495665445,0.0399832495665445,0.0130470310288665
17.7014293147066,0,0.0234372077444364,0,17.7014293147066,0.0234372077444364,0.0234372077444364,0.0234372077444364,0.0323786122878216
16.016217440795,0,-0.00369944404825601,0,16.016217440795,-0.00369944404825601,-0.00369944404825601,-0.00369944404825601,0.0376637682579198
13.5036026382197,0,0.0260526179813793,0,13.5036026382197,0.0260526179813793,0.0260526179813793,0.0260526179813793,0.0175137052055195
7.84913150076159,0,0.0206892300368871,0,7.84913150076159,0.0206892300368871,0.0206892300368871,0.0206892300368871,0.0125920499284639
11.3110693140974,0,0.00982781565554414,0,11.3110693140974,0.00982781565554414,0.00982781565554414,0.00982781565554414,0.0152975413868066
19.3344521561619,0,-0.0178892890128142,0,19.3344521561619,-0.0178892890128142,-0.0178892890128142,-0.0178892890128142,0.0322365626104049
12.3671082351961,0,0.0210231372322994,0,12.3671082351961,0.0210231372322994,0.0210231372322994,0.0210231372322994,0.0160828742749283
12.3654554745313,0,-0.0686880413546458,0,12.3654554745313,-0.0686880413546458,-0.0686880413546458,-0.0686880413546458,0.0513325050706189
19.2556223171704,0,0.0285945738844167,0,19.2556223171704,0.0285945738844167,0.0285945738844167,0.0285945738844167,0.0139726523520546
34.7312424253189,0,0.00360906084633839,0,34.7312424253189,0.00360906084633839,0.00360906084633839,0.00360906084633839,0.017575833019559
54.7209102152747,0,0.0196726221291343,0,54.7209102152747,0.0196726221291343,0.0196726221291343,0.0196726221291343,0.0109274670854921
11.6997668682815,0,-0.0454216119044559,0,11.6997668682815,-0.0454216119044559,-0.0454216119044559,-0.0454216119044559,0.105318046890987
8.22166390729103,0,0.0200227074138689,0,8.22166390729103,0.0200227074138689,0.0200227074138689,0.0200227074138689,0.0889316774406693
11.7030101268542,0,0.0664031592294417,0,11.7030101268542,0.0664031592294417,0.0664031592294417,0.0664031592294417,0.0318702419669784
7.36539602284415,0,-0.0247872150245361,0,7.36539602284415,-0.0247872150245361,-0.0247872150245361,-0.0247872150245361,0.114121672795408
9.34902839864339,0,-0.0319037471830898,0,9.34902839864339,-0.0319037471830898,-0.0319037471830898,-0.0319037471830898,0.0353702402159913
12.5616640281909,0,0.00441577973083164,0,12.5616640281909,0.00441577973083164,0.00441577973083164,0.00441577973083164,0.0138459086615911
5.28892335541574,0,-0.0722438218615433,0,5.28892335541574,-0.0722438218615433,-0.0722438218615433,-0.0722438218615433,0.0393158996396484
10.8363107906744,0,-0.028098390818107,0,10.8363107906744,-0.028098390818107,-0.028098390818107,-0.028098390818107,0.071926050301895
11.7003583105711,0,-0.00186774348468509,0,11.7003583105711,-0.00186774348468509,-0.00186774348468509,-0.00186774348468509,0.00589871207554302
14.1717804897526,0,0.027255899623745,0,14.1717804897526,0.027255899623745,0.027255899623745,0.027255899623745,0.0438772018708798
10.4916049522311,0,0.0132463173032987,0,10.4916049522311,0.0132463173032987,0.0132463173032987,0.0132463173032987,0.0267192917518445
12.491172371433,0,0.00616174807970621,0,12.491172371433,0.00616174807970621,0.00616174807970621,0.00616174807970621,0.0405245193389735
31.4129223891295,0,-0.0481702543197104,0,31.4129223891295,-0.0481702543197104,-0.0481702543197104,-0.0481702543197104,0.04354801944707
23.3384346785706,0,0.0173424537425691,0,23.3384346785706,0.0173424537425691,0.0173424537425691,0.0173424537425691,0.0189266195413323
21.0471310356801,0,0.0617673658141888,0,21.0471310356801,0.0617673658141888,0.0617673658141888,0.0617673658141888,0.047052745863464
21.8869961720114,0,0.0899308852467232,0,21.8869961720114,0.0899308852467232,0.0899308852467232,0.0899308852467232,0.0763185175600446
142.027144302285,0,0.0480428181832702,0,142.027144302285,0.0480428181832702,0.0480428181832702,0.0480428181832702,0.0151652887885014
7.27972576920022,0,0.0159617989219509,0,7.27972576920022,0.0159617989219509,0.0159617989219509,0.0159617989219509,0.0671622808060481
15.7641037476623,0,0.0452974152246685,0,15.7641037476623,0.0452974152246685,0.0452974152246685,0.0452974152246685,0.0222639606786319
14.6925462604222,0,-0.00458452472707301,0,14.6925462604222,-0.00458452472707301,-0.00458452472707301,-0.00458452472707301,0.0444254697733256
10.2495281852881,0,-0.0616339213389004,0,10.2495281852881,-0.0616339213389004,-0.0616339213389004,-0.0616339213389004,0.0343356845562726
11.0161041029769,0,-0.0031766917676102,0,11.0161041029769,-0.0031766917676102,-0.0031766917676102,-0.0031766917676102,0.0522005254908412
12.612078023469,0,-0.0597088928688878,0,12.612078023469,-0.0597088928688878,-0.0597088928688878,-0.0597088928688878,0.0322576765582896
27.9381463268887,0,-0.0196646199066465,0,27.9381463268887,-0.0196646199066465,-0.0196646199066465,-0.0196646199066465,0.0266030945529787
28.4056044215739,0,-0.0234835133541325,0,28.4056044215739,-0.0234835133541325,-0.0234835133541325,-0.0234835133541325,0.0460235649191708
9.44659083119766,0,-0.0979355343768668,0,9.44659083119766,-0.0979355343768668,-0.0979355343768668,-0.0979355343768668,0.106984919191722
10.6319539160187,0,0.00587821668928426,0,10.6319539160187,0.00587821668928426,0.00587821668928426,0.00587821668928426,0.0434639030773943
NA,NA,NA,NA,NA,NA,NA,NA,NA
3.48138260502119,0,-0.0431716232209931,0,3.48138260502119,-0.0431716232209931,-0.0431716232209931,-0.0431716232209931,0.0321818721032191
5.59197431763262,0,-0.0578220526680145,0,5.59197431763262,-0.0578220526680145,-0.0578220526680145,-0.0578220526680145,0.0290843221745671
7.10118523761685,0,-0.0285278978712163,0,7.10118523761685,-0.0285278978712163,-0.0285278978712163,-0.0285278978712163,0.0595492352872805
8.39406695268219,0,0.0167837864563465,0,8.39406695268219,0.0167837864563465,0.0167837864563465,0.0167837864563465,0.0322473662392579
6.68163411954067,0,0.0399525800720857,0,6.68163411954067,0.0399525800720857,0.0399525800720857,0.0399525800720857,0.0632642521725607
10.9419857642508,0,-0.0876235523401562,0,10.9419857642508,-0.0876235523401562,-0.0876235523401562,-0.0876235523401562,0.0336377588977628
9.567453602661,0,-0.0130573193727359,0,9.567453602661,-0.0130573193727359,-0.0130573193727359,-0.0130573193727359,0.0264340771076804
9.56764954052794,0,-0.00578932875863998,0,9.56764954052794,-0.00578932875863998,-0.00578932875863998,-0.00578932875863998,0.0288617279537588
9.58796747981615,0,0.00725905880614161,0,9.58796747981615,0.00725905880614161,0.00725905880614161,0.00725905880614161,0.0422687684348916
10.3415882006709,0,-0.0979591311963027,0,10.3415882006709,-0.0979591311963027,-0.0979591311963027,-0.0979591311963027,0.0379022425227411
9.03381024943225,0,-0.0258591277728825,0,9.03381024943225,-0.0258591277728825,-0.0258591277728825,-0.0258591277728825,0.0210013285642308
7.292171244769,0,0.0214216184583366,0,7.292171244769,0.0214216184583366,0.0214216184583366,0.0214216184583366,0.00787016036700002
10.6567948708008,0,0.0203455428827325,0,10.6567948708008,0.0203455428827325,0.0203455428827325,0.0203455428827325,0.0367174068081082
15.83958844307,0,0.0399832495665445,0,15.83958844307,0.0399832495665445,0.0399832495665445,0.0399832495665445,0.0130470310288665
17.7014293147066,0,0.0234372077444364,0,17.7014293147066,0.0234372077444364,0.0234372077444364,0.0234372077444364,0.0323786122878216
16.016217440795,0,-0.00369944404825601,0,16.016217440795,-0.00369944404825601,-0.00369944404825601,-0.00369944404825601,0.0376637682579198
13.5036026382197,0,0.0260526179813793,0,13.5036026382197,0.0260526179813793,0.0260526179813793,0.0260526179813793,0.0175137052055195
7.84913150076159,0,0.0206892300368871,0,7.84913150076159,0.0206892300368871,0.0206892300368871,0.0206892300368871,0.0125920499284639
11.3110693140974,0,0.00982781565554414,0,11.3110693140974,0.00982781565554414,0.00982781565554414,0.00982781565554414,0.0152975413868066
19.3344521561619,0,-0.0178892890128142,0,19.3344521561619,-0.0178892890128142,-0.0178892890128142,-0.0178892890128142,0.0322365626104049
12.3671082351961,0,0.0210231372322994,0,12.3671082351961,0.0210231372322994,0.0210231372322994,0.0210231372322994,0.0160828742749283
12.3654554745313,0,-0.0686880413546458,0,12.3654554745313,-0.0686880413546458,-0.0686880413546458,-0.0686880413546458,0.0513325050706189
19.2556223171704,0,0.0285945738844167,0,19.2556223171704,0.0285945738844167,0.0285945738844167,0.0285945738844167,0.0139726523520546
34.7312424253189,0,0.00360906084633839,0,34.7312424253189,0.00360906084633839,0.00360906084633839,0.00360906084633839,0.017575833019559
54.7209102152747,0,0.0196726221291343,0,54.7209102152747,0.0196726221291343,0.0196726221291343,0.0196726221291343,0.0109274670854921
11.6997668682815,0,-0.0454216119044559,0,11.6997668682815,-0.0454216119044559,-0.0454216119044559,-0.0454216119044559,0.105318046890987
8.22166390729103,0,0.0200227074138689,0,8.22166390729103,0.0200227074138689,0.0200227074138689,0.0200227074138689,0.0889316774406693
11.7030101268542,0,0.0664031592294417,0,11.7030101268542,0.0664031592294417,0.0664031592294417,0.0664031592294417,0.0318702419669784
7.36539602284415,0,-0.0247872150245361,0,7.36539602284415,-0.0247872150245361,-0.0247872150245361,-0.0247872150245361,0.114121672795408
9.34902839864339,0,-0.0319037471830898,0,9.34902839864339,-0.0319037471830898,-0.0319037471830898,-0.0319037471830898,0.0353702402159913
12.5616640281909,0,0.00441577973083164,0,12.5616640281909,0.00441577973083164,0.00441577973083164,0.00441577973083164,0.0138459086615911
5.28892335541574,0,-0.0722438218615433,0,5.28892335541574,-0.0722438218615433,-0.0722438218615433,-0.0722438218615433,0.0393158996396484
10.8363107906744,0,-0.028098390818107,0,10.8363107906744,-0.028098390818107,-0.028098390818107,-0.028098390818107,0.071926050301895
11.7003583105711,0,-0.00186774348468509,0,11.7003583105711,-0.00186774348468509,-0.00186774348468509,-0.00186774348468509,0.00589871207554302
14.1717804897526,0,0.027255899623745,0,14.1717804897526,0.027255899623745,0.027255899623745,0.027255899623745,0.0438772018708798
10.4916049522311,0,0.0132463173032987,0,10.4916049522311,0.0132463173032987,0.0132463173032987,0.0132463173032987,0.0267192917518445
12.491172371433,0,0.00616174807970621,0,12.491172371433,0.00616174807970621,0.00616174807970621,0.00616174807970621,0.0405245193389735
31.4129223891295,0,-0.0481702543197104,0,31.4129223891295,-0.0481702543197104,-0.0481702543197104,-0.0481702543197104,0.04354801944707
23.3384346785706,0,0.0173424537425691,0,23.3384346785706,0.0173424537425691,0.0173424537425691,0.0173424537425691,0.0189266195413323
21.0471310356801,0,0.0617673658141888,0,21.0471310356801,0.0617673658141888,0.0617673658141888,0.0617673658141888,0.047052745863464
21.8869961720114,0,0.0899308852467232,0,21.8869961720114,0.0899308852467232,0.0899308852467232,0.0899308852467232,0.0763185175600446
142.027144302285,0,0.0480428181832702,0,142.027144302285,0.0480428181832702,0.0480428181832702,0.0480428181832702,0.0151652887885014
7.27972576920022,0,0.0159617989219509,0,7.27972576920022,0.0159617989219509,0.0159617989219509,0.0159617989219509,0.0671622808060481
15.7641037476623,0,0.0452974152246685,0,15.7641037476623,0.0452974152246685,0.0452974152246685,0.0452974152246685,0.0222639606786319
14.6925462604222,0,-0.00458452472707301,0,14.6925462604222,-0.00458452472707301,-0.00458452472707301,-0.00458452472707301,0.0444254697733256
10.2495281852881,0,-0.0616339213389004,0,10.2495281852881,-0.0616339213389004,-0.0616339213389004,-0.0616339213389004,0.0343356845562726
11.0161041029769,0,-0.0031766917676102,0,11.0161041029769,-0.0031766917676102,-0.0031766917676102,-0.0031766917676102,0.0522005254908412
12.612078023469,0,-0.0597088928688878,0,12.612078023469,-0.0597088928688878,-0.0597088928688878,-0.0597088928688878,0.0322576765582896
27.9381463268887,0,-0.0196646199066465,0,27.9381463268887,-0.0196646199066465,-0.0196646199066465,-0.0196646199066465,0.0266030945529787
28.4056044215739,0,-0.0234835133541325,0,28.4056044215739,-0.0234835133541325,-0.0234835133541325,-0.0234835133541325,0.0460235649191708
9.44659083119766,0,-0.0979355343768668,0,9.44659083119766,-0.0979355343768668,-0.0979355343768668,-0.0979355343768668,0.106984919191722
10.6319539160187,0,0.00587821668928426,0,10.6319539160187,0.00587821668928426,0.00587821668928426,0.00587821668928426,0.0434639030773943
NA,NA,NA,NA,NA,NA,NA,NA,NA
3.48138260502119,0,-0.0431716232209931,0,3.48138260502119,-0.0431716232209931,-0.0431716232209931,-0.0431716232209931,0.0321818721032191
5.59197431763262,0,-0.0578220526680145,0,5.59197431763262,-0.0578220526680145,-0.0578220526680145,-0.0578220526680145,0.0290843221745671
7.10118523761685,0,-0.0285278978712163,0,7.10118523761685,-0.0285278978712163,-0.0285278978712163,-0.0285278978712163,0.0595492352872805
8.39406695268219,0,0.0167837864563465,0,8.39406695268219,0.0167837864563465,0.0167837864563465,0.0167837864563465,0.0322473662392579
6.68163411954067,0,0.0399525800720857,0,6.68163411954067,0.0399525800720857,0.0399525800720857,0.0399525800720857,0.0632642521725607
10.9419857642508,0,-0.0876235523401562,0,10.9419857642508,-0.0876235523401562,-0.0876235523401562,-0.0876235523401562,0.0336377588977628
9.567453602661,0,-0.0130573193727359,0,9.567453602661,-0.0130573193727359,-0.0130573193727359,-0.0130573193727359,0.0264340771076804
9.56764954052794,0,-0.00578932875863998,0,9.56764954052794,-0.00578932875863998,-0.00578932875863998,-0.00578932875863998,0.0288617279537588
9.58796747981615,0,0.00725905880614161,0,9.58796747981615,0.00725905880614161,0.00725905880614161,0.00725905880614161,0.0422687684348916
10.3415882006709,0,-0.0979591311963027,0,10.3415882006709,-0.0979591311963027,-0.0979591311963027,-0.0979591311963027,0.0379022425227411
9.03381024943225,0,-0.0258591277728825,0,9.03381024943225,-0.0258591277728825,-0.0258591277728825,-0.0258591277728825,0.0210013285642308
7.292171244769,0,0.0214216184583366,0,7.292171244769,0.0214216184583366,0.0214216184583366,0.0214216184583366,0.00787016036700002
10.6567948708008,0,0.0203455428827325,0,10.6567948708008,0.0203455428827325,0.0203455428827325,0.0203455428827325,0.0367174068081082
15.83958844307,0,0.0399832495665445,0,15.83958844307,0.0399832495665445,0.0399832495665445,0.0399832495665445,0.0130470310288665
17.7014293147066,0,0.0234372077444364,0,17.7014293147066,0.0234372077444364,0.0234372077444364,0.0234372077444364,0.0323786122878216
16.016217440795,0,-0.00369944404825601,0,16.016217440795,-0.00369944404825601,-0.00369944404825601,-0.00369944404825601,0.0376637682579198
13.5036026382197,0,0.0260526179813793,0,13.5036026382197,0.0260526179813793,0.0260526179813793,0.0260526179813793,0.0175137052055195
7.84913150076159,0,0.0206892300368871,0,7.84913150076159,0.0206892300368871,0.0206892300368871,0.0206892300368871,0.0125920499284639
11.3110693140974,0,0.00982781565554414,0,11.3110693140974,0.00982781565554414,0.00982781565554414,0.00982781565554414,0.0152975413868066
19.3344521561619,0,-0.0178892890128142,0,19.3344521561619,-0.0178892890128142,-0.0178892890128142,-0.0178892890128142,0.0322365626104049
12.3671082351961,0,0.0210231372322994,0,12.3671082351961,0.0210231372322994,0.0210231372322994,0.0210231372322994,0.0160828742749283
12.3654554745313,0,-0.0686880413546458,0,12.3654554745313,-0.0686880413546458,-0.0686880413546458,-0.0686880413546458,0.0513325050706189
19.2556223171704,0,0.0285945738844167,0,19.2556223171704,0.0285945738844167,0.0285945738844167,0.0285945738844167,0.0139726523520546
34.7312424253189,0,0.00360906084633839,0,34.7312424253189,0.00360906084633839,0.00360906084633839,0.00360906084633839,0.017575833019559
54.7209102152747,0,0.0196726221291343,0,54.7209102152747,0.0196726221291343,0.0196726221291343,0.0196726221291343,0.0109274670854921
11.6997668682815,0,-0.0454216119044559,0,11.6997668682815,-0.0454216119044559,-0.0454216119044559,-0.0454216119044559,0.105318046890987
8.22166390729103,0,0.0200227074138689,0,8.22166390729103,0.0200227074138689,0.0200227074138689,0.0200227074138689,0.0889316774406693
11.7030101268542,0,0.0664031592294417,0,11.7030101268542,0.0664031592294417,0.0664031592294417,0.0664031592294417,0.0318702419669784
7.36539602284415,0,-0.0247872150245361,0,7.36539602284415,-0.0247872150245361,-0.0247872150245361,-0.0247872150245361,0.114121672795408
9.34902839864339,0,-0.0319037471830898,0,9.34902839864339,-0.0319037471830898,-0.0319037471830898,-0.0319037471830898,0.0353702402159913
12.5616640281909,0,0.00441577973083164,0,12.5616640281909,0.00441577973083164,0.00441577973083164,0.00441577973083164,0.0138459086615911
5.28892335541574,0,-0.0722438218615433,0,5.28892335541574,-0.0722438218615433,-0.0722438218615433,-0.0722438218615433,0.0393158996396484
10.8363107906744,0,-0.028098390818107,0,10.8363107906744,-0.028098390818107,-0.028098390818107,-0.028098390818107,0.071926050301895
11.7003583105711,0,-0.00186774348468509,0,11.7003583105711,-0.00186774348468509,-0.00186774348468509,-0.00186774348468509,0.00589871207554302
14.1717804897526,0,0.027255899623745,0,14.1717804897526,0.027255899623745,0.027255899623745,0.027255899623745,0.0438772018708798
10.4916049522311,0,0.0132463173032987,0,10.4916049522311,0.0132463173032987,0.0132463173032987,0.0132463173032987,0.0267192917518445
12.491172371433,0,0.00616174807970621,0,12.491172371433,0.00616174807970621,0.00616174807970621,0.00616174807970621,0.0405245193389735
31.4129223891295,0,-0.0481702543197104,0,31.4129223891295,-0.0481702543197104,-0.0481702543197104,-0.0481702543197104,0.04354801944707
23.3384346785706,0,0.0173424537425691,0,23.3384346785706,0.0173424537425691,0.0173424537425691,0.0173424537425691,0.0189266195413323
21.0471310356801,0,0.0617673658141888,0,21.0471310356801,0.0617673658141888,0.0617673658141888,0.0617673658141888,0.047052745863464
21.8869961720114,0,0.0899308852467232,0,21.8869961720114,0.0899308852467232,0.0899308852467232,0.0899308852467232,0.0763185175600446
142.027144302285,0,0.0480428181832702,0,142.027144302285,0.0480428181832702,0.0480428181832702,0.0480428181832702,0.0151652887885014
7.27972576920022,0,0.0159617989219509,0,7.27972576920022,0.0159617989219509,0.0159617989219509,0.0159617989219509,0.0671622808060481
15.7641037476623,0,0.0452974152246685,0,15.7641037476623,0.0452974152246685,0.0452974152246685,0.0452974152246685,0.0222639606786319
14.6925462604222,0,-0.00458452472707301,0,14.6925462604222,-0.00458452472707301,-0.00458452472707301,-0.00458452472707301,0.0444254697733256
10.2495281852881,0,-0.0616339213389004,0,10.2495281852881,-0.0616339213389004,-0.0616339213389004,-0.0616339213389004,0.0343356845562726
11.0161041029769,0,-0.0031766917676102,0,11.0161041029769,-0.0031766917676102,-0.0031766917676102,-0.0031766917676102,0.0522005254908412
12.612078023469,0,-0.0597088928688878,0,12.612078023469,-0.0597088928688878,-0.0597088928688878,-0.0597088928688878,0.0322576765582896
27.9381463268887,0,-0.0196646199066465,0,27.9381463268887,-0.0196646199066465,-0.0196646199066465,-0.0196646199066465,0.0266030945529787
28.4056044215739,0,-0.0234835133541325,0,28.4056044215739,-0.0234835133541325,-0.0234835133541325,-0.0234835133541325,0.0460235649191708
9.44659083119766,0,-0.0979355343768668,0,9.44659083119766,-0.0979355343768668,-0.0979355343768668,-0.0979355343768668,0.106984919191722
10.6319539160187,0,0.00587821668928426,0,10.6319539160187,0.00587821668928426,0.00587821668928426,0.00587821668928426,0.0434639030773943
NA,NA,NA,NA,NA,NA,NA,NA,NA
3.48138260502119,0,-0.0431716232209931,0,3.48138260502119,-0.0431716232209931,-0.0431716232209931,-0.0431716232209931,0.0321818721032191
5.59197431763262,0,-0.0578220526680145,0,5.59197431763262,-0.0578220526680145,-0.0578220526680145,-0.0578220526680145,0.0290843221745671
7.10118523761685,0,-0.0285278978712163,0,7.10118523761685,-0.0285278978712163,-0.0285278978712163,-0.0285278978712163,0.0595492352872805
8.39406695268219,0,0.0167837864563465,0,8.39406695268219,0.0167837864563465,0.0167837864563465,0.0167837864563465,0.0322473662392579
6.68163411954067,0,0.0399525800720857,0,6.68163411954067,0.0399525800720857,0.0399525800720857,0.0399525800720857,0.0632642521725607
10.9419857642508,0,-0.0876235523401562,0,10.9419857642508,-0.0876235523401562,-0.0876235523401562,-0.0876235523401562,0.0336377588977628
9.567453602661,0,-0.0130573193727359,0,9.567453602661,-0.0130573193727359,-0.0130573193727359,-0.0130573193727359,0.0264340771076804
9.56764954052794,0,-0.00578932875863998,0,9.56764954052794,-0.00578932875863998,-0.00578932875863998,-0.00578932875863998,0.0288617279537588
9.58796747981615,0,0.00725905880614161,0,9.58796747981615,0.00725905880614161,0.00725905880614161,0.00725905880614161,0.0422687684348916
10.3415882006709,0,-0.0979591311963027,0,10.3415882006709,-0.0979591311963027,-0.0979591311963027,-0.0979591311963027,0.0379022425227411
9.03381024943225,0,-0.0258591277728825,0,9.03381024943225,-0.0258591277728825,-0.0258591277728825,-0.0258591277728825,0.0210013285642308
7.292171244769,0,0.0214216184583366,0,7.292171244769,0.0214216184583366,0.0214216184583366,0.0214216184583366,0.00787016036700002
10.6567948708008,0,0.0203455428827325,0,10.6567948708008,0.0203455428827325,0.0203455428827325,0.0203455428827325,0.0367174068081082
15.83958844307,0,0.0399832495665445,0,15.83958844307,0.0399832495665445,0.0399832495665445,0.0399832495665445,0.0130470310288665
17.7014293147066,0,0.0234372077444364,0,17.7014293147066,0.0234372077444364,0.0234372077444364,0.0234372077444364,0.0323786122878216
16.016217440795,0,-0.00369944404825601,0,16.016217440795,-0.00369944404825601,-0.00369944404825601,-0.00369944404825601,0.0376637682579198
13.5036026382197,0,0.0260526179813793,0,13.5036026382197,0.0260526179813793,0.0260526179813793,0.0260526179813793,0.0175137052055195
7.84913150076159,0,0.0206892300368871,0,7.84913150076159,0.0206892300368871,0.0206892300368871,0.0206892300368871,0.0125920499284639
11.3110693140974,0,0.00982781565554414,0,11.3110693140974,0.00982781565554414,0.00982781565554414,0.00982781565554414,0.0152975413868066
19.3344521561619,0,-0.0178892890128142,0,19.3344521561619,-0.0178892890128142,-0.0178892890128142,-0.0178892890128142,0.0322365626104049
12.3671082351961,0,0.0210231372322994,0,12.3671082351961,0.0210231372322994,0.0210231372322994,0.0210231372322994,0.0160828742749283
12.3654554745313,0,-0.0686880413546458,0,12.3654554745313,-0.0686880413546458,-0.0686880413546458,-0.0686880413546458,0.0513325050706189
19.2556223171704,0,0.0285945738844167,0,19.2556223171704,0.0285945738844167,0.0285945738844167,0.0285945738844167,0.0139726523520546
34.7312424253189,0,0.00360906084633839,0,34.7312424253189,0.00360906084633839,0.00360906084633839,0.00360906084633839,0.017575833019559
54.7209102152747,0,0.0196726221291343,0,54.7209102152747,0.0196726221291343,0.0196726221291343,0.0196726221291343,0.0109274670854921
11.6997668682815,0,-0.0454216119044559,0,11.6997668682815,-0.0454216119044559,-0.0454216119044559,-0.0454216119044559,0.105318046890987
8.22166390729103,0,0.0200227074138689,0,8.22166390729103,0.0200227074138689,0.0200227074138689,0.0200227074138689,0.0889316774406693
11.7030101268542,0,0.0664031592294417,0,11.7030101268542,0.0664031592294417,0.0664031592294417,0.0664031592294417,0.0318702419669784
7.36539602284415,0,-0.0247872150245361,0,7.36539602284415,-0.0247872150245361,-0.0247872150245361,-0.0247872150245361,0.114121672795408
9.34902839864339,0,-0.0319037471830898,0,9.34902839864339,-0.0319037471830898,-0.0319037471830898,-0.0319037471830898,0.0353702402159913
12.5616640281909,0,0.00441577973083164,0,12.5616640281909,0.00441577973083164,0.00441577973083164,0.00441577973083164,0.0138459086615911
5.28892335541574,0,-0.0722438218615433,0,5.28892335541574,-0.0722438218615433,-0.0722438218615433,-0.0722438218615433,0.0393158996396484
10.8363107906744,0,-0.028098390818107,0,10.8363107906744,-0.028098390818107,-0.028098390818107,-0.028098390818107,0.071926050301895
11.7003583105711,0,-0.00186774348468509,0,11.7003583105711,-0.00186774348468509,-0.00186774348468509,-0.00186774348468509,0.00589871207554302
14.1717804897526,0,0.027255899623745,0,14.1717804897526,0.027255899623745,0.027255899623745,0.027255899623745,0.0438772018708798
10.4916049522311,0,0.0132463173032987,0,10.4916049522311,0.0132463173032987,0.0132463173032987,0.0132463173032987,0.0267192917518445
12.491172371433,0,0.00616174807970621,0,12.491172371433,0.00616174807970621,0.00616174807970621,0.00616174807970621,0.0405245193389735
31.4129223891295,0,-0.0481702543197104,0,31.4129223891295,-0.0481702543197104,-0.0481702543197104,-0.0481702543197104,0.04354801944707
23.3384346785706,0,0.0173424537425691,0,23.3384346785706,0.0173424537425691,0.0173424537425691,0.0173424537425691,0.0189266195413323
21.0471310356801,0,0.0617673658141888,0,21.0471310356801,0.0617673658141888,0.0617673658141888,0.0617673658141888,0.047052745863464
21.8869961720114,0,0.0899308852467232,0,21.8869961720114,0.0899308852467232,0.0899308852467232,0.0899308852467232,0.0763185175600446
142.027144302285,0,0.0480428181832702,0,142.027144302285,0.0480428181832702,0.0480428181832702,0.0480428181832702,0.0151652887885014
7.27972576920022,0,0.0159617989219509,0,7.27972576920022,0.0159617989219509,0.0159617989219509,0.0159617989219509,0.0671622808060481
15.7641037476623,0,0.0452974152246685,0,15.7641037476623,0.0452974152246685,0.0452974152246685,0.0452974152246685,0.0222639606786319
14.6925462604222,0,-0.00458452472707301,0,14.6925462604222,-0.00458452472707301,-0.00458452472707301,-0.00458452472707301,0.0444254697733256
10.2495281852881,0,-0.0616339213389004,0,10.2495281852881,-0.0616339213389004,-0.0616339213389004,-0.0616339213389004,0.0343356845562726
11.0161041029769,0,-0.0031766917676102,0,11.0161041029769,-0.0031766917676102,-0.0031766917676102,-0.0031766917676102,0.0522005254908412
12.612078023469,0,-0.0597088928688878,0,12.612078023469,-0.0597088928688878,-0.0597088928688878,-0.0597088928688878,0.0322576765582896
27.9381463268887,0,-0.0196646199066465,0,27.9381463268887,-0.0196646199066465,-0.0196646199066465,-0.0196646199066465,0.0266030945529787
28.4056044215739,0,-0.0234835133541325,0,28.4056044215739,-0.0234835133541325,-0.0234835133541325,-0.0234835133541325,0.0460235649191708
9.44659083119766,0,-0.0979355343768668,0,9.44659083119766,-0.0979355343768668,-0.0979355343768668,-0.0979355343768668,0.106984919191722
10.6319539160187,0,0.00587821668928426,0,10.6319539160187,0.00587821668928426,0.00587821668928426,0.00587821668928426,0.0434639030773943
NA,NA,NA,NA,NA,NA,NA,NA,NA
3.48138260502119,0,-0.0431716232209931,0,3.48138260502119,-0.0431716232209931,-0.0431716232209931,-0.0431716232209931,0.0321818721032191
5.59197431763262,0,-0.0578220526680145,0,5.59197431763262,-0.0578220526680145,-0.0578220526680145,-0.0578220526680145,0.0290843221745671
7.10118523761685,0,-0.0285278978712163,0,7.10118523761685,-0.0285278978712163,-0.0285278978712163,-0.0285278978712163,0.0595492352872805
8.39406695268219,0,0.0167837864563465,0,8.39406695268219,0.0167837864563465,0.0167837864563465,0.0167837864563465,0.0322473662392579
6.68163411954067,0,0.0399525800720857,0,6.68163411954067,0.0399525800720857,0.0399525800720857,0.0399525800720857,0.0632642521725607
10.9419857642508,0,-0.0876235523401562,0,10.9419857642508,-0.0876235523401562,-0.0876235523401562,-0.0876235523401562,0.0336377588977628
9.567453602661,0,-0.0130573193727359,0,9.567453602661,-0.0130573193727359,-0.0130573193727359,-0.0130573193727359,0.0264340771076804
9.56764954052794,0,-0.00578932875863998,0,9.56764954052794,-0.00578932875863998,-0.00578932875863998,-0.00578932875863998,0.0288617279537588
9.58796747981615,0,0.00725905880614161,0,9.58796747981615,0.00725905880614161,0.00725905880614161,0.00725905880614161,0.0422687684348916
10.3415882006709,0,-0.0979591311963027,0,10.3415882006709,-0.0979591311963027,-0.0979591311963027,-0.0979591311963027,0.0379022425227411
9.03381024943225,0,-0.0258591277728825,0,9.03381024943225,-0.0258591277728825,-0.0258591277728825,-0.0258591277728825,0.0210013285642308
7.292171244769,0,0.0214216184583366,0,7.292171244769,0.0214216184583366,0.0214216184583366,0.0214216184583366,0.00787016036700002
10.6567948708008,0,0.0203455428827325,0,10.6567948708008,0.0203455428827325,0.0203455428827325,0.0203455428827325,0.0367174068081082
15.83958844307,0,0.0399832495665445,0,15.83958844307,0.0399832495665445,0.0399832495665445,0.0399832495665445,0.0130470310288665
17.7014293147066,0,0.0234372077444364,0,17.7014293147066,0.0234372077444364,0.0234372077444364,0.0234372077444364,0.0323786122878216
16.016217440795,0,-0.00369944404825601,0,16.016217440795,-0.00369944404825601,-0.00369944404825601,-0.00369944404825601,0.0376637682579198
13.5036026382197,0,0.0260526179813793,0,13.5036026382197,0.0260526179813793,0.0260526179813793,0.0260526179813793,0.0175137052055195
7.84913150076159,0,0.0206892300368871,0,7.84913150076159,0.0206892300368871,0.0206892300368871,0.0206892300368871,0.0125920499284639
11.3110693140974,0,0.00982781565554414,0,11.3110693140974,0.00982781565554414,0.00982781565554414,0.00982781565554414,0.0152975413868066
19.3344521561619,0,-0.0178892890128142,0,19.3344521561619,-0.0178892890128142,-0.0178892890128142,-0.0178892890128142,0.0322365626104049
12.3671082351961,0,0.0210231372322994,0,12.3671082351961,0.0210231372322994,0.0210231372322994,0.0210231372322994,0.0160828742749283
12.3654554745313,0,-0.0686880413546458,0,12.3654554745313,-0.0686880413546458,-0.0686880413546458,-0.0686880413546458,0.0513325050706189
19.2556223171704,0,0.0285945738844167,0,19.2556223171704,0.0285945738844167,0.0285945738844167,0.0285945738844167,0.0139726523520546
34.7312424253189,0,0.00360906084633839,0,34.7312424253189,0.00360906084633839,0.00360906084633839,0.00360906084633839,0.017575833019559
54.7209102152747,0,0.0196726221291343,0,54.7209102152747,0.0196726221291343,0.0196726221291343,0.0196726221291343,0.0109274670854921
11.6997668682815,0,-0.0454216119044559,0,11.6997668682815,-0.0454216119044559,-0.0454216119044559,-0.0454216119044559,0.105318046890987
8.22166390729103,0,0.0200227074138689,0,8.22166390729103,0.0200227074138689,0.0200227074138689,0.0200227074138689,0.0889316774406693
11.7030101268542,0,0.0664031592294417,0,11.7030101268542,0.0664031592294417,0.0664031592294417,0.0664031592294417,0.0318702419669784
7.36539602284415,0,-0.0247872150245361,0,7.36539602284415,-0.0247872150245361,-0.0247872150245361,-0.0247872150245361,0.114121672795408
9.34902839864339,0,-0.0319037471830898,0,9.34902839864339,-0.0319037471830898,-0.0319037471830898,-0.0319037471830898,0.0353702402159913
12.5616640281909,0,0.00441577973083164,0,12.5616640281909,0.00441577973083164,0.00441577973083164,0.00441577973083164,0.0138459086615911
5.28892335541574,0,-0.0722438218615433,0,5.28892335541574,-0.0722438218615433,-0.0722438218615433,-0.0722438218615433,0.0393158996396484
10.8363107906744,0,-0.028098390818107,0,10.8363107906744,-0.028098390818107,-0.028098390818107,-0.028098390818107,0.071926050301895
11.7003583105711,0,-0.00186774348468509,0,11.7003583105711,-0.00186774348468509,-0.00186774348468509,-0.00186774348468509,0.00589871207554302
14.1717804897526,0,0.027255899623745,0,14.1717804897526,0.027255899623745,0.027255899623745,0.027255899623745,0.0438772018708798
10.4916049522311,0,0.0132463173032987,0,10.4916049522311,0.0132463173032987,0.0132463173032987,0.0132463173032987,0.0267192917518445
12.491172371433,0,0.00616174807970621,0,12.491172371433,0.00616174807970621,0.00616174807970621,0.00616174807970621,0.0405245193389735
31.4129223891295,0,-0.0481702543197104,0,31.4129223891295,-0.0481702543197104,-0.0481702543197104,-0.0481702543197104,0.04354801944707
23.3384346785706,0,0.0173424537425691,0,23.3384346785706,0.0173424537425691,0.0173424537425691,0.0173424537425691,0.0189266195413323
21.0471310356801,0,0.0617673658141888,0,21.0471310356801,0.0617673658141888,0.0617673658141888,0.0617673658141888,0.047052745863464
21.8869961720114,0,0.0899308852467232,0,21.8869961720114,0.0899308852467232,0.0899308852467232,0.0899308852467232,0.0763185175600446
142.027144302285,0,0.0480428181832702,0,142.027144302285,0.0480428181832702,0.0480428181832702,0.0480428181832702,0.0151652887885014
7.27972576920022,0,0.0159617989219509,0,7.27972576920022,0.0159617989219509,0.0159617989219509,0.0159617989219509,0.0671622808060481
15.7641037476623,0,0.0452974152246685,0,15.7641037476623,0.0452974152246685,0.0452974152246685,0.0452974152246685,0.0222639606786319
14.6925462604222,0,-0.00458452472707301,0,14.6925462604222,-0.00458452472707301,-0.00458452472707301,-0.00458452472707301,0.0444254697733256
10.2495281852881,0,-0.0616339213389004,0,10.2495281852881,-0.0616339213389004,-0.0616339213389004,-0.0616339213389004,0.0343356845562726
11.0161041029769,0,-0.0031766917676102,0,11.0161041029769,-0.0031766917676102,-0.0031766917676102,-0.0031766917676102,0.0522005254908412
12.612078023469,0,-0.0597088928688878,0,12.612078023469,-0.0597088928688878,-0.0597088928688878,-0.0597088928688878,0.0322576765582896
27.9381463268887,0,-0.0196646199066465,0,27.9381463268887,-0.0196646199066465,-0.0196646199066465,-0.0196646199066465,0.0266030945529787
28.4056044215739,0,-0.0234835133541325,0,28.4056044215739,-0.0234835133541325,-0.0234835133541325,-0.0234835133541325,0.0460235649191708
9.44659083119766,0,-0.0979355343768668,0,9.44659083119766,-0.0979355343768668,-0.0979355343768668,-0.0979355343768668,0.106984919191722
10.6319539160187,0,0.00587821668928426,0,10.6319539160187,0.00587821668928426,0.00587821668928426,0.00587821668928426,0.0434639030773943
14.092448657483,0,0.0371731125780006,0,14.092448657483,0.0371731125780006,0.0371731125780006,0.0371731125780006,0.0455245647107084
NA,NA,NA,NA,NA,NA,NA,NA,NA
3.48138260502119,0,-0.0431716232209931,0,3.48138260502119,-0.0431716232209931,-0.0431716232209931,-0.0431716232209931,0.0321818721032191
5.59197431763262,0,-0.0578220526680145,0,5.59197431763262,-0.0578220526680145,-0.0578220526680145,-0.0578220526680145,0.0290843221745671
7.10118523761685,0,-0.0285278978712163,0,7.10118523761685,-0.0285278978712163,-0.0285278978712163,-0.0285278978712163,0.0595492352872805
8.39406695268219,0,0.0167837864563465,0,8.39406695268219,0.0167837864563465,0.0167837864563465,0.0167837864563465,0.0322473662392579
6.68163411954067,0,0.0399525800720857,0,6.68163411954067,0.0399525800720857,0.0399525800720857,0.0399525800720857,0.0632642521725607
10.9419857642508,0,-0.0876235523401562,0,10.9419857642508,-0.0876235523401562,-0.0876235523401562,-0.0876235523401562,0.0336377588977628
9.567453602661,0,-0.0130573193727359,0,9.567453602661,-0.0130573193727359,-0.0130573193727359,-0.0130573193727359,0.0264340771076804
9.56764954052794,0,-0.00578932875863998,0,9.56764954052794,-0.00578932875863998,-0.00578932875863998,-0.00578932875863998,0.0288617279537588
9.58796747981615,0,0.00725905880614161,0,9.58796747981615,0.00725905880614161,0.00725905880614161,0.00725905880614161,0.0422687684348916
10.3415882006709,0,-0.0979591311963027,0,10.3415882006709,-0.0979591311963027,-0.0979591311963027,-0.0979591311963027,0.0379022425227411
9.03381024943225,0,-0.0258591277728825,0,9.03381024943225,-0.0258591277728825,-0.0258591277728825,-0.0258591277728825,0.0210013285642308
7.292171244769,0,0.0214216184583366,0,7.292171244769,0.0214216184583366,0.0214216184583366,0.0214216184583366,0.00787016036700002
10.6567948708008,0,0.0203455428827325,0,10.6567948708008,0.0203455428827325,0.0203455428827325,0.0203455428827325,0.0367174068081082
15.83958844307,0,0.0399832495665445,0,15.83958844307,0.0399832495665445,0.0399832495665445,0.0399832495665445,0.0130470310288665
17.7014293147066,0,0.0234372077444364,0,17.7014293147066,0.0234372077444364,0.0234372077444364,0.0234372077444364,0.0323786122878216
16.016217440795,0,-0.00369944404825601,0,16.016217440795,-0.00369944404825601,-0.00369944404825601,-0.00369944404825601,0.0376637682579198
13.5036026382197,0,0.0260526179813793,0,13.5036026382197,0.0260526179813793,0.0260526179813793,0.0260526179813793,0.0175137052055195
7.84913150076159,0,0.0206892300368871,0,7.84913150076159,0.0206892300368871,0.0206892300368871,0.0206892300368871,0.0125920499284639
11.3110693140974,0,0.00982781565554414,0,11.3110693140974,0.00982781565554414,0.00982781565554414,0.00982781565554414,0.0152975413868066
19.3344521561619,0,-0.0178892890128142,0,19.3344521561619,-0.0178892890128142,-0.0178892890128142,-0.0178892890128142,0.0322365626104049
12.3671082351961,0,0.0210231372322994,0,12.3671082351961,0.0210231372322994,0.0210231372322994,0.0210231372322994,0.0160828742749283
12.3654554745313,0,-0.0686880413546458,0,12.3654554745313,-0.0686880413546458,-0.0686880413546458,-0.0686880413546458,0.0513325050706189
19.2556223171704,0,0.0285945738844167,0,19.2556223171704,0.0285945738844167,0.0285945738844167,0.0285945738844167,0.0139726523520546
34.7312424253189,0,0.00360906084633839,0,34.7312424253189,0.00360906084633839,0.00360906084633839,0.00360906084633839,0.017575833019559
54.7209102152747,0,0.0196726221291343,0,54.7209102152747,0.0196726221291343,0.0196726221291343,0.0196726221291343,0.0109274670854921
11.6997668682815,0,-0.0454216119044559,0,11.6997668682815,-0.0454216119044559,-0.0454216119044559,-0.0454216119044559,0.105318046890987
8.22166390729103,0,0.0200227074138689,0,8.22166390729103,0.0200227074138689,0.0200227074138689,0.0200227074138689,0.0889316774406693
11.7030101268542,0,0.0664031592294417,0,11.7030101268542,0.0664031592294417,0.0664031592294417,0.0664031592294417,0.0318702419669784
7.36539602284415,0,-0.0247872150245361,0,7.36539602284415,-0.0247872150245361,-0.0247872150245361,-0.0247872150245361,0.114121672795408
9.34902839864339,0,-0.0319037471830898,0,9.34902839864339,-0.0319037471830898,-0.0319037471830898,-0.0319037471830898,0.0353702402159913
12.5616640281909,0,0.00441577973083164,0,12.5616640281909,0.00441577973083164,0.00441577973083164,0.00441577973083164,0.0138459086615911
5.28892335541574,0,-0.0722438218615433,0,5.28892335541574,-0.0722438218615433,-0.0722438218615433,-0.0722438218615433,0.0393158996396484
10.8363107906744,0,-0.028098390818107,0,10.8363107906744,-0.028098390818107,-0.028098390818107,-0.028098390818107,0.071926050301895
11.7003583105711,0,-0.00186774348468509,0,11.7003583105711,-0.00186774348468509,-0.00186774348468509,-0.00186774348468509,0.00589871207554302
14.1717804897526,0,0.027255899623745,0,14.1717804897526,0.027255899623745,0.027255899623745,0.027255899623745,0.0438772018708798
10.4916049522311,0,0.0132463173032987,0,10.4916049522311,0.0132463173032987,0.0132463173032987,0.0132463173032987,0.0267192917518445
12.491172371433,0,0.00616174807970621,0,12.491172371433,0.00616174807970621,0.00616174807970621,0.00616174807970621,0.0405245193389735
31.4129223891295,0,-0.0481702543197104,0,31.4129223891295,-0.0481702543197104,-0.0481702543197104,-0.0481702543197104,0.04354801944707
23.3384346785706,0,0.0173424537425691,0,23.3384346785706,0.0173424537425691,0.0173424537425691,0.0173424537425691,0.0189266195413323
21.0471310356801,0,0.0617673658141888,0,21.0471310356801,0.0617673658141888,0.0617673658141888,0.0617673658141888,0.047052745863464
21.8869961720114,0,0.0899308852467232,0,21.8869961720114,0.0899308852467232,0.0899308852467232,0.0899308852467232,0.0763185175600446
142.027144302285,0,0.0480428181832702,0,142.027144302285,0.0480428181832702,0.0480428181832702,0.0480428181832702,0.0151652887885014
7.27972576920022,0,0.0159617989219509,0,7.27972576920022,0.0159617989219509,0.0159617989219509,0.0159617989219509,0.0671622808060481
15.7641037476623,0,0.0452974152246685,0,15.7641037476623,0.0452974152246685,0.0452974152246685,0.0452974152246685,0.0222639606786319
14.6925462604222,0,-0.00458452472707301,0,14.6925462604222,-0.00458452472707301,-0.00458452472707301,-0.00458452472707301,0.0444254697733256
10.2495281852881,0,-0.0616339213389004,0,10.2495281852881,-0.0616339213389004,-0.0616339213389004,-0.0616339213389004,0.0343356845562726
11.0161041029769,0,-0.0031766917676102,0,11.0161041029769,-0.0031766917676102,-0.0031766917676102,-0.0031766917676102,0.0522005254908412
12.612078023469,0,-0.0597088928688878,0,12.612078023469,-0.0597088928688878,-0.0597088928688878,-0.0597088928688878,0.0322576765582896
27.9381463268887,0,-0.0196646199066465,0,27.9381463268887,-0.0196646199066465,-0.0196646199066465,-0.0196646199066465,0.0266030945529787
28.4056044215739,0,-0.0234835133541325,0,28.4056044215739,-0.0234835133541325,-0.0234835133541325,-0.0234835133541325,0.0460235649191708
9.44659083119766,0,-0.0979355343768668,0,9.44659083119766,-0.0979355343768668,-0.0979355343768668,-0.0979355343768668,0.106984919191722
10.6319539160187,0,0.00587821668928426,0,10.6319539160187,0.00587821668928426,0.00587821668928426,0.00587821668928426,0.0434639030773943
10.8384906759069,0,-0.00221059163205814,0,10.8384906759069,-0.00221059163205814,-0.00221059163205814,-0.00221059163205814,0.0251376149245104
NA,NA,NA,NA,NA,NA,NA,NA,NA
3.48138260502119,0,-0.0431716232209931,0,3.48138260502119,-0.0431716232209931,-0.0431716232209931,-0.0431716232209931,0.0321818721032191
5.59197431763262,0,-0.0578220526680145,0,5.59197431763262,-0.0578220526680145,-0.0578220526680145,-0.0578220526680145,0.0290843221745671
7.10118523761685,0,-0.0285278978712163,0,7.10118523761685,-0.0285278978712163,-0.0285278978712163,-0.0285278978712163,0.0595492352872805
8.39406695268219,0,0.0167837864563465,0,8.39406695268219,0.0167837864563465,0.0167837864563465,0.0167837864563465,0.0322473662392579
6.68163411954067,0,0.0399525800720857,0,6.68163411954067,0.0399525800720857,0.0399525800720857,0.0399525800720857,0.0632642521725607
10.9419857642508,0,-0.0876235523401562,0,10.9419857642508,-0.0876235523401562,-0.0876235523401562,-0.0876235523401562,0.0336377588977628
9.567453602661,0,-0.0130573193727359,0,9.567453602661,-0.0130573193727359,-0.0130573193727359,-0.0130573193727359,0.0264340771076804
9.56764954052794,0,-0.00578932875863998,0,9.56764954052794,-0.00578932875863998,-0.00578932875863998,-0.00578932875863998,0.0288617279537588
9.58796747981615,0,0.00725905880614161,0,9.58796747981615,0.00725905880614161,0.00725905880614161,0.00725905880614161,0.0422687684348916
10.3415882006709,0,-0.0979591311963027,0,10.3415882006709,-0.0979591311963027,-0.0979591311963027,-0.0979591311963027,0.0379022425227411
9.03381024943225,0,-0.0258591277728825,0,9.03381024943225,-0.0258591277728825,-0.0258591277728825,-0.0258591277728825,0.0210013285642308
7.292171244769,0,0.0214216184583366,0,7.292171244769,0.0214216184583366,0.0214216184583366,0.0214216184583366,0.00787016036700002
10.6567948708008,0,0.0203455428827325,0,10.6567948708008,0.0203455428827325,0.0203455428827325,0.0203455428827325,0.0367174068081082
15.83958844307,0,0.0399832495665445,0,15.83958844307,0.0399832495665445,0.0399832495665445,0.0399832495665445,0.0130470310288665
17.7014293147066,0,0.0234372077444364,0,17.7014293147066,0.0234372077444364,0.0234372077444364,0.0234372077444364,0.0323786122878216
16.016217440795,0,-0.00369944404825601,0,16.016217440795,-0.00369944404825601,-0.00369944404825601,-0.00369944404825601,0.0376637682579198
13.5036026382197,0,0.0260526179813793,0,13.5036026382197,0.0260526179813793,0.0260526179813793,0.0260526179813793,0.0175137052055195
7.84913150076159,0,0.0206892300368871,0,7.84913150076159,0.0206892300368871,0.0206892300368871,0.0206892300368871,0.0125920499284639
11.3110693140974,0,0.00982781565554414,0,11.3110693140974,0.00982781565554414,0.00982781565554414,0.00982781565554414,0.0152975413868066
19.3344521561619,0,-0.0178892890128142,0,19.3344521561619,-0.0178892890128142,-0.0178892890128142,-0.0178892890128142,0.0322365626104049
12.3671082351961,0,0.0210231372322994,0,12.3671082351961,0.0210231372322994,0.0210231372322994,0.0210231372322994,0.0160828742749283
12.3654554745313,0,-0.0686880413546458,0,12.3654554745313,-0.0686880413546458,-0.0686880413546458,-0.0686880413546458,0.0513325050706189
19.2556223171704,0,0.0285945738844167,0,19.2556223171704,0.0285945738844167,0.0285945738844167,0.0285945738844167,0.0139726523520546
34.7312424253189,0,0.00360906084633839,0,34.7312424253189,0.00360906084633839,0.00360906084633839,0.00360906084633839,0.017575833019559
54.7209102152747,0,0.0196726221291343,0,54.7209102152747,0.0196726221291343,0.0196726221291343,0.0196726221291343,0.0109274670854921
11.6997668682815,0,-0.0454216119044559,0,11.6997668682815,-0.0454216119044559,-0.0454216119044559,-0.0454216119044559,0.105318046890987
8.22166390729103,0,0.0200227074138689,0,8.22166390729103,0.0200227074138689,0.0200227074138689,0.0200227074138689,0.0889316774406693
11.7030101268542,0,0.0664031592294417,0,11.7030101268542,0.0664031592294417,0.0664031592294417,0.0664031592294417,0.0318702419669784
7.36539602284415,0,-0.0247872150245361,0,7.36539602284415,-0.0247872150245361,-0.0247872150245361,-0.0247872150245361,0.114121672795408
9.34902839864339,0,-0.0319037471830898,0,9.34902839864339,-0.0319037471830898,-0.0319037471830898,-0.0319037471830898,0.0353702402159913
12.5616640281909,0,0.00441577973083164,0,12.5616640281909,0.00441577973083164,0.00441577973083164,0.00441577973083164,0.0138459086615911
5.28892335541574,0,-0.0722438218615433,0,5.28892335541574,-0.0722438218615433,-0.0722438218615433,-0.0722438218615433,0.0393158996396484
10.8363107906744,0,-0.028098390818107,0,10.8363107906744,-0.028098390818107,-0.028098390818107,-0.028098390818107,0.071926050301895
11.7003583105711,0,-0.00186774348468509,0,11.7003583105711,-0.00186774348468509,-0.00186774348468509,-0.00186774348468509,0.00589871207554302
14.1717804897526,0,0.027255899623745,0,14.1717804897526,0.027255899623745,0.027255899623745,0.027255899623745,0.0438772018708798
10.4916049522311,0,0.0132463173032987,0,10.4916049522311,0.0132463173032987,0.0132463173032987,0.0132463173032987,0.0267192917518445
12.491172371433,0,0.00616174807970621,0,12.491172371433,0.00616174807970621,0.00616174807970621,0.00616174807970621,0.0405245193389735
31.4129223891295,0,-0.0481702543197104,0,31.4129223891295,-0.0481702543197104,-0.0481702543197104,-0.0481702543197104,0.04354801944707
23.3384346785706,0,0.0173424537425691,0,23.3384346785706,0.0173424537425691,0.0173424537425691,0.0173424537425691,0.0189266195413323
21.0471310356801,0,0.0617673658141888,0,21.0471310356801,0.0617673658141888,0.0617673658141888,0.0617673658141888,0.047052745863464
21.8869961720114,0,0.0899308852467232,0,21.8869961720114,0.0899308852467232,0.0899308852467232,0.0899308852467232,0.0763185175600446
142.027144302285,0,0.0480428181832702,0,142.027144302285,0.0480428181832702,0.0480428181832702,0.0480428181832702,0.0151652887885014
10.8384906759069,0,-0.00221059163205814,0,10.8384906759069,-0.00221059163205814,-0.00221059163205814,-0.00221059163205814,0.0251376149245104
15.7641037476623,0,0.0452974152246685,0,15.7641037476623,0.0452974152246685,0.0452974152246685,0.0452974152246685,0.0222639606786319
14.6925462604222,0,-0.00458452472707301,0,14.6925462604222,-0.00458452472707301,-0.00458452472707301,-0.00458452472707301,0.0444254697733256
10.2495281852881,0,-0.0616339213389004,0,10.2495281852881,-0.0616339213389004,-0.0616339213389004,-0.0616339213389004,0.0343356845562726
11.0161041029769,0,-0.0031766917676102,0,11.0161041029769,-0.0031766917676102,-0.0031766917676102,-0.0031766917676102,0.0522005254908412
12.612078023469,0,-0.0597088928688878,0,12.612078023469,-0.0597088928688878,-0.0597088928688878,-0.0597088928688878,0.0322576765582896
27.9381463268887,0,-0.0196646199066465,0,27.9381463268887,-0.0196646199066465,-0.0196646199066465,-0.0196646199066465,0.0266030945529787
28.4056044215739,0,-0.0234835133541325,0,28.4056044215739,-0.0234835133541325,-0.0234835133541325,-0.0234835133541325,0.0460235649191708
9.44659083119766,0,-0.0979355343768668,0,9.44659083119766,-0.0979355343768668,-0.0979355343768668,-0.0979355343768668,0.106984919191722
10.6319539160187,0,0.00587821668928426,0,10.6319539160187,0.00587821668928426,0.00587821668928426,0.00587821668928426,0.0434639030773943
NA,NA,NA,NA,NA,NA,NA,NA,NA
3.48138260502119,0,-0.0431716232209931,0,3.48138260502119,-0.0431716232209931,-0.0431716232209931,-0.0431716232209931,0.0321818721032191
5.59197431763262,0,-0.0578220526680145,0,5.59197431763262,-0.0578220526680145,-0.0578220526680145,-0.0578220526680145,0.0290843221745671
7.10118523761685,0,-0.0285278978712163,0,7.10118523761685,-0.0285278978712163,-0.0285278978712163,-0.0285278978712163,0.0595492352872805
8.39406695268219,0,0.0167837864563465,0,8.39406695268219,0.0167837864563465,0.0167837864563465,0.0167837864563465,0.0322473662392579
6.68163411954067,0,0.0399525800720857,0,6.68163411954067,0.0399525800720857,0.0399525800720857,0.0399525800720857,0.0632642521725607
10.9419857642508,0,-0.0876235523401562,0,10.9419857642508,-0.0876235523401562,-0.0876235523401562,-0.0876235523401562,0.0336377588977628
9.567453602661,0,-0.0130573193727359,0,9.567453602661,-0.0130573193727359,-0.0130573193727359,-0.0130573193727359,0.0264340771076804
9.56764954052794,0,-0.00578932875863998,0,9.56764954052794,-0.00578932875863998,-0.00578932875863998,-0.00578932875863998,0.0288617279537588
9.58796747981615,0,0.00725905880614161,0,9.58796747981615,0.00725905880614161,0.00725905880614161,0.00725905880614161,0.0422687684348916
10.3415882006709,0,-0.0979591311963027,0,10.3415882006709,-0.0979591311963027,-0.0979591311963027,-0.0979591311963027,0.0379022425227411
9.03381024943225,0,-0.0258591277728825,0,9.03381024943225,-0.0258591277728825,-0.0258591277728825,-0.0258591277728825,0.0210013285642308
7.292171244769,0,0.0214216184583366,0,7.292171244769,0.0214216184583366,0.0214216184583366,0.0214216184583366,0.00787016036700002
10.6567948708008,0,0.0203455428827325,0,10.6567948708008,0.0203455428827325,0.0203455428827325,0.0203455428827325,0.0367174068081082
15.83958844307,0,0.0399832495665445,0,15.83958844307,0.0399832495665445,0.0399832495665445,0.0399832495665445,0.0130470310288665
17.7014293147066,0,0.0234372077444364,0,17.7014293147066,0.0234372077444364,0.0234372077444364,0.0234372077444364,0.0323786122878216
16.016217440795,0,-0.00369944404825601,0,16.016217440795,-0.00369944404825601,-0.00369944404825601,-0.00369944404825601,0.0376637682579198
13.5036026382197,0,0.0260526179813793,0,13.5036026382197,0.0260526179813793,0.0260526179813793,0.0260526179813793,0.0175137052055195
7.84913150076159,0,0.0206892300368871,0,7.84913150076159,0.0206892300368871,0.0206892300368871,0.0206892300368871,0.0125920499284639
11.3110693140974,0,0.00982781565554414,0,11.3110693140974,0.00982781565554414,0.00982781565554414,0.00982781565554414,0.0152975413868066
19.3344521561619,0,-0.0178892890128142,0,19.3344521561619,-0.0178892890128142,-0.0178892890128142,-0.0178892890128142,0.0322365626104049
12.3671082351961,0,0.0210231372322994,0,12.3671082351961,0.0210231372322994,0.0210231372322994,0.0210231372322994,0.0160828742749283
12.3654554745313,0,-0.0686880413546458,0,12.3654554745313,-0.0686880413546458,-0.0686880413546458,-0.0686880413546458,0.0513325050706189
19.2556223171704,0,0.0285945738844167,0,19.2556223171704,0.0285945738844167,0.0285945738844167,0.0285945738844167,0.0139726523520546
34.7312424253189,0,0.00360906084633839,0,34.7312424253189,0.00360906084633839,0.00360906084633839,0.00360906084633839,0.017575833019559
54.7209102152747,0,0.0196726221291343,0,54.7209102152747,0.0196726221291343,0.0196726221291343,0.0196726221291343,0.0109274670854921
11.6997668682815,0,-0.0454216119044559,0,11.6997668682815,-0.0454216119044559,-0.0454216119044559,-0.0454216119044559,0.105318046890987
8.22166390729103,0,0.0200227074138689,0,8.22166390729103,0.0200227074138689,0.0200227074138689,0.0200227074138689,0.0889316774406693
11.7030101268542,0,0.0664031592294417,0,11.7030101268542,0.0664031592294417,0.0664031592294417,0.0664031592294417,0.0318702419669784
7.36539602284415,0,-0.0247872150245361,0,7.36539602284415,-0.0247872150245361,-0.0247872150245361,-0.0247872150245361,0.114121672795408
9.34902839864339,0,-0.0319037471830898,0,9.34902839864339,-0.0319037471830898,-0.0319037471830898,-0.0319037471830898,0.0353702402159913
12.5616640281909,0,0.00441577973083164,0,12.5616640281909,0.00441577973083164,0.00441577973083164,0.00441577973083164,0.0138459086615911
5.28892335541574,0,-0.0722438218615433,0,5.28892335541574,-0.0722438218615433,-0.0722438218615433,-0.0722438218615433,0.0393158996396484
10.8363107906744,0,-0.028098390818107,0,10.8363107906744,-0.028098390818107,-0.028098390818107,-0.028098390818107,0.071926050301895
11.7003583105711,0,-0.00186774348468509,0,11.7003583105711,-0.00186774348468509,-0.00186774348468509,-0.00186774348468509,0.00589871207554302
14.1717804897526,0,0.027255899623745,0,14.1717804897526,0.027255899623745,0.027255899623745,0.027255899623745,0.0438772018708798
10.4916049522311,0,0.0132463173032987,0,10.4916049522311,0.0132463173032987,0.0132463173032987,0.0132463173032987,0.0267192917518445
12.491172371433,0,0.00616174807970621,0,12.491172371433,0.00616174807970621,0.00616174807970621,0.00616174807970621,0.0405245193389735
31.4129223891295,0,-0.0481702543197104,0,31.4129223891295,-0.0481702543197104,-0.0481702543197104,-0.0481702543197104,0.04354801944707
23.3384346785706,0,0.0173424537425691,0,23.3384346785706,0.0173424537425691,0.0173424537425691,0.0173424537425691,0.0189266195413323
21.0471310356801,0,0.0617673658141888,0,21.0471310356801,0.0617673658141888,0.0617673658141888,0.0617673658141888,0.047052745863464
21.8869961720114,0,0.0899308852467232,0,21.8869961720114,0.0899308852467232,0.0899308852467232,0.0899308852467232,0.0763185175600446
142.027144302285,0,0.0480428181832702,0,142.027144302285,0.0480428181832702,0.0480428181832702,0.0480428181832702,0.0151652887885014
10.8384906759069,0,-0.00221059163205814,0,10.8384906759069,-0.00221059163205814,-0.00221059163205814,-0.00221059163205814,0.0251376149245104
15.7641037476623,0,0.0452974152246685,0,15.7641037476623,0.0452974152246685,0.0452974152246685,0.0452974152246685,0.0222639606786319
14.6925462604222,0,-0.00458452472707301,0,14.6925462604222,-0.00458452472707301,-0.00458452472707301,-0.00458452472707301,0.0444254697733256
10.2495281852881,0,-0.0616339213389004,0,10.2495281852881,-0.0616339213389004,-0.0616339213389004,-0.0616339213389004,0.0343356845562726
11.0161041029769,0,-0.0031766917676102,0,11.0161041029769,-0.0031766917676102,-0.0031766917676102,-0.0031766917676102,0.0522005254908412
12.612078023469,0,-0.0597088928688878,0,12.612078023469,-0.0597088928688878,-0.0597088928688878,-0.0597088928688878,0.0322576765582896
27.9381463268887,0,-0.0196646199066465,0,27.9381463268887,-0.0196646199066465,-0.0196646199066465,-0.0196646199066465,0.0266030945529787
28.4056044215739,0,-0.0234835133541325,0,28.4056044215739,-0.0234835133541325,-0.0234835133541325,-0.0234835133541325,0.0460235649191708
9.44659083119766,0,-0.0979355343768668,0,9.44659083119766,-0.0979355343768668,-0.0979355343768668,-0.0979355343768668,0.106984919191722
10.6319539160187,0,0.00587821668928426,0,10.6319539160187,0.00587821668928426,0.00587821668928426,0.00587821668928426,0.0434639030773943
NA,NA,NA,NA,NA,NA,NA,NA,NA
3.48138260502119,0,-0.0431716232209931,0,3.48138260502119,-0.0431716232209931,-0.0431716232209931,-0.0431716232209931,0.0321818721032191
5.59197431763262,0,-0.0578220526680145,0,5.59197431763262,-0.0578220526680145,-0.0578220526680145,-0.0578220526680145,0.0290843221745671
7.10118523761685,0,-0.0285278978712163,0,7.10118523761685,-0.0285278978712163,-0.0285278978712163,-0.0285278978712163,0.0595492352872805
8.39406695268219,0,0.0167837864563465,0,8.39406695268219,0.0167837864563465,0.0167837864563465,0.0167837864563465,0.0322473662392579
6.68163411954067,0,0.0399525800720857,0,6.68163411954067,0.0399525800720857,0.0399525800720857,0.0399525800720857,0.0632642521725607
10.9419857642508,0,-0.0876235523401562,0,10.9419857642508,-0.0876235523401562,-0.0876235523401562,-0.0876235523401562,0.0336377588977628
9.567453602661,0,-0.0130573193727359,0,9.567453602661,-0.0130573193727359,-0.0130573193727359,-0.0130573193727359,0.0264340771076804
9.56764954052794,0,-0.00578932875863998,0,9.56764954052794,-0.00578932875863998,-0.00578932875863998,-0.00578932875863998,0.0288617279537588
9.58796747981615,0,0.00725905880614161,0,9.58796747981615,0.00725905880614161,0.00725905880614161,0.00725905880614161,0.0422687684348916
10.3415882006709,0,-0.0979591311963027,0,10.3415882006709,-0.0979591311963027,-0.0979591311963027,-0.0979591311963027,0.0379022425227411
9.03381024943225,0,-0.0258591277728825,0,9.03381024943225,-0.0258591277728825,-0.0258591277728825,-0.0258591277728825,0.0210013285642308
7.292171244769,0,0.0214216184583366,0,7.292171244769,0.0214216184583366,0.0214216184583366,0.0214216184583366,0.00787016036700002
10.6567948708008,0,0.0203455428827325,0,10.6567948708008,0.0203455428827325,0.0203455428827325,0.0203455428827325,0.0367174068081082
15.83958844307,0,0.0399832495665445,0,15.83958844307,0.0399832495665445,0.0399832495665445,0.0399832495665445,0.0130470310288665
17.7014293147066,0,0.0234372077444364,0,17.7014293147066,0.0234372077444364,0.0234372077444364,0.0234372077444364,0.0323786122878216
16.016217440795,0,-0.00369944404825601,0,16.016217440795,-0.00369944404825601,-0.00369944404825601,-0.00369944404825601,0.0376637682579198
13.5036026382197,0,0.0260526179813793,0,13.5036026382197,0.0260526179813793,0.0260526179813793,0.0260526179813793,0.0175137052055195
7.84913150076159,0,0.0206892300368871,0,7.84913150076159,0.0206892300368871,0.0206892300368871,0.0206892300368871,0.0125920499284639
11.3110693140974,0,0.00982781565554414,0,11.3110693140974,0.00982781565554414,0.00982781565554414,0.00982781565554414,0.0152975413868066
19.3344521561619,0,-0.0178892890128142,0,19.3344521561619,-0.0178892890128142,-0.0178892890128142,-0.0178892890128142,0.0322365626104049
12.3671082351961,0,0.0210231372322994,0,12.3671082351961,0.0210231372322994,0.0210231372322994,0.0210231372322994,0.0160828742749283
12.3654554745313,0,-0.0686880413546458,0,12.3654554745313,-0.0686880413546458,-0.0686880413546458,-0.0686880413546458,0.0513325050706189
19.2556223171704,0,0.0285945738844167,0,19.2556223171704,0.0285945738844167,0.0285945738844167,0.0285945738844167,0.0139726523520546
34.7312424253189,0,0.00360906084633839,0,34.7312424253189,0.00360906084633839,0.00360906084633839,0.00360906084633839,0.017575833019559
54.7209102152747,0,0.0196726221291343,0,54.7209102152747,0.0196726221291343,0.0196726221291343,0.0196726221291343,0.0109274670854921
11.6997668682815,0,-0.0454216119044559,0,11.6997668682815,-0.0454216119044559,-0.0454216119044559,-0.0454216119044559,0.105318046890987
8.22166390729103,0,0.0200227074138689,0,8.22166390729103,0.0200227074138689,0.0200227074138689,0.0200227074138689,0.0889316774406693
11.7030101268542,0,0.0664031592294417,0,11.7030101268542,0.0664031592294417,0.0664031592294417,0.0664031592294417,0.0318702419669784
7.36539602284415,0,-0.0247872150245361,0,7.36539602284415,-0.0247872150245361,-0.0247872150245361,-0.0247872150245361,0.114121672795408
9.34902839864339,0,-0.0319037471830898,0,9.34902839864339,-0.0319037471830898,-0.0319037471830898,-0.0319037471830898,0.0353702402159913
12.5616640281909,0,0.00441577973083164,0,12.5616640281909,0.00441577973083164,0.00441577973083164,0.00441577973083164,0.0138459086615911
5.28892335541574,0,-0.0722438218615433,0,5.28892335541574,-0.0722438218615433,-0.0722438218615433,-0.0722438218615433,0.0393158996396484
10.8363107906744,0,-0.028098390818107,0,10.8363107906744,-0.028098390818107,-0.028098390818107,-0.028098390818107,0.071926050301895
11.7003583105711,0,-0.00186774348468509,0,11.7003583105711,-0.00186774348468509,-0.00186774348468509,-0.00186774348468509,0.00589871207554302
14.1717804897526,0,0.027255899623745,0,14.1717804897526,0.027255899623745,0.027255899623745,0.027255899623745,0.0438772018708798
10.4916049522311,0,0.0132463173032987,0,10.4916049522311,0.0132463173032987,0.0132463173032987,0.0132463173032987,0.0267192917518445
12.491172371433,0,0.00616174807970621,0,12.491172371433,0.00616174807970621,0.00616174807970621,0.00616174807970621,0.0405245193389735
31.4129223891295,0,-0.0481702543197104,0,31.4129223891295,-0.0481702543197104,-0.0481702543197104,-0.0481702543197104,0.04354801944707
23.3384346785706,0,0.0173424537425691,0,23.3384346785706,0.0173424537425691,0.0173424537425691,0.0173424537425691,0.0189266195413323
21.0471310356801,0,0.0617673658141888,0,21.0471310356801,0.0617673658141888,0.0617673658141888,0.0617673658141888,0.047052745863464
21.8869961720114,0,0.0899308852467232,0,21.8869961720114,0.0899308852467232,0.0899308852467232,0.0899308852467232,0.0763185175600446
142.027144302285,0,0.0480428181832702,0,142.027144302285,0.0480428181832702,0.0480428181832702,0.0480428181832702,0.0151652887885014
10.8384906759069,0,-0.00221059163205814,0,10.8384906759069,-0.00221059163205814,-0.00221059163205814,-0.00221059163205814,0.0251376149245104
15.7641037476623,0,0.0452974152246685,0,15.7641037476623,0.0452974152246685,0.0452974152246685,0.0452974152246685,0.0222639606786319
14.6925462604222,0,-0.00458452472707301,0,14.6925462604222,-0.00458452472707301,-0.00458452472707301,-0.00458452472707301,0.0444254697733256
10.2495281852881,0,-0.0616339213389004,0,10.2495281852881,-0.0616339213389004,-0.0616339213389004,-0.0616339213389004,0.0343356845562726
11.0161041029769,0,-0.0031766917676102,0,11.0161041029769,-0.0031766917676102,-0.0031766917676102,-0.0031766917676102,0.0522005254908412
12.612078023469,0,-0.0597088928688878,0,12.612078023469,-0.0597088928688878,-0.0597088928688878,-0.0597088928688878,0.0322576765582896
27.9381463268887,0,-0.0196646199066465,0,27.9381463268887,-0.0196646199066465,-0.0196646199066465,-0.0196646199066465,0.0266030945529787
28.4056044215739,0,-0.0234835133541325,0,28.4056044215739,-0.0234835133541325,-0.0234835133541325,-0.0234835133541325,0.0460235649191708
9.44659083119766,0,-0.0979355343768668,0,9.44659083119766,-0.0979355343768668,-0.0979355343768668,-0.0979355343768668,0.106984919191722
10.6319539160187,0,0.00587821668928426,0,10.6319539160187,0.00587821668928426,0.00587821668928426,0.00587821668928426,0.0434639030773943
NA,NA,NA,NA,NA,NA,NA,NA,NA
3.48138260502119,0,-0.0431716232209931,0,3.48138260502119,-0.0431716232209931,-0.0431716232209931,-0.0431716232209931,0.0321818721032191
5.59197431763262,0,-0.0578220526680145,0,5.59197431763262,-0.0578220526680145,-0.0578220526680145,-0.0578220526680145,0.0290843221745671
7.10118523761685,0,-0.0285278978712163,0,7.10118523761685,-0.0285278978712163,-0.0285278978712163,-0.0285278978712163,0.0595492352872805
8.39406695268219,0,0.0167837864563465,0,8.39406695268219,0.0167837864563465,0.0167837864563465,0.0167837864563465,0.0322473662392579
6.68163411954067,0,0.0399525800720857,0,6.68163411954067,0.0399525800720857,0.0399525800720857,0.0399525800720857,0.0632642521725607
10.9419857642508,0,-0.0876235523401562,0,10.9419857642508,-0.0876235523401562,-0.0876235523401562,-0.0876235523401562,0.0336377588977628
9.567453602661,0,-0.0130573193727359,0,9.567453602661,-0.0130573193727359,-0.0130573193727359,-0.0130573193727359,0.0264340771076804
9.56764954052794,0,-0.00578932875863998,0,9.56764954052794,-0.00578932875863998,-0.00578932875863998,-0.00578932875863998,0.0288617279537588
9.58796747981615,0,0.00725905880614161,0,9.58796747981615,0.00725905880614161,0.00725905880614161,0.00725905880614161,0.0422687684348916
10.3415882006709,0,-0.0979591311963027,0,10.3415882006709,-0.0979591311963027,-0.0979591311963027,-0.0979591311963027,0.0379022425227411
9.03381024943225,0,-0.0258591277728825,0,9.03381024943225,-0.0258591277728825,-0.0258591277728825,-0.0258591277728825,0.0210013285642308
7.292171244769,0,0.0214216184583366,0,7.292171244769,0.0214216184583366,0.0214216184583366,0.0214216184583366,0.00787016036700002
10.6567948708008,0,0.0203455428827325,0,10.6567948708008,0.0203455428827325,0.0203455428827325,0.0203455428827325,0.0367174068081082
15.83958844307,0,0.0399832495665445,0,15.83958844307,0.0399832495665445,0.0399832495665445,0.0399832495665445,0.0130470310288665
17.7014293147066,0,0.0234372077444364,0,17.7014293147066,0.0234372077444364,0.0234372077444364,0.0234372077444364,0.0323786122878216
16.016217440795,0,-0.00369944404825601,0,16.016217440795,-0.00369944404825601,-0.00369944404825601,-0.00369944404825601,0.0376637682579198
13.5036026382197,0,0.0260526179813793,0,13.5036026382197,0.0260526179813793,0.0260526179813793,0.0260526179813793,0.0175137052055195
7.84913150076159,0,0.0206892300368871,0,7.84913150076159,0.0206892300368871,0.0206892300368871,0.0206892300368871,0.0125920499284639
11.3110693140974,0,0.00982781565554414,0,11.3110693140974,0.00982781565554414,0.00982781565554414,0.00982781565554414,0.0152975413868066
19.3344521561619,0,-0.0178892890128142,0,19.3344521561619,-0.0178892890128142,-0.0178892890128142,-0.0178892890128142,0.0322365626104049
12.3671082351961,0,0.0210231372322994,0,12.3671082351961,0.0210231372322994,0.0210231372322994,0.0210231372322994,0.0160828742749283
12.3654554745313,0,-0.0686880413546458,0,12.3654554745313,-0.0686880413546458,-0.0686880413546458,-0.0686880413546458,0.0513325050706189
19.2556223171704,0,0.0285945738844167,0,19.2556223171704,0.0285945738844167,0.0285945738844167,0.0285945738844167,0.0139726523520546
34.7312424253189,0,0.00360906084633839,0,34.7312424253189,0.00360906084633839,0.00360906084633839,0.00360906084633839,0.017575833019559
54.7209102152747,0,0.0196726221291343,0,54.7209102152747,0.0196726221291343,0.0196726221291343,0.0196726221291343,0.0109274670854921
11.6997668682815,0,-0.0454216119044559,0,11.6997668682815,-0.0454216119044559,-0.0454216119044559,-0.0454216119044559,0.105318046890987
8.22166390729103,0,0.0200227074138689,0,8.22166390729103,0.0200227074138689,0.0200227074138689,0.0200227074138689,0.0889316774406693
11.7030101268542,0,0.0664031592294417,0,11.7030101268542,0.0664031592294417,0.0664031592294417,0.0664031592294417,0.0318702419669784
7.36539602284415,0,-0.0247872150245361,0,7.36539602284415,-0.0247872150245361,-0.0247872150245361,-0.0247872150245361,0.114121672795408
9.34902839864339,0,-0.0319037471830898,0,9.34902839864339,-0.0319037471830898,-0.0319037471830898,-0.0319037471830898,0.0353702402159913
12.5616640281909,0,0.00441577973083164,0,12.5616640281909,0.00441577973083164,0.00441577973083164,0.00441577973083164,0.0138459086615911
5.28892335541574,0,-0.0722438218615433,0,5.28892335541574,-0.0722438218615433,-0.0722438218615433,-0.0722438218615433,0.0393158996396484
10.8363107906744,0,-0.028098390818107,0,10.8363107906744,-0.028098390818107,-0.028098390818107,-0.028098390818107,0.071926050301895
11.7003583105711,0,-0.00186774348468509,0,11.7003583105711,-0.00186774348468509,-0.00186774348468509,-0.00186774348468509,0.00589871207554302
14.1717804897526,0,0.027255899623745,0,14.1717804897526,0.027255899623745,0.027255899623745,0.027255899623745,0.0438772018708798
10.4916049522311,0,0.0132463173032987,0,10.4916049522311,0.0132463173032987,0.0132463173032987,0.0132463173032987,0.0267192917518445
12.491172371433,0,0.00616174807970621,0,12.491172371433,0.00616174807970621,0.00616174807970621,0.00616174807970621,0.0405245193389735
31.4129223891295,0,-0.0481702543197104,0,31.4129223891295,-0.0481702543197104,-0.0481702543197104,-0.0481702543197104,0.04354801944707
23.3384346785706,0,0.0173424537425691,0,23.3384346785706,0.0173424537425691,0.0173424537425691,0.0173424537425691,0.0189266195413323
21.0471310356801,0,0.0617673658141888,0,21.0471310356801,0.0617673658141888,0.0617673658141888,0.0617673658141888,0.047052745863464
21.8869961720114,0,0.0899308852467232,0,21.8869961720114,0.0899308852467232,0.0899308852467232,0.0899308852467232,0.0763185175600446
142.027144302285,0,0.0480428181832702,0,142.027144302285,0.0480428181832702,0.0480428181832702,0.0480428181832702,0.0151652887885014
10.8384906759069,0,-0.00221059163205814,0,10.8384906759069,-0.00221059163205814,-0.00221059163205814,-0.00221059163205814,0.0251376149245104
15.7641037476623,0,0.0452974152246685,0,15.7641037476623,0.0452974152246685,0.0452974152246685,0.0452974152246685,0.0222639606786319
14.6925462604222,0,-0.00458452472707301,0,14.6925462604222,-0.00458452472707301,-0.00458452472707301,-0.00458452472707301,0.0444254697733256
10.2495281852881,0,-0.0616339213389004,0,10.2495281852881,-0.0616339213389004,-0.0616339213389004,-0.0616339213389004,0.0343356845562726
11.0161041029769,0,-0.0031766917676102,0,11.0161041029769,-0.0031766917676102,-0.0031766917676102,-0.0031766917676102,0.0522005254908412
12.612078023469,0,-0.0597088928688878,0,12.612078023469,-0.0597088928688878,-0.0597088928688878,-0.0597088928688878,0.0322576765582896
27.9381463268887,0,-0.0196646199066465,0,27.9381463268887,-0.0196646199066465,-0.0196646199066465,-0.0196646199066465,0.0266030945529787
28.4056044215739,0,-0.0234835133541325,0,28.4056044215739,-0.0234835133541325,-0.0234835133541325,-0.0234835133541325,0.0460235649191708
9.44659083119766,0,-0.0979355343768668,0,9.44659083119766,-0.0979355343768668,-0.0979355343768668,-0.0979355343768668,0.106984919191722
10.6319539160187,0,0.00587821668928426,0,10.6319539160187,0.00587821668928426,0.00587821668928426,0.00587821668928426,0.0434639030773943
NA,NA,NA,NA,NA,NA,NA,NA,NA
3.48138260502119,0,-0.0431716232209931,0,3.48138260502119,-0.0431716232209931,-0.0431716232209931,-0.0431716232209931,0.0321818721032191
5.59197431763262,0,-0.0578220526680145,0,5.59197431763262,-0.0578220526680145,-0.0578220526680145,-0.0578220526680145,0.0290843221745671
7.10118523761685,0,-0.0285278978712163,0,7.10118523761685,-0.0285278978712163,-0.0285278978712163,-0.0285278978712163,0.0595492352872805
8.39406695268219,0,0.0167837864563465,0,8.39406695268219,0.0167837864563465,0.0167837864563465,0.0167837864563465,0.0322473662392579
6.68163411954067,0,0.0399525800720857,0,6.68163411954067,0.0399525800720857,0.0399525800720857,0.0399525800720857,0.0632642521725607
10.9419857642508,0,-0.0876235523401562,0,10.9419857642508,-0.0876235523401562,-0.0876235523401562,-0.0876235523401562,0.0336377588977628
9.567453602661,0,-0.0130573193727359,0,9.567453602661,-0.0130573193727359,-0.0130573193727359,-0.0130573193727359,0.0264340771076804
9.56764954052794,0,-0.00578932875863998,0,9.56764954052794,-0.00578932875863998,-0.00578932875863998,-0.00578932875863998,0.0288617279537588
9.58796747981615,0,0.00725905880614161,0,9.58796747981615,0.00725905880614161,0.00725905880614161,0.00725905880614161,0.0422687684348916
10.3415882006709,0,-0.0979591311963027,0,10.3415882006709,-0.0979591311963027,-0.0979591311963027,-0.0979591311963027,0.0379022425227411
9.03381024943225,0,-0.0258591277728825,0,9.03381024943225,-0.0258591277728825,-0.0258591277728825,-0.0258591277728825,0.0210013285642308
7.292171244769,0,0.0214216184583366,0,7.292171244769,0.0214216184583366,0.0214216184583366,0.0214216184583366,0.00787016036700002
10.6567948708008,0,0.0203455428827325,0,10.6567948708008,0.0203455428827325,0.0203455428827325,0.0203455428827325,0.0367174068081082
15.83958844307,0,0.0399832495665445,0,15.83958844307,0.0399832495665445,0.0399832495665445,0.0399832495665445,0.0130470310288665
17.7014293147066,0,0.0234372077444364,0,17.7014293147066,0.0234372077444364,0.0234372077444364,0.0234372077444364,0.0323786122878216
16.016217440795,0,-0.00369944404825601,0,16.016217440795,-0.00369944404825601,-0.00369944404825601,-0.00369944404825601,0.0376637682579198
13.5036026382197,0,0.0260526179813793,0,13.5036026382197,0.0260526179813793,0.0260526179813793,0.0260526179813793,0.0175137052055195
7.84913150076159,0,0.0206892300368871,0,7.84913150076159,0.0206892300368871,0.0206892300368871,0.0206892300368871,0.0125920499284639
11.3110693140974,0,0.00982781565554414,0,11.3110693140974,0.00982781565554414,0.00982781565554414,0.00982781565554414,0.0152975413868066
19.3344521561619,0,-0.0178892890128142,0,19.3344521561619,-0.0178892890128142,-0.0178892890128142,-0.0178892890128142,0.0322365626104049
12.3671082351961,0,0.0210231372322994,0,12.3671082351961,0.0210231372322994,0.0210231372322994,0.0210231372322994,0.0160828742749283
12.3654554745313,0,-0.0686880413546458,0,12.3654554745313,-0.0686880413546458,-0.0686880413546458,-0.0686880413546458,0.0513325050706189
19.2556223171704,0,0.0285945738844167,0,19.2556223171704,0.0285945738844167,0.0285945738844167,0.0285945738844167,0.0139726523520546
34.7312424253189,0,0.00360906084633839,0,34.7312424253189,0.00360906084633839,0.00360906084633839,0.00360906084633839,0.017575833019559
54.7209102152747,0,0.0196726221291343,0,54.7209102152747,0.0196726221291343,0.0196726221291343,0.0196726221291343,0.0109274670854921
11.6997668682815,0,-0.0454216119044559,0,11.6997668682815,-0.0454216119044559,-0.0454216119044559,-0.0454216119044559,0.105318046890987
8.22166390729103,0,0.0200227074138689,0,8.22166390729103,0.0200227074138689,0.0200227074138689,0.0200227074138689,0.0889316774406693
11.7030101268542,0,0.0664031592294417,0,11.7030101268542,0.0664031592294417,0.0664031592294417,0.0664031592294417,0.0318702419669784
7.36539602284415,0,-0.0247872150245361,0,7.36539602284415,-0.0247872150245361,-0.0247872150245361,-0.0247872150245361,0.114121672795408
9.34902839864339,0,-0.0319037471830898,0,9.34902839864339,-0.0319037471830898,-0.0319037471830898,-0.0319037471830898,0.0353702402159913
12.5616640281909,0,0.00441577973083164,0,12.5616640281909,0.00441577973083164,0.00441577973083164,0.00441577973083164,0.0138459086615911
5.28892335541574,0,-0.0722438218615433,0,5.28892335541574,-0.0722438218615433,-0.0722438218615433,-0.0722438218615433,0.0393158996396484
10.8363107906744,0,-0.028098390818107,0,10.8363107906744,-0.028098390818107,-0.028098390818107,-0.028098390818107,0.071926050301895
11.7003583105711,0,-0.00186774348468509,0,11.7003583105711,-0.00186774348468509,-0.00186774348468509,-0.00186774348468509,0.00589871207554302
14.1717804897526,0,0.027255899623745,0,14.1717804897526,0.027255899623745,0.027255899623745,0.027255899623745,0.0438772018708798
10.4916049522311,0,0.0132463173032987,0,10.4916049522311,0.0132463173032987,0.0132463173032987,0.0132463173032987,0.0267192917518445
12.491172371433,0,0.00616174807970621,0,12.491172371433,0.00616174807970621,0.00616174807970621,0.00616174807970621,0.0405245193389735
31.4129223891295,0,-0.0481702543197104,0,31.4129223891295,-0.0481702543197104,-0.0481702543197104,-0.0481702543197104,0.04354801944707
23.3384346785706,0,0.0173424537425691,0,23.3384346785706,0.0173424537425691,0.0173424537425691,0.0173424537425691,0.0189266195413323
21.0471310356801,0,0.0617673658141888,0,21.0471310356801,0.0617673658141888,0.0617673658141888,0.0617673658141888,0.047052745863464
21.8869961720114,0,0.0899308852467232,0,21.8869961720114,0.0899308852467232,0.0899308852467232,0.0899308852467232,0.0763185175600446
142.027144302285,0,0.0480428181832702,0,142.027144302285,0.0480428181832702,0.0480428181832702,0.0480428181832702,0.0151652887885014
10.8384906759069,0,-0.00221059163205814,0,10.8384906759069,-0.00221059163205814,-0.00221059163205814,-0.00221059163205814,0.0251376149245104
15.7641037476623,0,0.0452974152246685,0,15.7641037476623,0.0452974152246685,0.0452974152246685,0.0452974152246685,0.0222639606786319
14.6925462604222,0,-0.00458452472707301,0,14.6925462604222,-0.00458452472707301,-0.00458452472707301,-0.00458452472707301,0.0444254697733256
10.2495281852881,0,-0.0616339213389004,0,10.2495281852881,-0.0616339213389004,-0.0616339213389004,-0.0616339213389004,0.0343356845562726
11.0161041029769,0,-0.0031766917676102,0,11.0161041029769,-0.0031766917676102,-0.0031766917676102,-0.0031766917676102,0.0522005254908412
12.612078023469,0,-0.0597088928688878,0,12.612078023469,-0.0597088928688878,-0.0597088928688878,-0.0597088928688878,0.0322576765582896
27.9381463268887,0,-0.0196646199066465,0,27.9381463268887,-0.0196646199066465,-0.0196646199066465,-0.0196646199066465,0.0266030945529787
28.4056044215739,0,-0.0234835133541325,0,28.4056044215739,-0.0234835133541325,-0.0234835133541325,-0.0234835133541325,0.0460235649191708
9.44659083119766,0,-0.0979355343768668,0,9.44659083119766,-0.0979355343768668,-0.0979355343768668,-0.0979355343768668,0.106984919191722
10.6319539160187,0,0.00587821668928426,0,10.6319539160187,0.00587821668928426,0.00587821668928426,0.00587821668928426,0.0434639030773943
NA,NA,NA,NA,NA,NA,NA,NA,NA
3.48138260502119,0,-0.0431716232209931,0,3.48138260502119,-0.0431716232209931,-0.0431716232209931,-0.0431716232209931,0.0321818721032191
5.59197431763262,0,-0.0578220526680145,0,5.59197431763262,-0.0578220526680145,-0.0578220526680145,-0.0578220526680145,0.0290843221745671
7.10118523761685,0,-0.0285278978712163,0,7.10118523761685,-0.0285278978712163,-0.0285278978712163,-0.0285278978712163,0.0595492352872805
8.39406695268219,0,0.0167837864563465,0,8.39406695268219,0.0167837864563465,0.0167837864563465,0.0167837864563465,0.0322473662392579
6.68163411954067,0,0.0399525800720857,0,6.68163411954067,0.0399525800720857,0.0399525800720857,0.0399525800720857,0.0632642521725607
10.9419857642508,0,-0.0876235523401562,0,10.9419857642508,-0.0876235523401562,-0.0876235523401562,-0.0876235523401562,0.0336377588977628
9.567453602661,0,-0.0130573193727359,0,9.567453602661,-0.0130573193727359,-0.0130573193727359,-0.0130573193727359,0.0264340771076804
9.56764954052794,0,-0.00578932875863998,0,9.56764954052794,-0.00578932875863998,-0.00578932875863998,-0.00578932875863998,0.0288617279537588
9.58796747981615,0,0.00725905880614161,0,9.58796747981615,0.00725905880614161,0.00725905880614161,0.00725905880614161,0.0422687684348916
10.3415882006709,0,-0.0979591311963027,0,10.3415882006709,-0.0979591311963027,-0.0979591311963027,-0.0979591311963027,0.0379022425227411
9.03381024943225,0,-0.0258591277728825,0,9.03381024943225,-0.0258591277728825,-0.0258591277728825,-0.0258591277728825,0.0210013285642308
7.292171244769,0,0.0214216184583366,0,7.292171244769,0.0214216184583366,0.0214216184583366,0.0214216184583366,0.00787016036700002
10.6567948708008,0,0.0203455428827325,0,10.6567948708008,0.0203455428827325,0.0203455428827325,0.0203455428827325,0.0367174068081082
15.83958844307,0,0.0399832495665445,0,15.83958844307,0.0399832495665445,0.0399832495665445,0.0399832495665445,0.0130470310288665
17.7014293147066,0,0.0234372077444364,0,17.7014293147066,0.0234372077444364,0.0234372077444364,0.0234372077444364,0.0323786122878216
16.016217440795,0,-0.00369944404825601,0,16.016217440795,-0.00369944404825601,-0.00369944404825601,-0.00369944404825601,0.0376637682579198
13.5036026382197,0,0.0260526179813793,0,13.5036026382197,0.0260526179813793,0.0260526179813793,0.0260526179813793,0.0175137052055195
7.84913150076159,0,0.0206892300368871,0,7.84913150076159,0.0206892300368871,0.0206892300368871,0.0206892300368871,0.0125920499284639
11.3110693140974,0,0.00982781565554414,0,11.3110693140974,0.00982781565554414,0.00982781565554414,0.00982781565554414,0.0152975413868066
19.3344521561619,0,-0.0178892890128142,0,19.3344521561619,-0.0178892890128142,-0.0178892890128142,-0.0178892890128142,0.0322365626104049
12.3671082351961,0,0.0210231372322994,0,12.3671082351961,0.0210231372322994,0.0210231372322994,0.0210231372322994,0.0160828742749283
12.3654554745313,0,-0.0686880413546458,0,12.3654554745313,-0.0686880413546458,-0.0686880413546458,-0.0686880413546458,0.0513325050706189
19.2556223171704,0,0.0285945738844167,0,19.2556223171704,0.0285945738844167,0.0285945738844167,0.0285945738844167,0.0139726523520546
34.7312424253189,0,0.00360906084633839,0,34.7312424253189,0.00360906084633839,0.00360906084633839,0.00360906084633839,0.017575833019559
54.7209102152747,0,0.0196726221291343,0,54.7209102152747,0.0196726221291343,0.0196726221291343,0.0196726221291343,0.0109274670854921
11.6997668682815,0,-0.0454216119044559,0,11.6997668682815,-0.0454216119044559,-0.0454216119044559,-0.0454216119044559,0.105318046890987
8.22166390729103,0,0.0200227074138689,0,8.22166390729103,0.0200227074138689,0.0200227074138689,0.0200227074138689,0.0889316774406693
11.7030101268542,0,0.0664031592294417,0,11.7030101268542,0.0664031592294417,0.0664031592294417,0.0664031592294417,0.0318702419669784
7.36539602284415,0,-0.0247872150245361,0,7.36539602284415,-0.0247872150245361,-0.0247872150245361,-0.0247872150245361,0.114121672795408
9.34902839864339,0,-0.0319037471830898,0,9.34902839864339,-0.0319037471830898,-0.0319037471830898,-0.0319037471830898,0.0353702402159913
12.5616640281909,0,0.00441577973083164,0,12.5616640281909,0.00441577973083164,0.00441577973083164,0.00441577973083164,0.0138459086615911
5.28892335541574,0,-0.0722438218615433,0,5.28892335541574,-0.0722438218615433,-0.0722438218615433,-0.0722438218615433,0.0393158996396484
10.8363107906744,0,-0.028098390818107,0,10.8363107906744,-0.028098390818107,-0.028098390818107,-0.028098390818107,0.071926050301895
11.7003583105711,0,-0.00186774348468509,0,11.7003583105711,-0.00186774348468509,-0.00186774348468509,-0.00186774348468509,0.00589871207554302
14.1717804897526,0,0.027255899623745,0,14.1717804897526,0.027255899623745,0.027255899623745,0.027255899623745,0.0438772018708798
10.4916049522311,0,0.0132463173032987,0,10.4916049522311,0.0132463173032987,0.0132463173032987,0.0132463173032987,0.0267192917518445
12.491172371433,0,0.00616174807970621,0,12.491172371433,0.00616174807970621,0.00616174807970621,0.00616174807970621,0.0405245193389735
31.4129223891295,0,-0.0481702543197104,0,31.4129223891295,-0.0481702543197104,-0.0481702543197104,-0.0481702543197104,0.04354801944707
23.3384346785706,0,0.0173424537425691,0,23.3384346785706,0.0173424537425691,0.0173424537425691,0.0173424537425691,0.0189266195413323
21.0471310356801,0,0.0617673658141888,0,21.0471310356801,0.0617673658141888,0.0617673658141888,0.0617673658141888,0.047052745863464
21.8869961720114,0,0.0899308852467232,0,21.8869961720114,0.0899308852467232,0.0899308852467232,0.0899308852467232,0.0763185175600446
142.027144302285,0,0.0480428181832702,0,142.027144302285,0.0480428181832702,0.0480428181832702,0.0480428181832702,0.0151652887885014
10.8384906759069,0,-0.00221059163205814,0,10.8384906759069,-0.00221059163205814,-0.00221059163205814,-0.00221059163205814,0.0251376149245104
15.7641037476623,0,0.0452974152246685,0,15.7641037476623,0.0452974152246685,0.0452974152246685,0.0452974152246685,0.0222639606786319
14.6925462604222,0,-0.00458452472707301,0,14.6925462604222,-0.00458452472707301,-0.00458452472707301,-0.00458452472707301,0.0444254697733256
10.2495281852881,0,-0.0616339213389004,0,10.2495281852881,-0.0616339213389004,-0.0616339213389004,-0.0616339213389004,0.0343356845562726
11.0161041029769,0,-0.0031766917676102,0,11.0161041029769,-0.0031766917676102,-0.0031766917676102,-0.0031766917676102,0.0522005254908412
12.612078023469,0,-0.0597088928688878,0,12.612078023469,-0.0597088928688878,-0.0597088928688878,-0.0597088928688878,0.0322576765582896
27.9381463268887,0,-0.0196646199066465,0,27.9381463268887,-0.0196646199066465,-0.0196646199066465,-0.0196646199066465,0.0266030945529787
28.4056044215739,0,-0.0234835133541325,0,28.4056044215739,-0.0234835133541325,-0.0234835133541325,-0.0234835133541325,0.0460235649191708
9.44659083119766,0,-0.0979355343768668,0,9.44659083119766,-0.0979355343768668,-0.0979355343768668,-0.0979355343768668,0.106984919191722
10.6319539160187,0,0.00587821668928426,0,10.6319539160187,0.00587821668928426,0.00587821668928426,0.00587821668928426,0.0434639030773943
NA,NA,NA,NA,NA,NA,NA,NA,NA
3.48138260502119,0,-0.0431716232209931,0,3.48138260502119,-0.0431716232209931,-0.0431716232209931,-0.0431716232209931,0.0321818721032191
5.59197431763262,0,-0.0578220526680145,0,5.59197431763262,-0.0578220526680145,-0.0578220526680145,-0.0578220526680145,0.0290843221745671
7.10118523761685,0,-0.0285278978712163,0,7.10118523761685,-0.0285278978712163,-0.0285278978712163,-0.0285278978712163,0.0595492352872805
8.39406695268219,0,0.0167837864563465,0,8.39406695268219,0.0167837864563465,0.0167837864563465,0.0167837864563465,0.0322473662392579
6.68163411954067,0,0.0399525800720857,0,6.68163411954067,0.0399525800720857,0.0399525800720857,0.0399525800720857,0.0632642521725607
10.9419857642508,0,-0.0876235523401562,0,10.9419857642508,-0.0876235523401562,-0.0876235523401562,-0.0876235523401562,0.0336377588977628
9.567453602661,0,-0.0130573193727359,0,9.567453602661,-0.0130573193727359,-0.0130573193727359,-0.0130573193727359,0.0264340771076804
9.56764954052794,0,-0.00578932875863998,0,9.56764954052794,-0.00578932875863998,-0.00578932875863998,-0.00578932875863998,0.0288617279537588
9.58796747981615,0,0.00725905880614161,0,9.58796747981615,0.00725905880614161,0.00725905880614161,0.00725905880614161,0.0422687684348916
10.3415882006709,0,-0.0979591311963027,0,10.3415882006709,-0.0979591311963027,-0.0979591311963027,-0.0979591311963027,0.0379022425227411
9.03381024943225,0,-0.0258591277728825,0,9.03381024943225,-0.0258591277728825,-0.0258591277728825,-0.0258591277728825,0.0210013285642308
7.292171244769,0,0.0214216184583366,0,7.292171244769,0.0214216184583366,0.0214216184583366,0.0214216184583366,0.00787016036700002
10.6567948708008,0,0.0203455428827325,0,10.6567948708008,0.0203455428827325,0.0203455428827325,0.0203455428827325,0.0367174068081082
15.83958844307,0,0.0399832495665445,0,15.83958844307,0.0399832495665445,0.0399832495665445,0.0399832495665445,0.0130470310288665
17.7014293147066,0,0.0234372077444364,0,17.7014293147066,0.0234372077444364,0.0234372077444364,0.0234372077444364,0.0323786122878216
16.016217440795,0,-0.00369944404825601,0,16.016217440795,-0.00369944404825601,-0.00369944404825601,-0.00369944404825601,0.0376637682579198
13.5036026382197,0,0.0260526179813793,0,13.5036026382197,0.0260526179813793,0.0260526179813793,0.0260526179813793,0.0175137052055195
7.84913150076159,0,0.0206892300368871,0,7.84913150076159,0.0206892300368871,0.0206892300368871,0.0206892300368871,0.0125920499284639
11.3110693140974,0,0.00982781565554414,0,11.3110693140974,0.00982781565554414,0.00982781565554414,0.00982781565554414,0.0152975413868066
19.3344521561619,0,-0.0178892890128142,0,19.3344521561619,-0.0178892890128142,-0.0178892890128142,-0.0178892890128142,0.0322365626104049
12.3671082351961,0,0.0210231372322994,0,12.3671082351961,0.0210231372322994,0.0210231372322994,0.0210231372322994,0.0160828742749283
12.3654554745313,0,-0.0686880413546458,0,12.3654554745313,-0.0686880413546458,-0.0686880413546458,-0.0686880413546458,0.0513325050706189
19.2556223171704,0,0.0285945738844167,0,19.2556223171704,0.0285945738844167,0.0285945738844167,0.0285945738844167,0.0139726523520546
34.7312424253189,0,0.00360906084633839,0,34.7312424253189,0.00360906084633839,0.00360906084633839,0.00360906084633839,0.017575833019559
54.7209102152747,0,0.0196726221291343,0,54.7209102152747,0.0196726221291343,0.0196726221291343,0.0196726221291343,0.0109274670854921
11.6997668682815,0,-0.0454216119044559,0,11.6997668682815,-0.0454216119044559,-0.0454216119044559,-0.0454216119044559,0.105318046890987
8.22166390729103,0,0.0200227074138689,0,8.22166390729103,0.0200227074138689,0.0200227074138689,0.0200227074138689,0.0889316774406693
11.7030101268542,0,0.0664031592294417,0,11.7030101268542,0.0664031592294417,0.0664031592294417,0.0664031592294417,0.0318702419669784
7.36539602284415,0,-0.0247872150245361,0,7.36539602284415,-0.0247872150245361,-0.0247872150245361,-0.0247872150245361,0.114121672795408
9.34902839864339,0,-0.0319037471830898,0,9.34902839864339,-0.0319037471830898,-0.0319037471830898,-0.0319037471830898,0.0353702402159913
12.5616640281909,0,0.00441577973083164,0,12.5616640281909,0.00441577973083164,0.00441577973083164,0.00441577973083164,0.0138459086615911
5.28892335541574,0,-0.0722438218615433,0,5.28892335541574,-0.0722438218615433,-0.0722438218615433,-0.0722438218615433,0.0393158996396484
10.8363107906744,0,-0.028098390818107,0,10.8363107906744,-0.028098390818107,-0.028098390818107,-0.028098390818107,0.071926050301895
11.7003583105711,0,-0.00186774348468509,0,11.7003583105711,-0.00186774348468509,-0.00186774348468509,-0.00186774348468509,0.00589871207554302
14.1717804897526,0,0.027255899623745,0,14.1717804897526,0.027255899623745,0.027255899623745,0.027255899623745,0.0438772018708798
10.4916049522311,0,0.0132463173032987,0,10.4916049522311,0.0132463173032987,0.0132463173032987,0.0132463173032987,0.0267192917518445
12.491172371433,0,0.00616174807970621,0,12.491172371433,0.00616174807970621,0.00616174807970621,0.00616174807970621,0.0405245193389735
31.4129223891295,0,-0.0481702543197104,0,31.4129223891295,-0.0481702543197104,-0.0481702543197104,-0.0481702543197104,0.04354801944707
23.3384346785706,0,0.0173424537425691,0,23.3384346785706,0.0173424537425691,0.0173424537425691,0.0173424537425691,0.0189266195413323
21.0471310356801,0,0.0617673658141888,0,21.0471310356801,0.0617673658141888,0.0617673658141888,0.0617673658141888,0.047052745863464
21.8869961720114,0,0.0899308852467232,0,21.8869961720114,0.0899308852467232,0.0899308852467232,0.0899308852467232,0.0763185175600446
142.027144302285,0,0.0480428181832702,0,142.027144302285,0.0480428181832702,0.0480428181832702,0.0480428181832702,0.0151652887885014
10.8384906759069,0,-0.00221059163205814,0,10.8384906759069,-0.00221059163205814,-0.00221059163205814,-0.00221059163205814,0.0251376149245104
15.7641037476623,0,0.0452974152246685,0,15.7641037476623,0.0452974152246685,0.0452974152246685,0.0452974152246685,0.0222639606786319
14.6925462604222,0,-0.00458452472707301,0,14.6925462604222,-0.00458452472707301,-0.00458452472707301,-0.00458452472707301,0.0444254697733256
10.2495281852881,0,-0.0616339213389004,0,10.2495281852881,-0.0616339213389004,-0.0616339213389004,-0.0616339213389004,0.0343356845562726
11.0161041029769,0,-0.0031766917676102,0,11.0161041029769,-0.0031766917676102,-0.0031766917676102,-0.0031766917676102,0.0522005254908412
12.612078023469,0,-0.0597088928688878,0,12.612078023469,-0.0597088928688878,-0.0597088928688878,-0.0597088928688878,0.0322576765582896
27.9381463268887,0,-0.0196646199066465,0,27.9381463268887,-0.0196646199066465,-0.0196646199066465,-0.0196646199066465,0.0266030945529787
28.4056044215739,0,-0.0234835133541325,0,28.4056044215739,-0.0234835133541325,-0.0234835133541325,-0.0234835133541325,0.0460235649191708
9.44659083119766,0,-0.0979355343768668,0,9.44659083119766,-0.0979355343768668,-0.0979355343768668,-0.0979355343768668,0.106984919191722
10.6319539160187,0,0.00587821668928426,0,10.6319539160187,0.00587821668928426,0.00587821668928426,0.00587821668928426,0.0434639030773943
NA,NA,NA,NA,NA,NA,NA,NA,NA
3.48138260502119,0,-0.0431716232209931,0,3.48138260502119,-0.0431716232209931,-0.0431716232209931,-0.0431716232209931,0.0321818721032191
5.59197431763262,0,-0.0578220526680145,0,5.59197431763262,-0.0578220526680145,-0.0578220526680145,-0.0578220526680145,0.0290843221745671
7.10118523761685,0,-0.0285278978712163,0,7.10118523761685,-0.0285278978712163,-0.0285278978712163,-0.0285278978712163,0.0595492352872805
8.39406695268219,0,0.0167837864563465,0,8.39406695268219,0.0167837864563465,0.0167837864563465,0.0167837864563465,0.0322473662392579
6.68163411954067,0,0.0399525800720857,0,6.68163411954067,0.0399525800720857,0.0399525800720857,0.0399525800720857,0.0632642521725607
10.9419857642508,0,-0.0876235523401562,0,10.9419857642508,-0.0876235523401562,-0.0876235523401562,-0.0876235523401562,0.0336377588977628
9.567453602661,0,-0.0130573193727359,0,9.567453602661,-0.0130573193727359,-0.0130573193727359,-0.0130573193727359,0.0264340771076804
9.56764954052794,0,-0.00578932875863998,0,9.56764954052794,-0.00578932875863998,-0.00578932875863998,-0.00578932875863998,0.0288617279537588
9.58796747981615,0,0.00725905880614161,0,9.58796747981615,0.00725905880614161,0.00725905880614161,0.00725905880614161,0.0422687684348916
10.3415882006709,0,-0.0979591311963027,0,10.3415882006709,-0.0979591311963027,-0.0979591311963027,-0.0979591311963027,0.0379022425227411
9.03381024943225,0,-0.0258591277728825,0,9.03381024943225,-0.0258591277728825,-0.0258591277728825,-0.0258591277728825,0.0210013285642308
7.292171244769,0,0.0214216184583366,0,7.292171244769,0.0214216184583366,0.0214216184583366,0.0214216184583366,0.00787016036700002
10.6567948708008,0,0.0203455428827325,0,10.6567948708008,0.0203455428827325,0.0203455428827325,0.0203455428827325,0.0367174068081082
15.83958844307,0,0.0399832495665445,0,15.83958844307,0.0399832495665445,0.0399832495665445,0.0399832495665445,0.0130470310288665
17.7014293147066,0,0.0234372077444364,0,17.7014293147066,0.0234372077444364,0.0234372077444364,0.0234372077444364,0.0323786122878216
16.016217440795,0,-0.00369944404825601,0,16.016217440795,-0.00369944404825601,-0.00369944404825601,-0.00369944404825601,0.0376637682579198
13.5036026382197,0,0.0260526179813793,0,13.5036026382197,0.0260526179813793,0.0260526179813793,0.0260526179813793,0.0175137052055195
7.84913150076159,0,0.0206892300368871,0,7.84913150076159,0.0206892300368871,0.0206892300368871,0.0206892300368871,0.0125920499284639
11.3110693140974,0,0.00982781565554414,0,11.3110693140974,0.00982781565554414,0.00982781565554414,0.00982781565554414,0.0152975413868066
19.3344521561619,0,-0.0178892890128142,0,19.3344521561619,-0.0178892890128142,-0.0178892890128142,-0.0178892890128142,0.0322365626104049
12.3671082351961,0,0.0210231372322994,0,12.3671082351961,0.0210231372322994,0.0210231372322994,0.0210231372322994,0.0160828742749283
12.3654554745313,0,-0.0686880413546458,0,12.3654554745313,-0.0686880413546458,-0.0686880413546458,-0.0686880413546458,0.0513325050706189
19.2556223171704,0,0.0285945738844167,0,19.2556223171704,0.0285945738844167,0.0285945738844167,0.0285945738844167,0.0139726523520546
34.7312424253189,0,0.00360906084633839,0,34.7312424253189,0.00360906084633839,0.00360906084633839,0.00360906084633839,0.017575833019559
54.7209102152747,0,0.0196726221291343,0,54.7209102152747,0.0196726221291343,0.0196726221291343,0.0196726221291343,0.0109274670854921
11.6997668682815,0,-0.0454216119044559,0,11.6997668682815,-0.0454216119044559,-0.0454216119044559,-0.0454216119044559,0.105318046890987
8.22166390729103,0,0.0200227074138689,0,8.22166390729103,0.0200227074138689,0.0200227074138689,0.0200227074138689,0.0889316774406693
11.7030101268542,0,0.0664031592294417,0,11.7030101268542,0.0664031592294417,0.0664031592294417,0.0664031592294417,0.0318702419669784
7.36539602284415,0,-0.0247872150245361,0,7.36539602284415,-0.0247872150245361,-0.0247872150245361,-0.0247872150245361,0.114121672795408
9.34902839864339,0,-0.0319037471830898,0,9.34902839864339,-0.0319037471830898,-0.0319037471830898,-0.0319037471830898,0.0353702402159913
12.5616640281909,0,0.00441577973083164,0,12.5616640281909,0.00441577973083164,0.00441577973083164,0.00441577973083164,0.0138459086615911
5.28892335541574,0,-0.0722438218615433,0,5.28892335541574,-0.0722438218615433,-0.0722438218615433,-0.0722438218615433,0.0393158996396484
10.8363107906744,0,-0.028098390818107,0,10.8363107906744,-0.028098390818107,-0.028098390818107,-0.028098390818107,0.071926050301895
11.7003583105711,0,-0.00186774348468509,0,11.7003583105711,-0.00186774348468509,-0.00186774348468509,-0.00186774348468509,0.00589871207554302
14.1717804897526,0,0.027255899623745,0,14.1717804897526,0.027255899623745,0.027255899623745,0.027255899623745,0.0438772018708798
10.4916049522311,0,0.0132463173032987,0,10.4916049522311,0.0132463173032987,0.0132463173032987,0.0132463173032987,0.0267192917518445
12.491172371433,0,0.00616174807970621,0,12.491172371433,0.00616174807970621,0.00616174807970621,0.00616174807970621,0.0405245193389735
31.4129223891295,0,-0.0481702543197104,0,31.4129223891295,-0.0481702543197104,-0.0481702543197104,-0.0481702543197104,0.04354801944707
23.3384346785706,0,0.0173424537425691,0,23.3384346785706,0.0173424537425691,0.0173424537425691,0.0173424537425691,0.0189266195413323
21.0471310356801,0,0.0617673658141888,0,21.0471310356801,0.0617673658141888,0.0617673658141888,0.0617673658141888,0.047052745863464
21.8869961720114,0,0.0899308852467232,0,21.8869961720114,0.0899308852467232,0.0899308852467232,0.0899308852467232,0.0763185175600446
142.027144302285,0,0.0480428181832702,0,142.027144302285,0.0480428181832702,0.0480428181832702,0.0480428181832702,0.0151652887885014
10.8384906759069,0,-0.00221059163205814,0,10.8384906759069,-0.00221059163205814,-0.00221059163205814,-0.00221059163205814,0.0251376149245104
15.3983817607889,0,0.00875331277188317,0,15.3983817607889,0.00875331277188317,0.00875331277188317,0.00875331277188317,0.0553131630412198
14.6925462604222,0,-0.00458452472707301,0,14.6925462604222,-0.00458452472707301,-0.00458452472707301,-0.00458452472707301,0.0444254697733256
10.2495281852881,0,-0.0616339213389004,0,10.2495281852881,-0.0616339213389004,-0.0616339213389004,-0.0616339213389004,0.0343356845562726
11.0161041029769,0,-0.0031766917676102,0,11.0161041029769,-0.0031766917676102,-0.0031766917676102,-0.0031766917676102,0.0522005254908412
12.612078023469,0,-0.0597088928688878,0,12.612078023469,-0.0597088928688878,-0.0597088928688878,-0.0597088928688878,0.0322576765582896
27.9381463268887,0,-0.0196646199066465,0,27.9381463268887,-0.0196646199066465,-0.0196646199066465,-0.0196646199066465,0.0266030945529787
28.4056044215739,0,-0.0234835133541325,0,28.4056044215739,-0.0234835133541325,-0.0234835133541325,-0.0234835133541325,0.0460235649191708
9.44659083119766,0,-0.0979355343768668,0,9.44659083119766,-0.0979355343768668,-0.0979355343768668,-0.0979355343768668,0.106984919191722
10.6319539160187,0,0.00587821668928426,0,10.6319539160187,0.00587821668928426,0.00587821668928426,0.00587821668928426,0.0434639030773943
NA,NA,NA,NA,NA,NA,NA,NA,NA
3.48138260502119,0,-0.0431716232209931,0,3.48138260502119,-0.0431716232209931,-0.0431716232209931,-0.0431716232209931,0.0321818721032191
5.59197431763262,0,-0.0578220526680145,0,5.59197431763262,-0.0578220526680145,-0.0578220526680145,-0.0578220526680145,0.0290843221745671
7.10118523761685,0,-0.0285278978712163,0,7.10118523761685,-0.0285278978712163,-0.0285278978712163,-0.0285278978712163,0.0595492352872805
8.39406695268219,0,0.0167837864563465,0,8.39406695268219,0.0167837864563465,0.0167837864563465,0.0167837864563465,0.0322473662392579
6.68163411954067,0,0.0399525800720857,0,6.68163411954067,0.0399525800720857,0.0399525800720857,0.0399525800720857,0.0632642521725607
10.9419857642508,0,-0.0876235523401562,0,10.9419857642508,-0.0876235523401562,-0.0876235523401562,-0.0876235523401562,0.0336377588977628
9.567453602661,0,-0.0130573193727359,0,9.567453602661,-0.0130573193727359,-0.0130573193727359,-0.0130573193727359,0.0264340771076804
9.56764954052794,0,-0.00578932875863998,0,9.56764954052794,-0.00578932875863998,-0.00578932875863998,-0.00578932875863998,0.0288617279537588
9.58796747981615,0,0.00725905880614161,0,9.58796747981615,0.00725905880614161,0.00725905880614161,0.00725905880614161,0.0422687684348916
10.3415882006709,0,-0.0979591311963027,0,10.3415882006709,-0.0979591311963027,-0.0979591311963027,-0.0979591311963027,0.0379022425227411
9.03381024943225,0,-0.0258591277728825,0,9.03381024943225,-0.0258591277728825,-0.0258591277728825,-0.0258591277728825,0.0210013285642308
7.292171244769,0,0.0214216184583366,0,7.292171244769,0.0214216184583366,0.0214216184583366,0.0214216184583366,0.00787016036700002
10.6567948708008,0,0.0203455428827325,0,10.6567948708008,0.0203455428827325,0.0203455428827325,0.0203455428827325,0.0367174068081082
15.83958844307,0,0.0399832495665445,0,15.83958844307,0.0399832495665445,0.0399832495665445,0.0399832495665445,0.0130470310288665
17.7014293147066,0,0.0234372077444364,0,17.7014293147066,0.0234372077444364,0.0234372077444364,0.0234372077444364,0.0323786122878216
16.016217440795,0,-0.00369944404825601,0,16.016217440795,-0.00369944404825601,-0.00369944404825601,-0.00369944404825601,0.0376637682579198
13.5036026382197,0,0.0260526179813793,0,13.5036026382197,0.0260526179813793,0.0260526179813793,0.0260526179813793,0.0175137052055195
7.84913150076159,0,0.0206892300368871,0,7.84913150076159,0.0206892300368871,0.0206892300368871,0.0206892300368871,0.0125920499284639
11.3110693140974,0,0.00982781565554414,0,11.3110693140974,0.00982781565554414,0.00982781565554414,0.00982781565554414,0.0152975413868066
19.3344521561619,0,-0.0178892890128142,0,19.3344521561619,-0.0178892890128142,-0.0178892890128142,-0.0178892890128142,0.0322365626104049
12.3671082351961,0,0.0210231372322994,0,12.3671082351961,0.0210231372322994,0.0210231372322994,0.0210231372322994,0.0160828742749283
12.3654554745313,0,-0.0686880413546458,0,12.3654554745313,-0.0686880413546458,-0.0686880413546458,-0.0686880413546458,0.0513325050706189
19.2556223171704,0,0.0285945738844167,0,19.2556223171704,0.0285945738844167,0.0285945738844167,0.0285945738844167,0.0139726523520546
34.7312424253189,0,0.00360906084633839,0,34.7312424253189,0.00360906084633839,0.00360906084633839,0.00360906084633839,0.017575833019559
54.7209102152747,0,0.0196726221291343,0,54.7209102152747,0.0196726221291343,0.0196726221291343,0.0196726221291343,0.0109274670854921
11.6997668682815,0,-0.0454216119044559,0,11.6997668682815,-0.0454216119044559,-0.0454216119044559,-0.0454216119044559,0.105318046890987
8.22166390729103,0,0.0200227074138689,0,8.22166390729103,0.0200227074138689,0.0200227074138689,0.0200227074138689,0.0889316774406693
11.7030101268542,0,0.0664031592294417,0,11.7030101268542,0.0664031592294417,0.0664031592294417,0.0664031592294417,0.0318702419669784
7.36539602284415,0,-0.0247872150245361,0,7.36539602284415,-0.0247872150245361,-0.0247872150245361,-0.0247872150245361,0.114121672795408
9.34902839864339,0,-0.0319037471830898,0,9.34902839864339,-0.0319037471830898,-0.0319037471830898,-0.0319037471830898,0.0353702402159913
12.5616640281909,0,0.00441577973083164,0,12.5616640281909,0.00441577973083164,0.00441577973083164,0.00441577973083164,0.0138459086615911
5.28892335541574,0,-0.0722438218615433,0,5.28892335541574,-0.0722438218615433,-0.0722438218615433,-0.0722438218615433,0.0393158996396484
10.8363107906744,0,-0.028098390818107,0,10.8363107906744,-0.028098390818107,-0.028098390818107,-0.028098390818107,0.071926050301895
11.7003583105711,0,-0.00186774348468509,0,11.7003583105711,-0.00186774348468509,-0.00186774348468509,-0.00186774348468509,0.00589871207554302
14.1717804897526,0,0.027255899623745,0,14.1717804897526,0.027255899623745,0.027255899623745,0.027255899623745,0.0438772018708798
10.4916049522311,0,0.0132463173032987,0,10.4916049522311,0.0132463173032987,0.0132463173032987,0.0132463173032987,0.0267192917518445
12.491172371433,0,0.00616174807970621,0,12.491172371433,0.00616174807970621,0.00616174807970621,0.00616174807970621,0.0405245193389735
31.4129223891295,0,-0.0481702543197104,0,31.4129223891295,-0.0481702543197104,-0.0481702543197104,-0.0481702543197104,0.04354801944707
23.3384346785706,0,0.0173424537425691,0,23.3384346785706,0.0173424537425691,0.0173424537425691,0.0173424537425691,0.0189266195413323
21.0471310356801,0,0.0617673658141888,0,21.0471310356801,0.0617673658141888,0.0617673658141888,0.0617673658141888,0.047052745863464
21.8869961720114,0,0.0899308852467232,0,21.8869961720114,0.0899308852467232,0.0899308852467232,0.0899308852467232,0.0763185175600446
142.027144302285,0,0.0480428181832702,0,142.027144302285,0.0480428181832702,0.0480428181832702,0.0480428181832702,0.0151652887885014
10.8384906759069,0,-0.00221059163205814,0,10.8384906759069,-0.00221059163205814,-0.00221059163205814,-0.00221059163205814,0.0251376149245104
15.3983817607889,0,0.00875331277188317,0,15.3983817607889,0.00875331277188317,0.00875331277188317,0.00875331277188317,0.0553131630412198
14.6925462604222,0,-0.00458452472707301,0,14.6925462604222,-0.00458452472707301,-0.00458452472707301,-0.00458452472707301,0.0444254697733256
8.14116878127968,0,0.0313541787643274,0,8.14116878127968,0.0313541787643274,0.0313541787643274,0.0313541787643274,0.0267464950236586
11.0161041029769,0,-0.0031766917676102,0,11.0161041029769,-0.0031766917676102,-0.0031766917676102,-0.0031766917676102,0.0522005254908412
12.612078023469,0,-0.0597088928688878,0,12.612078023469,-0.0597088928688878,-0.0597088928688878,-0.0597088928688878,0.0322576765582896
27.9381463268887,0,-0.0196646199066465,0,27.9381463268887,-0.0196646199066465,-0.0196646199066465,-0.0196646199066465,0.0266030945529787
28.4056044215739,0,-0.0234835133541325,0,28.4056044215739,-0.0234835133541325,-0.0234835133541325,-0.0234835133541325,0.0460235649191708
9.44659083119766,0,-0.0979355343768668,0,9.44659083119766,-0.0979355343768668,-0.0979355343768668,-0.0979355343768668,0.106984919191722
10.6319539160187,0,0.00587821668928426,0,10.6319539160187,0.00587821668928426,0.00587821668928426,0.00587821668928426,0.0434639030773943
NA,NA,NA,NA,NA,NA,NA,NA,NA
3.48138260502119,0,-0.0431716232209931,0,3.48138260502119,-0.0431716232209931,-0.0431716232209931,-0.0431716232209931,0.0321818721032191
5.59197431763262,0,-0.0578220526680145,0,5.59197431763262,-0.0578220526680145,-0.0578220526680145,-0.0578220526680145,0.0290843221745671
7.10118523761685,0,-0.0285278978712163,0,7.10118523761685,-0.0285278978712163,-0.0285278978712163,-0.0285278978712163,0.0595492352872805
8.39406695268219,0,0.0167837864563465,0,8.39406695268219,0.0167837864563465,0.0167837864563465,0.0167837864563465,0.0322473662392579
6.68163411954067,0,0.0399525800720857,0,6.68163411954067,0.0399525800720857,0.0399525800720857,0.0399525800720857,0.0632642521725607
10.9419857642508,0,-0.0876235523401562,0,10.9419857642508,-0.0876235523401562,-0.0876235523401562,-0.0876235523401562,0.0336377588977628
9.567453602661,0,-0.0130573193727359,0,9.567453602661,-0.0130573193727359,-0.0130573193727359,-0.0130573193727359,0.0264340771076804
9.56764954052794,0,-0.00578932875863998,0,9.56764954052794,-0.00578932875863998,-0.00578932875863998,-0.00578932875863998,0.0288617279537588
9.58796747981615,0,0.00725905880614161,0,9.58796747981615,0.00725905880614161,0.00725905880614161,0.00725905880614161,0.0422687684348916
10.3415882006709,0,-0.0979591311963027,0,10.3415882006709,-0.0979591311963027,-0.0979591311963027,-0.0979591311963027,0.0379022425227411
9.03381024943225,0,-0.0258591277728825,0,9.03381024943225,-0.0258591277728825,-0.0258591277728825,-0.0258591277728825,0.0210013285642308
7.292171244769,0,0.0214216184583366,0,7.292171244769,0.0214216184583366,0.0214216184583366,0.0214216184583366,0.00787016036700002
10.6567948708008,0,0.0203455428827325,0,10.6567948708008,0.0203455428827325,0.0203455428827325,0.0203455428827325,0.0367174068081082
15.83958844307,0,0.0399832495665445,0,15.83958844307,0.0399832495665445,0.0399832495665445,0.0399832495665445,0.0130470310288665
17.7014293147066,0,0.0234372077444364,0,17.7014293147066,0.0234372077444364,0.0234372077444364,0.0234372077444364,0.0323786122878216
16.016217440795,0,-0.00369944404825601,0,16.016217440795,-0.00369944404825601,-0.00369944404825601,-0.00369944404825601,0.0376637682579198
13.5036026382197,0,0.0260526179813793,0,13.5036026382197,0.0260526179813793,0.0260526179813793,0.0260526179813793,0.0175137052055195
13.9836050997556,0,-0.0596374353307077,0,13.9836050997556,-0.0596374353307077,-0.0596374353307077,-0.0596374353307077,0.0260159424457815
11.3110693140974,0,0.00982781565554414,0,11.3110693140974,0.00982781565554414,0.00982781565554414,0.00982781565554414,0.0152975413868066
19.3344521561619,0,-0.0178892890128142,0,19.3344521561619,-0.0178892890128142,-0.0178892890128142,-0.0178892890128142,0.0322365626104049
12.3671082351961,0,0.0210231372322994,0,12.3671082351961,0.0210231372322994,0.0210231372322994,0.0210231372322994,0.0160828742749283
12.3654554745313,0,-0.0686880413546458,0,12.3654554745313,-0.0686880413546458,-0.0686880413546458,-0.0686880413546458,0.0513325050706189
19.2556223171704,0,0.0285945738844167,0,19.2556223171704,0.0285945738844167,0.0285945738844167,0.0285945738844167,0.0139726523520546
34.7312424253189,0,0.00360906084633839,0,34.7312424253189,0.00360906084633839,0.00360906084633839,0.00360906084633839,0.017575833019559
54.7209102152747,0,0.0196726221291343,0,54.7209102152747,0.0196726221291343,0.0196726221291343,0.0196726221291343,0.0109274670854921
11.6997668682815,0,-0.0454216119044559,0,11.6997668682815,-0.0454216119044559,-0.0454216119044559,-0.0454216119044559,0.105318046890987
8.22166390729103,0,0.0200227074138689,0,8.22166390729103,0.0200227074138689,0.0200227074138689,0.0200227074138689,0.0889316774406693
11.7030101268542,0,0.0664031592294417,0,11.7030101268542,0.0664031592294417,0.0664031592294417,0.0664031592294417,0.0318702419669784
7.36539602284415,0,-0.0247872150245361,0,7.36539602284415,-0.0247872150245361,-0.0247872150245361,-0.0247872150245361,0.114121672795408
9.34902839864339,0,-0.0319037471830898,0,9.34902839864339,-0.0319037471830898,-0.0319037471830898,-0.0319037471830898,0.0353702402159913
12.5616640281909,0,0.00441577973083164,0,12.5616640281909,0.00441577973083164,0.00441577973083164,0.00441577973083164,0.0138459086615911
5.28892335541574,0,-0.0722438218615433,0,5.28892335541574,-0.0722438218615433,-0.0722438218615433,-0.0722438218615433,0.0393158996396484
10.8363107906744,0,-0.028098390818107,0,10.8363107906744,-0.028098390818107,-0.028098390818107,-0.028098390818107,0.071926050301895
11.7003583105711,0,-0.00186774348468509,0,11.7003583105711,-0.00186774348468509,-0.00186774348468509,-0.00186774348468509,0.00589871207554302
14.1717804897526,0,0.027255899623745,0,14.1717804897526,0.027255899623745,0.027255899623745,0.027255899623745,0.0438772018708798
10.4916049522311,0,0.0132463173032987,0,10.4916049522311,0.0132463173032987,0.0132463173032987,0.0132463173032987,0.0267192917518445
12.491172371433,0,0.00616174807970621,0,12.491172371433,0.00616174807970621,0.00616174807970621,0.00616174807970621,0.0405245193389735
31.4129223891295,0,-0.0481702543197104,0,31.4129223891295,-0.0481702543197104,-0.0481702543197104,-0.0481702543197104,0.04354801944707
23.3384346785706,0,0.0173424537425691,0,23.3384346785706,0.0173424537425691,0.0173424537425691,0.0173424537425691,0.0189266195413323
21.0471310356801,0,0.0617673658141888,0,21.0471310356801,0.0617673658141888,0.0617673658141888,0.0617673658141888,0.047052745863464
21.8869961720114,0,0.0899308852467232,0,21.8869961720114,0.0899308852467232,0.0899308852467232,0.0899308852467232,0.0763185175600446
142.027144302285,0,0.0480428181832702,0,142.027144302285,0.0480428181832702,0.0480428181832702,0.0480428181832702,0.0151652887885014
10.8384906759069,0,-0.00221059163205814,0,10.8384906759069,-0.00221059163205814,-0.00221059163205814,-0.00221059163205814,0.0251376149245104
15.3983817607889,0,0.00875331277188317,0,15.3983817607889,0.00875331277188317,0.00875331277188317,0.00875331277188317,0.0553131630412198
14.6925462604222,0,-0.00458452472707301,0,14.6925462604222,-0.00458452472707301,-0.00458452472707301,-0.00458452472707301,0.0444254697733256
8.14116878127968,0,0.0313541787643274,0,8.14116878127968,0.0313541787643274,0.0313541787643274,0.0313541787643274,0.0267464950236586
11.0161041029769,0,-0.0031766917676102,0,11.0161041029769,-0.0031766917676102,-0.0031766917676102,-0.0031766917676102,0.0522005254908412
12.612078023469,0,-0.0597088928688878,0,12.612078023469,-0.0597088928688878,-0.0597088928688878,-0.0597088928688878,0.0322576765582896
27.9381463268887,0,-0.0196646199066465,0,27.9381463268887,-0.0196646199066465,-0.0196646199066465,-0.0196646199066465,0.0266030945529787
28.4056044215739,0,-0.0234835133541325,0,28.4056044215739,-0.0234835133541325,-0.0234835133541325,-0.0234835133541325,0.0460235649191708
9.44659083119766,0,-0.0979355343768668,0,9.44659083119766,-0.0979355343768668,-0.0979355343768668,-0.0979355343768668,0.106984919191722
10.6319539160187,0,0.00587821668928426,0,10.6319539160187,0.00587821668928426,0.00587821668928426,0.00587821668928426,0.0434639030773943
NA,NA,NA,NA,NA,NA,NA,NA,NA
3.48138260502119,0,-0.0431716232209931,0,3.48138260502119,-0.0431716232209931,-0.0431716232209931,-0.0431716232209931,0.0321818721032191
5.59197431763262,0,-0.0578220526680145,0,5.59197431763262,-0.0578220526680145,-0.0578220526680145,-0.0578220526680145,0.0290843221745671
7.10118523761685,0,-0.0285278978712163,0,7.10118523761685,-0.0285278978712163,-0.0285278978712163,-0.0285278978712163,0.0595492352872805
8.39406695268219,0,0.0167837864563465,0,8.39406695268219,0.0167837864563465,0.0167837864563465,0.0167837864563465,0.0322473662392579
6.68163411954067,0,0.0399525800720857,0,6.68163411954067,0.0399525800720857,0.0399525800720857,0.0399525800720857,0.0632642521725607
10.9419857642508,0,-0.0876235523401562,0,10.9419857642508,-0.0876235523401562,-0.0876235523401562,-0.0876235523401562,0.0336377588977628
9.567453602661,0,-0.0130573193727359,0,9.567453602661,-0.0130573193727359,-0.0130573193727359,-0.0130573193727359,0.0264340771076804
9.56764954052794,0,-0.00578932875863998,0,9.56764954052794,-0.00578932875863998,-0.00578932875863998,-0.00578932875863998,0.0288617279537588
9.58796747981615,0,0.00725905880614161,0,9.58796747981615,0.00725905880614161,0.00725905880614161,0.00725905880614161,0.0422687684348916
10.3415882006709,0,-0.0979591311963027,0,10.3415882006709,-0.0979591311963027,-0.0979591311963027,-0.0979591311963027,0.0379022425227411
9.03381024943225,0,-0.0258591277728825,0,9.03381024943225,-0.0258591277728825,-0.0258591277728825,-0.0258591277728825,0.0210013285642308
7.292171244769,0,0.0214216184583366,0,7.292171244769,0.0214216184583366,0.0214216184583366,0.0214216184583366,0.00787016036700002
10.6567948708008,0,0.0203455428827325,0,10.6567948708008,0.0203455428827325,0.0203455428827325,0.0203455428827325,0.0367174068081082
15.83958844307,0,0.0399832495665445,0,15.83958844307,0.0399832495665445,0.0399832495665445,0.0399832495665445,0.0130470310288665
17.7014293147066,0,0.0234372077444364,0,17.7014293147066,0.0234372077444364,0.0234372077444364,0.0234372077444364,0.0323786122878216
16.016217440795,0,-0.00369944404825601,0,16.016217440795,-0.00369944404825601,-0.00369944404825601,-0.00369944404825601,0.0376637682579198
13.5036026382197,0,0.0260526179813793,0,13.5036026382197,0.0260526179813793,0.0260526179813793,0.0260526179813793,0.0175137052055195
13.9836050997556,0,-0.0596374353307077,0,13.9836050997556,-0.0596374353307077,-0.0596374353307077,-0.0596374353307077,0.0260159424457815
11.3110693140974,0,0.00982781565554414,0,11.3110693140974,0.00982781565554414,0.00982781565554414,0.00982781565554414,0.0152975413868066
19.3344521561619,0,-0.0178892890128142,0,19.3344521561619,-0.0178892890128142,-0.0178892890128142,-0.0178892890128142,0.0322365626104049
12.3671082351961,0,0.0210231372322994,0,12.3671082351961,0.0210231372322994,0.0210231372322994,0.0210231372322994,0.0160828742749283
12.3654554745313,0,-0.0686880413546458,0,12.3654554745313,-0.0686880413546458,-0.0686880413546458,-0.0686880413546458,0.0513325050706189
19.2556223171704,0,0.0285945738844167,0,19.2556223171704,0.0285945738844167,0.0285945738844167,0.0285945738844167,0.0139726523520546
34.7312424253189,0,0.00360906084633839,0,34.7312424253189,0.00360906084633839,0.00360906084633839,0.00360906084633839,0.017575833019559
54.7209102152747,0,0.0196726221291343,0,54.7209102152747,0.0196726221291343,0.0196726221291343,0.0196726221291343,0.0109274670854921
11.6997668682815,0,-0.0454216119044559,0,11.6997668682815,-0.0454216119044559,-0.0454216119044559,-0.0454216119044559,0.105318046890987
8.22166390729103,0,0.0200227074138689,0,8.22166390729103,0.0200227074138689,0.0200227074138689,0.0200227074138689,0.0889316774406693
11.7030101268542,0,0.0664031592294417,0,11.7030101268542,0.0664031592294417,0.0664031592294417,0.0664031592294417,0.0318702419669784
7.36539602284415,0,-0.0247872150245361,0,7.36539602284415,-0.0247872150245361,-0.0247872150245361,-0.0247872150245361,0.114121672795408
9.34902839864339,0,-0.0319037471830898,0,9.34902839864339,-0.0319037471830898,-0.0319037471830898,-0.0319037471830898,0.0353702402159913
12.5616640281909,0,0.00441577973083164,0,12.5616640281909,0.00441577973083164,0.00441577973083164,0.00441577973083164,0.0138459086615911
5.28892335541574,0,-0.0722438218615433,0,5.28892335541574,-0.0722438218615433,-0.0722438218615433,-0.0722438218615433,0.0393158996396484
10.8363107906744,0,-0.028098390818107,0,10.8363107906744,-0.028098390818107,-0.028098390818107,-0.028098390818107,0.071926050301895
11.7003583105711,0,-0.00186774348468509,0,11.7003583105711,-0.00186774348468509,-0.00186774348468509,-0.00186774348468509,0.00589871207554302
14.1717804897526,0,0.027255899623745,0,14.1717804897526,0.027255899623745,0.027255899623745,0.027255899623745,0.0438772018708798
10.4916049522311,0,0.0132463173032987,0,10.4916049522311,0.0132463173032987,0.0132463173032987,0.0132463173032987,0.0267192917518445
12.491172371433,0,0.00616174807970621,0,12.491172371433,0.00616174807970621,0.00616174807970621,0.00616174807970621,0.0405245193389735
31.4129223891295,0,-0.0481702543197104,0,31.4129223891295,-0.0481702543197104,-0.0481702543197104,-0.0481702543197104,0.04354801944707
23.3384346785706,0,0.0173424537425691,0,23.3384346785706,0.0173424537425691,0.0173424537425691,0.0173424537425691,0.0189266195413323
21.0471310356801,0,0.0617673658141888,0,21.0471310356801,0.0617673658141888,0.0617673658141888,0.0617673658141888,0.047052745863464
21.8869961720114,0,0.0899308852467232,0,21.8869961720114,0.0899308852467232,0.0899308852467232,0.0899308852467232,0.0763185175600446
142.027144302285,0,0.0480428181832702,0,142.027144302285,0.0480428181832702,0.0480428181832702,0.0480428181832702,0.0151652887885014
10.8384906759069,0,-0.00221059163205814,0,10.8384906759069,-0.00221059163205814,-0.00221059163205814,-0.00221059163205814,0.0251376149245104
15.3983817607889,0,0.00875331277188317,0,15.3983817607889,0.00875331277188317,0.00875331277188317,0.00875331277188317,0.0553131630412198
14.6925462604222,0,-0.00458452472707301,0,14.6925462604222,-0.00458452472707301,-0.00458452472707301,-0.00458452472707301,0.0444254697733256
8.14116878127968,0,0.0313541787643274,0,8.14116878127968,0.0313541787643274,0.0313541787643274,0.0313541787643274,0.0267464950236586
11.0161041029769,0,-0.0031766917676102,0,11.0161041029769,-0.0031766917676102,-0.0031766917676102,-0.0031766917676102,0.0522005254908412
12.612078023469,0,-0.0597088928688878,0,12.612078023469,-0.0597088928688878,-0.0597088928688878,-0.0597088928688878,0.0322576765582896
27.9381463268887,0,-0.0196646199066465,0,27.9381463268887,-0.0196646199066465,-0.0196646199066465,-0.0196646199066465,0.0266030945529787
28.4056044215739,0,-0.0234835133541325,0,28.4056044215739,-0.0234835133541325,-0.0234835133541325,-0.0234835133541325,0.0460235649191708
9.44659083119766,0,-0.0979355343768668,0,9.44659083119766,-0.0979355343768668,-0.0979355343768668,-0.0979355343768668,0.106984919191722
10.6319539160187,0,0.00587821668928426,0,10.6319539160187,0.00587821668928426,0.00587821668928426,0.00587821668928426,0.0434639030773943
NA,NA,NA,NA,NA,NA,NA,NA,NA
3.48138260502119,0,-0.0431716232209931,0,3.48138260502119,-0.0431716232209931,-0.0431716232209931,-0.0431716232209931,0.0321818721032191
5.59197431763262,0,-0.0578220526680145,0,5.59197431763262,-0.0578220526680145,-0.0578220526680145,-0.0578220526680145,0.0290843221745671
7.10118523761685,0,-0.0285278978712163,0,7.10118523761685,-0.0285278978712163,-0.0285278978712163,-0.0285278978712163,0.0595492352872805
8.39406695268219,0,0.0167837864563465,0,8.39406695268219,0.0167837864563465,0.0167837864563465,0.0167837864563465,0.0322473662392579
6.68163411954067,0,0.0399525800720857,0,6.68163411954067,0.0399525800720857,0.0399525800720857,0.0399525800720857,0.0632642521725607
10.9419857642508,0,-0.0876235523401562,0,10.9419857642508,-0.0876235523401562,-0.0876235523401562,-0.0876235523401562,0.0336377588977628
9.567453602661,0,-0.0130573193727359,0,9.567453602661,-0.0130573193727359,-0.0130573193727359,-0.0130573193727359,0.0264340771076804
9.56764954052794,0,-0.00578932875863998,0,9.56764954052794,-0.00578932875863998,-0.00578932875863998,-0.00578932875863998,0.0288617279537588
9.58796747981615,0,0.00725905880614161,0,9.58796747981615,0.00725905880614161,0.00725905880614161,0.00725905880614161,0.0422687684348916
10.3415882006709,0,-0.0979591311963027,0,10.3415882006709,-0.0979591311963027,-0.0979591311963027,-0.0979591311963027,0.0379022425227411
9.03381024943225,0,-0.0258591277728825,0,9.03381024943225,-0.0258591277728825,-0.0258591277728825,-0.0258591277728825,0.0210013285642308
7.292171244769,0,0.0214216184583366,0,7.292171244769,0.0214216184583366,0.0214216184583366,0.0214216184583366,0.00787016036700002
10.6567948708008,0,0.0203455428827325,0,10.6567948708008,0.0203455428827325,0.0203455428827325,0.0203455428827325,0.0367174068081082
15.83958844307,0,0.0399832495665445,0,15.83958844307,0.0399832495665445,0.0399832495665445,0.0399832495665445,0.0130470310288665
17.7014293147066,0,0.0234372077444364,0,17.7014293147066,0.0234372077444364,0.0234372077444364,0.0234372077444364,0.0323786122878216
16.016217440795,0,-0.00369944404825601,0,16.016217440795,-0.00369944404825601,-0.00369944404825601,-0.00369944404825601,0.0376637682579198
13.5036026382197,0,0.0260526179813793,0,13.5036026382197,0.0260526179813793,0.0260526179813793,0.0260526179813793,0.0175137052055195
13.9836050997556,0,-0.0596374353307077,0,13.9836050997556,-0.0596374353307077,-0.0596374353307077,-0.0596374353307077,0.0260159424457815
11.3110693140974,0,0.00982781565554414,0,11.3110693140974,0.00982781565554414,0.00982781565554414,0.00982781565554414,0.0152975413868066
19.3344521561619,0,-0.0178892890128142,0,19.3344521561619,-0.0178892890128142,-0.0178892890128142,-0.0178892890128142,0.0322365626104049
12.3671082351961,0,0.0210231372322994,0,12.3671082351961,0.0210231372322994,0.0210231372322994,0.0210231372322994,0.0160828742749283
12.3654554745313,0,-0.0686880413546458,0,12.3654554745313,-0.0686880413546458,-0.0686880413546458,-0.0686880413546458,0.0513325050706189
19.2556223171704,0,0.0285945738844167,0,19.2556223171704,0.0285945738844167,0.0285945738844167,0.0285945738844167,0.0139726523520546
34.7312424253189,0,0.00360906084633839,0,34.7312424253189,0.00360906084633839,0.00360906084633839,0.00360906084633839,0.017575833019559
54.7209102152747,0,0.0196726221291343,0,54.7209102152747,0.0196726221291343,0.0196726221291343,0.0196726221291343,0.0109274670854921
11.6997668682815,0,-0.0454216119044559,0,11.6997668682815,-0.0454216119044559,-0.0454216119044559,-0.0454216119044559,0.105318046890987
8.22166390729103,0,0.0200227074138689,0,8.22166390729103,0.0200227074138689,0.0200227074138689,0.0200227074138689,0.0889316774406693
11.7030101268542,0,0.0664031592294417,0,11.7030101268542,0.0664031592294417,0.0664031592294417,0.0664031592294417,0.0318702419669784
7.36539602284415,0,-0.0247872150245361,0,7.36539602284415,-0.0247872150245361,-0.0247872150245361,-0.0247872150245361,0.114121672795408
9.34902839864339,0,-0.0319037471830898,0,9.34902839864339,-0.0319037471830898,-0.0319037471830898,-0.0319037471830898,0.0353702402159913
12.5616640281909,0,0.00441577973083164,0,12.5616640281909,0.00441577973083164,0.00441577973083164,0.00441577973083164,0.0138459086615911
5.28892335541574,0,-0.0722438218615433,0,5.28892335541574,-0.0722438218615433,-0.0722438218615433,-0.0722438218615433,0.0393158996396484
10.8363107906744,0,-0.028098390818107,0,10.8363107906744,-0.028098390818107,-0.028098390818107,-0.028098390818107,0.071926050301895
11.7003583105711,0,-0.00186774348468509,0,11.7003583105711,-0.00186774348468509,-0.00186774348468509,-0.00186774348468509,0.00589871207554302
14.1717804897526,0,0.027255899623745,0,14.1717804897526,0.027255899623745,0.027255899623745,0.027255899623745,0.0438772018708798
10.4916049522311,0,0.0132463173032987,0,10.4916049522311,0.0132463173032987,0.0132463173032987,0.0132463173032987,0.0267192917518445
12.491172371433,0,0.00616174807970621,0,12.491172371433,0.00616174807970621,0.00616174807970621,0.00616174807970621,0.0405245193389735
31.4129223891295,0,-0.0481702543197104,0,31.4129223891295,-0.0481702543197104,-0.0481702543197104,-0.0481702543197104,0.04354801944707
23.3384346785706,0,0.0173424537425691,0,23.3384346785706,0.0173424537425691,0.0173424537425691,0.0173424537425691,0.0189266195413323
21.0471310356801,0,0.0617673658141888,0,21.0471310356801,0.0617673658141888,0.0617673658141888,0.0617673658141888,0.047052745863464
21.8869961720114,0,0.0899308852467232,0,21.8869961720114,0.0899308852467232,0.0899308852467232,0.0899308852467232,0.0763185175600446
142.027144302285,0,0.0480428181832702,0,142.027144302285,0.0480428181832702,0.0480428181832702,0.0480428181832702,0.0151652887885014
10.8384906759069,0,-0.00221059163205814,0,10.8384906759069,-0.00221059163205814,-0.00221059163205814,-0.00221059163205814,0.0251376149245104
15.3983817607889,0,0.00875331277188317,0,15.3983817607889,0.00875331277188317,0.00875331277188317,0.00875331277188317,0.0553131630412198
14.6925462604222,0,-0.00458452472707301,0,14.6925462604222,-0.00458452472707301,-0.00458452472707301,-0.00458452472707301,0.0444254697733256
8.14116878127968,0,0.0313541787643274,0,8.14116878127968,0.0313541787643274,0.0313541787643274,0.0313541787643274,0.0267464950236586
11.0161041029769,0,-0.0031766917676102,0,11.0161041029769,-0.0031766917676102,-0.0031766917676102,-0.0031766917676102,0.0522005254908412
12.612078023469,0,-0.0597088928688878,0,12.612078023469,-0.0597088928688878,-0.0597088928688878,-0.0597088928688878,0.0322576765582896
27.9381463268887,0,-0.0196646199066465,0,27.9381463268887,-0.0196646199066465,-0.0196646199066465,-0.0196646199066465,0.0266030945529787
28.4056044215739,0,-0.0234835133541325,0,28.4056044215739,-0.0234835133541325,-0.0234835133541325,-0.0234835133541325,0.0460235649191708
9.44659083119766,0,-0.0979355343768668,0,9.44659083119766,-0.0979355343768668,-0.0979355343768668,-0.0979355343768668,0.106984919191722
10.6319539160187,0,0.00587821668928426,0,10.6319539160187,0.00587821668928426,0.00587821668928426,0.00587821668928426,0.0434639030773943
NA,NA,NA,NA,NA,NA,NA,NA,NA
3.48138260502119,0,-0.0431716232209931,0,3.48138260502119,-0.0431716232209931,-0.0431716232209931,-0.0431716232209931,0.0321818721032191
5.59197431763262,0,-0.0578220526680145,0,5.59197431763262,-0.0578220526680145,-0.0578220526680145,-0.0578220526680145,0.0290843221745671
7.10118523761685,0,-0.0285278978712163,0,7.10118523761685,-0.0285278978712163,-0.0285278978712163,-0.0285278978712163,0.0595492352872805
8.39406695268219,0,0.0167837864563465,0,8.39406695268219,0.0167837864563465,0.0167837864563465,0.0167837864563465,0.0322473662392579
6.68163411954067,0,0.0399525800720857,0,6.68163411954067,0.0399525800720857,0.0399525800720857,0.0399525800720857,0.0632642521725607
10.9419857642508,0,-0.0876235523401562,0,10.9419857642508,-0.0876235523401562,-0.0876235523401562,-0.0876235523401562,0.0336377588977628
9.567453602661,0,-0.0130573193727359,0,9.567453602661,-0.0130573193727359,-0.0130573193727359,-0.0130573193727359,0.0264340771076804
9.56764954052794,0,-0.00578932875863998,0,9.56764954052794,-0.00578932875863998,-0.00578932875863998,-0.00578932875863998,0.0288617279537588
9.58796747981615,0,0.00725905880614161,0,9.58796747981615,0.00725905880614161,0.00725905880614161,0.00725905880614161,0.0422687684348916
10.3415882006709,0,-0.0979591311963027,0,10.3415882006709,-0.0979591311963027,-0.0979591311963027,-0.0979591311963027,0.0379022425227411
9.03381024943225,0,-0.0258591277728825,0,9.03381024943225,-0.0258591277728825,-0.0258591277728825,-0.0258591277728825,0.0210013285642308
7.292171244769,0,0.0214216184583366,0,7.292171244769,0.0214216184583366,0.0214216184583366,0.0214216184583366,0.00787016036700002
10.6567948708008,0,0.0203455428827325,0,10.6567948708008,0.0203455428827325,0.0203455428827325,0.0203455428827325,0.0367174068081082
15.83958844307,0,0.0399832495665445,0,15.83958844307,0.0399832495665445,0.0399832495665445,0.0399832495665445,0.0130470310288665
17.7014293147066,0,0.0234372077444364,0,17.7014293147066,0.0234372077444364,0.0234372077444364,0.0234372077444364,0.0323786122878216
16.016217440795,0,-0.00369944404825601,0,16.016217440795,-0.00369944404825601,-0.00369944404825601,-0.00369944404825601,0.0376637682579198
13.5036026382197,0,0.0260526179813793,0,13.5036026382197,0.0260526179813793,0.0260526179813793,0.0260526179813793,0.0175137052055195
13.9836050997556,0,-0.0596374353307077,0,13.9836050997556,-0.0596374353307077,-0.0596374353307077,-0.0596374353307077,0.0260159424457815
11.3110693140974,0,0.00982781565554414,0,11.3110693140974,0.00982781565554414,0.00982781565554414,0.00982781565554414,0.0152975413868066
19.3344521561619,0,-0.0178892890128142,0,19.3344521561619,-0.0178892890128142,-0.0178892890128142,-0.0178892890128142,0.0322365626104049
12.3671082351961,0,0.0210231372322994,0,12.3671082351961,0.0210231372322994,0.0210231372322994,0.0210231372322994,0.0160828742749283
12.3654554745313,0,-0.0686880413546458,0,12.3654554745313,-0.0686880413546458,-0.0686880413546458,-0.0686880413546458,0.0513325050706189
19.2556223171704,0,0.0285945738844167,0,19.2556223171704,0.0285945738844167,0.0285945738844167,0.0285945738844167,0.0139726523520546
34.7312424253189,0,0.00360906084633839,0,34.7312424253189,0.00360906084633839,0.00360906084633839,0.00360906084633839,0.017575833019559
54.7209102152747,0,0.0196726221291343,0,54.7209102152747,0.0196726221291343,0.0196726221291343,0.0196726221291343,0.0109274670854921
11.6997668682815,0,-0.0454216119044559,0,11.6997668682815,-0.0454216119044559,-0.0454216119044559,-0.0454216119044559,0.105318046890987
8.22166390729103,0,0.0200227074138689,0,8.22166390729103,0.0200227074138689,0.0200227074138689,0.0200227074138689,0.0889316774406693
11.7030101268542,0,0.0664031592294417,0,11.7030101268542,0.0664031592294417,0.0664031592294417,0.0664031592294417,0.0318702419669784
7.36539602284415,0,-0.0247872150245361,0,7.36539602284415,-0.0247872150245361,-0.0247872150245361,-0.0247872150245361,0.114121672795408
9.34902839864339,0,-0.0319037471830898,0,9.34902839864339,-0.0319037471830898,-0.0319037471830898,-0.0319037471830898,0.0353702402159913
12.5616640281909,0,0.00441577973083164,0,12.5616640281909,0.00441577973083164,0.00441577973083164,0.00441577973083164,0.0138459086615911
5.28892335541574,0,-0.0722438218615433,0,5.28892335541574,-0.0722438218615433,-0.0722438218615433,-0.0722438218615433,0.0393158996396484
10.8363107906744,0,-0.028098390818107,0,10.8363107906744,-0.028098390818107,-0.028098390818107,-0.028098390818107,0.071926050301895
11.7003583105711,0,-0.00186774348468509,0,11.7003583105711,-0.00186774348468509,-0.00186774348468509,-0.00186774348468509,0.00589871207554302
14.1717804897526,0,0.027255899623745,0,14.1717804897526,0.027255899623745,0.027255899623745,0.027255899623745,0.0438772018708798
10.4916049522311,0,0.0132463173032987,0,10.4916049522311,0.0132463173032987,0.0132463173032987,0.0132463173032987,0.0267192917518445
12.491172371433,0,0.00616174807970621,0,12.491172371433,0.00616174807970621,0.00616174807970621,0.00616174807970621,0.0405245193389735
31.4129223891295,0,-0.0481702543197104,0,31.4129223891295,-0.0481702543197104,-0.0481702543197104,-0.0481702543197104,0.04354801944707
23.3384346785706,0,0.0173424537425691,0,23.3384346785706,0.0173424537425691,0.0173424537425691,0.0173424537425691,0.0189266195413323
21.0471310356801,0,0.0617673658141888,0,21.0471310356801,0.0617673658141888,0.0617673658141888,0.0617673658141888,0.047052745863464
21.8869961720114,0,0.0899308852467232,0,21.8869961720114,0.0899308852467232,0.0899308852467232,0.0899308852467232,0.0763185175600446
142.027144302285,0,0.0480428181832702,0,142.027144302285,0.0480428181832702,0.0480428181832702,0.0480428181832702,0.0151652887885014
10.8384906759069,0,-0.00221059163205814,0,10.8384906759069,-0.00221059163205814,-0.00221059163205814,-0.00221059163205814,0.0251376149245104
15.3983817607889,0,0.00875331277188317,0,15.3983817607889,0.00875331277188317,0.00875331277188317,0.00875331277188317,0.0553131630412198
14.6925462604222,0,-0.00458452472707301,0,14.6925462604222,-0.00458452472707301,-0.00458452472707301,-0.00458452472707301,0.0444254697733256
8.14116878127968,0,0.0313541787643274,0,8.14116878127968,0.0313541787643274,0.0313541787643274,0.0313541787643274,0.0267464950236586
11.0161041029769,0,-0.0031766917676102,0,11.0161041029769,-0.0031766917676102,-0.0031766917676102,-0.0031766917676102,0.0522005254908412
12.612078023469,0,-0.0597088928688878,0,12.612078023469,-0.0597088928688878,-0.0597088928688878,-0.0597088928688878,0.0322576765582896
27.9381463268887,0,-0.0196646199066465,0,27.9381463268887,-0.0196646199066465,-0.0196646199066465,-0.0196646199066465,0.0266030945529787
28.4056044215739,0,-0.0234835133541325,0,28.4056044215739,-0.0234835133541325,-0.0234835133541325,-0.0234835133541325,0.0460235649191708
9.44659083119766,0,-0.0979355343768668,0,9.44659083119766,-0.0979355343768668,-0.0979355343768668,-0.0979355343768668,0.106984919191722
10.6319539160187,0,0.00587821668928426,0,10.6319539160187,0.00587821668928426,0.00587821668928426,0.00587821668928426,0.0434639030773943
NA,NA,NA,NA,NA,NA,NA,NA,NA
3.48138260502119,0,-0.0431716232209931,0,3.48138260502119,-0.0431716232209931,-0.0431716232209931,-0.0431716232209931,0.0321818721032191
5.59197431763262,0,-0.0578220526680145,0,5.59197431763262,-0.0578220526680145,-0.0578220526680145,-0.0578220526680145,0.0290843221745671
7.10118523761685,0,-0.0285278978712163,0,7.10118523761685,-0.0285278978712163,-0.0285278978712163,-0.0285278978712163,0.0595492352872805
8.39406695268219,0,0.0167837864563465,0,8.39406695268219,0.0167837864563465,0.0167837864563465,0.0167837864563465,0.0322473662392579
6.68163411954067,0,0.0399525800720857,0,6.68163411954067,0.0399525800720857,0.0399525800720857,0.0399525800720857,0.0632642521725607
10.9419857642508,0,-0.0876235523401562,0,10.9419857642508,-0.0876235523401562,-0.0876235523401562,-0.0876235523401562,0.0336377588977628
9.567453602661,0,-0.0130573193727359,0,9.567453602661,-0.0130573193727359,-0.0130573193727359,-0.0130573193727359,0.0264340771076804
9.56764954052794,0,-0.00578932875863998,0,9.56764954052794,-0.00578932875863998,-0.00578932875863998,-0.00578932875863998,0.0288617279537588
9.58796747981615,0,0.00725905880614161,0,9.58796747981615,0.00725905880614161,0.00725905880614161,0.00725905880614161,0.0422687684348916
10.3415882006709,0,-0.0979591311963027,0,10.3415882006709,-0.0979591311963027,-0.0979591311963027,-0.0979591311963027,0.0379022425227411
9.03381024943225,0,-0.0258591277728825,0,9.03381024943225,-0.0258591277728825,-0.0258591277728825,-0.0258591277728825,0.0210013285642308
7.292171244769,0,0.0214216184583366,0,7.292171244769,0.0214216184583366,0.0214216184583366,0.0214216184583366,0.00787016036700002
10.6567948708008,0,0.0203455428827325,0,10.6567948708008,0.0203455428827325,0.0203455428827325,0.0203455428827325,0.0367174068081082
15.83958844307,0,0.0399832495665445,0,15.83958844307,0.0399832495665445,0.0399832495665445,0.0399832495665445,0.0130470310288665
17.7014293147066,0,0.0234372077444364,0,17.7014293147066,0.0234372077444364,0.0234372077444364,0.0234372077444364,0.0323786122878216
16.016217440795,0,-0.00369944404825601,0,16.016217440795,-0.00369944404825601,-0.00369944404825601,-0.00369944404825601,0.0376637682579198
13.5036026382197,0,0.0260526179813793,0,13.5036026382197,0.0260526179813793,0.0260526179813793,0.0260526179813793,0.0175137052055195
13.9836050997556,0,-0.0596374353307077,0,13.9836050997556,-0.0596374353307077,-0.0596374353307077,-0.0596374353307077,0.0260159424457815
11.3110693140974,0,0.00982781565554414,0,11.3110693140974,0.00982781565554414,0.00982781565554414,0.00982781565554414,0.0152975413868066
19.3344521561619,0,-0.0178892890128142,0,19.3344521561619,-0.0178892890128142,-0.0178892890128142,-0.0178892890128142,0.0322365626104049
12.3671082351961,0,0.0210231372322994,0,12.3671082351961,0.0210231372322994,0.0210231372322994,0.0210231372322994,0.0160828742749283
12.3654554745313,0,-0.0686880413546458,0,12.3654554745313,-0.0686880413546458,-0.0686880413546458,-0.0686880413546458,0.0513325050706189
19.2556223171704,0,0.0285945738844167,0,19.2556223171704,0.0285945738844167,0.0285945738844167,0.0285945738844167,0.0139726523520546
34.7312424253189,0,0.00360906084633839,0,34.7312424253189,0.00360906084633839,0.00360906084633839,0.00360906084633839,0.017575833019559
54.7209102152747,0,0.0196726221291343,0,54.7209102152747,0.0196726221291343,0.0196726221291343,0.0196726221291343,0.0109274670854921
11.6997668682815,0,-0.0454216119044559,0,11.6997668682815,-0.0454216119044559,-0.0454216119044559,-0.0454216119044559,0.105318046890987
8.22166390729103,0,0.0200227074138689,0,8.22166390729103,0.0200227074138689,0.0200227074138689,0.0200227074138689,0.0889316774406693
11.7030101268542,0,0.0664031592294417,0,11.7030101268542,0.0664031592294417,0.0664031592294417,0.0664031592294417,0.0318702419669784
7.36539602284415,0,-0.0247872150245361,0,7.36539602284415,-0.0247872150245361,-0.0247872150245361,-0.0247872150245361,0.114121672795408
9.34902839864339,0,-0.0319037471830898,0,9.34902839864339,-0.0319037471830898,-0.0319037471830898,-0.0319037471830898,0.0353702402159913
12.5616640281909,0,0.00441577973083164,0,12.5616640281909,0.00441577973083164,0.00441577973083164,0.00441577973083164,0.0138459086615911
5.28892335541574,0,-0.0722438218615433,0,5.28892335541574,-0.0722438218615433,-0.0722438218615433,-0.0722438218615433,0.0393158996396484
10.8363107906744,0,-0.028098390818107,0,10.8363107906744,-0.028098390818107,-0.028098390818107,-0.028098390818107,0.071926050301895
11.7003583105711,0,-0.00186774348468509,0,11.7003583105711,-0.00186774348468509,-0.00186774348468509,-0.00186774348468509,0.00589871207554302
14.1717804897526,0,0.027255899623745,0,14.1717804897526,0.027255899623745,0.027255899623745,0.027255899623745,0.0438772018708798
10.4916049522311,0,0.0132463173032987,0,10.4916049522311,0.0132463173032987,0.0132463173032987,0.0132463173032987,0.0267192917518445
12.491172371433,0,0.00616174807970621,0,12.491172371433,0.00616174807970621,0.00616174807970621,0.00616174807970621,0.0405245193389735
31.4129223891295,0,-0.0481702543197104,0,31.4129223891295,-0.0481702543197104,-0.0481702543197104,-0.0481702543197104,0.04354801944707
23.3384346785706,0,0.0173424537425691,0,23.3384346785706,0.0173424537425691,0.0173424537425691,0.0173424537425691,0.0189266195413323
21.0471310356801,0,0.0617673658141888,0,21.0471310356801,0.0617673658141888,0.0617673658141888,0.0617673658141888,0.047052745863464
21.8869961720114,0,0.0899308852467232,0,21.8869961720114,0.0899308852467232,0.0899308852467232,0.0899308852467232,0.0763185175600446
142.027144302285,0,0.0480428181832702,0,142.027144302285,0.0480428181832702,0.0480428181832702,0.0480428181832702,0.0151652887885014
10.8384906759069,0,-0.00221059163205814,0,10.8384906759069,-0.00221059163205814,-0.00221059163205814,-0.00221059163205814,0.0251376149245104
15.3983817607889,0,0.00875331277188317,0,15.3983817607889,0.00875331277188317,0.00875331277188317,0.00875331277188317,0.0553131630412198
14.6925462604222,0,-0.00458452472707301,0,14.6925462604222,-0.00458452472707301,-0.00458452472707301,-0.00458452472707301,0.0444254697733256
8.14116878127968,0,0.0313541787643274,0,8.14116878127968,0.0313541787643274,0.0313541787643274,0.0313541787643274,0.0267464950236586
11.0161041029769,0,-0.0031766917676102,0,11.0161041029769,-0.0031766917676102,-0.0031766917676102,-0.0031766917676102,0.0522005254908412
12.612078023469,0,-0.0597088928688878,0,12.612078023469,-0.0597088928688878,-0.0597088928688878,-0.0597088928688878,0.0322576765582896
27.9381463268887,0,-0.0196646199066465,0,27.9381463268887,-0.0196646199066465,-0.0196646199066465,-0.0196646199066465,0.0266030945529787
28.4056044215739,0,-0.0234835133541325,0,28.4056044215739,-0.0234835133541325,-0.0234835133541325,-0.0234835133541325,0.0460235649191708
9.44659083119766,0,-0.0979355343768668,0,9.44659083119766,-0.0979355343768668,-0.0979355343768668,-0.0979355343768668,0.106984919191722
10.6319539160187,0,0.00587821668928426,0,10.6319539160187,0.00587821668928426,0.00587821668928426,0.00587821668928426,0.0434639030773943
NA,NA,NA,NA,NA,NA,NA,NA,NA
3.48138260502119,0,-0.0431716232209931,0,3.48138260502119,-0.0431716232209931,-0.0431716232209931,-0.0431716232209931,0.0321818721032191
5.59197431763262,0,-0.0578220526680145,0,5.59197431763262,-0.0578220526680145,-0.0578220526680145,-0.0578220526680145,0.0290843221745671
7.10118523761685,0,-0.0285278978712163,0,7.10118523761685,-0.0285278978712163,-0.0285278978712163,-0.0285278978712163,0.0595492352872805
8.39406695268219,0,0.0167837864563465,0,8.39406695268219,0.0167837864563465,0.0167837864563465,0.0167837864563465,0.0322473662392579
6.68163411954067,0,0.0399525800720857,0,6.68163411954067,0.0399525800720857,0.0399525800720857,0.0399525800720857,0.0632642521725607
10.9419857642508,0,-0.0876235523401562,0,10.9419857642508,-0.0876235523401562,-0.0876235523401562,-0.0876235523401562,0.0336377588977628
9.567453602661,0,-0.0130573193727359,0,9.567453602661,-0.0130573193727359,-0.0130573193727359,-0.0130573193727359,0.0264340771076804
9.56764954052794,0,-0.00578932875863998,0,9.56764954052794,-0.00578932875863998,-0.00578932875863998,-0.00578932875863998,0.0288617279537588
9.58796747981615,0,0.00725905880614161,0,9.58796747981615,0.00725905880614161,0.00725905880614161,0.00725905880614161,0.0422687684348916
10.3415882006709,0,-0.0979591311963027,0,10.3415882006709,-0.0979591311963027,-0.0979591311963027,-0.0979591311963027,0.0379022425227411
9.03381024943225,0,-0.0258591277728825,0,9.03381024943225,-0.0258591277728825,-0.0258591277728825,-0.0258591277728825,0.0210013285642308
7.292171244769,0,0.0214216184583366,0,7.292171244769,0.0214216184583366,0.0214216184583366,0.0214216184583366,0.00787016036700002
10.6567948708008,0,0.0203455428827325,0,10.6567948708008,0.0203455428827325,0.0203455428827325,0.0203455428827325,0.0367174068081082
15.83958844307,0,0.0399832495665445,0,15.83958844307,0.0399832495665445,0.0399832495665445,0.0399832495665445,0.0130470310288665
17.7014293147066,0,0.0234372077444364,0,17.7014293147066,0.0234372077444364,0.0234372077444364,0.0234372077444364,0.0323786122878216
16.016217440795,0,-0.00369944404825601,0,16.016217440795,-0.00369944404825601,-0.00369944404825601,-0.00369944404825601,0.0376637682579198
13.5036026382197,0,0.0260526179813793,0,13.5036026382197,0.0260526179813793,0.0260526179813793,0.0260526179813793,0.0175137052055195
13.9836050997556,0,-0.0596374353307077,0,13.9836050997556,-0.0596374353307077,-0.0596374353307077,-0.0596374353307077,0.0260159424457815
11.3110693140974,0,0.00982781565554414,0,11.3110693140974,0.00982781565554414,0.00982781565554414,0.00982781565554414,0.0152975413868066
19.3344521561619,0,-0.0178892890128142,0,19.3344521561619,-0.0178892890128142,-0.0178892890128142,-0.0178892890128142,0.0322365626104049
12.3671082351961,0,0.0210231372322994,0,12.3671082351961,0.0210231372322994,0.0210231372322994,0.0210231372322994,0.0160828742749283
12.3654554745313,0,-0.0686880413546458,0,12.3654554745313,-0.0686880413546458,-0.0686880413546458,-0.0686880413546458,0.0513325050706189
19.2556223171704,0,0.0285945738844167,0,19.2556223171704,0.0285945738844167,0.0285945738844167,0.0285945738844167,0.0139726523520546
34.7312424253189,0,0.00360906084633839,0,34.7312424253189,0.00360906084633839,0.00360906084633839,0.00360906084633839,0.017575833019559
54.7209102152747,0,0.0196726221291343,0,54.7209102152747,0.0196726221291343,0.0196726221291343,0.0196726221291343,0.0109274670854921
11.6997668682815,0,-0.0454216119044559,0,11.6997668682815,-0.0454216119044559,-0.0454216119044559,-0.0454216119044559,0.105318046890987
8.22166390729103,0,0.0200227074138689,0,8.22166390729103,0.0200227074138689,0.0200227074138689,0.0200227074138689,0.0889316774406693
11.7030101268542,0,0.0664031592294417,0,11.7030101268542,0.0664031592294417,0.0664031592294417,0.0664031592294417,0.0318702419669784
7.36539602284415,0,-0.0247872150245361,0,7.36539602284415,-0.0247872150245361,-0.0247872150245361,-0.0247872150245361,0.114121672795408
9.34902839864339,0,-0.0319037471830898,0,9.34902839864339,-0.0319037471830898,-0.0319037471830898,-0.0319037471830898,0.0353702402159913
12.5616640281909,0,0.00441577973083164,0,12.5616640281909,0.00441577973083164,0.00441577973083164,0.00441577973083164,0.0138459086615911
5.28892335541574,0,-0.0722438218615433,0,5.28892335541574,-0.0722438218615433,-0.0722438218615433,-0.0722438218615433,0.0393158996396484
10.8363107906744,0,-0.028098390818107,0,10.8363107906744,-0.028098390818107,-0.028098390818107,-0.028098390818107,0.071926050301895
11.7003583105711,0,-0.00186774348468509,0,11.7003583105711,-0.00186774348468509,-0.00186774348468509,-0.00186774348468509,0.00589871207554302
14.1717804897526,0,0.027255899623745,0,14.1717804897526,0.027255899623745,0.027255899623745,0.027255899623745,0.0438772018708798
10.4916049522311,0,0.0132463173032987,0,10.4916049522311,0.0132463173032987,0.0132463173032987,0.0132463173032987,0.0267192917518445
12.491172371433,0,0.00616174807970621,0,12.491172371433,0.00616174807970621,0.00616174807970621,0.00616174807970621,0.0405245193389735
31.4129223891295,0,-0.0481702543197104,0,31.4129223891295,-0.0481702543197104,-0.0481702543197104,-0.0481702543197104,0.04354801944707
23.3384346785706,0,0.0173424537425691,0,23.3384346785706,0.0173424537425691,0.0173424537425691,0.0173424537425691,0.0189266195413323
21.0471310356801,0,0.0617673658141888,0,21.0471310356801,0.0617673658141888,0.0617673658141888,0.0617673658141888,0.047052745863464
21.8869961720114,0,0.0899308852467232,0,21.8869961720114,0.0899308852467232,0.0899308852467232,0.0899308852467232,0.0763185175600446
142.027144302285,0,0.0480428181832702,0,142.027144302285,0.0480428181832702,0.0480428181832702,0.0480428181832702,0.0151652887885014
10.8384906759069,0,-0.00221059163205814,0,10.8384906759069,-0.00221059163205814,-0.00221059163205814,-0.00221059163205814,0.0251376149245104
15.3983817607889,0,0.00875331277188317,0,15.3983817607889,0.00875331277188317,0.00875331277188317,0.00875331277188317,0.0553131630412198
14.6925462604222,0,-0.00458452472707301,0,14.6925462604222,-0.00458452472707301,-0.00458452472707301,-0.00458452472707301,0.0444254697733256
8.14116878127968,0,0.0313541787643274,0,8.14116878127968,0.0313541787643274,0.0313541787643274,0.0313541787643274,0.0267464950236586
11.0161041029769,0,-0.0031766917676102,0,11.0161041029769,-0.0031766917676102,-0.0031766917676102,-0.0031766917676102,0.0522005254908412
12.612078023469,0,-0.0597088928688878,0,12.612078023469,-0.0597088928688878,-0.0597088928688878,-0.0597088928688878,0.0322576765582896
27.9381463268887,0,-0.0196646199066465,0,27.9381463268887,-0.0196646199066465,-0.0196646199066465,-0.0196646199066465,0.0266030945529787
28.4056044215739,0,-0.0234835133541325,0,28.4056044215739,-0.0234835133541325,-0.0234835133541325,-0.0234835133541325,0.0460235649191708
9.44659083119766,0,-0.0979355343768668,0,9.44659083119766,-0.0979355343768668,-0.0979355343768668,-0.0979355343768668,0.106984919191722
10.6319539160187,0,0.00587821668928426,0,10.6319539160187,0.00587821668928426,0.00587821668928426,0.00587821668928426,0.0434639030773943
NA,NA,NA,NA,NA,NA,NA,NA,NA
3.48138260502119,0,-0.0431716232209931,0,3.48138260502119,-0.0431716232209931,-0.0431716232209931,-0.0431716232209931,0.0321818721032191
5.59197431763262,0,-0.0578220526680145,0,5.59197431763262,-0.0578220526680145,-0.0578220526680145,-0.0578220526680145,0.0290843221745671
7.10118523761685,0,-0.0285278978712163,0,7.10118523761685,-0.0285278978712163,-0.0285278978712163,-0.0285278978712163,0.0595492352872805
8.39406695268219,0,0.0167837864563465,0,8.39406695268219,0.0167837864563465,0.0167837864563465,0.0167837864563465,0.0322473662392579
6.68163411954067,0,0.0399525800720857,0,6.68163411954067,0.0399525800720857,0.0399525800720857,0.0399525800720857,0.0632642521725607
10.9419857642508,0,-0.0876235523401562,0,10.9419857642508,-0.0876235523401562,-0.0876235523401562,-0.0876235523401562,0.0336377588977628
9.567453602661,0,-0.0130573193727359,0,9.567453602661,-0.0130573193727359,-0.0130573193727359,-0.0130573193727359,0.0264340771076804
9.56764954052794,0,-0.00578932875863998,0,9.56764954052794,-0.00578932875863998,-0.00578932875863998,-0.00578932875863998,0.0288617279537588
9.58796747981615,0,0.00725905880614161,0,9.58796747981615,0.00725905880614161,0.00725905880614161,0.00725905880614161,0.0422687684348916
10.3415882006709,0,-0.0979591311963027,0,10.3415882006709,-0.0979591311963027,-0.0979591311963027,-0.0979591311963027,0.0379022425227411
9.03381024943225,0,-0.0258591277728825,0,9.03381024943225,-0.0258591277728825,-0.0258591277728825,-0.0258591277728825,0.0210013285642308
7.292171244769,0,0.0214216184583366,0,7.292171244769,0.0214216184583366,0.0214216184583366,0.0214216184583366,0.00787016036700002
10.6567948708008,0,0.0203455428827325,0,10.6567948708008,0.0203455428827325,0.0203455428827325,0.0203455428827325,0.0367174068081082
15.83958844307,0,0.0399832495665445,0,15.83958844307,0.0399832495665445,0.0399832495665445,0.0399832495665445,0.0130470310288665
17.7014293147066,0,0.0234372077444364,0,17.7014293147066,0.0234372077444364,0.0234372077444364,0.0234372077444364,0.0323786122878216
16.016217440795,0,-0.00369944404825601,0,16.016217440795,-0.00369944404825601,-0.00369944404825601,-0.00369944404825601,0.0376637682579198
13.5036026382197,0,0.0260526179813793,0,13.5036026382197,0.0260526179813793,0.0260526179813793,0.0260526179813793,0.0175137052055195
13.9836050997556,0,-0.0596374353307077,0,13.9836050997556,-0.0596374353307077,-0.0596374353307077,-0.0596374353307077,0.0260159424457815
11.3110693140974,0,0.00982781565554414,0,11.3110693140974,0.00982781565554414,0.00982781565554414,0.00982781565554414,0.0152975413868066
19.3344521561619,0,-0.0178892890128142,0,19.3344521561619,-0.0178892890128142,-0.0178892890128142,-0.0178892890128142,0.0322365626104049
12.3671082351961,0,0.0210231372322994,0,12.3671082351961,0.0210231372322994,0.0210231372322994,0.0210231372322994,0.0160828742749283
12.3654554745313,0,-0.0686880413546458,0,12.3654554745313,-0.0686880413546458,-0.0686880413546458,-0.0686880413546458,0.0513325050706189
19.2556223171704,0,0.0285945738844167,0,19.2556223171704,0.0285945738844167,0.0285945738844167,0.0285945738844167,0.0139726523520546
34.7312424253189,0,0.00360906084633839,0,34.7312424253189,0.00360906084633839,0.00360906084633839,0.00360906084633839,0.017575833019559
54.7209102152747,0,0.0196726221291343,0,54.7209102152747,0.0196726221291343,0.0196726221291343,0.0196726221291343,0.0109274670854921
11.6997668682815,0,-0.0454216119044559,0,11.6997668682815,-0.0454216119044559,-0.0454216119044559,-0.0454216119044559,0.105318046890987
8.22166390729103,0,0.0200227074138689,0,8.22166390729103,0.0200227074138689,0.0200227074138689,0.0200227074138689,0.0889316774406693
11.7030101268542,0,0.0664031592294417,0,11.7030101268542,0.0664031592294417,0.0664031592294417,0.0664031592294417,0.0318702419669784
7.36539602284415,0,-0.0247872150245361,0,7.36539602284415,-0.0247872150245361,-0.0247872150245361,-0.0247872150245361,0.114121672795408
9.34902839864339,0,-0.0319037471830898,0,9.34902839864339,-0.0319037471830898,-0.0319037471830898,-0.0319037471830898,0.0353702402159913
12.5616640281909,0,0.00441577973083164,0,12.5616640281909,0.00441577973083164,0.00441577973083164,0.00441577973083164,0.0138459086615911
5.28892335541574,0,-0.0722438218615433,0,5.28892335541574,-0.0722438218615433,-0.0722438218615433,-0.0722438218615433,0.0393158996396484
10.8363107906744,0,-0.028098390818107,0,10.8363107906744,-0.028098390818107,-0.028098390818107,-0.028098390818107,0.071926050301895
11.7003583105711,0,-0.00186774348468509,0,11.7003583105711,-0.00186774348468509,-0.00186774348468509,-0.00186774348468509,0.00589871207554302
14.1717804897526,0,0.027255899623745,0,14.1717804897526,0.027255899623745,0.027255899623745,0.027255899623745,0.0438772018708798
10.4916049522311,0,0.0132463173032987,0,10.4916049522311,0.0132463173032987,0.0132463173032987,0.0132463173032987,0.0267192917518445
12.491172371433,0,0.00616174807970621,0,12.491172371433,0.00616174807970621,0.00616174807970621,0.00616174807970621,0.0405245193389735
31.4129223891295,0,-0.0481702543197104,0,31.4129223891295,-0.0481702543197104,-0.0481702543197104,-0.0481702543197104,0.04354801944707
23.3384346785706,0,0.0173424537425691,0,23.3384346785706,0.0173424537425691,0.0173424537425691,0.0173424537425691,0.0189266195413323
21.0471310356801,0,0.0617673658141888,0,21.0471310356801,0.0617673658141888,0.0617673658141888,0.0617673658141888,0.047052745863464
21.8869961720114,0,0.0899308852467232,0,21.8869961720114,0.0899308852467232,0.0899308852467232,0.0899308852467232,0.0763185175600446
142.027144302285,0,0.0480428181832702,0,142.027144302285,0.0480428181832702,0.0480428181832702,0.0480428181832702,0.0151652887885014
10.8384906759069,0,-0.00221059163205814,0,10.8384906759069,-0.00221059163205814,-0.00221059163205814,-0.00221059163205814,0.0251376149245104
15.3983817607889,0,0.00875331277188317,0,15.3983817607889,0.00875331277188317,0.00875331277188317,0.00875331277188317,0.0553131630412198
14.6925462604222,0,-0.00458452472707301,0,14.6925462604222,-0.00458452472707301,-0.00458452472707301,-0.00458452472707301,0.0444254697733256
8.14116878127968,0,0.0313541787643274,0,8.14116878127968,0.0313541787643274,0.0313541787643274,0.0313541787643274,0.0267464950236586
11.0161041029769,0,-0.0031766917676102,0,11.0161041029769,-0.0031766917676102,-0.0031766917676102,-0.0031766917676102,0.0522005254908412
12.612078023469,0,-0.0597088928688878,0,12.612078023469,-0.0597088928688878,-0.0597088928688878,-0.0597088928688878,0.0322576765582896
27.9381463268887,0,-0.0196646199066465,0,27.9381463268887,-0.0196646199066465,-0.0196646199066465,-0.0196646199066465,0.0266030945529787
28.4056044215739,0,-0.0234835133541325,0,28.4056044215739,-0.0234835133541325,-0.0234835133541325,-0.0234835133541325,0.0460235649191708
9.44659083119766,0,-0.0979355343768668,0,9.44659083119766,-0.0979355343768668,-0.0979355343768668,-0.0979355343768668,0.106984919191722
10.6319539160187,0,0.00587821668928426,0,10.6319539160187,0.00587821668928426,0.00587821668928426,0.00587821668928426,0.0434639030773943
NA,NA,NA,NA,NA,NA,NA,NA,NA
3.48138260502119,0,-0.0431716232209931,0,3.48138260502119,-0.0431716232209931,-0.0431716232209931,-0.0431716232209931,0.0321818721032191
5.59197431763262,0,-0.0578220526680145,0,5.59197431763262,-0.0578220526680145,-0.0578220526680145,-0.0578220526680145,0.0290843221745671
7.10118523761685,0,-0.0285278978712163,0,7.10118523761685,-0.0285278978712163,-0.0285278978712163,-0.0285278978712163,0.0595492352872805
8.39406695268219,0,0.0167837864563465,0,8.39406695268219,0.0167837864563465,0.0167837864563465,0.0167837864563465,0.0322473662392579
6.68163411954067,0,0.0399525800720857,0,6.68163411954067,0.0399525800720857,0.0399525800720857,0.0399525800720857,0.0632642521725607
10.9419857642508,0,-0.0876235523401562,0,10.9419857642508,-0.0876235523401562,-0.0876235523401562,-0.0876235523401562,0.0336377588977628
9.567453602661,0,-0.0130573193727359,0,9.567453602661,-0.0130573193727359,-0.0130573193727359,-0.0130573193727359,0.0264340771076804
9.56764954052794,0,-0.00578932875863998,0,9.56764954052794,-0.00578932875863998,-0.00578932875863998,-0.00578932875863998,0.0288617279537588
9.58796747981615,0,0.00725905880614161,0,9.58796747981615,0.00725905880614161,0.00725905880614161,0.00725905880614161,0.0422687684348916
10.3415882006709,0,-0.0979591311963027,0,10.3415882006709,-0.0979591311963027,-0.0979591311963027,-0.0979591311963027,0.0379022425227411
9.03381024943225,0,-0.0258591277728825,0,9.03381024943225,-0.0258591277728825,-0.0258591277728825,-0.0258591277728825,0.0210013285642308
7.292171244769,0,0.0214216184583366,0,7.292171244769,0.0214216184583366,0.0214216184583366,0.0214216184583366,0.00787016036700002
10.6567948708008,0,0.0203455428827325,0,10.6567948708008,0.0203455428827325,0.0203455428827325,0.0203455428827325,0.0367174068081082
15.83958844307,0,0.0399832495665445,0,15.83958844307,0.0399832495665445,0.0399832495665445,0.0399832495665445,0.0130470310288665
17.7014293147066,0,0.0234372077444364,0,17.7014293147066,0.0234372077444364,0.0234372077444364,0.0234372077444364,0.0323786122878216
16.016217440795,0,-0.00369944404825601,0,16.016217440795,-0.00369944404825601,-0.00369944404825601,-0.00369944404825601,0.0376637682579198
13.5036026382197,0,0.0260526179813793,0,13.5036026382197,0.0260526179813793,0.0260526179813793,0.0260526179813793,0.0175137052055195
13.9836050997556,0,-0.0596374353307077,0,13.9836050997556,-0.0596374353307077,-0.0596374353307077,-0.0596374353307077,0.0260159424457815
11.3110693140974,0,0.00982781565554414,0,11.3110693140974,0.00982781565554414,0.00982781565554414,0.00982781565554414,0.0152975413868066
19.3344521561619,0,-0.0178892890128142,0,19.3344521561619,-0.0178892890128142,-0.0178892890128142,-0.0178892890128142,0.0322365626104049
12.3671082351961,0,0.0210231372322994,0,12.3671082351961,0.0210231372322994,0.0210231372322994,0.0210231372322994,0.0160828742749283
12.3654554745313,0,-0.0686880413546458,0,12.3654554745313,-0.0686880413546458,-0.0686880413546458,-0.0686880413546458,0.0513325050706189
19.2556223171704,0,0.0285945738844167,0,19.2556223171704,0.0285945738844167,0.0285945738844167,0.0285945738844167,0.0139726523520546
34.7312424253189,0,0.00360906084633839,0,34.7312424253189,0.00360906084633839,0.00360906084633839,0.00360906084633839,0.017575833019559
54.7209102152747,0,0.0196726221291343,0,54.7209102152747,0.0196726221291343,0.0196726221291343,0.0196726221291343,0.0109274670854921
11.6997668682815,0,-0.0454216119044559,0,11.6997668682815,-0.0454216119044559,-0.0454216119044559,-0.0454216119044559,0.105318046890987
8.22166390729103,0,0.0200227074138689,0,8.22166390729103,0.0200227074138689,0.0200227074138689,0.0200227074138689,0.0889316774406693
11.7030101268542,0,0.0664031592294417,0,11.7030101268542,0.0664031592294417,0.0664031592294417,0.0664031592294417,0.0318702419669784
7.36539602284415,0,-0.0247872150245361,0,7.36539602284415,-0.0247872150245361,-0.0247872150245361,-0.0247872150245361,0.114121672795408
9.34902839864339,0,-0.0319037471830898,0,9.34902839864339,-0.0319037471830898,-0.0319037471830898,-0.0319037471830898,0.0353702402159913
12.5616640281909,0,0.00441577973083164,0,12.5616640281909,0.00441577973083164,0.00441577973083164,0.00441577973083164,0.0138459086615911
5.28892335541574,0,-0.0722438218615433,0,5.28892335541574,-0.0722438218615433,-0.0722438218615433,-0.0722438218615433,0.0393158996396484
10.8363107906744,0,-0.028098390818107,0,10.8363107906744,-0.028098390818107,-0.028098390818107,-0.028098390818107,0.071926050301895
11.7003583105711,0,-0.00186774348468509,0,11.7003583105711,-0.00186774348468509,-0.00186774348468509,-0.00186774348468509,0.00589871207554302
14.1717804897526,0,0.027255899623745,0,14.1717804897526,0.027255899623745,0.027255899623745,0.027255899623745,0.0438772018708798
10.4916049522311,0,0.0132463173032987,0,10.4916049522311,0.0132463173032987,0.0132463173032987,0.0132463173032987,0.0267192917518445
12.491172371433,0,0.00616174807970621,0,12.491172371433,0.00616174807970621,0.00616174807970621,0.00616174807970621,0.0405245193389735
31.4129223891295,0,-0.0481702543197104,0,31.4129223891295,-0.0481702543197104,-0.0481702543197104,-0.0481702543197104,0.04354801944707
23.3384346785706,0,0.0173424537425691,0,23.3384346785706,0.0173424537425691,0.0173424537425691,0.0173424537425691,0.0189266195413323
21.0471310356801,0,0.0617673658141888,0,21.0471310356801,0.0617673658141888,0.0617673658141888,0.0617673658141888,0.047052745863464
21.8869961720114,0,0.0899308852467232,0,21.8869961720114,0.0899308852467232,0.0899308852467232,0.0899308852467232,0.0763185175600446
142.027144302285,0,0.0480428181832702,0,142.027144302285,0.0480428181832702,0.0480428181832702,0.0480428181832702,0.0151652887885014
10.8384906759069,0,-0.00221059163205814,0,10.8384906759069,-0.00221059163205814,-0.00221059163205814,-0.00221059163205814,0.0251376149245104
15.3983817607889,0,0.00875331277188317,0,15.3983817607889,0.00875331277188317,0.00875331277188317,0.00875331277188317,0.0553131630412198
14.6925462604222,0,-0.00458452472707301,0,14.6925462604222,-0.00458452472707301,-0.00458452472707301,-0.00458452472707301,0.0444254697733256
8.14116878127968,0,0.0313541787643274,0,8.14116878127968,0.0313541787643274,0.0313541787643274,0.0313541787643274,0.0267464950236586
11.0161041029769,0,-0.0031766917676102,0,11.0161041029769,-0.0031766917676102,-0.0031766917676102,-0.0031766917676102,0.0522005254908412
12.612078023469,0,-0.0597088928688878,0,12.612078023469,-0.0597088928688878,-0.0597088928688878,-0.0597088928688878,0.0322576765582896
27.9381463268887,0,-0.0196646199066465,0,27.9381463268887,-0.0196646199066465,-0.0196646199066465,-0.0196646199066465,0.0266030945529787
28.4056044215739,0,-0.0234835133541325,0,28.4056044215739,-0.0234835133541325,-0.0234835133541325,-0.0234835133541325,0.0460235649191708
6.48827225907391,0,0.0560417361250094,0,6.48827225907391,0.0560417361250094,0.0560417361250094,0.0560417361250094,0.0738012976335406
9.44659083119766,0,-0.0979355343768668,0,9.44659083119766,-0.0979355343768668,-0.0979355343768668,-0.0979355343768668,0.106984919191722
10.6319539160187,0,0.00587821668928426,0,10.6319539160187,0.00587821668928426,0.00587821668928426,0.00587821668928426,0.0434639030773943
NA,NA,NA,NA,NA,NA,NA,NA,NA
3.48138260502119,0,-0.0431716232209931,0,3.48138260502119,-0.0431716232209931,-0.0431716232209931,-0.0431716232209931,0.0321818721032191
5.59197431763262,0,-0.0578220526680145,0,5.59197431763262,-0.0578220526680145,-0.0578220526680145,-0.0578220526680145,0.0290843221745671
7.10118523761685,0,-0.0285278978712163,0,7.10118523761685,-0.0285278978712163,-0.0285278978712163,-0.0285278978712163,0.0595492352872805
8.39406695268219,0,0.0167837864563465,0,8.39406695268219,0.0167837864563465,0.0167837864563465,0.0167837864563465,0.0322473662392579
6.68163411954067,0,0.0399525800720857,0,6.68163411954067,0.0399525800720857,0.0399525800720857,0.0399525800720857,0.0632642521725607
10.9419857642508,0,-0.0876235523401562,0,10.9419857642508,-0.0876235523401562,-0.0876235523401562,-0.0876235523401562,0.0336377588977628
9.567453602661,0,-0.0130573193727359,0,9.567453602661,-0.0130573193727359,-0.0130573193727359,-0.0130573193727359,0.0264340771076804
9.56764954052794,0,-0.00578932875863998,0,9.56764954052794,-0.00578932875863998,-0.00578932875863998,-0.00578932875863998,0.0288617279537588
9.58796747981615,0,0.00725905880614161,0,9.58796747981615,0.00725905880614161,0.00725905880614161,0.00725905880614161,0.0422687684348916
10.3415882006709,0,-0.0979591311963027,0,10.3415882006709,-0.0979591311963027,-0.0979591311963027,-0.0979591311963027,0.0379022425227411
9.03381024943225,0,-0.0258591277728825,0,9.03381024943225,-0.0258591277728825,-0.0258591277728825,-0.0258591277728825,0.0210013285642308
7.292171244769,0,0.0214216184583366,0,7.292171244769,0.0214216184583366,0.0214216184583366,0.0214216184583366,0.00787016036700002
10.6567948708008,0,0.0203455428827325,0,10.6567948708008,0.0203455428827325,0.0203455428827325,0.0203455428827325,0.0367174068081082
15.83958844307,0,0.0399832495665445,0,15.83958844307,0.0399832495665445,0.0399832495665445,0.0399832495665445,0.0130470310288665
17.7014293147066,0,0.0234372077444364,0,17.7014293147066,0.0234372077444364,0.0234372077444364,0.0234372077444364,0.0323786122878216
16.016217440795,0,-0.00369944404825601,0,16.016217440795,-0.00369944404825601,-0.00369944404825601,-0.00369944404825601,0.0376637682579198
13.5036026382197,0,0.0260526179813793,0,13.5036026382197,0.0260526179813793,0.0260526179813793,0.0260526179813793,0.0175137052055195
13.9836050997556,0,-0.0596374353307077,0,13.9836050997556,-0.0596374353307077,-0.0596374353307077,-0.0596374353307077,0.0260159424457815
11.3110693140974,0,0.00982781565554414,0,11.3110693140974,0.00982781565554414,0.00982781565554414,0.00982781565554414,0.0152975413868066
19.3344521561619,0,-0.0178892890128142,0,19.3344521561619,-0.0178892890128142,-0.0178892890128142,-0.0178892890128142,0.0322365626104049
12.3671082351961,0,0.0210231372322994,0,12.3671082351961,0.0210231372322994,0.0210231372322994,0.0210231372322994,0.0160828742749283
12.3654554745313,0,-0.0686880413546458,0,12.3654554745313,-0.0686880413546458,-0.0686880413546458,-0.0686880413546458,0.0513325050706189
19.2556223171704,0,0.0285945738844167,0,19.2556223171704,0.0285945738844167,0.0285945738844167,0.0285945738844167,0.0139726523520546
34.7312424253189,0,0.00360906084633839,0,34.7312424253189,0.00360906084633839,0.00360906084633839,0.00360906084633839,0.017575833019559
54.7209102152747,0,0.0196726221291343,0,54.7209102152747,0.0196726221291343,0.0196726221291343,0.0196726221291343,0.0109274670854921
6.48827225907391,0,0.0560417361250094,0,6.48827225907391,0.0560417361250094,0.0560417361250094,0.0560417361250094,0.0738012976335406
8.22166390729103,0,0.0200227074138689,0,8.22166390729103,0.0200227074138689,0.0200227074138689,0.0200227074138689,0.0889316774406693
11.7030101268542,0,0.0664031592294417,0,11.7030101268542,0.0664031592294417,0.0664031592294417,0.0664031592294417,0.0318702419669784
7.36539602284415,0,-0.0247872150245361,0,7.36539602284415,-0.0247872150245361,-0.0247872150245361,-0.0247872150245361,0.114121672795408
9.34902839864339,0,-0.0319037471830898,0,9.34902839864339,-0.0319037471830898,-0.0319037471830898,-0.0319037471830898,0.0353702402159913
12.5616640281909,0,0.00441577973083164,0,12.5616640281909,0.00441577973083164,0.00441577973083164,0.00441577973083164,0.0138459086615911
5.28892335541574,0,-0.0722438218615433,0,5.28892335541574,-0.0722438218615433,-0.0722438218615433,-0.0722438218615433,0.0393158996396484
10.8363107906744,0,-0.028098390818107,0,10.8363107906744,-0.028098390818107,-0.028098390818107,-0.028098390818107,0.071926050301895
11.7003583105711,0,-0.00186774348468509,0,11.7003583105711,-0.00186774348468509,-0.00186774348468509,-0.00186774348468509,0.00589871207554302
14.1717804897526,0,0.027255899623745,0,14.1717804897526,0.027255899623745,0.027255899623745,0.027255899623745,0.0438772018708798
10.4916049522311,0,0.0132463173032987,0,10.4916049522311,0.0132463173032987,0.0132463173032987,0.0132463173032987,0.0267192917518445
12.491172371433,0,0.00616174807970621,0,12.491172371433,0.00616174807970621,0.00616174807970621,0.00616174807970621,0.0405245193389735
31.4129223891295,0,-0.0481702543197104,0,31.4129223891295,-0.0481702543197104,-0.0481702543197104,-0.0481702543197104,0.04354801944707
23.3384346785706,0,0.0173424537425691,0,23.3384346785706,0.0173424537425691,0.0173424537425691,0.0173424537425691,0.0189266195413323
21.0471310356801,0,0.0617673658141888,0,21.0471310356801,0.0617673658141888,0.0617673658141888,0.0617673658141888,0.047052745863464
21.8869961720114,0,0.0899308852467232,0,21.8869961720114,0.0899308852467232,0.0899308852467232,0.0899308852467232,0.0763185175600446
142.027144302285,0,0.0480428181832702,0,142.027144302285,0.0480428181832702,0.0480428181832702,0.0480428181832702,0.0151652887885014
10.8384906759069,0,-0.00221059163205814,0,10.8384906759069,-0.00221059163205814,-0.00221059163205814,-0.00221059163205814,0.0251376149245104
15.3983817607889,0,0.00875331277188317,0,15.3983817607889,0.00875331277188317,0.00875331277188317,0.00875331277188317,0.0553131630412198
14.6925462604222,0,-0.00458452472707301,0,14.6925462604222,-0.00458452472707301,-0.00458452472707301,-0.00458452472707301,0.0444254697733256
8.14116878127968,0,0.0313541787643274,0,8.14116878127968,0.0313541787643274,0.0313541787643274,0.0313541787643274,0.0267464950236586
11.0161041029769,0,-0.0031766917676102,0,11.0161041029769,-0.0031766917676102,-0.0031766917676102,-0.0031766917676102,0.0522005254908412
12.612078023469,0,-0.0597088928688878,0,12.612078023469,-0.0597088928688878,-0.0597088928688878,-0.0597088928688878,0.0322576765582896
27.9381463268887,0,-0.0196646199066465,0,27.9381463268887,-0.0196646199066465,-0.0196646199066465,-0.0196646199066465,0.0266030945529787
28.4056044215739,0,-0.0234835133541325,0,28.4056044215739,-0.0234835133541325,-0.0234835133541325,-0.0234835133541325,0.0460235649191708
9.44659083119766,0,-0.0979355343768668,0,9.44659083119766,-0.0979355343768668,-0.0979355343768668,-0.0979355343768668,0.106984919191722
10.6319539160187,0,0.00587821668928426,0,10.6319539160187,0.00587821668928426,0.00587821668928426,0.00587821668928426,0.0434639030773943
NA,NA,NA,NA,NA,NA,NA,NA,NA
3.48138260502119,0,-0.0431716232209931,0,3.48138260502119,-0.0431716232209931,-0.0431716232209931,-0.0431716232209931,0.0321818721032191
5.59197431763262,0,-0.0578220526680145,0,5.59197431763262,-0.0578220526680145,-0.0578220526680145,-0.0578220526680145,0.0290843221745671
7.10118523761685,0,-0.0285278978712163,0,7.10118523761685,-0.0285278978712163,-0.0285278978712163,-0.0285278978712163,0.0595492352872805
8.39406695268219,0,0.0167837864563465,0,8.39406695268219,0.0167837864563465,0.0167837864563465,0.0167837864563465,0.0322473662392579
6.68163411954067,0,0.0399525800720857,0,6.68163411954067,0.0399525800720857,0.0399525800720857,0.0399525800720857,0.0632642521725607
10.9419857642508,0,-0.0876235523401562,0,10.9419857642508,-0.0876235523401562,-0.0876235523401562,-0.0876235523401562,0.0336377588977628
9.567453602661,0,-0.0130573193727359,0,9.567453602661,-0.0130573193727359,-0.0130573193727359,-0.0130573193727359,0.0264340771076804
9.56764954052794,0,-0.00578932875863998,0,9.56764954052794,-0.00578932875863998,-0.00578932875863998,-0.00578932875863998,0.0288617279537588
9.58796747981615,0,0.00725905880614161,0,9.58796747981615,0.00725905880614161,0.00725905880614161,0.00725905880614161,0.0422687684348916
10.3415882006709,0,-0.0979591311963027,0,10.3415882006709,-0.0979591311963027,-0.0979591311963027,-0.0979591311963027,0.0379022425227411
9.03381024943225,0,-0.0258591277728825,0,9.03381024943225,-0.0258591277728825,-0.0258591277728825,-0.0258591277728825,0.0210013285642308
7.292171244769,0,0.0214216184583366,0,7.292171244769,0.0214216184583366,0.0214216184583366,0.0214216184583366,0.00787016036700002
10.6567948708008,0,0.0203455428827325,0,10.6567948708008,0.0203455428827325,0.0203455428827325,0.0203455428827325,0.0367174068081082
15.83958844307,0,0.0399832495665445,0,15.83958844307,0.0399832495665445,0.0399832495665445,0.0399832495665445,0.0130470310288665
17.7014293147066,0,0.0234372077444364,0,17.7014293147066,0.0234372077444364,0.0234372077444364,0.0234372077444364,0.0323786122878216
16.016217440795,0,-0.00369944404825601,0,16.016217440795,-0.00369944404825601,-0.00369944404825601,-0.00369944404825601,0.0376637682579198
13.5036026382197,0,0.0260526179813793,0,13.5036026382197,0.0260526179813793,0.0260526179813793,0.0260526179813793,0.0175137052055195
13.9836050997556,0,-0.0596374353307077,0,13.9836050997556,-0.0596374353307077,-0.0596374353307077,-0.0596374353307077,0.0260159424457815
11.3110693140974,0,0.00982781565554414,0,11.3110693140974,0.00982781565554414,0.00982781565554414,0.00982781565554414,0.0152975413868066
19.3344521561619,0,-0.0178892890128142,0,19.3344521561619,-0.0178892890128142,-0.0178892890128142,-0.0178892890128142,0.0322365626104049
12.3671082351961,0,0.0210231372322994,0,12.3671082351961,0.0210231372322994,0.0210231372322994,0.0210231372322994,0.0160828742749283
12.3654554745313,0,-0.0686880413546458,0,12.3654554745313,-0.0686880413546458,-0.0686880413546458,-0.0686880413546458,0.0513325050706189
19.2556223171704,0,0.0285945738844167,0,19.2556223171704,0.0285945738844167,0.0285945738844167,0.0285945738844167,0.0139726523520546
34.7312424253189,0,0.00360906084633839,0,34.7312424253189,0.00360906084633839,0.00360906084633839,0.00360906084633839,0.017575833019559
54.7209102152747,0,0.0196726221291343,0,54.7209102152747,0.0196726221291343,0.0196726221291343,0.0196726221291343,0.0109274670854921
6.48827225907391,0,0.0560417361250094,0,6.48827225907391,0.0560417361250094,0.0560417361250094,0.0560417361250094,0.0738012976335406
8.22166390729103,0,0.0200227074138689,0,8.22166390729103,0.0200227074138689,0.0200227074138689,0.0200227074138689,0.0889316774406693
11.7030101268542,0,0.0664031592294417,0,11.7030101268542,0.0664031592294417,0.0664031592294417,0.0664031592294417,0.0318702419669784
7.36539602284415,0,-0.0247872150245361,0,7.36539602284415,-0.0247872150245361,-0.0247872150245361,-0.0247872150245361,0.114121672795408
9.34902839864339,0,-0.0319037471830898,0,9.34902839864339,-0.0319037471830898,-0.0319037471830898,-0.0319037471830898,0.0353702402159913
12.5616640281909,0,0.00441577973083164,0,12.5616640281909,0.00441577973083164,0.00441577973083164,0.00441577973083164,0.0138459086615911
5.28892335541574,0,-0.0722438218615433,0,5.28892335541574,-0.0722438218615433,-0.0722438218615433,-0.0722438218615433,0.0393158996396484
10.8363107906744,0,-0.028098390818107,0,10.8363107906744,-0.028098390818107,-0.028098390818107,-0.028098390818107,0.071926050301895
11.7003583105711,0,-0.00186774348468509,0,11.7003583105711,-0.00186774348468509,-0.00186774348468509,-0.00186774348468509,0.00589871207554302
14.1717804897526,0,0.027255899623745,0,14.1717804897526,0.027255899623745,0.027255899623745,0.027255899623745,0.0438772018708798
10.4916049522311,0,0.0132463173032987,0,10.4916049522311,0.0132463173032987,0.0132463173032987,0.0132463173032987,0.0267192917518445
12.491172371433,0,0.00616174807970621,0,12.491172371433,0.00616174807970621,0.00616174807970621,0.00616174807970621,0.0405245193389735
31.4129223891295,0,-0.0481702543197104,0,31.4129223891295,-0.0481702543197104,-0.0481702543197104,-0.0481702543197104,0.04354801944707
23.3384346785706,0,0.0173424537425691,0,23.3384346785706,0.0173424537425691,0.0173424537425691,0.0173424537425691,0.0189266195413323
21.0471310356801,0,0.0617673658141888,0,21.0471310356801,0.0617673658141888,0.0617673658141888,0.0617673658141888,0.047052745863464
21.8869961720114,0,0.0899308852467232,0,21.8869961720114,0.0899308852467232,0.0899308852467232,0.0899308852467232,0.0763185175600446
142.027144302285,0,0.0480428181832702,0,142.027144302285,0.0480428181832702,0.0480428181832702,0.0480428181832702,0.0151652887885014
10.8384906759069,0,-0.00221059163205814,0,10.8384906759069,-0.00221059163205814,-0.00221059163205814,-0.00221059163205814,0.0251376149245104
15.3983817607889,0,0.00875331277188317,0,15.3983817607889,0.00875331277188317,0.00875331277188317,0.00875331277188317,0.0553131630412198
14.6925462604222,0,-0.00458452472707301,0,14.6925462604222,-0.00458452472707301,-0.00458452472707301,-0.00458452472707301,0.0444254697733256
8.14116878127968,0,0.0313541787643274,0,8.14116878127968,0.0313541787643274,0.0313541787643274,0.0313541787643274,0.0267464950236586
11.0161041029769,0,-0.0031766917676102,0,11.0161041029769,-0.0031766917676102,-0.0031766917676102,-0.0031766917676102,0.0522005254908412
12.612078023469,0,-0.0597088928688878,0,12.612078023469,-0.0597088928688878,-0.0597088928688878,-0.0597088928688878,0.0322576765582896
27.9381463268887,0,-0.0196646199066465,0,27.9381463268887,-0.0196646199066465,-0.0196646199066465,-0.0196646199066465,0.0266030945529787
28.4056044215739,0,-0.0234835133541325,0,28.4056044215739,-0.0234835133541325,-0.0234835133541325,-0.0234835133541325,0.0460235649191708
9.44659083119766,0,-0.0979355343768668,0,9.44659083119766,-0.0979355343768668,-0.0979355343768668,-0.0979355343768668,0.106984919191722
10.6319539160187,0,0.00587821668928426,0,10.6319539160187,0.00587821668928426,0.00587821668928426,0.00587821668928426,0.0434639030773943
NA,NA,NA,NA,NA,NA,NA,NA,NA
3.48138260502119,0,-0.0431716232209931,0,3.48138260502119,-0.0431716232209931,-0.0431716232209931,-0.0431716232209931,0.0321818721032191
5.59197431763262,0,-0.0578220526680145,0,5.59197431763262,-0.0578220526680145,-0.0578220526680145,-0.0578220526680145,0.0290843221745671
7.10118523761685,0,-0.0285278978712163,0,7.10118523761685,-0.0285278978712163,-0.0285278978712163,-0.0285278978712163,0.0595492352872805
8.39406695268219,0,0.0167837864563465,0,8.39406695268219,0.0167837864563465,0.0167837864563465,0.0167837864563465,0.0322473662392579
6.68163411954067,0,0.0399525800720857,0,6.68163411954067,0.0399525800720857,0.0399525800720857,0.0399525800720857,0.0632642521725607
10.9419857642508,0,-0.0876235523401562,0,10.9419857642508,-0.0876235523401562,-0.0876235523401562,-0.0876235523401562,0.0336377588977628
9.567453602661,0,-0.0130573193727359,0,9.567453602661,-0.0130573193727359,-0.0130573193727359,-0.0130573193727359,0.0264340771076804
9.56764954052794,0,-0.00578932875863998,0,9.56764954052794,-0.00578932875863998,-0.00578932875863998,-0.00578932875863998,0.0288617279537588
9.58796747981615,0,0.00725905880614161,0,9.58796747981615,0.00725905880614161,0.00725905880614161,0.00725905880614161,0.0422687684348916
10.3415882006709,0,-0.0979591311963027,0,10.3415882006709,-0.0979591311963027,-0.0979591311963027,-0.0979591311963027,0.0379022425227411
9.03381024943225,0,-0.0258591277728825,0,9.03381024943225,-0.0258591277728825,-0.0258591277728825,-0.0258591277728825,0.0210013285642308
7.292171244769,0,0.0214216184583366,0,7.292171244769,0.0214216184583366,0.0214216184583366,0.0214216184583366,0.00787016036700002
10.6567948708008,0,0.0203455428827325,0,10.6567948708008,0.0203455428827325,0.0203455428827325,0.0203455428827325,0.0367174068081082
15.83958844307,0,0.0399832495665445,0,15.83958844307,0.0399832495665445,0.0399832495665445,0.0399832495665445,0.0130470310288665
17.7014293147066,0,0.0234372077444364,0,17.7014293147066,0.0234372077444364,0.0234372077444364,0.0234372077444364,0.0323786122878216
16.016217440795,0,-0.00369944404825601,0,16.016217440795,-0.00369944404825601,-0.00369944404825601,-0.00369944404825601,0.0376637682579198
13.5036026382197,0,0.0260526179813793,0,13.5036026382197,0.0260526179813793,0.0260526179813793,0.0260526179813793,0.0175137052055195
13.9836050997556,0,-0.0596374353307077,0,13.9836050997556,-0.0596374353307077,-0.0596374353307077,-0.0596374353307077,0.0260159424457815
11.3110693140974,0,0.00982781565554414,0,11.3110693140974,0.00982781565554414,0.00982781565554414,0.00982781565554414,0.0152975413868066
19.3344521561619,0,-0.0178892890128142,0,19.3344521561619,-0.0178892890128142,-0.0178892890128142,-0.0178892890128142,0.0322365626104049
12.3671082351961,0,0.0210231372322994,0,12.3671082351961,0.0210231372322994,0.0210231372322994,0.0210231372322994,0.0160828742749283
12.3654554745313,0,-0.0686880413546458,0,12.3654554745313,-0.0686880413546458,-0.0686880413546458,-0.0686880413546458,0.0513325050706189
19.2556223171704,0,0.0285945738844167,0,19.2556223171704,0.0285945738844167,0.0285945738844167,0.0285945738844167,0.0139726523520546
34.7312424253189,0,0.00360906084633839,0,34.7312424253189,0.00360906084633839,0.00360906084633839,0.00360906084633839,0.017575833019559
54.7209102152747,0,0.0196726221291343,0,54.7209102152747,0.0196726221291343,0.0196726221291343,0.0196726221291343,0.0109274670854921
6.48827225907391,0,0.0560417361250094,0,6.48827225907391,0.0560417361250094,0.0560417361250094,0.0560417361250094,0.0738012976335406
8.22166390729103,0,0.0200227074138689,0,8.22166390729103,0.0200227074138689,0.0200227074138689,0.0200227074138689,0.0889316774406693
11.7030101268542,0,0.0664031592294417,0,11.7030101268542,0.0664031592294417,0.0664031592294417,0.0664031592294417,0.0318702419669784
7.36539602284415,0,-0.0247872150245361,0,7.36539602284415,-0.0247872150245361,-0.0247872150245361,-0.0247872150245361,0.114121672795408
9.34902839864339,0,-0.0319037471830898,0,9.34902839864339,-0.0319037471830898,-0.0319037471830898,-0.0319037471830898,0.0353702402159913
12.5616640281909,0,0.00441577973083164,0,12.5616640281909,0.00441577973083164,0.00441577973083164,0.00441577973083164,0.0138459086615911
5.28892335541574,0,-0.0722438218615433,0,5.28892335541574,-0.0722438218615433,-0.0722438218615433,-0.0722438218615433,0.0393158996396484
10.8363107906744,0,-0.028098390818107,0,10.8363107906744,-0.028098390818107,-0.028098390818107,-0.028098390818107,0.071926050301895
11.7003583105711,0,-0.00186774348468509,0,11.7003583105711,-0.00186774348468509,-0.00186774348468509,-0.00186774348468509,0.00589871207554302
14.1717804897526,0,0.027255899623745,0,14.1717804897526,0.027255899623745,0.027255899623745,0.027255899623745,0.0438772018708798
10.4916049522311,0,0.0132463173032987,0,10.4916049522311,0.0132463173032987,0.0132463173032987,0.0132463173032987,0.0267192917518445
12.491172371433,0,0.00616174807970621,0,12.491172371433,0.00616174807970621,0.00616174807970621,0.00616174807970621,0.0405245193389735
31.4129223891295,0,-0.0481702543197104,0,31.4129223891295,-0.0481702543197104,-0.0481702543197104,-0.0481702543197104,0.04354801944707
23.3384346785706,0,0.0173424537425691,0,23.3384346785706,0.0173424537425691,0.0173424537425691,0.0173424537425691,0.0189266195413323
21.0471310356801,0,0.0617673658141888,0,21.0471310356801,0.0617673658141888,0.0617673658141888,0.0617673658141888,0.047052745863464
21.8869961720114,0,0.0899308852467232,0,21.8869961720114,0.0899308852467232,0.0899308852467232,0.0899308852467232,0.0763185175600446
142.027144302285,0,0.0480428181832702,0,142.027144302285,0.0480428181832702,0.0480428181832702,0.0480428181832702,0.0151652887885014
10.8384906759069,0,-0.00221059163205814,0,10.8384906759069,-0.00221059163205814,-0.00221059163205814,-0.00221059163205814,0.0251376149245104
15.3983817607889,0,0.00875331277188317,0,15.3983817607889,0.00875331277188317,0.00875331277188317,0.00875331277188317,0.0553131630412198
14.6925462604222,0,-0.00458452472707301,0,14.6925462604222,-0.00458452472707301,-0.00458452472707301,-0.00458452472707301,0.0444254697733256
8.14116878127968,0,0.0313541787643274,0,8.14116878127968,0.0313541787643274,0.0313541787643274,0.0313541787643274,0.0267464950236586
11.0161041029769,0,-0.0031766917676102,0,11.0161041029769,-0.0031766917676102,-0.0031766917676102,-0.0031766917676102,0.0522005254908412
12.612078023469,0,-0.0597088928688878,0,12.612078023469,-0.0597088928688878,-0.0597088928688878,-0.0597088928688878,0.0322576765582896
27.9381463268887,0,-0.0196646199066465,0,27.9381463268887,-0.0196646199066465,-0.0196646199066465,-0.0196646199066465,0.0266030945529787
28.4056044215739,0,-0.0234835133541325,0,28.4056044215739,-0.0234835133541325,-0.0234835133541325,-0.0234835133541325,0.0460235649191708
9.44659083119766,0,-0.0979355343768668,0,9.44659083119766,-0.0979355343768668,-0.0979355343768668,-0.0979355343768668,0.106984919191722
10.6319539160187,0,0.00587821668928426,0,10.6319539160187,0.00587821668928426,0.00587821668928426,0.00587821668928426,0.0434639030773943
NA,NA,NA,NA,NA,NA,NA,NA,NA
3.48138260502119,0,-0.0431716232209931,0,3.48138260502119,-0.0431716232209931,-0.0431716232209931,-0.0431716232209931,0.0321818721032191
5.59197431763262,0,-0.0578220526680145,0,5.59197431763262,-0.0578220526680145,-0.0578220526680145,-0.0578220526680145,0.0290843221745671
7.10118523761685,0,-0.0285278978712163,0,7.10118523761685,-0.0285278978712163,-0.0285278978712163,-0.0285278978712163,0.0595492352872805
8.39406695268219,0,0.0167837864563465,0,8.39406695268219,0.0167837864563465,0.0167837864563465,0.0167837864563465,0.0322473662392579
6.68163411954067,0,0.0399525800720857,0,6.68163411954067,0.0399525800720857,0.0399525800720857,0.0399525800720857,0.0632642521725607
10.9419857642508,0,-0.0876235523401562,0,10.9419857642508,-0.0876235523401562,-0.0876235523401562,-0.0876235523401562,0.0336377588977628
9.567453602661,0,-0.0130573193727359,0,9.567453602661,-0.0130573193727359,-0.0130573193727359,-0.0130573193727359,0.0264340771076804
9.56764954052794,0,-0.00578932875863998,0,9.56764954052794,-0.00578932875863998,-0.00578932875863998,-0.00578932875863998,0.0288617279537588
9.58796747981615,0,0.00725905880614161,0,9.58796747981615,0.00725905880614161,0.00725905880614161,0.00725905880614161,0.0422687684348916
10.3415882006709,0,-0.0979591311963027,0,10.3415882006709,-0.0979591311963027,-0.0979591311963027,-0.0979591311963027,0.0379022425227411
9.03381024943225,0,-0.0258591277728825,0,9.03381024943225,-0.0258591277728825,-0.0258591277728825,-0.0258591277728825,0.0210013285642308
7.292171244769,0,0.0214216184583366,0,7.292171244769,0.0214216184583366,0.0214216184583366,0.0214216184583366,0.00787016036700002
10.6567948708008,0,0.0203455428827325,0,10.6567948708008,0.0203455428827325,0.0203455428827325,0.0203455428827325,0.0367174068081082
15.83958844307,0,0.0399832495665445,0,15.83958844307,0.0399832495665445,0.0399832495665445,0.0399832495665445,0.0130470310288665
17.7014293147066,0,0.0234372077444364,0,17.7014293147066,0.0234372077444364,0.0234372077444364,0.0234372077444364,0.0323786122878216
16.016217440795,0,-0.00369944404825601,0,16.016217440795,-0.00369944404825601,-0.00369944404825601,-0.00369944404825601,0.0376637682579198
13.5036026382197,0,0.0260526179813793,0,13.5036026382197,0.0260526179813793,0.0260526179813793,0.0260526179813793,0.0175137052055195
13.9836050997556,0,-0.0596374353307077,0,13.9836050997556,-0.0596374353307077,-0.0596374353307077,-0.0596374353307077,0.0260159424457815
11.3110693140974,0,0.00982781565554414,0,11.3110693140974,0.00982781565554414,0.00982781565554414,0.00982781565554414,0.0152975413868066
19.3344521561619,0,-0.0178892890128142,0,19.3344521561619,-0.0178892890128142,-0.0178892890128142,-0.0178892890128142,0.0322365626104049
12.3671082351961,0,0.0210231372322994,0,12.3671082351961,0.0210231372322994,0.0210231372322994,0.0210231372322994,0.0160828742749283
12.3654554745313,0,-0.0686880413546458,0,12.3654554745313,-0.0686880413546458,-0.0686880413546458,-0.0686880413546458,0.0513325050706189
19.2556223171704,0,0.0285945738844167,0,19.2556223171704,0.0285945738844167,0.0285945738844167,0.0285945738844167,0.0139726523520546
34.7312424253189,0,0.00360906084633839,0,34.7312424253189,0.00360906084633839,0.00360906084633839,0.00360906084633839,0.017575833019559
54.7209102152747,0,0.0196726221291343,0,54.7209102152747,0.0196726221291343,0.0196726221291343,0.0196726221291343,0.0109274670854921
6.48827225907391,0,0.0560417361250094,0,6.48827225907391,0.0560417361250094,0.0560417361250094,0.0560417361250094,0.0738012976335406
8.22166390729103,0,0.0200227074138689,0,8.22166390729103,0.0200227074138689,0.0200227074138689,0.0200227074138689,0.0889316774406693
11.7030101268542,0,0.0664031592294417,0,11.7030101268542,0.0664031592294417,0.0664031592294417,0.0664031592294417,0.0318702419669784
7.36539602284415,0,-0.0247872150245361,0,7.36539602284415,-0.0247872150245361,-0.0247872150245361,-0.0247872150245361,0.114121672795408
9.34902839864339,0,-0.0319037471830898,0,9.34902839864339,-0.0319037471830898,-0.0319037471830898,-0.0319037471830898,0.0353702402159913
12.5616640281909,0,0.00441577973083164,0,12.5616640281909,0.00441577973083164,0.00441577973083164,0.00441577973083164,0.0138459086615911
5.28892335541574,0,-0.0722438218615433,0,5.28892335541574,-0.0722438218615433,-0.0722438218615433,-0.0722438218615433,0.0393158996396484
10.8363107906744,0,-0.028098390818107,0,10.8363107906744,-0.028098390818107,-0.028098390818107,-0.028098390818107,0.071926050301895
11.7003583105711,0,-0.00186774348468509,0,11.7003583105711,-0.00186774348468509,-0.00186774348468509,-0.00186774348468509,0.00589871207554302
14.1717804897526,0,0.027255899623745,0,14.1717804897526,0.027255899623745,0.027255899623745,0.027255899623745,0.0438772018708798
10.4916049522311,0,0.0132463173032987,0,10.4916049522311,0.0132463173032987,0.0132463173032987,0.0132463173032987,0.0267192917518445
12.491172371433,0,0.00616174807970621,0,12.491172371433,0.00616174807970621,0.00616174807970621,0.00616174807970621,0.0405245193389735
31.4129223891295,0,-0.0481702543197104,0,31.4129223891295,-0.0481702543197104,-0.0481702543197104,-0.0481702543197104,0.04354801944707
23.3384346785706,0,0.0173424537425691,0,23.3384346785706,0.0173424537425691,0.0173424537425691,0.0173424537425691,0.0189266195413323
21.0471310356801,0,0.0617673658141888,0,21.0471310356801,0.0617673658141888,0.0617673658141888,0.0617673658141888,0.047052745863464
22.0025162092978,0,0.148833372639304,0,22.0025162092978,0.148833372639304,0.148833372639304,0.148833372639304,0.0966286283522948
142.027144302285,0,0.0480428181832702,0,142.027144302285,0.0480428181832702,0.0480428181832702,0.0480428181832702,0.0151652887885014
10.8384906759069,0,-0.00221059163205814,0,10.8384906759069,-0.00221059163205814,-0.00221059163205814,-0.00221059163205814,0.0251376149245104
15.3983817607889,0,0.00875331277188317,0,15.3983817607889,0.00875331277188317,0.00875331277188317,0.00875331277188317,0.0553131630412198
14.6925462604222,0,-0.00458452472707301,0,14.6925462604222,-0.00458452472707301,-0.00458452472707301,-0.00458452472707301,0.0444254697733256
8.14116878127968,0,0.0313541787643274,0,8.14116878127968,0.0313541787643274,0.0313541787643274,0.0313541787643274,0.0267464950236586
11.0161041029769,0,-0.0031766917676102,0,11.0161041029769,-0.0031766917676102,-0.0031766917676102,-0.0031766917676102,0.0522005254908412
12.612078023469,0,-0.0597088928688878,0,12.612078023469,-0.0597088928688878,-0.0597088928688878,-0.0597088928688878,0.0322576765582896
27.9381463268887,0,-0.0196646199066465,0,27.9381463268887,-0.0196646199066465,-0.0196646199066465,-0.0196646199066465,0.0266030945529787
28.4056044215739,0,-0.0234835133541325,0,28.4056044215739,-0.0234835133541325,-0.0234835133541325,-0.0234835133541325,0.0460235649191708
9.44659083119766,0,-0.0979355343768668,0,9.44659083119766,-0.0979355343768668,-0.0979355343768668,-0.0979355343768668,0.106984919191722
10.6319539160187,0,0.00587821668928426,0,10.6319539160187,0.00587821668928426,0.00587821668928426,0.00587821668928426,0.0434639030773943
NA,NA,NA,NA,NA,NA,NA,NA,NA
3.48138260502119,0,-0.0431716232209931,0,3.48138260502119,-0.0431716232209931,-0.0431716232209931,-0.0431716232209931,0.0321818721032191
5.59197431763262,0,-0.0578220526680145,0,5.59197431763262,-0.0578220526680145,-0.0578220526680145,-0.0578220526680145,0.0290843221745671
7.10118523761685,0,-0.0285278978712163,0,7.10118523761685,-0.0285278978712163,-0.0285278978712163,-0.0285278978712163,0.0595492352872805
8.39406695268219,0,0.0167837864563465,0,8.39406695268219,0.0167837864563465,0.0167837864563465,0.0167837864563465,0.0322473662392579
6.68163411954067,0,0.0399525800720857,0,6.68163411954067,0.0399525800720857,0.0399525800720857,0.0399525800720857,0.0632642521725607
10.9419857642508,0,-0.0876235523401562,0,10.9419857642508,-0.0876235523401562,-0.0876235523401562,-0.0876235523401562,0.0336377588977628
9.567453602661,0,-0.0130573193727359,0,9.567453602661,-0.0130573193727359,-0.0130573193727359,-0.0130573193727359,0.0264340771076804
9.56764954052794,0,-0.00578932875863998,0,9.56764954052794,-0.00578932875863998,-0.00578932875863998,-0.00578932875863998,0.0288617279537588
9.58796747981615,0,0.00725905880614161,0,9.58796747981615,0.00725905880614161,0.00725905880614161,0.00725905880614161,0.0422687684348916
10.3415882006709,0,-0.0979591311963027,0,10.3415882006709,-0.0979591311963027,-0.0979591311963027,-0.0979591311963027,0.0379022425227411
9.03381024943225,0,-0.0258591277728825,0,9.03381024943225,-0.0258591277728825,-0.0258591277728825,-0.0258591277728825,0.0210013285642308
7.292171244769,0,0.0214216184583366,0,7.292171244769,0.0214216184583366,0.0214216184583366,0.0214216184583366,0.00787016036700002
10.6567948708008,0,0.0203455428827325,0,10.6567948708008,0.0203455428827325,0.0203455428827325,0.0203455428827325,0.0367174068081082
15.83958844307,0,0.0399832495665445,0,15.83958844307,0.0399832495665445,0.0399832495665445,0.0399832495665445,0.0130470310288665
17.7014293147066,0,0.0234372077444364,0,17.7014293147066,0.0234372077444364,0.0234372077444364,0.0234372077444364,0.0323786122878216
16.016217440795,0,-0.00369944404825601,0,16.016217440795,-0.00369944404825601,-0.00369944404825601,-0.00369944404825601,0.0376637682579198
13.5036026382197,0,0.0260526179813793,0,13.5036026382197,0.0260526179813793,0.0260526179813793,0.0260526179813793,0.0175137052055195
13.9836050997556,0,-0.0596374353307077,0,13.9836050997556,-0.0596374353307077,-0.0596374353307077,-0.0596374353307077,0.0260159424457815
11.3110693140974,0,0.00982781565554414,0,11.3110693140974,0.00982781565554414,0.00982781565554414,0.00982781565554414,0.0152975413868066
19.3344521561619,0,-0.0178892890128142,0,19.3344521561619,-0.0178892890128142,-0.0178892890128142,-0.0178892890128142,0.0322365626104049
12.3671082351961,0,0.0210231372322994,0,12.3671082351961,0.0210231372322994,0.0210231372322994,0.0210231372322994,0.0160828742749283
12.3654554745313,0,-0.0686880413546458,0,12.3654554745313,-0.0686880413546458,-0.0686880413546458,-0.0686880413546458,0.0513325050706189
19.2556223171704,0,0.0285945738844167,0,19.2556223171704,0.0285945738844167,0.0285945738844167,0.0285945738844167,0.0139726523520546
34.7312424253189,0,0.00360906084633839,0,34.7312424253189,0.00360906084633839,0.00360906084633839,0.00360906084633839,0.017575833019559
54.7209102152747,0,0.0196726221291343,0,54.7209102152747,0.0196726221291343,0.0196726221291343,0.0196726221291343,0.0109274670854921
6.48827225907391,0,0.0560417361250094,0,6.48827225907391,0.0560417361250094,0.0560417361250094,0.0560417361250094,0.0738012976335406
8.22166390729103,0,0.0200227074138689,0,8.22166390729103,0.0200227074138689,0.0200227074138689,0.0200227074138689,0.0889316774406693
11.7030101268542,0,0.0664031592294417,0,11.7030101268542,0.0664031592294417,0.0664031592294417,0.0664031592294417,0.0318702419669784
7.36539602284415,0,-0.0247872150245361,0,7.36539602284415,-0.0247872150245361,-0.0247872150245361,-0.0247872150245361,0.114121672795408
9.34902839864339,0,-0.0319037471830898,0,9.34902839864339,-0.0319037471830898,-0.0319037471830898,-0.0319037471830898,0.0353702402159913
12.5616640281909,0,0.00441577973083164,0,12.5616640281909,0.00441577973083164,0.00441577973083164,0.00441577973083164,0.0138459086615911
5.28892335541574,0,-0.0722438218615433,0,5.28892335541574,-0.0722438218615433,-0.0722438218615433,-0.0722438218615433,0.0393158996396484
10.8363107906744,0,-0.028098390818107,0,10.8363107906744,-0.028098390818107,-0.028098390818107,-0.028098390818107,0.071926050301895
11.7003583105711,0,-0.00186774348468509,0,11.7003583105711,-0.00186774348468509,-0.00186774348468509,-0.00186774348468509,0.00589871207554302
14.1717804897526,0,0.027255899623745,0,14.1717804897526,0.027255899623745,0.027255899623745,0.027255899623745,0.0438772018708798
10.4916049522311,0,0.0132463173032987,0,10.4916049522311,0.0132463173032987,0.0132463173032987,0.0132463173032987,0.0267192917518445
12.491172371433,0,0.00616174807970621,0,12.491172371433,0.00616174807970621,0.00616174807970621,0.00616174807970621,0.0405245193389735
31.4129223891295,0,-0.0481702543197104,0,31.4129223891295,-0.0481702543197104,-0.0481702543197104,-0.0481702543197104,0.04354801944707
23.3384346785706,0,0.0173424537425691,0,23.3384346785706,0.0173424537425691,0.0173424537425691,0.0173424537425691,0.0189266195413323
21.0471310356801,0,0.0617673658141888,0,21.0471310356801,0.0617673658141888,0.0617673658141888,0.0617673658141888,0.047052745863464
22.0025162092978,0,0.148833372639304,0,22.0025162092978,0.148833372639304,0.148833372639304,0.148833372639304,0.0966286283522948
142.027144302285,0,0.0480428181832702,0,142.027144302285,0.0480428181832702,0.0480428181832702,0.0480428181832702,0.0151652887885014
10.8384906759069,0,-0.00221059163205814,0,10.8384906759069,-0.00221059163205814,-0.00221059163205814,-0.00221059163205814,0.0251376149245104
15.3983817607889,0,0.00875331277188317,0,15.3983817607889,0.00875331277188317,0.00875331277188317,0.00875331277188317,0.0553131630412198
14.6925462604222,0,-0.00458452472707301,0,14.6925462604222,-0.00458452472707301,-0.00458452472707301,-0.00458452472707301,0.0444254697733256
8.14116878127968,0,0.0313541787643274,0,8.14116878127968,0.0313541787643274,0.0313541787643274,0.0313541787643274,0.0267464950236586
11.0161041029769,0,-0.0031766917676102,0,11.0161041029769,-0.0031766917676102,-0.0031766917676102,-0.0031766917676102,0.0522005254908412
12.612078023469,0,-0.0597088928688878,0,12.612078023469,-0.0597088928688878,-0.0597088928688878,-0.0597088928688878,0.0322576765582896
27.9381463268887,0,-0.0196646199066465,0,27.9381463268887,-0.0196646199066465,-0.0196646199066465,-0.0196646199066465,0.0266030945529787
28.4056044215739,0,-0.0234835133541325,0,28.4056044215739,-0.0234835133541325,-0.0234835133541325,-0.0234835133541325,0.0460235649191708
9.44659083119766,0,-0.0979355343768668,0,9.44659083119766,-0.0979355343768668,-0.0979355343768668,-0.0979355343768668,0.106984919191722
10.6319539160187,0,0.00587821668928426,0,10.6319539160187,0.00587821668928426,0.00587821668928426,0.00587821668928426,0.0434639030773943
NA,NA,NA,NA,NA,NA,NA,NA,NA
3.48138260502119,0,-0.0431716232209931,0,3.48138260502119,-0.0431716232209931,-0.0431716232209931,-0.0431716232209931,0.0321818721032191
5.59197431763262,0,-0.0578220526680145,0,5.59197431763262,-0.0578220526680145,-0.0578220526680145,-0.0578220526680145,0.0290843221745671
7.10118523761685,0,-0.0285278978712163,0,7.10118523761685,-0.0285278978712163,-0.0285278978712163,-0.0285278978712163,0.0595492352872805
8.39406695268219,0,0.0167837864563465,0,8.39406695268219,0.0167837864563465,0.0167837864563465,0.0167837864563465,0.0322473662392579
6.68163411954067,0,0.0399525800720857,0,6.68163411954067,0.0399525800720857,0.0399525800720857,0.0399525800720857,0.0632642521725607
10.9419857642508,0,-0.0876235523401562,0,10.9419857642508,-0.0876235523401562,-0.0876235523401562,-0.0876235523401562,0.0336377588977628
9.567453602661,0,-0.0130573193727359,0,9.567453602661,-0.0130573193727359,-0.0130573193727359,-0.0130573193727359,0.0264340771076804
9.56764954052794,0,-0.00578932875863998,0,9.56764954052794,-0.00578932875863998,-0.00578932875863998,-0.00578932875863998,0.0288617279537588
9.58796747981615,0,0.00725905880614161,0,9.58796747981615,0.00725905880614161,0.00725905880614161,0.00725905880614161,0.0422687684348916
10.3415882006709,0,-0.0979591311963027,0,10.3415882006709,-0.0979591311963027,-0.0979591311963027,-0.0979591311963027,0.0379022425227411
9.03381024943225,0,-0.0258591277728825,0,9.03381024943225,-0.0258591277728825,-0.0258591277728825,-0.0258591277728825,0.0210013285642308
7.292171244769,0,0.0214216184583366,0,7.292171244769,0.0214216184583366,0.0214216184583366,0.0214216184583366,0.00787016036700002
10.6567948708008,0,0.0203455428827325,0,10.6567948708008,0.0203455428827325,0.0203455428827325,0.0203455428827325,0.0367174068081082
15.83958844307,0,0.0399832495665445,0,15.83958844307,0.0399832495665445,0.0399832495665445,0.0399832495665445,0.0130470310288665
17.7014293147066,0,0.0234372077444364,0,17.7014293147066,0.0234372077444364,0.0234372077444364,0.0234372077444364,0.0323786122878216
16.016217440795,0,-0.00369944404825601,0,16.016217440795,-0.00369944404825601,-0.00369944404825601,-0.00369944404825601,0.0376637682579198
13.5036026382197,0,0.0260526179813793,0,13.5036026382197,0.0260526179813793,0.0260526179813793,0.0260526179813793,0.0175137052055195
13.9836050997556,0,-0.0596374353307077,0,13.9836050997556,-0.0596374353307077,-0.0596374353307077,-0.0596374353307077,0.0260159424457815
11.3110693140974,0,0.00982781565554414,0,11.3110693140974,0.00982781565554414,0.00982781565554414,0.00982781565554414,0.0152975413868066
19.3344521561619,0,-0.0178892890128142,0,19.3344521561619,-0.0178892890128142,-0.0178892890128142,-0.0178892890128142,0.0322365626104049
12.3671082351961,0,0.0210231372322994,0,12.3671082351961,0.0210231372322994,0.0210231372322994,0.0210231372322994,0.0160828742749283
12.3654554745313,0,-0.0686880413546458,0,12.3654554745313,-0.0686880413546458,-0.0686880413546458,-0.0686880413546458,0.0513325050706189
19.2556223171704,0,0.0285945738844167,0,19.2556223171704,0.0285945738844167,0.0285945738844167,0.0285945738844167,0.0139726523520546
34.7312424253189,0,0.00360906084633839,0,34.7312424253189,0.00360906084633839,0.00360906084633839,0.00360906084633839,0.017575833019559
54.7209102152747,0,0.0196726221291343,0,54.7209102152747,0.0196726221291343,0.0196726221291343,0.0196726221291343,0.0109274670854921
6.48827225907391,0,0.0560417361250094,0,6.48827225907391,0.0560417361250094,0.0560417361250094,0.0560417361250094,0.0738012976335406
8.22166390729103,0,0.0200227074138689,0,8.22166390729103,0.0200227074138689,0.0200227074138689,0.0200227074138689,0.0889316774406693
11.7030101268542,0,0.0664031592294417,0,11.7030101268542,0.0664031592294417,0.0664031592294417,0.0664031592294417,0.0318702419669784
7.36539602284415,0,-0.0247872150245361,0,7.36539602284415,-0.0247872150245361,-0.0247872150245361,-0.0247872150245361,0.114121672795408
9.34902839864339,0,-0.0319037471830898,0,9.34902839864339,-0.0319037471830898,-0.0319037471830898,-0.0319037471830898,0.0353702402159913
12.5616640281909,0,0.00441577973083164,0,12.5616640281909,0.00441577973083164,0.00441577973083164,0.00441577973083164,0.0138459086615911
5.28892335541574,0,-0.0722438218615433,0,5.28892335541574,-0.0722438218615433,-0.0722438218615433,-0.0722438218615433,0.0393158996396484
10.8363107906744,0,-0.028098390818107,0,10.8363107906744,-0.028098390818107,-0.028098390818107,-0.028098390818107,0.071926050301895
11.7003583105711,0,-0.00186774348468509,0,11.7003583105711,-0.00186774348468509,-0.00186774348468509,-0.00186774348468509,0.00589871207554302
14.1717804897526,0,0.027255899623745,0,14.1717804897526,0.027255899623745,0.027255899623745,0.027255899623745,0.0438772018708798
10.4916049522311,0,0.0132463173032987,0,10.4916049522311,0.0132463173032987,0.0132463173032987,0.0132463173032987,0.0267192917518445
12.491172371433,0,0.00616174807970621,0,12.491172371433,0.00616174807970621,0.00616174807970621,0.00616174807970621,0.0405245193389735
31.4129223891295,0,-0.0481702543197104,0,31.4129223891295,-0.0481702543197104,-0.0481702543197104,-0.0481702543197104,0.04354801944707
23.3384346785706,0,0.0173424537425691,0,23.3384346785706,0.0173424537425691,0.0173424537425691,0.0173424537425691,0.0189266195413323
21.0471310356801,0,0.0617673658141888,0,21.0471310356801,0.0617673658141888,0.0617673658141888,0.0617673658141888,0.047052745863464
22.0025162092978,0,0.148833372639304,0,22.0025162092978,0.148833372639304,0.148833372639304,0.148833372639304,0.0966286283522948
142.027144302285,0,0.0480428181832702,0,142.027144302285,0.0480428181832702,0.0480428181832702,0.0480428181832702,0.0151652887885014
10.8384906759069,0,-0.00221059163205814,0,10.8384906759069,-0.00221059163205814,-0.00221059163205814,-0.00221059163205814,0.0251376149245104
15.3983817607889,0,0.00875331277188317,0,15.3983817607889,0.00875331277188317,0.00875331277188317,0.00875331277188317,0.0553131630412198
14.6925462604222,0,-0.00458452472707301,0,14.6925462604222,-0.00458452472707301,-0.00458452472707301,-0.00458452472707301,0.0444254697733256
8.14116878127968,0,0.0313541787643274,0,8.14116878127968,0.0313541787643274,0.0313541787643274,0.0313541787643274,0.0267464950236586
11.0161041029769,0,-0.0031766917676102,0,11.0161041029769,-0.0031766917676102,-0.0031766917676102,-0.0031766917676102,0.0522005254908412
12.612078023469,0,-0.0597088928688878,0,12.612078023469,-0.0597088928688878,-0.0597088928688878,-0.0597088928688878,0.0322576765582896
27.9381463268887,0,-0.0196646199066465,0,27.9381463268887,-0.0196646199066465,-0.0196646199066465,-0.0196646199066465,0.0266030945529787
28.4056044215739,0,-0.0234835133541325,0,28.4056044215739,-0.0234835133541325,-0.0234835133541325,-0.0234835133541325,0.0460235649191708
9.44659083119766,0,-0.0979355343768668,0,9.44659083119766,-0.0979355343768668,-0.0979355343768668,-0.0979355343768668,0.106984919191722
10.6319539160187,0,0.00587821668928426,0,10.6319539160187,0.00587821668928426,0.00587821668928426,0.00587821668928426,0.0434639030773943
NA,NA,NA,NA,NA,NA,NA,NA,NA
3.48138260502119,0,-0.0431716232209931,0,3.48138260502119,-0.0431716232209931,-0.0431716232209931,-0.0431716232209931,0.0321818721032191
5.59197431763262,0,-0.0578220526680145,0,5.59197431763262,-0.0578220526680145,-0.0578220526680145,-0.0578220526680145,0.0290843221745671
7.10118523761685,0,-0.0285278978712163,0,7.10118523761685,-0.0285278978712163,-0.0285278978712163,-0.0285278978712163,0.0595492352872805
8.39406695268219,0,0.0167837864563465,0,8.39406695268219,0.0167837864563465,0.0167837864563465,0.0167837864563465,0.0322473662392579
6.68163411954067,0,0.0399525800720857,0,6.68163411954067,0.0399525800720857,0.0399525800720857,0.0399525800720857,0.0632642521725607
10.9419857642508,0,-0.0876235523401562,0,10.9419857642508,-0.0876235523401562,-0.0876235523401562,-0.0876235523401562,0.0336377588977628
9.567453602661,0,-0.0130573193727359,0,9.567453602661,-0.0130573193727359,-0.0130573193727359,-0.0130573193727359,0.0264340771076804
9.56764954052794,0,-0.00578932875863998,0,9.56764954052794,-0.00578932875863998,-0.00578932875863998,-0.00578932875863998,0.0288617279537588
9.58796747981615,0,0.00725905880614161,0,9.58796747981615,0.00725905880614161,0.00725905880614161,0.00725905880614161,0.0422687684348916
10.3415882006709,0,-0.0979591311963027,0,10.3415882006709,-0.0979591311963027,-0.0979591311963027,-0.0979591311963027,0.0379022425227411
9.03381024943225,0,-0.0258591277728825,0,9.03381024943225,-0.0258591277728825,-0.0258591277728825,-0.0258591277728825,0.0210013285642308
7.292171244769,0,0.0214216184583366,0,7.292171244769,0.0214216184583366,0.0214216184583366,0.0214216184583366,0.00787016036700002
10.6567948708008,0,0.0203455428827325,0,10.6567948708008,0.0203455428827325,0.0203455428827325,0.0203455428827325,0.0367174068081082
15.83958844307,0,0.0399832495665445,0,15.83958844307,0.0399832495665445,0.0399832495665445,0.0399832495665445,0.0130470310288665
17.7014293147066,0,0.0234372077444364,0,17.7014293147066,0.0234372077444364,0.0234372077444364,0.0234372077444364,0.0323786122878216
16.016217440795,0,-0.00369944404825601,0,16.016217440795,-0.00369944404825601,-0.00369944404825601,-0.00369944404825601,0.0376637682579198
13.5036026382197,0,0.0260526179813793,0,13.5036026382197,0.0260526179813793,0.0260526179813793,0.0260526179813793,0.0175137052055195
13.9836050997556,0,-0.0596374353307077,0,13.9836050997556,-0.0596374353307077,-0.0596374353307077,-0.0596374353307077,0.0260159424457815
11.3110693140974,0,0.00982781565554414,0,11.3110693140974,0.00982781565554414,0.00982781565554414,0.00982781565554414,0.0152975413868066
19.3344521561619,0,-0.0178892890128142,0,19.3344521561619,-0.0178892890128142,-0.0178892890128142,-0.0178892890128142,0.0322365626104049
12.3671082351961,0,0.0210231372322994,0,12.3671082351961,0.0210231372322994,0.0210231372322994,0.0210231372322994,0.0160828742749283
12.3654554745313,0,-0.0686880413546458,0,12.3654554745313,-0.0686880413546458,-0.0686880413546458,-0.0686880413546458,0.0513325050706189
19.2556223171704,0,0.0285945738844167,0,19.2556223171704,0.0285945738844167,0.0285945738844167,0.0285945738844167,0.0139726523520546
34.7312424253189,0,0.00360906084633839,0,34.7312424253189,0.00360906084633839,0.00360906084633839,0.00360906084633839,0.017575833019559
54.7209102152747,0,0.0196726221291343,0,54.7209102152747,0.0196726221291343,0.0196726221291343,0.0196726221291343,0.0109274670854921
6.48827225907391,0,0.0560417361250094,0,6.48827225907391,0.0560417361250094,0.0560417361250094,0.0560417361250094,0.0738012976335406
8.22166390729103,0,0.0200227074138689,0,8.22166390729103,0.0200227074138689,0.0200227074138689,0.0200227074138689,0.0889316774406693
11.7030101268542,0,0.0664031592294417,0,11.7030101268542,0.0664031592294417,0.0664031592294417,0.0664031592294417,0.0318702419669784
7.36539602284415,0,-0.0247872150245361,0,7.36539602284415,-0.0247872150245361,-0.0247872150245361,-0.0247872150245361,0.114121672795408
9.34902839864339,0,-0.0319037471830898,0,9.34902839864339,-0.0319037471830898,-0.0319037471830898,-0.0319037471830898,0.0353702402159913
12.5616640281909,0,0.00441577973083164,0,12.5616640281909,0.00441577973083164,0.00441577973083164,0.00441577973083164,0.0138459086615911
5.28892335541574,0,-0.0722438218615433,0,5.28892335541574,-0.0722438218615433,-0.0722438218615433,-0.0722438218615433,0.0393158996396484
10.8363107906744,0,-0.028098390818107,0,10.8363107906744,-0.028098390818107,-0.028098390818107,-0.028098390818107,0.071926050301895
11.7003583105711,0,-0.00186774348468509,0,11.7003583105711,-0.00186774348468509,-0.00186774348468509,-0.00186774348468509,0.00589871207554302
14.1717804897526,0,0.027255899623745,0,14.1717804897526,0.027255899623745,0.027255899623745,0.027255899623745,0.0438772018708798
10.4916049522311,0,0.0132463173032987,0,10.4916049522311,0.0132463173032987,0.0132463173032987,0.0132463173032987,0.0267192917518445
12.491172371433,0,0.00616174807970621,0,12.491172371433,0.00616174807970621,0.00616174807970621,0.00616174807970621,0.0405245193389735
31.4129223891295,0,-0.0481702543197104,0,31.4129223891295,-0.0481702543197104,-0.0481702543197104,-0.0481702543197104,0.04354801944707
23.3384346785706,0,0.0173424537425691,0,23.3384346785706,0.0173424537425691,0.0173424537425691,0.0173424537425691,0.0189266195413323
21.0471310356801,0,0.0617673658141888,0,21.0471310356801,0.0617673658141888,0.0617673658141888,0.0617673658141888,0.047052745863464
22.0025162092978,0,0.148833372639304,0,22.0025162092978,0.148833372639304,0.148833372639304,0.148833372639304,0.0966286283522948
142.027144302285,0,0.0480428181832702,0,142.027144302285,0.0480428181832702,0.0480428181832702,0.0480428181832702,0.0151652887885014
10.8384906759069,0,-0.00221059163205814,0,10.8384906759069,-0.00221059163205814,-0.00221059163205814,-0.00221059163205814,0.0251376149245104
15.3983817607889,0,0.00875331277188317,0,15.3983817607889,0.00875331277188317,0.00875331277188317,0.00875331277188317,0.0553131630412198
14.6925462604222,0,-0.00458452472707301,0,14.6925462604222,-0.00458452472707301,-0.00458452472707301,-0.00458452472707301,0.0444254697733256
8.14116878127968,0,0.0313541787643274,0,8.14116878127968,0.0313541787643274,0.0313541787643274,0.0313541787643274,0.0267464950236586
11.0161041029769,0,-0.0031766917676102,0,11.0161041029769,-0.0031766917676102,-0.0031766917676102,-0.0031766917676102,0.0522005254908412
12.612078023469,0,-0.0597088928688878,0,12.612078023469,-0.0597088928688878,-0.0597088928688878,-0.0597088928688878,0.0322576765582896
27.9381463268887,0,-0.0196646199066465,0,27.9381463268887,-0.0196646199066465,-0.0196646199066465,-0.0196646199066465,0.0266030945529787
28.4056044215739,0,-0.0234835133541325,0,28.4056044215739,-0.0234835133541325,-0.0234835133541325,-0.0234835133541325,0.0460235649191708
9.44659083119766,0,-0.0979355343768668,0,9.44659083119766,-0.0979355343768668,-0.0979355343768668,-0.0979355343768668,0.106984919191722
10.6319539160187,0,0.00587821668928426,0,10.6319539160187,0.00587821668928426,0.00587821668928426,0.00587821668928426,0.0434639030773943
NA,NA,NA,NA,NA,NA,NA,NA,NA
3.48138260502119,0,-0.0431716232209931,0,3.48138260502119,-0.0431716232209931,-0.0431716232209931,-0.0431716232209931,0.0321818721032191
5.59197431763262,0,-0.0578220526680145,0,5.59197431763262,-0.0578220526680145,-0.0578220526680145,-0.0578220526680145,0.0290843221745671
7.10118523761685,0,-0.0285278978712163,0,7.10118523761685,-0.0285278978712163,-0.0285278978712163,-0.0285278978712163,0.0595492352872805
8.39406695268219,0,0.0167837864563465,0,8.39406695268219,0.0167837864563465,0.0167837864563465,0.0167837864563465,0.0322473662392579
6.68163411954067,0,0.0399525800720857,0,6.68163411954067,0.0399525800720857,0.0399525800720857,0.0399525800720857,0.0632642521725607
10.9419857642508,0,-0.0876235523401562,0,10.9419857642508,-0.0876235523401562,-0.0876235523401562,-0.0876235523401562,0.0336377588977628
9.567453602661,0,-0.0130573193727359,0,9.567453602661,-0.0130573193727359,-0.0130573193727359,-0.0130573193727359,0.0264340771076804
9.56764954052794,0,-0.00578932875863998,0,9.56764954052794,-0.00578932875863998,-0.00578932875863998,-0.00578932875863998,0.0288617279537588
9.58796747981615,0,0.00725905880614161,0,9.58796747981615,0.00725905880614161,0.00725905880614161,0.00725905880614161,0.0422687684348916
10.3415882006709,0,-0.0979591311963027,0,10.3415882006709,-0.0979591311963027,-0.0979591311963027,-0.0979591311963027,0.0379022425227411
9.03381024943225,0,-0.0258591277728825,0,9.03381024943225,-0.0258591277728825,-0.0258591277728825,-0.0258591277728825,0.0210013285642308
7.292171244769,0,0.0214216184583366,0,7.292171244769,0.0214216184583366,0.0214216184583366,0.0214216184583366,0.00787016036700002
10.6567948708008,0,0.0203455428827325,0,10.6567948708008,0.0203455428827325,0.0203455428827325,0.0203455428827325,0.0367174068081082
15.83958844307,0,0.0399832495665445,0,15.83958844307,0.0399832495665445,0.0399832495665445,0.0399832495665445,0.0130470310288665
17.7014293147066,0,0.0234372077444364,0,17.7014293147066,0.0234372077444364,0.0234372077444364,0.0234372077444364,0.0323786122878216
16.016217440795,0,-0.00369944404825601,0,16.016217440795,-0.00369944404825601,-0.00369944404825601,-0.00369944404825601,0.0376637682579198
13.5036026382197,0,0.0260526179813793,0,13.5036026382197,0.0260526179813793,0.0260526179813793,0.0260526179813793,0.0175137052055195
13.9836050997556,0,-0.0596374353307077,0,13.9836050997556,-0.0596374353307077,-0.0596374353307077,-0.0596374353307077,0.0260159424457815
11.3110693140974,0,0.00982781565554414,0,11.3110693140974,0.00982781565554414,0.00982781565554414,0.00982781565554414,0.0152975413868066
19.3344521561619,0,-0.0178892890128142,0,19.3344521561619,-0.0178892890128142,-0.0178892890128142,-0.0178892890128142,0.0322365626104049
12.3671082351961,0,0.0210231372322994,0,12.3671082351961,0.0210231372322994,0.0210231372322994,0.0210231372322994,0.0160828742749283
12.3654554745313,0,-0.0686880413546458,0,12.3654554745313,-0.0686880413546458,-0.0686880413546458,-0.0686880413546458,0.0513325050706189
19.2556223171704,0,0.0285945738844167,0,19.2556223171704,0.0285945738844167,0.0285945738844167,0.0285945738844167,0.0139726523520546
34.7312424253189,0,0.00360906084633839,0,34.7312424253189,0.00360906084633839,0.00360906084633839,0.00360906084633839,0.017575833019559
54.7209102152747,0,0.0196726221291343,0,54.7209102152747,0.0196726221291343,0.0196726221291343,0.0196726221291343,0.0109274670854921
6.48827225907391,0,0.0560417361250094,0,6.48827225907391,0.0560417361250094,0.0560417361250094,0.0560417361250094,0.0738012976335406
8.22166390729103,0,0.0200227074138689,0,8.22166390729103,0.0200227074138689,0.0200227074138689,0.0200227074138689,0.0889316774406693
11.7030101268542,0,0.0664031592294417,0,11.7030101268542,0.0664031592294417,0.0664031592294417,0.0664031592294417,0.0318702419669784
7.36539602284415,0,-0.0247872150245361,0,7.36539602284415,-0.0247872150245361,-0.0247872150245361,-0.0247872150245361,0.114121672795408
9.34902839864339,0,-0.0319037471830898,0,9.34902839864339,-0.0319037471830898,-0.0319037471830898,-0.0319037471830898,0.0353702402159913
12.5616640281909,0,0.00441577973083164,0,12.5616640281909,0.00441577973083164,0.00441577973083164,0.00441577973083164,0.0138459086615911
5.28892335541574,0,-0.0722438218615433,0,5.28892335541574,-0.0722438218615433,-0.0722438218615433,-0.0722438218615433,0.0393158996396484
10.8363107906744,0,-0.028098390818107,0,10.8363107906744,-0.028098390818107,-0.028098390818107,-0.028098390818107,0.071926050301895
11.7003583105711,0,-0.00186774348468509,0,11.7003583105711,-0.00186774348468509,-0.00186774348468509,-0.00186774348468509,0.00589871207554302
14.1717804897526,0,0.027255899623745,0,14.1717804897526,0.027255899623745,0.027255899623745,0.027255899623745,0.0438772018708798
10.4916049522311,0,0.0132463173032987,0,10.4916049522311,0.0132463173032987,0.0132463173032987,0.0132463173032987,0.0267192917518445
12.491172371433,0,0.00616174807970621,0,12.491172371433,0.00616174807970621,0.00616174807970621,0.00616174807970621,0.0405245193389735
31.4129223891295,0,-0.0481702543197104,0,31.4129223891295,-0.0481702543197104,-0.0481702543197104,-0.0481702543197104,0.04354801944707
23.3384346785706,0,0.0173424537425691,0,23.3384346785706,0.0173424537425691,0.0173424537425691,0.0173424537425691,0.0189266195413323
21.0471310356801,0,0.0617673658141888,0,21.0471310356801,0.0617673658141888,0.0617673658141888,0.0617673658141888,0.047052745863464
22.0025162092978,0,0.148833372639304,0,22.0025162092978,0.148833372639304,0.148833372639304,0.148833372639304,0.0966286283522948
142.027144302285,0,0.0480428181832702,0,142.027144302285,0.0480428181832702,0.0480428181832702,0.0480428181832702,0.0151652887885014
10.8384906759069,0,-0.00221059163205814,0,10.8384906759069,-0.00221059163205814,-0.00221059163205814,-0.00221059163205814,0.0251376149245104
15.3983817607889,0,0.00875331277188317,0,15.3983817607889,0.00875331277188317,0.00875331277188317,0.00875331277188317,0.0553131630412198
14.6925462604222,0,-0.00458452472707301,0,14.6925462604222,-0.00458452472707301,-0.00458452472707301,-0.00458452472707301,0.0444254697733256
8.14116878127968,0,0.0313541787643274,0,8.14116878127968,0.0313541787643274,0.0313541787643274,0.0313541787643274,0.0267464950236586
11.0161041029769,0,-0.0031766917676102,0,11.0161041029769,-0.0031766917676102,-0.0031766917676102,-0.0031766917676102,0.0522005254908412
12.612078023469,0,-0.0597088928688878,0,12.612078023469,-0.0597088928688878,-0.0597088928688878,-0.0597088928688878,0.0322576765582896
27.9381463268887,0,-0.0196646199066465,0,27.9381463268887,-0.0196646199066465,-0.0196646199066465,-0.0196646199066465,0.0266030945529787
28.4056044215739,0,-0.0234835133541325,0,28.4056044215739,-0.0234835133541325,-0.0234835133541325,-0.0234835133541325,0.0460235649191708
9.44659083119766,0,-0.0979355343768668,0,9.44659083119766,-0.0979355343768668,-0.0979355343768668,-0.0979355343768668,0.106984919191722
10.6319539160187,0,0.00587821668928426,0,10.6319539160187,0.00587821668928426,0.00587821668928426,0.00587821668928426,0.0434639030773943
NA,NA,NA,NA,NA,NA,NA,NA,NA
3.48138260502119,0,-0.0431716232209931,0,3.48138260502119,-0.0431716232209931,-0.0431716232209931,-0.0431716232209931,0.0321818721032191
5.59197431763262,0,-0.0578220526680145,0,5.59197431763262,-0.0578220526680145,-0.0578220526680145,-0.0578220526680145,0.0290843221745671
7.10118523761685,0,-0.0285278978712163,0,7.10118523761685,-0.0285278978712163,-0.0285278978712163,-0.0285278978712163,0.0595492352872805
8.39406695268219,0,0.0167837864563465,0,8.39406695268219,0.0167837864563465,0.0167837864563465,0.0167837864563465,0.0322473662392579
6.68163411954067,0,0.0399525800720857,0,6.68163411954067,0.0399525800720857,0.0399525800720857,0.0399525800720857,0.0632642521725607
10.9419857642508,0,-0.0876235523401562,0,10.9419857642508,-0.0876235523401562,-0.0876235523401562,-0.0876235523401562,0.0336377588977628
9.567453602661,0,-0.0130573193727359,0,9.567453602661,-0.0130573193727359,-0.0130573193727359,-0.0130573193727359,0.0264340771076804
9.56764954052794,0,-0.00578932875863998,0,9.56764954052794,-0.00578932875863998,-0.00578932875863998,-0.00578932875863998,0.0288617279537588
9.58796747981615,0,0.00725905880614161,0,9.58796747981615,0.00725905880614161,0.00725905880614161,0.00725905880614161,0.0422687684348916
10.3415882006709,0,-0.0979591311963027,0,10.3415882006709,-0.0979591311963027,-0.0979591311963027,-0.0979591311963027,0.0379022425227411
9.03381024943225,0,-0.0258591277728825,0,9.03381024943225,-0.0258591277728825,-0.0258591277728825,-0.0258591277728825,0.0210013285642308
7.292171244769,0,0.0214216184583366,0,7.292171244769,0.0214216184583366,0.0214216184583366,0.0214216184583366,0.00787016036700002
10.6567948708008,0,0.0203455428827325,0,10.6567948708008,0.0203455428827325,0.0203455428827325,0.0203455428827325,0.0367174068081082
15.83958844307,0,0.0399832495665445,0,15.83958844307,0.0399832495665445,0.0399832495665445,0.0399832495665445,0.0130470310288665
17.7014293147066,0,0.0234372077444364,0,17.7014293147066,0.0234372077444364,0.0234372077444364,0.0234372077444364,0.0323786122878216
16.016217440795,0,-0.00369944404825601,0,16.016217440795,-0.00369944404825601,-0.00369944404825601,-0.00369944404825601,0.0376637682579198
13.5036026382197,0,0.0260526179813793,0,13.5036026382197,0.0260526179813793,0.0260526179813793,0.0260526179813793,0.0175137052055195
13.9836050997556,0,-0.0596374353307077,0,13.9836050997556,-0.0596374353307077,-0.0596374353307077,-0.0596374353307077,0.0260159424457815
11.3110693140974,0,0.00982781565554414,0,11.3110693140974,0.00982781565554414,0.00982781565554414,0.00982781565554414,0.0152975413868066
19.3344521561619,0,-0.0178892890128142,0,19.3344521561619,-0.0178892890128142,-0.0178892890128142,-0.0178892890128142,0.0322365626104049
12.3671082351961,0,0.0210231372322994,0,12.3671082351961,0.0210231372322994,0.0210231372322994,0.0210231372322994,0.0160828742749283
12.3654554745313,0,-0.0686880413546458,0,12.3654554745313,-0.0686880413546458,-0.0686880413546458,-0.0686880413546458,0.0513325050706189
19.2556223171704,0,0.0285945738844167,0,19.2556223171704,0.0285945738844167,0.0285945738844167,0.0285945738844167,0.0139726523520546
34.7312424253189,0,0.00360906084633839,0,34.7312424253189,0.00360906084633839,0.00360906084633839,0.00360906084633839,0.017575833019559
54.7209102152747,0,0.0196726221291343,0,54.7209102152747,0.0196726221291343,0.0196726221291343,0.0196726221291343,0.0109274670854921
6.48827225907391,0,0.0560417361250094,0,6.48827225907391,0.0560417361250094,0.0560417361250094,0.0560417361250094,0.0738012976335406
8.22166390729103,0,0.0200227074138689,0,8.22166390729103,0.0200227074138689,0.0200227074138689,0.0200227074138689,0.0889316774406693
11.7030101268542,0,0.0664031592294417,0,11.7030101268542,0.0664031592294417,0.0664031592294417,0.0664031592294417,0.0318702419669784
7.36539602284415,0,-0.0247872150245361,0,7.36539602284415,-0.0247872150245361,-0.0247872150245361,-0.0247872150245361,0.114121672795408
9.34902839864339,0,-0.0319037471830898,0,9.34902839864339,-0.0319037471830898,-0.0319037471830898,-0.0319037471830898,0.0353702402159913
12.5616640281909,0,0.00441577973083164,0,12.5616640281909,0.00441577973083164,0.00441577973083164,0.00441577973083164,0.0138459086615911
5.28892335541574,0,-0.0722438218615433,0,5.28892335541574,-0.0722438218615433,-0.0722438218615433,-0.0722438218615433,0.0393158996396484
10.8363107906744,0,-0.028098390818107,0,10.8363107906744,-0.028098390818107,-0.028098390818107,-0.028098390818107,0.071926050301895
11.7003583105711,0,-0.00186774348468509,0,11.7003583105711,-0.00186774348468509,-0.00186774348468509,-0.00186774348468509,0.00589871207554302
14.1717804897526,0,0.027255899623745,0,14.1717804897526,0.027255899623745,0.027255899623745,0.027255899623745,0.0438772018708798
10.4916049522311,0,0.0132463173032987,0,10.4916049522311,0.0132463173032987,0.0132463173032987,0.0132463173032987,0.0267192917518445
12.491172371433,0,0.00616174807970621,0,12.491172371433,0.00616174807970621,0.00616174807970621,0.00616174807970621,0.0405245193389735
31.4129223891295,0,-0.0481702543197104,0,31.4129223891295,-0.0481702543197104,-0.0481702543197104,-0.0481702543197104,0.04354801944707
23.3384346785706,0,0.0173424537425691,0,23.3384346785706,0.0173424537425691,0.0173424537425691,0.0173424537425691,0.0189266195413323
21.0471310356801,0,0.0617673658141888,0,21.0471310356801,0.0617673658141888,0.0617673658141888,0.0617673658141888,0.047052745863464
22.0025162092978,0,0.148833372639304,0,22.0025162092978,0.148833372639304,0.148833372639304,0.148833372639304,0.0966286283522948
142.027144302285,0,0.0480428181832702,0,142.027144302285,0.0480428181832702,0.0480428181832702,0.0480428181832702,0.0151652887885014
10.8384906759069,0,-0.00221059163205814,0,10.8384906759069,-0.00221059163205814,-0.00221059163205814,-0.00221059163205814,0.0251376149245104
15.3983817607889,0,0.00875331277188317,0,15.3983817607889,0.00875331277188317,0.00875331277188317,0.00875331277188317,0.0553131630412198
14.6925462604222,0,-0.00458452472707301,0,14.6925462604222,-0.00458452472707301,-0.00458452472707301,-0.00458452472707301,0.0444254697733256
8.14116878127968,0,0.0313541787643274,0,8.14116878127968,0.0313541787643274,0.0313541787643274,0.0313541787643274,0.0267464950236586
11.0161041029769,0,-0.0031766917676102,0,11.0161041029769,-0.0031766917676102,-0.0031766917676102,-0.0031766917676102,0.0522005254908412
12.612078023469,0,-0.0597088928688878,0,12.612078023469,-0.0597088928688878,-0.0597088928688878,-0.0597088928688878,0.0322576765582896
27.9381463268887,0,-0.0196646199066465,0,27.9381463268887,-0.0196646199066465,-0.0196646199066465,-0.0196646199066465,0.0266030945529787
28.4056044215739,0,-0.0234835133541325,0,28.4056044215739,-0.0234835133541325,-0.0234835133541325,-0.0234835133541325,0.0460235649191708
9.44659083119766,0,-0.0979355343768668,0,9.44659083119766,-0.0979355343768668,-0.0979355343768668,-0.0979355343768668,0.106984919191722
10.6319539160187,0,0.00587821668928426,0,10.6319539160187,0.00587821668928426,0.00587821668928426,0.00587821668928426,0.0434639030773943
NA,NA,NA,NA,NA,NA,NA,NA,NA
3.48138260502119,0,-0.0431716232209931,0,3.48138260502119,-0.0431716232209931,-0.0431716232209931,-0.0431716232209931,0.0321818721032191
5.59197431763262,0,-0.0578220526680145,0,5.59197431763262,-0.0578220526680145,-0.0578220526680145,-0.0578220526680145,0.0290843221745671
7.10118523761685,0,-0.0285278978712163,0,7.10118523761685,-0.0285278978712163,-0.0285278978712163,-0.0285278978712163,0.0595492352872805
8.39406695268219,0,0.0167837864563465,0,8.39406695268219,0.0167837864563465,0.0167837864563465,0.0167837864563465,0.0322473662392579
6.68163411954067,0,0.0399525800720857,0,6.68163411954067,0.0399525800720857,0.0399525800720857,0.0399525800720857,0.0632642521725607
10.9419857642508,0,-0.0876235523401562,0,10.9419857642508,-0.0876235523401562,-0.0876235523401562,-0.0876235523401562,0.0336377588977628
9.567453602661,0,-0.0130573193727359,0,9.567453602661,-0.0130573193727359,-0.0130573193727359,-0.0130573193727359,0.0264340771076804
9.56764954052794,0,-0.00578932875863998,0,9.56764954052794,-0.00578932875863998,-0.00578932875863998,-0.00578932875863998,0.0288617279537588
9.58796747981615,0,0.00725905880614161,0,9.58796747981615,0.00725905880614161,0.00725905880614161,0.00725905880614161,0.0422687684348916
10.3415882006709,0,-0.0979591311963027,0,10.3415882006709,-0.0979591311963027,-0.0979591311963027,-0.0979591311963027,0.0379022425227411
9.03381024943225,0,-0.0258591277728825,0,9.03381024943225,-0.0258591277728825,-0.0258591277728825,-0.0258591277728825,0.0210013285642308
7.292171244769,0,0.0214216184583366,0,7.292171244769,0.0214216184583366,0.0214216184583366,0.0214216184583366,0.00787016036700002
10.6567948708008,0,0.0203455428827325,0,10.6567948708008,0.0203455428827325,0.0203455428827325,0.0203455428827325,0.0367174068081082
15.83958844307,0,0.0399832495665445,0,15.83958844307,0.0399832495665445,0.0399832495665445,0.0399832495665445,0.0130470310288665
17.7014293147066,0,0.0234372077444364,0,17.7014293147066,0.0234372077444364,0.0234372077444364,0.0234372077444364,0.0323786122878216
16.016217440795,0,-0.00369944404825601,0,16.016217440795,-0.00369944404825601,-0.00369944404825601,-0.00369944404825601,0.0376637682579198
13.5036026382197,0,0.0260526179813793,0,13.5036026382197,0.0260526179813793,0.0260526179813793,0.0260526179813793,0.0175137052055195
13.9836050997556,0,-0.0596374353307077,0,13.9836050997556,-0.0596374353307077,-0.0596374353307077,-0.0596374353307077,0.0260159424457815
11.3110693140974,0,0.00982781565554414,0,11.3110693140974,0.00982781565554414,0.00982781565554414,0.00982781565554414,0.0152975413868066
19.3344521561619,0,-0.0178892890128142,0,19.3344521561619,-0.0178892890128142,-0.0178892890128142,-0.0178892890128142,0.0322365626104049
12.3671082351961,0,0.0210231372322994,0,12.3671082351961,0.0210231372322994,0.0210231372322994,0.0210231372322994,0.0160828742749283
12.3654554745313,0,-0.0686880413546458,0,12.3654554745313,-0.0686880413546458,-0.0686880413546458,-0.0686880413546458,0.0513325050706189
19.2556223171704,0,0.0285945738844167,0,19.2556223171704,0.0285945738844167,0.0285945738844167,0.0285945738844167,0.0139726523520546
34.7312424253189,0,0.00360906084633839,0,34.7312424253189,0.00360906084633839,0.00360906084633839,0.00360906084633839,0.017575833019559
54.7209102152747,0,0.0196726221291343,0,54.7209102152747,0.0196726221291343,0.0196726221291343,0.0196726221291343,0.0109274670854921
6.48827225907391,0,0.0560417361250094,0,6.48827225907391,0.0560417361250094,0.0560417361250094,0.0560417361250094,0.0738012976335406
8.22166390729103,0,0.0200227074138689,0,8.22166390729103,0.0200227074138689,0.0200227074138689,0.0200227074138689,0.0889316774406693
11.7030101268542,0,0.0664031592294417,0,11.7030101268542,0.0664031592294417,0.0664031592294417,0.0664031592294417,0.0318702419669784
7.36539602284415,0,-0.0247872150245361,0,7.36539602284415,-0.0247872150245361,-0.0247872150245361,-0.0247872150245361,0.114121672795408
9.34902839864339,0,-0.0319037471830898,0,9.34902839864339,-0.0319037471830898,-0.0319037471830898,-0.0319037471830898,0.0353702402159913
12.5616640281909,0,0.00441577973083164,0,12.5616640281909,0.00441577973083164,0.00441577973083164,0.00441577973083164,0.0138459086615911
5.28892335541574,0,-0.0722438218615433,0,5.28892335541574,-0.0722438218615433,-0.0722438218615433,-0.0722438218615433,0.0393158996396484
10.8363107906744,0,-0.028098390818107,0,10.8363107906744,-0.028098390818107,-0.028098390818107,-0.028098390818107,0.071926050301895
11.7003583105711,0,-0.00186774348468509,0,11.7003583105711,-0.00186774348468509,-0.00186774348468509,-0.00186774348468509,0.00589871207554302
14.1717804897526,0,0.027255899623745,0,14.1717804897526,0.027255899623745,0.027255899623745,0.027255899623745,0.0438772018708798
10.4916049522311,0,0.0132463173032987,0,10.4916049522311,0.0132463173032987,0.0132463173032987,0.0132463173032987,0.0267192917518445
12.491172371433,0,0.00616174807970621,0,12.491172371433,0.00616174807970621,0.00616174807970621,0.00616174807970621,0.0405245193389735
31.4129223891295,0,-0.0481702543197104,0,31.4129223891295,-0.0481702543197104,-0.0481702543197104,-0.0481702543197104,0.04354801944707
23.3384346785706,0,0.0173424537425691,0,23.3384346785706,0.0173424537425691,0.0173424537425691,0.0173424537425691,0.0189266195413323
21.0471310356801,0,0.0617673658141888,0,21.0471310356801,0.0617673658141888,0.0617673658141888,0.0617673658141888,0.047052745863464
22.0025162092978,0,0.148833372639304,0,22.0025162092978,0.148833372639304,0.148833372639304,0.148833372639304,0.0966286283522948
142.027144302285,0,0.0480428181832702,0,142.027144302285,0.0480428181832702,0.0480428181832702,0.0480428181832702,0.0151652887885014
10.8384906759069,0,-0.00221059163205814,0,10.8384906759069,-0.00221059163205814,-0.00221059163205814,-0.00221059163205814,0.0251376149245104
15.3983817607889,0,0.00875331277188317,0,15.3983817607889,0.00875331277188317,0.00875331277188317,0.00875331277188317,0.0553131630412198
14.6925462604222,0,-0.00458452472707301,0,14.6925462604222,-0.00458452472707301,-0.00458452472707301,-0.00458452472707301,0.0444254697733256
8.14116878127968,0,0.0313541787643274,0,8.14116878127968,0.0313541787643274,0.0313541787643274,0.0313541787643274,0.0267464950236586
11.0161041029769,0,-0.0031766917676102,0,11.0161041029769,-0.0031766917676102,-0.0031766917676102,-0.0031766917676102,0.0522005254908412
12.612078023469,0,-0.0597088928688878,0,12.612078023469,-0.0597088928688878,-0.0597088928688878,-0.0597088928688878,0.0322576765582896
27.9381463268887,0,-0.0196646199066465,0,27.9381463268887,-0.0196646199066465,-0.0196646199066465,-0.0196646199066465,0.0266030945529787
28.4056044215739,0,-0.0234835133541325,0,28.4056044215739,-0.0234835133541325,-0.0234835133541325,-0.0234835133541325,0.0460235649191708
9.44659083119766,0,-0.0979355343768668,0,9.44659083119766,-0.0979355343768668,-0.0979355343768668,-0.0979355343768668,0.106984919191722
10.6319539160187,0,0.00587821668928426,0,10.6319539160187,0.00587821668928426,0.00587821668928426,0.00587821668928426,0.0434639030773943
NA,NA,NA,NA,NA,NA,NA,NA,NA
3.48138260502119,0,-0.0431716232209931,0,3.48138260502119,-0.0431716232209931,-0.0431716232209931,-0.0431716232209931,0.0321818721032191
5.59197431763262,0,-0.0578220526680145,0,5.59197431763262,-0.0578220526680145,-0.0578220526680145,-0.0578220526680145,0.0290843221745671
7.10118523761685,0,-0.0285278978712163,0,7.10118523761685,-0.0285278978712163,-0.0285278978712163,-0.0285278978712163,0.0595492352872805
8.39406695268219,0,0.0167837864563465,0,8.39406695268219,0.0167837864563465,0.0167837864563465,0.0167837864563465,0.0322473662392579
6.68163411954067,0,0.0399525800720857,0,6.68163411954067,0.0399525800720857,0.0399525800720857,0.0399525800720857,0.0632642521725607
10.9419857642508,0,-0.0876235523401562,0,10.9419857642508,-0.0876235523401562,-0.0876235523401562,-0.0876235523401562,0.0336377588977628
9.567453602661,0,-0.0130573193727359,0,9.567453602661,-0.0130573193727359,-0.0130573193727359,-0.0130573193727359,0.0264340771076804
9.56764954052794,0,-0.00578932875863998,0,9.56764954052794,-0.00578932875863998,-0.00578932875863998,-0.00578932875863998,0.0288617279537588
9.58796747981615,0,0.00725905880614161,0,9.58796747981615,0.00725905880614161,0.00725905880614161,0.00725905880614161,0.0422687684348916
10.3415882006709,0,-0.0979591311963027,0,10.3415882006709,-0.0979591311963027,-0.0979591311963027,-0.0979591311963027,0.0379022425227411
9.03381024943225,0,-0.0258591277728825,0,9.03381024943225,-0.0258591277728825,-0.0258591277728825,-0.0258591277728825,0.0210013285642308
7.292171244769,0,0.0214216184583366,0,7.292171244769,0.0214216184583366,0.0214216184583366,0.0214216184583366,0.00787016036700002
10.6567948708008,0,0.0203455428827325,0,10.6567948708008,0.0203455428827325,0.0203455428827325,0.0203455428827325,0.0367174068081082
15.83958844307,0,0.0399832495665445,0,15.83958844307,0.0399832495665445,0.0399832495665445,0.0399832495665445,0.0130470310288665
17.7014293147066,0,0.0234372077444364,0,17.7014293147066,0.0234372077444364,0.0234372077444364,0.0234372077444364,0.0323786122878216
16.016217440795,0,-0.00369944404825601,0,16.016217440795,-0.00369944404825601,-0.00369944404825601,-0.00369944404825601,0.0376637682579198
13.5036026382197,0,0.0260526179813793,0,13.5036026382197,0.0260526179813793,0.0260526179813793,0.0260526179813793,0.0175137052055195
13.9836050997556,0,-0.0596374353307077,0,13.9836050997556,-0.0596374353307077,-0.0596374353307077,-0.0596374353307077,0.0260159424457815
11.3110693140974,0,0.00982781565554414,0,11.3110693140974,0.00982781565554414,0.00982781565554414,0.00982781565554414,0.0152975413868066
19.3344521561619,0,-0.0178892890128142,0,19.3344521561619,-0.0178892890128142,-0.0178892890128142,-0.0178892890128142,0.0322365626104049
12.3671082351961,0,0.0210231372322994,0,12.3671082351961,0.0210231372322994,0.0210231372322994,0.0210231372322994,0.0160828742749283
12.3654554745313,0,-0.0686880413546458,0,12.3654554745313,-0.0686880413546458,-0.0686880413546458,-0.0686880413546458,0.0513325050706189
19.2556223171704,0,0.0285945738844167,0,19.2556223171704,0.0285945738844167,0.0285945738844167,0.0285945738844167,0.0139726523520546
34.7312424253189,0,0.00360906084633839,0,34.7312424253189,0.00360906084633839,0.00360906084633839,0.00360906084633839,0.017575833019559
54.7209102152747,0,0.0196726221291343,0,54.7209102152747,0.0196726221291343,0.0196726221291343,0.0196726221291343,0.0109274670854921
6.48827225907391,0,0.0560417361250094,0,6.48827225907391,0.0560417361250094,0.0560417361250094,0.0560417361250094,0.0738012976335406
8.22166390729103,0,0.0200227074138689,0,8.22166390729103,0.0200227074138689,0.0200227074138689,0.0200227074138689,0.0889316774406693
11.7030101268542,0,0.0664031592294417,0,11.7030101268542,0.0664031592294417,0.0664031592294417,0.0664031592294417,0.0318702419669784
7.36539602284415,0,-0.0247872150245361,0,7.36539602284415,-0.0247872150245361,-0.0247872150245361,-0.0247872150245361,0.114121672795408
9.34902839864339,0,-0.0319037471830898,0,9.34902839864339,-0.0319037471830898,-0.0319037471830898,-0.0319037471830898,0.0353702402159913
12.5616640281909,0,0.00441577973083164,0,12.5616640281909,0.00441577973083164,0.00441577973083164,0.00441577973083164,0.0138459086615911
5.28892335541574,0,-0.0722438218615433,0,5.28892335541574,-0.0722438218615433,-0.0722438218615433,-0.0722438218615433,0.0393158996396484
10.8363107906744,0,-0.028098390818107,0,10.8363107906744,-0.028098390818107,-0.028098390818107,-0.028098390818107,0.071926050301895
11.7003583105711,0,-0.00186774348468509,0,11.7003583105711,-0.00186774348468509,-0.00186774348468509,-0.00186774348468509,0.00589871207554302
14.1717804897526,0,0.027255899623745,0,14.1717804897526,0.027255899623745,0.027255899623745,0.027255899623745,0.0438772018708798
10.4916049522311,0,0.0132463173032987,0,10.4916049522311,0.0132463173032987,0.0132463173032987,0.0132463173032987,0.0267192917518445
12.491172371433,0,0.00616174807970621,0,12.491172371433,0.00616174807970621,0.00616174807970621,0.00616174807970621,0.0405245193389735
31.4129223891295,0,-0.0481702543197104,0,31.4129223891295,-0.0481702543197104,-0.0481702543197104,-0.0481702543197104,0.04354801944707
23.3384346785706,0,0.0173424537425691,0,23.3384346785706,0.0173424537425691,0.0173424537425691,0.0173424537425691,0.0189266195413323
21.0471310356801,0,0.0617673658141888,0,21.0471310356801,0.0617673658141888,0.0617673658141888,0.0617673658141888,0.047052745863464
22.0025162092978,0,0.148833372639304,0,22.0025162092978,0.148833372639304,0.148833372639304,0.148833372639304,0.0966286283522948
142.027144302285,0,0.0480428181832702,0,142.027144302285,0.0480428181832702,0.0480428181832702,0.0480428181832702,0.0151652887885014
10.8384906759069,0,-0.00221059163205814,0,10.8384906759069,-0.00221059163205814,-0.00221059163205814,-0.00221059163205814,0.0251376149245104
15.3983817607889,0,0.00875331277188317,0,15.3983817607889,0.00875331277188317,0.00875331277188317,0.00875331277188317,0.0553131630412198
14.6925462604222,0,-0.00458452472707301,0,14.6925462604222,-0.00458452472707301,-0.00458452472707301,-0.00458452472707301,0.0444254697733256
8.14116878127968,0,0.0313541787643274,0,8.14116878127968,0.0313541787643274,0.0313541787643274,0.0313541787643274,0.0267464950236586
11.0161041029769,0,-0.0031766917676102,0,11.0161041029769,-0.0031766917676102,-0.0031766917676102,-0.0031766917676102,0.0522005254908412
12.612078023469,0,-0.0597088928688878,0,12.612078023469,-0.0597088928688878,-0.0597088928688878,-0.0597088928688878,0.0322576765582896
27.9381463268887,0,-0.0196646199066465,0,27.9381463268887,-0.0196646199066465,-0.0196646199066465,-0.0196646199066465,0.0266030945529787
28.4056044215739,0,-0.0234835133541325,0,28.4056044215739,-0.0234835133541325,-0.0234835133541325,-0.0234835133541325,0.0460235649191708
9.44659083119766,0,-0.0979355343768668,0,9.44659083119766,-0.0979355343768668,-0.0979355343768668,-0.0979355343768668,0.106984919191722
10.6319539160187,0,0.00587821668928426,0,10.6319539160187,0.00587821668928426,0.00587821668928426,0.00587821668928426,0.0434639030773943
NA,NA,NA,NA,NA,NA,NA,NA,NA
3.48138260502119,0,-0.0431716232209931,0,3.48138260502119,-0.0431716232209931,-0.0431716232209931,-0.0431716232209931,0.0321818721032191
5.59197431763262,0,-0.0578220526680145,0,5.59197431763262,-0.0578220526680145,-0.0578220526680145,-0.0578220526680145,0.0290843221745671
7.10118523761685,0,-0.0285278978712163,0,7.10118523761685,-0.0285278978712163,-0.0285278978712163,-0.0285278978712163,0.0595492352872805
8.39406695268219,0,0.0167837864563465,0,8.39406695268219,0.0167837864563465,0.0167837864563465,0.0167837864563465,0.0322473662392579
6.68163411954067,0,0.0399525800720857,0,6.68163411954067,0.0399525800720857,0.0399525800720857,0.0399525800720857,0.0632642521725607
10.9419857642508,0,-0.0876235523401562,0,10.9419857642508,-0.0876235523401562,-0.0876235523401562,-0.0876235523401562,0.0336377588977628
9.567453602661,0,-0.0130573193727359,0,9.567453602661,-0.0130573193727359,-0.0130573193727359,-0.0130573193727359,0.0264340771076804
9.56764954052794,0,-0.00578932875863998,0,9.56764954052794,-0.00578932875863998,-0.00578932875863998,-0.00578932875863998,0.0288617279537588
9.58796747981615,0,0.00725905880614161,0,9.58796747981615,0.00725905880614161,0.00725905880614161,0.00725905880614161,0.0422687684348916
10.3415882006709,0,-0.0979591311963027,0,10.3415882006709,-0.0979591311963027,-0.0979591311963027,-0.0979591311963027,0.0379022425227411
9.03381024943225,0,-0.0258591277728825,0,9.03381024943225,-0.0258591277728825,-0.0258591277728825,-0.0258591277728825,0.0210013285642308
7.292171244769,0,0.0214216184583366,0,7.292171244769,0.0214216184583366,0.0214216184583366,0.0214216184583366,0.00787016036700002
10.6567948708008,0,0.0203455428827325,0,10.6567948708008,0.0203455428827325,0.0203455428827325,0.0203455428827325,0.0367174068081082
15.83958844307,0,0.0399832495665445,0,15.83958844307,0.0399832495665445,0.0399832495665445,0.0399832495665445,0.0130470310288665
17.7014293147066,0,0.0234372077444364,0,17.7014293147066,0.0234372077444364,0.0234372077444364,0.0234372077444364,0.0323786122878216
16.016217440795,0,-0.00369944404825601,0,16.016217440795,-0.00369944404825601,-0.00369944404825601,-0.00369944404825601,0.0376637682579198
13.5036026382197,0,0.0260526179813793,0,13.5036026382197,0.0260526179813793,0.0260526179813793,0.0260526179813793,0.0175137052055195
13.9836050997556,0,-0.0596374353307077,0,13.9836050997556,-0.0596374353307077,-0.0596374353307077,-0.0596374353307077,0.0260159424457815
11.3110693140974,0,0.00982781565554414,0,11.3110693140974,0.00982781565554414,0.00982781565554414,0.00982781565554414,0.0152975413868066
19.3344521561619,0,-0.0178892890128142,0,19.3344521561619,-0.0178892890128142,-0.0178892890128142,-0.0178892890128142,0.0322365626104049
12.3671082351961,0,0.0210231372322994,0,12.3671082351961,0.0210231372322994,0.0210231372322994,0.0210231372322994,0.0160828742749283
12.3654554745313,0,-0.0686880413546458,0,12.3654554745313,-0.0686880413546458,-0.0686880413546458,-0.0686880413546458,0.0513325050706189
19.2556223171704,0,0.0285945738844167,0,19.2556223171704,0.0285945738844167,0.0285945738844167,0.0285945738844167,0.0139726523520546
34.7312424253189,0,0.00360906084633839,0,34.7312424253189,0.00360906084633839,0.00360906084633839,0.00360906084633839,0.017575833019559
54.7209102152747,0,0.0196726221291343,0,54.7209102152747,0.0196726221291343,0.0196726221291343,0.0196726221291343,0.0109274670854921
14.729212643584,0,-0.0296594096014818,0,14.729212643584,-0.0296594096014818,-0.0296594096014818,-0.0296594096014818,0.0438275771773769
8.22166390729103,0,0.0200227074138689,0,8.22166390729103,0.0200227074138689,0.0200227074138689,0.0200227074138689,0.0889316774406693
11.7030101268542,0,0.0664031592294417,0,11.7030101268542,0.0664031592294417,0.0664031592294417,0.0664031592294417,0.0318702419669784
7.36539602284415,0,-0.0247872150245361,0,7.36539602284415,-0.0247872150245361,-0.0247872150245361,-0.0247872150245361,0.114121672795408
9.34902839864339,0,-0.0319037471830898,0,9.34902839864339,-0.0319037471830898,-0.0319037471830898,-0.0319037471830898,0.0353702402159913
12.5616640281909,0,0.00441577973083164,0,12.5616640281909,0.00441577973083164,0.00441577973083164,0.00441577973083164,0.0138459086615911
5.28892335541574,0,-0.0722438218615433,0,5.28892335541574,-0.0722438218615433,-0.0722438218615433,-0.0722438218615433,0.0393158996396484
10.8363107906744,0,-0.028098390818107,0,10.8363107906744,-0.028098390818107,-0.028098390818107,-0.028098390818107,0.071926050301895
11.7003583105711,0,-0.00186774348468509,0,11.7003583105711,-0.00186774348468509,-0.00186774348468509,-0.00186774348468509,0.00589871207554302
14.1717804897526,0,0.027255899623745,0,14.1717804897526,0.027255899623745,0.027255899623745,0.027255899623745,0.0438772018708798
10.4916049522311,0,0.0132463173032987,0,10.4916049522311,0.0132463173032987,0.0132463173032987,0.0132463173032987,0.0267192917518445
12.491172371433,0,0.00616174807970621,0,12.491172371433,0.00616174807970621,0.00616174807970621,0.00616174807970621,0.0405245193389735
31.4129223891295,0,-0.0481702543197104,0,31.4129223891295,-0.0481702543197104,-0.0481702543197104,-0.0481702543197104,0.04354801944707
23.3384346785706,0,0.0173424537425691,0,23.3384346785706,0.0173424537425691,0.0173424537425691,0.0173424537425691,0.0189266195413323
21.0471310356801,0,0.0617673658141888,0,21.0471310356801,0.0617673658141888,0.0617673658141888,0.0617673658141888,0.047052745863464
22.0025162092978,0,0.148833372639304,0,22.0025162092978,0.148833372639304,0.148833372639304,0.148833372639304,0.0966286283522948
142.027144302285,0,0.0480428181832702,0,142.027144302285,0.0480428181832702,0.0480428181832702,0.0480428181832702,0.0151652887885014
10.8384906759069,0,-0.00221059163205814,0,10.8384906759069,-0.00221059163205814,-0.00221059163205814,-0.00221059163205814,0.0251376149245104
15.3983817607889,0,0.00875331277188317,0,15.3983817607889,0.00875331277188317,0.00875331277188317,0.00875331277188317,0.0553131630412198
14.6925462604222,0,-0.00458452472707301,0,14.6925462604222,-0.00458452472707301,-0.00458452472707301,-0.00458452472707301,0.0444254697733256
8.14116878127968,0,0.0313541787643274,0,8.14116878127968,0.0313541787643274,0.0313541787643274,0.0313541787643274,0.0267464950236586
11.0161041029769,0,-0.0031766917676102,0,11.0161041029769,-0.0031766917676102,-0.0031766917676102,-0.0031766917676102,0.0522005254908412
12.612078023469,0,-0.0597088928688878,0,12.612078023469,-0.0597088928688878,-0.0597088928688878,-0.0597088928688878,0.0322576765582896
27.9381463268887,0,-0.0196646199066465,0,27.9381463268887,-0.0196646199066465,-0.0196646199066465,-0.0196646199066465,0.0266030945529787
28.4056044215739,0,-0.0234835133541325,0,28.4056044215739,-0.0234835133541325,-0.0234835133541325,-0.0234835133541325,0.0460235649191708
9.44659083119766,0,-0.0979355343768668,0,9.44659083119766,-0.0979355343768668,-0.0979355343768668,-0.0979355343768668,0.106984919191722
10.6319539160187,0,0.00587821668928426,0,10.6319539160187,0.00587821668928426,0.00587821668928426,0.00587821668928426,0.0434639030773943
NA,NA,NA,NA,NA,NA,NA,NA,NA
3.48138260502119,0,-0.0431716232209931,0,3.48138260502119,-0.0431716232209931,-0.0431716232209931,-0.0431716232209931,0.0321818721032191
5.59197431763262,0,-0.0578220526680145,0,5.59197431763262,-0.0578220526680145,-0.0578220526680145,-0.0578220526680145,0.0290843221745671
7.10118523761685,0,-0.0285278978712163,0,7.10118523761685,-0.0285278978712163,-0.0285278978712163,-0.0285278978712163,0.0595492352872805
8.39406695268219,0,0.0167837864563465,0,8.39406695268219,0.0167837864563465,0.0167837864563465,0.0167837864563465,0.0322473662392579
6.68163411954067,0,0.0399525800720857,0,6.68163411954067,0.0399525800720857,0.0399525800720857,0.0399525800720857,0.0632642521725607
10.9419857642508,0,-0.0876235523401562,0,10.9419857642508,-0.0876235523401562,-0.0876235523401562,-0.0876235523401562,0.0336377588977628
9.567453602661,0,-0.0130573193727359,0,9.567453602661,-0.0130573193727359,-0.0130573193727359,-0.0130573193727359,0.0264340771076804
9.56764954052794,0,-0.00578932875863998,0,9.56764954052794,-0.00578932875863998,-0.00578932875863998,-0.00578932875863998,0.0288617279537588
9.58796747981615,0,0.00725905880614161,0,9.58796747981615,0.00725905880614161,0.00725905880614161,0.00725905880614161,0.0422687684348916
10.3415882006709,0,-0.0979591311963027,0,10.3415882006709,-0.0979591311963027,-0.0979591311963027,-0.0979591311963027,0.0379022425227411
9.03381024943225,0,-0.0258591277728825,0,9.03381024943225,-0.0258591277728825,-0.0258591277728825,-0.0258591277728825,0.0210013285642308
7.292171244769,0,0.0214216184583366,0,7.292171244769,0.0214216184583366,0.0214216184583366,0.0214216184583366,0.00787016036700002
10.6567948708008,0,0.0203455428827325,0,10.6567948708008,0.0203455428827325,0.0203455428827325,0.0203455428827325,0.0367174068081082
15.83958844307,0,0.0399832495665445,0,15.83958844307,0.0399832495665445,0.0399832495665445,0.0399832495665445,0.0130470310288665
17.7014293147066,0,0.0234372077444364,0,17.7014293147066,0.0234372077444364,0.0234372077444364,0.0234372077444364,0.0323786122878216
16.016217440795,0,-0.00369944404825601,0,16.016217440795,-0.00369944404825601,-0.00369944404825601,-0.00369944404825601,0.0376637682579198
13.5036026382197,0,0.0260526179813793,0,13.5036026382197,0.0260526179813793,0.0260526179813793,0.0260526179813793,0.0175137052055195
13.9836050997556,0,-0.0596374353307077,0,13.9836050997556,-0.0596374353307077,-0.0596374353307077,-0.0596374353307077,0.0260159424457815
11.3110693140974,0,0.00982781565554414,0,11.3110693140974,0.00982781565554414,0.00982781565554414,0.00982781565554414,0.0152975413868066
19.3344521561619,0,-0.0178892890128142,0,19.3344521561619,-0.0178892890128142,-0.0178892890128142,-0.0178892890128142,0.0322365626104049
12.3671082351961,0,0.0210231372322994,0,12.3671082351961,0.0210231372322994,0.0210231372322994,0.0210231372322994,0.0160828742749283
12.3654554745313,0,-0.0686880413546458,0,12.3654554745313,-0.0686880413546458,-0.0686880413546458,-0.0686880413546458,0.0513325050706189
19.2556223171704,0,0.0285945738844167,0,19.2556223171704,0.0285945738844167,0.0285945738844167,0.0285945738844167,0.0139726523520546
34.7312424253189,0,0.00360906084633839,0,34.7312424253189,0.00360906084633839,0.00360906084633839,0.00360906084633839,0.017575833019559
54.7209102152747,0,0.0196726221291343,0,54.7209102152747,0.0196726221291343,0.0196726221291343,0.0196726221291343,0.0109274670854921
14.729212643584,0,-0.0296594096014818,0,14.729212643584,-0.0296594096014818,-0.0296594096014818,-0.0296594096014818,0.0438275771773769
8.22166390729103,0,0.0200227074138689,0,8.22166390729103,0.0200227074138689,0.0200227074138689,0.0200227074138689,0.0889316774406693
11.7030101268542,0,0.0664031592294417,0,11.7030101268542,0.0664031592294417,0.0664031592294417,0.0664031592294417,0.0318702419669784
7.36539602284415,0,-0.0247872150245361,0,7.36539602284415,-0.0247872150245361,-0.0247872150245361,-0.0247872150245361,0.114121672795408
9.34902839864339,0,-0.0319037471830898,0,9.34902839864339,-0.0319037471830898,-0.0319037471830898,-0.0319037471830898,0.0353702402159913
12.5616640281909,0,0.00441577973083164,0,12.5616640281909,0.00441577973083164,0.00441577973083164,0.00441577973083164,0.0138459086615911
5.28892335541574,0,-0.0722438218615433,0,5.28892335541574,-0.0722438218615433,-0.0722438218615433,-0.0722438218615433,0.0393158996396484
10.8363107906744,0,-0.028098390818107,0,10.8363107906744,-0.028098390818107,-0.028098390818107,-0.028098390818107,0.071926050301895
11.7003583105711,0,-0.00186774348468509,0,11.7003583105711,-0.00186774348468509,-0.00186774348468509,-0.00186774348468509,0.00589871207554302
14.1717804897526,0,0.027255899623745,0,14.1717804897526,0.027255899623745,0.027255899623745,0.027255899623745,0.0438772018708798
10.4916049522311,0,0.0132463173032987,0,10.4916049522311,0.0132463173032987,0.0132463173032987,0.0132463173032987,0.0267192917518445
12.491172371433,0,0.00616174807970621,0,12.491172371433,0.00616174807970621,0.00616174807970621,0.00616174807970621,0.0405245193389735
31.4129223891295,0,-0.0481702543197104,0,31.4129223891295,-0.0481702543197104,-0.0481702543197104,-0.0481702543197104,0.04354801944707
23.3384346785706,0,0.0173424537425691,0,23.3384346785706,0.0173424537425691,0.0173424537425691,0.0173424537425691,0.0189266195413323
21.0471310356801,0,0.0617673658141888,0,21.0471310356801,0.0617673658141888,0.0617673658141888,0.0617673658141888,0.047052745863464
22.0025162092978,0,0.148833372639304,0,22.0025162092978,0.148833372639304,0.148833372639304,0.148833372639304,0.0966286283522948
142.027144302285,0,0.0480428181832702,0,142.027144302285,0.0480428181832702,0.0480428181832702,0.0480428181832702,0.0151652887885014
10.8384906759069,0,-0.00221059163205814,0,10.8384906759069,-0.00221059163205814,-0.00221059163205814,-0.00221059163205814,0.0251376149245104
15.3983817607889,0,0.00875331277188317,0,15.3983817607889,0.00875331277188317,0.00875331277188317,0.00875331277188317,0.0553131630412198
14.6925462604222,0,-0.00458452472707301,0,14.6925462604222,-0.00458452472707301,-0.00458452472707301,-0.00458452472707301,0.0444254697733256
8.14116878127968,0,0.0313541787643274,0,8.14116878127968,0.0313541787643274,0.0313541787643274,0.0313541787643274,0.0267464950236586
11.0161041029769,0,-0.0031766917676102,0,11.0161041029769,-0.0031766917676102,-0.0031766917676102,-0.0031766917676102,0.0522005254908412
12.612078023469,0,-0.0597088928688878,0,12.612078023469,-0.0597088928688878,-0.0597088928688878,-0.0597088928688878,0.0322576765582896
27.9381463268887,0,-0.0196646199066465,0,27.9381463268887,-0.0196646199066465,-0.0196646199066465,-0.0196646199066465,0.0266030945529787
28.4056044215739,0,-0.0234835133541325,0,28.4056044215739,-0.0234835133541325,-0.0234835133541325,-0.0234835133541325,0.0460235649191708
9.44659083119766,0,-0.0979355343768668,0,9.44659083119766,-0.0979355343768668,-0.0979355343768668,-0.0979355343768668,0.106984919191722
14.3373106913918,0,-0.0165868652445846,0,14.3373106913918,-0.0165868652445846,-0.0165868652445846,-0.0165868652445846,0.0475684856482902
NA,NA,NA,NA,NA,NA,NA,NA,NA
3.48138260502119,0,-0.0431716232209931,0,3.48138260502119,-0.0431716232209931,-0.0431716232209931,-0.0431716232209931,0.0321818721032191
5.59197431763262,0,-0.0578220526680145,0,5.59197431763262,-0.0578220526680145,-0.0578220526680145,-0.0578220526680145,0.0290843221745671
7.10118523761685,0,-0.0285278978712163,0,7.10118523761685,-0.0285278978712163,-0.0285278978712163,-0.0285278978712163,0.0595492352872805
8.39406695268219,0,0.0167837864563465,0,8.39406695268219,0.0167837864563465,0.0167837864563465,0.0167837864563465,0.0322473662392579
6.68163411954067,0,0.0399525800720857,0,6.68163411954067,0.0399525800720857,0.0399525800720857,0.0399525800720857,0.0632642521725607
10.9419857642508,0,-0.0876235523401562,0,10.9419857642508,-0.0876235523401562,-0.0876235523401562,-0.0876235523401562,0.0336377588977628
9.567453602661,0,-0.0130573193727359,0,9.567453602661,-0.0130573193727359,-0.0130573193727359,-0.0130573193727359,0.0264340771076804
9.56764954052794,0,-0.00578932875863998,0,9.56764954052794,-0.00578932875863998,-0.00578932875863998,-0.00578932875863998,0.0288617279537588
9.58796747981615,0,0.00725905880614161,0,9.58796747981615,0.00725905880614161,0.00725905880614161,0.00725905880614161,0.0422687684348916
10.3415882006709,0,-0.0979591311963027,0,10.3415882006709,-0.0979591311963027,-0.0979591311963027,-0.0979591311963027,0.0379022425227411
9.03381024943225,0,-0.0258591277728825,0,9.03381024943225,-0.0258591277728825,-0.0258591277728825,-0.0258591277728825,0.0210013285642308
7.292171244769,0,0.0214216184583366,0,7.292171244769,0.0214216184583366,0.0214216184583366,0.0214216184583366,0.00787016036700002
10.6567948708008,0,0.0203455428827325,0,10.6567948708008,0.0203455428827325,0.0203455428827325,0.0203455428827325,0.0367174068081082
15.83958844307,0,0.0399832495665445,0,15.83958844307,0.0399832495665445,0.0399832495665445,0.0399832495665445,0.0130470310288665
17.7014293147066,0,0.0234372077444364,0,17.7014293147066,0.0234372077444364,0.0234372077444364,0.0234372077444364,0.0323786122878216
16.016217440795,0,-0.00369944404825601,0,16.016217440795,-0.00369944404825601,-0.00369944404825601,-0.00369944404825601,0.0376637682579198
13.5036026382197,0,0.0260526179813793,0,13.5036026382197,0.0260526179813793,0.0260526179813793,0.0260526179813793,0.0175137052055195
13.9836050997556,0,-0.0596374353307077,0,13.9836050997556,-0.0596374353307077,-0.0596374353307077,-0.0596374353307077,0.0260159424457815
11.3110693140974,0,0.00982781565554414,0,11.3110693140974,0.00982781565554414,0.00982781565554414,0.00982781565554414,0.0152975413868066
19.3344521561619,0,-0.0178892890128142,0,19.3344521561619,-0.0178892890128142,-0.0178892890128142,-0.0178892890128142,0.0322365626104049
12.3671082351961,0,0.0210231372322994,0,12.3671082351961,0.0210231372322994,0.0210231372322994,0.0210231372322994,0.0160828742749283
12.3654554745313,0,-0.0686880413546458,0,12.3654554745313,-0.0686880413546458,-0.0686880413546458,-0.0686880413546458,0.0513325050706189
19.2556223171704,0,0.0285945738844167,0,19.2556223171704,0.0285945738844167,0.0285945738844167,0.0285945738844167,0.0139726523520546
34.7312424253189,0,0.00360906084633839,0,34.7312424253189,0.00360906084633839,0.00360906084633839,0.00360906084633839,0.017575833019559
54.7209102152747,0,0.0196726221291343,0,54.7209102152747,0.0196726221291343,0.0196726221291343,0.0196726221291343,0.0109274670854921
14.729212643584,0,-0.0296594096014818,0,14.729212643584,-0.0296594096014818,-0.0296594096014818,-0.0296594096014818,0.0438275771773769
8.22166390729103,0,0.0200227074138689,0,8.22166390729103,0.0200227074138689,0.0200227074138689,0.0200227074138689,0.0889316774406693
11.7030101268542,0,0.0664031592294417,0,11.7030101268542,0.0664031592294417,0.0664031592294417,0.0664031592294417,0.0318702419669784
7.36539602284415,0,-0.0247872150245361,0,7.36539602284415,-0.0247872150245361,-0.0247872150245361,-0.0247872150245361,0.114121672795408
9.34902839864339,0,-0.0319037471830898,0,9.34902839864339,-0.0319037471830898,-0.0319037471830898,-0.0319037471830898,0.0353702402159913
12.5616640281909,0,0.00441577973083164,0,12.5616640281909,0.00441577973083164,0.00441577973083164,0.00441577973083164,0.0138459086615911
5.28892335541574,0,-0.0722438218615433,0,5.28892335541574,-0.0722438218615433,-0.0722438218615433,-0.0722438218615433,0.0393158996396484
10.8363107906744,0,-0.028098390818107,0,10.8363107906744,-0.028098390818107,-0.028098390818107,-0.028098390818107,0.071926050301895
11.7003583105711,0,-0.00186774348468509,0,11.7003583105711,-0.00186774348468509,-0.00186774348468509,-0.00186774348468509,0.00589871207554302
14.1717804897526,0,0.027255899623745,0,14.1717804897526,0.027255899623745,0.027255899623745,0.027255899623745,0.0438772018708798
10.4916049522311,0,0.0132463173032987,0,10.4916049522311,0.0132463173032987,0.0132463173032987,0.0132463173032987,0.0267192917518445
12.491172371433,0,0.00616174807970621,0,12.491172371433,0.00616174807970621,0.00616174807970621,0.00616174807970621,0.0405245193389735
31.4129223891295,0,-0.0481702543197104,0,31.4129223891295,-0.0481702543197104,-0.0481702543197104,-0.0481702543197104,0.04354801944707
23.3384346785706,0,0.0173424537425691,0,23.3384346785706,0.0173424537425691,0.0173424537425691,0.0173424537425691,0.0189266195413323
21.0471310356801,0,0.0617673658141888,0,21.0471310356801,0.0617673658141888,0.0617673658141888,0.0617673658141888,0.047052745863464
22.0025162092978,0,0.148833372639304,0,22.0025162092978,0.148833372639304,0.148833372639304,0.148833372639304,0.0966286283522948
142.027144302285,0,0.0480428181832702,0,142.027144302285,0.0480428181832702,0.0480428181832702,0.0480428181832702,0.0151652887885014
10.8384906759069,0,-0.00221059163205814,0,10.8384906759069,-0.00221059163205814,-0.00221059163205814,-0.00221059163205814,0.0251376149245104
15.3983817607889,0,0.00875331277188317,0,15.3983817607889,0.00875331277188317,0.00875331277188317,0.00875331277188317,0.0553131630412198
14.6925462604222,0,-0.00458452472707301,0,14.6925462604222,-0.00458452472707301,-0.00458452472707301,-0.00458452472707301,0.0444254697733256
8.14116878127968,0,0.0313541787643274,0,8.14116878127968,0.0313541787643274,0.0313541787643274,0.0313541787643274,0.0267464950236586
11.0161041029769,0,-0.0031766917676102,0,11.0161041029769,-0.0031766917676102,-0.0031766917676102,-0.0031766917676102,0.0522005254908412
12.612078023469,0,-0.0597088928688878,0,12.612078023469,-0.0597088928688878,-0.0597088928688878,-0.0597088928688878,0.0322576765582896
27.9381463268887,0,-0.0196646199066465,0,27.9381463268887,-0.0196646199066465,-0.0196646199066465,-0.0196646199066465,0.0266030945529787
28.4056044215739,0,-0.0234835133541325,0,28.4056044215739,-0.0234835133541325,-0.0234835133541325,-0.0234835133541325,0.0460235649191708
9.44659083119766,0,-0.0979355343768668,0,9.44659083119766,-0.0979355343768668,-0.0979355343768668,-0.0979355343768668,0.106984919191722
14.3373106913918,0,-0.0165868652445846,0,14.3373106913918,-0.0165868652445846,-0.0165868652445846,-0.0165868652445846,0.0475684856482902
NA,NA,NA,NA,NA,NA,NA,NA,NA
3.48138260502119,0,-0.0431716232209931,0,3.48138260502119,-0.0431716232209931,-0.0431716232209931,-0.0431716232209931,0.0321818721032191
5.59197431763262,0,-0.0578220526680145,0,5.59197431763262,-0.0578220526680145,-0.0578220526680145,-0.0578220526680145,0.0290843221745671
7.10118523761685,0,-0.0285278978712163,0,7.10118523761685,-0.0285278978712163,-0.0285278978712163,-0.0285278978712163,0.0595492352872805
8.39406695268219,0,0.0167837864563465,0,8.39406695268219,0.0167837864563465,0.0167837864563465,0.0167837864563465,0.0322473662392579
6.68163411954067,0,0.0399525800720857,0,6.68163411954067,0.0399525800720857,0.0399525800720857,0.0399525800720857,0.0632642521725607
10.9419857642508,0,-0.0876235523401562,0,10.9419857642508,-0.0876235523401562,-0.0876235523401562,-0.0876235523401562,0.0336377588977628
9.567453602661,0,-0.0130573193727359,0,9.567453602661,-0.0130573193727359,-0.0130573193727359,-0.0130573193727359,0.0264340771076804
9.56764954052794,0,-0.00578932875863998,0,9.56764954052794,-0.00578932875863998,-0.00578932875863998,-0.00578932875863998,0.0288617279537588
9.58796747981615,0,0.00725905880614161,0,9.58796747981615,0.00725905880614161,0.00725905880614161,0.00725905880614161,0.0422687684348916
10.3415882006709,0,-0.0979591311963027,0,10.3415882006709,-0.0979591311963027,-0.0979591311963027,-0.0979591311963027,0.0379022425227411
9.03381024943225,0,-0.0258591277728825,0,9.03381024943225,-0.0258591277728825,-0.0258591277728825,-0.0258591277728825,0.0210013285642308
7.292171244769,0,0.0214216184583366,0,7.292171244769,0.0214216184583366,0.0214216184583366,0.0214216184583366,0.00787016036700002
10.6567948708008,0,0.0203455428827325,0,10.6567948708008,0.0203455428827325,0.0203455428827325,0.0203455428827325,0.0367174068081082
15.83958844307,0,0.0399832495665445,0,15.83958844307,0.0399832495665445,0.0399832495665445,0.0399832495665445,0.0130470310288665
17.7014293147066,0,0.0234372077444364,0,17.7014293147066,0.0234372077444364,0.0234372077444364,0.0234372077444364,0.0323786122878216
16.016217440795,0,-0.00369944404825601,0,16.016217440795,-0.00369944404825601,-0.00369944404825601,-0.00369944404825601,0.0376637682579198
13.5036026382197,0,0.0260526179813793,0,13.5036026382197,0.0260526179813793,0.0260526179813793,0.0260526179813793,0.0175137052055195
13.9836050997556,0,-0.0596374353307077,0,13.9836050997556,-0.0596374353307077,-0.0596374353307077,-0.0596374353307077,0.0260159424457815
11.3110693140974,0,0.00982781565554414,0,11.3110693140974,0.00982781565554414,0.00982781565554414,0.00982781565554414,0.0152975413868066
19.3344521561619,0,-0.0178892890128142,0,19.3344521561619,-0.0178892890128142,-0.0178892890128142,-0.0178892890128142,0.0322365626104049
12.3671082351961,0,0.0210231372322994,0,12.3671082351961,0.0210231372322994,0.0210231372322994,0.0210231372322994,0.0160828742749283
12.3654554745313,0,-0.0686880413546458,0,12.3654554745313,-0.0686880413546458,-0.0686880413546458,-0.0686880413546458,0.0513325050706189
19.2556223171704,0,0.0285945738844167,0,19.2556223171704,0.0285945738844167,0.0285945738844167,0.0285945738844167,0.0139726523520546
34.7312424253189,0,0.00360906084633839,0,34.7312424253189,0.00360906084633839,0.00360906084633839,0.00360906084633839,0.017575833019559
54.7209102152747,0,0.0196726221291343,0,54.7209102152747,0.0196726221291343,0.0196726221291343,0.0196726221291343,0.0109274670854921
14.729212643584,0,-0.0296594096014818,0,14.729212643584,-0.0296594096014818,-0.0296594096014818,-0.0296594096014818,0.0438275771773769
8.22166390729103,0,0.0200227074138689,0,8.22166390729103,0.0200227074138689,0.0200227074138689,0.0200227074138689,0.0889316774406693
11.7030101268542,0,0.0664031592294417,0,11.7030101268542,0.0664031592294417,0.0664031592294417,0.0664031592294417,0.0318702419669784
7.36539602284415,0,-0.0247872150245361,0,7.36539602284415,-0.0247872150245361,-0.0247872150245361,-0.0247872150245361,0.114121672795408
9.34902839864339,0,-0.0319037471830898,0,9.34902839864339,-0.0319037471830898,-0.0319037471830898,-0.0319037471830898,0.0353702402159913
12.5616640281909,0,0.00441577973083164,0,12.5616640281909,0.00441577973083164,0.00441577973083164,0.00441577973083164,0.0138459086615911
5.28892335541574,0,-0.0722438218615433,0,5.28892335541574,-0.0722438218615433,-0.0722438218615433,-0.0722438218615433,0.0393158996396484
10.8363107906744,0,-0.028098390818107,0,10.8363107906744,-0.028098390818107,-0.028098390818107,-0.028098390818107,0.071926050301895
11.7003583105711,0,-0.00186774348468509,0,11.7003583105711,-0.00186774348468509,-0.00186774348468509,-0.00186774348468509,0.00589871207554302
14.1717804897526,0,0.027255899623745,0,14.1717804897526,0.027255899623745,0.027255899623745,0.027255899623745,0.0438772018708798
10.4916049522311,0,0.0132463173032987,0,10.4916049522311,0.0132463173032987,0.0132463173032987,0.0132463173032987,0.0267192917518445
12.491172371433,0,0.00616174807970621,0,12.491172371433,0.00616174807970621,0.00616174807970621,0.00616174807970621,0.0405245193389735
31.4129223891295,0,-0.0481702543197104,0,31.4129223891295,-0.0481702543197104,-0.0481702543197104,-0.0481702543197104,0.04354801944707
23.3384346785706,0,0.0173424537425691,0,23.3384346785706,0.0173424537425691,0.0173424537425691,0.0173424537425691,0.0189266195413323
21.0471310356801,0,0.0617673658141888,0,21.0471310356801,0.0617673658141888,0.0617673658141888,0.0617673658141888,0.047052745863464
22.0025162092978,0,0.148833372639304,0,22.0025162092978,0.148833372639304,0.148833372639304,0.148833372639304,0.0966286283522948
142.027144302285,0,0.0480428181832702,0,142.027144302285,0.0480428181832702,0.0480428181832702,0.0480428181832702,0.0151652887885014
10.8384906759069,0,-0.00221059163205814,0,10.8384906759069,-0.00221059163205814,-0.00221059163205814,-0.00221059163205814,0.0251376149245104
15.3983817607889,0,0.00875331277188317,0,15.3983817607889,0.00875331277188317,0.00875331277188317,0.00875331277188317,0.0553131630412198
14.6925462604222,0,-0.00458452472707301,0,14.6925462604222,-0.00458452472707301,-0.00458452472707301,-0.00458452472707301,0.0444254697733256
8.14116878127968,0,0.0313541787643274,0,8.14116878127968,0.0313541787643274,0.0313541787643274,0.0313541787643274,0.0267464950236586
11.0161041029769,0,-0.0031766917676102,0,11.0161041029769,-0.0031766917676102,-0.0031766917676102,-0.0031766917676102,0.0522005254908412
12.612078023469,0,-0.0597088928688878,0,12.612078023469,-0.0597088928688878,-0.0597088928688878,-0.0597088928688878,0.0322576765582896
27.9381463268887,0,-0.0196646199066465,0,27.9381463268887,-0.0196646199066465,-0.0196646199066465,-0.0196646199066465,0.0266030945529787
28.4056044215739,0,-0.0234835133541325,0,28.4056044215739,-0.0234835133541325,-0.0234835133541325,-0.0234835133541325,0.0460235649191708
9.44659083119766,0,-0.0979355343768668,0,9.44659083119766,-0.0979355343768668,-0.0979355343768668,-0.0979355343768668,0.106984919191722
14.3373106913918,0,-0.0165868652445846,0,14.3373106913918,-0.0165868652445846,-0.0165868652445846,-0.0165868652445846,0.0475684856482902
27.5154326429576,0,-0.0737687512894777,0,27.5154326429576,-0.0737687512894777,-0.0737687512894777,-0.0737687512894777,0.0411313926107423
NA,NA,NA,NA,NA,NA,NA,NA,NA
3.48138260502119,0,-0.0431716232209931,0,3.48138260502119,-0.0431716232209931,-0.0431716232209931,-0.0431716232209931,0.0321818721032191
5.59197431763262,0,-0.0578220526680145,0,5.59197431763262,-0.0578220526680145,-0.0578220526680145,-0.0578220526680145,0.0290843221745671
7.10118523761685,0,-0.0285278978712163,0,7.10118523761685,-0.0285278978712163,-0.0285278978712163,-0.0285278978712163,0.0595492352872805
8.39406695268219,0,0.0167837864563465,0,8.39406695268219,0.0167837864563465,0.0167837864563465,0.0167837864563465,0.0322473662392579
6.68163411954067,0,0.0399525800720857,0,6.68163411954067,0.0399525800720857,0.0399525800720857,0.0399525800720857,0.0632642521725607
10.9419857642508,0,-0.0876235523401562,0,10.9419857642508,-0.0876235523401562,-0.0876235523401562,-0.0876235523401562,0.0336377588977628
9.567453602661,0,-0.0130573193727359,0,9.567453602661,-0.0130573193727359,-0.0130573193727359,-0.0130573193727359,0.0264340771076804
9.56764954052794,0,-0.00578932875863998,0,9.56764954052794,-0.00578932875863998,-0.00578932875863998,-0.00578932875863998,0.0288617279537588
9.58796747981615,0,0.00725905880614161,0,9.58796747981615,0.00725905880614161,0.00725905880614161,0.00725905880614161,0.0422687684348916
10.3415882006709,0,-0.0979591311963027,0,10.3415882006709,-0.0979591311963027,-0.0979591311963027,-0.0979591311963027,0.0379022425227411
9.03381024943225,0,-0.0258591277728825,0,9.03381024943225,-0.0258591277728825,-0.0258591277728825,-0.0258591277728825,0.0210013285642308
7.292171244769,0,0.0214216184583366,0,7.292171244769,0.0214216184583366,0.0214216184583366,0.0214216184583366,0.00787016036700002
10.6567948708008,0,0.0203455428827325,0,10.6567948708008,0.0203455428827325,0.0203455428827325,0.0203455428827325,0.0367174068081082
15.83958844307,0,0.0399832495665445,0,15.83958844307,0.0399832495665445,0.0399832495665445,0.0399832495665445,0.0130470310288665
17.7014293147066,0,0.0234372077444364,0,17.7014293147066,0.0234372077444364,0.0234372077444364,0.0234372077444364,0.0323786122878216
16.016217440795,0,-0.00369944404825601,0,16.016217440795,-0.00369944404825601,-0.00369944404825601,-0.00369944404825601,0.0376637682579198
13.5036026382197,0,0.0260526179813793,0,13.5036026382197,0.0260526179813793,0.0260526179813793,0.0260526179813793,0.0175137052055195
13.9836050997556,0,-0.0596374353307077,0,13.9836050997556,-0.0596374353307077,-0.0596374353307077,-0.0596374353307077,0.0260159424457815
11.3110693140974,0,0.00982781565554414,0,11.3110693140974,0.00982781565554414,0.00982781565554414,0.00982781565554414,0.0152975413868066
19.3344521561619,0,-0.0178892890128142,0,19.3344521561619,-0.0178892890128142,-0.0178892890128142,-0.0178892890128142,0.0322365626104049
12.3671082351961,0,0.0210231372322994,0,12.3671082351961,0.0210231372322994,0.0210231372322994,0.0210231372322994,0.0160828742749283
12.3654554745313,0,-0.0686880413546458,0,12.3654554745313,-0.0686880413546458,-0.0686880413546458,-0.0686880413546458,0.0513325050706189
19.2556223171704,0,0.0285945738844167,0,19.2556223171704,0.0285945738844167,0.0285945738844167,0.0285945738844167,0.0139726523520546
34.7312424253189,0,0.00360906084633839,0,34.7312424253189,0.00360906084633839,0.00360906084633839,0.00360906084633839,0.017575833019559
54.7209102152747,0,0.0196726221291343,0,54.7209102152747,0.0196726221291343,0.0196726221291343,0.0196726221291343,0.0109274670854921
14.729212643584,0,-0.0296594096014818,0,14.729212643584,-0.0296594096014818,-0.0296594096014818,-0.0296594096014818,0.0438275771773769
8.22166390729103,0,0.0200227074138689,0,8.22166390729103,0.0200227074138689,0.0200227074138689,0.0200227074138689,0.0889316774406693
11.7030101268542,0,0.0664031592294417,0,11.7030101268542,0.0664031592294417,0.0664031592294417,0.0664031592294417,0.0318702419669784
7.36539602284415,0,-0.0247872150245361,0,7.36539602284415,-0.0247872150245361,-0.0247872150245361,-0.0247872150245361,0.114121672795408
9.34902839864339,0,-0.0319037471830898,0,9.34902839864339,-0.0319037471830898,-0.0319037471830898,-0.0319037471830898,0.0353702402159913
12.5616640281909,0,0.00441577973083164,0,12.5616640281909,0.00441577973083164,0.00441577973083164,0.00441577973083164,0.0138459086615911
5.28892335541574,0,-0.0722438218615433,0,5.28892335541574,-0.0722438218615433,-0.0722438218615433,-0.0722438218615433,0.0393158996396484
10.8363107906744,0,-0.028098390818107,0,10.8363107906744,-0.028098390818107,-0.028098390818107,-0.028098390818107,0.071926050301895
11.7003583105711,0,-0.00186774348468509,0,11.7003583105711,-0.00186774348468509,-0.00186774348468509,-0.00186774348468509,0.00589871207554302
14.1717804897526,0,0.027255899623745,0,14.1717804897526,0.027255899623745,0.027255899623745,0.027255899623745,0.0438772018708798
10.4916049522311,0,0.0132463173032987,0,10.4916049522311,0.0132463173032987,0.0132463173032987,0.0132463173032987,0.0267192917518445
12.491172371433,0,0.00616174807970621,0,12.491172371433,0.00616174807970621,0.00616174807970621,0.00616174807970621,0.0405245193389735
31.4129223891295,0,-0.0481702543197104,0,31.4129223891295,-0.0481702543197104,-0.0481702543197104,-0.0481702543197104,0.04354801944707
23.3384346785706,0,0.0173424537425691,0,23.3384346785706,0.0173424537425691,0.0173424537425691,0.0173424537425691,0.0189266195413323
21.0471310356801,0,0.0617673658141888,0,21.0471310356801,0.0617673658141888,0.0617673658141888,0.0617673658141888,0.047052745863464
22.0025162092978,0,0.148833372639304,0,22.0025162092978,0.148833372639304,0.148833372639304,0.148833372639304,0.0966286283522948
142.027144302285,0,0.0480428181832702,0,142.027144302285,0.0480428181832702,0.0480428181832702,0.0480428181832702,0.0151652887885014
10.8384906759069,0,-0.00221059163205814,0,10.8384906759069,-0.00221059163205814,-0.00221059163205814,-0.00221059163205814,0.0251376149245104
15.3983817607889,0,0.00875331277188317,0,15.3983817607889,0.00875331277188317,0.00875331277188317,0.00875331277188317,0.0553131630412198
14.6925462604222,0,-0.00458452472707301,0,14.6925462604222,-0.00458452472707301,-0.00458452472707301,-0.00458452472707301,0.0444254697733256
8.14116878127968,0,0.0313541787643274,0,8.14116878127968,0.0313541787643274,0.0313541787643274,0.0313541787643274,0.0267464950236586
11.0161041029769,0,-0.0031766917676102,0,11.0161041029769,-0.0031766917676102,-0.0031766917676102,-0.0031766917676102,0.0522005254908412
12.612078023469,0,-0.0597088928688878,0,12.612078023469,-0.0597088928688878,-0.0597088928688878,-0.0597088928688878,0.0322576765582896
27.9381463268887,0,-0.0196646199066465,0,27.9381463268887,-0.0196646199066465,-0.0196646199066465,-0.0196646199066465,0.0266030945529787
28.4056044215739,0,-0.0234835133541325,0,28.4056044215739,-0.0234835133541325,-0.0234835133541325,-0.0234835133541325,0.0460235649191708
9.44659083119766,0,-0.0979355343768668,0,9.44659083119766,-0.0979355343768668,-0.0979355343768668,-0.0979355343768668,0.106984919191722
14.3373106913918,0,-0.0165868652445846,0,14.3373106913918,-0.0165868652445846,-0.0165868652445846,-0.0165868652445846,0.0475684856482902
27.5154326429576,0,-0.0737687512894777,0,27.5154326429576,-0.0737687512894777,-0.0737687512894777,-0.0737687512894777,0.0411313926107423
NA,NA,NA,NA,NA,NA,NA,NA,NA
3.48138260502119,0,-0.0431716232209931,0,3.48138260502119,-0.0431716232209931,-0.0431716232209931,-0.0431716232209931,0.0321818721032191
5.59197431763262,0,-0.0578220526680145,0,5.59197431763262,-0.0578220526680145,-0.0578220526680145,-0.0578220526680145,0.0290843221745671
7.10118523761685,0,-0.0285278978712163,0,7.10118523761685,-0.0285278978712163,-0.0285278978712163,-0.0285278978712163,0.0595492352872805
8.39406695268219,0,0.0167837864563465,0,8.39406695268219,0.0167837864563465,0.0167837864563465,0.0167837864563465,0.0322473662392579
6.68163411954067,0,0.0399525800720857,0,6.68163411954067,0.0399525800720857,0.0399525800720857,0.0399525800720857,0.0632642521725607
10.9419857642508,0,-0.0876235523401562,0,10.9419857642508,-0.0876235523401562,-0.0876235523401562,-0.0876235523401562,0.0336377588977628
9.567453602661,0,-0.0130573193727359,0,9.567453602661,-0.0130573193727359,-0.0130573193727359,-0.0130573193727359,0.0264340771076804
9.56764954052794,0,-0.00578932875863998,0,9.56764954052794,-0.00578932875863998,-0.00578932875863998,-0.00578932875863998,0.0288617279537588
9.58796747981615,0,0.00725905880614161,0,9.58796747981615,0.00725905880614161,0.00725905880614161,0.00725905880614161,0.0422687684348916
10.3415882006709,0,-0.0979591311963027,0,10.3415882006709,-0.0979591311963027,-0.0979591311963027,-0.0979591311963027,0.0379022425227411
9.03381024943225,0,-0.0258591277728825,0,9.03381024943225,-0.0258591277728825,-0.0258591277728825,-0.0258591277728825,0.0210013285642308
7.292171244769,0,0.0214216184583366,0,7.292171244769,0.0214216184583366,0.0214216184583366,0.0214216184583366,0.00787016036700002
10.6567948708008,0,0.0203455428827325,0,10.6567948708008,0.0203455428827325,0.0203455428827325,0.0203455428827325,0.0367174068081082
15.83958844307,0,0.0399832495665445,0,15.83958844307,0.0399832495665445,0.0399832495665445,0.0399832495665445,0.0130470310288665
17.7014293147066,0,0.0234372077444364,0,17.7014293147066,0.0234372077444364,0.0234372077444364,0.0234372077444364,0.0323786122878216
16.016217440795,0,-0.00369944404825601,0,16.016217440795,-0.00369944404825601,-0.00369944404825601,-0.00369944404825601,0.0376637682579198
13.5036026382197,0,0.0260526179813793,0,13.5036026382197,0.0260526179813793,0.0260526179813793,0.0260526179813793,0.0175137052055195
13.9836050997556,0,-0.0596374353307077,0,13.9836050997556,-0.0596374353307077,-0.0596374353307077,-0.0596374353307077,0.0260159424457815
11.3110693140974,0,0.00982781565554414,0,11.3110693140974,0.00982781565554414,0.00982781565554414,0.00982781565554414,0.0152975413868066
19.3344521561619,0,-0.0178892890128142,0,19.3344521561619,-0.0178892890128142,-0.0178892890128142,-0.0178892890128142,0.0322365626104049
12.3671082351961,0,0.0210231372322994,0,12.3671082351961,0.0210231372322994,0.0210231372322994,0.0210231372322994,0.0160828742749283
12.3654554745313,0,-0.0686880413546458,0,12.3654554745313,-0.0686880413546458,-0.0686880413546458,-0.0686880413546458,0.0513325050706189
19.2556223171704,0,0.0285945738844167,0,19.2556223171704,0.0285945738844167,0.0285945738844167,0.0285945738844167,0.0139726523520546
34.7312424253189,0,0.00360906084633839,0,34.7312424253189,0.00360906084633839,0.00360906084633839,0.00360906084633839,0.017575833019559
54.7209102152747,0,0.0196726221291343,0,54.7209102152747,0.0196726221291343,0.0196726221291343,0.0196726221291343,0.0109274670854921
14.729212643584,0,-0.0296594096014818,0,14.729212643584,-0.0296594096014818,-0.0296594096014818,-0.0296594096014818,0.0438275771773769
8.22166390729103,0,0.0200227074138689,0,8.22166390729103,0.0200227074138689,0.0200227074138689,0.0200227074138689,0.0889316774406693
11.7030101268542,0,0.0664031592294417,0,11.7030101268542,0.0664031592294417,0.0664031592294417,0.0664031592294417,0.0318702419669784
7.36539602284415,0,-0.0247872150245361,0,7.36539602284415,-0.0247872150245361,-0.0247872150245361,-0.0247872150245361,0.114121672795408
9.34902839864339,0,-0.0319037471830898,0,9.34902839864339,-0.0319037471830898,-0.0319037471830898,-0.0319037471830898,0.0353702402159913
12.5616640281909,0,0.00441577973083164,0,12.5616640281909,0.00441577973083164,0.00441577973083164,0.00441577973083164,0.0138459086615911
5.28892335541574,0,-0.0722438218615433,0,5.28892335541574,-0.0722438218615433,-0.0722438218615433,-0.0722438218615433,0.0393158996396484
10.8363107906744,0,-0.028098390818107,0,10.8363107906744,-0.028098390818107,-0.028098390818107,-0.028098390818107,0.071926050301895
11.7003583105711,0,-0.00186774348468509,0,11.7003583105711,-0.00186774348468509,-0.00186774348468509,-0.00186774348468509,0.00589871207554302
14.1717804897526,0,0.027255899623745,0,14.1717804897526,0.027255899623745,0.027255899623745,0.027255899623745,0.0438772018708798
10.4916049522311,0,0.0132463173032987,0,10.4916049522311,0.0132463173032987,0.0132463173032987,0.0132463173032987,0.0267192917518445
12.491172371433,0,0.00616174807970621,0,12.491172371433,0.00616174807970621,0.00616174807970621,0.00616174807970621,0.0405245193389735
31.4129223891295,0,-0.0481702543197104,0,31.4129223891295,-0.0481702543197104,-0.0481702543197104,-0.0481702543197104,0.04354801944707
23.3384346785706,0,0.0173424537425691,0,23.3384346785706,0.0173424537425691,0.0173424537425691,0.0173424537425691,0.0189266195413323
21.0471310356801,0,0.0617673658141888,0,21.0471310356801,0.0617673658141888,0.0617673658141888,0.0617673658141888,0.047052745863464
22.0025162092978,0,0.148833372639304,0,22.0025162092978,0.148833372639304,0.148833372639304,0.148833372639304,0.0966286283522948
142.027144302285,0,0.0480428181832702,0,142.027144302285,0.0480428181832702,0.0480428181832702,0.0480428181832702,0.0151652887885014
10.8384906759069,0,-0.00221059163205814,0,10.8384906759069,-0.00221059163205814,-0.00221059163205814,-0.00221059163205814,0.0251376149245104
15.3983817607889,0,0.00875331277188317,0,15.3983817607889,0.00875331277188317,0.00875331277188317,0.00875331277188317,0.0553131630412198
14.6925462604222,0,-0.00458452472707301,0,14.6925462604222,-0.00458452472707301,-0.00458452472707301,-0.00458452472707301,0.0444254697733256
8.14116878127968,0,0.0313541787643274,0,8.14116878127968,0.0313541787643274,0.0313541787643274,0.0313541787643274,0.0267464950236586
11.0161041029769,0,-0.0031766917676102,0,11.0161041029769,-0.0031766917676102,-0.0031766917676102,-0.0031766917676102,0.0522005254908412
12.612078023469,0,-0.0597088928688878,0,12.612078023469,-0.0597088928688878,-0.0597088928688878,-0.0597088928688878,0.0322576765582896
27.9381463268887,0,-0.0196646199066465,0,27.9381463268887,-0.0196646199066465,-0.0196646199066465,-0.0196646199066465,0.0266030945529787
28.4056044215739,0,-0.0234835133541325,0,28.4056044215739,-0.0234835133541325,-0.0234835133541325,-0.0234835133541325,0.0460235649191708
9.44659083119766,0,-0.0979355343768668,0,9.44659083119766,-0.0979355343768668,-0.0979355343768668,-0.0979355343768668,0.106984919191722
14.3373106913918,0,-0.0165868652445846,0,14.3373106913918,-0.0165868652445846,-0.0165868652445846,-0.0165868652445846,0.0475684856482902
27.5154326429576,0,-0.0737687512894777,0,27.5154326429576,-0.0737687512894777,-0.0737687512894777,-0.0737687512894777,0.0411313926107423
NA,NA,NA,NA,NA,NA,NA,NA,NA
3.48138260502119,0,-0.0431716232209931,0,3.48138260502119,-0.0431716232209931,-0.0431716232209931,-0.0431716232209931,0.0321818721032191
5.59197431763262,0,-0.0578220526680145,0,5.59197431763262,-0.0578220526680145,-0.0578220526680145,-0.0578220526680145,0.0290843221745671
7.10118523761685,0,-0.0285278978712163,0,7.10118523761685,-0.0285278978712163,-0.0285278978712163,-0.0285278978712163,0.0595492352872805
8.39406695268219,0,0.0167837864563465,0,8.39406695268219,0.0167837864563465,0.0167837864563465,0.0167837864563465,0.0322473662392579
6.68163411954067,0,0.0399525800720857,0,6.68163411954067,0.0399525800720857,0.0399525800720857,0.0399525800720857,0.0632642521725607
10.9419857642508,0,-0.0876235523401562,0,10.9419857642508,-0.0876235523401562,-0.0876235523401562,-0.0876235523401562,0.0336377588977628
9.567453602661,0,-0.0130573193727359,0,9.567453602661,-0.0130573193727359,-0.0130573193727359,-0.0130573193727359,0.0264340771076804
9.56764954052794,0,-0.00578932875863998,0,9.56764954052794,-0.00578932875863998,-0.00578932875863998,-0.00578932875863998,0.0288617279537588
9.58796747981615,0,0.00725905880614161,0,9.58796747981615,0.00725905880614161,0.00725905880614161,0.00725905880614161,0.0422687684348916
10.3415882006709,0,-0.0979591311963027,0,10.3415882006709,-0.0979591311963027,-0.0979591311963027,-0.0979591311963027,0.0379022425227411
9.03381024943225,0,-0.0258591277728825,0,9.03381024943225,-0.0258591277728825,-0.0258591277728825,-0.0258591277728825,0.0210013285642308
7.292171244769,0,0.0214216184583366,0,7.292171244769,0.0214216184583366,0.0214216184583366,0.0214216184583366,0.00787016036700002
10.6567948708008,0,0.0203455428827325,0,10.6567948708008,0.0203455428827325,0.0203455428827325,0.0203455428827325,0.0367174068081082
15.83958844307,0,0.0399832495665445,0,15.83958844307,0.0399832495665445,0.0399832495665445,0.0399832495665445,0.0130470310288665
17.7014293147066,0,0.0234372077444364,0,17.7014293147066,0.0234372077444364,0.0234372077444364,0.0234372077444364,0.0323786122878216
16.016217440795,0,-0.00369944404825601,0,16.016217440795,-0.00369944404825601,-0.00369944404825601,-0.00369944404825601,0.0376637682579198
13.5036026382197,0,0.0260526179813793,0,13.5036026382197,0.0260526179813793,0.0260526179813793,0.0260526179813793,0.0175137052055195
13.9836050997556,0,-0.0596374353307077,0,13.9836050997556,-0.0596374353307077,-0.0596374353307077,-0.0596374353307077,0.0260159424457815
11.3110693140974,0,0.00982781565554414,0,11.3110693140974,0.00982781565554414,0.00982781565554414,0.00982781565554414,0.0152975413868066
19.3344521561619,0,-0.0178892890128142,0,19.3344521561619,-0.0178892890128142,-0.0178892890128142,-0.0178892890128142,0.0322365626104049
12.3671082351961,0,0.0210231372322994,0,12.3671082351961,0.0210231372322994,0.0210231372322994,0.0210231372322994,0.0160828742749283
12.3654554745313,0,-0.0686880413546458,0,12.3654554745313,-0.0686880413546458,-0.0686880413546458,-0.0686880413546458,0.0513325050706189
19.2556223171704,0,0.0285945738844167,0,19.2556223171704,0.0285945738844167,0.0285945738844167,0.0285945738844167,0.0139726523520546
34.7312424253189,0,0.00360906084633839,0,34.7312424253189,0.00360906084633839,0.00360906084633839,0.00360906084633839,0.017575833019559
54.7209102152747,0,0.0196726221291343,0,54.7209102152747,0.0196726221291343,0.0196726221291343,0.0196726221291343,0.0109274670854921
14.729212643584,0,-0.0296594096014818,0,14.729212643584,-0.0296594096014818,-0.0296594096014818,-0.0296594096014818,0.0438275771773769
8.22166390729103,0,0.0200227074138689,0,8.22166390729103,0.0200227074138689,0.0200227074138689,0.0200227074138689,0.0889316774406693
11.7030101268542,0,0.0664031592294417,0,11.7030101268542,0.0664031592294417,0.0664031592294417,0.0664031592294417,0.0318702419669784
7.36539602284415,0,-0.0247872150245361,0,7.36539602284415,-0.0247872150245361,-0.0247872150245361,-0.0247872150245361,0.114121672795408
9.34902839864339,0,-0.0319037471830898,0,9.34902839864339,-0.0319037471830898,-0.0319037471830898,-0.0319037471830898,0.0353702402159913
12.5616640281909,0,0.00441577973083164,0,12.5616640281909,0.00441577973083164,0.00441577973083164,0.00441577973083164,0.0138459086615911
5.28892335541574,0,-0.0722438218615433,0,5.28892335541574,-0.0722438218615433,-0.0722438218615433,-0.0722438218615433,0.0393158996396484
10.8363107906744,0,-0.028098390818107,0,10.8363107906744,-0.028098390818107,-0.028098390818107,-0.028098390818107,0.071926050301895
11.7003583105711,0,-0.00186774348468509,0,11.7003583105711,-0.00186774348468509,-0.00186774348468509,-0.00186774348468509,0.00589871207554302
14.1717804897526,0,0.027255899623745,0,14.1717804897526,0.027255899623745,0.027255899623745,0.027255899623745,0.0438772018708798
10.4916049522311,0,0.0132463173032987,0,10.4916049522311,0.0132463173032987,0.0132463173032987,0.0132463173032987,0.0267192917518445
12.491172371433,0,0.00616174807970621,0,12.491172371433,0.00616174807970621,0.00616174807970621,0.00616174807970621,0.0405245193389735
31.4129223891295,0,-0.0481702543197104,0,31.4129223891295,-0.0481702543197104,-0.0481702543197104,-0.0481702543197104,0.04354801944707
23.3384346785706,0,0.0173424537425691,0,23.3384346785706,0.0173424537425691,0.0173424537425691,0.0173424537425691,0.0189266195413323
21.0471310356801,0,0.0617673658141888,0,21.0471310356801,0.0617673658141888,0.0617673658141888,0.0617673658141888,0.047052745863464
22.0025162092978,0,0.148833372639304,0,22.0025162092978,0.148833372639304,0.148833372639304,0.148833372639304,0.0966286283522948
142.027144302285,0,0.0480428181832702,0,142.027144302285,0.0480428181832702,0.0480428181832702,0.0480428181832702,0.0151652887885014
10.8384906759069,0,-0.00221059163205814,0,10.8384906759069,-0.00221059163205814,-0.00221059163205814,-0.00221059163205814,0.0251376149245104
15.3983817607889,0,0.00875331277188317,0,15.3983817607889,0.00875331277188317,0.00875331277188317,0.00875331277188317,0.0553131630412198
14.6925462604222,0,-0.00458452472707301,0,14.6925462604222,-0.00458452472707301,-0.00458452472707301,-0.00458452472707301,0.0444254697733256
8.14116878127968,0,0.0313541787643274,0,8.14116878127968,0.0313541787643274,0.0313541787643274,0.0313541787643274,0.0267464950236586
11.0161041029769,0,-0.0031766917676102,0,11.0161041029769,-0.0031766917676102,-0.0031766917676102,-0.0031766917676102,0.0522005254908412
12.612078023469,0,-0.0597088928688878,0,12.612078023469,-0.0597088928688878,-0.0597088928688878,-0.0597088928688878,0.0322576765582896
27.9381463268887,0,-0.0196646199066465,0,27.9381463268887,-0.0196646199066465,-0.0196646199066465,-0.0196646199066465,0.0266030945529787
28.4056044215739,0,-0.0234835133541325,0,28.4056044215739,-0.0234835133541325,-0.0234835133541325,-0.0234835133541325,0.0460235649191708
9.44659083119766,0,-0.0979355343768668,0,9.44659083119766,-0.0979355343768668,-0.0979355343768668,-0.0979355343768668,0.106984919191722
14.3373106913918,0,-0.0165868652445846,0,14.3373106913918,-0.0165868652445846,-0.0165868652445846,-0.0165868652445846,0.0475684856482902
27.5154326429576,0,-0.0737687512894777,0,27.5154326429576,-0.0737687512894777,-0.0737687512894777,-0.0737687512894777,0.0411313926107423
NA,NA,NA,NA,NA,NA,NA,NA,NA
3.48138260502119,0,-0.0431716232209931,0,3.48138260502119,-0.0431716232209931,-0.0431716232209931,-0.0431716232209931,0.0321818721032191
5.59197431763262,0,-0.0578220526680145,0,5.59197431763262,-0.0578220526680145,-0.0578220526680145,-0.0578220526680145,0.0290843221745671
7.10118523761685,0,-0.0285278978712163,0,7.10118523761685,-0.0285278978712163,-0.0285278978712163,-0.0285278978712163,0.0595492352872805
8.39406695268219,0,0.0167837864563465,0,8.39406695268219,0.0167837864563465,0.0167837864563465,0.0167837864563465,0.0322473662392579
6.68163411954067,0,0.0399525800720857,0,6.68163411954067,0.0399525800720857,0.0399525800720857,0.0399525800720857,0.0632642521725607
10.9419857642508,0,-0.0876235523401562,0,10.9419857642508,-0.0876235523401562,-0.0876235523401562,-0.0876235523401562,0.0336377588977628
9.567453602661,0,-0.0130573193727359,0,9.567453602661,-0.0130573193727359,-0.0130573193727359,-0.0130573193727359,0.0264340771076804
9.56764954052794,0,-0.00578932875863998,0,9.56764954052794,-0.00578932875863998,-0.00578932875863998,-0.00578932875863998,0.0288617279537588
9.58796747981615,0,0.00725905880614161,0,9.58796747981615,0.00725905880614161,0.00725905880614161,0.00725905880614161,0.0422687684348916
10.3415882006709,0,-0.0979591311963027,0,10.3415882006709,-0.0979591311963027,-0.0979591311963027,-0.0979591311963027,0.0379022425227411
9.03381024943225,0,-0.0258591277728825,0,9.03381024943225,-0.0258591277728825,-0.0258591277728825,-0.0258591277728825,0.0210013285642308
7.292171244769,0,0.0214216184583366,0,7.292171244769,0.0214216184583366,0.0214216184583366,0.0214216184583366,0.00787016036700002
10.6567948708008,0,0.0203455428827325,0,10.6567948708008,0.0203455428827325,0.0203455428827325,0.0203455428827325,0.0367174068081082
15.83958844307,0,0.0399832495665445,0,15.83958844307,0.0399832495665445,0.0399832495665445,0.0399832495665445,0.0130470310288665
17.7014293147066,0,0.0234372077444364,0,17.7014293147066,0.0234372077444364,0.0234372077444364,0.0234372077444364,0.0323786122878216
16.016217440795,0,-0.00369944404825601,0,16.016217440795,-0.00369944404825601,-0.00369944404825601,-0.00369944404825601,0.0376637682579198
13.5036026382197,0,0.0260526179813793,0,13.5036026382197,0.0260526179813793,0.0260526179813793,0.0260526179813793,0.0175137052055195
13.9836050997556,0,-0.0596374353307077,0,13.9836050997556,-0.0596374353307077,-0.0596374353307077,-0.0596374353307077,0.0260159424457815
11.3110693140974,0,0.00982781565554414,0,11.3110693140974,0.00982781565554414,0.00982781565554414,0.00982781565554414,0.0152975413868066
19.3344521561619,0,-0.0178892890128142,0,19.3344521561619,-0.0178892890128142,-0.0178892890128142,-0.0178892890128142,0.0322365626104049
12.3671082351961,0,0.0210231372322994,0,12.3671082351961,0.0210231372322994,0.0210231372322994,0.0210231372322994,0.0160828742749283
12.3654554745313,0,-0.0686880413546458,0,12.3654554745313,-0.0686880413546458,-0.0686880413546458,-0.0686880413546458,0.0513325050706189
19.2556223171704,0,0.0285945738844167,0,19.2556223171704,0.0285945738844167,0.0285945738844167,0.0285945738844167,0.0139726523520546
34.7312424253189,0,0.00360906084633839,0,34.7312424253189,0.00360906084633839,0.00360906084633839,0.00360906084633839,0.017575833019559
54.7209102152747,0,0.0196726221291343,0,54.7209102152747,0.0196726221291343,0.0196726221291343,0.0196726221291343,0.0109274670854921
14.729212643584,0,-0.0296594096014818,0,14.729212643584,-0.0296594096014818,-0.0296594096014818,-0.0296594096014818,0.0438275771773769
8.22166390729103,0,0.0200227074138689,0,8.22166390729103,0.0200227074138689,0.0200227074138689,0.0200227074138689,0.0889316774406693
11.7030101268542,0,0.0664031592294417,0,11.7030101268542,0.0664031592294417,0.0664031592294417,0.0664031592294417,0.0318702419669784
7.36539602284415,0,-0.0247872150245361,0,7.36539602284415,-0.0247872150245361,-0.0247872150245361,-0.0247872150245361,0.114121672795408
9.34902839864339,0,-0.0319037471830898,0,9.34902839864339,-0.0319037471830898,-0.0319037471830898,-0.0319037471830898,0.0353702402159913
12.5616640281909,0,0.00441577973083164,0,12.5616640281909,0.00441577973083164,0.00441577973083164,0.00441577973083164,0.0138459086615911
5.28892335541574,0,-0.0722438218615433,0,5.28892335541574,-0.0722438218615433,-0.0722438218615433,-0.0722438218615433,0.0393158996396484
10.8363107906744,0,-0.028098390818107,0,10.8363107906744,-0.028098390818107,-0.028098390818107,-0.028098390818107,0.071926050301895
11.7003583105711,0,-0.00186774348468509,0,11.7003583105711,-0.00186774348468509,-0.00186774348468509,-0.00186774348468509,0.00589871207554302
14.1717804897526,0,0.027255899623745,0,14.1717804897526,0.027255899623745,0.027255899623745,0.027255899623745,0.0438772018708798
10.4916049522311,0,0.0132463173032987,0,10.4916049522311,0.0132463173032987,0.0132463173032987,0.0132463173032987,0.0267192917518445
12.491172371433,0,0.00616174807970621,0,12.491172371433,0.00616174807970621,0.00616174807970621,0.00616174807970621,0.0405245193389735
31.4129223891295,0,-0.0481702543197104,0,31.4129223891295,-0.0481702543197104,-0.0481702543197104,-0.0481702543197104,0.04354801944707
23.3384346785706,0,0.0173424537425691,0,23.3384346785706,0.0173424537425691,0.0173424537425691,0.0173424537425691,0.0189266195413323
21.0471310356801,0,0.0617673658141888,0,21.0471310356801,0.0617673658141888,0.0617673658141888,0.0617673658141888,0.047052745863464
22.0025162092978,0,0.148833372639304,0,22.0025162092978,0.148833372639304,0.148833372639304,0.148833372639304,0.0966286283522948
142.027144302285,0,0.0480428181832702,0,142.027144302285,0.0480428181832702,0.0480428181832702,0.0480428181832702,0.0151652887885014
10.8384906759069,0,-0.00221059163205814,0,10.8384906759069,-0.00221059163205814,-0.00221059163205814,-0.00221059163205814,0.0251376149245104
15.3983817607889,0,0.00875331277188317,0,15.3983817607889,0.00875331277188317,0.00875331277188317,0.00875331277188317,0.0553131630412198
14.6925462604222,0,-0.00458452472707301,0,14.6925462604222,-0.00458452472707301,-0.00458452472707301,-0.00458452472707301,0.0444254697733256
8.14116878127968,0,0.0313541787643274,0,8.14116878127968,0.0313541787643274,0.0313541787643274,0.0313541787643274,0.0267464950236586
11.0161041029769,0,-0.0031766917676102,0,11.0161041029769,-0.0031766917676102,-0.0031766917676102,-0.0031766917676102,0.0522005254908412
12.612078023469,0,-0.0597088928688878,0,12.612078023469,-0.0597088928688878,-0.0597088928688878,-0.0597088928688878,0.0322576765582896
27.9381463268887,0,-0.0196646199066465,0,27.9381463268887,-0.0196646199066465,-0.0196646199066465,-0.0196646199066465,0.0266030945529787
28.4056044215739,0,-0.0234835133541325,0,28.4056044215739,-0.0234835133541325,-0.0234835133541325,-0.0234835133541325,0.0460235649191708
9.44659083119766,0,-0.0979355343768668,0,9.44659083119766,-0.0979355343768668,-0.0979355343768668,-0.0979355343768668,0.106984919191722
14.3373106913918,0,-0.0165868652445846,0,14.3373106913918,-0.0165868652445846,-0.0165868652445846,-0.0165868652445846,0.0475684856482902
27.5154326429576,0,-0.0737687512894777,0,27.5154326429576,-0.0737687512894777,-0.0737687512894777,-0.0737687512894777,0.0411313926107423
NA,NA,NA,NA,NA,NA,NA,NA,NA
3.48138260502119,0,-0.0431716232209931,0,3.48138260502119,-0.0431716232209931,-0.0431716232209931,-0.0431716232209931,0.0321818721032191
5.59197431763262,0,-0.0578220526680145,0,5.59197431763262,-0.0578220526680145,-0.0578220526680145,-0.0578220526680145,0.0290843221745671
7.10118523761685,0,-0.0285278978712163,0,7.10118523761685,-0.0285278978712163,-0.0285278978712163,-0.0285278978712163,0.0595492352872805
8.39406695268219,0,0.0167837864563465,0,8.39406695268219,0.0167837864563465,0.0167837864563465,0.0167837864563465,0.0322473662392579
6.68163411954067,0,0.0399525800720857,0,6.68163411954067,0.0399525800720857,0.0399525800720857,0.0399525800720857,0.0632642521725607
10.9419857642508,0,-0.0876235523401562,0,10.9419857642508,-0.0876235523401562,-0.0876235523401562,-0.0876235523401562,0.0336377588977628
9.567453602661,0,-0.0130573193727359,0,9.567453602661,-0.0130573193727359,-0.0130573193727359,-0.0130573193727359,0.0264340771076804
9.56764954052794,0,-0.00578932875863998,0,9.56764954052794,-0.00578932875863998,-0.00578932875863998,-0.00578932875863998,0.0288617279537588
9.58796747981615,0,0.00725905880614161,0,9.58796747981615,0.00725905880614161,0.00725905880614161,0.00725905880614161,0.0422687684348916
10.3415882006709,0,-0.0979591311963027,0,10.3415882006709,-0.0979591311963027,-0.0979591311963027,-0.0979591311963027,0.0379022425227411
9.03381024943225,0,-0.0258591277728825,0,9.03381024943225,-0.0258591277728825,-0.0258591277728825,-0.0258591277728825,0.0210013285642308
7.292171244769,0,0.0214216184583366,0,7.292171244769,0.0214216184583366,0.0214216184583366,0.0214216184583366,0.00787016036700002
10.6567948708008,0,0.0203455428827325,0,10.6567948708008,0.0203455428827325,0.0203455428827325,0.0203455428827325,0.0367174068081082
15.83958844307,0,0.0399832495665445,0,15.83958844307,0.0399832495665445,0.0399832495665445,0.0399832495665445,0.0130470310288665
17.7014293147066,0,0.0234372077444364,0,17.7014293147066,0.0234372077444364,0.0234372077444364,0.0234372077444364,0.0323786122878216
16.016217440795,0,-0.00369944404825601,0,16.016217440795,-0.00369944404825601,-0.00369944404825601,-0.00369944404825601,0.0376637682579198
13.5036026382197,0,0.0260526179813793,0,13.5036026382197,0.0260526179813793,0.0260526179813793,0.0260526179813793,0.0175137052055195
13.9836050997556,0,-0.0596374353307077,0,13.9836050997556,-0.0596374353307077,-0.0596374353307077,-0.0596374353307077,0.0260159424457815
11.3110693140974,0,0.00982781565554414,0,11.3110693140974,0.00982781565554414,0.00982781565554414,0.00982781565554414,0.0152975413868066
19.3344521561619,0,-0.0178892890128142,0,19.3344521561619,-0.0178892890128142,-0.0178892890128142,-0.0178892890128142,0.0322365626104049
12.3671082351961,0,0.0210231372322994,0,12.3671082351961,0.0210231372322994,0.0210231372322994,0.0210231372322994,0.0160828742749283
12.3654554745313,0,-0.0686880413546458,0,12.3654554745313,-0.0686880413546458,-0.0686880413546458,-0.0686880413546458,0.0513325050706189
19.2556223171704,0,0.0285945738844167,0,19.2556223171704,0.0285945738844167,0.0285945738844167,0.0285945738844167,0.0139726523520546
34.7312424253189,0,0.00360906084633839,0,34.7312424253189,0.00360906084633839,0.00360906084633839,0.00360906084633839,0.017575833019559
54.7209102152747,0,0.0196726221291343,0,54.7209102152747,0.0196726221291343,0.0196726221291343,0.0196726221291343,0.0109274670854921
14.729212643584,0,-0.0296594096014818,0,14.729212643584,-0.0296594096014818,-0.0296594096014818,-0.0296594096014818,0.0438275771773769
8.22166390729103,0,0.0200227074138689,0,8.22166390729103,0.0200227074138689,0.0200227074138689,0.0200227074138689,0.0889316774406693
11.7030101268542,0,0.0664031592294417,0,11.7030101268542,0.0664031592294417,0.0664031592294417,0.0664031592294417,0.0318702419669784
7.36539602284415,0,-0.0247872150245361,0,7.36539602284415,-0.0247872150245361,-0.0247872150245361,-0.0247872150245361,0.114121672795408
9.34902839864339,0,-0.0319037471830898,0,9.34902839864339,-0.0319037471830898,-0.0319037471830898,-0.0319037471830898,0.0353702402159913
12.5616640281909,0,0.00441577973083164,0,12.5616640281909,0.00441577973083164,0.00441577973083164,0.00441577973083164,0.0138459086615911
5.28892335541574,0,-0.0722438218615433,0,5.28892335541574,-0.0722438218615433,-0.0722438218615433,-0.0722438218615433,0.0393158996396484
10.8363107906744,0,-0.028098390818107,0,10.8363107906744,-0.028098390818107,-0.028098390818107,-0.028098390818107,0.071926050301895
11.7003583105711,0,-0.00186774348468509,0,11.7003583105711,-0.00186774348468509,-0.00186774348468509,-0.00186774348468509,0.00589871207554302
14.1717804897526,0,0.027255899623745,0,14.1717804897526,0.027255899623745,0.027255899623745,0.027255899623745,0.0438772018708798
10.4916049522311,0,0.0132463173032987,0,10.4916049522311,0.0132463173032987,0.0132463173032987,0.0132463173032987,0.0267192917518445
12.491172371433,0,0.00616174807970621,0,12.491172371433,0.00616174807970621,0.00616174807970621,0.00616174807970621,0.0405245193389735
31.4129223891295,0,-0.0481702543197104,0,31.4129223891295,-0.0481702543197104,-0.0481702543197104,-0.0481702543197104,0.04354801944707
23.3384346785706,0,0.0173424537425691,0,23.3384346785706,0.0173424537425691,0.0173424537425691,0.0173424537425691,0.0189266195413323
21.0471310356801,0,0.0617673658141888,0,21.0471310356801,0.0617673658141888,0.0617673658141888,0.0617673658141888,0.047052745863464
22.0025162092978,0,0.148833372639304,0,22.0025162092978,0.148833372639304,0.148833372639304,0.148833372639304,0.0966286283522948
142.027144302285,0,0.0480428181832702,0,142.027144302285,0.0480428181832702,0.0480428181832702,0.0480428181832702,0.0151652887885014
10.8384906759069,0,-0.00221059163205814,0,10.8384906759069,-0.00221059163205814,-0.00221059163205814,-0.00221059163205814,0.0251376149245104
15.3983817607889,0,0.00875331277188317,0,15.3983817607889,0.00875331277188317,0.00875331277188317,0.00875331277188317,0.0553131630412198
14.6925462604222,0,-0.00458452472707301,0,14.6925462604222,-0.00458452472707301,-0.00458452472707301,-0.00458452472707301,0.0444254697733256
8.14116878127968,0,0.0313541787643274,0,8.14116878127968,0.0313541787643274,0.0313541787643274,0.0313541787643274,0.0267464950236586
11.0161041029769,0,-0.0031766917676102,0,11.0161041029769,-0.0031766917676102,-0.0031766917676102,-0.0031766917676102,0.0522005254908412
12.612078023469,0,-0.0597088928688878,0,12.612078023469,-0.0597088928688878,-0.0597088928688878,-0.0597088928688878,0.0322576765582896
27.9381463268887,0,-0.0196646199066465,0,27.9381463268887,-0.0196646199066465,-0.0196646199066465,-0.0196646199066465,0.0266030945529787
28.4056044215739,0,-0.0234835133541325,0,28.4056044215739,-0.0234835133541325,-0.0234835133541325,-0.0234835133541325,0.0460235649191708
9.44659083119766,0,-0.0979355343768668,0,9.44659083119766,-0.0979355343768668,-0.0979355343768668,-0.0979355343768668,0.106984919191722
14.3373106913918,0,-0.0165868652445846,0,14.3373106913918,-0.0165868652445846,-0.0165868652445846,-0.0165868652445846,0.0475684856482902
27.5154326429576,0,-0.0737687512894777,0,27.5154326429576,-0.0737687512894777,-0.0737687512894777,-0.0737687512894777,0.0411313926107423
NA,NA,NA,NA,NA,NA,NA,NA,NA
3.48138260502119,0,-0.0431716232209931,0,3.48138260502119,-0.0431716232209931,-0.0431716232209931,-0.0431716232209931,0.0321818721032191
5.59197431763262,0,-0.0578220526680145,0,5.59197431763262,-0.0578220526680145,-0.0578220526680145,-0.0578220526680145,0.0290843221745671
7.10118523761685,0,-0.0285278978712163,0,7.10118523761685,-0.0285278978712163,-0.0285278978712163,-0.0285278978712163,0.0595492352872805
8.39406695268219,0,0.0167837864563465,0,8.39406695268219,0.0167837864563465,0.0167837864563465,0.0167837864563465,0.0322473662392579
6.68163411954067,0,0.0399525800720857,0,6.68163411954067,0.0399525800720857,0.0399525800720857,0.0399525800720857,0.0632642521725607
10.9419857642508,0,-0.0876235523401562,0,10.9419857642508,-0.0876235523401562,-0.0876235523401562,-0.0876235523401562,0.0336377588977628
9.567453602661,0,-0.0130573193727359,0,9.567453602661,-0.0130573193727359,-0.0130573193727359,-0.0130573193727359,0.0264340771076804
9.56764954052794,0,-0.00578932875863998,0,9.56764954052794,-0.00578932875863998,-0.00578932875863998,-0.00578932875863998,0.0288617279537588
9.58796747981615,0,0.00725905880614161,0,9.58796747981615,0.00725905880614161,0.00725905880614161,0.00725905880614161,0.0422687684348916
10.3415882006709,0,-0.0979591311963027,0,10.3415882006709,-0.0979591311963027,-0.0979591311963027,-0.0979591311963027,0.0379022425227411
9.03381024943225,0,-0.0258591277728825,0,9.03381024943225,-0.0258591277728825,-0.0258591277728825,-0.0258591277728825,0.0210013285642308
7.292171244769,0,0.0214216184583366,0,7.292171244769,0.0214216184583366,0.0214216184583366,0.0214216184583366,0.00787016036700002
10.6567948708008,0,0.0203455428827325,0,10.6567948708008,0.0203455428827325,0.0203455428827325,0.0203455428827325,0.0367174068081082
15.83958844307,0,0.0399832495665445,0,15.83958844307,0.0399832495665445,0.0399832495665445,0.0399832495665445,0.0130470310288665
17.7014293147066,0,0.0234372077444364,0,17.7014293147066,0.0234372077444364,0.0234372077444364,0.0234372077444364,0.0323786122878216
16.016217440795,0,-0.00369944404825601,0,16.016217440795,-0.00369944404825601,-0.00369944404825601,-0.00369944404825601,0.0376637682579198
13.5036026382197,0,0.0260526179813793,0,13.5036026382197,0.0260526179813793,0.0260526179813793,0.0260526179813793,0.0175137052055195
13.9836050997556,0,-0.0596374353307077,0,13.9836050997556,-0.0596374353307077,-0.0596374353307077,-0.0596374353307077,0.0260159424457815
11.3110693140974,0,0.00982781565554414,0,11.3110693140974,0.00982781565554414,0.00982781565554414,0.00982781565554414,0.0152975413868066
19.3344521561619,0,-0.0178892890128142,0,19.3344521561619,-0.0178892890128142,-0.0178892890128142,-0.0178892890128142,0.0322365626104049
12.3671082351961,0,0.0210231372322994,0,12.3671082351961,0.0210231372322994,0.0210231372322994,0.0210231372322994,0.0160828742749283
12.3654554745313,0,-0.0686880413546458,0,12.3654554745313,-0.0686880413546458,-0.0686880413546458,-0.0686880413546458,0.0513325050706189
19.2556223171704,0,0.0285945738844167,0,19.2556223171704,0.0285945738844167,0.0285945738844167,0.0285945738844167,0.0139726523520546
34.7312424253189,0,0.00360906084633839,0,34.7312424253189,0.00360906084633839,0.00360906084633839,0.00360906084633839,0.017575833019559
54.7209102152747,0,0.0196726221291343,0,54.7209102152747,0.0196726221291343,0.0196726221291343,0.0196726221291343,0.0109274670854921
14.729212643584,0,-0.0296594096014818,0,14.729212643584,-0.0296594096014818,-0.0296594096014818,-0.0296594096014818,0.0438275771773769
8.22166390729103,0,0.0200227074138689,0,8.22166390729103,0.0200227074138689,0.0200227074138689,0.0200227074138689,0.0889316774406693
11.7030101268542,0,0.0664031592294417,0,11.7030101268542,0.0664031592294417,0.0664031592294417,0.0664031592294417,0.0318702419669784
7.36539602284415,0,-0.0247872150245361,0,7.36539602284415,-0.0247872150245361,-0.0247872150245361,-0.0247872150245361,0.114121672795408
9.34902839864339,0,-0.0319037471830898,0,9.34902839864339,-0.0319037471830898,-0.0319037471830898,-0.0319037471830898,0.0353702402159913
12.5616640281909,0,0.00441577973083164,0,12.5616640281909,0.00441577973083164,0.00441577973083164,0.00441577973083164,0.0138459086615911
5.28892335541574,0,-0.0722438218615433,0,5.28892335541574,-0.0722438218615433,-0.0722438218615433,-0.0722438218615433,0.0393158996396484
10.8363107906744,0,-0.028098390818107,0,10.8363107906744,-0.028098390818107,-0.028098390818107,-0.028098390818107,0.071926050301895
11.7003583105711,0,-0.00186774348468509,0,11.7003583105711,-0.00186774348468509,-0.00186774348468509,-0.00186774348468509,0.00589871207554302
14.1717804897526,0,0.027255899623745,0,14.1717804897526,0.027255899623745,0.027255899623745,0.027255899623745,0.0438772018708798
10.4916049522311,0,0.0132463173032987,0,10.4916049522311,0.0132463173032987,0.0132463173032987,0.0132463173032987,0.0267192917518445
12.491172371433,0,0.00616174807970621,0,12.491172371433,0.00616174807970621,0.00616174807970621,0.00616174807970621,0.0405245193389735
31.4129223891295,0,-0.0481702543197104,0,31.4129223891295,-0.0481702543197104,-0.0481702543197104,-0.0481702543197104,0.04354801944707
23.3384346785706,0,0.0173424537425691,0,23.3384346785706,0.0173424537425691,0.0173424537425691,0.0173424537425691,0.0189266195413323
21.0471310356801,0,0.0617673658141888,0,21.0471310356801,0.0617673658141888,0.0617673658141888,0.0617673658141888,0.047052745863464
22.0025162092978,0,0.148833372639304,0,22.0025162092978,0.148833372639304,0.148833372639304,0.148833372639304,0.0966286283522948
142.027144302285,0,0.0480428181832702,0,142.027144302285,0.0480428181832702,0.0480428181832702,0.0480428181832702,0.0151652887885014
10.8384906759069,0,-0.00221059163205814,0,10.8384906759069,-0.00221059163205814,-0.00221059163205814,-0.00221059163205814,0.0251376149245104
15.3983817607889,0,0.00875331277188317,0,15.3983817607889,0.00875331277188317,0.00875331277188317,0.00875331277188317,0.0553131630412198
14.6925462604222,0,-0.00458452472707301,0,14.6925462604222,-0.00458452472707301,-0.00458452472707301,-0.00458452472707301,0.0444254697733256
8.14116878127968,0,0.0313541787643274,0,8.14116878127968,0.0313541787643274,0.0313541787643274,0.0313541787643274,0.0267464950236586
11.0161041029769,0,-0.0031766917676102,0,11.0161041029769,-0.0031766917676102,-0.0031766917676102,-0.0031766917676102,0.0522005254908412
12.612078023469,0,-0.0597088928688878,0,12.612078023469,-0.0597088928688878,-0.0597088928688878,-0.0597088928688878,0.0322576765582896
27.9381463268887,0,-0.0196646199066465,0,27.9381463268887,-0.0196646199066465,-0.0196646199066465,-0.0196646199066465,0.0266030945529787
28.4056044215739,0,-0.0234835133541325,0,28.4056044215739,-0.0234835133541325,-0.0234835133541325,-0.0234835133541325,0.0460235649191708
9.44659083119766,0,-0.0979355343768668,0,9.44659083119766,-0.0979355343768668,-0.0979355343768668,-0.0979355343768668,0.106984919191722
14.3373106913918,0,-0.0165868652445846,0,14.3373106913918,-0.0165868652445846,-0.0165868652445846,-0.0165868652445846,0.0475684856482902
27.5154326429576,0,-0.0737687512894777,0,27.5154326429576,-0.0737687512894777,-0.0737687512894777,-0.0737687512894777,0.0411313926107423
NA,NA,NA,NA,NA,NA,NA,NA,NA
3.48138260502119,0,-0.0431716232209931,0,3.48138260502119,-0.0431716232209931,-0.0431716232209931,-0.0431716232209931,0.0321818721032191
5.59197431763262,0,-0.0578220526680145,0,5.59197431763262,-0.0578220526680145,-0.0578220526680145,-0.0578220526680145,0.0290843221745671
7.10118523761685,0,-0.0285278978712163,0,7.10118523761685,-0.0285278978712163,-0.0285278978712163,-0.0285278978712163,0.0595492352872805
8.39406695268219,0,0.0167837864563465,0,8.39406695268219,0.0167837864563465,0.0167837864563465,0.0167837864563465,0.0322473662392579
6.68163411954067,0,0.0399525800720857,0,6.68163411954067,0.0399525800720857,0.0399525800720857,0.0399525800720857,0.0632642521725607
10.9419857642508,0,-0.0876235523401562,0,10.9419857642508,-0.0876235523401562,-0.0876235523401562,-0.0876235523401562,0.0336377588977628
9.567453602661,0,-0.0130573193727359,0,9.567453602661,-0.0130573193727359,-0.0130573193727359,-0.0130573193727359,0.0264340771076804
9.56764954052794,0,-0.00578932875863998,0,9.56764954052794,-0.00578932875863998,-0.00578932875863998,-0.00578932875863998,0.0288617279537588
9.58796747981615,0,0.00725905880614161,0,9.58796747981615,0.00725905880614161,0.00725905880614161,0.00725905880614161,0.0422687684348916
10.3415882006709,0,-0.0979591311963027,0,10.3415882006709,-0.0979591311963027,-0.0979591311963027,-0.0979591311963027,0.0379022425227411
9.03381024943225,0,-0.0258591277728825,0,9.03381024943225,-0.0258591277728825,-0.0258591277728825,-0.0258591277728825,0.0210013285642308
7.292171244769,0,0.0214216184583366,0,7.292171244769,0.0214216184583366,0.0214216184583366,0.0214216184583366,0.00787016036700002
10.6567948708008,0,0.0203455428827325,0,10.6567948708008,0.0203455428827325,0.0203455428827325,0.0203455428827325,0.0367174068081082
15.83958844307,0,0.0399832495665445,0,15.83958844307,0.0399832495665445,0.0399832495665445,0.0399832495665445,0.0130470310288665
17.7014293147066,0,0.0234372077444364,0,17.7014293147066,0.0234372077444364,0.0234372077444364,0.0234372077444364,0.0323786122878216
16.016217440795,0,-0.00369944404825601,0,16.016217440795,-0.00369944404825601,-0.00369944404825601,-0.00369944404825601,0.0376637682579198
13.5036026382197,0,0.0260526179813793,0,13.5036026382197,0.0260526179813793,0.0260526179813793,0.0260526179813793,0.0175137052055195
13.9836050997556,0,-0.0596374353307077,0,13.9836050997556,-0.0596374353307077,-0.0596374353307077,-0.0596374353307077,0.0260159424457815
11.3110693140974,0,0.00982781565554414,0,11.3110693140974,0.00982781565554414,0.00982781565554414,0.00982781565554414,0.0152975413868066
19.3344521561619,0,-0.0178892890128142,0,19.3344521561619,-0.0178892890128142,-0.0178892890128142,-0.0178892890128142,0.0322365626104049
12.3671082351961,0,0.0210231372322994,0,12.3671082351961,0.0210231372322994,0.0210231372322994,0.0210231372322994,0.0160828742749283
12.3654554745313,0,-0.0686880413546458,0,12.3654554745313,-0.0686880413546458,-0.0686880413546458,-0.0686880413546458,0.0513325050706189
19.2556223171704,0,0.0285945738844167,0,19.2556223171704,0.0285945738844167,0.0285945738844167,0.0285945738844167,0.0139726523520546
34.7312424253189,0,0.00360906084633839,0,34.7312424253189,0.00360906084633839,0.00360906084633839,0.00360906084633839,0.017575833019559
54.7209102152747,0,0.0196726221291343,0,54.7209102152747,0.0196726221291343,0.0196726221291343,0.0196726221291343,0.0109274670854921
14.729212643584,0,-0.0296594096014818,0,14.729212643584,-0.0296594096014818,-0.0296594096014818,-0.0296594096014818,0.0438275771773769
8.22166390729103,0,0.0200227074138689,0,8.22166390729103,0.0200227074138689,0.0200227074138689,0.0200227074138689,0.0889316774406693
11.7030101268542,0,0.0664031592294417,0,11.7030101268542,0.0664031592294417,0.0664031592294417,0.0664031592294417,0.0318702419669784
7.36539602284415,0,-0.0247872150245361,0,7.36539602284415,-0.0247872150245361,-0.0247872150245361,-0.0247872150245361,0.114121672795408
9.34902839864339,0,-0.0319037471830898,0,9.34902839864339,-0.0319037471830898,-0.0319037471830898,-0.0319037471830898,0.0353702402159913
12.5616640281909,0,0.00441577973083164,0,12.5616640281909,0.00441577973083164,0.00441577973083164,0.00441577973083164,0.0138459086615911
5.28892335541574,0,-0.0722438218615433,0,5.28892335541574,-0.0722438218615433,-0.0722438218615433,-0.0722438218615433,0.0393158996396484
10.8363107906744,0,-0.028098390818107,0,10.8363107906744,-0.028098390818107,-0.028098390818107,-0.028098390818107,0.071926050301895
11.7003583105711,0,-0.00186774348468509,0,11.7003583105711,-0.00186774348468509,-0.00186774348468509,-0.00186774348468509,0.00589871207554302
14.1717804897526,0,0.027255899623745,0,14.1717804897526,0.027255899623745,0.027255899623745,0.027255899623745,0.0438772018708798
10.4916049522311,0,0.0132463173032987,0,10.4916049522311,0.0132463173032987,0.0132463173032987,0.0132463173032987,0.0267192917518445
12.491172371433,0,0.00616174807970621,0,12.491172371433,0.00616174807970621,0.00616174807970621,0.00616174807970621,0.0405245193389735
31.4129223891295,0,-0.0481702543197104,0,31.4129223891295,-0.0481702543197104,-0.0481702543197104,-0.0481702543197104,0.04354801944707
23.3384346785706,0,0.0173424537425691,0,23.3384346785706,0.0173424537425691,0.0173424537425691,0.0173424537425691,0.0189266195413323
21.0471310356801,0,0.0617673658141888,0,21.0471310356801,0.0617673658141888,0.0617673658141888,0.0617673658141888,0.047052745863464
22.0025162092978,0,0.148833372639304,0,22.0025162092978,0.148833372639304,0.148833372639304,0.148833372639304,0.0966286283522948
142.027144302285,0,0.0480428181832702,0,142.027144302285,0.0480428181832702,0.0480428181832702,0.0480428181832702,0.0151652887885014
10.8384906759069,0,-0.00221059163205814,0,10.8384906759069,-0.00221059163205814,-0.00221059163205814,-0.00221059163205814,0.0251376149245104
15.3983817607889,0,0.00875331277188317,0,15.3983817607889,0.00875331277188317,0.00875331277188317,0.00875331277188317,0.0553131630412198
14.6925462604222,0,-0.00458452472707301,0,14.6925462604222,-0.00458452472707301,-0.00458452472707301,-0.00458452472707301,0.0444254697733256
8.14116878127968,0,0.0313541787643274,0,8.14116878127968,0.0313541787643274,0.0313541787643274,0.0313541787643274,0.0267464950236586
11.0161041029769,0,-0.0031766917676102,0,11.0161041029769,-0.0031766917676102,-0.0031766917676102,-0.0031766917676102,0.0522005254908412
12.612078023469,0,-0.0597088928688878,0,12.612078023469,-0.0597088928688878,-0.0597088928688878,-0.0597088928688878,0.0322576765582896
27.9381463268887,0,-0.0196646199066465,0,27.9381463268887,-0.0196646199066465,-0.0196646199066465,-0.0196646199066465,0.0266030945529787
28.4056044215739,0,-0.0234835133541325,0,28.4056044215739,-0.0234835133541325,-0.0234835133541325,-0.0234835133541325,0.0460235649191708
9.44659083119766,0,-0.0979355343768668,0,9.44659083119766,-0.0979355343768668,-0.0979355343768668,-0.0979355343768668,0.106984919191722
14.3373106913918,0,-0.0165868652445846,0,14.3373106913918,-0.0165868652445846,-0.0165868652445846,-0.0165868652445846,0.0475684856482902
27.5154326429576,0,-0.0737687512894777,0,27.5154326429576,-0.0737687512894777,-0.0737687512894777,-0.0737687512894777,0.0411313926107423
NA,NA,NA,NA,NA,NA,NA,NA,NA
3.48138260502119,0,-0.0431716232209931,0,3.48138260502119,-0.0431716232209931,-0.0431716232209931,-0.0431716232209931,0.0321818721032191
5.59197431763262,0,-0.0578220526680145,0,5.59197431763262,-0.0578220526680145,-0.0578220526680145,-0.0578220526680145,0.0290843221745671
7.10118523761685,0,-0.0285278978712163,0,7.10118523761685,-0.0285278978712163,-0.0285278978712163,-0.0285278978712163,0.0595492352872805
8.39406695268219,0,0.0167837864563465,0,8.39406695268219,0.0167837864563465,0.0167837864563465,0.0167837864563465,0.0322473662392579
6.68163411954067,0,0.0399525800720857,0,6.68163411954067,0.0399525800720857,0.0399525800720857,0.0399525800720857,0.0632642521725607
10.9419857642508,0,-0.0876235523401562,0,10.9419857642508,-0.0876235523401562,-0.0876235523401562,-0.0876235523401562,0.0336377588977628
9.567453602661,0,-0.0130573193727359,0,9.567453602661,-0.0130573193727359,-0.0130573193727359,-0.0130573193727359,0.0264340771076804
9.56764954052794,0,-0.00578932875863998,0,9.56764954052794,-0.00578932875863998,-0.00578932875863998,-0.00578932875863998,0.0288617279537588
9.58796747981615,0,0.00725905880614161,0,9.58796747981615,0.00725905880614161,0.00725905880614161,0.00725905880614161,0.0422687684348916
10.3415882006709,0,-0.0979591311963027,0,10.3415882006709,-0.0979591311963027,-0.0979591311963027,-0.0979591311963027,0.0379022425227411
9.03381024943225,0,-0.0258591277728825,0,9.03381024943225,-0.0258591277728825,-0.0258591277728825,-0.0258591277728825,0.0210013285642308
7.292171244769,0,0.0214216184583366,0,7.292171244769,0.0214216184583366,0.0214216184583366,0.0214216184583366,0.00787016036700002
10.6567948708008,0,0.0203455428827325,0,10.6567948708008,0.0203455428827325,0.0203455428827325,0.0203455428827325,0.0367174068081082
15.83958844307,0,0.0399832495665445,0,15.83958844307,0.0399832495665445,0.0399832495665445,0.0399832495665445,0.0130470310288665
17.7014293147066,0,0.0234372077444364,0,17.7014293147066,0.0234372077444364,0.0234372077444364,0.0234372077444364,0.0323786122878216
16.016217440795,0,-0.00369944404825601,0,16.016217440795,-0.00369944404825601,-0.00369944404825601,-0.00369944404825601,0.0376637682579198
13.5036026382197,0,0.0260526179813793,0,13.5036026382197,0.0260526179813793,0.0260526179813793,0.0260526179813793,0.0175137052055195
13.9836050997556,0,-0.0596374353307077,0,13.9836050997556,-0.0596374353307077,-0.0596374353307077,-0.0596374353307077,0.0260159424457815
11.3110693140974,0,0.00982781565554414,0,11.3110693140974,0.00982781565554414,0.00982781565554414,0.00982781565554414,0.0152975413868066
19.3344521561619,0,-0.0178892890128142,0,19.3344521561619,-0.0178892890128142,-0.0178892890128142,-0.0178892890128142,0.0322365626104049
12.3671082351961,0,0.0210231372322994,0,12.3671082351961,0.0210231372322994,0.0210231372322994,0.0210231372322994,0.0160828742749283
12.3654554745313,0,-0.0686880413546458,0,12.3654554745313,-0.0686880413546458,-0.0686880413546458,-0.0686880413546458,0.0513325050706189
19.2556223171704,0,0.0285945738844167,0,19.2556223171704,0.0285945738844167,0.0285945738844167,0.0285945738844167,0.0139726523520546
34.7312424253189,0,0.00360906084633839,0,34.7312424253189,0.00360906084633839,0.00360906084633839,0.00360906084633839,0.017575833019559
54.7209102152747,0,0.0196726221291343,0,54.7209102152747,0.0196726221291343,0.0196726221291343,0.0196726221291343,0.0109274670854921
14.729212643584,0,-0.0296594096014818,0,14.729212643584,-0.0296594096014818,-0.0296594096014818,-0.0296594096014818,0.0438275771773769
8.22166390729103,0,0.0200227074138689,0,8.22166390729103,0.0200227074138689,0.0200227074138689,0.0200227074138689,0.0889316774406693
11.7030101268542,0,0.0664031592294417,0,11.7030101268542,0.0664031592294417,0.0664031592294417,0.0664031592294417,0.0318702419669784
7.36539602284415,0,-0.0247872150245361,0,7.36539602284415,-0.0247872150245361,-0.0247872150245361,-0.0247872150245361,0.114121672795408
9.34902839864339,0,-0.0319037471830898,0,9.34902839864339,-0.0319037471830898,-0.0319037471830898,-0.0319037471830898,0.0353702402159913
12.5616640281909,0,0.00441577973083164,0,12.5616640281909,0.00441577973083164,0.00441577973083164,0.00441577973083164,0.0138459086615911
5.28892335541574,0,-0.0722438218615433,0,5.28892335541574,-0.0722438218615433,-0.0722438218615433,-0.0722438218615433,0.0393158996396484
10.8363107906744,0,-0.028098390818107,0,10.8363107906744,-0.028098390818107,-0.028098390818107,-0.028098390818107,0.071926050301895
11.7003583105711,0,-0.00186774348468509,0,11.7003583105711,-0.00186774348468509,-0.00186774348468509,-0.00186774348468509,0.00589871207554302
14.1717804897526,0,0.027255899623745,0,14.1717804897526,0.027255899623745,0.027255899623745,0.027255899623745,0.0438772018708798
10.4916049522311,0,0.0132463173032987,0,10.4916049522311,0.0132463173032987,0.0132463173032987,0.0132463173032987,0.0267192917518445
12.491172371433,0,0.00616174807970621,0,12.491172371433,0.00616174807970621,0.00616174807970621,0.00616174807970621,0.0405245193389735
31.4129223891295,0,-0.0481702543197104,0,31.4129223891295,-0.0481702543197104,-0.0481702543197104,-0.0481702543197104,0.04354801944707
23.3384346785706,0,0.0173424537425691,0,23.3384346785706,0.0173424537425691,0.0173424537425691,0.0173424537425691,0.0189266195413323
21.0471310356801,0,0.0617673658141888,0,21.0471310356801,0.0617673658141888,0.0617673658141888,0.0617673658141888,0.047052745863464
22.0025162092978,0,0.148833372639304,0,22.0025162092978,0.148833372639304,0.148833372639304,0.148833372639304,0.0966286283522948
142.027144302285,0,0.0480428181832702,0,142.027144302285,0.0480428181832702,0.0480428181832702,0.0480428181832702,0.0151652887885014
10.8384906759069,0,-0.00221059163205814,0,10.8384906759069,-0.00221059163205814,-0.00221059163205814,-0.00221059163205814,0.0251376149245104
15.3983817607889,0,0.00875331277188317,0,15.3983817607889,0.00875331277188317,0.00875331277188317,0.00875331277188317,0.0553131630412198
14.6925462604222,0,-0.00458452472707301,0,14.6925462604222,-0.00458452472707301,-0.00458452472707301,-0.00458452472707301,0.0444254697733256
8.14116878127968,0,0.0313541787643274,0,8.14116878127968,0.0313541787643274,0.0313541787643274,0.0313541787643274,0.0267464950236586
11.0161041029769,0,-0.0031766917676102,0,11.0161041029769,-0.0031766917676102,-0.0031766917676102,-0.0031766917676102,0.0522005254908412
12.612078023469,0,-0.0597088928688878,0,12.612078023469,-0.0597088928688878,-0.0597088928688878,-0.0597088928688878,0.0322576765582896
27.9381463268887,0,-0.0196646199066465,0,27.9381463268887,-0.0196646199066465,-0.0196646199066465,-0.0196646199066465,0.0266030945529787
28.4056044215739,0,-0.0234835133541325,0,28.4056044215739,-0.0234835133541325,-0.0234835133541325,-0.0234835133541325,0.0460235649191708
9.44659083119766,0,-0.0979355343768668,0,9.44659083119766,-0.0979355343768668,-0.0979355343768668,-0.0979355343768668,0.106984919191722
14.3373106913918,0,-0.0165868652445846,0,14.3373106913918,-0.0165868652445846,-0.0165868652445846,-0.0165868652445846,0.0475684856482902
27.5154326429576,0,-0.0737687512894777,0,27.5154326429576,-0.0737687512894777,-0.0737687512894777,-0.0737687512894777,0.0411313926107423
NA,NA,NA,NA,NA,NA,NA,NA,NA
3.48138260502119,0,-0.0431716232209931,0,3.48138260502119,-0.0431716232209931,-0.0431716232209931,-0.0431716232209931,0.0321818721032191
5.59197431763262,0,-0.0578220526680145,0,5.59197431763262,-0.0578220526680145,-0.0578220526680145,-0.0578220526680145,0.0290843221745671
7.10118523761685,0,-0.0285278978712163,0,7.10118523761685,-0.0285278978712163,-0.0285278978712163,-0.0285278978712163,0.0595492352872805
8.39406695268219,0,0.0167837864563465,0,8.39406695268219,0.0167837864563465,0.0167837864563465,0.0167837864563465,0.0322473662392579
6.68163411954067,0,0.0399525800720857,0,6.68163411954067,0.0399525800720857,0.0399525800720857,0.0399525800720857,0.0632642521725607
10.9419857642508,0,-0.0876235523401562,0,10.9419857642508,-0.0876235523401562,-0.0876235523401562,-0.0876235523401562,0.0336377588977628
9.567453602661,0,-0.0130573193727359,0,9.567453602661,-0.0130573193727359,-0.0130573193727359,-0.0130573193727359,0.0264340771076804
9.56764954052794,0,-0.00578932875863998,0,9.56764954052794,-0.00578932875863998,-0.00578932875863998,-0.00578932875863998,0.0288617279537588
9.58796747981615,0,0.00725905880614161,0,9.58796747981615,0.00725905880614161,0.00725905880614161,0.00725905880614161,0.0422687684348916
10.3415882006709,0,-0.0979591311963027,0,10.3415882006709,-0.0979591311963027,-0.0979591311963027,-0.0979591311963027,0.0379022425227411
9.03381024943225,0,-0.0258591277728825,0,9.03381024943225,-0.0258591277728825,-0.0258591277728825,-0.0258591277728825,0.0210013285642308
7.292171244769,0,0.0214216184583366,0,7.292171244769,0.0214216184583366,0.0214216184583366,0.0214216184583366,0.00787016036700002
10.6567948708008,0,0.0203455428827325,0,10.6567948708008,0.0203455428827325,0.0203455428827325,0.0203455428827325,0.0367174068081082
15.83958844307,0,0.0399832495665445,0,15.83958844307,0.0399832495665445,0.0399832495665445,0.0399832495665445,0.0130470310288665
17.7014293147066,0,0.0234372077444364,0,17.7014293147066,0.0234372077444364,0.0234372077444364,0.0234372077444364,0.0323786122878216
16.016217440795,0,-0.00369944404825601,0,16.016217440795,-0.00369944404825601,-0.00369944404825601,-0.00369944404825601,0.0376637682579198
13.5036026382197,0,0.0260526179813793,0,13.5036026382197,0.0260526179813793,0.0260526179813793,0.0260526179813793,0.0175137052055195
13.9836050997556,0,-0.0596374353307077,0,13.9836050997556,-0.0596374353307077,-0.0596374353307077,-0.0596374353307077,0.0260159424457815
11.3110693140974,0,0.00982781565554414,0,11.3110693140974,0.00982781565554414,0.00982781565554414,0.00982781565554414,0.0152975413868066
20.6083384757102,0,-0.0196913974375486,0,20.6083384757102,-0.0196913974375486,-0.0196913974375486,-0.0196913974375486,0.0564075951702511
12.3671082351961,0,0.0210231372322994,0,12.3671082351961,0.0210231372322994,0.0210231372322994,0.0210231372322994,0.0160828742749283
12.3654554745313,0,-0.0686880413546458,0,12.3654554745313,-0.0686880413546458,-0.0686880413546458,-0.0686880413546458,0.0513325050706189
19.2556223171704,0,0.0285945738844167,0,19.2556223171704,0.0285945738844167,0.0285945738844167,0.0285945738844167,0.0139726523520546
34.7312424253189,0,0.00360906084633839,0,34.7312424253189,0.00360906084633839,0.00360906084633839,0.00360906084633839,0.017575833019559
54.7209102152747,0,0.0196726221291343,0,54.7209102152747,0.0196726221291343,0.0196726221291343,0.0196726221291343,0.0109274670854921
14.729212643584,0,-0.0296594096014818,0,14.729212643584,-0.0296594096014818,-0.0296594096014818,-0.0296594096014818,0.0438275771773769
8.22166390729103,0,0.0200227074138689,0,8.22166390729103,0.0200227074138689,0.0200227074138689,0.0200227074138689,0.0889316774406693
11.7030101268542,0,0.0664031592294417,0,11.7030101268542,0.0664031592294417,0.0664031592294417,0.0664031592294417,0.0318702419669784
7.36539602284415,0,-0.0247872150245361,0,7.36539602284415,-0.0247872150245361,-0.0247872150245361,-0.0247872150245361,0.114121672795408
9.34902839864339,0,-0.0319037471830898,0,9.34902839864339,-0.0319037471830898,-0.0319037471830898,-0.0319037471830898,0.0353702402159913
12.5616640281909,0,0.00441577973083164,0,12.5616640281909,0.00441577973083164,0.00441577973083164,0.00441577973083164,0.0138459086615911
5.28892335541574,0,-0.0722438218615433,0,5.28892335541574,-0.0722438218615433,-0.0722438218615433,-0.0722438218615433,0.0393158996396484
10.8363107906744,0,-0.028098390818107,0,10.8363107906744,-0.028098390818107,-0.028098390818107,-0.028098390818107,0.071926050301895
11.7003583105711,0,-0.00186774348468509,0,11.7003583105711,-0.00186774348468509,-0.00186774348468509,-0.00186774348468509,0.00589871207554302
14.1717804897526,0,0.027255899623745,0,14.1717804897526,0.027255899623745,0.027255899623745,0.027255899623745,0.0438772018708798
10.4916049522311,0,0.0132463173032987,0,10.4916049522311,0.0132463173032987,0.0132463173032987,0.0132463173032987,0.0267192917518445
12.491172371433,0,0.00616174807970621,0,12.491172371433,0.00616174807970621,0.00616174807970621,0.00616174807970621,0.0405245193389735
31.4129223891295,0,-0.0481702543197104,0,31.4129223891295,-0.0481702543197104,-0.0481702543197104,-0.0481702543197104,0.04354801944707
23.3384346785706,0,0.0173424537425691,0,23.3384346785706,0.0173424537425691,0.0173424537425691,0.0173424537425691,0.0189266195413323
21.0471310356801,0,0.0617673658141888,0,21.0471310356801,0.0617673658141888,0.0617673658141888,0.0617673658141888,0.047052745863464
22.0025162092978,0,0.148833372639304,0,22.0025162092978,0.148833372639304,0.148833372639304,0.148833372639304,0.0966286283522948
142.027144302285,0,0.0480428181832702,0,142.027144302285,0.0480428181832702,0.0480428181832702,0.0480428181832702,0.0151652887885014
10.8384906759069,0,-0.00221059163205814,0,10.8384906759069,-0.00221059163205814,-0.00221059163205814,-0.00221059163205814,0.0251376149245104
15.3983817607889,0,0.00875331277188317,0,15.3983817607889,0.00875331277188317,0.00875331277188317,0.00875331277188317,0.0553131630412198
14.6925462604222,0,-0.00458452472707301,0,14.6925462604222,-0.00458452472707301,-0.00458452472707301,-0.00458452472707301,0.0444254697733256
8.14116878127968,0,0.0313541787643274,0,8.14116878127968,0.0313541787643274,0.0313541787643274,0.0313541787643274,0.0267464950236586
11.0161041029769,0,-0.0031766917676102,0,11.0161041029769,-0.0031766917676102,-0.0031766917676102,-0.0031766917676102,0.0522005254908412
12.612078023469,0,-0.0597088928688878,0,12.612078023469,-0.0597088928688878,-0.0597088928688878,-0.0597088928688878,0.0322576765582896
27.9381463268887,0,-0.0196646199066465,0,27.9381463268887,-0.0196646199066465,-0.0196646199066465,-0.0196646199066465,0.0266030945529787
28.4056044215739,0,-0.0234835133541325,0,28.4056044215739,-0.0234835133541325,-0.0234835133541325,-0.0234835133541325,0.0460235649191708
9.44659083119766,0,-0.0979355343768668,0,9.44659083119766,-0.0979355343768668,-0.0979355343768668,-0.0979355343768668,0.106984919191722
14.3373106913918,0,-0.0165868652445846,0,14.3373106913918,-0.0165868652445846,-0.0165868652445846,-0.0165868652445846,0.0475684856482902
27.5154326429576,0,-0.0737687512894777,0,27.5154326429576,-0.0737687512894777,-0.0737687512894777,-0.0737687512894777,0.0411313926107423
NA,NA,NA,NA,NA,NA,NA,NA,NA
3.48138260502119,0,-0.0431716232209931,0,3.48138260502119,-0.0431716232209931,-0.0431716232209931,-0.0431716232209931,0.0321818721032191
5.59197431763262,0,-0.0578220526680145,0,5.59197431763262,-0.0578220526680145,-0.0578220526680145,-0.0578220526680145,0.0290843221745671
7.10118523761685,0,-0.0285278978712163,0,7.10118523761685,-0.0285278978712163,-0.0285278978712163,-0.0285278978712163,0.0595492352872805
8.39406695268219,0,0.0167837864563465,0,8.39406695268219,0.0167837864563465,0.0167837864563465,0.0167837864563465,0.0322473662392579
6.68163411954067,0,0.0399525800720857,0,6.68163411954067,0.0399525800720857,0.0399525800720857,0.0399525800720857,0.0632642521725607
10.9419857642508,0,-0.0876235523401562,0,10.9419857642508,-0.0876235523401562,-0.0876235523401562,-0.0876235523401562,0.0336377588977628
9.567453602661,0,-0.0130573193727359,0,9.567453602661,-0.0130573193727359,-0.0130573193727359,-0.0130573193727359,0.0264340771076804
9.56764954052794,0,-0.00578932875863998,0,9.56764954052794,-0.00578932875863998,-0.00578932875863998,-0.00578932875863998,0.0288617279537588
9.58796747981615,0,0.00725905880614161,0,9.58796747981615,0.00725905880614161,0.00725905880614161,0.00725905880614161,0.0422687684348916
10.3415882006709,0,-0.0979591311963027,0,10.3415882006709,-0.0979591311963027,-0.0979591311963027,-0.0979591311963027,0.0379022425227411
9.03381024943225,0,-0.0258591277728825,0,9.03381024943225,-0.0258591277728825,-0.0258591277728825,-0.0258591277728825,0.0210013285642308
7.292171244769,0,0.0214216184583366,0,7.292171244769,0.0214216184583366,0.0214216184583366,0.0214216184583366,0.00787016036700002
10.6567948708008,0,0.0203455428827325,0,10.6567948708008,0.0203455428827325,0.0203455428827325,0.0203455428827325,0.0367174068081082
15.83958844307,0,0.0399832495665445,0,15.83958844307,0.0399832495665445,0.0399832495665445,0.0399832495665445,0.0130470310288665
17.7014293147066,0,0.0234372077444364,0,17.7014293147066,0.0234372077444364,0.0234372077444364,0.0234372077444364,0.0323786122878216
16.016217440795,0,-0.00369944404825601,0,16.016217440795,-0.00369944404825601,-0.00369944404825601,-0.00369944404825601,0.0376637682579198
13.5036026382197,0,0.0260526179813793,0,13.5036026382197,0.0260526179813793,0.0260526179813793,0.0260526179813793,0.0175137052055195
13.9836050997556,0,-0.0596374353307077,0,13.9836050997556,-0.0596374353307077,-0.0596374353307077,-0.0596374353307077,0.0260159424457815
11.3110693140974,0,0.00982781565554414,0,11.3110693140974,0.00982781565554414,0.00982781565554414,0.00982781565554414,0.0152975413868066
20.6083384757102,0,-0.0196913974375486,0,20.6083384757102,-0.0196913974375486,-0.0196913974375486,-0.0196913974375486,0.0564075951702511
12.3671082351961,0,0.0210231372322994,0,12.3671082351961,0.0210231372322994,0.0210231372322994,0.0210231372322994,0.0160828742749283
12.3654554745313,0,-0.0686880413546458,0,12.3654554745313,-0.0686880413546458,-0.0686880413546458,-0.0686880413546458,0.0513325050706189
19.2556223171704,0,0.0285945738844167,0,19.2556223171704,0.0285945738844167,0.0285945738844167,0.0285945738844167,0.0139726523520546
34.7312424253189,0,0.00360906084633839,0,34.7312424253189,0.00360906084633839,0.00360906084633839,0.00360906084633839,0.017575833019559
54.7209102152747,0,0.0196726221291343,0,54.7209102152747,0.0196726221291343,0.0196726221291343,0.0196726221291343,0.0109274670854921
14.729212643584,0,-0.0296594096014818,0,14.729212643584,-0.0296594096014818,-0.0296594096014818,-0.0296594096014818,0.0438275771773769
8.22166390729103,0,0.0200227074138689,0,8.22166390729103,0.0200227074138689,0.0200227074138689,0.0200227074138689,0.0889316774406693
11.7030101268542,0,0.0664031592294417,0,11.7030101268542,0.0664031592294417,0.0664031592294417,0.0664031592294417,0.0318702419669784
7.36539602284415,0,-0.0247872150245361,0,7.36539602284415,-0.0247872150245361,-0.0247872150245361,-0.0247872150245361,0.114121672795408
9.34902839864339,0,-0.0319037471830898,0,9.34902839864339,-0.0319037471830898,-0.0319037471830898,-0.0319037471830898,0.0353702402159913
12.5616640281909,0,0.00441577973083164,0,12.5616640281909,0.00441577973083164,0.00441577973083164,0.00441577973083164,0.0138459086615911
5.28892335541574,0,-0.0722438218615433,0,5.28892335541574,-0.0722438218615433,-0.0722438218615433,-0.0722438218615433,0.0393158996396484
10.8363107906744,0,-0.028098390818107,0,10.8363107906744,-0.028098390818107,-0.028098390818107,-0.028098390818107,0.071926050301895
11.7003583105711,0,-0.00186774348468509,0,11.7003583105711,-0.00186774348468509,-0.00186774348468509,-0.00186774348468509,0.00589871207554302
14.1717804897526,0,0.027255899623745,0,14.1717804897526,0.027255899623745,0.027255899623745,0.027255899623745,0.0438772018708798
10.4916049522311,0,0.0132463173032987,0,10.4916049522311,0.0132463173032987,0.0132463173032987,0.0132463173032987,0.0267192917518445
12.491172371433,0,0.00616174807970621,0,12.491172371433,0.00616174807970621,0.00616174807970621,0.00616174807970621,0.0405245193389735
31.4129223891295,0,-0.0481702543197104,0,31.4129223891295,-0.0481702543197104,-0.0481702543197104,-0.0481702543197104,0.04354801944707
23.3384346785706,0,0.0173424537425691,0,23.3384346785706,0.0173424537425691,0.0173424537425691,0.0173424537425691,0.0189266195413323
21.0471310356801,0,0.0617673658141888,0,21.0471310356801,0.0617673658141888,0.0617673658141888,0.0617673658141888,0.047052745863464
22.0025162092978,0,0.148833372639304,0,22.0025162092978,0.148833372639304,0.148833372639304,0.148833372639304,0.0966286283522948
142.027144302285,0,0.0480428181832702,0,142.027144302285,0.0480428181832702,0.0480428181832702,0.0480428181832702,0.0151652887885014
10.8384906759069,0,-0.00221059163205814,0,10.8384906759069,-0.00221059163205814,-0.00221059163205814,-0.00221059163205814,0.0251376149245104
15.3983817607889,0,0.00875331277188317,0,15.3983817607889,0.00875331277188317,0.00875331277188317,0.00875331277188317,0.0553131630412198
14.6925462604222,0,-0.00458452472707301,0,14.6925462604222,-0.00458452472707301,-0.00458452472707301,-0.00458452472707301,0.0444254697733256
8.14116878127968,0,0.0313541787643274,0,8.14116878127968,0.0313541787643274,0.0313541787643274,0.0313541787643274,0.0267464950236586
11.0161041029769,0,-0.0031766917676102,0,11.0161041029769,-0.0031766917676102,-0.0031766917676102,-0.0031766917676102,0.0522005254908412
12.612078023469,0,-0.0597088928688878,0,12.612078023469,-0.0597088928688878,-0.0597088928688878,-0.0597088928688878,0.0322576765582896
27.9381463268887,0,-0.0196646199066465,0,27.9381463268887,-0.0196646199066465,-0.0196646199066465,-0.0196646199066465,0.0266030945529787
28.4056044215739,0,-0.0234835133541325,0,28.4056044215739,-0.0234835133541325,-0.0234835133541325,-0.0234835133541325,0.0460235649191708
9.44659083119766,0,-0.0979355343768668,0,9.44659083119766,-0.0979355343768668,-0.0979355343768668,-0.0979355343768668,0.106984919191722
14.3373106913918,0,-0.0165868652445846,0,14.3373106913918,-0.0165868652445846,-0.0165868652445846,-0.0165868652445846,0.0475684856482902
27.5154326429576,0,-0.0737687512894777,0,27.5154326429576,-0.0737687512894777,-0.0737687512894777,-0.0737687512894777,0.0411313926107423
NA,NA,NA,NA,NA,NA,NA,NA,NA
3.48138260502119,0,-0.0431716232209931,0,3.48138260502119,-0.0431716232209931,-0.0431716232209931,-0.0431716232209931,0.0321818721032191
5.59197431763262,0,-0.0578220526680145,0,5.59197431763262,-0.0578220526680145,-0.0578220526680145,-0.0578220526680145,0.0290843221745671
7.10118523761685,0,-0.0285278978712163,0,7.10118523761685,-0.0285278978712163,-0.0285278978712163,-0.0285278978712163,0.0595492352872805
8.39406695268219,0,0.0167837864563465,0,8.39406695268219,0.0167837864563465,0.0167837864563465,0.0167837864563465,0.0322473662392579
6.68163411954067,0,0.0399525800720857,0,6.68163411954067,0.0399525800720857,0.0399525800720857,0.0399525800720857,0.0632642521725607
10.9419857642508,0,-0.0876235523401562,0,10.9419857642508,-0.0876235523401562,-0.0876235523401562,-0.0876235523401562,0.0336377588977628
9.567453602661,0,-0.0130573193727359,0,9.567453602661,-0.0130573193727359,-0.0130573193727359,-0.0130573193727359,0.0264340771076804
9.56764954052794,0,-0.00578932875863998,0,9.56764954052794,-0.00578932875863998,-0.00578932875863998,-0.00578932875863998,0.0288617279537588
9.58796747981615,0,0.00725905880614161,0,9.58796747981615,0.00725905880614161,0.00725905880614161,0.00725905880614161,0.0422687684348916
10.3415882006709,0,-0.0979591311963027,0,10.3415882006709,-0.0979591311963027,-0.0979591311963027,-0.0979591311963027,0.0379022425227411
9.03381024943225,0,-0.0258591277728825,0,9.03381024943225,-0.0258591277728825,-0.0258591277728825,-0.0258591277728825,0.0210013285642308
7.292171244769,0,0.0214216184583366,0,7.292171244769,0.0214216184583366,0.0214216184583366,0.0214216184583366,0.00787016036700002
10.6567948708008,0,0.0203455428827325,0,10.6567948708008,0.0203455428827325,0.0203455428827325,0.0203455428827325,0.0367174068081082
15.83958844307,0,0.0399832495665445,0,15.83958844307,0.0399832495665445,0.0399832495665445,0.0399832495665445,0.0130470310288665
17.7014293147066,0,0.0234372077444364,0,17.7014293147066,0.0234372077444364,0.0234372077444364,0.0234372077444364,0.0323786122878216
16.016217440795,0,-0.00369944404825601,0,16.016217440795,-0.00369944404825601,-0.00369944404825601,-0.00369944404825601,0.0376637682579198
13.5036026382197,0,0.0260526179813793,0,13.5036026382197,0.0260526179813793,0.0260526179813793,0.0260526179813793,0.0175137052055195
13.9836050997556,0,-0.0596374353307077,0,13.9836050997556,-0.0596374353307077,-0.0596374353307077,-0.0596374353307077,0.0260159424457815
11.3110693140974,0,0.00982781565554414,0,11.3110693140974,0.00982781565554414,0.00982781565554414,0.00982781565554414,0.0152975413868066
20.6083384757102,0,-0.0196913974375486,0,20.6083384757102,-0.0196913974375486,-0.0196913974375486,-0.0196913974375486,0.0564075951702511
12.3671082351961,0,0.0210231372322994,0,12.3671082351961,0.0210231372322994,0.0210231372322994,0.0210231372322994,0.0160828742749283
12.3654554745313,0,-0.0686880413546458,0,12.3654554745313,-0.0686880413546458,-0.0686880413546458,-0.0686880413546458,0.0513325050706189
19.2556223171704,0,0.0285945738844167,0,19.2556223171704,0.0285945738844167,0.0285945738844167,0.0285945738844167,0.0139726523520546
34.7312424253189,0,0.00360906084633839,0,34.7312424253189,0.00360906084633839,0.00360906084633839,0.00360906084633839,0.017575833019559
54.7209102152747,0,0.0196726221291343,0,54.7209102152747,0.0196726221291343,0.0196726221291343,0.0196726221291343,0.0109274670854921
14.729212643584,0,-0.0296594096014818,0,14.729212643584,-0.0296594096014818,-0.0296594096014818,-0.0296594096014818,0.0438275771773769
8.22166390729103,0,0.0200227074138689,0,8.22166390729103,0.0200227074138689,0.0200227074138689,0.0200227074138689,0.0889316774406693
11.7030101268542,0,0.0664031592294417,0,11.7030101268542,0.0664031592294417,0.0664031592294417,0.0664031592294417,0.0318702419669784
7.36539602284415,0,-0.0247872150245361,0,7.36539602284415,-0.0247872150245361,-0.0247872150245361,-0.0247872150245361,0.114121672795408
9.34902839864339,0,-0.0319037471830898,0,9.34902839864339,-0.0319037471830898,-0.0319037471830898,-0.0319037471830898,0.0353702402159913
12.5616640281909,0,0.00441577973083164,0,12.5616640281909,0.00441577973083164,0.00441577973083164,0.00441577973083164,0.0138459086615911
5.28892335541574,0,-0.0722438218615433,0,5.28892335541574,-0.0722438218615433,-0.0722438218615433,-0.0722438218615433,0.0393158996396484
10.8363107906744,0,-0.028098390818107,0,10.8363107906744,-0.028098390818107,-0.028098390818107,-0.028098390818107,0.071926050301895
11.7003583105711,0,-0.00186774348468509,0,11.7003583105711,-0.00186774348468509,-0.00186774348468509,-0.00186774348468509,0.00589871207554302
14.1717804897526,0,0.027255899623745,0,14.1717804897526,0.027255899623745,0.027255899623745,0.027255899623745,0.0438772018708798
10.4916049522311,0,0.0132463173032987,0,10.4916049522311,0.0132463173032987,0.0132463173032987,0.0132463173032987,0.0267192917518445
12.491172371433,0,0.00616174807970621,0,12.491172371433,0.00616174807970621,0.00616174807970621,0.00616174807970621,0.0405245193389735
31.4129223891295,0,-0.0481702543197104,0,31.4129223891295,-0.0481702543197104,-0.0481702543197104,-0.0481702543197104,0.04354801944707
23.3384346785706,0,0.0173424537425691,0,23.3384346785706,0.0173424537425691,0.0173424537425691,0.0173424537425691,0.0189266195413323
21.0471310356801,0,0.0617673658141888,0,21.0471310356801,0.0617673658141888,0.0617673658141888,0.0617673658141888,0.047052745863464
22.0025162092978,0,0.148833372639304,0,22.0025162092978,0.148833372639304,0.148833372639304,0.148833372639304,0.0966286283522948
142.027144302285,0,0.0480428181832702,0,142.027144302285,0.0480428181832702,0.0480428181832702,0.0480428181832702,0.0151652887885014
10.8384906759069,0,-0.00221059163205814,0,10.8384906759069,-0.00221059163205814,-0.00221059163205814,-0.00221059163205814,0.0251376149245104
15.3983817607889,0,0.00875331277188317,0,15.3983817607889,0.00875331277188317,0.00875331277188317,0.00875331277188317,0.0553131630412198
14.6925462604222,0,-0.00458452472707301,0,14.6925462604222,-0.00458452472707301,-0.00458452472707301,-0.00458452472707301,0.0444254697733256
8.14116878127968,0,0.0313541787643274,0,8.14116878127968,0.0313541787643274,0.0313541787643274,0.0313541787643274,0.0267464950236586
11.0161041029769,0,-0.0031766917676102,0,11.0161041029769,-0.0031766917676102,-0.0031766917676102,-0.0031766917676102,0.0522005254908412
12.612078023469,0,-0.0597088928688878,0,12.612078023469,-0.0597088928688878,-0.0597088928688878,-0.0597088928688878,0.0322576765582896
27.9381463268887,0,-0.0196646199066465,0,27.9381463268887,-0.0196646199066465,-0.0196646199066465,-0.0196646199066465,0.0266030945529787
28.4056044215739,0,-0.0234835133541325,0,28.4056044215739,-0.0234835133541325,-0.0234835133541325,-0.0234835133541325,0.0460235649191708
9.44659083119766,0,-0.0979355343768668,0,9.44659083119766,-0.0979355343768668,-0.0979355343768668,-0.0979355343768668,0.106984919191722
14.3373106913918,0,-0.0165868652445846,0,14.3373106913918,-0.0165868652445846,-0.0165868652445846,-0.0165868652445846,0.0475684856482902
27.5154326429576,0,-0.0737687512894777,0,27.5154326429576,-0.0737687512894777,-0.0737687512894777,-0.0737687512894777,0.0411313926107423
NA,NA,NA,NA,NA,NA,NA,NA,NA
3.48138260502119,0,-0.0431716232209931,0,3.48138260502119,-0.0431716232209931,-0.0431716232209931,-0.0431716232209931,0.0321818721032191
5.59197431763262,0,-0.0578220526680145,0,5.59197431763262,-0.0578220526680145,-0.0578220526680145,-0.0578220526680145,0.0290843221745671
7.10118523761685,0,-0.0285278978712163,0,7.10118523761685,-0.0285278978712163,-0.0285278978712163,-0.0285278978712163,0.0595492352872805
8.39406695268219,0,0.0167837864563465,0,8.39406695268219,0.0167837864563465,0.0167837864563465,0.0167837864563465,0.0322473662392579
6.68163411954067,0,0.0399525800720857,0,6.68163411954067,0.0399525800720857,0.0399525800720857,0.0399525800720857,0.0632642521725607
10.9419857642508,0,-0.0876235523401562,0,10.9419857642508,-0.0876235523401562,-0.0876235523401562,-0.0876235523401562,0.0336377588977628
9.567453602661,0,-0.0130573193727359,0,9.567453602661,-0.0130573193727359,-0.0130573193727359,-0.0130573193727359,0.0264340771076804
9.56764954052794,0,-0.00578932875863998,0,9.56764954052794,-0.00578932875863998,-0.00578932875863998,-0.00578932875863998,0.0288617279537588
9.58796747981615,0,0.00725905880614161,0,9.58796747981615,0.00725905880614161,0.00725905880614161,0.00725905880614161,0.0422687684348916
10.3415882006709,0,-0.0979591311963027,0,10.3415882006709,-0.0979591311963027,-0.0979591311963027,-0.0979591311963027,0.0379022425227411
9.03381024943225,0,-0.0258591277728825,0,9.03381024943225,-0.0258591277728825,-0.0258591277728825,-0.0258591277728825,0.0210013285642308
7.292171244769,0,0.0214216184583366,0,7.292171244769,0.0214216184583366,0.0214216184583366,0.0214216184583366,0.00787016036700002
10.6567948708008,0,0.0203455428827325,0,10.6567948708008,0.0203455428827325,0.0203455428827325,0.0203455428827325,0.0367174068081082
15.83958844307,0,0.0399832495665445,0,15.83958844307,0.0399832495665445,0.0399832495665445,0.0399832495665445,0.0130470310288665
17.7014293147066,0,0.0234372077444364,0,17.7014293147066,0.0234372077444364,0.0234372077444364,0.0234372077444364,0.0323786122878216
16.016217440795,0,-0.00369944404825601,0,16.016217440795,-0.00369944404825601,-0.00369944404825601,-0.00369944404825601,0.0376637682579198
13.5036026382197,0,0.0260526179813793,0,13.5036026382197,0.0260526179813793,0.0260526179813793,0.0260526179813793,0.0175137052055195
13.9836050997556,0,-0.0596374353307077,0,13.9836050997556,-0.0596374353307077,-0.0596374353307077,-0.0596374353307077,0.0260159424457815
11.3110693140974,0,0.00982781565554414,0,11.3110693140974,0.00982781565554414,0.00982781565554414,0.00982781565554414,0.0152975413868066
20.6083384757102,0,-0.0196913974375486,0,20.6083384757102,-0.0196913974375486,-0.0196913974375486,-0.0196913974375486,0.0564075951702511
12.3671082351961,0,0.0210231372322994,0,12.3671082351961,0.0210231372322994,0.0210231372322994,0.0210231372322994,0.0160828742749283
12.3654554745313,0,-0.0686880413546458,0,12.3654554745313,-0.0686880413546458,-0.0686880413546458,-0.0686880413546458,0.0513325050706189
19.2556223171704,0,0.0285945738844167,0,19.2556223171704,0.0285945738844167,0.0285945738844167,0.0285945738844167,0.0139726523520546
34.7312424253189,0,0.00360906084633839,0,34.7312424253189,0.00360906084633839,0.00360906084633839,0.00360906084633839,0.017575833019559
54.7209102152747,0,0.0196726221291343,0,54.7209102152747,0.0196726221291343,0.0196726221291343,0.0196726221291343,0.0109274670854921
14.729212643584,0,-0.0296594096014818,0,14.729212643584,-0.0296594096014818,-0.0296594096014818,-0.0296594096014818,0.0438275771773769
8.22166390729103,0,0.0200227074138689,0,8.22166390729103,0.0200227074138689,0.0200227074138689,0.0200227074138689,0.0889316774406693
11.7030101268542,0,0.0664031592294417,0,11.7030101268542,0.0664031592294417,0.0664031592294417,0.0664031592294417,0.0318702419669784
7.36539602284415,0,-0.0247872150245361,0,7.36539602284415,-0.0247872150245361,-0.0247872150245361,-0.0247872150245361,0.114121672795408
9.34902839864339,0,-0.0319037471830898,0,9.34902839864339,-0.0319037471830898,-0.0319037471830898,-0.0319037471830898,0.0353702402159913
12.5616640281909,0,0.00441577973083164,0,12.5616640281909,0.00441577973083164,0.00441577973083164,0.00441577973083164,0.0138459086615911
5.28892335541574,0,-0.0722438218615433,0,5.28892335541574,-0.0722438218615433,-0.0722438218615433,-0.0722438218615433,0.0393158996396484
10.8363107906744,0,-0.028098390818107,0,10.8363107906744,-0.028098390818107,-0.028098390818107,-0.028098390818107,0.071926050301895
11.7003583105711,0,-0.00186774348468509,0,11.7003583105711,-0.00186774348468509,-0.00186774348468509,-0.00186774348468509,0.00589871207554302
14.1717804897526,0,0.027255899623745,0,14.1717804897526,0.027255899623745,0.027255899623745,0.027255899623745,0.0438772018708798
10.4916049522311,0,0.0132463173032987,0,10.4916049522311,0.0132463173032987,0.0132463173032987,0.0132463173032987,0.0267192917518445
12.491172371433,0,0.00616174807970621,0,12.491172371433,0.00616174807970621,0.00616174807970621,0.00616174807970621,0.0405245193389735
31.4129223891295,0,-0.0481702543197104,0,31.4129223891295,-0.0481702543197104,-0.0481702543197104,-0.0481702543197104,0.04354801944707
23.3384346785706,0,0.0173424537425691,0,23.3384346785706,0.0173424537425691,0.0173424537425691,0.0173424537425691,0.0189266195413323
21.0471310356801,0,0.0617673658141888,0,21.0471310356801,0.0617673658141888,0.0617673658141888,0.0617673658141888,0.047052745863464
22.0025162092978,0,0.148833372639304,0,22.0025162092978,0.148833372639304,0.148833372639304,0.148833372639304,0.0966286283522948
142.027144302285,0,0.0480428181832702,0,142.027144302285,0.0480428181832702,0.0480428181832702,0.0480428181832702,0.0151652887885014
10.8384906759069,0,-0.00221059163205814,0,10.8384906759069,-0.00221059163205814,-0.00221059163205814,-0.00221059163205814,0.0251376149245104
15.3983817607889,0,0.00875331277188317,0,15.3983817607889,0.00875331277188317,0.00875331277188317,0.00875331277188317,0.0553131630412198
14.6925462604222,0,-0.00458452472707301,0,14.6925462604222,-0.00458452472707301,-0.00458452472707301,-0.00458452472707301,0.0444254697733256
8.14116878127968,0,0.0313541787643274,0,8.14116878127968,0.0313541787643274,0.0313541787643274,0.0313541787643274,0.0267464950236586
11.0161041029769,0,-0.0031766917676102,0,11.0161041029769,-0.0031766917676102,-0.0031766917676102,-0.0031766917676102,0.0522005254908412
12.612078023469,0,-0.0597088928688878,0,12.612078023469,-0.0597088928688878,-0.0597088928688878,-0.0597088928688878,0.0322576765582896
27.9381463268887,0,-0.0196646199066465,0,27.9381463268887,-0.0196646199066465,-0.0196646199066465,-0.0196646199066465,0.0266030945529787
28.4056044215739,0,-0.0234835133541325,0,28.4056044215739,-0.0234835133541325,-0.0234835133541325,-0.0234835133541325,0.0460235649191708
9.44659083119766,0,-0.0979355343768668,0,9.44659083119766,-0.0979355343768668,-0.0979355343768668,-0.0979355343768668,0.106984919191722
14.3373106913918,0,-0.0165868652445846,0,14.3373106913918,-0.0165868652445846,-0.0165868652445846,-0.0165868652445846,0.0475684856482902
27.5154326429576,0,-0.0737687512894777,0,27.5154326429576,-0.0737687512894777,-0.0737687512894777,-0.0737687512894777,0.0411313926107423
NA,NA,NA,NA,NA,NA,NA,NA,NA
3.48138260502119,0,-0.0431716232209931,0,3.48138260502119,-0.0431716232209931,-0.0431716232209931,-0.0431716232209931,0.0321818721032191
5.59197431763262,0,-0.0578220526680145,0,5.59197431763262,-0.0578220526680145,-0.0578220526680145,-0.0578220526680145,0.0290843221745671
7.10118523761685,0,-0.0285278978712163,0,7.10118523761685,-0.0285278978712163,-0.0285278978712163,-0.0285278978712163,0.0595492352872805
8.39406695268219,0,0.0167837864563465,0,8.39406695268219,0.0167837864563465,0.0167837864563465,0.0167837864563465,0.0322473662392579
6.68163411954067,0,0.0399525800720857,0,6.68163411954067,0.0399525800720857,0.0399525800720857,0.0399525800720857,0.0632642521725607
10.9419857642508,0,-0.0876235523401562,0,10.9419857642508,-0.0876235523401562,-0.0876235523401562,-0.0876235523401562,0.0336377588977628
9.567453602661,0,-0.0130573193727359,0,9.567453602661,-0.0130573193727359,-0.0130573193727359,-0.0130573193727359,0.0264340771076804
9.56764954052794,0,-0.00578932875863998,0,9.56764954052794,-0.00578932875863998,-0.00578932875863998,-0.00578932875863998,0.0288617279537588
9.58796747981615,0,0.00725905880614161,0,9.58796747981615,0.00725905880614161,0.00725905880614161,0.00725905880614161,0.0422687684348916
10.3415882006709,0,-0.0979591311963027,0,10.3415882006709,-0.0979591311963027,-0.0979591311963027,-0.0979591311963027,0.0379022425227411
9.03381024943225,0,-0.0258591277728825,0,9.03381024943225,-0.0258591277728825,-0.0258591277728825,-0.0258591277728825,0.0210013285642308
7.292171244769,0,0.0214216184583366,0,7.292171244769,0.0214216184583366,0.0214216184583366,0.0214216184583366,0.00787016036700002
10.6567948708008,0,0.0203455428827325,0,10.6567948708008,0.0203455428827325,0.0203455428827325,0.0203455428827325,0.0367174068081082
15.83958844307,0,0.0399832495665445,0,15.83958844307,0.0399832495665445,0.0399832495665445,0.0399832495665445,0.0130470310288665
17.7014293147066,0,0.0234372077444364,0,17.7014293147066,0.0234372077444364,0.0234372077444364,0.0234372077444364,0.0323786122878216
16.016217440795,0,-0.00369944404825601,0,16.016217440795,-0.00369944404825601,-0.00369944404825601,-0.00369944404825601,0.0376637682579198
13.5036026382197,0,0.0260526179813793,0,13.5036026382197,0.0260526179813793,0.0260526179813793,0.0260526179813793,0.0175137052055195
13.9836050997556,0,-0.0596374353307077,0,13.9836050997556,-0.0596374353307077,-0.0596374353307077,-0.0596374353307077,0.0260159424457815
11.3110693140974,0,0.00982781565554414,0,11.3110693140974,0.00982781565554414,0.00982781565554414,0.00982781565554414,0.0152975413868066
20.6083384757102,0,-0.0196913974375486,0,20.6083384757102,-0.0196913974375486,-0.0196913974375486,-0.0196913974375486,0.0564075951702511
12.3671082351961,0,0.0210231372322994,0,12.3671082351961,0.0210231372322994,0.0210231372322994,0.0210231372322994,0.0160828742749283
12.3654554745313,0,-0.0686880413546458,0,12.3654554745313,-0.0686880413546458,-0.0686880413546458,-0.0686880413546458,0.0513325050706189
19.2556223171704,0,0.0285945738844167,0,19.2556223171704,0.0285945738844167,0.0285945738844167,0.0285945738844167,0.0139726523520546
34.7312424253189,0,0.00360906084633839,0,34.7312424253189,0.00360906084633839,0.00360906084633839,0.00360906084633839,0.017575833019559
54.7209102152747,0,0.0196726221291343,0,54.7209102152747,0.0196726221291343,0.0196726221291343,0.0196726221291343,0.0109274670854921
14.729212643584,0,-0.0296594096014818,0,14.729212643584,-0.0296594096014818,-0.0296594096014818,-0.0296594096014818,0.0438275771773769
8.22166390729103,0,0.0200227074138689,0,8.22166390729103,0.0200227074138689,0.0200227074138689,0.0200227074138689,0.0889316774406693
11.7030101268542,0,0.0664031592294417,0,11.7030101268542,0.0664031592294417,0.0664031592294417,0.0664031592294417,0.0318702419669784
7.36539602284415,0,-0.0247872150245361,0,7.36539602284415,-0.0247872150245361,-0.0247872150245361,-0.0247872150245361,0.114121672795408
9.34902839864339,0,-0.0319037471830898,0,9.34902839864339,-0.0319037471830898,-0.0319037471830898,-0.0319037471830898,0.0353702402159913
12.5616640281909,0,0.00441577973083164,0,12.5616640281909,0.00441577973083164,0.00441577973083164,0.00441577973083164,0.0138459086615911
5.28892335541574,0,-0.0722438218615433,0,5.28892335541574,-0.0722438218615433,-0.0722438218615433,-0.0722438218615433,0.0393158996396484
10.8363107906744,0,-0.028098390818107,0,10.8363107906744,-0.028098390818107,-0.028098390818107,-0.028098390818107,0.071926050301895
11.7003583105711,0,-0.00186774348468509,0,11.7003583105711,-0.00186774348468509,-0.00186774348468509,-0.00186774348468509,0.00589871207554302
14.1717804897526,0,0.027255899623745,0,14.1717804897526,0.027255899623745,0.027255899623745,0.027255899623745,0.0438772018708798
10.4916049522311,0,0.0132463173032987,0,10.4916049522311,0.0132463173032987,0.0132463173032987,0.0132463173032987,0.0267192917518445
12.491172371433,0,0.00616174807970621,0,12.491172371433,0.00616174807970621,0.00616174807970621,0.00616174807970621,0.0405245193389735
31.4129223891295,0,-0.0481702543197104,0,31.4129223891295,-0.0481702543197104,-0.0481702543197104,-0.0481702543197104,0.04354801944707
23.3384346785706,0,0.0173424537425691,0,23.3384346785706,0.0173424537425691,0.0173424537425691,0.0173424537425691,0.0189266195413323
21.0471310356801,0,0.0617673658141888,0,21.0471310356801,0.0617673658141888,0.0617673658141888,0.0617673658141888,0.047052745863464
22.0025162092978,0,0.148833372639304,0,22.0025162092978,0.148833372639304,0.148833372639304,0.148833372639304,0.0966286283522948
142.027144302285,0,0.0480428181832702,0,142.027144302285,0.0480428181832702,0.0480428181832702,0.0480428181832702,0.0151652887885014
10.8384906759069,0,-0.00221059163205814,0,10.8384906759069,-0.00221059163205814,-0.00221059163205814,-0.00221059163205814,0.0251376149245104
15.3983817607889,0,0.00875331277188317,0,15.3983817607889,0.00875331277188317,0.00875331277188317,0.00875331277188317,0.0553131630412198
14.6925462604222,0,-0.00458452472707301,0,14.6925462604222,-0.00458452472707301,-0.00458452472707301,-0.00458452472707301,0.0444254697733256
8.14116878127968,0,0.0313541787643274,0,8.14116878127968,0.0313541787643274,0.0313541787643274,0.0313541787643274,0.0267464950236586
11.0161041029769,0,-0.0031766917676102,0,11.0161041029769,-0.0031766917676102,-0.0031766917676102,-0.0031766917676102,0.0522005254908412
12.612078023469,0,-0.0597088928688878,0,12.612078023469,-0.0597088928688878,-0.0597088928688878,-0.0597088928688878,0.0322576765582896
27.9381463268887,0,-0.0196646199066465,0,27.9381463268887,-0.0196646199066465,-0.0196646199066465,-0.0196646199066465,0.0266030945529787
28.4056044215739,0,-0.0234835133541325,0,28.4056044215739,-0.0234835133541325,-0.0234835133541325,-0.0234835133541325,0.0460235649191708
9.44659083119766,0,-0.0979355343768668,0,9.44659083119766,-0.0979355343768668,-0.0979355343768668,-0.0979355343768668,0.106984919191722
14.3373106913918,0,-0.0165868652445846,0,14.3373106913918,-0.0165868652445846,-0.0165868652445846,-0.0165868652445846,0.0475684856482902
27.5154326429576,0,-0.0737687512894777,0,27.5154326429576,-0.0737687512894777,-0.0737687512894777,-0.0737687512894777,0.0411313926107423
NA,NA,NA,NA,NA,NA,NA,NA,NA
3.48138260502119,0,-0.0431716232209931,0,3.48138260502119,-0.0431716232209931,-0.0431716232209931,-0.0431716232209931,0.0321818721032191
5.59197431763262,0,-0.0578220526680145,0,5.59197431763262,-0.0578220526680145,-0.0578220526680145,-0.0578220526680145,0.0290843221745671
7.10118523761685,0,-0.0285278978712163,0,7.10118523761685,-0.0285278978712163,-0.0285278978712163,-0.0285278978712163,0.0595492352872805
8.39406695268219,0,0.0167837864563465,0,8.39406695268219,0.0167837864563465,0.0167837864563465,0.0167837864563465,0.0322473662392579
6.68163411954067,0,0.0399525800720857,0,6.68163411954067,0.0399525800720857,0.0399525800720857,0.0399525800720857,0.0632642521725607
10.9419857642508,0,-0.0876235523401562,0,10.9419857642508,-0.0876235523401562,-0.0876235523401562,-0.0876235523401562,0.0336377588977628
9.567453602661,0,-0.0130573193727359,0,9.567453602661,-0.0130573193727359,-0.0130573193727359,-0.0130573193727359,0.0264340771076804
9.56764954052794,0,-0.00578932875863998,0,9.56764954052794,-0.00578932875863998,-0.00578932875863998,-0.00578932875863998,0.0288617279537588
9.58796747981615,0,0.00725905880614161,0,9.58796747981615,0.00725905880614161,0.00725905880614161,0.00725905880614161,0.0422687684348916
10.3415882006709,0,-0.0979591311963027,0,10.3415882006709,-0.0979591311963027,-0.0979591311963027,-0.0979591311963027,0.0379022425227411
9.03381024943225,0,-0.0258591277728825,0,9.03381024943225,-0.0258591277728825,-0.0258591277728825,-0.0258591277728825,0.0210013285642308
7.292171244769,0,0.0214216184583366,0,7.292171244769,0.0214216184583366,0.0214216184583366,0.0214216184583366,0.00787016036700002
10.6567948708008,0,0.0203455428827325,0,10.6567948708008,0.0203455428827325,0.0203455428827325,0.0203455428827325,0.0367174068081082
15.83958844307,0,0.0399832495665445,0,15.83958844307,0.0399832495665445,0.0399832495665445,0.0399832495665445,0.0130470310288665
17.7014293147066,0,0.0234372077444364,0,17.7014293147066,0.0234372077444364,0.0234372077444364,0.0234372077444364,0.0323786122878216
16.016217440795,0,-0.00369944404825601,0,16.016217440795,-0.00369944404825601,-0.00369944404825601,-0.00369944404825601,0.0376637682579198
13.5036026382197,0,0.0260526179813793,0,13.5036026382197,0.0260526179813793,0.0260526179813793,0.0260526179813793,0.0175137052055195
13.9836050997556,0,-0.0596374353307077,0,13.9836050997556,-0.0596374353307077,-0.0596374353307077,-0.0596374353307077,0.0260159424457815
11.3110693140974,0,0.00982781565554414,0,11.3110693140974,0.00982781565554414,0.00982781565554414,0.00982781565554414,0.0152975413868066
20.6083384757102,0,-0.0196913974375486,0,20.6083384757102,-0.0196913974375486,-0.0196913974375486,-0.0196913974375486,0.0564075951702511
12.3671082351961,0,0.0210231372322994,0,12.3671082351961,0.0210231372322994,0.0210231372322994,0.0210231372322994,0.0160828742749283
12.3654554745313,0,-0.0686880413546458,0,12.3654554745313,-0.0686880413546458,-0.0686880413546458,-0.0686880413546458,0.0513325050706189
19.2556223171704,0,0.0285945738844167,0,19.2556223171704,0.0285945738844167,0.0285945738844167,0.0285945738844167,0.0139726523520546
34.7312424253189,0,0.00360906084633839,0,34.7312424253189,0.00360906084633839,0.00360906084633839,0.00360906084633839,0.017575833019559
54.7209102152747,0,0.0196726221291343,0,54.7209102152747,0.0196726221291343,0.0196726221291343,0.0196726221291343,0.0109274670854921
14.729212643584,0,-0.0296594096014818,0,14.729212643584,-0.0296594096014818,-0.0296594096014818,-0.0296594096014818,0.0438275771773769
8.22166390729103,0,0.0200227074138689,0,8.22166390729103,0.0200227074138689,0.0200227074138689,0.0200227074138689,0.0889316774406693
11.7030101268542,0,0.0664031592294417,0,11.7030101268542,0.0664031592294417,0.0664031592294417,0.0664031592294417,0.0318702419669784
7.36539602284415,0,-0.0247872150245361,0,7.36539602284415,-0.0247872150245361,-0.0247872150245361,-0.0247872150245361,0.114121672795408
9.34902839864339,0,-0.0319037471830898,0,9.34902839864339,-0.0319037471830898,-0.0319037471830898,-0.0319037471830898,0.0353702402159913
12.5616640281909,0,0.00441577973083164,0,12.5616640281909,0.00441577973083164,0.00441577973083164,0.00441577973083164,0.0138459086615911
5.28892335541574,0,-0.0722438218615433,0,5.28892335541574,-0.0722438218615433,-0.0722438218615433,-0.0722438218615433,0.0393158996396484
10.8363107906744,0,-0.028098390818107,0,10.8363107906744,-0.028098390818107,-0.028098390818107,-0.028098390818107,0.071926050301895
11.7003583105711,0,-0.00186774348468509,0,11.7003583105711,-0.00186774348468509,-0.00186774348468509,-0.00186774348468509,0.00589871207554302
14.1717804897526,0,0.027255899623745,0,14.1717804897526,0.027255899623745,0.027255899623745,0.027255899623745,0.0438772018708798
10.4916049522311,0,0.0132463173032987,0,10.4916049522311,0.0132463173032987,0.0132463173032987,0.0132463173032987,0.0267192917518445
12.491172371433,0,0.00616174807970621,0,12.491172371433,0.00616174807970621,0.00616174807970621,0.00616174807970621,0.0405245193389735
31.4129223891295,0,-0.0481702543197104,0,31.4129223891295,-0.0481702543197104,-0.0481702543197104,-0.0481702543197104,0.04354801944707
23.3384346785706,0,0.0173424537425691,0,23.3384346785706,0.0173424537425691,0.0173424537425691,0.0173424537425691,0.0189266195413323
21.0471310356801,0,0.0617673658141888,0,21.0471310356801,0.0617673658141888,0.0617673658141888,0.0617673658141888,0.047052745863464
22.0025162092978,0,0.148833372639304,0,22.0025162092978,0.148833372639304,0.148833372639304,0.148833372639304,0.0966286283522948
142.027144302285,0,0.0480428181832702,0,142.027144302285,0.0480428181832702,0.0480428181832702,0.0480428181832702,0.0151652887885014
10.8384906759069,0,-0.00221059163205814,0,10.8384906759069,-0.00221059163205814,-0.00221059163205814,-0.00221059163205814,0.0251376149245104
15.3983817607889,0,0.00875331277188317,0,15.3983817607889,0.00875331277188317,0.00875331277188317,0.00875331277188317,0.0553131630412198
14.6925462604222,0,-0.00458452472707301,0,14.6925462604222,-0.00458452472707301,-0.00458452472707301,-0.00458452472707301,0.0444254697733256
8.14116878127968,0,0.0313541787643274,0,8.14116878127968,0.0313541787643274,0.0313541787643274,0.0313541787643274,0.0267464950236586
11.0161041029769,0,-0.0031766917676102,0,11.0161041029769,-0.0031766917676102,-0.0031766917676102,-0.0031766917676102,0.0522005254908412
12.612078023469,0,-0.0597088928688878,0,12.612078023469,-0.0597088928688878,-0.0597088928688878,-0.0597088928688878,0.0322576765582896
27.9381463268887,0,-0.0196646199066465,0,27.9381463268887,-0.0196646199066465,-0.0196646199066465,-0.0196646199066465,0.0266030945529787
28.4056044215739,0,-0.0234835133541325,0,28.4056044215739,-0.0234835133541325,-0.0234835133541325,-0.0234835133541325,0.0460235649191708
9.44659083119766,0,-0.0979355343768668,0,9.44659083119766,-0.0979355343768668,-0.0979355343768668,-0.0979355343768668,0.106984919191722
14.3373106913918,0,-0.0165868652445846,0,14.3373106913918,-0.0165868652445846,-0.0165868652445846,-0.0165868652445846,0.0475684856482902
27.5154326429576,0,-0.0737687512894777,0,27.5154326429576,-0.0737687512894777,-0.0737687512894777,-0.0737687512894777,0.0411313926107423
NA,NA,NA,NA,NA,NA,NA,NA,NA
3.48138260502119,0,-0.0431716232209931,0,3.48138260502119,-0.0431716232209931,-0.0431716232209931,-0.0431716232209931,0.0321818721032191
5.59197431763262,0,-0.0578220526680145,0,5.59197431763262,-0.0578220526680145,-0.0578220526680145,-0.0578220526680145,0.0290843221745671
7.10118523761685,0,-0.0285278978712163,0,7.10118523761685,-0.0285278978712163,-0.0285278978712163,-0.0285278978712163,0.0595492352872805
8.39406695268219,0,0.0167837864563465,0,8.39406695268219,0.0167837864563465,0.0167837864563465,0.0167837864563465,0.0322473662392579
6.68163411954067,0,0.0399525800720857,0,6.68163411954067,0.0399525800720857,0.0399525800720857,0.0399525800720857,0.0632642521725607
10.9419857642508,0,-0.0876235523401562,0,10.9419857642508,-0.0876235523401562,-0.0876235523401562,-0.0876235523401562,0.0336377588977628
9.567453602661,0,-0.0130573193727359,0,9.567453602661,-0.0130573193727359,-0.0130573193727359,-0.0130573193727359,0.0264340771076804
9.56764954052794,0,-0.00578932875863998,0,9.56764954052794,-0.00578932875863998,-0.00578932875863998,-0.00578932875863998,0.0288617279537588
9.58796747981615,0,0.00725905880614161,0,9.58796747981615,0.00725905880614161,0.00725905880614161,0.00725905880614161,0.0422687684348916
10.3415882006709,0,-0.0979591311963027,0,10.3415882006709,-0.0979591311963027,-0.0979591311963027,-0.0979591311963027,0.0379022425227411
9.03381024943225,0,-0.0258591277728825,0,9.03381024943225,-0.0258591277728825,-0.0258591277728825,-0.0258591277728825,0.0210013285642308
7.292171244769,0,0.0214216184583366,0,7.292171244769,0.0214216184583366,0.0214216184583366,0.0214216184583366,0.00787016036700002
10.6567948708008,0,0.0203455428827325,0,10.6567948708008,0.0203455428827325,0.0203455428827325,0.0203455428827325,0.0367174068081082
15.83958844307,0,0.0399832495665445,0,15.83958844307,0.0399832495665445,0.0399832495665445,0.0399832495665445,0.0130470310288665
17.7014293147066,0,0.0234372077444364,0,17.7014293147066,0.0234372077444364,0.0234372077444364,0.0234372077444364,0.0323786122878216
16.016217440795,0,-0.00369944404825601,0,16.016217440795,-0.00369944404825601,-0.00369944404825601,-0.00369944404825601,0.0376637682579198
13.5036026382197,0,0.0260526179813793,0,13.5036026382197,0.0260526179813793,0.0260526179813793,0.0260526179813793,0.0175137052055195
13.9836050997556,0,-0.0596374353307077,0,13.9836050997556,-0.0596374353307077,-0.0596374353307077,-0.0596374353307077,0.0260159424457815
11.3110693140974,0,0.00982781565554414,0,11.3110693140974,0.00982781565554414,0.00982781565554414,0.00982781565554414,0.0152975413868066
20.6083384757102,0,-0.0196913974375486,0,20.6083384757102,-0.0196913974375486,-0.0196913974375486,-0.0196913974375486,0.0564075951702511
12.3671082351961,0,0.0210231372322994,0,12.3671082351961,0.0210231372322994,0.0210231372322994,0.0210231372322994,0.0160828742749283
12.3654554745313,0,-0.0686880413546458,0,12.3654554745313,-0.0686880413546458,-0.0686880413546458,-0.0686880413546458,0.0513325050706189
19.2556223171704,0,0.0285945738844167,0,19.2556223171704,0.0285945738844167,0.0285945738844167,0.0285945738844167,0.0139726523520546
34.7312424253189,0,0.00360906084633839,0,34.7312424253189,0.00360906084633839,0.00360906084633839,0.00360906084633839,0.017575833019559
54.7209102152747,0,0.0196726221291343,0,54.7209102152747,0.0196726221291343,0.0196726221291343,0.0196726221291343,0.0109274670854921
14.729212643584,0,-0.0296594096014818,0,14.729212643584,-0.0296594096014818,-0.0296594096014818,-0.0296594096014818,0.0438275771773769
8.22166390729103,0,0.0200227074138689,0,8.22166390729103,0.0200227074138689,0.0200227074138689,0.0200227074138689,0.0889316774406693
11.7030101268542,0,0.0664031592294417,0,11.7030101268542,0.0664031592294417,0.0664031592294417,0.0664031592294417,0.0318702419669784
7.36539602284415,0,-0.0247872150245361,0,7.36539602284415,-0.0247872150245361,-0.0247872150245361,-0.0247872150245361,0.114121672795408
9.34902839864339,0,-0.0319037471830898,0,9.34902839864339,-0.0319037471830898,-0.0319037471830898,-0.0319037471830898,0.0353702402159913
12.5616640281909,0,0.00441577973083164,0,12.5616640281909,0.00441577973083164,0.00441577973083164,0.00441577973083164,0.0138459086615911
5.28892335541574,0,-0.0722438218615433,0,5.28892335541574,-0.0722438218615433,-0.0722438218615433,-0.0722438218615433,0.0393158996396484
10.8363107906744,0,-0.028098390818107,0,10.8363107906744,-0.028098390818107,-0.028098390818107,-0.028098390818107,0.071926050301895
11.7003583105711,0,-0.00186774348468509,0,11.7003583105711,-0.00186774348468509,-0.00186774348468509,-0.00186774348468509,0.00589871207554302
14.1717804897526,0,0.027255899623745,0,14.1717804897526,0.027255899623745,0.027255899623745,0.027255899623745,0.0438772018708798
10.4916049522311,0,0.0132463173032987,0,10.4916049522311,0.0132463173032987,0.0132463173032987,0.0132463173032987,0.0267192917518445
12.491172371433,0,0.00616174807970621,0,12.491172371433,0.00616174807970621,0.00616174807970621,0.00616174807970621,0.0405245193389735
31.4129223891295,0,-0.0481702543197104,0,31.4129223891295,-0.0481702543197104,-0.0481702543197104,-0.0481702543197104,0.04354801944707
23.3384346785706,0,0.0173424537425691,0,23.3384346785706,0.0173424537425691,0.0173424537425691,0.0173424537425691,0.0189266195413323
21.0471310356801,0,0.0617673658141888,0,21.0471310356801,0.0617673658141888,0.0617673658141888,0.0617673658141888,0.047052745863464
22.0025162092978,0,0.148833372639304,0,22.0025162092978,0.148833372639304,0.148833372639304,0.148833372639304,0.0966286283522948
142.027144302285,0,0.0480428181832702,0,142.027144302285,0.0480428181832702,0.0480428181832702,0.0480428181832702,0.0151652887885014
10.8384906759069,0,-0.00221059163205814,0,10.8384906759069,-0.00221059163205814,-0.00221059163205814,-0.00221059163205814,0.0251376149245104
15.3983817607889,0,0.00875331277188317,0,15.3983817607889,0.00875331277188317,0.00875331277188317,0.00875331277188317,0.0553131630412198
14.6925462604222,0,-0.00458452472707301,0,14.6925462604222,-0.00458452472707301,-0.00458452472707301,-0.00458452472707301,0.0444254697733256
8.14116878127968,0,0.0313541787643274,0,8.14116878127968,0.0313541787643274,0.0313541787643274,0.0313541787643274,0.0267464950236586
11.0161041029769,0,-0.0031766917676102,0,11.0161041029769,-0.0031766917676102,-0.0031766917676102,-0.0031766917676102,0.0522005254908412
12.612078023469,0,-0.0597088928688878,0,12.612078023469,-0.0597088928688878,-0.0597088928688878,-0.0597088928688878,0.0322576765582896
27.9381463268887,0,-0.0196646199066465,0,27.9381463268887,-0.0196646199066465,-0.0196646199066465,-0.0196646199066465,0.0266030945529787
28.4056044215739,0,-0.0234835133541325,0,28.4056044215739,-0.0234835133541325,-0.0234835133541325,-0.0234835133541325,0.0460235649191708
9.44659083119766,0,-0.0979355343768668,0,9.44659083119766,-0.0979355343768668,-0.0979355343768668,-0.0979355343768668,0.106984919191722
14.3373106913918,0,-0.0165868652445846,0,14.3373106913918,-0.0165868652445846,-0.0165868652445846,-0.0165868652445846,0.0475684856482902
27.5154326429576,0,-0.0737687512894777,0,27.5154326429576,-0.0737687512894777,-0.0737687512894777,-0.0737687512894777,0.0411313926107423
NA,NA,NA,NA,NA,NA,NA,NA,NA
3.48138260502119,0,-0.0431716232209931,0,3.48138260502119,-0.0431716232209931,-0.0431716232209931,-0.0431716232209931,0.0321818721032191
5.59197431763262,0,-0.0578220526680145,0,5.59197431763262,-0.0578220526680145,-0.0578220526680145,-0.0578220526680145,0.0290843221745671
7.10118523761685,0,-0.0285278978712163,0,7.10118523761685,-0.0285278978712163,-0.0285278978712163,-0.0285278978712163,0.0595492352872805
8.39406695268219,0,0.0167837864563465,0,8.39406695268219,0.0167837864563465,0.0167837864563465,0.0167837864563465,0.0322473662392579
6.68163411954067,0,0.0399525800720857,0,6.68163411954067,0.0399525800720857,0.0399525800720857,0.0399525800720857,0.0632642521725607
10.9419857642508,0,-0.0876235523401562,0,10.9419857642508,-0.0876235523401562,-0.0876235523401562,-0.0876235523401562,0.0336377588977628
9.567453602661,0,-0.0130573193727359,0,9.567453602661,-0.0130573193727359,-0.0130573193727359,-0.0130573193727359,0.0264340771076804
9.56764954052794,0,-0.00578932875863998,0,9.56764954052794,-0.00578932875863998,-0.00578932875863998,-0.00578932875863998,0.0288617279537588
9.58796747981615,0,0.00725905880614161,0,9.58796747981615,0.00725905880614161,0.00725905880614161,0.00725905880614161,0.0422687684348916
10.3415882006709,0,-0.0979591311963027,0,10.3415882006709,-0.0979591311963027,-0.0979591311963027,-0.0979591311963027,0.0379022425227411
9.03381024943225,0,-0.0258591277728825,0,9.03381024943225,-0.0258591277728825,-0.0258591277728825,-0.0258591277728825,0.0210013285642308
7.292171244769,0,0.0214216184583366,0,7.292171244769,0.0214216184583366,0.0214216184583366,0.0214216184583366,0.00787016036700002
10.6567948708008,0,0.0203455428827325,0,10.6567948708008,0.0203455428827325,0.0203455428827325,0.0203455428827325,0.0367174068081082
15.83958844307,0,0.0399832495665445,0,15.83958844307,0.0399832495665445,0.0399832495665445,0.0399832495665445,0.0130470310288665
17.7014293147066,0,0.0234372077444364,0,17.7014293147066,0.0234372077444364,0.0234372077444364,0.0234372077444364,0.0323786122878216
16.016217440795,0,-0.00369944404825601,0,16.016217440795,-0.00369944404825601,-0.00369944404825601,-0.00369944404825601,0.0376637682579198
13.5036026382197,0,0.0260526179813793,0,13.5036026382197,0.0260526179813793,0.0260526179813793,0.0260526179813793,0.0175137052055195
13.9836050997556,0,-0.0596374353307077,0,13.9836050997556,-0.0596374353307077,-0.0596374353307077,-0.0596374353307077,0.0260159424457815
11.3110693140974,0,0.00982781565554414,0,11.3110693140974,0.00982781565554414,0.00982781565554414,0.00982781565554414,0.0152975413868066
20.6083384757102,0,-0.0196913974375486,0,20.6083384757102,-0.0196913974375486,-0.0196913974375486,-0.0196913974375486,0.0564075951702511
12.3671082351961,0,0.0210231372322994,0,12.3671082351961,0.0210231372322994,0.0210231372322994,0.0210231372322994,0.0160828742749283
12.3654554745313,0,-0.0686880413546458,0,12.3654554745313,-0.0686880413546458,-0.0686880413546458,-0.0686880413546458,0.0513325050706189
19.2556223171704,0,0.0285945738844167,0,19.2556223171704,0.0285945738844167,0.0285945738844167,0.0285945738844167,0.0139726523520546
34.7312424253189,0,0.00360906084633839,0,34.7312424253189,0.00360906084633839,0.00360906084633839,0.00360906084633839,0.017575833019559
54.7209102152747,0,0.0196726221291343,0,54.7209102152747,0.0196726221291343,0.0196726221291343,0.0196726221291343,0.0109274670854921
14.729212643584,0,-0.0296594096014818,0,14.729212643584,-0.0296594096014818,-0.0296594096014818,-0.0296594096014818,0.0438275771773769
8.22166390729103,0,0.0200227074138689,0,8.22166390729103,0.0200227074138689,0.0200227074138689,0.0200227074138689,0.0889316774406693
11.7030101268542,0,0.0664031592294417,0,11.7030101268542,0.0664031592294417,0.0664031592294417,0.0664031592294417,0.0318702419669784
7.36539602284415,0,-0.0247872150245361,0,7.36539602284415,-0.0247872150245361,-0.0247872150245361,-0.0247872150245361,0.114121672795408
9.34902839864339,0,-0.0319037471830898,0,9.34902839864339,-0.0319037471830898,-0.0319037471830898,-0.0319037471830898,0.0353702402159913
12.5616640281909,0,0.00441577973083164,0,12.5616640281909,0.00441577973083164,0.00441577973083164,0.00441577973083164,0.0138459086615911
14.389195342198,0,0.0514818793481831,0,14.389195342198,0.0514818793481831,0.0514818793481831,0.0514818793481831,0.112813117182012
10.8363107906744,0,-0.028098390818107,0,10.8363107906744,-0.028098390818107,-0.028098390818107,-0.028098390818107,0.071926050301895
11.7003583105711,0,-0.00186774348468509,0,11.7003583105711,-0.00186774348468509,-0.00186774348468509,-0.00186774348468509,0.00589871207554302
14.1717804897526,0,0.027255899623745,0,14.1717804897526,0.027255899623745,0.027255899623745,0.027255899623745,0.0438772018708798
10.4916049522311,0,0.0132463173032987,0,10.4916049522311,0.0132463173032987,0.0132463173032987,0.0132463173032987,0.0267192917518445
12.491172371433,0,0.00616174807970621,0,12.491172371433,0.00616174807970621,0.00616174807970621,0.00616174807970621,0.0405245193389735
31.4129223891295,0,-0.0481702543197104,0,31.4129223891295,-0.0481702543197104,-0.0481702543197104,-0.0481702543197104,0.04354801944707
23.3384346785706,0,0.0173424537425691,0,23.3384346785706,0.0173424537425691,0.0173424537425691,0.0173424537425691,0.0189266195413323
21.0471310356801,0,0.0617673658141888,0,21.0471310356801,0.0617673658141888,0.0617673658141888,0.0617673658141888,0.047052745863464
22.0025162092978,0,0.148833372639304,0,22.0025162092978,0.148833372639304,0.148833372639304,0.148833372639304,0.0966286283522948
142.027144302285,0,0.0480428181832702,0,142.027144302285,0.0480428181832702,0.0480428181832702,0.0480428181832702,0.0151652887885014
10.8384906759069,0,-0.00221059163205814,0,10.8384906759069,-0.00221059163205814,-0.00221059163205814,-0.00221059163205814,0.0251376149245104
15.3983817607889,0,0.00875331277188317,0,15.3983817607889,0.00875331277188317,0.00875331277188317,0.00875331277188317,0.0553131630412198
14.6925462604222,0,-0.00458452472707301,0,14.6925462604222,-0.00458452472707301,-0.00458452472707301,-0.00458452472707301,0.0444254697733256
8.14116878127968,0,0.0313541787643274,0,8.14116878127968,0.0313541787643274,0.0313541787643274,0.0313541787643274,0.0267464950236586
11.0161041029769,0,-0.0031766917676102,0,11.0161041029769,-0.0031766917676102,-0.0031766917676102,-0.0031766917676102,0.0522005254908412
12.612078023469,0,-0.0597088928688878,0,12.612078023469,-0.0597088928688878,-0.0597088928688878,-0.0597088928688878,0.0322576765582896
27.9381463268887,0,-0.0196646199066465,0,27.9381463268887,-0.0196646199066465,-0.0196646199066465,-0.0196646199066465,0.0266030945529787
28.4056044215739,0,-0.0234835133541325,0,28.4056044215739,-0.0234835133541325,-0.0234835133541325,-0.0234835133541325,0.0460235649191708
9.44659083119766,0,-0.0979355343768668,0,9.44659083119766,-0.0979355343768668,-0.0979355343768668,-0.0979355343768668,0.106984919191722
14.3373106913918,0,-0.0165868652445846,0,14.3373106913918,-0.0165868652445846,-0.0165868652445846,-0.0165868652445846,0.0475684856482902
27.5154326429576,0,-0.0737687512894777,0,27.5154326429576,-0.0737687512894777,-0.0737687512894777,-0.0737687512894777,0.0411313926107423
NA,NA,NA,NA,NA,NA,NA,NA,NA
3.48138260502119,0,-0.0431716232209931,0,3.48138260502119,-0.0431716232209931,-0.0431716232209931,-0.0431716232209931,0.0321818721032191
5.59197431763262,0,-0.0578220526680145,0,5.59197431763262,-0.0578220526680145,-0.0578220526680145,-0.0578220526680145,0.0290843221745671
7.10118523761685,0,-0.0285278978712163,0,7.10118523761685,-0.0285278978712163,-0.0285278978712163,-0.0285278978712163,0.0595492352872805
8.39406695268219,0,0.0167837864563465,0,8.39406695268219,0.0167837864563465,0.0167837864563465,0.0167837864563465,0.0322473662392579
6.68163411954067,0,0.0399525800720857,0,6.68163411954067,0.0399525800720857,0.0399525800720857,0.0399525800720857,0.0632642521725607
10.9419857642508,0,-0.0876235523401562,0,10.9419857642508,-0.0876235523401562,-0.0876235523401562,-0.0876235523401562,0.0336377588977628
9.567453602661,0,-0.0130573193727359,0,9.567453602661,-0.0130573193727359,-0.0130573193727359,-0.0130573193727359,0.0264340771076804
9.56764954052794,0,-0.00578932875863998,0,9.56764954052794,-0.00578932875863998,-0.00578932875863998,-0.00578932875863998,0.0288617279537588
9.58796747981615,0,0.00725905880614161,0,9.58796747981615,0.00725905880614161,0.00725905880614161,0.00725905880614161,0.0422687684348916
10.3415882006709,0,-0.0979591311963027,0,10.3415882006709,-0.0979591311963027,-0.0979591311963027,-0.0979591311963027,0.0379022425227411
9.03381024943225,0,-0.0258591277728825,0,9.03381024943225,-0.0258591277728825,-0.0258591277728825,-0.0258591277728825,0.0210013285642308
7.292171244769,0,0.0214216184583366,0,7.292171244769,0.0214216184583366,0.0214216184583366,0.0214216184583366,0.00787016036700002
10.6567948708008,0,0.0203455428827325,0,10.6567948708008,0.0203455428827325,0.0203455428827325,0.0203455428827325,0.0367174068081082
15.83958844307,0,0.0399832495665445,0,15.83958844307,0.0399832495665445,0.0399832495665445,0.0399832495665445,0.0130470310288665
17.7014293147066,0,0.0234372077444364,0,17.7014293147066,0.0234372077444364,0.0234372077444364,0.0234372077444364,0.0323786122878216
16.016217440795,0,-0.00369944404825601,0,16.016217440795,-0.00369944404825601,-0.00369944404825601,-0.00369944404825601,0.0376637682579198
13.5036026382197,0,0.0260526179813793,0,13.5036026382197,0.0260526179813793,0.0260526179813793,0.0260526179813793,0.0175137052055195
13.9836050997556,0,-0.0596374353307077,0,13.9836050997556,-0.0596374353307077,-0.0596374353307077,-0.0596374353307077,0.0260159424457815
11.3110693140974,0,0.00982781565554414,0,11.3110693140974,0.00982781565554414,0.00982781565554414,0.00982781565554414,0.0152975413868066
20.6083384757102,0,-0.0196913974375486,0,20.6083384757102,-0.0196913974375486,-0.0196913974375486,-0.0196913974375486,0.0564075951702511
12.3671082351961,0,0.0210231372322994,0,12.3671082351961,0.0210231372322994,0.0210231372322994,0.0210231372322994,0.0160828742749283
12.3654554745313,0,-0.0686880413546458,0,12.3654554745313,-0.0686880413546458,-0.0686880413546458,-0.0686880413546458,0.0513325050706189
19.2556223171704,0,0.0285945738844167,0,19.2556223171704,0.0285945738844167,0.0285945738844167,0.0285945738844167,0.0139726523520546
34.7312424253189,0,0.00360906084633839,0,34.7312424253189,0.00360906084633839,0.00360906084633839,0.00360906084633839,0.017575833019559
54.7209102152747,0,0.0196726221291343,0,54.7209102152747,0.0196726221291343,0.0196726221291343,0.0196726221291343,0.0109274670854921
14.729212643584,0,-0.0296594096014818,0,14.729212643584,-0.0296594096014818,-0.0296594096014818,-0.0296594096014818,0.0438275771773769
8.22166390729103,0,0.0200227074138689,0,8.22166390729103,0.0200227074138689,0.0200227074138689,0.0200227074138689,0.0889316774406693
11.7030101268542,0,0.0664031592294417,0,11.7030101268542,0.0664031592294417,0.0664031592294417,0.0664031592294417,0.0318702419669784
7.36539602284415,0,-0.0247872150245361,0,7.36539602284415,-0.0247872150245361,-0.0247872150245361,-0.0247872150245361,0.114121672795408
9.34902839864339,0,-0.0319037471830898,0,9.34902839864339,-0.0319037471830898,-0.0319037471830898,-0.0319037471830898,0.0353702402159913
12.5616640281909,0,0.00441577973083164,0,12.5616640281909,0.00441577973083164,0.00441577973083164,0.00441577973083164,0.0138459086615911
14.389195342198,0,0.0514818793481831,0,14.389195342198,0.0514818793481831,0.0514818793481831,0.0514818793481831,0.112813117182012
10.8363107906744,0,-0.028098390818107,0,10.8363107906744,-0.028098390818107,-0.028098390818107,-0.028098390818107,0.071926050301895
11.7003583105711,0,-0.00186774348468509,0,11.7003583105711,-0.00186774348468509,-0.00186774348468509,-0.00186774348468509,0.00589871207554302
14.1717804897526,0,0.027255899623745,0,14.1717804897526,0.027255899623745,0.027255899623745,0.027255899623745,0.0438772018708798
10.4916049522311,0,0.0132463173032987,0,10.4916049522311,0.0132463173032987,0.0132463173032987,0.0132463173032987,0.0267192917518445
12.491172371433,0,0.00616174807970621,0,12.491172371433,0.00616174807970621,0.00616174807970621,0.00616174807970621,0.0405245193389735
31.4129223891295,0,-0.0481702543197104,0,31.4129223891295,-0.0481702543197104,-0.0481702543197104,-0.0481702543197104,0.04354801944707
23.3384346785706,0,0.0173424537425691,0,23.3384346785706,0.0173424537425691,0.0173424537425691,0.0173424537425691,0.0189266195413323
21.0471310356801,0,0.0617673658141888,0,21.0471310356801,0.0617673658141888,0.0617673658141888,0.0617673658141888,0.047052745863464
22.0025162092978,0,0.148833372639304,0,22.0025162092978,0.148833372639304,0.148833372639304,0.148833372639304,0.0966286283522948
142.027144302285,0,0.0480428181832702,0,142.027144302285,0.0480428181832702,0.0480428181832702,0.0480428181832702,0.0151652887885014
10.8384906759069,0,-0.00221059163205814,0,10.8384906759069,-0.00221059163205814,-0.00221059163205814,-0.00221059163205814,0.0251376149245104
15.3983817607889,0,0.00875331277188317,0,15.3983817607889,0.00875331277188317,0.00875331277188317,0.00875331277188317,0.0553131630412198
14.6925462604222,0,-0.00458452472707301,0,14.6925462604222,-0.00458452472707301,-0.00458452472707301,-0.00458452472707301,0.0444254697733256
8.14116878127968,0,0.0313541787643274,0,8.14116878127968,0.0313541787643274,0.0313541787643274,0.0313541787643274,0.0267464950236586
11.0161041029769,0,-0.0031766917676102,0,11.0161041029769,-0.0031766917676102,-0.0031766917676102,-0.0031766917676102,0.0522005254908412
12.612078023469,0,-0.0597088928688878,0,12.612078023469,-0.0597088928688878,-0.0597088928688878,-0.0597088928688878,0.0322576765582896
27.9381463268887,0,-0.0196646199066465,0,27.9381463268887,-0.0196646199066465,-0.0196646199066465,-0.0196646199066465,0.0266030945529787
28.4056044215739,0,-0.0234835133541325,0,28.4056044215739,-0.0234835133541325,-0.0234835133541325,-0.0234835133541325,0.0460235649191708
9.44659083119766,0,-0.0979355343768668,0,9.44659083119766,-0.0979355343768668,-0.0979355343768668,-0.0979355343768668,0.106984919191722
14.3373106913918,0,-0.0165868652445846,0,14.3373106913918,-0.0165868652445846,-0.0165868652445846,-0.0165868652445846,0.0475684856482902
27.5154326429576,0,-0.0737687512894777,0,27.5154326429576,-0.0737687512894777,-0.0737687512894777,-0.0737687512894777,0.0411313926107423
NA,NA,NA,NA,NA,NA,NA,NA,NA
3.48138260502119,0,-0.0431716232209931,0,3.48138260502119,-0.0431716232209931,-0.0431716232209931,-0.0431716232209931,0.0321818721032191
5.59197431763262,0,-0.0578220526680145,0,5.59197431763262,-0.0578220526680145,-0.0578220526680145,-0.0578220526680145,0.0290843221745671
7.10118523761685,0,-0.0285278978712163,0,7.10118523761685,-0.0285278978712163,-0.0285278978712163,-0.0285278978712163,0.0595492352872805
8.39406695268219,0,0.0167837864563465,0,8.39406695268219,0.0167837864563465,0.0167837864563465,0.0167837864563465,0.0322473662392579
6.68163411954067,0,0.0399525800720857,0,6.68163411954067,0.0399525800720857,0.0399525800720857,0.0399525800720857,0.0632642521725607
10.9419857642508,0,-0.0876235523401562,0,10.9419857642508,-0.0876235523401562,-0.0876235523401562,-0.0876235523401562,0.0336377588977628
9.567453602661,0,-0.0130573193727359,0,9.567453602661,-0.0130573193727359,-0.0130573193727359,-0.0130573193727359,0.0264340771076804
9.56764954052794,0,-0.00578932875863998,0,9.56764954052794,-0.00578932875863998,-0.00578932875863998,-0.00578932875863998,0.0288617279537588
9.58796747981615,0,0.00725905880614161,0,9.58796747981615,0.00725905880614161,0.00725905880614161,0.00725905880614161,0.0422687684348916
10.3415882006709,0,-0.0979591311963027,0,10.3415882006709,-0.0979591311963027,-0.0979591311963027,-0.0979591311963027,0.0379022425227411
9.03381024943225,0,-0.0258591277728825,0,9.03381024943225,-0.0258591277728825,-0.0258591277728825,-0.0258591277728825,0.0210013285642308
7.292171244769,0,0.0214216184583366,0,7.292171244769,0.0214216184583366,0.0214216184583366,0.0214216184583366,0.00787016036700002
10.6567948708008,0,0.0203455428827325,0,10.6567948708008,0.0203455428827325,0.0203455428827325,0.0203455428827325,0.0367174068081082
15.83958844307,0,0.0399832495665445,0,15.83958844307,0.0399832495665445,0.0399832495665445,0.0399832495665445,0.0130470310288665
17.7014293147066,0,0.0234372077444364,0,17.7014293147066,0.0234372077444364,0.0234372077444364,0.0234372077444364,0.0323786122878216
16.016217440795,0,-0.00369944404825601,0,16.016217440795,-0.00369944404825601,-0.00369944404825601,-0.00369944404825601,0.0376637682579198
13.5036026382197,0,0.0260526179813793,0,13.5036026382197,0.0260526179813793,0.0260526179813793,0.0260526179813793,0.0175137052055195
13.9836050997556,0,-0.0596374353307077,0,13.9836050997556,-0.0596374353307077,-0.0596374353307077,-0.0596374353307077,0.0260159424457815
11.3110693140974,0,0.00982781565554414,0,11.3110693140974,0.00982781565554414,0.00982781565554414,0.00982781565554414,0.0152975413868066
20.6083384757102,0,-0.0196913974375486,0,20.6083384757102,-0.0196913974375486,-0.0196913974375486,-0.0196913974375486,0.0564075951702511
12.3671082351961,0,0.0210231372322994,0,12.3671082351961,0.0210231372322994,0.0210231372322994,0.0210231372322994,0.0160828742749283
12.3654554745313,0,-0.0686880413546458,0,12.3654554745313,-0.0686880413546458,-0.0686880413546458,-0.0686880413546458,0.0513325050706189
19.2556223171704,0,0.0285945738844167,0,19.2556223171704,0.0285945738844167,0.0285945738844167,0.0285945738844167,0.0139726523520546
34.7312424253189,0,0.00360906084633839,0,34.7312424253189,0.00360906084633839,0.00360906084633839,0.00360906084633839,0.017575833019559
54.7209102152747,0,0.0196726221291343,0,54.7209102152747,0.0196726221291343,0.0196726221291343,0.0196726221291343,0.0109274670854921
14.729212643584,0,-0.0296594096014818,0,14.729212643584,-0.0296594096014818,-0.0296594096014818,-0.0296594096014818,0.0438275771773769
8.22166390729103,0,0.0200227074138689,0,8.22166390729103,0.0200227074138689,0.0200227074138689,0.0200227074138689,0.0889316774406693
11.7030101268542,0,0.0664031592294417,0,11.7030101268542,0.0664031592294417,0.0664031592294417,0.0664031592294417,0.0318702419669784
7.36539602284415,0,-0.0247872150245361,0,7.36539602284415,-0.0247872150245361,-0.0247872150245361,-0.0247872150245361,0.114121672795408
9.34902839864339,0,-0.0319037471830898,0,9.34902839864339,-0.0319037471830898,-0.0319037471830898,-0.0319037471830898,0.0353702402159913
12.5616640281909,0,0.00441577973083164,0,12.5616640281909,0.00441577973083164,0.00441577973083164,0.00441577973083164,0.0138459086615911
14.389195342198,0,0.0514818793481831,0,14.389195342198,0.0514818793481831,0.0514818793481831,0.0514818793481831,0.112813117182012
10.8363107906744,0,-0.028098390818107,0,10.8363107906744,-0.028098390818107,-0.028098390818107,-0.028098390818107,0.071926050301895
11.7003583105711,0,-0.00186774348468509,0,11.7003583105711,-0.00186774348468509,-0.00186774348468509,-0.00186774348468509,0.00589871207554302
14.1717804897526,0,0.027255899623745,0,14.1717804897526,0.027255899623745,0.027255899623745,0.027255899623745,0.0438772018708798
10.4916049522311,0,0.0132463173032987,0,10.4916049522311,0.0132463173032987,0.0132463173032987,0.0132463173032987,0.0267192917518445
12.491172371433,0,0.00616174807970621,0,12.491172371433,0.00616174807970621,0.00616174807970621,0.00616174807970621,0.0405245193389735
31.4129223891295,0,-0.0481702543197104,0,31.4129223891295,-0.0481702543197104,-0.0481702543197104,-0.0481702543197104,0.04354801944707
23.3384346785706,0,0.0173424537425691,0,23.3384346785706,0.0173424537425691,0.0173424537425691,0.0173424537425691,0.0189266195413323
21.0471310356801,0,0.0617673658141888,0,21.0471310356801,0.0617673658141888,0.0617673658141888,0.0617673658141888,0.047052745863464
22.0025162092978,0,0.148833372639304,0,22.0025162092978,0.148833372639304,0.148833372639304,0.148833372639304,0.0966286283522948
142.027144302285,0,0.0480428181832702,0,142.027144302285,0.0480428181832702,0.0480428181832702,0.0480428181832702,0.0151652887885014
10.8384906759069,0,-0.00221059163205814,0,10.8384906759069,-0.00221059163205814,-0.00221059163205814,-0.00221059163205814,0.0251376149245104
15.3983817607889,0,0.00875331277188317,0,15.3983817607889,0.00875331277188317,0.00875331277188317,0.00875331277188317,0.0553131630412198
14.6925462604222,0,-0.00458452472707301,0,14.6925462604222,-0.00458452472707301,-0.00458452472707301,-0.00458452472707301,0.0444254697733256
8.14116878127968,0,0.0313541787643274,0,8.14116878127968,0.0313541787643274,0.0313541787643274,0.0313541787643274,0.0267464950236586
11.0161041029769,0,-0.0031766917676102,0,11.0161041029769,-0.0031766917676102,-0.0031766917676102,-0.0031766917676102,0.0522005254908412
12.612078023469,0,-0.0597088928688878,0,12.612078023469,-0.0597088928688878,-0.0597088928688878,-0.0597088928688878,0.0322576765582896
27.9381463268887,0,-0.0196646199066465,0,27.9381463268887,-0.0196646199066465,-0.0196646199066465,-0.0196646199066465,0.0266030945529787
28.4056044215739,0,-0.0234835133541325,0,28.4056044215739,-0.0234835133541325,-0.0234835133541325,-0.0234835133541325,0.0460235649191708
9.44659083119766,0,-0.0979355343768668,0,9.44659083119766,-0.0979355343768668,-0.0979355343768668,-0.0979355343768668,0.106984919191722
14.3373106913918,0,-0.0165868652445846,0,14.3373106913918,-0.0165868652445846,-0.0165868652445846,-0.0165868652445846,0.0475684856482902
27.5154326429576,0,-0.0737687512894777,0,27.5154326429576,-0.0737687512894777,-0.0737687512894777,-0.0737687512894777,0.0411313926107423
NA,NA,NA,NA,NA,NA,NA,NA,NA
3.48138260502119,0,-0.0431716232209931,0,3.48138260502119,-0.0431716232209931,-0.0431716232209931,-0.0431716232209931,0.0321818721032191
5.59197431763262,0,-0.0578220526680145,0,5.59197431763262,-0.0578220526680145,-0.0578220526680145,-0.0578220526680145,0.0290843221745671
7.10118523761685,0,-0.0285278978712163,0,7.10118523761685,-0.0285278978712163,-0.0285278978712163,-0.0285278978712163,0.0595492352872805
8.39406695268219,0,0.0167837864563465,0,8.39406695268219,0.0167837864563465,0.0167837864563465,0.0167837864563465,0.0322473662392579
6.68163411954067,0,0.0399525800720857,0,6.68163411954067,0.0399525800720857,0.0399525800720857,0.0399525800720857,0.0632642521725607
10.9419857642508,0,-0.0876235523401562,0,10.9419857642508,-0.0876235523401562,-0.0876235523401562,-0.0876235523401562,0.0336377588977628
9.567453602661,0,-0.0130573193727359,0,9.567453602661,-0.0130573193727359,-0.0130573193727359,-0.0130573193727359,0.0264340771076804
9.56764954052794,0,-0.00578932875863998,0,9.56764954052794,-0.00578932875863998,-0.00578932875863998,-0.00578932875863998,0.0288617279537588
9.58796747981615,0,0.00725905880614161,0,9.58796747981615,0.00725905880614161,0.00725905880614161,0.00725905880614161,0.0422687684348916
10.3415882006709,0,-0.0979591311963027,0,10.3415882006709,-0.0979591311963027,-0.0979591311963027,-0.0979591311963027,0.0379022425227411
9.03381024943225,0,-0.0258591277728825,0,9.03381024943225,-0.0258591277728825,-0.0258591277728825,-0.0258591277728825,0.0210013285642308
7.292171244769,0,0.0214216184583366,0,7.292171244769,0.0214216184583366,0.0214216184583366,0.0214216184583366,0.00787016036700002
10.6567948708008,0,0.0203455428827325,0,10.6567948708008,0.0203455428827325,0.0203455428827325,0.0203455428827325,0.0367174068081082
15.83958844307,0,0.0399832495665445,0,15.83958844307,0.0399832495665445,0.0399832495665445,0.0399832495665445,0.0130470310288665
17.7014293147066,0,0.0234372077444364,0,17.7014293147066,0.0234372077444364,0.0234372077444364,0.0234372077444364,0.0323786122878216
16.016217440795,0,-0.00369944404825601,0,16.016217440795,-0.00369944404825601,-0.00369944404825601,-0.00369944404825601,0.0376637682579198
13.5036026382197,0,0.0260526179813793,0,13.5036026382197,0.0260526179813793,0.0260526179813793,0.0260526179813793,0.0175137052055195
13.9836050997556,0,-0.0596374353307077,0,13.9836050997556,-0.0596374353307077,-0.0596374353307077,-0.0596374353307077,0.0260159424457815
11.3110693140974,0,0.00982781565554414,0,11.3110693140974,0.00982781565554414,0.00982781565554414,0.00982781565554414,0.0152975413868066
20.6083384757102,0,-0.0196913974375486,0,20.6083384757102,-0.0196913974375486,-0.0196913974375486,-0.0196913974375486,0.0564075951702511
12.3671082351961,0,0.0210231372322994,0,12.3671082351961,0.0210231372322994,0.0210231372322994,0.0210231372322994,0.0160828742749283
12.3654554745313,0,-0.0686880413546458,0,12.3654554745313,-0.0686880413546458,-0.0686880413546458,-0.0686880413546458,0.0513325050706189
19.2556223171704,0,0.0285945738844167,0,19.2556223171704,0.0285945738844167,0.0285945738844167,0.0285945738844167,0.0139726523520546
34.7312424253189,0,0.00360906084633839,0,34.7312424253189,0.00360906084633839,0.00360906084633839,0.00360906084633839,0.017575833019559
54.7209102152747,0,0.0196726221291343,0,54.7209102152747,0.0196726221291343,0.0196726221291343,0.0196726221291343,0.0109274670854921
14.729212643584,0,-0.0296594096014818,0,14.729212643584,-0.0296594096014818,-0.0296594096014818,-0.0296594096014818,0.0438275771773769
8.22166390729103,0,0.0200227074138689,0,8.22166390729103,0.0200227074138689,0.0200227074138689,0.0200227074138689,0.0889316774406693
11.7030101268542,0,0.0664031592294417,0,11.7030101268542,0.0664031592294417,0.0664031592294417,0.0664031592294417,0.0318702419669784
7.36539602284415,0,-0.0247872150245361,0,7.36539602284415,-0.0247872150245361,-0.0247872150245361,-0.0247872150245361,0.114121672795408
9.34902839864339,0,-0.0319037471830898,0,9.34902839864339,-0.0319037471830898,-0.0319037471830898,-0.0319037471830898,0.0353702402159913
12.5616640281909,0,0.00441577973083164,0,12.5616640281909,0.00441577973083164,0.00441577973083164,0.00441577973083164,0.0138459086615911
14.389195342198,0,0.0514818793481831,0,14.389195342198,0.0514818793481831,0.0514818793481831,0.0514818793481831,0.112813117182012
10.8363107906744,0,-0.028098390818107,0,10.8363107906744,-0.028098390818107,-0.028098390818107,-0.028098390818107,0.071926050301895
11.7003583105711,0,-0.00186774348468509,0,11.7003583105711,-0.00186774348468509,-0.00186774348468509,-0.00186774348468509,0.00589871207554302
14.1717804897526,0,0.027255899623745,0,14.1717804897526,0.027255899623745,0.027255899623745,0.027255899623745,0.0438772018708798
10.4916049522311,0,0.0132463173032987,0,10.4916049522311,0.0132463173032987,0.0132463173032987,0.0132463173032987,0.0267192917518445
12.491172371433,0,0.00616174807970621,0,12.491172371433,0.00616174807970621,0.00616174807970621,0.00616174807970621,0.0405245193389735
31.4129223891295,0,-0.0481702543197104,0,31.4129223891295,-0.0481702543197104,-0.0481702543197104,-0.0481702543197104,0.04354801944707
23.3384346785706,0,0.0173424537425691,0,23.3384346785706,0.0173424537425691,0.0173424537425691,0.0173424537425691,0.0189266195413323
21.0471310356801,0,0.0617673658141888,0,21.0471310356801,0.0617673658141888,0.0617673658141888,0.0617673658141888,0.047052745863464
22.0025162092978,0,0.148833372639304,0,22.0025162092978,0.148833372639304,0.148833372639304,0.148833372639304,0.0966286283522948
142.027144302285,0,0.0480428181832702,0,142.027144302285,0.0480428181832702,0.0480428181832702,0.0480428181832702,0.0151652887885014
10.8384906759069,0,-0.00221059163205814,0,10.8384906759069,-0.00221059163205814,-0.00221059163205814,-0.00221059163205814,0.0251376149245104
15.3983817607889,0,0.00875331277188317,0,15.3983817607889,0.00875331277188317,0.00875331277188317,0.00875331277188317,0.0553131630412198
14.6925462604222,0,-0.00458452472707301,0,14.6925462604222,-0.00458452472707301,-0.00458452472707301,-0.00458452472707301,0.0444254697733256
8.14116878127968,0,0.0313541787643274,0,8.14116878127968,0.0313541787643274,0.0313541787643274,0.0313541787643274,0.0267464950236586
11.0161041029769,0,-0.0031766917676102,0,11.0161041029769,-0.0031766917676102,-0.0031766917676102,-0.0031766917676102,0.0522005254908412
12.612078023469,0,-0.0597088928688878,0,12.612078023469,-0.0597088928688878,-0.0597088928688878,-0.0597088928688878,0.0322576765582896
27.9381463268887,0,-0.0196646199066465,0,27.9381463268887,-0.0196646199066465,-0.0196646199066465,-0.0196646199066465,0.0266030945529787
28.4056044215739,0,-0.0234835133541325,0,28.4056044215739,-0.0234835133541325,-0.0234835133541325,-0.0234835133541325,0.0460235649191708
9.44659083119766,0,-0.0979355343768668,0,9.44659083119766,-0.0979355343768668,-0.0979355343768668,-0.0979355343768668,0.106984919191722
14.3373106913918,0,-0.0165868652445846,0,14.3373106913918,-0.0165868652445846,-0.0165868652445846,-0.0165868652445846,0.0475684856482902
27.5154326429576,0,-0.0737687512894777,0,27.5154326429576,-0.0737687512894777,-0.0737687512894777,-0.0737687512894777,0.0411313926107423
NA,NA,NA,NA,NA,NA,NA,NA,NA
3.48138260502119,0,-0.0431716232209931,0,3.48138260502119,-0.0431716232209931,-0.0431716232209931,-0.0431716232209931,0.0321818721032191
5.59197431763262,0,-0.0578220526680145,0,5.59197431763262,-0.0578220526680145,-0.0578220526680145,-0.0578220526680145,0.0290843221745671
7.10118523761685,0,-0.0285278978712163,0,7.10118523761685,-0.0285278978712163,-0.0285278978712163,-0.0285278978712163,0.0595492352872805
8.39406695268219,0,0.0167837864563465,0,8.39406695268219,0.0167837864563465,0.0167837864563465,0.0167837864563465,0.0322473662392579
6.68163411954067,0,0.0399525800720857,0,6.68163411954067,0.0399525800720857,0.0399525800720857,0.0399525800720857,0.0632642521725607
10.9419857642508,0,-0.0876235523401562,0,10.9419857642508,-0.0876235523401562,-0.0876235523401562,-0.0876235523401562,0.0336377588977628
9.567453602661,0,-0.0130573193727359,0,9.567453602661,-0.0130573193727359,-0.0130573193727359,-0.0130573193727359,0.0264340771076804
9.56764954052794,0,-0.00578932875863998,0,9.56764954052794,-0.00578932875863998,-0.00578932875863998,-0.00578932875863998,0.0288617279537588
9.58796747981615,0,0.00725905880614161,0,9.58796747981615,0.00725905880614161,0.00725905880614161,0.00725905880614161,0.0422687684348916
10.3415882006709,0,-0.0979591311963027,0,10.3415882006709,-0.0979591311963027,-0.0979591311963027,-0.0979591311963027,0.0379022425227411
9.03381024943225,0,-0.0258591277728825,0,9.03381024943225,-0.0258591277728825,-0.0258591277728825,-0.0258591277728825,0.0210013285642308
7.292171244769,0,0.0214216184583366,0,7.292171244769,0.0214216184583366,0.0214216184583366,0.0214216184583366,0.00787016036700002
10.6567948708008,0,0.0203455428827325,0,10.6567948708008,0.0203455428827325,0.0203455428827325,0.0203455428827325,0.0367174068081082
15.83958844307,0,0.0399832495665445,0,15.83958844307,0.0399832495665445,0.0399832495665445,0.0399832495665445,0.0130470310288665
17.7014293147066,0,0.0234372077444364,0,17.7014293147066,0.0234372077444364,0.0234372077444364,0.0234372077444364,0.0323786122878216
16.016217440795,0,-0.00369944404825601,0,16.016217440795,-0.00369944404825601,-0.00369944404825601,-0.00369944404825601,0.0376637682579198
13.5036026382197,0,0.0260526179813793,0,13.5036026382197,0.0260526179813793,0.0260526179813793,0.0260526179813793,0.0175137052055195
13.9836050997556,0,-0.0596374353307077,0,13.9836050997556,-0.0596374353307077,-0.0596374353307077,-0.0596374353307077,0.0260159424457815
11.3110693140974,0,0.00982781565554414,0,11.3110693140974,0.00982781565554414,0.00982781565554414,0.00982781565554414,0.0152975413868066
20.6083384757102,0,-0.0196913974375486,0,20.6083384757102,-0.0196913974375486,-0.0196913974375486,-0.0196913974375486,0.0564075951702511
12.3671082351961,0,0.0210231372322994,0,12.3671082351961,0.0210231372322994,0.0210231372322994,0.0210231372322994,0.0160828742749283
12.3654554745313,0,-0.0686880413546458,0,12.3654554745313,-0.0686880413546458,-0.0686880413546458,-0.0686880413546458,0.0513325050706189
19.2556223171704,0,0.0285945738844167,0,19.2556223171704,0.0285945738844167,0.0285945738844167,0.0285945738844167,0.0139726523520546
34.7312424253189,0,0.00360906084633839,0,34.7312424253189,0.00360906084633839,0.00360906084633839,0.00360906084633839,0.017575833019559
54.7209102152747,0,0.0196726221291343,0,54.7209102152747,0.0196726221291343,0.0196726221291343,0.0196726221291343,0.0109274670854921
14.729212643584,0,-0.0296594096014818,0,14.729212643584,-0.0296594096014818,-0.0296594096014818,-0.0296594096014818,0.0438275771773769
8.22166390729103,0,0.0200227074138689,0,8.22166390729103,0.0200227074138689,0.0200227074138689,0.0200227074138689,0.0889316774406693
11.7030101268542,0,0.0664031592294417,0,11.7030101268542,0.0664031592294417,0.0664031592294417,0.0664031592294417,0.0318702419669784
7.36539602284415,0,-0.0247872150245361,0,7.36539602284415,-0.0247872150245361,-0.0247872150245361,-0.0247872150245361,0.114121672795408
9.34902839864339,0,-0.0319037471830898,0,9.34902839864339,-0.0319037471830898,-0.0319037471830898,-0.0319037471830898,0.0353702402159913
12.5616640281909,0,0.00441577973083164,0,12.5616640281909,0.00441577973083164,0.00441577973083164,0.00441577973083164,0.0138459086615911
14.389195342198,0,0.0514818793481831,0,14.389195342198,0.0514818793481831,0.0514818793481831,0.0514818793481831,0.112813117182012
10.8363107906744,0,-0.028098390818107,0,10.8363107906744,-0.028098390818107,-0.028098390818107,-0.028098390818107,0.071926050301895
11.7003583105711,0,-0.00186774348468509,0,11.7003583105711,-0.00186774348468509,-0.00186774348468509,-0.00186774348468509,0.00589871207554302
14.1717804897526,0,0.027255899623745,0,14.1717804897526,0.027255899623745,0.027255899623745,0.027255899623745,0.0438772018708798
10.4916049522311,0,0.0132463173032987,0,10.4916049522311,0.0132463173032987,0.0132463173032987,0.0132463173032987,0.0267192917518445
12.491172371433,0,0.00616174807970621,0,12.491172371433,0.00616174807970621,0.00616174807970621,0.00616174807970621,0.0405245193389735
31.4129223891295,0,-0.0481702543197104,0,31.4129223891295,-0.0481702543197104,-0.0481702543197104,-0.0481702543197104,0.04354801944707
23.3384346785706,0,0.0173424537425691,0,23.3384346785706,0.0173424537425691,0.0173424537425691,0.0173424537425691,0.0189266195413323
21.0471310356801,0,0.0617673658141888,0,21.0471310356801,0.0617673658141888,0.0617673658141888,0.0617673658141888,0.047052745863464
22.0025162092978,0,0.148833372639304,0,22.0025162092978,0.148833372639304,0.148833372639304,0.148833372639304,0.0966286283522948
142.027144302285,0,0.0480428181832702,0,142.027144302285,0.0480428181832702,0.0480428181832702,0.0480428181832702,0.0151652887885014
10.8384906759069,0,-0.00221059163205814,0,10.8384906759069,-0.00221059163205814,-0.00221059163205814,-0.00221059163205814,0.0251376149245104
15.3983817607889,0,0.00875331277188317,0,15.3983817607889,0.00875331277188317,0.00875331277188317,0.00875331277188317,0.0553131630412198
14.6925462604222,0,-0.00458452472707301,0,14.6925462604222,-0.00458452472707301,-0.00458452472707301,-0.00458452472707301,0.0444254697733256
8.14116878127968,0,0.0313541787643274,0,8.14116878127968,0.0313541787643274,0.0313541787643274,0.0313541787643274,0.0267464950236586
11.0161041029769,0,-0.0031766917676102,0,11.0161041029769,-0.0031766917676102,-0.0031766917676102,-0.0031766917676102,0.0522005254908412
12.612078023469,0,-0.0597088928688878,0,12.612078023469,-0.0597088928688878,-0.0597088928688878,-0.0597088928688878,0.0322576765582896
27.9381463268887,0,-0.0196646199066465,0,27.9381463268887,-0.0196646199066465,-0.0196646199066465,-0.0196646199066465,0.0266030945529787
28.4056044215739,0,-0.0234835133541325,0,28.4056044215739,-0.0234835133541325,-0.0234835133541325,-0.0234835133541325,0.0460235649191708
9.44659083119766,0,-0.0979355343768668,0,9.44659083119766,-0.0979355343768668,-0.0979355343768668,-0.0979355343768668,0.106984919191722
14.3373106913918,0,-0.0165868652445846,0,14.3373106913918,-0.0165868652445846,-0.0165868652445846,-0.0165868652445846,0.0475684856482902
27.5154326429576,0,-0.0737687512894777,0,27.5154326429576,-0.0737687512894777,-0.0737687512894777,-0.0737687512894777,0.0411313926107423
NA,NA,NA,NA,NA,NA,NA,NA,NA
3.48138260502119,0,-0.0431716232209931,0,3.48138260502119,-0.0431716232209931,-0.0431716232209931,-0.0431716232209931,0.0321818721032191
5.59197431763262,0,-0.0578220526680145,0,5.59197431763262,-0.0578220526680145,-0.0578220526680145,-0.0578220526680145,0.0290843221745671
7.10118523761685,0,-0.0285278978712163,0,7.10118523761685,-0.0285278978712163,-0.0285278978712163,-0.0285278978712163,0.0595492352872805
8.39406695268219,0,0.0167837864563465,0,8.39406695268219,0.0167837864563465,0.0167837864563465,0.0167837864563465,0.0322473662392579
6.68163411954067,0,0.0399525800720857,0,6.68163411954067,0.0399525800720857,0.0399525800720857,0.0399525800720857,0.0632642521725607
10.9419857642508,0,-0.0876235523401562,0,10.9419857642508,-0.0876235523401562,-0.0876235523401562,-0.0876235523401562,0.0336377588977628
9.567453602661,0,-0.0130573193727359,0,9.567453602661,-0.0130573193727359,-0.0130573193727359,-0.0130573193727359,0.0264340771076804
9.56764954052794,0,-0.00578932875863998,0,9.56764954052794,-0.00578932875863998,-0.00578932875863998,-0.00578932875863998,0.0288617279537588
9.58796747981615,0,0.00725905880614161,0,9.58796747981615,0.00725905880614161,0.00725905880614161,0.00725905880614161,0.0422687684348916
10.3415882006709,0,-0.0979591311963027,0,10.3415882006709,-0.0979591311963027,-0.0979591311963027,-0.0979591311963027,0.0379022425227411
9.03381024943225,0,-0.0258591277728825,0,9.03381024943225,-0.0258591277728825,-0.0258591277728825,-0.0258591277728825,0.0210013285642308
7.292171244769,0,0.0214216184583366,0,7.292171244769,0.0214216184583366,0.0214216184583366,0.0214216184583366,0.00787016036700002
10.6567948708008,0,0.0203455428827325,0,10.6567948708008,0.0203455428827325,0.0203455428827325,0.0203455428827325,0.0367174068081082
15.83958844307,0,0.0399832495665445,0,15.83958844307,0.0399832495665445,0.0399832495665445,0.0399832495665445,0.0130470310288665
17.7014293147066,0,0.0234372077444364,0,17.7014293147066,0.0234372077444364,0.0234372077444364,0.0234372077444364,0.0323786122878216
16.016217440795,0,-0.00369944404825601,0,16.016217440795,-0.00369944404825601,-0.00369944404825601,-0.00369944404825601,0.0376637682579198
13.5036026382197,0,0.0260526179813793,0,13.5036026382197,0.0260526179813793,0.0260526179813793,0.0260526179813793,0.0175137052055195
13.9836050997556,0,-0.0596374353307077,0,13.9836050997556,-0.0596374353307077,-0.0596374353307077,-0.0596374353307077,0.0260159424457815
11.3110693140974,0,0.00982781565554414,0,11.3110693140974,0.00982781565554414,0.00982781565554414,0.00982781565554414,0.0152975413868066
20.6083384757102,0,-0.0196913974375486,0,20.6083384757102,-0.0196913974375486,-0.0196913974375486,-0.0196913974375486,0.0564075951702511
12.3671082351961,0,0.0210231372322994,0,12.3671082351961,0.0210231372322994,0.0210231372322994,0.0210231372322994,0.0160828742749283
12.3654554745313,0,-0.0686880413546458,0,12.3654554745313,-0.0686880413546458,-0.0686880413546458,-0.0686880413546458,0.0513325050706189
19.2556223171704,0,0.0285945738844167,0,19.2556223171704,0.0285945738844167,0.0285945738844167,0.0285945738844167,0.0139726523520546
34.7312424253189,0,0.00360906084633839,0,34.7312424253189,0.00360906084633839,0.00360906084633839,0.00360906084633839,0.017575833019559
54.7209102152747,0,0.0196726221291343,0,54.7209102152747,0.0196726221291343,0.0196726221291343,0.0196726221291343,0.0109274670854921
14.729212643584,0,-0.0296594096014818,0,14.729212643584,-0.0296594096014818,-0.0296594096014818,-0.0296594096014818,0.0438275771773769
8.22166390729103,0,0.0200227074138689,0,8.22166390729103,0.0200227074138689,0.0200227074138689,0.0200227074138689,0.0889316774406693
11.7030101268542,0,0.0664031592294417,0,11.7030101268542,0.0664031592294417,0.0664031592294417,0.0664031592294417,0.0318702419669784
7.36539602284415,0,-0.0247872150245361,0,7.36539602284415,-0.0247872150245361,-0.0247872150245361,-0.0247872150245361,0.114121672795408
9.34902839864339,0,-0.0319037471830898,0,9.34902839864339,-0.0319037471830898,-0.0319037471830898,-0.0319037471830898,0.0353702402159913
12.5616640281909,0,0.00441577973083164,0,12.5616640281909,0.00441577973083164,0.00441577973083164,0.00441577973083164,0.0138459086615911
14.389195342198,0,0.0514818793481831,0,14.389195342198,0.0514818793481831,0.0514818793481831,0.0514818793481831,0.112813117182012
10.8363107906744,0,-0.028098390818107,0,10.8363107906744,-0.028098390818107,-0.028098390818107,-0.028098390818107,0.071926050301895
11.7003583105711,0,-0.00186774348468509,0,11.7003583105711,-0.00186774348468509,-0.00186774348468509,-0.00186774348468509,0.00589871207554302
14.1717804897526,0,0.027255899623745,0,14.1717804897526,0.027255899623745,0.027255899623745,0.027255899623745,0.0438772018708798
10.4916049522311,0,0.0132463173032987,0,10.4916049522311,0.0132463173032987,0.0132463173032987,0.0132463173032987,0.0267192917518445
12.491172371433,0,0.00616174807970621,0,12.491172371433,0.00616174807970621,0.00616174807970621,0.00616174807970621,0.0405245193389735
31.4129223891295,0,-0.0481702543197104,0,31.4129223891295,-0.0481702543197104,-0.0481702543197104,-0.0481702543197104,0.04354801944707
23.3384346785706,0,0.0173424537425691,0,23.3384346785706,0.0173424537425691,0.0173424537425691,0.0173424537425691,0.0189266195413323
21.0471310356801,0,0.0617673658141888,0,21.0471310356801,0.0617673658141888,0.0617673658141888,0.0617673658141888,0.047052745863464
22.0025162092978,0,0.148833372639304,0,22.0025162092978,0.148833372639304,0.148833372639304,0.148833372639304,0.0966286283522948
142.027144302285,0,0.0480428181832702,0,142.027144302285,0.0480428181832702,0.0480428181832702,0.0480428181832702,0.0151652887885014
10.8384906759069,0,-0.00221059163205814,0,10.8384906759069,-0.00221059163205814,-0.00221059163205814,-0.00221059163205814,0.0251376149245104
15.3983817607889,0,0.00875331277188317,0,15.3983817607889,0.00875331277188317,0.00875331277188317,0.00875331277188317,0.0553131630412198
14.6925462604222,0,-0.00458452472707301,0,14.6925462604222,-0.00458452472707301,-0.00458452472707301,-0.00458452472707301,0.0444254697733256
8.14116878127968,0,0.0313541787643274,0,8.14116878127968,0.0313541787643274,0.0313541787643274,0.0313541787643274,0.0267464950236586
11.0161041029769,0,-0.0031766917676102,0,11.0161041029769,-0.0031766917676102,-0.0031766917676102,-0.0031766917676102,0.0522005254908412
12.612078023469,0,-0.0597088928688878,0,12.612078023469,-0.0597088928688878,-0.0597088928688878,-0.0597088928688878,0.0322576765582896
27.9381463268887,0,-0.0196646199066465,0,27.9381463268887,-0.0196646199066465,-0.0196646199066465,-0.0196646199066465,0.0266030945529787
28.4056044215739,0,-0.0234835133541325,0,28.4056044215739,-0.0234835133541325,-0.0234835133541325,-0.0234835133541325,0.0460235649191708
9.44659083119766,0,-0.0979355343768668,0,9.44659083119766,-0.0979355343768668,-0.0979355343768668,-0.0979355343768668,0.106984919191722
14.3373106913918,0,-0.0165868652445846,0,14.3373106913918,-0.0165868652445846,-0.0165868652445846,-0.0165868652445846,0.0475684856482902
27.5154326429576,0,-0.0737687512894777,0,27.5154326429576,-0.0737687512894777,-0.0737687512894777,-0.0737687512894777,0.0411313926107423
NA,NA,NA,NA,NA,NA,NA,NA,NA
3.48138260502119,0,-0.0431716232209931,0,3.48138260502119,-0.0431716232209931,-0.0431716232209931,-0.0431716232209931,0.0321818721032191
5.59197431763262,0,-0.0578220526680145,0,5.59197431763262,-0.0578220526680145,-0.0578220526680145,-0.0578220526680145,0.0290843221745671
7.10118523761685,0,-0.0285278978712163,0,7.10118523761685,-0.0285278978712163,-0.0285278978712163,-0.0285278978712163,0.0595492352872805
8.39406695268219,0,0.0167837864563465,0,8.39406695268219,0.0167837864563465,0.0167837864563465,0.0167837864563465,0.0322473662392579
6.68163411954067,0,0.0399525800720857,0,6.68163411954067,0.0399525800720857,0.0399525800720857,0.0399525800720857,0.0632642521725607
10.9419857642508,0,-0.0876235523401562,0,10.9419857642508,-0.0876235523401562,-0.0876235523401562,-0.0876235523401562,0.0336377588977628
9.567453602661,0,-0.0130573193727359,0,9.567453602661,-0.0130573193727359,-0.0130573193727359,-0.0130573193727359,0.0264340771076804
9.56764954052794,0,-0.00578932875863998,0,9.56764954052794,-0.00578932875863998,-0.00578932875863998,-0.00578932875863998,0.0288617279537588
9.58796747981615,0,0.00725905880614161,0,9.58796747981615,0.00725905880614161,0.00725905880614161,0.00725905880614161,0.0422687684348916
10.3415882006709,0,-0.0979591311963027,0,10.3415882006709,-0.0979591311963027,-0.0979591311963027,-0.0979591311963027,0.0379022425227411
9.03381024943225,0,-0.0258591277728825,0,9.03381024943225,-0.0258591277728825,-0.0258591277728825,-0.0258591277728825,0.0210013285642308
7.292171244769,0,0.0214216184583366,0,7.292171244769,0.0214216184583366,0.0214216184583366,0.0214216184583366,0.00787016036700002
10.6567948708008,0,0.0203455428827325,0,10.6567948708008,0.0203455428827325,0.0203455428827325,0.0203455428827325,0.0367174068081082
15.83958844307,0,0.0399832495665445,0,15.83958844307,0.0399832495665445,0.0399832495665445,0.0399832495665445,0.0130470310288665
17.7014293147066,0,0.0234372077444364,0,17.7014293147066,0.0234372077444364,0.0234372077444364,0.0234372077444364,0.0323786122878216
16.016217440795,0,-0.00369944404825601,0,16.016217440795,-0.00369944404825601,-0.00369944404825601,-0.00369944404825601,0.0376637682579198
13.5036026382197,0,0.0260526179813793,0,13.5036026382197,0.0260526179813793,0.0260526179813793,0.0260526179813793,0.0175137052055195
13.9836050997556,0,-0.0596374353307077,0,13.9836050997556,-0.0596374353307077,-0.0596374353307077,-0.0596374353307077,0.0260159424457815
11.3110693140974,0,0.00982781565554414,0,11.3110693140974,0.00982781565554414,0.00982781565554414,0.00982781565554414,0.0152975413868066
20.6083384757102,0,-0.0196913974375486,0,20.6083384757102,-0.0196913974375486,-0.0196913974375486,-0.0196913974375486,0.0564075951702511
12.3671082351961,0,0.0210231372322994,0,12.3671082351961,0.0210231372322994,0.0210231372322994,0.0210231372322994,0.0160828742749283
12.3654554745313,0,-0.0686880413546458,0,12.3654554745313,-0.0686880413546458,-0.0686880413546458,-0.0686880413546458,0.0513325050706189
19.2556223171704,0,0.0285945738844167,0,19.2556223171704,0.0285945738844167,0.0285945738844167,0.0285945738844167,0.0139726523520546
34.7312424253189,0,0.00360906084633839,0,34.7312424253189,0.00360906084633839,0.00360906084633839,0.00360906084633839,0.017575833019559
54.7209102152747,0,0.0196726221291343,0,54.7209102152747,0.0196726221291343,0.0196726221291343,0.0196726221291343,0.0109274670854921
14.729212643584,0,-0.0296594096014818,0,14.729212643584,-0.0296594096014818,-0.0296594096014818,-0.0296594096014818,0.0438275771773769
8.22166390729103,0,0.0200227074138689,0,8.22166390729103,0.0200227074138689,0.0200227074138689,0.0200227074138689,0.0889316774406693
11.7030101268542,0,0.0664031592294417,0,11.7030101268542,0.0664031592294417,0.0664031592294417,0.0664031592294417,0.0318702419669784
7.36539602284415,0,-0.0247872150245361,0,7.36539602284415,-0.0247872150245361,-0.0247872150245361,-0.0247872150245361,0.114121672795408
9.34902839864339,0,-0.0319037471830898,0,9.34902839864339,-0.0319037471830898,-0.0319037471830898,-0.0319037471830898,0.0353702402159913
12.5616640281909,0,0.00441577973083164,0,12.5616640281909,0.00441577973083164,0.00441577973083164,0.00441577973083164,0.0138459086615911
14.389195342198,0,0.0514818793481831,0,14.389195342198,0.0514818793481831,0.0514818793481831,0.0514818793481831,0.112813117182012
10.8363107906744,0,-0.028098390818107,0,10.8363107906744,-0.028098390818107,-0.028098390818107,-0.028098390818107,0.071926050301895
11.7003583105711,0,-0.00186774348468509,0,11.7003583105711,-0.00186774348468509,-0.00186774348468509,-0.00186774348468509,0.00589871207554302
14.1717804897526,0,0.027255899623745,0,14.1717804897526,0.027255899623745,0.027255899623745,0.027255899623745,0.0438772018708798
10.4916049522311,0,0.0132463173032987,0,10.4916049522311,0.0132463173032987,0.0132463173032987,0.0132463173032987,0.0267192917518445
12.491172371433,0,0.00616174807970621,0,12.491172371433,0.00616174807970621,0.00616174807970621,0.00616174807970621,0.0405245193389735
31.4129223891295,0,-0.0481702543197104,0,31.4129223891295,-0.0481702543197104,-0.0481702543197104,-0.0481702543197104,0.04354801944707
23.3384346785706,0,0.0173424537425691,0,23.3384346785706,0.0173424537425691,0.0173424537425691,0.0173424537425691,0.0189266195413323
21.0471310356801,0,0.0617673658141888,0,21.0471310356801,0.0617673658141888,0.0617673658141888,0.0617673658141888,0.047052745863464
22.0025162092978,0,0.148833372639304,0,22.0025162092978,0.148833372639304,0.148833372639304,0.148833372639304,0.0966286283522948
142.027144302285,0,0.0480428181832702,0,142.027144302285,0.0480428181832702,0.0480428181832702,0.0480428181832702,0.0151652887885014
10.8384906759069,0,-0.00221059163205814,0,10.8384906759069,-0.00221059163205814,-0.00221059163205814,-0.00221059163205814,0.0251376149245104
15.3983817607889,0,0.00875331277188317,0,15.3983817607889,0.00875331277188317,0.00875331277188317,0.00875331277188317,0.0553131630412198
14.6925462604222,0,-0.00458452472707301,0,14.6925462604222,-0.00458452472707301,-0.00458452472707301,-0.00458452472707301,0.0444254697733256
8.14116878127968,0,0.0313541787643274,0,8.14116878127968,0.0313541787643274,0.0313541787643274,0.0313541787643274,0.0267464950236586
11.0161041029769,0,-0.0031766917676102,0,11.0161041029769,-0.0031766917676102,-0.0031766917676102,-0.0031766917676102,0.0522005254908412
12.612078023469,0,-0.0597088928688878,0,12.612078023469,-0.0597088928688878,-0.0597088928688878,-0.0597088928688878,0.0322576765582896
27.9381463268887,0,-0.0196646199066465,0,27.9381463268887,-0.0196646199066465,-0.0196646199066465,-0.0196646199066465,0.0266030945529787
28.4056044215739,0,-0.0234835133541325,0,28.4056044215739,-0.0234835133541325,-0.0234835133541325,-0.0234835133541325,0.0460235649191708
9.44659083119766,0,-0.0979355343768668,0,9.44659083119766,-0.0979355343768668,-0.0979355343768668,-0.0979355343768668,0.106984919191722
14.3373106913918,0,-0.0165868652445846,0,14.3373106913918,-0.0165868652445846,-0.0165868652445846,-0.0165868652445846,0.0475684856482902
27.5154326429576,0,-0.0737687512894777,0,27.5154326429576,-0.0737687512894777,-0.0737687512894777,-0.0737687512894777,0.0411313926107423
NA,NA,NA,NA,NA,NA,NA,NA,NA
3.48138260502119,0,-0.0431716232209931,0,3.48138260502119,-0.0431716232209931,-0.0431716232209931,-0.0431716232209931,0.0321818721032191
5.59197431763262,0,-0.0578220526680145,0,5.59197431763262,-0.0578220526680145,-0.0578220526680145,-0.0578220526680145,0.0290843221745671
7.10118523761685,0,-0.0285278978712163,0,7.10118523761685,-0.0285278978712163,-0.0285278978712163,-0.0285278978712163,0.0595492352872805
8.39406695268219,0,0.0167837864563465,0,8.39406695268219,0.0167837864563465,0.0167837864563465,0.0167837864563465,0.0322473662392579
6.68163411954067,0,0.0399525800720857,0,6.68163411954067,0.0399525800720857,0.0399525800720857,0.0399525800720857,0.0632642521725607
10.9419857642508,0,-0.0876235523401562,0,10.9419857642508,-0.0876235523401562,-0.0876235523401562,-0.0876235523401562,0.0336377588977628
9.567453602661,0,-0.0130573193727359,0,9.567453602661,-0.0130573193727359,-0.0130573193727359,-0.0130573193727359,0.0264340771076804
9.56764954052794,0,-0.00578932875863998,0,9.56764954052794,-0.00578932875863998,-0.00578932875863998,-0.00578932875863998,0.0288617279537588
9.58796747981615,0,0.00725905880614161,0,9.58796747981615,0.00725905880614161,0.00725905880614161,0.00725905880614161,0.0422687684348916
10.3415882006709,0,-0.0979591311963027,0,10.3415882006709,-0.0979591311963027,-0.0979591311963027,-0.0979591311963027,0.0379022425227411
9.03381024943225,0,-0.0258591277728825,0,9.03381024943225,-0.0258591277728825,-0.0258591277728825,-0.0258591277728825,0.0210013285642308
7.292171244769,0,0.0214216184583366,0,7.292171244769,0.0214216184583366,0.0214216184583366,0.0214216184583366,0.00787016036700002
10.6567948708008,0,0.0203455428827325,0,10.6567948708008,0.0203455428827325,0.0203455428827325,0.0203455428827325,0.0367174068081082
15.83958844307,0,0.0399832495665445,0,15.83958844307,0.0399832495665445,0.0399832495665445,0.0399832495665445,0.0130470310288665
17.7014293147066,0,0.0234372077444364,0,17.7014293147066,0.0234372077444364,0.0234372077444364,0.0234372077444364,0.0323786122878216
16.016217440795,0,-0.00369944404825601,0,16.016217440795,-0.00369944404825601,-0.00369944404825601,-0.00369944404825601,0.0376637682579198
13.5036026382197,0,0.0260526179813793,0,13.5036026382197,0.0260526179813793,0.0260526179813793,0.0260526179813793,0.0175137052055195
13.9836050997556,0,-0.0596374353307077,0,13.9836050997556,-0.0596374353307077,-0.0596374353307077,-0.0596374353307077,0.0260159424457815
11.3110693140974,0,0.00982781565554414,0,11.3110693140974,0.00982781565554414,0.00982781565554414,0.00982781565554414,0.0152975413868066
20.6083384757102,0,-0.0196913974375486,0,20.6083384757102,-0.0196913974375486,-0.0196913974375486,-0.0196913974375486,0.0564075951702511
12.3671082351961,0,0.0210231372322994,0,12.3671082351961,0.0210231372322994,0.0210231372322994,0.0210231372322994,0.0160828742749283
12.3654554745313,0,-0.0686880413546458,0,12.3654554745313,-0.0686880413546458,-0.0686880413546458,-0.0686880413546458,0.0513325050706189
19.2556223171704,0,0.0285945738844167,0,19.2556223171704,0.0285945738844167,0.0285945738844167,0.0285945738844167,0.0139726523520546
34.7312424253189,0,0.00360906084633839,0,34.7312424253189,0.00360906084633839,0.00360906084633839,0.00360906084633839,0.017575833019559
54.7209102152747,0,0.0196726221291343,0,54.7209102152747,0.0196726221291343,0.0196726221291343,0.0196726221291343,0.0109274670854921
14.729212643584,0,-0.0296594096014818,0,14.729212643584,-0.0296594096014818,-0.0296594096014818,-0.0296594096014818,0.0438275771773769
8.22166390729103,0,0.0200227074138689,0,8.22166390729103,0.0200227074138689,0.0200227074138689,0.0200227074138689,0.0889316774406693
11.7030101268542,0,0.0664031592294417,0,11.7030101268542,0.0664031592294417,0.0664031592294417,0.0664031592294417,0.0318702419669784
7.36539602284415,0,-0.0247872150245361,0,7.36539602284415,-0.0247872150245361,-0.0247872150245361,-0.0247872150245361,0.114121672795408
9.34902839864339,0,-0.0319037471830898,0,9.34902839864339,-0.0319037471830898,-0.0319037471830898,-0.0319037471830898,0.0353702402159913
12.5616640281909,0,0.00441577973083164,0,12.5616640281909,0.00441577973083164,0.00441577973083164,0.00441577973083164,0.0138459086615911
14.389195342198,0,0.0514818793481831,0,14.389195342198,0.0514818793481831,0.0514818793481831,0.0514818793481831,0.112813117182012
10.8363107906744,0,-0.028098390818107,0,10.8363107906744,-0.028098390818107,-0.028098390818107,-0.028098390818107,0.071926050301895
11.7003583105711,0,-0.00186774348468509,0,11.7003583105711,-0.00186774348468509,-0.00186774348468509,-0.00186774348468509,0.00589871207554302
14.1717804897526,0,0.027255899623745,0,14.1717804897526,0.027255899623745,0.027255899623745,0.027255899623745,0.0438772018708798
10.4916049522311,0,0.0132463173032987,0,10.4916049522311,0.0132463173032987,0.0132463173032987,0.0132463173032987,0.0267192917518445
12.491172371433,0,0.00616174807970621,0,12.491172371433,0.00616174807970621,0.00616174807970621,0.00616174807970621,0.0405245193389735
31.4129223891295,0,-0.0481702543197104,0,31.4129223891295,-0.0481702543197104,-0.0481702543197104,-0.0481702543197104,0.04354801944707
23.3384346785706,0,0.0173424537425691,0,23.3384346785706,0.0173424537425691,0.0173424537425691,0.0173424537425691,0.0189266195413323
21.0471310356801,0,0.0617673658141888,0,21.0471310356801,0.0617673658141888,0.0617673658141888,0.0617673658141888,0.047052745863464
22.0025162092978,0,0.148833372639304,0,22.0025162092978,0.148833372639304,0.148833372639304,0.148833372639304,0.0966286283522948
142.027144302285,0,0.0480428181832702,0,142.027144302285,0.0480428181832702,0.0480428181832702,0.0480428181832702,0.0151652887885014
10.8384906759069,0,-0.00221059163205814,0,10.8384906759069,-0.00221059163205814,-0.00221059163205814,-0.00221059163205814,0.0251376149245104
15.3983817607889,0,0.00875331277188317,0,15.3983817607889,0.00875331277188317,0.00875331277188317,0.00875331277188317,0.0553131630412198
14.6925462604222,0,-0.00458452472707301,0,14.6925462604222,-0.00458452472707301,-0.00458452472707301,-0.00458452472707301,0.0444254697733256
8.14116878127968,0,0.0313541787643274,0,8.14116878127968,0.0313541787643274,0.0313541787643274,0.0313541787643274,0.0267464950236586
11.0161041029769,0,-0.0031766917676102,0,11.0161041029769,-0.0031766917676102,-0.0031766917676102,-0.0031766917676102,0.0522005254908412
12.612078023469,0,-0.0597088928688878,0,12.612078023469,-0.0597088928688878,-0.0597088928688878,-0.0597088928688878,0.0322576765582896
27.9381463268887,0,-0.0196646199066465,0,27.9381463268887,-0.0196646199066465,-0.0196646199066465,-0.0196646199066465,0.0266030945529787
28.4056044215739,0,-0.0234835133541325,0,28.4056044215739,-0.0234835133541325,-0.0234835133541325,-0.0234835133541325,0.0460235649191708
9.44659083119766,0,-0.0979355343768668,0,9.44659083119766,-0.0979355343768668,-0.0979355343768668,-0.0979355343768668,0.106984919191722
14.3373106913918,0,-0.0165868652445846,0,14.3373106913918,-0.0165868652445846,-0.0165868652445846,-0.0165868652445846,0.0475684856482902
27.5154326429576,0,-0.0737687512894777,0,27.5154326429576,-0.0737687512894777,-0.0737687512894777,-0.0737687512894777,0.0411313926107423
NA,NA,NA,NA,NA,NA,NA,NA,NA
3.48138260502119,0,-0.0431716232209931,0,3.48138260502119,-0.0431716232209931,-0.0431716232209931,-0.0431716232209931,0.0321818721032191
5.59197431763262,0,-0.0578220526680145,0,5.59197431763262,-0.0578220526680145,-0.0578220526680145,-0.0578220526680145,0.0290843221745671
7.10118523761685,0,-0.0285278978712163,0,7.10118523761685,-0.0285278978712163,-0.0285278978712163,-0.0285278978712163,0.0595492352872805
8.39406695268219,0,0.0167837864563465,0,8.39406695268219,0.0167837864563465,0.0167837864563465,0.0167837864563465,0.0322473662392579
6.68163411954067,0,0.0399525800720857,0,6.68163411954067,0.0399525800720857,0.0399525800720857,0.0399525800720857,0.0632642521725607
10.9419857642508,0,-0.0876235523401562,0,10.9419857642508,-0.0876235523401562,-0.0876235523401562,-0.0876235523401562,0.0336377588977628
9.567453602661,0,-0.0130573193727359,0,9.567453602661,-0.0130573193727359,-0.0130573193727359,-0.0130573193727359,0.0264340771076804
9.56764954052794,0,-0.00578932875863998,0,9.56764954052794,-0.00578932875863998,-0.00578932875863998,-0.00578932875863998,0.0288617279537588
9.58796747981615,0,0.00725905880614161,0,9.58796747981615,0.00725905880614161,0.00725905880614161,0.00725905880614161,0.0422687684348916
10.3415882006709,0,-0.0979591311963027,0,10.3415882006709,-0.0979591311963027,-0.0979591311963027,-0.0979591311963027,0.0379022425227411
9.03381024943225,0,-0.0258591277728825,0,9.03381024943225,-0.0258591277728825,-0.0258591277728825,-0.0258591277728825,0.0210013285642308
7.292171244769,0,0.0214216184583366,0,7.292171244769,0.0214216184583366,0.0214216184583366,0.0214216184583366,0.00787016036700002
10.6567948708008,0,0.0203455428827325,0,10.6567948708008,0.0203455428827325,0.0203455428827325,0.0203455428827325,0.0367174068081082
15.83958844307,0,0.0399832495665445,0,15.83958844307,0.0399832495665445,0.0399832495665445,0.0399832495665445,0.0130470310288665
17.7014293147066,0,0.0234372077444364,0,17.7014293147066,0.0234372077444364,0.0234372077444364,0.0234372077444364,0.0323786122878216
16.016217440795,0,-0.00369944404825601,0,16.016217440795,-0.00369944404825601,-0.00369944404825601,-0.00369944404825601,0.0376637682579198
13.5036026382197,0,0.0260526179813793,0,13.5036026382197,0.0260526179813793,0.0260526179813793,0.0260526179813793,0.0175137052055195
13.9836050997556,0,-0.0596374353307077,0,13.9836050997556,-0.0596374353307077,-0.0596374353307077,-0.0596374353307077,0.0260159424457815
11.3110693140974,0,0.00982781565554414,0,11.3110693140974,0.00982781565554414,0.00982781565554414,0.00982781565554414,0.0152975413868066
20.6083384757102,0,-0.0196913974375486,0,20.6083384757102,-0.0196913974375486,-0.0196913974375486,-0.0196913974375486,0.0564075951702511
12.3671082351961,0,0.0210231372322994,0,12.3671082351961,0.0210231372322994,0.0210231372322994,0.0210231372322994,0.0160828742749283
12.3654554745313,0,-0.0686880413546458,0,12.3654554745313,-0.0686880413546458,-0.0686880413546458,-0.0686880413546458,0.0513325050706189
19.2556223171704,0,0.0285945738844167,0,19.2556223171704,0.0285945738844167,0.0285945738844167,0.0285945738844167,0.0139726523520546
34.7312424253189,0,0.00360906084633839,0,34.7312424253189,0.00360906084633839,0.00360906084633839,0.00360906084633839,0.017575833019559
54.7209102152747,0,0.0196726221291343,0,54.7209102152747,0.0196726221291343,0.0196726221291343,0.0196726221291343,0.0109274670854921
14.729212643584,0,-0.0296594096014818,0,14.729212643584,-0.0296594096014818,-0.0296594096014818,-0.0296594096014818,0.0438275771773769
8.22166390729103,0,0.0200227074138689,0,8.22166390729103,0.0200227074138689,0.0200227074138689,0.0200227074138689,0.0889316774406693
11.7030101268542,0,0.0664031592294417,0,11.7030101268542,0.0664031592294417,0.0664031592294417,0.0664031592294417,0.0318702419669784
7.36539602284415,0,-0.0247872150245361,0,7.36539602284415,-0.0247872150245361,-0.0247872150245361,-0.0247872150245361,0.114121672795408
9.34902839864339,0,-0.0319037471830898,0,9.34902839864339,-0.0319037471830898,-0.0319037471830898,-0.0319037471830898,0.0353702402159913
12.5616640281909,0,0.00441577973083164,0,12.5616640281909,0.00441577973083164,0.00441577973083164,0.00441577973083164,0.0138459086615911
14.389195342198,0,0.0514818793481831,0,14.389195342198,0.0514818793481831,0.0514818793481831,0.0514818793481831,0.112813117182012
10.8363107906744,0,-0.028098390818107,0,10.8363107906744,-0.028098390818107,-0.028098390818107,-0.028098390818107,0.071926050301895
11.7003583105711,0,-0.00186774348468509,0,11.7003583105711,-0.00186774348468509,-0.00186774348468509,-0.00186774348468509,0.00589871207554302
14.1717804897526,0,0.027255899623745,0,14.1717804897526,0.027255899623745,0.027255899623745,0.027255899623745,0.0438772018708798
10.4916049522311,0,0.0132463173032987,0,10.4916049522311,0.0132463173032987,0.0132463173032987,0.0132463173032987,0.0267192917518445
12.491172371433,0,0.00616174807970621,0,12.491172371433,0.00616174807970621,0.00616174807970621,0.00616174807970621,0.0405245193389735
31.4129223891295,0,-0.0481702543197104,0,31.4129223891295,-0.0481702543197104,-0.0481702543197104,-0.0481702543197104,0.04354801944707
23.3384346785706,0,0.0173424537425691,0,23.3384346785706,0.0173424537425691,0.0173424537425691,0.0173424537425691,0.0189266195413323
21.0471310356801,0,0.0617673658141888,0,21.0471310356801,0.0617673658141888,0.0617673658141888,0.0617673658141888,0.047052745863464
22.0025162092978,0,0.148833372639304,0,22.0025162092978,0.148833372639304,0.148833372639304,0.148833372639304,0.0966286283522948
142.027144302285,0,0.0480428181832702,0,142.027144302285,0.0480428181832702,0.0480428181832702,0.0480428181832702,0.0151652887885014
10.8384906759069,0,-0.00221059163205814,0,10.8384906759069,-0.00221059163205814,-0.00221059163205814,-0.00221059163205814,0.0251376149245104
15.3983817607889,0,0.00875331277188317,0,15.3983817607889,0.00875331277188317,0.00875331277188317,0.00875331277188317,0.0553131630412198
14.6925462604222,0,-0.00458452472707301,0,14.6925462604222,-0.00458452472707301,-0.00458452472707301,-0.00458452472707301,0.0444254697733256
8.14116878127968,0,0.0313541787643274,0,8.14116878127968,0.0313541787643274,0.0313541787643274,0.0313541787643274,0.0267464950236586
11.0161041029769,0,-0.0031766917676102,0,11.0161041029769,-0.0031766917676102,-0.0031766917676102,-0.0031766917676102,0.0522005254908412
12.612078023469,0,-0.0597088928688878,0,12.612078023469,-0.0597088928688878,-0.0597088928688878,-0.0597088928688878,0.0322576765582896
27.9381463268887,0,-0.0196646199066465,0,27.9381463268887,-0.0196646199066465,-0.0196646199066465,-0.0196646199066465,0.0266030945529787
28.4056044215739,0,-0.0234835133541325,0,28.4056044215739,-0.0234835133541325,-0.0234835133541325,-0.0234835133541325,0.0460235649191708
9.44659083119766,0,-0.0979355343768668,0,9.44659083119766,-0.0979355343768668,-0.0979355343768668,-0.0979355343768668,0.106984919191722
14.3373106913918,0,-0.0165868652445846,0,14.3373106913918,-0.0165868652445846,-0.0165868652445846,-0.0165868652445846,0.0475684856482902
27.5154326429576,0,-0.0737687512894777,0,27.5154326429576,-0.0737687512894777,-0.0737687512894777,-0.0737687512894777,0.0411313926107423
NA,NA,NA,NA,NA,NA,NA,NA,NA
3.48138260502119,0,-0.0431716232209931,0,3.48138260502119,-0.0431716232209931,-0.0431716232209931,-0.0431716232209931,0.0321818721032191
5.59197431763262,0,-0.0578220526680145,0,5.59197431763262,-0.0578220526680145,-0.0578220526680145,-0.0578220526680145,0.0290843221745671
7.10118523761685,0,-0.0285278978712163,0,7.10118523761685,-0.0285278978712163,-0.0285278978712163,-0.0285278978712163,0.0595492352872805
8.39406695268219,0,0.0167837864563465,0,8.39406695268219,0.0167837864563465,0.0167837864563465,0.0167837864563465,0.0322473662392579
6.68163411954067,0,0.0399525800720857,0,6.68163411954067,0.0399525800720857,0.0399525800720857,0.0399525800720857,0.0632642521725607
10.9419857642508,0,-0.0876235523401562,0,10.9419857642508,-0.0876235523401562,-0.0876235523401562,-0.0876235523401562,0.0336377588977628
9.567453602661,0,-0.0130573193727359,0,9.567453602661,-0.0130573193727359,-0.0130573193727359,-0.0130573193727359,0.0264340771076804
9.56764954052794,0,-0.00578932875863998,0,9.56764954052794,-0.00578932875863998,-0.00578932875863998,-0.00578932875863998,0.0288617279537588
9.58796747981615,0,0.00725905880614161,0,9.58796747981615,0.00725905880614161,0.00725905880614161,0.00725905880614161,0.0422687684348916
10.3415882006709,0,-0.0979591311963027,0,10.3415882006709,-0.0979591311963027,-0.0979591311963027,-0.0979591311963027,0.0379022425227411
9.03381024943225,0,-0.0258591277728825,0,9.03381024943225,-0.0258591277728825,-0.0258591277728825,-0.0258591277728825,0.0210013285642308
7.292171244769,0,0.0214216184583366,0,7.292171244769,0.0214216184583366,0.0214216184583366,0.0214216184583366,0.00787016036700002
10.6567948708008,0,0.0203455428827325,0,10.6567948708008,0.0203455428827325,0.0203455428827325,0.0203455428827325,0.0367174068081082
15.83958844307,0,0.0399832495665445,0,15.83958844307,0.0399832495665445,0.0399832495665445,0.0399832495665445,0.0130470310288665
17.7014293147066,0,0.0234372077444364,0,17.7014293147066,0.0234372077444364,0.0234372077444364,0.0234372077444364,0.0323786122878216
16.016217440795,0,-0.00369944404825601,0,16.016217440795,-0.00369944404825601,-0.00369944404825601,-0.00369944404825601,0.0376637682579198
13.5036026382197,0,0.0260526179813793,0,13.5036026382197,0.0260526179813793,0.0260526179813793,0.0260526179813793,0.0175137052055195
13.9836050997556,0,-0.0596374353307077,0,13.9836050997556,-0.0596374353307077,-0.0596374353307077,-0.0596374353307077,0.0260159424457815
11.3110693140974,0,0.00982781565554414,0,11.3110693140974,0.00982781565554414,0.00982781565554414,0.00982781565554414,0.0152975413868066
20.6083384757102,0,-0.0196913974375486,0,20.6083384757102,-0.0196913974375486,-0.0196913974375486,-0.0196913974375486,0.0564075951702511
12.3671082351961,0,0.0210231372322994,0,12.3671082351961,0.0210231372322994,0.0210231372322994,0.0210231372322994,0.0160828742749283
12.3654554745313,0,-0.0686880413546458,0,12.3654554745313,-0.0686880413546458,-0.0686880413546458,-0.0686880413546458,0.0513325050706189
19.2556223171704,0,0.0285945738844167,0,19.2556223171704,0.0285945738844167,0.0285945738844167,0.0285945738844167,0.0139726523520546
34.7312424253189,0,0.00360906084633839,0,34.7312424253189,0.00360906084633839,0.00360906084633839,0.00360906084633839,0.017575833019559
54.7209102152747,0,0.0196726221291343,0,54.7209102152747,0.0196726221291343,0.0196726221291343,0.0196726221291343,0.0109274670854921
14.729212643584,0,-0.0296594096014818,0,14.729212643584,-0.0296594096014818,-0.0296594096014818,-0.0296594096014818,0.0438275771773769
8.22166390729103,0,0.0200227074138689,0,8.22166390729103,0.0200227074138689,0.0200227074138689,0.0200227074138689,0.0889316774406693
11.7030101268542,0,0.0664031592294417,0,11.7030101268542,0.0664031592294417,0.0664031592294417,0.0664031592294417,0.0318702419669784
7.36539602284415,0,-0.0247872150245361,0,7.36539602284415,-0.0247872150245361,-0.0247872150245361,-0.0247872150245361,0.114121672795408
9.34902839864339,0,-0.0319037471830898,0,9.34902839864339,-0.0319037471830898,-0.0319037471830898,-0.0319037471830898,0.0353702402159913
12.5616640281909,0,0.00441577973083164,0,12.5616640281909,0.00441577973083164,0.00441577973083164,0.00441577973083164,0.0138459086615911
14.389195342198,0,0.0514818793481831,0,14.389195342198,0.0514818793481831,0.0514818793481831,0.0514818793481831,0.112813117182012
10.8363107906744,0,-0.028098390818107,0,10.8363107906744,-0.028098390818107,-0.028098390818107,-0.028098390818107,0.071926050301895
11.7003583105711,0,-0.00186774348468509,0,11.7003583105711,-0.00186774348468509,-0.00186774348468509,-0.00186774348468509,0.00589871207554302
14.1717804897526,0,0.027255899623745,0,14.1717804897526,0.027255899623745,0.027255899623745,0.027255899623745,0.0438772018708798
10.4916049522311,0,0.0132463173032987,0,10.4916049522311,0.0132463173032987,0.0132463173032987,0.0132463173032987,0.0267192917518445
12.491172371433,0,0.00616174807970621,0,12.491172371433,0.00616174807970621,0.00616174807970621,0.00616174807970621,0.0405245193389735
31.4129223891295,0,-0.0481702543197104,0,31.4129223891295,-0.0481702543197104,-0.0481702543197104,-0.0481702543197104,0.04354801944707
23.3384346785706,0,0.0173424537425691,0,23.3384346785706,0.0173424537425691,0.0173424537425691,0.0173424537425691,0.0189266195413323
21.0471310356801,0,0.0617673658141888,0,21.0471310356801,0.0617673658141888,0.0617673658141888,0.0617673658141888,0.047052745863464
22.0025162092978,0,0.148833372639304,0,22.0025162092978,0.148833372639304,0.148833372639304,0.148833372639304,0.0966286283522948
142.027144302285,0,0.0480428181832702,0,142.027144302285,0.0480428181832702,0.0480428181832702,0.0480428181832702,0.0151652887885014
10.8384906759069,0,-0.00221059163205814,0,10.8384906759069,-0.00221059163205814,-0.00221059163205814,-0.00221059163205814,0.0251376149245104
15.3983817607889,0,0.00875331277188317,0,15.3983817607889,0.00875331277188317,0.00875331277188317,0.00875331277188317,0.0553131630412198
14.6925462604222,0,-0.00458452472707301,0,14.6925462604222,-0.00458452472707301,-0.00458452472707301,-0.00458452472707301,0.0444254697733256
8.14116878127968,0,0.0313541787643274,0,8.14116878127968,0.0313541787643274,0.0313541787643274,0.0313541787643274,0.0267464950236586
11.0161041029769,0,-0.0031766917676102,0,11.0161041029769,-0.0031766917676102,-0.0031766917676102,-0.0031766917676102,0.0522005254908412
12.612078023469,0,-0.0597088928688878,0,12.612078023469,-0.0597088928688878,-0.0597088928688878,-0.0597088928688878,0.0322576765582896
27.9381463268887,0,-0.0196646199066465,0,27.9381463268887,-0.0196646199066465,-0.0196646199066465,-0.0196646199066465,0.0266030945529787
28.4056044215739,0,-0.0234835133541325,0,28.4056044215739,-0.0234835133541325,-0.0234835133541325,-0.0234835133541325,0.0460235649191708
9.44659083119766,0,-0.0979355343768668,0,9.44659083119766,-0.0979355343768668,-0.0979355343768668,-0.0979355343768668,0.106984919191722
14.3373106913918,0,-0.0165868652445846,0,14.3373106913918,-0.0165868652445846,-0.0165868652445846,-0.0165868652445846,0.0475684856482902
NA,NA,NA,NA,NA,NA,NA,NA,NA
3.48138260502119,0,-0.0431716232209931,0,3.48138260502119,-0.0431716232209931,-0.0431716232209931,-0.0431716232209931,0.0321818721032191
5.59197431763262,0,-0.0578220526680145,0,5.59197431763262,-0.0578220526680145,-0.0578220526680145,-0.0578220526680145,0.0290843221745671
7.10118523761685,0,-0.0285278978712163,0,7.10118523761685,-0.0285278978712163,-0.0285278978712163,-0.0285278978712163,0.0595492352872805
8.39406695268219,0,0.0167837864563465,0,8.39406695268219,0.0167837864563465,0.0167837864563465,0.0167837864563465,0.0322473662392579
6.68163411954067,0,0.0399525800720857,0,6.68163411954067,0.0399525800720857,0.0399525800720857,0.0399525800720857,0.0632642521725607
10.9419857642508,0,-0.0876235523401562,0,10.9419857642508,-0.0876235523401562,-0.0876235523401562,-0.0876235523401562,0.0336377588977628
9.567453602661,0,-0.0130573193727359,0,9.567453602661,-0.0130573193727359,-0.0130573193727359,-0.0130573193727359,0.0264340771076804
9.56764954052794,0,-0.00578932875863998,0,9.56764954052794,-0.00578932875863998,-0.00578932875863998,-0.00578932875863998,0.0288617279537588
9.58796747981615,0,0.00725905880614161,0,9.58796747981615,0.00725905880614161,0.00725905880614161,0.00725905880614161,0.0422687684348916
10.3415882006709,0,-0.0979591311963027,0,10.3415882006709,-0.0979591311963027,-0.0979591311963027,-0.0979591311963027,0.0379022425227411
9.03381024943225,0,-0.0258591277728825,0,9.03381024943225,-0.0258591277728825,-0.0258591277728825,-0.0258591277728825,0.0210013285642308
7.292171244769,0,0.0214216184583366,0,7.292171244769,0.0214216184583366,0.0214216184583366,0.0214216184583366,0.00787016036700002
10.6567948708008,0,0.0203455428827325,0,10.6567948708008,0.0203455428827325,0.0203455428827325,0.0203455428827325,0.0367174068081082
15.83958844307,0,0.0399832495665445,0,15.83958844307,0.0399832495665445,0.0399832495665445,0.0399832495665445,0.0130470310288665
17.7014293147066,0,0.0234372077444364,0,17.7014293147066,0.0234372077444364,0.0234372077444364,0.0234372077444364,0.0323786122878216
16.016217440795,0,-0.00369944404825601,0,16.016217440795,-0.00369944404825601,-0.00369944404825601,-0.00369944404825601,0.0376637682579198
13.5036026382197,0,0.0260526179813793,0,13.5036026382197,0.0260526179813793,0.0260526179813793,0.0260526179813793,0.0175137052055195
13.9836050997556,0,-0.0596374353307077,0,13.9836050997556,-0.0596374353307077,-0.0596374353307077,-0.0596374353307077,0.0260159424457815
11.3110693140974,0,0.00982781565554414,0,11.3110693140974,0.00982781565554414,0.00982781565554414,0.00982781565554414,0.0152975413868066
20.6083384757102,0,-0.0196913974375486,0,20.6083384757102,-0.0196913974375486,-0.0196913974375486,-0.0196913974375486,0.0564075951702511
12.3671082351961,0,0.0210231372322994,0,12.3671082351961,0.0210231372322994,0.0210231372322994,0.0210231372322994,0.0160828742749283
12.3654554745313,0,-0.0686880413546458,0,12.3654554745313,-0.0686880413546458,-0.0686880413546458,-0.0686880413546458,0.0513325050706189
19.2556223171704,0,0.0285945738844167,0,19.2556223171704,0.0285945738844167,0.0285945738844167,0.0285945738844167,0.0139726523520546
34.7312424253189,0,0.00360906084633839,0,34.7312424253189,0.00360906084633839,0.00360906084633839,0.00360906084633839,0.017575833019559
54.7209102152747,0,0.0196726221291343,0,54.7209102152747,0.0196726221291343,0.0196726221291343,0.0196726221291343,0.0109274670854921
14.729212643584,0,-0.0296594096014818,0,14.729212643584,-0.0296594096014818,-0.0296594096014818,-0.0296594096014818,0.0438275771773769
8.22166390729103,0,0.0200227074138689,0,8.22166390729103,0.0200227074138689,0.0200227074138689,0.0200227074138689,0.0889316774406693
11.7030101268542,0,0.0664031592294417,0,11.7030101268542,0.0664031592294417,0.0664031592294417,0.0664031592294417,0.0318702419669784
7.36539602284415,0,-0.0247872150245361,0,7.36539602284415,-0.0247872150245361,-0.0247872150245361,-0.0247872150245361,0.114121672795408
9.34902839864339,0,-0.0319037471830898,0,9.34902839864339,-0.0319037471830898,-0.0319037471830898,-0.0319037471830898,0.0353702402159913
12.5616640281909,0,0.00441577973083164,0,12.5616640281909,0.00441577973083164,0.00441577973083164,0.00441577973083164,0.0138459086615911
14.389195342198,0,0.0514818793481831,0,14.389195342198,0.0514818793481831,0.0514818793481831,0.0514818793481831,0.112813117182012
10.8363107906744,0,-0.028098390818107,0,10.8363107906744,-0.028098390818107,-0.028098390818107,-0.028098390818107,0.071926050301895
11.7003583105711,0,-0.00186774348468509,0,11.7003583105711,-0.00186774348468509,-0.00186774348468509,-0.00186774348468509,0.00589871207554302
14.1717804897526,0,0.027255899623745,0,14.1717804897526,0.027255899623745,0.027255899623745,0.027255899623745,0.0438772018708798
10.4916049522311,0,0.0132463173032987,0,10.4916049522311,0.0132463173032987,0.0132463173032987,0.0132463173032987,0.0267192917518445
12.491172371433,0,0.00616174807970621,0,12.491172371433,0.00616174807970621,0.00616174807970621,0.00616174807970621,0.0405245193389735
31.4129223891295,0,-0.0481702543197104,0,31.4129223891295,-0.0481702543197104,-0.0481702543197104,-0.0481702543197104,0.04354801944707
23.3384346785706,0,0.0173424537425691,0,23.3384346785706,0.0173424537425691,0.0173424537425691,0.0173424537425691,0.0189266195413323
21.0471310356801,0,0.0617673658141888,0,21.0471310356801,0.0617673658141888,0.0617673658141888,0.0617673658141888,0.047052745863464
22.0025162092978,0,0.148833372639304,0,22.0025162092978,0.148833372639304,0.148833372639304,0.148833372639304,0.0966286283522948
142.027144302285,0,0.0480428181832702,0,142.027144302285,0.0480428181832702,0.0480428181832702,0.0480428181832702,0.0151652887885014
10.8384906759069,0,-0.00221059163205814,0,10.8384906759069,-0.00221059163205814,-0.00221059163205814,-0.00221059163205814,0.0251376149245104
15.3983817607889,0,0.00875331277188317,0,15.3983817607889,0.00875331277188317,0.00875331277188317,0.00875331277188317,0.0553131630412198
14.6925462604222,0,-0.00458452472707301,0,14.6925462604222,-0.00458452472707301,-0.00458452472707301,-0.00458452472707301,0.0444254697733256
8.14116878127968,0,0.0313541787643274,0,8.14116878127968,0.0313541787643274,0.0313541787643274,0.0313541787643274,0.0267464950236586
11.0161041029769,0,-0.0031766917676102,0,11.0161041029769,-0.0031766917676102,-0.0031766917676102,-0.0031766917676102,0.0522005254908412
12.612078023469,0,-0.0597088928688878,0,12.612078023469,-0.0597088928688878,-0.0597088928688878,-0.0597088928688878,0.0322576765582896
27.9381463268887,0,-0.0196646199066465,0,27.9381463268887,-0.0196646199066465,-0.0196646199066465,-0.0196646199066465,0.0266030945529787
28.4056044215739,0,-0.0234835133541325,0,28.4056044215739,-0.0234835133541325,-0.0234835133541325,-0.0234835133541325,0.0460235649191708
9.44659083119766,0,-0.0979355343768668,0,9.44659083119766,-0.0979355343768668,-0.0979355343768668,-0.0979355343768668,0.106984919191722
14.3373106913918,0,-0.0165868652445846,0,14.3373106913918,-0.0165868652445846,-0.0165868652445846,-0.0165868652445846,0.0475684856482902
NA,NA,NA,NA,NA,NA,NA,NA,NA
3.48138260502119,0,-0.0431716232209931,0,3.48138260502119,-0.0431716232209931,-0.0431716232209931,-0.0431716232209931,0.0321818721032191
5.59197431763262,0,-0.0578220526680145,0,5.59197431763262,-0.0578220526680145,-0.0578220526680145,-0.0578220526680145,0.0290843221745671
7.10118523761685,0,-0.0285278978712163,0,7.10118523761685,-0.0285278978712163,-0.0285278978712163,-0.0285278978712163,0.0595492352872805
8.39406695268219,0,0.0167837864563465,0,8.39406695268219,0.0167837864563465,0.0167837864563465,0.0167837864563465,0.0322473662392579
6.68163411954067,0,0.0399525800720857,0,6.68163411954067,0.0399525800720857,0.0399525800720857,0.0399525800720857,0.0632642521725607
10.9419857642508,0,-0.0876235523401562,0,10.9419857642508,-0.0876235523401562,-0.0876235523401562,-0.0876235523401562,0.0336377588977628
9.567453602661,0,-0.0130573193727359,0,9.567453602661,-0.0130573193727359,-0.0130573193727359,-0.0130573193727359,0.0264340771076804
9.56764954052794,0,-0.00578932875863998,0,9.56764954052794,-0.00578932875863998,-0.00578932875863998,-0.00578932875863998,0.0288617279537588
9.58796747981615,0,0.00725905880614161,0,9.58796747981615,0.00725905880614161,0.00725905880614161,0.00725905880614161,0.0422687684348916
10.3415882006709,0,-0.0979591311963027,0,10.3415882006709,-0.0979591311963027,-0.0979591311963027,-0.0979591311963027,0.0379022425227411
9.03381024943225,0,-0.0258591277728825,0,9.03381024943225,-0.0258591277728825,-0.0258591277728825,-0.0258591277728825,0.0210013285642308
7.292171244769,0,0.0214216184583366,0,7.292171244769,0.0214216184583366,0.0214216184583366,0.0214216184583366,0.00787016036700002
10.6567948708008,0,0.0203455428827325,0,10.6567948708008,0.0203455428827325,0.0203455428827325,0.0203455428827325,0.0367174068081082
15.83958844307,0,0.0399832495665445,0,15.83958844307,0.0399832495665445,0.0399832495665445,0.0399832495665445,0.0130470310288665
17.7014293147066,0,0.0234372077444364,0,17.7014293147066,0.0234372077444364,0.0234372077444364,0.0234372077444364,0.0323786122878216
16.016217440795,0,-0.00369944404825601,0,16.016217440795,-0.00369944404825601,-0.00369944404825601,-0.00369944404825601,0.0376637682579198
13.5036026382197,0,0.0260526179813793,0,13.5036026382197,0.0260526179813793,0.0260526179813793,0.0260526179813793,0.0175137052055195
13.9836050997556,0,-0.0596374353307077,0,13.9836050997556,-0.0596374353307077,-0.0596374353307077,-0.0596374353307077,0.0260159424457815
11.3110693140974,0,0.00982781565554414,0,11.3110693140974,0.00982781565554414,0.00982781565554414,0.00982781565554414,0.0152975413868066
20.6083384757102,0,-0.0196913974375486,0,20.6083384757102,-0.0196913974375486,-0.0196913974375486,-0.0196913974375486,0.0564075951702511
12.3671082351961,0,0.0210231372322994,0,12.3671082351961,0.0210231372322994,0.0210231372322994,0.0210231372322994,0.0160828742749283
12.3654554745313,0,-0.0686880413546458,0,12.3654554745313,-0.0686880413546458,-0.0686880413546458,-0.0686880413546458,0.0513325050706189
19.2556223171704,0,0.0285945738844167,0,19.2556223171704,0.0285945738844167,0.0285945738844167,0.0285945738844167,0.0139726523520546
34.7312424253189,0,0.00360906084633839,0,34.7312424253189,0.00360906084633839,0.00360906084633839,0.00360906084633839,0.017575833019559
54.7209102152747,0,0.0196726221291343,0,54.7209102152747,0.0196726221291343,0.0196726221291343,0.0196726221291343,0.0109274670854921
14.729212643584,0,-0.0296594096014818,0,14.729212643584,-0.0296594096014818,-0.0296594096014818,-0.0296594096014818,0.0438275771773769
8.22166390729103,0,0.0200227074138689,0,8.22166390729103,0.0200227074138689,0.0200227074138689,0.0200227074138689,0.0889316774406693
11.7030101268542,0,0.0664031592294417,0,11.7030101268542,0.0664031592294417,0.0664031592294417,0.0664031592294417,0.0318702419669784
7.36539602284415,0,-0.0247872150245361,0,7.36539602284415,-0.0247872150245361,-0.0247872150245361,-0.0247872150245361,0.114121672795408
9.34902839864339,0,-0.0319037471830898,0,9.34902839864339,-0.0319037471830898,-0.0319037471830898,-0.0319037471830898,0.0353702402159913
12.5616640281909,0,0.00441577973083164,0,12.5616640281909,0.00441577973083164,0.00441577973083164,0.00441577973083164,0.0138459086615911
14.389195342198,0,0.0514818793481831,0,14.389195342198,0.0514818793481831,0.0514818793481831,0.0514818793481831,0.112813117182012
10.8363107906744,0,-0.028098390818107,0,10.8363107906744,-0.028098390818107,-0.028098390818107,-0.028098390818107,0.071926050301895
11.7003583105711,0,-0.00186774348468509,0,11.7003583105711,-0.00186774348468509,-0.00186774348468509,-0.00186774348468509,0.00589871207554302
14.1717804897526,0,0.027255899623745,0,14.1717804897526,0.027255899623745,0.027255899623745,0.027255899623745,0.0438772018708798
10.4916049522311,0,0.0132463173032987,0,10.4916049522311,0.0132463173032987,0.0132463173032987,0.0132463173032987,0.0267192917518445
12.491172371433,0,0.00616174807970621,0,12.491172371433,0.00616174807970621,0.00616174807970621,0.00616174807970621,0.0405245193389735
31.4129223891295,0,-0.0481702543197104,0,31.4129223891295,-0.0481702543197104,-0.0481702543197104,-0.0481702543197104,0.04354801944707
23.3384346785706,0,0.0173424537425691,0,23.3384346785706,0.0173424537425691,0.0173424537425691,0.0173424537425691,0.0189266195413323
21.0471310356801,0,0.0617673658141888,0,21.0471310356801,0.0617673658141888,0.0617673658141888,0.0617673658141888,0.047052745863464
22.0025162092978,0,0.148833372639304,0,22.0025162092978,0.148833372639304,0.148833372639304,0.148833372639304,0.0966286283522948
142.027144302285,0,0.0480428181832702,0,142.027144302285,0.0480428181832702,0.0480428181832702,0.0480428181832702,0.0151652887885014
10.8384906759069,0,-0.00221059163205814,0,10.8384906759069,-0.00221059163205814,-0.00221059163205814,-0.00221059163205814,0.0251376149245104
15.3983817607889,0,0.00875331277188317,0,15.3983817607889,0.00875331277188317,0.00875331277188317,0.00875331277188317,0.0553131630412198
14.6925462604222,0,-0.00458452472707301,0,14.6925462604222,-0.00458452472707301,-0.00458452472707301,-0.00458452472707301,0.0444254697733256
8.14116878127968,0,0.0313541787643274,0,8.14116878127968,0.0313541787643274,0.0313541787643274,0.0313541787643274,0.0267464950236586
11.0161041029769,0,-0.0031766917676102,0,11.0161041029769,-0.0031766917676102,-0.0031766917676102,-0.0031766917676102,0.0522005254908412
12.612078023469,0,-0.0597088928688878,0,12.612078023469,-0.0597088928688878,-0.0597088928688878,-0.0597088928688878,0.0322576765582896
27.9381463268887,0,-0.0196646199066465,0,27.9381463268887,-0.0196646199066465,-0.0196646199066465,-0.0196646199066465,0.0266030945529787
28.4056044215739,0,-0.0234835133541325,0,28.4056044215739,-0.0234835133541325,-0.0234835133541325,-0.0234835133541325,0.0460235649191708
9.44659083119766,0,-0.0979355343768668,0,9.44659083119766,-0.0979355343768668,-0.0979355343768668,-0.0979355343768668,0.106984919191722
14.3373106913918,0,-0.0165868652445846,0,14.3373106913918,-0.0165868652445846,-0.0165868652445846,-0.0165868652445846,0.0475684856482902
36.4912664165587,0,-0.147809743521965,0,36.4912664165587,-0.147809743521965,-0.147809743521965,-0.147809743521965,0.075083048553793
NA,NA,NA,NA,NA,NA,NA,NA,NA
3.48138260502119,0,-0.0431716232209931,0,3.48138260502119,-0.0431716232209931,-0.0431716232209931,-0.0431716232209931,0.0321818721032191
5.59197431763262,0,-0.0578220526680145,0,5.59197431763262,-0.0578220526680145,-0.0578220526680145,-0.0578220526680145,0.0290843221745671
7.10118523761685,0,-0.0285278978712163,0,7.10118523761685,-0.0285278978712163,-0.0285278978712163,-0.0285278978712163,0.0595492352872805
8.39406695268219,0,0.0167837864563465,0,8.39406695268219,0.0167837864563465,0.0167837864563465,0.0167837864563465,0.0322473662392579
6.68163411954067,0,0.0399525800720857,0,6.68163411954067,0.0399525800720857,0.0399525800720857,0.0399525800720857,0.0632642521725607
10.9419857642508,0,-0.0876235523401562,0,10.9419857642508,-0.0876235523401562,-0.0876235523401562,-0.0876235523401562,0.0336377588977628
9.567453602661,0,-0.0130573193727359,0,9.567453602661,-0.0130573193727359,-0.0130573193727359,-0.0130573193727359,0.0264340771076804
9.56764954052794,0,-0.00578932875863998,0,9.56764954052794,-0.00578932875863998,-0.00578932875863998,-0.00578932875863998,0.0288617279537588
9.58796747981615,0,0.00725905880614161,0,9.58796747981615,0.00725905880614161,0.00725905880614161,0.00725905880614161,0.0422687684348916
10.3415882006709,0,-0.0979591311963027,0,10.3415882006709,-0.0979591311963027,-0.0979591311963027,-0.0979591311963027,0.0379022425227411
9.03381024943225,0,-0.0258591277728825,0,9.03381024943225,-0.0258591277728825,-0.0258591277728825,-0.0258591277728825,0.0210013285642308
7.292171244769,0,0.0214216184583366,0,7.292171244769,0.0214216184583366,0.0214216184583366,0.0214216184583366,0.00787016036700002
10.6567948708008,0,0.0203455428827325,0,10.6567948708008,0.0203455428827325,0.0203455428827325,0.0203455428827325,0.0367174068081082
15.83958844307,0,0.0399832495665445,0,15.83958844307,0.0399832495665445,0.0399832495665445,0.0399832495665445,0.0130470310288665
17.7014293147066,0,0.0234372077444364,0,17.7014293147066,0.0234372077444364,0.0234372077444364,0.0234372077444364,0.0323786122878216
16.016217440795,0,-0.00369944404825601,0,16.016217440795,-0.00369944404825601,-0.00369944404825601,-0.00369944404825601,0.0376637682579198
13.5036026382197,0,0.0260526179813793,0,13.5036026382197,0.0260526179813793,0.0260526179813793,0.0260526179813793,0.0175137052055195
13.9836050997556,0,-0.0596374353307077,0,13.9836050997556,-0.0596374353307077,-0.0596374353307077,-0.0596374353307077,0.0260159424457815
11.3110693140974,0,0.00982781565554414,0,11.3110693140974,0.00982781565554414,0.00982781565554414,0.00982781565554414,0.0152975413868066
20.6083384757102,0,-0.0196913974375486,0,20.6083384757102,-0.0196913974375486,-0.0196913974375486,-0.0196913974375486,0.0564075951702511
12.3671082351961,0,0.0210231372322994,0,12.3671082351961,0.0210231372322994,0.0210231372322994,0.0210231372322994,0.0160828742749283
12.3654554745313,0,-0.0686880413546458,0,12.3654554745313,-0.0686880413546458,-0.0686880413546458,-0.0686880413546458,0.0513325050706189
19.2556223171704,0,0.0285945738844167,0,19.2556223171704,0.0285945738844167,0.0285945738844167,0.0285945738844167,0.0139726523520546
34.7312424253189,0,0.00360906084633839,0,34.7312424253189,0.00360906084633839,0.00360906084633839,0.00360906084633839,0.017575833019559
54.7209102152747,0,0.0196726221291343,0,54.7209102152747,0.0196726221291343,0.0196726221291343,0.0196726221291343,0.0109274670854921
14.729212643584,0,-0.0296594096014818,0,14.729212643584,-0.0296594096014818,-0.0296594096014818,-0.0296594096014818,0.0438275771773769
8.22166390729103,0,0.0200227074138689,0,8.22166390729103,0.0200227074138689,0.0200227074138689,0.0200227074138689,0.0889316774406693
11.7030101268542,0,0.0664031592294417,0,11.7030101268542,0.0664031592294417,0.0664031592294417,0.0664031592294417,0.0318702419669784
7.36539602284415,0,-0.0247872150245361,0,7.36539602284415,-0.0247872150245361,-0.0247872150245361,-0.0247872150245361,0.114121672795408
9.34902839864339,0,-0.0319037471830898,0,9.34902839864339,-0.0319037471830898,-0.0319037471830898,-0.0319037471830898,0.0353702402159913
12.5616640281909,0,0.00441577973083164,0,12.5616640281909,0.00441577973083164,0.00441577973083164,0.00441577973083164,0.0138459086615911
14.389195342198,0,0.0514818793481831,0,14.389195342198,0.0514818793481831,0.0514818793481831,0.0514818793481831,0.112813117182012
10.8363107906744,0,-0.028098390818107,0,10.8363107906744,-0.028098390818107,-0.028098390818107,-0.028098390818107,0.071926050301895
11.7003583105711,0,-0.00186774348468509,0,11.7003583105711,-0.00186774348468509,-0.00186774348468509,-0.00186774348468509,0.00589871207554302
14.1717804897526,0,0.027255899623745,0,14.1717804897526,0.027255899623745,0.027255899623745,0.027255899623745,0.0438772018708798
10.4916049522311,0,0.0132463173032987,0,10.4916049522311,0.0132463173032987,0.0132463173032987,0.0132463173032987,0.0267192917518445
12.491172371433,0,0.00616174807970621,0,12.491172371433,0.00616174807970621,0.00616174807970621,0.00616174807970621,0.0405245193389735
31.4129223891295,0,-0.0481702543197104,0,31.4129223891295,-0.0481702543197104,-0.0481702543197104,-0.0481702543197104,0.04354801944707
23.3384346785706,0,0.0173424537425691,0,23.3384346785706,0.0173424537425691,0.0173424537425691,0.0173424537425691,0.0189266195413323
21.0471310356801,0,0.0617673658141888,0,21.0471310356801,0.0617673658141888,0.0617673658141888,0.0617673658141888,0.047052745863464
22.0025162092978,0,0.148833372639304,0,22.0025162092978,0.148833372639304,0.148833372639304,0.148833372639304,0.0966286283522948
142.027144302285,0,0.0480428181832702,0,142.027144302285,0.0480428181832702,0.0480428181832702,0.0480428181832702,0.0151652887885014
10.8384906759069,0,-0.00221059163205814,0,10.8384906759069,-0.00221059163205814,-0.00221059163205814,-0.00221059163205814,0.0251376149245104
15.3983817607889,0,0.00875331277188317,0,15.3983817607889,0.00875331277188317,0.00875331277188317,0.00875331277188317,0.0553131630412198
14.6925462604222,0,-0.00458452472707301,0,14.6925462604222,-0.00458452472707301,-0.00458452472707301,-0.00458452472707301,0.0444254697733256
8.14116878127968,0,0.0313541787643274,0,8.14116878127968,0.0313541787643274,0.0313541787643274,0.0313541787643274,0.0267464950236586
11.0161041029769,0,-0.0031766917676102,0,11.0161041029769,-0.0031766917676102,-0.0031766917676102,-0.0031766917676102,0.0522005254908412
12.612078023469,0,-0.0597088928688878,0,12.612078023469,-0.0597088928688878,-0.0597088928688878,-0.0597088928688878,0.0322576765582896
27.9381463268887,0,-0.0196646199066465,0,27.9381463268887,-0.0196646199066465,-0.0196646199066465,-0.0196646199066465,0.0266030945529787
28.4056044215739,0,-0.0234835133541325,0,28.4056044215739,-0.0234835133541325,-0.0234835133541325,-0.0234835133541325,0.0460235649191708
9.44659083119766,0,-0.0979355343768668,0,9.44659083119766,-0.0979355343768668,-0.0979355343768668,-0.0979355343768668,0.106984919191722
14.3373106913918,0,-0.0165868652445846,0,14.3373106913918,-0.0165868652445846,-0.0165868652445846,-0.0165868652445846,0.0475684856482902
36.4912664165587,0,-0.147809743521965,0,36.4912664165587,-0.147809743521965,-0.147809743521965,-0.147809743521965,0.075083048553793
NA,NA,NA,NA,NA,NA,NA,NA,NA
3.48138260502119,0,-0.0431716232209931,0,3.48138260502119,-0.0431716232209931,-0.0431716232209931,-0.0431716232209931,0.0321818721032191
5.59197431763262,0,-0.0578220526680145,0,5.59197431763262,-0.0578220526680145,-0.0578220526680145,-0.0578220526680145,0.0290843221745671
7.10118523761685,0,-0.0285278978712163,0,7.10118523761685,-0.0285278978712163,-0.0285278978712163,-0.0285278978712163,0.0595492352872805
8.39406695268219,0,0.0167837864563465,0,8.39406695268219,0.0167837864563465,0.0167837864563465,0.0167837864563465,0.0322473662392579
6.68163411954067,0,0.0399525800720857,0,6.68163411954067,0.0399525800720857,0.0399525800720857,0.0399525800720857,0.0632642521725607
10.9419857642508,0,-0.0876235523401562,0,10.9419857642508,-0.0876235523401562,-0.0876235523401562,-0.0876235523401562,0.0336377588977628
9.567453602661,0,-0.0130573193727359,0,9.567453602661,-0.0130573193727359,-0.0130573193727359,-0.0130573193727359,0.0264340771076804
9.56764954052794,0,-0.00578932875863998,0,9.56764954052794,-0.00578932875863998,-0.00578932875863998,-0.00578932875863998,0.0288617279537588
9.58796747981615,0,0.00725905880614161,0,9.58796747981615,0.00725905880614161,0.00725905880614161,0.00725905880614161,0.0422687684348916
10.3415882006709,0,-0.0979591311963027,0,10.3415882006709,-0.0979591311963027,-0.0979591311963027,-0.0979591311963027,0.0379022425227411
9.03381024943225,0,-0.0258591277728825,0,9.03381024943225,-0.0258591277728825,-0.0258591277728825,-0.0258591277728825,0.0210013285642308
7.292171244769,0,0.0214216184583366,0,7.292171244769,0.0214216184583366,0.0214216184583366,0.0214216184583366,0.00787016036700002
10.6567948708008,0,0.0203455428827325,0,10.6567948708008,0.0203455428827325,0.0203455428827325,0.0203455428827325,0.0367174068081082
15.83958844307,0,0.0399832495665445,0,15.83958844307,0.0399832495665445,0.0399832495665445,0.0399832495665445,0.0130470310288665
17.7014293147066,0,0.0234372077444364,0,17.7014293147066,0.0234372077444364,0.0234372077444364,0.0234372077444364,0.0323786122878216
16.016217440795,0,-0.00369944404825601,0,16.016217440795,-0.00369944404825601,-0.00369944404825601,-0.00369944404825601,0.0376637682579198
13.5036026382197,0,0.0260526179813793,0,13.5036026382197,0.0260526179813793,0.0260526179813793,0.0260526179813793,0.0175137052055195
13.9836050997556,0,-0.0596374353307077,0,13.9836050997556,-0.0596374353307077,-0.0596374353307077,-0.0596374353307077,0.0260159424457815
11.3110693140974,0,0.00982781565554414,0,11.3110693140974,0.00982781565554414,0.00982781565554414,0.00982781565554414,0.0152975413868066
20.6083384757102,0,-0.0196913974375486,0,20.6083384757102,-0.0196913974375486,-0.0196913974375486,-0.0196913974375486,0.0564075951702511
12.3671082351961,0,0.0210231372322994,0,12.3671082351961,0.0210231372322994,0.0210231372322994,0.0210231372322994,0.0160828742749283
12.3654554745313,0,-0.0686880413546458,0,12.3654554745313,-0.0686880413546458,-0.0686880413546458,-0.0686880413546458,0.0513325050706189
19.2556223171704,0,0.0285945738844167,0,19.2556223171704,0.0285945738844167,0.0285945738844167,0.0285945738844167,0.0139726523520546
34.7312424253189,0,0.00360906084633839,0,34.7312424253189,0.00360906084633839,0.00360906084633839,0.00360906084633839,0.017575833019559
54.7209102152747,0,0.0196726221291343,0,54.7209102152747,0.0196726221291343,0.0196726221291343,0.0196726221291343,0.0109274670854921
14.729212643584,0,-0.0296594096014818,0,14.729212643584,-0.0296594096014818,-0.0296594096014818,-0.0296594096014818,0.0438275771773769
8.22166390729103,0,0.0200227074138689,0,8.22166390729103,0.0200227074138689,0.0200227074138689,0.0200227074138689,0.0889316774406693
11.7030101268542,0,0.0664031592294417,0,11.7030101268542,0.0664031592294417,0.0664031592294417,0.0664031592294417,0.0318702419669784
7.36539602284415,0,-0.0247872150245361,0,7.36539602284415,-0.0247872150245361,-0.0247872150245361,-0.0247872150245361,0.114121672795408
9.34902839864339,0,-0.0319037471830898,0,9.34902839864339,-0.0319037471830898,-0.0319037471830898,-0.0319037471830898,0.0353702402159913
12.5616640281909,0,0.00441577973083164,0,12.5616640281909,0.00441577973083164,0.00441577973083164,0.00441577973083164,0.0138459086615911
14.389195342198,0,0.0514818793481831,0,14.389195342198,0.0514818793481831,0.0514818793481831,0.0514818793481831,0.112813117182012
10.8363107906744,0,-0.028098390818107,0,10.8363107906744,-0.028098390818107,-0.028098390818107,-0.028098390818107,0.071926050301895
11.7003583105711,0,-0.00186774348468509,0,11.7003583105711,-0.00186774348468509,-0.00186774348468509,-0.00186774348468509,0.00589871207554302
14.1717804897526,0,0.027255899623745,0,14.1717804897526,0.027255899623745,0.027255899623745,0.027255899623745,0.0438772018708798
10.4916049522311,0,0.0132463173032987,0,10.4916049522311,0.0132463173032987,0.0132463173032987,0.0132463173032987,0.0267192917518445
12.491172371433,0,0.00616174807970621,0,12.491172371433,0.00616174807970621,0.00616174807970621,0.00616174807970621,0.0405245193389735
31.4129223891295,0,-0.0481702543197104,0,31.4129223891295,-0.0481702543197104,-0.0481702543197104,-0.0481702543197104,0.04354801944707
23.3384346785706,0,0.0173424537425691,0,23.3384346785706,0.0173424537425691,0.0173424537425691,0.0173424537425691,0.0189266195413323
21.0471310356801,0,0.0617673658141888,0,21.0471310356801,0.0617673658141888,0.0617673658141888,0.0617673658141888,0.047052745863464
16.8846431378076,0,0.0592246738975235,0,16.8846431378076,0.0592246738975235,0.0592246738975235,0.0592246738975235,0.0580511049145327
142.027144302285,0,0.0480428181832702,0,142.027144302285,0.0480428181832702,0.0480428181832702,0.0480428181832702,0.0151652887885014
10.8384906759069,0,-0.00221059163205814,0,10.8384906759069,-0.00221059163205814,-0.00221059163205814,-0.00221059163205814,0.0251376149245104
15.3983817607889,0,0.00875331277188317,0,15.3983817607889,0.00875331277188317,0.00875331277188317,0.00875331277188317,0.0553131630412198
14.6925462604222,0,-0.00458452472707301,0,14.6925462604222,-0.00458452472707301,-0.00458452472707301,-0.00458452472707301,0.0444254697733256
8.14116878127968,0,0.0313541787643274,0,8.14116878127968,0.0313541787643274,0.0313541787643274,0.0313541787643274,0.0267464950236586
11.0161041029769,0,-0.0031766917676102,0,11.0161041029769,-0.0031766917676102,-0.0031766917676102,-0.0031766917676102,0.0522005254908412
12.612078023469,0,-0.0597088928688878,0,12.612078023469,-0.0597088928688878,-0.0597088928688878,-0.0597088928688878,0.0322576765582896
27.9381463268887,0,-0.0196646199066465,0,27.9381463268887,-0.0196646199066465,-0.0196646199066465,-0.0196646199066465,0.0266030945529787
28.4056044215739,0,-0.0234835133541325,0,28.4056044215739,-0.0234835133541325,-0.0234835133541325,-0.0234835133541325,0.0460235649191708
9.44659083119766,0,-0.0979355343768668,0,9.44659083119766,-0.0979355343768668,-0.0979355343768668,-0.0979355343768668,0.106984919191722
14.3373106913918,0,-0.0165868652445846,0,14.3373106913918,-0.0165868652445846,-0.0165868652445846,-0.0165868652445846,0.0475684856482902
36.4912664165587,0,-0.147809743521965,0,36.4912664165587,-0.147809743521965,-0.147809743521965,-0.147809743521965,0.075083048553793
NA,NA,NA,NA,NA,NA,NA,NA,NA
3.48138260502119,0,-0.0431716232209931,0,3.48138260502119,-0.0431716232209931,-0.0431716232209931,-0.0431716232209931,0.0321818721032191
5.59197431763262,0,-0.0578220526680145,0,5.59197431763262,-0.0578220526680145,-0.0578220526680145,-0.0578220526680145,0.0290843221745671
7.10118523761685,0,-0.0285278978712163,0,7.10118523761685,-0.0285278978712163,-0.0285278978712163,-0.0285278978712163,0.0595492352872805
8.39406695268219,0,0.0167837864563465,0,8.39406695268219,0.0167837864563465,0.0167837864563465,0.0167837864563465,0.0322473662392579
6.68163411954067,0,0.0399525800720857,0,6.68163411954067,0.0399525800720857,0.0399525800720857,0.0399525800720857,0.0632642521725607
10.9419857642508,0,-0.0876235523401562,0,10.9419857642508,-0.0876235523401562,-0.0876235523401562,-0.0876235523401562,0.0336377588977628
9.567453602661,0,-0.0130573193727359,0,9.567453602661,-0.0130573193727359,-0.0130573193727359,-0.0130573193727359,0.0264340771076804
9.56764954052794,0,-0.00578932875863998,0,9.56764954052794,-0.00578932875863998,-0.00578932875863998,-0.00578932875863998,0.0288617279537588
9.58796747981615,0,0.00725905880614161,0,9.58796747981615,0.00725905880614161,0.00725905880614161,0.00725905880614161,0.0422687684348916
10.3415882006709,0,-0.0979591311963027,0,10.3415882006709,-0.0979591311963027,-0.0979591311963027,-0.0979591311963027,0.0379022425227411
9.03381024943225,0,-0.0258591277728825,0,9.03381024943225,-0.0258591277728825,-0.0258591277728825,-0.0258591277728825,0.0210013285642308
7.292171244769,0,0.0214216184583366,0,7.292171244769,0.0214216184583366,0.0214216184583366,0.0214216184583366,0.00787016036700002
10.6567948708008,0,0.0203455428827325,0,10.6567948708008,0.0203455428827325,0.0203455428827325,0.0203455428827325,0.0367174068081082
15.83958844307,0,0.0399832495665445,0,15.83958844307,0.0399832495665445,0.0399832495665445,0.0399832495665445,0.0130470310288665
17.7014293147066,0,0.0234372077444364,0,17.7014293147066,0.0234372077444364,0.0234372077444364,0.0234372077444364,0.0323786122878216
16.016217440795,0,-0.00369944404825601,0,16.016217440795,-0.00369944404825601,-0.00369944404825601,-0.00369944404825601,0.0376637682579198
13.5036026382197,0,0.0260526179813793,0,13.5036026382197,0.0260526179813793,0.0260526179813793,0.0260526179813793,0.0175137052055195
13.9836050997556,0,-0.0596374353307077,0,13.9836050997556,-0.0596374353307077,-0.0596374353307077,-0.0596374353307077,0.0260159424457815
11.3110693140974,0,0.00982781565554414,0,11.3110693140974,0.00982781565554414,0.00982781565554414,0.00982781565554414,0.0152975413868066
20.6083384757102,0,-0.0196913974375486,0,20.6083384757102,-0.0196913974375486,-0.0196913974375486,-0.0196913974375486,0.0564075951702511
12.3671082351961,0,0.0210231372322994,0,12.3671082351961,0.0210231372322994,0.0210231372322994,0.0210231372322994,0.0160828742749283
12.3654554745313,0,-0.0686880413546458,0,12.3654554745313,-0.0686880413546458,-0.0686880413546458,-0.0686880413546458,0.0513325050706189
19.2556223171704,0,0.0285945738844167,0,19.2556223171704,0.0285945738844167,0.0285945738844167,0.0285945738844167,0.0139726523520546
34.7312424253189,0,0.00360906084633839,0,34.7312424253189,0.00360906084633839,0.00360906084633839,0.00360906084633839,0.017575833019559
54.7209102152747,0,0.0196726221291343,0,54.7209102152747,0.0196726221291343,0.0196726221291343,0.0196726221291343,0.0109274670854921
14.729212643584,0,-0.0296594096014818,0,14.729212643584,-0.0296594096014818,-0.0296594096014818,-0.0296594096014818,0.0438275771773769
8.22166390729103,0,0.0200227074138689,0,8.22166390729103,0.0200227074138689,0.0200227074138689,0.0200227074138689,0.0889316774406693
11.7030101268542,0,0.0664031592294417,0,11.7030101268542,0.0664031592294417,0.0664031592294417,0.0664031592294417,0.0318702419669784
7.36539602284415,0,-0.0247872150245361,0,7.36539602284415,-0.0247872150245361,-0.0247872150245361,-0.0247872150245361,0.114121672795408
9.34902839864339,0,-0.0319037471830898,0,9.34902839864339,-0.0319037471830898,-0.0319037471830898,-0.0319037471830898,0.0353702402159913
12.5616640281909,0,0.00441577973083164,0,12.5616640281909,0.00441577973083164,0.00441577973083164,0.00441577973083164,0.0138459086615911
14.389195342198,0,0.0514818793481831,0,14.389195342198,0.0514818793481831,0.0514818793481831,0.0514818793481831,0.112813117182012
10.8363107906744,0,-0.028098390818107,0,10.8363107906744,-0.028098390818107,-0.028098390818107,-0.028098390818107,0.071926050301895
11.7003583105711,0,-0.00186774348468509,0,11.7003583105711,-0.00186774348468509,-0.00186774348468509,-0.00186774348468509,0.00589871207554302
14.1717804897526,0,0.027255899623745,0,14.1717804897526,0.027255899623745,0.027255899623745,0.027255899623745,0.0438772018708798
10.4916049522311,0,0.0132463173032987,0,10.4916049522311,0.0132463173032987,0.0132463173032987,0.0132463173032987,0.0267192917518445
12.491172371433,0,0.00616174807970621,0,12.491172371433,0.00616174807970621,0.00616174807970621,0.00616174807970621,0.0405245193389735
31.4129223891295,0,-0.0481702543197104,0,31.4129223891295,-0.0481702543197104,-0.0481702543197104,-0.0481702543197104,0.04354801944707
23.3384346785706,0,0.0173424537425691,0,23.3384346785706,0.0173424537425691,0.0173424537425691,0.0173424537425691,0.0189266195413323
21.0471310356801,0,0.0617673658141888,0,21.0471310356801,0.0617673658141888,0.0617673658141888,0.0617673658141888,0.047052745863464
16.8846431378076,0,0.0592246738975235,0,16.8846431378076,0.0592246738975235,0.0592246738975235,0.0592246738975235,0.0580511049145327
142.027144302285,0,0.0480428181832702,0,142.027144302285,0.0480428181832702,0.0480428181832702,0.0480428181832702,0.0151652887885014
10.8384906759069,0,-0.00221059163205814,0,10.8384906759069,-0.00221059163205814,-0.00221059163205814,-0.00221059163205814,0.0251376149245104
15.3983817607889,0,0.00875331277188317,0,15.3983817607889,0.00875331277188317,0.00875331277188317,0.00875331277188317,0.0553131630412198
14.6925462604222,0,-0.00458452472707301,0,14.6925462604222,-0.00458452472707301,-0.00458452472707301,-0.00458452472707301,0.0444254697733256
8.14116878127968,0,0.0313541787643274,0,8.14116878127968,0.0313541787643274,0.0313541787643274,0.0313541787643274,0.0267464950236586
11.0161041029769,0,-0.0031766917676102,0,11.0161041029769,-0.0031766917676102,-0.0031766917676102,-0.0031766917676102,0.0522005254908412
12.612078023469,0,-0.0597088928688878,0,12.612078023469,-0.0597088928688878,-0.0597088928688878,-0.0597088928688878,0.0322576765582896
27.9381463268887,0,-0.0196646199066465,0,27.9381463268887,-0.0196646199066465,-0.0196646199066465,-0.0196646199066465,0.0266030945529787
28.4056044215739,0,-0.0234835133541325,0,28.4056044215739,-0.0234835133541325,-0.0234835133541325,-0.0234835133541325,0.0460235649191708
9.44659083119766,0,-0.0979355343768668,0,9.44659083119766,-0.0979355343768668,-0.0979355343768668,-0.0979355343768668,0.106984919191722
14.3373106913918,0,-0.0165868652445846,0,14.3373106913918,-0.0165868652445846,-0.0165868652445846,-0.0165868652445846,0.0475684856482902
36.4912664165587,0,-0.147809743521965,0,36.4912664165587,-0.147809743521965,-0.147809743521965,-0.147809743521965,0.075083048553793
NA,NA,NA,NA,NA,NA,NA,NA,NA
3.48138260502119,0,-0.0431716232209931,0,3.48138260502119,-0.0431716232209931,-0.0431716232209931,-0.0431716232209931,0.0321818721032191
5.59197431763262,0,-0.0578220526680145,0,5.59197431763262,-0.0578220526680145,-0.0578220526680145,-0.0578220526680145,0.0290843221745671
7.10118523761685,0,-0.0285278978712163,0,7.10118523761685,-0.0285278978712163,-0.0285278978712163,-0.0285278978712163,0.0595492352872805
8.39406695268219,0,0.0167837864563465,0,8.39406695268219,0.0167837864563465,0.0167837864563465,0.0167837864563465,0.0322473662392579
6.68163411954067,0,0.0399525800720857,0,6.68163411954067,0.0399525800720857,0.0399525800720857,0.0399525800720857,0.0632642521725607
10.9419857642508,0,-0.0876235523401562,0,10.9419857642508,-0.0876235523401562,-0.0876235523401562,-0.0876235523401562,0.0336377588977628
9.567453602661,0,-0.0130573193727359,0,9.567453602661,-0.0130573193727359,-0.0130573193727359,-0.0130573193727359,0.0264340771076804
9.56764954052794,0,-0.00578932875863998,0,9.56764954052794,-0.00578932875863998,-0.00578932875863998,-0.00578932875863998,0.0288617279537588
9.58796747981615,0,0.00725905880614161,0,9.58796747981615,0.00725905880614161,0.00725905880614161,0.00725905880614161,0.0422687684348916
10.3415882006709,0,-0.0979591311963027,0,10.3415882006709,-0.0979591311963027,-0.0979591311963027,-0.0979591311963027,0.0379022425227411
9.03381024943225,0,-0.0258591277728825,0,9.03381024943225,-0.0258591277728825,-0.0258591277728825,-0.0258591277728825,0.0210013285642308
7.292171244769,0,0.0214216184583366,0,7.292171244769,0.0214216184583366,0.0214216184583366,0.0214216184583366,0.00787016036700002
10.6567948708008,0,0.0203455428827325,0,10.6567948708008,0.0203455428827325,0.0203455428827325,0.0203455428827325,0.0367174068081082
15.83958844307,0,0.0399832495665445,0,15.83958844307,0.0399832495665445,0.0399832495665445,0.0399832495665445,0.0130470310288665
17.7014293147066,0,0.0234372077444364,0,17.7014293147066,0.0234372077444364,0.0234372077444364,0.0234372077444364,0.0323786122878216
16.016217440795,0,-0.00369944404825601,0,16.016217440795,-0.00369944404825601,-0.00369944404825601,-0.00369944404825601,0.0376637682579198
13.5036026382197,0,0.0260526179813793,0,13.5036026382197,0.0260526179813793,0.0260526179813793,0.0260526179813793,0.0175137052055195
13.9836050997556,0,-0.0596374353307077,0,13.9836050997556,-0.0596374353307077,-0.0596374353307077,-0.0596374353307077,0.0260159424457815
11.3110693140974,0,0.00982781565554414,0,11.3110693140974,0.00982781565554414,0.00982781565554414,0.00982781565554414,0.0152975413868066
20.6083384757102,0,-0.0196913974375486,0,20.6083384757102,-0.0196913974375486,-0.0196913974375486,-0.0196913974375486,0.0564075951702511
12.3671082351961,0,0.0210231372322994,0,12.3671082351961,0.0210231372322994,0.0210231372322994,0.0210231372322994,0.0160828742749283
12.3654554745313,0,-0.0686880413546458,0,12.3654554745313,-0.0686880413546458,-0.0686880413546458,-0.0686880413546458,0.0513325050706189
19.2556223171704,0,0.0285945738844167,0,19.2556223171704,0.0285945738844167,0.0285945738844167,0.0285945738844167,0.0139726523520546
34.7312424253189,0,0.00360906084633839,0,34.7312424253189,0.00360906084633839,0.00360906084633839,0.00360906084633839,0.017575833019559
54.7209102152747,0,0.0196726221291343,0,54.7209102152747,0.0196726221291343,0.0196726221291343,0.0196726221291343,0.0109274670854921
14.729212643584,0,-0.0296594096014818,0,14.729212643584,-0.0296594096014818,-0.0296594096014818,-0.0296594096014818,0.0438275771773769
8.22166390729103,0,0.0200227074138689,0,8.22166390729103,0.0200227074138689,0.0200227074138689,0.0200227074138689,0.0889316774406693
11.7030101268542,0,0.0664031592294417,0,11.7030101268542,0.0664031592294417,0.0664031592294417,0.0664031592294417,0.0318702419669784
7.36539602284415,0,-0.0247872150245361,0,7.36539602284415,-0.0247872150245361,-0.0247872150245361,-0.0247872150245361,0.114121672795408
9.34902839864339,0,-0.0319037471830898,0,9.34902839864339,-0.0319037471830898,-0.0319037471830898,-0.0319037471830898,0.0353702402159913
12.5616640281909,0,0.00441577973083164,0,12.5616640281909,0.00441577973083164,0.00441577973083164,0.00441577973083164,0.0138459086615911
14.389195342198,0,0.0514818793481831,0,14.389195342198,0.0514818793481831,0.0514818793481831,0.0514818793481831,0.112813117182012
10.8363107906744,0,-0.028098390818107,0,10.8363107906744,-0.028098390818107,-0.028098390818107,-0.028098390818107,0.071926050301895
11.7003583105711,0,-0.00186774348468509,0,11.7003583105711,-0.00186774348468509,-0.00186774348468509,-0.00186774348468509,0.00589871207554302
14.1717804897526,0,0.027255899623745,0,14.1717804897526,0.027255899623745,0.027255899623745,0.027255899623745,0.0438772018708798
10.4916049522311,0,0.0132463173032987,0,10.4916049522311,0.0132463173032987,0.0132463173032987,0.0132463173032987,0.0267192917518445
12.491172371433,0,0.00616174807970621,0,12.491172371433,0.00616174807970621,0.00616174807970621,0.00616174807970621,0.0405245193389735
31.4129223891295,0,-0.0481702543197104,0,31.4129223891295,-0.0481702543197104,-0.0481702543197104,-0.0481702543197104,0.04354801944707
23.3384346785706,0,0.0173424537425691,0,23.3384346785706,0.0173424537425691,0.0173424537425691,0.0173424537425691,0.0189266195413323
21.0471310356801,0,0.0617673658141888,0,21.0471310356801,0.0617673658141888,0.0617673658141888,0.0617673658141888,0.047052745863464
16.8846431378076,0,0.0592246738975235,0,16.8846431378076,0.0592246738975235,0.0592246738975235,0.0592246738975235,0.0580511049145327
142.027144302285,0,0.0480428181832702,0,142.027144302285,0.0480428181832702,0.0480428181832702,0.0480428181832702,0.0151652887885014
10.8384906759069,0,-0.00221059163205814,0,10.8384906759069,-0.00221059163205814,-0.00221059163205814,-0.00221059163205814,0.0251376149245104
15.3983817607889,0,0.00875331277188317,0,15.3983817607889,0.00875331277188317,0.00875331277188317,0.00875331277188317,0.0553131630412198
14.6925462604222,0,-0.00458452472707301,0,14.6925462604222,-0.00458452472707301,-0.00458452472707301,-0.00458452472707301,0.0444254697733256
8.14116878127968,0,0.0313541787643274,0,8.14116878127968,0.0313541787643274,0.0313541787643274,0.0313541787643274,0.0267464950236586
11.0161041029769,0,-0.0031766917676102,0,11.0161041029769,-0.0031766917676102,-0.0031766917676102,-0.0031766917676102,0.0522005254908412
12.612078023469,0,-0.0597088928688878,0,12.612078023469,-0.0597088928688878,-0.0597088928688878,-0.0597088928688878,0.0322576765582896
27.9381463268887,0,-0.0196646199066465,0,27.9381463268887,-0.0196646199066465,-0.0196646199066465,-0.0196646199066465,0.0266030945529787
28.4056044215739,0,-0.0234835133541325,0,28.4056044215739,-0.0234835133541325,-0.0234835133541325,-0.0234835133541325,0.0460235649191708
9.44659083119766,0,-0.0979355343768668,0,9.44659083119766,-0.0979355343768668,-0.0979355343768668,-0.0979355343768668,0.106984919191722
14.3373106913918,0,-0.0165868652445846,0,14.3373106913918,-0.0165868652445846,-0.0165868652445846,-0.0165868652445846,0.0475684856482902
36.4912664165587,0,-0.147809743521965,0,36.4912664165587,-0.147809743521965,-0.147809743521965,-0.147809743521965,0.075083048553793
NA,NA,NA,NA,NA,NA,NA,NA,NA
3.48138260502119,0,-0.0431716232209931,0,3.48138260502119,-0.0431716232209931,-0.0431716232209931,-0.0431716232209931,0.0321818721032191
5.59197431763262,0,-0.0578220526680145,0,5.59197431763262,-0.0578220526680145,-0.0578220526680145,-0.0578220526680145,0.0290843221745671
7.10118523761685,0,-0.0285278978712163,0,7.10118523761685,-0.0285278978712163,-0.0285278978712163,-0.0285278978712163,0.0595492352872805
8.39406695268219,0,0.0167837864563465,0,8.39406695268219,0.0167837864563465,0.0167837864563465,0.0167837864563465,0.0322473662392579
6.68163411954067,0,0.0399525800720857,0,6.68163411954067,0.0399525800720857,0.0399525800720857,0.0399525800720857,0.0632642521725607
10.9419857642508,0,-0.0876235523401562,0,10.9419857642508,-0.0876235523401562,-0.0876235523401562,-0.0876235523401562,0.0336377588977628
9.567453602661,0,-0.0130573193727359,0,9.567453602661,-0.0130573193727359,-0.0130573193727359,-0.0130573193727359,0.0264340771076804
9.56764954052794,0,-0.00578932875863998,0,9.56764954052794,-0.00578932875863998,-0.00578932875863998,-0.00578932875863998,0.0288617279537588
9.58796747981615,0,0.00725905880614161,0,9.58796747981615,0.00725905880614161,0.00725905880614161,0.00725905880614161,0.0422687684348916
10.3415882006709,0,-0.0979591311963027,0,10.3415882006709,-0.0979591311963027,-0.0979591311963027,-0.0979591311963027,0.0379022425227411
9.03381024943225,0,-0.0258591277728825,0,9.03381024943225,-0.0258591277728825,-0.0258591277728825,-0.0258591277728825,0.0210013285642308
7.292171244769,0,0.0214216184583366,0,7.292171244769,0.0214216184583366,0.0214216184583366,0.0214216184583366,0.00787016036700002
10.6567948708008,0,0.0203455428827325,0,10.6567948708008,0.0203455428827325,0.0203455428827325,0.0203455428827325,0.0367174068081082
15.83958844307,0,0.0399832495665445,0,15.83958844307,0.0399832495665445,0.0399832495665445,0.0399832495665445,0.0130470310288665
17.7014293147066,0,0.0234372077444364,0,17.7014293147066,0.0234372077444364,0.0234372077444364,0.0234372077444364,0.0323786122878216
16.016217440795,0,-0.00369944404825601,0,16.016217440795,-0.00369944404825601,-0.00369944404825601,-0.00369944404825601,0.0376637682579198
13.5036026382197,0,0.0260526179813793,0,13.5036026382197,0.0260526179813793,0.0260526179813793,0.0260526179813793,0.0175137052055195
13.9836050997556,0,-0.0596374353307077,0,13.9836050997556,-0.0596374353307077,-0.0596374353307077,-0.0596374353307077,0.0260159424457815
11.3110693140974,0,0.00982781565554414,0,11.3110693140974,0.00982781565554414,0.00982781565554414,0.00982781565554414,0.0152975413868066
20.6083384757102,0,-0.0196913974375486,0,20.6083384757102,-0.0196913974375486,-0.0196913974375486,-0.0196913974375486,0.0564075951702511
12.3671082351961,0,0.0210231372322994,0,12.3671082351961,0.0210231372322994,0.0210231372322994,0.0210231372322994,0.0160828742749283
12.3654554745313,0,-0.0686880413546458,0,12.3654554745313,-0.0686880413546458,-0.0686880413546458,-0.0686880413546458,0.0513325050706189
19.2556223171704,0,0.0285945738844167,0,19.2556223171704,0.0285945738844167,0.0285945738844167,0.0285945738844167,0.0139726523520546
34.7312424253189,0,0.00360906084633839,0,34.7312424253189,0.00360906084633839,0.00360906084633839,0.00360906084633839,0.017575833019559
54.7209102152747,0,0.0196726221291343,0,54.7209102152747,0.0196726221291343,0.0196726221291343,0.0196726221291343,0.0109274670854921
14.729212643584,0,-0.0296594096014818,0,14.729212643584,-0.0296594096014818,-0.0296594096014818,-0.0296594096014818,0.0438275771773769
8.22166390729103,0,0.0200227074138689,0,8.22166390729103,0.0200227074138689,0.0200227074138689,0.0200227074138689,0.0889316774406693
11.7030101268542,0,0.0664031592294417,0,11.7030101268542,0.0664031592294417,0.0664031592294417,0.0664031592294417,0.0318702419669784
7.36539602284415,0,-0.0247872150245361,0,7.36539602284415,-0.0247872150245361,-0.0247872150245361,-0.0247872150245361,0.114121672795408
9.34902839864339,0,-0.0319037471830898,0,9.34902839864339,-0.0319037471830898,-0.0319037471830898,-0.0319037471830898,0.0353702402159913
12.5616640281909,0,0.00441577973083164,0,12.5616640281909,0.00441577973083164,0.00441577973083164,0.00441577973083164,0.0138459086615911
14.389195342198,0,0.0514818793481831,0,14.389195342198,0.0514818793481831,0.0514818793481831,0.0514818793481831,0.112813117182012
10.8363107906744,0,-0.028098390818107,0,10.8363107906744,-0.028098390818107,-0.028098390818107,-0.028098390818107,0.071926050301895
11.7003583105711,0,-0.00186774348468509,0,11.7003583105711,-0.00186774348468509,-0.00186774348468509,-0.00186774348468509,0.00589871207554302
14.1717804897526,0,0.027255899623745,0,14.1717804897526,0.027255899623745,0.027255899623745,0.027255899623745,0.0438772018708798
10.4916049522311,0,0.0132463173032987,0,10.4916049522311,0.0132463173032987,0.0132463173032987,0.0132463173032987,0.0267192917518445
12.491172371433,0,0.00616174807970621,0,12.491172371433,0.00616174807970621,0.00616174807970621,0.00616174807970621,0.0405245193389735
31.4129223891295,0,-0.0481702543197104,0,31.4129223891295,-0.0481702543197104,-0.0481702543197104,-0.0481702543197104,0.04354801944707
23.3384346785706,0,0.0173424537425691,0,23.3384346785706,0.0173424537425691,0.0173424537425691,0.0173424537425691,0.0189266195413323
21.0471310356801,0,0.0617673658141888,0,21.0471310356801,0.0617673658141888,0.0617673658141888,0.0617673658141888,0.047052745863464
16.8846431378076,0,0.0592246738975235,0,16.8846431378076,0.0592246738975235,0.0592246738975235,0.0592246738975235,0.0580511049145327
142.027144302285,0,0.0480428181832702,0,142.027144302285,0.0480428181832702,0.0480428181832702,0.0480428181832702,0.0151652887885014
10.8384906759069,0,-0.00221059163205814,0,10.8384906759069,-0.00221059163205814,-0.00221059163205814,-0.00221059163205814,0.0251376149245104
15.3983817607889,0,0.00875331277188317,0,15.3983817607889,0.00875331277188317,0.00875331277188317,0.00875331277188317,0.0553131630412198
14.6925462604222,0,-0.00458452472707301,0,14.6925462604222,-0.00458452472707301,-0.00458452472707301,-0.00458452472707301,0.0444254697733256
8.14116878127968,0,0.0313541787643274,0,8.14116878127968,0.0313541787643274,0.0313541787643274,0.0313541787643274,0.0267464950236586
11.0161041029769,0,-0.0031766917676102,0,11.0161041029769,-0.0031766917676102,-0.0031766917676102,-0.0031766917676102,0.0522005254908412
12.612078023469,0,-0.0597088928688878,0,12.612078023469,-0.0597088928688878,-0.0597088928688878,-0.0597088928688878,0.0322576765582896
27.9381463268887,0,-0.0196646199066465,0,27.9381463268887,-0.0196646199066465,-0.0196646199066465,-0.0196646199066465,0.0266030945529787
28.4056044215739,0,-0.0234835133541325,0,28.4056044215739,-0.0234835133541325,-0.0234835133541325,-0.0234835133541325,0.0460235649191708
9.44659083119766,0,-0.0979355343768668,0,9.44659083119766,-0.0979355343768668,-0.0979355343768668,-0.0979355343768668,0.106984919191722
14.3373106913918,0,-0.0165868652445846,0,14.3373106913918,-0.0165868652445846,-0.0165868652445846,-0.0165868652445846,0.0475684856482902
36.4912664165587,0,-0.147809743521965,0,36.4912664165587,-0.147809743521965,-0.147809743521965,-0.147809743521965,0.075083048553793
NA,NA,NA,NA,NA,NA,NA,NA,NA
3.48138260502119,0,-0.0431716232209931,0,3.48138260502119,-0.0431716232209931,-0.0431716232209931,-0.0431716232209931,0.0321818721032191
5.59197431763262,0,-0.0578220526680145,0,5.59197431763262,-0.0578220526680145,-0.0578220526680145,-0.0578220526680145,0.0290843221745671
7.10118523761685,0,-0.0285278978712163,0,7.10118523761685,-0.0285278978712163,-0.0285278978712163,-0.0285278978712163,0.0595492352872805
8.39406695268219,0,0.0167837864563465,0,8.39406695268219,0.0167837864563465,0.0167837864563465,0.0167837864563465,0.0322473662392579
6.68163411954067,0,0.0399525800720857,0,6.68163411954067,0.0399525800720857,0.0399525800720857,0.0399525800720857,0.0632642521725607
10.9419857642508,0,-0.0876235523401562,0,10.9419857642508,-0.0876235523401562,-0.0876235523401562,-0.0876235523401562,0.0336377588977628
9.567453602661,0,-0.0130573193727359,0,9.567453602661,-0.0130573193727359,-0.0130573193727359,-0.0130573193727359,0.0264340771076804
9.56764954052794,0,-0.00578932875863998,0,9.56764954052794,-0.00578932875863998,-0.00578932875863998,-0.00578932875863998,0.0288617279537588
9.58796747981615,0,0.00725905880614161,0,9.58796747981615,0.00725905880614161,0.00725905880614161,0.00725905880614161,0.0422687684348916
10.3415882006709,0,-0.0979591311963027,0,10.3415882006709,-0.0979591311963027,-0.0979591311963027,-0.0979591311963027,0.0379022425227411
9.03381024943225,0,-0.0258591277728825,0,9.03381024943225,-0.0258591277728825,-0.0258591277728825,-0.0258591277728825,0.0210013285642308
7.292171244769,0,0.0214216184583366,0,7.292171244769,0.0214216184583366,0.0214216184583366,0.0214216184583366,0.00787016036700002
10.6567948708008,0,0.0203455428827325,0,10.6567948708008,0.0203455428827325,0.0203455428827325,0.0203455428827325,0.0367174068081082
15.83958844307,0,0.0399832495665445,0,15.83958844307,0.0399832495665445,0.0399832495665445,0.0399832495665445,0.0130470310288665
17.7014293147066,0,0.0234372077444364,0,17.7014293147066,0.0234372077444364,0.0234372077444364,0.0234372077444364,0.0323786122878216
16.016217440795,0,-0.00369944404825601,0,16.016217440795,-0.00369944404825601,-0.00369944404825601,-0.00369944404825601,0.0376637682579198
13.5036026382197,0,0.0260526179813793,0,13.5036026382197,0.0260526179813793,0.0260526179813793,0.0260526179813793,0.0175137052055195
13.9836050997556,0,-0.0596374353307077,0,13.9836050997556,-0.0596374353307077,-0.0596374353307077,-0.0596374353307077,0.0260159424457815
11.3110693140974,0,0.00982781565554414,0,11.3110693140974,0.00982781565554414,0.00982781565554414,0.00982781565554414,0.0152975413868066
20.6083384757102,0,-0.0196913974375486,0,20.6083384757102,-0.0196913974375486,-0.0196913974375486,-0.0196913974375486,0.0564075951702511
12.3671082351961,0,0.0210231372322994,0,12.3671082351961,0.0210231372322994,0.0210231372322994,0.0210231372322994,0.0160828742749283
12.3654554745313,0,-0.0686880413546458,0,12.3654554745313,-0.0686880413546458,-0.0686880413546458,-0.0686880413546458,0.0513325050706189
19.2556223171704,0,0.0285945738844167,0,19.2556223171704,0.0285945738844167,0.0285945738844167,0.0285945738844167,0.0139726523520546
34.7312424253189,0,0.00360906084633839,0,34.7312424253189,0.00360906084633839,0.00360906084633839,0.00360906084633839,0.017575833019559
54.7209102152747,0,0.0196726221291343,0,54.7209102152747,0.0196726221291343,0.0196726221291343,0.0196726221291343,0.0109274670854921
14.729212643584,0,-0.0296594096014818,0,14.729212643584,-0.0296594096014818,-0.0296594096014818,-0.0296594096014818,0.0438275771773769
8.22166390729103,0,0.0200227074138689,0,8.22166390729103,0.0200227074138689,0.0200227074138689,0.0200227074138689,0.0889316774406693
11.7030101268542,0,0.0664031592294417,0,11.7030101268542,0.0664031592294417,0.0664031592294417,0.0664031592294417,0.0318702419669784
7.36539602284415,0,-0.0247872150245361,0,7.36539602284415,-0.0247872150245361,-0.0247872150245361,-0.0247872150245361,0.114121672795408
9.34902839864339,0,-0.0319037471830898,0,9.34902839864339,-0.0319037471830898,-0.0319037471830898,-0.0319037471830898,0.0353702402159913
12.5616640281909,0,0.00441577973083164,0,12.5616640281909,0.00441577973083164,0.00441577973083164,0.00441577973083164,0.0138459086615911
14.389195342198,0,0.0514818793481831,0,14.389195342198,0.0514818793481831,0.0514818793481831,0.0514818793481831,0.112813117182012
10.8363107906744,0,-0.028098390818107,0,10.8363107906744,-0.028098390818107,-0.028098390818107,-0.028098390818107,0.071926050301895
11.7003583105711,0,-0.00186774348468509,0,11.7003583105711,-0.00186774348468509,-0.00186774348468509,-0.00186774348468509,0.00589871207554302
14.1717804897526,0,0.027255899623745,0,14.1717804897526,0.027255899623745,0.027255899623745,0.027255899623745,0.0438772018708798
10.4916049522311,0,0.0132463173032987,0,10.4916049522311,0.0132463173032987,0.0132463173032987,0.0132463173032987,0.0267192917518445
12.491172371433,0,0.00616174807970621,0,12.491172371433,0.00616174807970621,0.00616174807970621,0.00616174807970621,0.0405245193389735
31.4129223891295,0,-0.0481702543197104,0,31.4129223891295,-0.0481702543197104,-0.0481702543197104,-0.0481702543197104,0.04354801944707
23.3384346785706,0,0.0173424537425691,0,23.3384346785706,0.0173424537425691,0.0173424537425691,0.0173424537425691,0.0189266195413323
21.0471310356801,0,0.0617673658141888,0,21.0471310356801,0.0617673658141888,0.0617673658141888,0.0617673658141888,0.047052745863464
16.8846431378076,0,0.0592246738975235,0,16.8846431378076,0.0592246738975235,0.0592246738975235,0.0592246738975235,0.0580511049145327
142.027144302285,0,0.0480428181832702,0,142.027144302285,0.0480428181832702,0.0480428181832702,0.0480428181832702,0.0151652887885014
10.8384906759069,0,-0.00221059163205814,0,10.8384906759069,-0.00221059163205814,-0.00221059163205814,-0.00221059163205814,0.0251376149245104
15.3983817607889,0,0.00875331277188317,0,15.3983817607889,0.00875331277188317,0.00875331277188317,0.00875331277188317,0.0553131630412198
14.6925462604222,0,-0.00458452472707301,0,14.6925462604222,-0.00458452472707301,-0.00458452472707301,-0.00458452472707301,0.0444254697733256
8.14116878127968,0,0.0313541787643274,0,8.14116878127968,0.0313541787643274,0.0313541787643274,0.0313541787643274,0.0267464950236586
11.0161041029769,0,-0.0031766917676102,0,11.0161041029769,-0.0031766917676102,-0.0031766917676102,-0.0031766917676102,0.0522005254908412
12.612078023469,0,-0.0597088928688878,0,12.612078023469,-0.0597088928688878,-0.0597088928688878,-0.0597088928688878,0.0322576765582896
27.9381463268887,0,-0.0196646199066465,0,27.9381463268887,-0.0196646199066465,-0.0196646199066465,-0.0196646199066465,0.0266030945529787
28.4056044215739,0,-0.0234835133541325,0,28.4056044215739,-0.0234835133541325,-0.0234835133541325,-0.0234835133541325,0.0460235649191708
9.44659083119766,0,-0.0979355343768668,0,9.44659083119766,-0.0979355343768668,-0.0979355343768668,-0.0979355343768668,0.106984919191722
14.3373106913918,0,-0.0165868652445846,0,14.3373106913918,-0.0165868652445846,-0.0165868652445846,-0.0165868652445846,0.0475684856482902
36.4912664165587,0,-0.147809743521965,0,36.4912664165587,-0.147809743521965,-0.147809743521965,-0.147809743521965,0.075083048553793
NA,NA,NA,NA,NA,NA,NA,NA,NA
3.48138260502119,0,-0.0431716232209931,0,3.48138260502119,-0.0431716232209931,-0.0431716232209931,-0.0431716232209931,0.0321818721032191
5.59197431763262,0,-0.0578220526680145,0,5.59197431763262,-0.0578220526680145,-0.0578220526680145,-0.0578220526680145,0.0290843221745671
7.10118523761685,0,-0.0285278978712163,0,7.10118523761685,-0.0285278978712163,-0.0285278978712163,-0.0285278978712163,0.0595492352872805
8.39406695268219,0,0.0167837864563465,0,8.39406695268219,0.0167837864563465,0.0167837864563465,0.0167837864563465,0.0322473662392579
6.68163411954067,0,0.0399525800720857,0,6.68163411954067,0.0399525800720857,0.0399525800720857,0.0399525800720857,0.0632642521725607
10.9419857642508,0,-0.0876235523401562,0,10.9419857642508,-0.0876235523401562,-0.0876235523401562,-0.0876235523401562,0.0336377588977628
9.567453602661,0,-0.0130573193727359,0,9.567453602661,-0.0130573193727359,-0.0130573193727359,-0.0130573193727359,0.0264340771076804
9.56764954052794,0,-0.00578932875863998,0,9.56764954052794,-0.00578932875863998,-0.00578932875863998,-0.00578932875863998,0.0288617279537588
9.58796747981615,0,0.00725905880614161,0,9.58796747981615,0.00725905880614161,0.00725905880614161,0.00725905880614161,0.0422687684348916
10.3415882006709,0,-0.0979591311963027,0,10.3415882006709,-0.0979591311963027,-0.0979591311963027,-0.0979591311963027,0.0379022425227411
9.03381024943225,0,-0.0258591277728825,0,9.03381024943225,-0.0258591277728825,-0.0258591277728825,-0.0258591277728825,0.0210013285642308
7.292171244769,0,0.0214216184583366,0,7.292171244769,0.0214216184583366,0.0214216184583366,0.0214216184583366,0.00787016036700002
10.6567948708008,0,0.0203455428827325,0,10.6567948708008,0.0203455428827325,0.0203455428827325,0.0203455428827325,0.0367174068081082
15.83958844307,0,0.0399832495665445,0,15.83958844307,0.0399832495665445,0.0399832495665445,0.0399832495665445,0.0130470310288665
17.7014293147066,0,0.0234372077444364,0,17.7014293147066,0.0234372077444364,0.0234372077444364,0.0234372077444364,0.0323786122878216
16.016217440795,0,-0.00369944404825601,0,16.016217440795,-0.00369944404825601,-0.00369944404825601,-0.00369944404825601,0.0376637682579198
13.5036026382197,0,0.0260526179813793,0,13.5036026382197,0.0260526179813793,0.0260526179813793,0.0260526179813793,0.0175137052055195
13.9836050997556,0,-0.0596374353307077,0,13.9836050997556,-0.0596374353307077,-0.0596374353307077,-0.0596374353307077,0.0260159424457815
11.3110693140974,0,0.00982781565554414,0,11.3110693140974,0.00982781565554414,0.00982781565554414,0.00982781565554414,0.0152975413868066
20.6083384757102,0,-0.0196913974375486,0,20.6083384757102,-0.0196913974375486,-0.0196913974375486,-0.0196913974375486,0.0564075951702511
12.3671082351961,0,0.0210231372322994,0,12.3671082351961,0.0210231372322994,0.0210231372322994,0.0210231372322994,0.0160828742749283
12.3654554745313,0,-0.0686880413546458,0,12.3654554745313,-0.0686880413546458,-0.0686880413546458,-0.0686880413546458,0.0513325050706189
19.2556223171704,0,0.0285945738844167,0,19.2556223171704,0.0285945738844167,0.0285945738844167,0.0285945738844167,0.0139726523520546
34.7312424253189,0,0.00360906084633839,0,34.7312424253189,0.00360906084633839,0.00360906084633839,0.00360906084633839,0.017575833019559
54.7209102152747,0,0.0196726221291343,0,54.7209102152747,0.0196726221291343,0.0196726221291343,0.0196726221291343,0.0109274670854921
14.729212643584,0,-0.0296594096014818,0,14.729212643584,-0.0296594096014818,-0.0296594096014818,-0.0296594096014818,0.0438275771773769
8.22166390729103,0,0.0200227074138689,0,8.22166390729103,0.0200227074138689,0.0200227074138689,0.0200227074138689,0.0889316774406693
11.7030101268542,0,0.0664031592294417,0,11.7030101268542,0.0664031592294417,0.0664031592294417,0.0664031592294417,0.0318702419669784
7.36539602284415,0,-0.0247872150245361,0,7.36539602284415,-0.0247872150245361,-0.0247872150245361,-0.0247872150245361,0.114121672795408
9.34902839864339,0,-0.0319037471830898,0,9.34902839864339,-0.0319037471830898,-0.0319037471830898,-0.0319037471830898,0.0353702402159913
12.5616640281909,0,0.00441577973083164,0,12.5616640281909,0.00441577973083164,0.00441577973083164,0.00441577973083164,0.0138459086615911
14.389195342198,0,0.0514818793481831,0,14.389195342198,0.0514818793481831,0.0514818793481831,0.0514818793481831,0.112813117182012
10.8363107906744,0,-0.028098390818107,0,10.8363107906744,-0.028098390818107,-0.028098390818107,-0.028098390818107,0.071926050301895
11.7003583105711,0,-0.00186774348468509,0,11.7003583105711,-0.00186774348468509,-0.00186774348468509,-0.00186774348468509,0.00589871207554302
14.1717804897526,0,0.027255899623745,0,14.1717804897526,0.027255899623745,0.027255899623745,0.027255899623745,0.0438772018708798
10.4916049522311,0,0.0132463173032987,0,10.4916049522311,0.0132463173032987,0.0132463173032987,0.0132463173032987,0.0267192917518445
12.491172371433,0,0.00616174807970621,0,12.491172371433,0.00616174807970621,0.00616174807970621,0.00616174807970621,0.0405245193389735
31.4129223891295,0,-0.0481702543197104,0,31.4129223891295,-0.0481702543197104,-0.0481702543197104,-0.0481702543197104,0.04354801944707
23.3384346785706,0,0.0173424537425691,0,23.3384346785706,0.0173424537425691,0.0173424537425691,0.0173424537425691,0.0189266195413323
21.0471310356801,0,0.0617673658141888,0,21.0471310356801,0.0617673658141888,0.0617673658141888,0.0617673658141888,0.047052745863464
16.8846431378076,0,0.0592246738975235,0,16.8846431378076,0.0592246738975235,0.0592246738975235,0.0592246738975235,0.0580511049145327
142.027144302285,0,0.0480428181832702,0,142.027144302285,0.0480428181832702,0.0480428181832702,0.0480428181832702,0.0151652887885014
10.8384906759069,0,-0.00221059163205814,0,10.8384906759069,-0.00221059163205814,-0.00221059163205814,-0.00221059163205814,0.0251376149245104
15.3983817607889,0,0.00875331277188317,0,15.3983817607889,0.00875331277188317,0.00875331277188317,0.00875331277188317,0.0553131630412198
14.6925462604222,0,-0.00458452472707301,0,14.6925462604222,-0.00458452472707301,-0.00458452472707301,-0.00458452472707301,0.0444254697733256
8.14116878127968,0,0.0313541787643274,0,8.14116878127968,0.0313541787643274,0.0313541787643274,0.0313541787643274,0.0267464950236586
11.0161041029769,0,-0.0031766917676102,0,11.0161041029769,-0.0031766917676102,-0.0031766917676102,-0.0031766917676102,0.0522005254908412
12.612078023469,0,-0.0597088928688878,0,12.612078023469,-0.0597088928688878,-0.0597088928688878,-0.0597088928688878,0.0322576765582896
27.9381463268887,0,-0.0196646199066465,0,27.9381463268887,-0.0196646199066465,-0.0196646199066465,-0.0196646199066465,0.0266030945529787
28.4056044215739,0,-0.0234835133541325,0,28.4056044215739,-0.0234835133541325,-0.0234835133541325,-0.0234835133541325,0.0460235649191708
9.44659083119766,0,-0.0979355343768668,0,9.44659083119766,-0.0979355343768668,-0.0979355343768668,-0.0979355343768668,0.106984919191722
14.3373106913918,0,-0.0165868652445846,0,14.3373106913918,-0.0165868652445846,-0.0165868652445846,-0.0165868652445846,0.0475684856482902
36.4912664165587,0,-0.147809743521965,0,36.4912664165587,-0.147809743521965,-0.147809743521965,-0.147809743521965,0.075083048553793
NA,NA,NA,NA,NA,NA,NA,NA,NA
3.48138260502119,0,-0.0431716232209931,0,3.48138260502119,-0.0431716232209931,-0.0431716232209931,-0.0431716232209931,0.0321818721032191
5.59197431763262,0,-0.0578220526680145,0,5.59197431763262,-0.0578220526680145,-0.0578220526680145,-0.0578220526680145,0.0290843221745671
7.10118523761685,0,-0.0285278978712163,0,7.10118523761685,-0.0285278978712163,-0.0285278978712163,-0.0285278978712163,0.0595492352872805
8.39406695268219,0,0.0167837864563465,0,8.39406695268219,0.0167837864563465,0.0167837864563465,0.0167837864563465,0.0322473662392579
6.68163411954067,0,0.0399525800720857,0,6.68163411954067,0.0399525800720857,0.0399525800720857,0.0399525800720857,0.0632642521725607
10.9419857642508,0,-0.0876235523401562,0,10.9419857642508,-0.0876235523401562,-0.0876235523401562,-0.0876235523401562,0.0336377588977628
9.567453602661,0,-0.0130573193727359,0,9.567453602661,-0.0130573193727359,-0.0130573193727359,-0.0130573193727359,0.0264340771076804
9.56764954052794,0,-0.00578932875863998,0,9.56764954052794,-0.00578932875863998,-0.00578932875863998,-0.00578932875863998,0.0288617279537588
9.58796747981615,0,0.00725905880614161,0,9.58796747981615,0.00725905880614161,0.00725905880614161,0.00725905880614161,0.0422687684348916
10.3415882006709,0,-0.0979591311963027,0,10.3415882006709,-0.0979591311963027,-0.0979591311963027,-0.0979591311963027,0.0379022425227411
9.03381024943225,0,-0.0258591277728825,0,9.03381024943225,-0.0258591277728825,-0.0258591277728825,-0.0258591277728825,0.0210013285642308
7.292171244769,0,0.0214216184583366,0,7.292171244769,0.0214216184583366,0.0214216184583366,0.0214216184583366,0.00787016036700002
10.6567948708008,0,0.0203455428827325,0,10.6567948708008,0.0203455428827325,0.0203455428827325,0.0203455428827325,0.0367174068081082
15.83958844307,0,0.0399832495665445,0,15.83958844307,0.0399832495665445,0.0399832495665445,0.0399832495665445,0.0130470310288665
17.7014293147066,0,0.0234372077444364,0,17.7014293147066,0.0234372077444364,0.0234372077444364,0.0234372077444364,0.0323786122878216
16.016217440795,0,-0.00369944404825601,0,16.016217440795,-0.00369944404825601,-0.00369944404825601,-0.00369944404825601,0.0376637682579198
13.5036026382197,0,0.0260526179813793,0,13.5036026382197,0.0260526179813793,0.0260526179813793,0.0260526179813793,0.0175137052055195
13.9836050997556,0,-0.0596374353307077,0,13.9836050997556,-0.0596374353307077,-0.0596374353307077,-0.0596374353307077,0.0260159424457815
11.3110693140974,0,0.00982781565554414,0,11.3110693140974,0.00982781565554414,0.00982781565554414,0.00982781565554414,0.0152975413868066
20.6083384757102,0,-0.0196913974375486,0,20.6083384757102,-0.0196913974375486,-0.0196913974375486,-0.0196913974375486,0.0564075951702511
12.3671082351961,0,0.0210231372322994,0,12.3671082351961,0.0210231372322994,0.0210231372322994,0.0210231372322994,0.0160828742749283
12.3654554745313,0,-0.0686880413546458,0,12.3654554745313,-0.0686880413546458,-0.0686880413546458,-0.0686880413546458,0.0513325050706189
19.2556223171704,0,0.0285945738844167,0,19.2556223171704,0.0285945738844167,0.0285945738844167,0.0285945738844167,0.0139726523520546
34.7312424253189,0,0.00360906084633839,0,34.7312424253189,0.00360906084633839,0.00360906084633839,0.00360906084633839,0.017575833019559
54.7209102152747,0,0.0196726221291343,0,54.7209102152747,0.0196726221291343,0.0196726221291343,0.0196726221291343,0.0109274670854921
14.729212643584,0,-0.0296594096014818,0,14.729212643584,-0.0296594096014818,-0.0296594096014818,-0.0296594096014818,0.0438275771773769
8.22166390729103,0,0.0200227074138689,0,8.22166390729103,0.0200227074138689,0.0200227074138689,0.0200227074138689,0.0889316774406693
11.7030101268542,0,0.0664031592294417,0,11.7030101268542,0.0664031592294417,0.0664031592294417,0.0664031592294417,0.0318702419669784
7.36539602284415,0,-0.0247872150245361,0,7.36539602284415,-0.0247872150245361,-0.0247872150245361,-0.0247872150245361,0.114121672795408
9.34902839864339,0,-0.0319037471830898,0,9.34902839864339,-0.0319037471830898,-0.0319037471830898,-0.0319037471830898,0.0353702402159913
12.5616640281909,0,0.00441577973083164,0,12.5616640281909,0.00441577973083164,0.00441577973083164,0.00441577973083164,0.0138459086615911
14.389195342198,0,0.0514818793481831,0,14.389195342198,0.0514818793481831,0.0514818793481831,0.0514818793481831,0.112813117182012
10.8363107906744,0,-0.028098390818107,0,10.8363107906744,-0.028098390818107,-0.028098390818107,-0.028098390818107,0.071926050301895
11.7003583105711,0,-0.00186774348468509,0,11.7003583105711,-0.00186774348468509,-0.00186774348468509,-0.00186774348468509,0.00589871207554302
14.1717804897526,0,0.027255899623745,0,14.1717804897526,0.027255899623745,0.027255899623745,0.027255899623745,0.0438772018708798
10.4916049522311,0,0.0132463173032987,0,10.4916049522311,0.0132463173032987,0.0132463173032987,0.0132463173032987,0.0267192917518445
12.491172371433,0,0.00616174807970621,0,12.491172371433,0.00616174807970621,0.00616174807970621,0.00616174807970621,0.0405245193389735
31.4129223891295,0,-0.0481702543197104,0,31.4129223891295,-0.0481702543197104,-0.0481702543197104,-0.0481702543197104,0.04354801944707
23.3384346785706,0,0.0173424537425691,0,23.3384346785706,0.0173424537425691,0.0173424537425691,0.0173424537425691,0.0189266195413323
21.0471310356801,0,0.0617673658141888,0,21.0471310356801,0.0617673658141888,0.0617673658141888,0.0617673658141888,0.047052745863464
16.8846431378076,0,0.0592246738975235,0,16.8846431378076,0.0592246738975235,0.0592246738975235,0.0592246738975235,0.0580511049145327
142.027144302285,0,0.0480428181832702,0,142.027144302285,0.0480428181832702,0.0480428181832702,0.0480428181832702,0.0151652887885014
10.8384906759069,0,-0.00221059163205814,0,10.8384906759069,-0.00221059163205814,-0.00221059163205814,-0.00221059163205814,0.0251376149245104
15.3983817607889,0,0.00875331277188317,0,15.3983817607889,0.00875331277188317,0.00875331277188317,0.00875331277188317,0.0553131630412198
14.6925462604222,0,-0.00458452472707301,0,14.6925462604222,-0.00458452472707301,-0.00458452472707301,-0.00458452472707301,0.0444254697733256
8.14116878127968,0,0.0313541787643274,0,8.14116878127968,0.0313541787643274,0.0313541787643274,0.0313541787643274,0.0267464950236586
11.0161041029769,0,-0.0031766917676102,0,11.0161041029769,-0.0031766917676102,-0.0031766917676102,-0.0031766917676102,0.0522005254908412
12.612078023469,0,-0.0597088928688878,0,12.612078023469,-0.0597088928688878,-0.0597088928688878,-0.0597088928688878,0.0322576765582896
27.9381463268887,0,-0.0196646199066465,0,27.9381463268887,-0.0196646199066465,-0.0196646199066465,-0.0196646199066465,0.0266030945529787
28.4056044215739,0,-0.0234835133541325,0,28.4056044215739,-0.0234835133541325,-0.0234835133541325,-0.0234835133541325,0.0460235649191708
9.44659083119766,0,-0.0979355343768668,0,9.44659083119766,-0.0979355343768668,-0.0979355343768668,-0.0979355343768668,0.106984919191722
14.3373106913918,0,-0.0165868652445846,0,14.3373106913918,-0.0165868652445846,-0.0165868652445846,-0.0165868652445846,0.0475684856482902
36.4912664165587,0,-0.147809743521965,0,36.4912664165587,-0.147809743521965,-0.147809743521965,-0.147809743521965,0.075083048553793
NA,NA,NA,NA,NA,NA,NA,NA,NA
3.48138260502119,0,-0.0431716232209931,0,3.48138260502119,-0.0431716232209931,-0.0431716232209931,-0.0431716232209931,0.0321818721032191
5.59197431763262,0,-0.0578220526680145,0,5.59197431763262,-0.0578220526680145,-0.0578220526680145,-0.0578220526680145,0.0290843221745671
7.10118523761685,0,-0.0285278978712163,0,7.10118523761685,-0.0285278978712163,-0.0285278978712163,-0.0285278978712163,0.0595492352872805
8.39406695268219,0,0.0167837864563465,0,8.39406695268219,0.0167837864563465,0.0167837864563465,0.0167837864563465,0.0322473662392579
6.68163411954067,0,0.0399525800720857,0,6.68163411954067,0.0399525800720857,0.0399525800720857,0.0399525800720857,0.0632642521725607
10.9419857642508,0,-0.0876235523401562,0,10.9419857642508,-0.0876235523401562,-0.0876235523401562,-0.0876235523401562,0.0336377588977628
9.567453602661,0,-0.0130573193727359,0,9.567453602661,-0.0130573193727359,-0.0130573193727359,-0.0130573193727359,0.0264340771076804
9.56764954052794,0,-0.00578932875863998,0,9.56764954052794,-0.00578932875863998,-0.00578932875863998,-0.00578932875863998,0.0288617279537588
9.58796747981615,0,0.00725905880614161,0,9.58796747981615,0.00725905880614161,0.00725905880614161,0.00725905880614161,0.0422687684348916
10.3415882006709,0,-0.0979591311963027,0,10.3415882006709,-0.0979591311963027,-0.0979591311963027,-0.0979591311963027,0.0379022425227411
9.03381024943225,0,-0.0258591277728825,0,9.03381024943225,-0.0258591277728825,-0.0258591277728825,-0.0258591277728825,0.0210013285642308
7.292171244769,0,0.0214216184583366,0,7.292171244769,0.0214216184583366,0.0214216184583366,0.0214216184583366,0.00787016036700002
10.6567948708008,0,0.0203455428827325,0,10.6567948708008,0.0203455428827325,0.0203455428827325,0.0203455428827325,0.0367174068081082
15.83958844307,0,0.0399832495665445,0,15.83958844307,0.0399832495665445,0.0399832495665445,0.0399832495665445,0.0130470310288665
17.7014293147066,0,0.0234372077444364,0,17.7014293147066,0.0234372077444364,0.0234372077444364,0.0234372077444364,0.0323786122878216
16.016217440795,0,-0.00369944404825601,0,16.016217440795,-0.00369944404825601,-0.00369944404825601,-0.00369944404825601,0.0376637682579198
13.5036026382197,0,0.0260526179813793,0,13.5036026382197,0.0260526179813793,0.0260526179813793,0.0260526179813793,0.0175137052055195
13.9836050997556,0,-0.0596374353307077,0,13.9836050997556,-0.0596374353307077,-0.0596374353307077,-0.0596374353307077,0.0260159424457815
11.3110693140974,0,0.00982781565554414,0,11.3110693140974,0.00982781565554414,0.00982781565554414,0.00982781565554414,0.0152975413868066
20.6083384757102,0,-0.0196913974375486,0,20.6083384757102,-0.0196913974375486,-0.0196913974375486,-0.0196913974375486,0.0564075951702511
12.3671082351961,0,0.0210231372322994,0,12.3671082351961,0.0210231372322994,0.0210231372322994,0.0210231372322994,0.0160828742749283
12.3654554745313,0,-0.0686880413546458,0,12.3654554745313,-0.0686880413546458,-0.0686880413546458,-0.0686880413546458,0.0513325050706189
19.2556223171704,0,0.0285945738844167,0,19.2556223171704,0.0285945738844167,0.0285945738844167,0.0285945738844167,0.0139726523520546
34.7312424253189,0,0.00360906084633839,0,34.7312424253189,0.00360906084633839,0.00360906084633839,0.00360906084633839,0.017575833019559
54.7209102152747,0,0.0196726221291343,0,54.7209102152747,0.0196726221291343,0.0196726221291343,0.0196726221291343,0.0109274670854921
14.729212643584,0,-0.0296594096014818,0,14.729212643584,-0.0296594096014818,-0.0296594096014818,-0.0296594096014818,0.0438275771773769
8.22166390729103,0,0.0200227074138689,0,8.22166390729103,0.0200227074138689,0.0200227074138689,0.0200227074138689,0.0889316774406693
11.7030101268542,0,0.0664031592294417,0,11.7030101268542,0.0664031592294417,0.0664031592294417,0.0664031592294417,0.0318702419669784
7.36539602284415,0,-0.0247872150245361,0,7.36539602284415,-0.0247872150245361,-0.0247872150245361,-0.0247872150245361,0.114121672795408
9.34902839864339,0,-0.0319037471830898,0,9.34902839864339,-0.0319037471830898,-0.0319037471830898,-0.0319037471830898,0.0353702402159913
12.5616640281909,0,0.00441577973083164,0,12.5616640281909,0.00441577973083164,0.00441577973083164,0.00441577973083164,0.0138459086615911
14.389195342198,0,0.0514818793481831,0,14.389195342198,0.0514818793481831,0.0514818793481831,0.0514818793481831,0.112813117182012
10.8363107906744,0,-0.028098390818107,0,10.8363107906744,-0.028098390818107,-0.028098390818107,-0.028098390818107,0.071926050301895
11.7003583105711,0,-0.00186774348468509,0,11.7003583105711,-0.00186774348468509,-0.00186774348468509,-0.00186774348468509,0.00589871207554302
14.1717804897526,0,0.027255899623745,0,14.1717804897526,0.027255899623745,0.027255899623745,0.027255899623745,0.0438772018708798
10.4916049522311,0,0.0132463173032987,0,10.4916049522311,0.0132463173032987,0.0132463173032987,0.0132463173032987,0.0267192917518445
12.491172371433,0,0.00616174807970621,0,12.491172371433,0.00616174807970621,0.00616174807970621,0.00616174807970621,0.0405245193389735
31.4129223891295,0,-0.0481702543197104,0,31.4129223891295,-0.0481702543197104,-0.0481702543197104,-0.0481702543197104,0.04354801944707
23.3384346785706,0,0.0173424537425691,0,23.3384346785706,0.0173424537425691,0.0173424537425691,0.0173424537425691,0.0189266195413323
21.0471310356801,0,0.0617673658141888,0,21.0471310356801,0.0617673658141888,0.0617673658141888,0.0617673658141888,0.047052745863464
16.8846431378076,0,0.0592246738975235,0,16.8846431378076,0.0592246738975235,0.0592246738975235,0.0592246738975235,0.0580511049145327
142.027144302285,0,0.0480428181832702,0,142.027144302285,0.0480428181832702,0.0480428181832702,0.0480428181832702,0.0151652887885014
10.8384906759069,0,-0.00221059163205814,0,10.8384906759069,-0.00221059163205814,-0.00221059163205814,-0.00221059163205814,0.0251376149245104
15.3983817607889,0,0.00875331277188317,0,15.3983817607889,0.00875331277188317,0.00875331277188317,0.00875331277188317,0.0553131630412198
14.6925462604222,0,-0.00458452472707301,0,14.6925462604222,-0.00458452472707301,-0.00458452472707301,-0.00458452472707301,0.0444254697733256
8.14116878127968,0,0.0313541787643274,0,8.14116878127968,0.0313541787643274,0.0313541787643274,0.0313541787643274,0.0267464950236586
11.0161041029769,0,-0.0031766917676102,0,11.0161041029769,-0.0031766917676102,-0.0031766917676102,-0.0031766917676102,0.0522005254908412
12.612078023469,0,-0.0597088928688878,0,12.612078023469,-0.0597088928688878,-0.0597088928688878,-0.0597088928688878,0.0322576765582896
27.9381463268887,0,-0.0196646199066465,0,27.9381463268887,-0.0196646199066465,-0.0196646199066465,-0.0196646199066465,0.0266030945529787
28.4056044215739,0,-0.0234835133541325,0,28.4056044215739,-0.0234835133541325,-0.0234835133541325,-0.0234835133541325,0.0460235649191708
9.44659083119766,0,-0.0979355343768668,0,9.44659083119766,-0.0979355343768668,-0.0979355343768668,-0.0979355343768668,0.106984919191722
14.3373106913918,0,-0.0165868652445846,0,14.3373106913918,-0.0165868652445846,-0.0165868652445846,-0.0165868652445846,0.0475684856482902
36.4912664165587,0,-0.147809743521965,0,36.4912664165587,-0.147809743521965,-0.147809743521965,-0.147809743521965,0.075083048553793
NA,NA,NA,NA,NA,NA,NA,NA,NA
3.48138260502119,0,-0.0431716232209931,0,3.48138260502119,-0.0431716232209931,-0.0431716232209931,-0.0431716232209931,0.0321818721032191
5.59197431763262,0,-0.0578220526680145,0,5.59197431763262,-0.0578220526680145,-0.0578220526680145,-0.0578220526680145,0.0290843221745671
7.10118523761685,0,-0.0285278978712163,0,7.10118523761685,-0.0285278978712163,-0.0285278978712163,-0.0285278978712163,0.0595492352872805
8.39406695268219,0,0.0167837864563465,0,8.39406695268219,0.0167837864563465,0.0167837864563465,0.0167837864563465,0.0322473662392579
6.68163411954067,0,0.0399525800720857,0,6.68163411954067,0.0399525800720857,0.0399525800720857,0.0399525800720857,0.0632642521725607
10.9419857642508,0,-0.0876235523401562,0,10.9419857642508,-0.0876235523401562,-0.0876235523401562,-0.0876235523401562,0.0336377588977628
9.567453602661,0,-0.0130573193727359,0,9.567453602661,-0.0130573193727359,-0.0130573193727359,-0.0130573193727359,0.0264340771076804
9.56764954052794,0,-0.00578932875863998,0,9.56764954052794,-0.00578932875863998,-0.00578932875863998,-0.00578932875863998,0.0288617279537588
9.58796747981615,0,0.00725905880614161,0,9.58796747981615,0.00725905880614161,0.00725905880614161,0.00725905880614161,0.0422687684348916
10.3415882006709,0,-0.0979591311963027,0,10.3415882006709,-0.0979591311963027,-0.0979591311963027,-0.0979591311963027,0.0379022425227411
9.03381024943225,0,-0.0258591277728825,0,9.03381024943225,-0.0258591277728825,-0.0258591277728825,-0.0258591277728825,0.0210013285642308
7.292171244769,0,0.0214216184583366,0,7.292171244769,0.0214216184583366,0.0214216184583366,0.0214216184583366,0.00787016036700002
10.6567948708008,0,0.0203455428827325,0,10.6567948708008,0.0203455428827325,0.0203455428827325,0.0203455428827325,0.0367174068081082
15.83958844307,0,0.0399832495665445,0,15.83958844307,0.0399832495665445,0.0399832495665445,0.0399832495665445,0.0130470310288665
17.7014293147066,0,0.0234372077444364,0,17.7014293147066,0.0234372077444364,0.0234372077444364,0.0234372077444364,0.0323786122878216
16.016217440795,0,-0.00369944404825601,0,16.016217440795,-0.00369944404825601,-0.00369944404825601,-0.00369944404825601,0.0376637682579198
13.5036026382197,0,0.0260526179813793,0,13.5036026382197,0.0260526179813793,0.0260526179813793,0.0260526179813793,0.0175137052055195
13.9836050997556,0,-0.0596374353307077,0,13.9836050997556,-0.0596374353307077,-0.0596374353307077,-0.0596374353307077,0.0260159424457815
11.3110693140974,0,0.00982781565554414,0,11.3110693140974,0.00982781565554414,0.00982781565554414,0.00982781565554414,0.0152975413868066
20.6083384757102,0,-0.0196913974375486,0,20.6083384757102,-0.0196913974375486,-0.0196913974375486,-0.0196913974375486,0.0564075951702511
12.3671082351961,0,0.0210231372322994,0,12.3671082351961,0.0210231372322994,0.0210231372322994,0.0210231372322994,0.0160828742749283
12.3654554745313,0,-0.0686880413546458,0,12.3654554745313,-0.0686880413546458,-0.0686880413546458,-0.0686880413546458,0.0513325050706189
19.2556223171704,0,0.0285945738844167,0,19.2556223171704,0.0285945738844167,0.0285945738844167,0.0285945738844167,0.0139726523520546
34.7312424253189,0,0.00360906084633839,0,34.7312424253189,0.00360906084633839,0.00360906084633839,0.00360906084633839,0.017575833019559
54.7209102152747,0,0.0196726221291343,0,54.7209102152747,0.0196726221291343,0.0196726221291343,0.0196726221291343,0.0109274670854921
14.729212643584,0,-0.0296594096014818,0,14.729212643584,-0.0296594096014818,-0.0296594096014818,-0.0296594096014818,0.0438275771773769
8.22166390729103,0,0.0200227074138689,0,8.22166390729103,0.0200227074138689,0.0200227074138689,0.0200227074138689,0.0889316774406693
11.7030101268542,0,0.0664031592294417,0,11.7030101268542,0.0664031592294417,0.0664031592294417,0.0664031592294417,0.0318702419669784
7.36539602284415,0,-0.0247872150245361,0,7.36539602284415,-0.0247872150245361,-0.0247872150245361,-0.0247872150245361,0.114121672795408
9.34902839864339,0,-0.0319037471830898,0,9.34902839864339,-0.0319037471830898,-0.0319037471830898,-0.0319037471830898,0.0353702402159913
12.5616640281909,0,0.00441577973083164,0,12.5616640281909,0.00441577973083164,0.00441577973083164,0.00441577973083164,0.0138459086615911
14.389195342198,0,0.0514818793481831,0,14.389195342198,0.0514818793481831,0.0514818793481831,0.0514818793481831,0.112813117182012
10.8363107906744,0,-0.028098390818107,0,10.8363107906744,-0.028098390818107,-0.028098390818107,-0.028098390818107,0.071926050301895
11.7003583105711,0,-0.00186774348468509,0,11.7003583105711,-0.00186774348468509,-0.00186774348468509,-0.00186774348468509,0.00589871207554302
14.1717804897526,0,0.027255899623745,0,14.1717804897526,0.027255899623745,0.027255899623745,0.027255899623745,0.0438772018708798
10.4916049522311,0,0.0132463173032987,0,10.4916049522311,0.0132463173032987,0.0132463173032987,0.0132463173032987,0.0267192917518445
12.491172371433,0,0.00616174807970621,0,12.491172371433,0.00616174807970621,0.00616174807970621,0.00616174807970621,0.0405245193389735
31.4129223891295,0,-0.0481702543197104,0,31.4129223891295,-0.0481702543197104,-0.0481702543197104,-0.0481702543197104,0.04354801944707
23.3384346785706,0,0.0173424537425691,0,23.3384346785706,0.0173424537425691,0.0173424537425691,0.0173424537425691,0.0189266195413323
21.0471310356801,0,0.0617673658141888,0,21.0471310356801,0.0617673658141888,0.0617673658141888,0.0617673658141888,0.047052745863464
16.8846431378076,0,0.0592246738975235,0,16.8846431378076,0.0592246738975235,0.0592246738975235,0.0592246738975235,0.0580511049145327
142.027144302285,0,0.0480428181832702,0,142.027144302285,0.0480428181832702,0.0480428181832702,0.0480428181832702,0.0151652887885014
10.8384906759069,0,-0.00221059163205814,0,10.8384906759069,-0.00221059163205814,-0.00221059163205814,-0.00221059163205814,0.0251376149245104
15.3983817607889,0,0.00875331277188317,0,15.3983817607889,0.00875331277188317,0.00875331277188317,0.00875331277188317,0.0553131630412198
14.6925462604222,0,-0.00458452472707301,0,14.6925462604222,-0.00458452472707301,-0.00458452472707301,-0.00458452472707301,0.0444254697733256
8.14116878127968,0,0.0313541787643274,0,8.14116878127968,0.0313541787643274,0.0313541787643274,0.0313541787643274,0.0267464950236586
11.0161041029769,0,-0.0031766917676102,0,11.0161041029769,-0.0031766917676102,-0.0031766917676102,-0.0031766917676102,0.0522005254908412
12.612078023469,0,-0.0597088928688878,0,12.612078023469,-0.0597088928688878,-0.0597088928688878,-0.0597088928688878,0.0322576765582896
27.9381463268887,0,-0.0196646199066465,0,27.9381463268887,-0.0196646199066465,-0.0196646199066465,-0.0196646199066465,0.0266030945529787
28.4056044215739,0,-0.0234835133541325,0,28.4056044215739,-0.0234835133541325,-0.0234835133541325,-0.0234835133541325,0.0460235649191708
9.44659083119766,0,-0.0979355343768668,0,9.44659083119766,-0.0979355343768668,-0.0979355343768668,-0.0979355343768668,0.106984919191722
14.3373106913918,0,-0.0165868652445846,0,14.3373106913918,-0.0165868652445846,-0.0165868652445846,-0.0165868652445846,0.0475684856482902
36.4912664165587,0,-0.147809743521965,0,36.4912664165587,-0.147809743521965,-0.147809743521965,-0.147809743521965,0.075083048553793
NA,NA,NA,NA,NA,NA,NA,NA,NA
3.48138260502119,0,-0.0431716232209931,0,3.48138260502119,-0.0431716232209931,-0.0431716232209931,-0.0431716232209931,0.0321818721032191
5.59197431763262,0,-0.0578220526680145,0,5.59197431763262,-0.0578220526680145,-0.0578220526680145,-0.0578220526680145,0.0290843221745671
7.10118523761685,0,-0.0285278978712163,0,7.10118523761685,-0.0285278978712163,-0.0285278978712163,-0.0285278978712163,0.0595492352872805
8.39406695268219,0,0.0167837864563465,0,8.39406695268219,0.0167837864563465,0.0167837864563465,0.0167837864563465,0.0322473662392579
6.68163411954067,0,0.0399525800720857,0,6.68163411954067,0.0399525800720857,0.0399525800720857,0.0399525800720857,0.0632642521725607
10.9419857642508,0,-0.0876235523401562,0,10.9419857642508,-0.0876235523401562,-0.0876235523401562,-0.0876235523401562,0.0336377588977628
9.567453602661,0,-0.0130573193727359,0,9.567453602661,-0.0130573193727359,-0.0130573193727359,-0.0130573193727359,0.0264340771076804
9.56764954052794,0,-0.00578932875863998,0,9.56764954052794,-0.00578932875863998,-0.00578932875863998,-0.00578932875863998,0.0288617279537588
9.58796747981615,0,0.00725905880614161,0,9.58796747981615,0.00725905880614161,0.00725905880614161,0.00725905880614161,0.0422687684348916
10.3415882006709,0,-0.0979591311963027,0,10.3415882006709,-0.0979591311963027,-0.0979591311963027,-0.0979591311963027,0.0379022425227411
9.03381024943225,0,-0.0258591277728825,0,9.03381024943225,-0.0258591277728825,-0.0258591277728825,-0.0258591277728825,0.0210013285642308
7.292171244769,0,0.0214216184583366,0,7.292171244769,0.0214216184583366,0.0214216184583366,0.0214216184583366,0.00787016036700002
10.6567948708008,0,0.0203455428827325,0,10.6567948708008,0.0203455428827325,0.0203455428827325,0.0203455428827325,0.0367174068081082
15.83958844307,0,0.0399832495665445,0,15.83958844307,0.0399832495665445,0.0399832495665445,0.0399832495665445,0.0130470310288665
17.7014293147066,0,0.0234372077444364,0,17.7014293147066,0.0234372077444364,0.0234372077444364,0.0234372077444364,0.0323786122878216
16.016217440795,0,-0.00369944404825601,0,16.016217440795,-0.00369944404825601,-0.00369944404825601,-0.00369944404825601,0.0376637682579198
13.5036026382197,0,0.0260526179813793,0,13.5036026382197,0.0260526179813793,0.0260526179813793,0.0260526179813793,0.0175137052055195
13.9836050997556,0,-0.0596374353307077,0,13.9836050997556,-0.0596374353307077,-0.0596374353307077,-0.0596374353307077,0.0260159424457815
11.3110693140974,0,0.00982781565554414,0,11.3110693140974,0.00982781565554414,0.00982781565554414,0.00982781565554414,0.0152975413868066
20.6083384757102,0,-0.0196913974375486,0,20.6083384757102,-0.0196913974375486,-0.0196913974375486,-0.0196913974375486,0.0564075951702511
12.3671082351961,0,0.0210231372322994,0,12.3671082351961,0.0210231372322994,0.0210231372322994,0.0210231372322994,0.0160828742749283
12.3654554745313,0,-0.0686880413546458,0,12.3654554745313,-0.0686880413546458,-0.0686880413546458,-0.0686880413546458,0.0513325050706189
19.2556223171704,0,0.0285945738844167,0,19.2556223171704,0.0285945738844167,0.0285945738844167,0.0285945738844167,0.0139726523520546
34.7312424253189,0,0.00360906084633839,0,34.7312424253189,0.00360906084633839,0.00360906084633839,0.00360906084633839,0.017575833019559
54.7209102152747,0,0.0196726221291343,0,54.7209102152747,0.0196726221291343,0.0196726221291343,0.0196726221291343,0.0109274670854921
14.729212643584,0,-0.0296594096014818,0,14.729212643584,-0.0296594096014818,-0.0296594096014818,-0.0296594096014818,0.0438275771773769
8.22166390729103,0,0.0200227074138689,0,8.22166390729103,0.0200227074138689,0.0200227074138689,0.0200227074138689,0.0889316774406693
11.7030101268542,0,0.0664031592294417,0,11.7030101268542,0.0664031592294417,0.0664031592294417,0.0664031592294417,0.0318702419669784
7.36539602284415,0,-0.0247872150245361,0,7.36539602284415,-0.0247872150245361,-0.0247872150245361,-0.0247872150245361,0.114121672795408
9.34902839864339,0,-0.0319037471830898,0,9.34902839864339,-0.0319037471830898,-0.0319037471830898,-0.0319037471830898,0.0353702402159913
12.5616640281909,0,0.00441577973083164,0,12.5616640281909,0.00441577973083164,0.00441577973083164,0.00441577973083164,0.0138459086615911
14.389195342198,0,0.0514818793481831,0,14.389195342198,0.0514818793481831,0.0514818793481831,0.0514818793481831,0.112813117182012
10.8363107906744,0,-0.028098390818107,0,10.8363107906744,-0.028098390818107,-0.028098390818107,-0.028098390818107,0.071926050301895
11.7003583105711,0,-0.00186774348468509,0,11.7003583105711,-0.00186774348468509,-0.00186774348468509,-0.00186774348468509,0.00589871207554302
14.1717804897526,0,0.027255899623745,0,14.1717804897526,0.027255899623745,0.027255899623745,0.027255899623745,0.0438772018708798
10.4916049522311,0,0.0132463173032987,0,10.4916049522311,0.0132463173032987,0.0132463173032987,0.0132463173032987,0.0267192917518445
12.491172371433,0,0.00616174807970621,0,12.491172371433,0.00616174807970621,0.00616174807970621,0.00616174807970621,0.0405245193389735
31.4129223891295,0,-0.0481702543197104,0,31.4129223891295,-0.0481702543197104,-0.0481702543197104,-0.0481702543197104,0.04354801944707
23.3384346785706,0,0.0173424537425691,0,23.3384346785706,0.0173424537425691,0.0173424537425691,0.0173424537425691,0.0189266195413323
21.0471310356801,0,0.0617673658141888,0,21.0471310356801,0.0617673658141888,0.0617673658141888,0.0617673658141888,0.047052745863464
16.8846431378076,0,0.0592246738975235,0,16.8846431378076,0.0592246738975235,0.0592246738975235,0.0592246738975235,0.0580511049145327
142.027144302285,0,0.0480428181832702,0,142.027144302285,0.0480428181832702,0.0480428181832702,0.0480428181832702,0.0151652887885014
10.8384906759069,0,-0.00221059163205814,0,10.8384906759069,-0.00221059163205814,-0.00221059163205814,-0.00221059163205814,0.0251376149245104
15.3983817607889,0,0.00875331277188317,0,15.3983817607889,0.00875331277188317,0.00875331277188317,0.00875331277188317,0.0553131630412198
14.6925462604222,0,-0.00458452472707301,0,14.6925462604222,-0.00458452472707301,-0.00458452472707301,-0.00458452472707301,0.0444254697733256
8.14116878127968,0,0.0313541787643274,0,8.14116878127968,0.0313541787643274,0.0313541787643274,0.0313541787643274,0.0267464950236586
11.0161041029769,0,-0.0031766917676102,0,11.0161041029769,-0.0031766917676102,-0.0031766917676102,-0.0031766917676102,0.0522005254908412
12.612078023469,0,-0.0597088928688878,0,12.612078023469,-0.0597088928688878,-0.0597088928688878,-0.0597088928688878,0.0322576765582896
27.9381463268887,0,-0.0196646199066465,0,27.9381463268887,-0.0196646199066465,-0.0196646199066465,-0.0196646199066465,0.0266030945529787
28.4056044215739,0,-0.0234835133541325,0,28.4056044215739,-0.0234835133541325,-0.0234835133541325,-0.0234835133541325,0.0460235649191708
9.44659083119766,0,-0.0979355343768668,0,9.44659083119766,-0.0979355343768668,-0.0979355343768668,-0.0979355343768668,0.106984919191722
14.3373106913918,0,-0.0165868652445846,0,14.3373106913918,-0.0165868652445846,-0.0165868652445846,-0.0165868652445846,0.0475684856482902
36.4912664165587,0,-0.147809743521965,0,36.4912664165587,-0.147809743521965,-0.147809743521965,-0.147809743521965,0.075083048553793
NA,NA,NA,NA,NA,NA,NA,NA,NA
3.48138260502119,0,-0.0431716232209931,0,3.48138260502119,-0.0431716232209931,-0.0431716232209931,-0.0431716232209931,0.0321818721032191
5.59197431763262,0,-0.0578220526680145,0,5.59197431763262,-0.0578220526680145,-0.0578220526680145,-0.0578220526680145,0.0290843221745671
7.10118523761685,0,-0.0285278978712163,0,7.10118523761685,-0.0285278978712163,-0.0285278978712163,-0.0285278978712163,0.0595492352872805
8.39406695268219,0,0.0167837864563465,0,8.39406695268219,0.0167837864563465,0.0167837864563465,0.0167837864563465,0.0322473662392579
6.68163411954067,0,0.0399525800720857,0,6.68163411954067,0.0399525800720857,0.0399525800720857,0.0399525800720857,0.0632642521725607
10.9419857642508,0,-0.0876235523401562,0,10.9419857642508,-0.0876235523401562,-0.0876235523401562,-0.0876235523401562,0.0336377588977628
9.567453602661,0,-0.0130573193727359,0,9.567453602661,-0.0130573193727359,-0.0130573193727359,-0.0130573193727359,0.0264340771076804
9.56764954052794,0,-0.00578932875863998,0,9.56764954052794,-0.00578932875863998,-0.00578932875863998,-0.00578932875863998,0.0288617279537588
9.58796747981615,0,0.00725905880614161,0,9.58796747981615,0.00725905880614161,0.00725905880614161,0.00725905880614161,0.0422687684348916
10.3415882006709,0,-0.0979591311963027,0,10.3415882006709,-0.0979591311963027,-0.0979591311963027,-0.0979591311963027,0.0379022425227411
9.03381024943225,0,-0.0258591277728825,0,9.03381024943225,-0.0258591277728825,-0.0258591277728825,-0.0258591277728825,0.0210013285642308
7.292171244769,0,0.0214216184583366,0,7.292171244769,0.0214216184583366,0.0214216184583366,0.0214216184583366,0.00787016036700002
10.6567948708008,0,0.0203455428827325,0,10.6567948708008,0.0203455428827325,0.0203455428827325,0.0203455428827325,0.0367174068081082
15.83958844307,0,0.0399832495665445,0,15.83958844307,0.0399832495665445,0.0399832495665445,0.0399832495665445,0.0130470310288665
17.7014293147066,0,0.0234372077444364,0,17.7014293147066,0.0234372077444364,0.0234372077444364,0.0234372077444364,0.0323786122878216
16.016217440795,0,-0.00369944404825601,0,16.016217440795,-0.00369944404825601,-0.00369944404825601,-0.00369944404825601,0.0376637682579198
13.5036026382197,0,0.0260526179813793,0,13.5036026382197,0.0260526179813793,0.0260526179813793,0.0260526179813793,0.0175137052055195
13.9836050997556,0,-0.0596374353307077,0,13.9836050997556,-0.0596374353307077,-0.0596374353307077,-0.0596374353307077,0.0260159424457815
11.3110693140974,0,0.00982781565554414,0,11.3110693140974,0.00982781565554414,0.00982781565554414,0.00982781565554414,0.0152975413868066
20.6083384757102,0,-0.0196913974375486,0,20.6083384757102,-0.0196913974375486,-0.0196913974375486,-0.0196913974375486,0.0564075951702511
12.3671082351961,0,0.0210231372322994,0,12.3671082351961,0.0210231372322994,0.0210231372322994,0.0210231372322994,0.0160828742749283
12.3654554745313,0,-0.0686880413546458,0,12.3654554745313,-0.0686880413546458,-0.0686880413546458,-0.0686880413546458,0.0513325050706189
19.2556223171704,0,0.0285945738844167,0,19.2556223171704,0.0285945738844167,0.0285945738844167,0.0285945738844167,0.0139726523520546
34.7312424253189,0,0.00360906084633839,0,34.7312424253189,0.00360906084633839,0.00360906084633839,0.00360906084633839,0.017575833019559
54.7209102152747,0,0.0196726221291343,0,54.7209102152747,0.0196726221291343,0.0196726221291343,0.0196726221291343,0.0109274670854921
14.729212643584,0,-0.0296594096014818,0,14.729212643584,-0.0296594096014818,-0.0296594096014818,-0.0296594096014818,0.0438275771773769
8.22166390729103,0,0.0200227074138689,0,8.22166390729103,0.0200227074138689,0.0200227074138689,0.0200227074138689,0.0889316774406693
11.7030101268542,0,0.0664031592294417,0,11.7030101268542,0.0664031592294417,0.0664031592294417,0.0664031592294417,0.0318702419669784
7.36539602284415,0,-0.0247872150245361,0,7.36539602284415,-0.0247872150245361,-0.0247872150245361,-0.0247872150245361,0.114121672795408
9.34902839864339,0,-0.0319037471830898,0,9.34902839864339,-0.0319037471830898,-0.0319037471830898,-0.0319037471830898,0.0353702402159913
12.5616640281909,0,0.00441577973083164,0,12.5616640281909,0.00441577973083164,0.00441577973083164,0.00441577973083164,0.0138459086615911
14.389195342198,0,0.0514818793481831,0,14.389195342198,0.0514818793481831,0.0514818793481831,0.0514818793481831,0.112813117182012
10.8363107906744,0,-0.028098390818107,0,10.8363107906744,-0.028098390818107,-0.028098390818107,-0.028098390818107,0.071926050301895
11.7003583105711,0,-0.00186774348468509,0,11.7003583105711,-0.00186774348468509,-0.00186774348468509,-0.00186774348468509,0.00589871207554302
14.1717804897526,0,0.027255899623745,0,14.1717804897526,0.027255899623745,0.027255899623745,0.027255899623745,0.0438772018708798
10.4916049522311,0,0.0132463173032987,0,10.4916049522311,0.0132463173032987,0.0132463173032987,0.0132463173032987,0.0267192917518445
12.491172371433,0,0.00616174807970621,0,12.491172371433,0.00616174807970621,0.00616174807970621,0.00616174807970621,0.0405245193389735
31.4129223891295,0,-0.0481702543197104,0,31.4129223891295,-0.0481702543197104,-0.0481702543197104,-0.0481702543197104,0.04354801944707
23.3384346785706,0,0.0173424537425691,0,23.3384346785706,0.0173424537425691,0.0173424537425691,0.0173424537425691,0.0189266195413323
21.0471310356801,0,0.0617673658141888,0,21.0471310356801,0.0617673658141888,0.0617673658141888,0.0617673658141888,0.047052745863464
16.8846431378076,0,0.0592246738975235,0,16.8846431378076,0.0592246738975235,0.0592246738975235,0.0592246738975235,0.0580511049145327
142.027144302285,0,0.0480428181832702,0,142.027144302285,0.0480428181832702,0.0480428181832702,0.0480428181832702,0.0151652887885014
10.8384906759069,0,-0.00221059163205814,0,10.8384906759069,-0.00221059163205814,-0.00221059163205814,-0.00221059163205814,0.0251376149245104
15.3983817607889,0,0.00875331277188317,0,15.3983817607889,0.00875331277188317,0.00875331277188317,0.00875331277188317,0.0553131630412198
14.6925462604222,0,-0.00458452472707301,0,14.6925462604222,-0.00458452472707301,-0.00458452472707301,-0.00458452472707301,0.0444254697733256
12.5310366569707,0,0.0109739413789005,0,12.5310366569707,0.0109739413789005,0.0109739413789005,0.0109739413789005,0.0301771491611757
11.0161041029769,0,-0.0031766917676102,0,11.0161041029769,-0.0031766917676102,-0.0031766917676102,-0.0031766917676102,0.0522005254908412
12.612078023469,0,-0.0597088928688878,0,12.612078023469,-0.0597088928688878,-0.0597088928688878,-0.0597088928688878,0.0322576765582896
27.9381463268887,0,-0.0196646199066465,0,27.9381463268887,-0.0196646199066465,-0.0196646199066465,-0.0196646199066465,0.0266030945529787
28.4056044215739,0,-0.0234835133541325,0,28.4056044215739,-0.0234835133541325,-0.0234835133541325,-0.0234835133541325,0.0460235649191708
9.44659083119766,0,-0.0979355343768668,0,9.44659083119766,-0.0979355343768668,-0.0979355343768668,-0.0979355343768668,0.106984919191722
14.3373106913918,0,-0.0165868652445846,0,14.3373106913918,-0.0165868652445846,-0.0165868652445846,-0.0165868652445846,0.0475684856482902
36.4912664165587,0,-0.147809743521965,0,36.4912664165587,-0.147809743521965,-0.147809743521965,-0.147809743521965,0.075083048553793
NA,NA,NA,NA,NA,NA,NA,NA,NA
3.48138260502119,0,-0.0431716232209931,0,3.48138260502119,-0.0431716232209931,-0.0431716232209931,-0.0431716232209931,0.0321818721032191
5.59197431763262,0,-0.0578220526680145,0,5.59197431763262,-0.0578220526680145,-0.0578220526680145,-0.0578220526680145,0.0290843221745671
7.10118523761685,0,-0.0285278978712163,0,7.10118523761685,-0.0285278978712163,-0.0285278978712163,-0.0285278978712163,0.0595492352872805
8.39406695268219,0,0.0167837864563465,0,8.39406695268219,0.0167837864563465,0.0167837864563465,0.0167837864563465,0.0322473662392579
6.68163411954067,0,0.0399525800720857,0,6.68163411954067,0.0399525800720857,0.0399525800720857,0.0399525800720857,0.0632642521725607
10.9419857642508,0,-0.0876235523401562,0,10.9419857642508,-0.0876235523401562,-0.0876235523401562,-0.0876235523401562,0.0336377588977628
9.567453602661,0,-0.0130573193727359,0,9.567453602661,-0.0130573193727359,-0.0130573193727359,-0.0130573193727359,0.0264340771076804
9.56764954052794,0,-0.00578932875863998,0,9.56764954052794,-0.00578932875863998,-0.00578932875863998,-0.00578932875863998,0.0288617279537588
9.58796747981615,0,0.00725905880614161,0,9.58796747981615,0.00725905880614161,0.00725905880614161,0.00725905880614161,0.0422687684348916
10.3415882006709,0,-0.0979591311963027,0,10.3415882006709,-0.0979591311963027,-0.0979591311963027,-0.0979591311963027,0.0379022425227411
9.03381024943225,0,-0.0258591277728825,0,9.03381024943225,-0.0258591277728825,-0.0258591277728825,-0.0258591277728825,0.0210013285642308
7.292171244769,0,0.0214216184583366,0,7.292171244769,0.0214216184583366,0.0214216184583366,0.0214216184583366,0.00787016036700002
10.6567948708008,0,0.0203455428827325,0,10.6567948708008,0.0203455428827325,0.0203455428827325,0.0203455428827325,0.0367174068081082
15.83958844307,0,0.0399832495665445,0,15.83958844307,0.0399832495665445,0.0399832495665445,0.0399832495665445,0.0130470310288665
17.7014293147066,0,0.0234372077444364,0,17.7014293147066,0.0234372077444364,0.0234372077444364,0.0234372077444364,0.0323786122878216
16.016217440795,0,-0.00369944404825601,0,16.016217440795,-0.00369944404825601,-0.00369944404825601,-0.00369944404825601,0.0376637682579198
13.5036026382197,0,0.0260526179813793,0,13.5036026382197,0.0260526179813793,0.0260526179813793,0.0260526179813793,0.0175137052055195
13.9836050997556,0,-0.0596374353307077,0,13.9836050997556,-0.0596374353307077,-0.0596374353307077,-0.0596374353307077,0.0260159424457815
11.3110693140974,0,0.00982781565554414,0,11.3110693140974,0.00982781565554414,0.00982781565554414,0.00982781565554414,0.0152975413868066
20.6083384757102,0,-0.0196913974375486,0,20.6083384757102,-0.0196913974375486,-0.0196913974375486,-0.0196913974375486,0.0564075951702511
12.3671082351961,0,0.0210231372322994,0,12.3671082351961,0.0210231372322994,0.0210231372322994,0.0210231372322994,0.0160828742749283
12.3654554745313,0,-0.0686880413546458,0,12.3654554745313,-0.0686880413546458,-0.0686880413546458,-0.0686880413546458,0.0513325050706189
19.2556223171704,0,0.0285945738844167,0,19.2556223171704,0.0285945738844167,0.0285945738844167,0.0285945738844167,0.0139726523520546
34.7312424253189,0,0.00360906084633839,0,34.7312424253189,0.00360906084633839,0.00360906084633839,0.00360906084633839,0.017575833019559
54.7209102152747,0,0.0196726221291343,0,54.7209102152747,0.0196726221291343,0.0196726221291343,0.0196726221291343,0.0109274670854921
14.729212643584,0,-0.0296594096014818,0,14.729212643584,-0.0296594096014818,-0.0296594096014818,-0.0296594096014818,0.0438275771773769
8.22166390729103,0,0.0200227074138689,0,8.22166390729103,0.0200227074138689,0.0200227074138689,0.0200227074138689,0.0889316774406693
11.7030101268542,0,0.0664031592294417,0,11.7030101268542,0.0664031592294417,0.0664031592294417,0.0664031592294417,0.0318702419669784
7.36539602284415,0,-0.0247872150245361,0,7.36539602284415,-0.0247872150245361,-0.0247872150245361,-0.0247872150245361,0.114121672795408
9.34902839864339,0,-0.0319037471830898,0,9.34902839864339,-0.0319037471830898,-0.0319037471830898,-0.0319037471830898,0.0353702402159913
12.5616640281909,0,0.00441577973083164,0,12.5616640281909,0.00441577973083164,0.00441577973083164,0.00441577973083164,0.0138459086615911
14.389195342198,0,0.0514818793481831,0,14.389195342198,0.0514818793481831,0.0514818793481831,0.0514818793481831,0.112813117182012
10.8363107906744,0,-0.028098390818107,0,10.8363107906744,-0.028098390818107,-0.028098390818107,-0.028098390818107,0.071926050301895
11.7003583105711,0,-0.00186774348468509,0,11.7003583105711,-0.00186774348468509,-0.00186774348468509,-0.00186774348468509,0.00589871207554302
14.1717804897526,0,0.027255899623745,0,14.1717804897526,0.027255899623745,0.027255899623745,0.027255899623745,0.0438772018708798
10.4916049522311,0,0.0132463173032987,0,10.4916049522311,0.0132463173032987,0.0132463173032987,0.0132463173032987,0.0267192917518445
12.491172371433,0,0.00616174807970621,0,12.491172371433,0.00616174807970621,0.00616174807970621,0.00616174807970621,0.0405245193389735
31.4129223891295,0,-0.0481702543197104,0,31.4129223891295,-0.0481702543197104,-0.0481702543197104,-0.0481702543197104,0.04354801944707
23.3384346785706,0,0.0173424537425691,0,23.3384346785706,0.0173424537425691,0.0173424537425691,0.0173424537425691,0.0189266195413323
21.0471310356801,0,0.0617673658141888,0,21.0471310356801,0.0617673658141888,0.0617673658141888,0.0617673658141888,0.047052745863464
16.8846431378076,0,0.0592246738975235,0,16.8846431378076,0.0592246738975235,0.0592246738975235,0.0592246738975235,0.0580511049145327
142.027144302285,0,0.0480428181832702,0,142.027144302285,0.0480428181832702,0.0480428181832702,0.0480428181832702,0.0151652887885014
10.8384906759069,0,-0.00221059163205814,0,10.8384906759069,-0.00221059163205814,-0.00221059163205814,-0.00221059163205814,0.0251376149245104
15.3983817607889,0,0.00875331277188317,0,15.3983817607889,0.00875331277188317,0.00875331277188317,0.00875331277188317,0.0553131630412198
14.6925462604222,0,-0.00458452472707301,0,14.6925462604222,-0.00458452472707301,-0.00458452472707301,-0.00458452472707301,0.0444254697733256
12.5310366569707,0,0.0109739413789005,0,12.5310366569707,0.0109739413789005,0.0109739413789005,0.0109739413789005,0.0301771491611757
11.0161041029769,0,-0.0031766917676102,0,11.0161041029769,-0.0031766917676102,-0.0031766917676102,-0.0031766917676102,0.0522005254908412
12.612078023469,0,-0.0597088928688878,0,12.612078023469,-0.0597088928688878,-0.0597088928688878,-0.0597088928688878,0.0322576765582896
27.9381463268887,0,-0.0196646199066465,0,27.9381463268887,-0.0196646199066465,-0.0196646199066465,-0.0196646199066465,0.0266030945529787
28.4056044215739,0,-0.0234835133541325,0,28.4056044215739,-0.0234835133541325,-0.0234835133541325,-0.0234835133541325,0.0460235649191708
9.44659083119766,0,-0.0979355343768668,0,9.44659083119766,-0.0979355343768668,-0.0979355343768668,-0.0979355343768668,0.106984919191722
14.3373106913918,0,-0.0165868652445846,0,14.3373106913918,-0.0165868652445846,-0.0165868652445846,-0.0165868652445846,0.0475684856482902
36.4912664165587,0,-0.147809743521965,0,36.4912664165587,-0.147809743521965,-0.147809743521965,-0.147809743521965,0.075083048553793
NA,NA,NA,NA,NA,NA,NA,NA,NA
3.48138260502119,0,-0.0431716232209931,0,3.48138260502119,-0.0431716232209931,-0.0431716232209931,-0.0431716232209931,0.0321818721032191
5.59197431763262,0,-0.0578220526680145,0,5.59197431763262,-0.0578220526680145,-0.0578220526680145,-0.0578220526680145,0.0290843221745671
7.10118523761685,0,-0.0285278978712163,0,7.10118523761685,-0.0285278978712163,-0.0285278978712163,-0.0285278978712163,0.0595492352872805
8.39406695268219,0,0.0167837864563465,0,8.39406695268219,0.0167837864563465,0.0167837864563465,0.0167837864563465,0.0322473662392579
6.68163411954067,0,0.0399525800720857,0,6.68163411954067,0.0399525800720857,0.0399525800720857,0.0399525800720857,0.0632642521725607
10.9419857642508,0,-0.0876235523401562,0,10.9419857642508,-0.0876235523401562,-0.0876235523401562,-0.0876235523401562,0.0336377588977628
9.567453602661,0,-0.0130573193727359,0,9.567453602661,-0.0130573193727359,-0.0130573193727359,-0.0130573193727359,0.0264340771076804
9.56764954052794,0,-0.00578932875863998,0,9.56764954052794,-0.00578932875863998,-0.00578932875863998,-0.00578932875863998,0.0288617279537588
9.58796747981615,0,0.00725905880614161,0,9.58796747981615,0.00725905880614161,0.00725905880614161,0.00725905880614161,0.0422687684348916
10.3415882006709,0,-0.0979591311963027,0,10.3415882006709,-0.0979591311963027,-0.0979591311963027,-0.0979591311963027,0.0379022425227411
9.03381024943225,0,-0.0258591277728825,0,9.03381024943225,-0.0258591277728825,-0.0258591277728825,-0.0258591277728825,0.0210013285642308
7.292171244769,0,0.0214216184583366,0,7.292171244769,0.0214216184583366,0.0214216184583366,0.0214216184583366,0.00787016036700002
10.6567948708008,0,0.0203455428827325,0,10.6567948708008,0.0203455428827325,0.0203455428827325,0.0203455428827325,0.0367174068081082
15.83958844307,0,0.0399832495665445,0,15.83958844307,0.0399832495665445,0.0399832495665445,0.0399832495665445,0.0130470310288665
17.7014293147066,0,0.0234372077444364,0,17.7014293147066,0.0234372077444364,0.0234372077444364,0.0234372077444364,0.0323786122878216
16.016217440795,0,-0.00369944404825601,0,16.016217440795,-0.00369944404825601,-0.00369944404825601,-0.00369944404825601,0.0376637682579198
13.5036026382197,0,0.0260526179813793,0,13.5036026382197,0.0260526179813793,0.0260526179813793,0.0260526179813793,0.0175137052055195
13.9836050997556,0,-0.0596374353307077,0,13.9836050997556,-0.0596374353307077,-0.0596374353307077,-0.0596374353307077,0.0260159424457815
11.3110693140974,0,0.00982781565554414,0,11.3110693140974,0.00982781565554414,0.00982781565554414,0.00982781565554414,0.0152975413868066
20.6083384757102,0,-0.0196913974375486,0,20.6083384757102,-0.0196913974375486,-0.0196913974375486,-0.0196913974375486,0.0564075951702511
12.3671082351961,0,0.0210231372322994,0,12.3671082351961,0.0210231372322994,0.0210231372322994,0.0210231372322994,0.0160828742749283
12.3654554745313,0,-0.0686880413546458,0,12.3654554745313,-0.0686880413546458,-0.0686880413546458,-0.0686880413546458,0.0513325050706189
19.2556223171704,0,0.0285945738844167,0,19.2556223171704,0.0285945738844167,0.0285945738844167,0.0285945738844167,0.0139726523520546
34.7312424253189,0,0.00360906084633839,0,34.7312424253189,0.00360906084633839,0.00360906084633839,0.00360906084633839,0.017575833019559
54.7209102152747,0,0.0196726221291343,0,54.7209102152747,0.0196726221291343,0.0196726221291343,0.0196726221291343,0.0109274670854921
14.729212643584,0,-0.0296594096014818,0,14.729212643584,-0.0296594096014818,-0.0296594096014818,-0.0296594096014818,0.0438275771773769
8.22166390729103,0,0.0200227074138689,0,8.22166390729103,0.0200227074138689,0.0200227074138689,0.0200227074138689,0.0889316774406693
11.7030101268542,0,0.0664031592294417,0,11.7030101268542,0.0664031592294417,0.0664031592294417,0.0664031592294417,0.0318702419669784
7.36539602284415,0,-0.0247872150245361,0,7.36539602284415,-0.0247872150245361,-0.0247872150245361,-0.0247872150245361,0.114121672795408
9.34902839864339,0,-0.0319037471830898,0,9.34902839864339,-0.0319037471830898,-0.0319037471830898,-0.0319037471830898,0.0353702402159913
12.5616640281909,0,0.00441577973083164,0,12.5616640281909,0.00441577973083164,0.00441577973083164,0.00441577973083164,0.0138459086615911
14.389195342198,0,0.0514818793481831,0,14.389195342198,0.0514818793481831,0.0514818793481831,0.0514818793481831,0.112813117182012
10.8363107906744,0,-0.028098390818107,0,10.8363107906744,-0.028098390818107,-0.028098390818107,-0.028098390818107,0.071926050301895
11.7003583105711,0,-0.00186774348468509,0,11.7003583105711,-0.00186774348468509,-0.00186774348468509,-0.00186774348468509,0.00589871207554302
14.1717804897526,0,0.027255899623745,0,14.1717804897526,0.027255899623745,0.027255899623745,0.027255899623745,0.0438772018708798
10.4916049522311,0,0.0132463173032987,0,10.4916049522311,0.0132463173032987,0.0132463173032987,0.0132463173032987,0.0267192917518445
12.491172371433,0,0.00616174807970621,0,12.491172371433,0.00616174807970621,0.00616174807970621,0.00616174807970621,0.0405245193389735
31.4129223891295,0,-0.0481702543197104,0,31.4129223891295,-0.0481702543197104,-0.0481702543197104,-0.0481702543197104,0.04354801944707
23.3384346785706,0,0.0173424537425691,0,23.3384346785706,0.0173424537425691,0.0173424537425691,0.0173424537425691,0.0189266195413323
21.0471310356801,0,0.0617673658141888,0,21.0471310356801,0.0617673658141888,0.0617673658141888,0.0617673658141888,0.047052745863464
16.8846431378076,0,0.0592246738975235,0,16.8846431378076,0.0592246738975235,0.0592246738975235,0.0592246738975235,0.0580511049145327
142.027144302285,0,0.0480428181832702,0,142.027144302285,0.0480428181832702,0.0480428181832702,0.0480428181832702,0.0151652887885014
10.8384906759069,0,-0.00221059163205814,0,10.8384906759069,-0.00221059163205814,-0.00221059163205814,-0.00221059163205814,0.0251376149245104
15.3983817607889,0,0.00875331277188317,0,15.3983817607889,0.00875331277188317,0.00875331277188317,0.00875331277188317,0.0553131630412198
14.6925462604222,0,-0.00458452472707301,0,14.6925462604222,-0.00458452472707301,-0.00458452472707301,-0.00458452472707301,0.0444254697733256
12.5310366569707,0,0.0109739413789005,0,12.5310366569707,0.0109739413789005,0.0109739413789005,0.0109739413789005,0.0301771491611757
11.0161041029769,0,-0.0031766917676102,0,11.0161041029769,-0.0031766917676102,-0.0031766917676102,-0.0031766917676102,0.0522005254908412
12.612078023469,0,-0.0597088928688878,0,12.612078023469,-0.0597088928688878,-0.0597088928688878,-0.0597088928688878,0.0322576765582896
27.9381463268887,0,-0.0196646199066465,0,27.9381463268887,-0.0196646199066465,-0.0196646199066465,-0.0196646199066465,0.0266030945529787
28.4056044215739,0,-0.0234835133541325,0,28.4056044215739,-0.0234835133541325,-0.0234835133541325,-0.0234835133541325,0.0460235649191708
9.44659083119766,0,-0.0979355343768668,0,9.44659083119766,-0.0979355343768668,-0.0979355343768668,-0.0979355343768668,0.106984919191722
14.3373106913918,0,-0.0165868652445846,0,14.3373106913918,-0.0165868652445846,-0.0165868652445846,-0.0165868652445846,0.0475684856482902
36.4912664165587,0,-0.147809743521965,0,36.4912664165587,-0.147809743521965,-0.147809743521965,-0.147809743521965,0.075083048553793
NA,NA,NA,NA,NA,NA,NA,NA,NA
3.48138260502119,0,-0.0431716232209931,0,3.48138260502119,-0.0431716232209931,-0.0431716232209931,-0.0431716232209931,0.0321818721032191
5.59197431763262,0,-0.0578220526680145,0,5.59197431763262,-0.0578220526680145,-0.0578220526680145,-0.0578220526680145,0.0290843221745671
7.10118523761685,0,-0.0285278978712163,0,7.10118523761685,-0.0285278978712163,-0.0285278978712163,-0.0285278978712163,0.0595492352872805
8.39406695268219,0,0.0167837864563465,0,8.39406695268219,0.0167837864563465,0.0167837864563465,0.0167837864563465,0.0322473662392579
6.68163411954067,0,0.0399525800720857,0,6.68163411954067,0.0399525800720857,0.0399525800720857,0.0399525800720857,0.0632642521725607
10.9419857642508,0,-0.0876235523401562,0,10.9419857642508,-0.0876235523401562,-0.0876235523401562,-0.0876235523401562,0.0336377588977628
9.567453602661,0,-0.0130573193727359,0,9.567453602661,-0.0130573193727359,-0.0130573193727359,-0.0130573193727359,0.0264340771076804
9.56764954052794,0,-0.00578932875863998,0,9.56764954052794,-0.00578932875863998,-0.00578932875863998,-0.00578932875863998,0.0288617279537588
9.58796747981615,0,0.00725905880614161,0,9.58796747981615,0.00725905880614161,0.00725905880614161,0.00725905880614161,0.0422687684348916
10.3415882006709,0,-0.0979591311963027,0,10.3415882006709,-0.0979591311963027,-0.0979591311963027,-0.0979591311963027,0.0379022425227411
9.03381024943225,0,-0.0258591277728825,0,9.03381024943225,-0.0258591277728825,-0.0258591277728825,-0.0258591277728825,0.0210013285642308
7.292171244769,0,0.0214216184583366,0,7.292171244769,0.0214216184583366,0.0214216184583366,0.0214216184583366,0.00787016036700002
10.6567948708008,0,0.0203455428827325,0,10.6567948708008,0.0203455428827325,0.0203455428827325,0.0203455428827325,0.0367174068081082
15.83958844307,0,0.0399832495665445,0,15.83958844307,0.0399832495665445,0.0399832495665445,0.0399832495665445,0.0130470310288665
17.7014293147066,0,0.0234372077444364,0,17.7014293147066,0.0234372077444364,0.0234372077444364,0.0234372077444364,0.0323786122878216
16.016217440795,0,-0.00369944404825601,0,16.016217440795,-0.00369944404825601,-0.00369944404825601,-0.00369944404825601,0.0376637682579198
13.5036026382197,0,0.0260526179813793,0,13.5036026382197,0.0260526179813793,0.0260526179813793,0.0260526179813793,0.0175137052055195
13.9836050997556,0,-0.0596374353307077,0,13.9836050997556,-0.0596374353307077,-0.0596374353307077,-0.0596374353307077,0.0260159424457815
11.3110693140974,0,0.00982781565554414,0,11.3110693140974,0.00982781565554414,0.00982781565554414,0.00982781565554414,0.0152975413868066
20.6083384757102,0,-0.0196913974375486,0,20.6083384757102,-0.0196913974375486,-0.0196913974375486,-0.0196913974375486,0.0564075951702511
12.3671082351961,0,0.0210231372322994,0,12.3671082351961,0.0210231372322994,0.0210231372322994,0.0210231372322994,0.0160828742749283
12.3654554745313,0,-0.0686880413546458,0,12.3654554745313,-0.0686880413546458,-0.0686880413546458,-0.0686880413546458,0.0513325050706189
19.2556223171704,0,0.0285945738844167,0,19.2556223171704,0.0285945738844167,0.0285945738844167,0.0285945738844167,0.0139726523520546
34.7312424253189,0,0.00360906084633839,0,34.7312424253189,0.00360906084633839,0.00360906084633839,0.00360906084633839,0.017575833019559
54.7209102152747,0,0.0196726221291343,0,54.7209102152747,0.0196726221291343,0.0196726221291343,0.0196726221291343,0.0109274670854921
14.729212643584,0,-0.0296594096014818,0,14.729212643584,-0.0296594096014818,-0.0296594096014818,-0.0296594096014818,0.0438275771773769
8.22166390729103,0,0.0200227074138689,0,8.22166390729103,0.0200227074138689,0.0200227074138689,0.0200227074138689,0.0889316774406693
11.7030101268542,0,0.0664031592294417,0,11.7030101268542,0.0664031592294417,0.0664031592294417,0.0664031592294417,0.0318702419669784
7.36539602284415,0,-0.0247872150245361,0,7.36539602284415,-0.0247872150245361,-0.0247872150245361,-0.0247872150245361,0.114121672795408
9.34902839864339,0,-0.0319037471830898,0,9.34902839864339,-0.0319037471830898,-0.0319037471830898,-0.0319037471830898,0.0353702402159913
12.5616640281909,0,0.00441577973083164,0,12.5616640281909,0.00441577973083164,0.00441577973083164,0.00441577973083164,0.0138459086615911
14.389195342198,0,0.0514818793481831,0,14.389195342198,0.0514818793481831,0.0514818793481831,0.0514818793481831,0.112813117182012
10.8363107906744,0,-0.028098390818107,0,10.8363107906744,-0.028098390818107,-0.028098390818107,-0.028098390818107,0.071926050301895
11.7003583105711,0,-0.00186774348468509,0,11.7003583105711,-0.00186774348468509,-0.00186774348468509,-0.00186774348468509,0.00589871207554302
14.1717804897526,0,0.027255899623745,0,14.1717804897526,0.027255899623745,0.027255899623745,0.027255899623745,0.0438772018708798
10.4916049522311,0,0.0132463173032987,0,10.4916049522311,0.0132463173032987,0.0132463173032987,0.0132463173032987,0.0267192917518445
12.491172371433,0,0.00616174807970621,0,12.491172371433,0.00616174807970621,0.00616174807970621,0.00616174807970621,0.0405245193389735
31.4129223891295,0,-0.0481702543197104,0,31.4129223891295,-0.0481702543197104,-0.0481702543197104,-0.0481702543197104,0.04354801944707
23.3384346785706,0,0.0173424537425691,0,23.3384346785706,0.0173424537425691,0.0173424537425691,0.0173424537425691,0.0189266195413323
21.0471310356801,0,0.0617673658141888,0,21.0471310356801,0.0617673658141888,0.0617673658141888,0.0617673658141888,0.047052745863464
16.8846431378076,0,0.0592246738975235,0,16.8846431378076,0.0592246738975235,0.0592246738975235,0.0592246738975235,0.0580511049145327
142.027144302285,0,0.0480428181832702,0,142.027144302285,0.0480428181832702,0.0480428181832702,0.0480428181832702,0.0151652887885014
10.8384906759069,0,-0.00221059163205814,0,10.8384906759069,-0.00221059163205814,-0.00221059163205814,-0.00221059163205814,0.0251376149245104
15.3983817607889,0,0.00875331277188317,0,15.3983817607889,0.00875331277188317,0.00875331277188317,0.00875331277188317,0.0553131630412198
14.6925462604222,0,-0.00458452472707301,0,14.6925462604222,-0.00458452472707301,-0.00458452472707301,-0.00458452472707301,0.0444254697733256
12.5310366569707,0,0.0109739413789005,0,12.5310366569707,0.0109739413789005,0.0109739413789005,0.0109739413789005,0.0301771491611757
11.0161041029769,0,-0.0031766917676102,0,11.0161041029769,-0.0031766917676102,-0.0031766917676102,-0.0031766917676102,0.0522005254908412
12.612078023469,0,-0.0597088928688878,0,12.612078023469,-0.0597088928688878,-0.0597088928688878,-0.0597088928688878,0.0322576765582896
27.9381463268887,0,-0.0196646199066465,0,27.9381463268887,-0.0196646199066465,-0.0196646199066465,-0.0196646199066465,0.0266030945529787
28.4056044215739,0,-0.0234835133541325,0,28.4056044215739,-0.0234835133541325,-0.0234835133541325,-0.0234835133541325,0.0460235649191708
9.44659083119766,0,-0.0979355343768668,0,9.44659083119766,-0.0979355343768668,-0.0979355343768668,-0.0979355343768668,0.106984919191722
14.3373106913918,0,-0.0165868652445846,0,14.3373106913918,-0.0165868652445846,-0.0165868652445846,-0.0165868652445846,0.0475684856482902
36.4912664165587,0,-0.147809743521965,0,36.4912664165587,-0.147809743521965,-0.147809743521965,-0.147809743521965,0.075083048553793
NA,NA,NA,NA,NA,NA,NA,NA,NA
3.48138260502119,0,-0.0431716232209931,0,3.48138260502119,-0.0431716232209931,-0.0431716232209931,-0.0431716232209931,0.0321818721032191
5.59197431763262,0,-0.0578220526680145,0,5.59197431763262,-0.0578220526680145,-0.0578220526680145,-0.0578220526680145,0.0290843221745671
7.10118523761685,0,-0.0285278978712163,0,7.10118523761685,-0.0285278978712163,-0.0285278978712163,-0.0285278978712163,0.0595492352872805
8.39406695268219,0,0.0167837864563465,0,8.39406695268219,0.0167837864563465,0.0167837864563465,0.0167837864563465,0.0322473662392579
6.68163411954067,0,0.0399525800720857,0,6.68163411954067,0.0399525800720857,0.0399525800720857,0.0399525800720857,0.0632642521725607
10.9419857642508,0,-0.0876235523401562,0,10.9419857642508,-0.0876235523401562,-0.0876235523401562,-0.0876235523401562,0.0336377588977628
9.567453602661,0,-0.0130573193727359,0,9.567453602661,-0.0130573193727359,-0.0130573193727359,-0.0130573193727359,0.0264340771076804
9.56764954052794,0,-0.00578932875863998,0,9.56764954052794,-0.00578932875863998,-0.00578932875863998,-0.00578932875863998,0.0288617279537588
9.58796747981615,0,0.00725905880614161,0,9.58796747981615,0.00725905880614161,0.00725905880614161,0.00725905880614161,0.0422687684348916
10.3415882006709,0,-0.0979591311963027,0,10.3415882006709,-0.0979591311963027,-0.0979591311963027,-0.0979591311963027,0.0379022425227411
9.03381024943225,0,-0.0258591277728825,0,9.03381024943225,-0.0258591277728825,-0.0258591277728825,-0.0258591277728825,0.0210013285642308
7.292171244769,0,0.0214216184583366,0,7.292171244769,0.0214216184583366,0.0214216184583366,0.0214216184583366,0.00787016036700002
10.6567948708008,0,0.0203455428827325,0,10.6567948708008,0.0203455428827325,0.0203455428827325,0.0203455428827325,0.0367174068081082
15.83958844307,0,0.0399832495665445,0,15.83958844307,0.0399832495665445,0.0399832495665445,0.0399832495665445,0.0130470310288665
17.7014293147066,0,0.0234372077444364,0,17.7014293147066,0.0234372077444364,0.0234372077444364,0.0234372077444364,0.0323786122878216
16.016217440795,0,-0.00369944404825601,0,16.016217440795,-0.00369944404825601,-0.00369944404825601,-0.00369944404825601,0.0376637682579198
13.5036026382197,0,0.0260526179813793,0,13.5036026382197,0.0260526179813793,0.0260526179813793,0.0260526179813793,0.0175137052055195
13.9836050997556,0,-0.0596374353307077,0,13.9836050997556,-0.0596374353307077,-0.0596374353307077,-0.0596374353307077,0.0260159424457815
11.3110693140974,0,0.00982781565554414,0,11.3110693140974,0.00982781565554414,0.00982781565554414,0.00982781565554414,0.0152975413868066
20.6083384757102,0,-0.0196913974375486,0,20.6083384757102,-0.0196913974375486,-0.0196913974375486,-0.0196913974375486,0.0564075951702511
12.3671082351961,0,0.0210231372322994,0,12.3671082351961,0.0210231372322994,0.0210231372322994,0.0210231372322994,0.0160828742749283
12.3654554745313,0,-0.0686880413546458,0,12.3654554745313,-0.0686880413546458,-0.0686880413546458,-0.0686880413546458,0.0513325050706189
19.2556223171704,0,0.0285945738844167,0,19.2556223171704,0.0285945738844167,0.0285945738844167,0.0285945738844167,0.0139726523520546
34.7312424253189,0,0.00360906084633839,0,34.7312424253189,0.00360906084633839,0.00360906084633839,0.00360906084633839,0.017575833019559
54.7209102152747,0,0.0196726221291343,0,54.7209102152747,0.0196726221291343,0.0196726221291343,0.0196726221291343,0.0109274670854921
14.729212643584,0,-0.0296594096014818,0,14.729212643584,-0.0296594096014818,-0.0296594096014818,-0.0296594096014818,0.0438275771773769
8.22166390729103,0,0.0200227074138689,0,8.22166390729103,0.0200227074138689,0.0200227074138689,0.0200227074138689,0.0889316774406693
11.7030101268542,0,0.0664031592294417,0,11.7030101268542,0.0664031592294417,0.0664031592294417,0.0664031592294417,0.0318702419669784
7.36539602284415,0,-0.0247872150245361,0,7.36539602284415,-0.0247872150245361,-0.0247872150245361,-0.0247872150245361,0.114121672795408
9.34902839864339,0,-0.0319037471830898,0,9.34902839864339,-0.0319037471830898,-0.0319037471830898,-0.0319037471830898,0.0353702402159913
12.5616640281909,0,0.00441577973083164,0,12.5616640281909,0.00441577973083164,0.00441577973083164,0.00441577973083164,0.0138459086615911
14.389195342198,0,0.0514818793481831,0,14.389195342198,0.0514818793481831,0.0514818793481831,0.0514818793481831,0.112813117182012
10.8363107906744,0,-0.028098390818107,0,10.8363107906744,-0.028098390818107,-0.028098390818107,-0.028098390818107,0.071926050301895
11.7003583105711,0,-0.00186774348468509,0,11.7003583105711,-0.00186774348468509,-0.00186774348468509,-0.00186774348468509,0.00589871207554302
14.1717804897526,0,0.027255899623745,0,14.1717804897526,0.027255899623745,0.027255899623745,0.027255899623745,0.0438772018708798
10.4916049522311,0,0.0132463173032987,0,10.4916049522311,0.0132463173032987,0.0132463173032987,0.0132463173032987,0.0267192917518445
12.491172371433,0,0.00616174807970621,0,12.491172371433,0.00616174807970621,0.00616174807970621,0.00616174807970621,0.0405245193389735
31.4129223891295,0,-0.0481702543197104,0,31.4129223891295,-0.0481702543197104,-0.0481702543197104,-0.0481702543197104,0.04354801944707
23.3384346785706,0,0.0173424537425691,0,23.3384346785706,0.0173424537425691,0.0173424537425691,0.0173424537425691,0.0189266195413323
21.0471310356801,0,0.0617673658141888,0,21.0471310356801,0.0617673658141888,0.0617673658141888,0.0617673658141888,0.047052745863464
16.8846431378076,0,0.0592246738975235,0,16.8846431378076,0.0592246738975235,0.0592246738975235,0.0592246738975235,0.0580511049145327
142.027144302285,0,0.0480428181832702,0,142.027144302285,0.0480428181832702,0.0480428181832702,0.0480428181832702,0.0151652887885014
10.8384906759069,0,-0.00221059163205814,0,10.8384906759069,-0.00221059163205814,-0.00221059163205814,-0.00221059163205814,0.0251376149245104
15.3983817607889,0,0.00875331277188317,0,15.3983817607889,0.00875331277188317,0.00875331277188317,0.00875331277188317,0.0553131630412198
14.6925462604222,0,-0.00458452472707301,0,14.6925462604222,-0.00458452472707301,-0.00458452472707301,-0.00458452472707301,0.0444254697733256
12.5310366569707,0,0.0109739413789005,0,12.5310366569707,0.0109739413789005,0.0109739413789005,0.0109739413789005,0.0301771491611757
11.0161041029769,0,-0.0031766917676102,0,11.0161041029769,-0.0031766917676102,-0.0031766917676102,-0.0031766917676102,0.0522005254908412
12.612078023469,0,-0.0597088928688878,0,12.612078023469,-0.0597088928688878,-0.0597088928688878,-0.0597088928688878,0.0322576765582896
27.9381463268887,0,-0.0196646199066465,0,27.9381463268887,-0.0196646199066465,-0.0196646199066465,-0.0196646199066465,0.0266030945529787
28.4056044215739,0,-0.0234835133541325,0,28.4056044215739,-0.0234835133541325,-0.0234835133541325,-0.0234835133541325,0.0460235649191708
9.44659083119766,0,-0.0979355343768668,0,9.44659083119766,-0.0979355343768668,-0.0979355343768668,-0.0979355343768668,0.106984919191722
14.3373106913918,0,-0.0165868652445846,0,14.3373106913918,-0.0165868652445846,-0.0165868652445846,-0.0165868652445846,0.0475684856482902
36.4912664165587,0,-0.147809743521965,0,36.4912664165587,-0.147809743521965,-0.147809743521965,-0.147809743521965,0.075083048553793
NA,NA,NA,NA,NA,NA,NA,NA,NA
3.48138260502119,0,-0.0431716232209931,0,3.48138260502119,-0.0431716232209931,-0.0431716232209931,-0.0431716232209931,0.0321818721032191
5.59197431763262,0,-0.0578220526680145,0,5.59197431763262,-0.0578220526680145,-0.0578220526680145,-0.0578220526680145,0.0290843221745671
7.10118523761685,0,-0.0285278978712163,0,7.10118523761685,-0.0285278978712163,-0.0285278978712163,-0.0285278978712163,0.0595492352872805
8.39406695268219,0,0.0167837864563465,0,8.39406695268219,0.0167837864563465,0.0167837864563465,0.0167837864563465,0.0322473662392579
6.68163411954067,0,0.0399525800720857,0,6.68163411954067,0.0399525800720857,0.0399525800720857,0.0399525800720857,0.0632642521725607
10.9419857642508,0,-0.0876235523401562,0,10.9419857642508,-0.0876235523401562,-0.0876235523401562,-0.0876235523401562,0.0336377588977628
9.567453602661,0,-0.0130573193727359,0,9.567453602661,-0.0130573193727359,-0.0130573193727359,-0.0130573193727359,0.0264340771076804
9.56764954052794,0,-0.00578932875863998,0,9.56764954052794,-0.00578932875863998,-0.00578932875863998,-0.00578932875863998,0.0288617279537588
9.58796747981615,0,0.00725905880614161,0,9.58796747981615,0.00725905880614161,0.00725905880614161,0.00725905880614161,0.0422687684348916
10.3415882006709,0,-0.0979591311963027,0,10.3415882006709,-0.0979591311963027,-0.0979591311963027,-0.0979591311963027,0.0379022425227411
9.03381024943225,0,-0.0258591277728825,0,9.03381024943225,-0.0258591277728825,-0.0258591277728825,-0.0258591277728825,0.0210013285642308
7.292171244769,0,0.0214216184583366,0,7.292171244769,0.0214216184583366,0.0214216184583366,0.0214216184583366,0.00787016036700002
10.6567948708008,0,0.0203455428827325,0,10.6567948708008,0.0203455428827325,0.0203455428827325,0.0203455428827325,0.0367174068081082
15.83958844307,0,0.0399832495665445,0,15.83958844307,0.0399832495665445,0.0399832495665445,0.0399832495665445,0.0130470310288665
17.7014293147066,0,0.0234372077444364,0,17.7014293147066,0.0234372077444364,0.0234372077444364,0.0234372077444364,0.0323786122878216
16.016217440795,0,-0.00369944404825601,0,16.016217440795,-0.00369944404825601,-0.00369944404825601,-0.00369944404825601,0.0376637682579198
13.5036026382197,0,0.0260526179813793,0,13.5036026382197,0.0260526179813793,0.0260526179813793,0.0260526179813793,0.0175137052055195
13.9836050997556,0,-0.0596374353307077,0,13.9836050997556,-0.0596374353307077,-0.0596374353307077,-0.0596374353307077,0.0260159424457815
11.3110693140974,0,0.00982781565554414,0,11.3110693140974,0.00982781565554414,0.00982781565554414,0.00982781565554414,0.0152975413868066
20.6083384757102,0,-0.0196913974375486,0,20.6083384757102,-0.0196913974375486,-0.0196913974375486,-0.0196913974375486,0.0564075951702511
12.3671082351961,0,0.0210231372322994,0,12.3671082351961,0.0210231372322994,0.0210231372322994,0.0210231372322994,0.0160828742749283
12.3654554745313,0,-0.0686880413546458,0,12.3654554745313,-0.0686880413546458,-0.0686880413546458,-0.0686880413546458,0.0513325050706189
19.2556223171704,0,0.0285945738844167,0,19.2556223171704,0.0285945738844167,0.0285945738844167,0.0285945738844167,0.0139726523520546
34.7312424253189,0,0.00360906084633839,0,34.7312424253189,0.00360906084633839,0.00360906084633839,0.00360906084633839,0.017575833019559
54.7209102152747,0,0.0196726221291343,0,54.7209102152747,0.0196726221291343,0.0196726221291343,0.0196726221291343,0.0109274670854921
14.729212643584,0,-0.0296594096014818,0,14.729212643584,-0.0296594096014818,-0.0296594096014818,-0.0296594096014818,0.0438275771773769
8.22166390729103,0,0.0200227074138689,0,8.22166390729103,0.0200227074138689,0.0200227074138689,0.0200227074138689,0.0889316774406693
11.7030101268542,0,0.0664031592294417,0,11.7030101268542,0.0664031592294417,0.0664031592294417,0.0664031592294417,0.0318702419669784
7.36539602284415,0,-0.0247872150245361,0,7.36539602284415,-0.0247872150245361,-0.0247872150245361,-0.0247872150245361,0.114121672795408
9.34902839864339,0,-0.0319037471830898,0,9.34902839864339,-0.0319037471830898,-0.0319037471830898,-0.0319037471830898,0.0353702402159913
12.5616640281909,0,0.00441577973083164,0,12.5616640281909,0.00441577973083164,0.00441577973083164,0.00441577973083164,0.0138459086615911
14.389195342198,0,0.0514818793481831,0,14.389195342198,0.0514818793481831,0.0514818793481831,0.0514818793481831,0.112813117182012
10.8363107906744,0,-0.028098390818107,0,10.8363107906744,-0.028098390818107,-0.028098390818107,-0.028098390818107,0.071926050301895
11.7003583105711,0,-0.00186774348468509,0,11.7003583105711,-0.00186774348468509,-0.00186774348468509,-0.00186774348468509,0.00589871207554302
14.1717804897526,0,0.027255899623745,0,14.1717804897526,0.027255899623745,0.027255899623745,0.027255899623745,0.0438772018708798
10.4916049522311,0,0.0132463173032987,0,10.4916049522311,0.0132463173032987,0.0132463173032987,0.0132463173032987,0.0267192917518445
12.491172371433,0,0.00616174807970621,0,12.491172371433,0.00616174807970621,0.00616174807970621,0.00616174807970621,0.0405245193389735
31.4129223891295,0,-0.0481702543197104,0,31.4129223891295,-0.0481702543197104,-0.0481702543197104,-0.0481702543197104,0.04354801944707
23.3384346785706,0,0.0173424537425691,0,23.3384346785706,0.0173424537425691,0.0173424537425691,0.0173424537425691,0.0189266195413323
21.0471310356801,0,0.0617673658141888,0,21.0471310356801,0.0617673658141888,0.0617673658141888,0.0617673658141888,0.047052745863464
16.8846431378076,0,0.0592246738975235,0,16.8846431378076,0.0592246738975235,0.0592246738975235,0.0592246738975235,0.0580511049145327
142.027144302285,0,0.0480428181832702,0,142.027144302285,0.0480428181832702,0.0480428181832702,0.0480428181832702,0.0151652887885014
10.8384906759069,0,-0.00221059163205814,0,10.8384906759069,-0.00221059163205814,-0.00221059163205814,-0.00221059163205814,0.0251376149245104
15.3983817607889,0,0.00875331277188317,0,15.3983817607889,0.00875331277188317,0.00875331277188317,0.00875331277188317,0.0553131630412198
14.6925462604222,0,-0.00458452472707301,0,14.6925462604222,-0.00458452472707301,-0.00458452472707301,-0.00458452472707301,0.0444254697733256
12.5310366569707,0,0.0109739413789005,0,12.5310366569707,0.0109739413789005,0.0109739413789005,0.0109739413789005,0.0301771491611757
11.0161041029769,0,-0.0031766917676102,0,11.0161041029769,-0.0031766917676102,-0.0031766917676102,-0.0031766917676102,0.0522005254908412
12.612078023469,0,-0.0597088928688878,0,12.612078023469,-0.0597088928688878,-0.0597088928688878,-0.0597088928688878,0.0322576765582896
27.9381463268887,0,-0.0196646199066465,0,27.9381463268887,-0.0196646199066465,-0.0196646199066465,-0.0196646199066465,0.0266030945529787
28.4056044215739,0,-0.0234835133541325,0,28.4056044215739,-0.0234835133541325,-0.0234835133541325,-0.0234835133541325,0.0460235649191708
9.44659083119766,0,-0.0979355343768668,0,9.44659083119766,-0.0979355343768668,-0.0979355343768668,-0.0979355343768668,0.106984919191722
14.3373106913918,0,-0.0165868652445846,0,14.3373106913918,-0.0165868652445846,-0.0165868652445846,-0.0165868652445846,0.0475684856482902
36.4912664165587,0,-0.147809743521965,0,36.4912664165587,-0.147809743521965,-0.147809743521965,-0.147809743521965,0.075083048553793
NA,NA,NA,NA,NA,NA,NA,NA,NA
3.48138260502119,0,-0.0431716232209931,0,3.48138260502119,-0.0431716232209931,-0.0431716232209931,-0.0431716232209931,0.0321818721032191
5.59197431763262,0,-0.0578220526680145,0,5.59197431763262,-0.0578220526680145,-0.0578220526680145,-0.0578220526680145,0.0290843221745671
7.10118523761685,0,-0.0285278978712163,0,7.10118523761685,-0.0285278978712163,-0.0285278978712163,-0.0285278978712163,0.0595492352872805
8.39406695268219,0,0.0167837864563465,0,8.39406695268219,0.0167837864563465,0.0167837864563465,0.0167837864563465,0.0322473662392579
6.68163411954067,0,0.0399525800720857,0,6.68163411954067,0.0399525800720857,0.0399525800720857,0.0399525800720857,0.0632642521725607
10.9419857642508,0,-0.0876235523401562,0,10.9419857642508,-0.0876235523401562,-0.0876235523401562,-0.0876235523401562,0.0336377588977628
9.567453602661,0,-0.0130573193727359,0,9.567453602661,-0.0130573193727359,-0.0130573193727359,-0.0130573193727359,0.0264340771076804
9.56764954052794,0,-0.00578932875863998,0,9.56764954052794,-0.00578932875863998,-0.00578932875863998,-0.00578932875863998,0.0288617279537588
9.58796747981615,0,0.00725905880614161,0,9.58796747981615,0.00725905880614161,0.00725905880614161,0.00725905880614161,0.0422687684348916
10.3415882006709,0,-0.0979591311963027,0,10.3415882006709,-0.0979591311963027,-0.0979591311963027,-0.0979591311963027,0.0379022425227411
9.03381024943225,0,-0.0258591277728825,0,9.03381024943225,-0.0258591277728825,-0.0258591277728825,-0.0258591277728825,0.0210013285642308
7.292171244769,0,0.0214216184583366,0,7.292171244769,0.0214216184583366,0.0214216184583366,0.0214216184583366,0.00787016036700002
10.6567948708008,0,0.0203455428827325,0,10.6567948708008,0.0203455428827325,0.0203455428827325,0.0203455428827325,0.0367174068081082
15.83958844307,0,0.0399832495665445,0,15.83958844307,0.0399832495665445,0.0399832495665445,0.0399832495665445,0.0130470310288665
17.7014293147066,0,0.0234372077444364,0,17.7014293147066,0.0234372077444364,0.0234372077444364,0.0234372077444364,0.0323786122878216
16.016217440795,0,-0.00369944404825601,0,16.016217440795,-0.00369944404825601,-0.00369944404825601,-0.00369944404825601,0.0376637682579198
13.5036026382197,0,0.0260526179813793,0,13.5036026382197,0.0260526179813793,0.0260526179813793,0.0260526179813793,0.0175137052055195
13.9836050997556,0,-0.0596374353307077,0,13.9836050997556,-0.0596374353307077,-0.0596374353307077,-0.0596374353307077,0.0260159424457815
11.3110693140974,0,0.00982781565554414,0,11.3110693140974,0.00982781565554414,0.00982781565554414,0.00982781565554414,0.0152975413868066
20.6083384757102,0,-0.0196913974375486,0,20.6083384757102,-0.0196913974375486,-0.0196913974375486,-0.0196913974375486,0.0564075951702511
12.3671082351961,0,0.0210231372322994,0,12.3671082351961,0.0210231372322994,0.0210231372322994,0.0210231372322994,0.0160828742749283
12.3654554745313,0,-0.0686880413546458,0,12.3654554745313,-0.0686880413546458,-0.0686880413546458,-0.0686880413546458,0.0513325050706189
19.2556223171704,0,0.0285945738844167,0,19.2556223171704,0.0285945738844167,0.0285945738844167,0.0285945738844167,0.0139726523520546
34.7312424253189,0,0.00360906084633839,0,34.7312424253189,0.00360906084633839,0.00360906084633839,0.00360906084633839,0.017575833019559
54.7209102152747,0,0.0196726221291343,0,54.7209102152747,0.0196726221291343,0.0196726221291343,0.0196726221291343,0.0109274670854921
14.729212643584,0,-0.0296594096014818,0,14.729212643584,-0.0296594096014818,-0.0296594096014818,-0.0296594096014818,0.0438275771773769
8.22166390729103,0,0.0200227074138689,0,8.22166390729103,0.0200227074138689,0.0200227074138689,0.0200227074138689,0.0889316774406693
11.7030101268542,0,0.0664031592294417,0,11.7030101268542,0.0664031592294417,0.0664031592294417,0.0664031592294417,0.0318702419669784
7.36539602284415,0,-0.0247872150245361,0,7.36539602284415,-0.0247872150245361,-0.0247872150245361,-0.0247872150245361,0.114121672795408
9.34902839864339,0,-0.0319037471830898,0,9.34902839864339,-0.0319037471830898,-0.0319037471830898,-0.0319037471830898,0.0353702402159913
12.5616640281909,0,0.00441577973083164,0,12.5616640281909,0.00441577973083164,0.00441577973083164,0.00441577973083164,0.0138459086615911
14.389195342198,0,0.0514818793481831,0,14.389195342198,0.0514818793481831,0.0514818793481831,0.0514818793481831,0.112813117182012
10.8363107906744,0,-0.028098390818107,0,10.8363107906744,-0.028098390818107,-0.028098390818107,-0.028098390818107,0.071926050301895
11.7003583105711,0,-0.00186774348468509,0,11.7003583105711,-0.00186774348468509,-0.00186774348468509,-0.00186774348468509,0.00589871207554302
14.1717804897526,0,0.027255899623745,0,14.1717804897526,0.027255899623745,0.027255899623745,0.027255899623745,0.0438772018708798
10.4916049522311,0,0.0132463173032987,0,10.4916049522311,0.0132463173032987,0.0132463173032987,0.0132463173032987,0.0267192917518445
12.491172371433,0,0.00616174807970621,0,12.491172371433,0.00616174807970621,0.00616174807970621,0.00616174807970621,0.0405245193389735
31.4129223891295,0,-0.0481702543197104,0,31.4129223891295,-0.0481702543197104,-0.0481702543197104,-0.0481702543197104,0.04354801944707
23.3384346785706,0,0.0173424537425691,0,23.3384346785706,0.0173424537425691,0.0173424537425691,0.0173424537425691,0.0189266195413323
21.0471310356801,0,0.0617673658141888,0,21.0471310356801,0.0617673658141888,0.0617673658141888,0.0617673658141888,0.047052745863464
16.8846431378076,0,0.0592246738975235,0,16.8846431378076,0.0592246738975235,0.0592246738975235,0.0592246738975235,0.0580511049145327
142.027144302285,0,0.0480428181832702,0,142.027144302285,0.0480428181832702,0.0480428181832702,0.0480428181832702,0.0151652887885014
10.8384906759069,0,-0.00221059163205814,0,10.8384906759069,-0.00221059163205814,-0.00221059163205814,-0.00221059163205814,0.0251376149245104
15.3983817607889,0,0.00875331277188317,0,15.3983817607889,0.00875331277188317,0.00875331277188317,0.00875331277188317,0.0553131630412198
14.6925462604222,0,-0.00458452472707301,0,14.6925462604222,-0.00458452472707301,-0.00458452472707301,-0.00458452472707301,0.0444254697733256
12.5310366569707,0,0.0109739413789005,0,12.5310366569707,0.0109739413789005,0.0109739413789005,0.0109739413789005,0.0301771491611757
11.0161041029769,0,-0.0031766917676102,0,11.0161041029769,-0.0031766917676102,-0.0031766917676102,-0.0031766917676102,0.0522005254908412
12.612078023469,0,-0.0597088928688878,0,12.612078023469,-0.0597088928688878,-0.0597088928688878,-0.0597088928688878,0.0322576765582896
27.9381463268887,0,-0.0196646199066465,0,27.9381463268887,-0.0196646199066465,-0.0196646199066465,-0.0196646199066465,0.0266030945529787
28.4056044215739,0,-0.0234835133541325,0,28.4056044215739,-0.0234835133541325,-0.0234835133541325,-0.0234835133541325,0.0460235649191708
9.44659083119766,0,-0.0979355343768668,0,9.44659083119766,-0.0979355343768668,-0.0979355343768668,-0.0979355343768668,0.106984919191722
14.3373106913918,0,-0.0165868652445846,0,14.3373106913918,-0.0165868652445846,-0.0165868652445846,-0.0165868652445846,0.0475684856482902
36.4912664165587,0,-0.147809743521965,0,36.4912664165587,-0.147809743521965,-0.147809743521965,-0.147809743521965,0.075083048553793
NA,NA,NA,NA,NA,NA,NA,NA,NA
3.48138260502119,0,-0.0431716232209931,0,3.48138260502119,-0.0431716232209931,-0.0431716232209931,-0.0431716232209931,0.0321818721032191
5.59197431763262,0,-0.0578220526680145,0,5.59197431763262,-0.0578220526680145,-0.0578220526680145,-0.0578220526680145,0.0290843221745671
7.10118523761685,0,-0.0285278978712163,0,7.10118523761685,-0.0285278978712163,-0.0285278978712163,-0.0285278978712163,0.0595492352872805
8.39406695268219,0,0.0167837864563465,0,8.39406695268219,0.0167837864563465,0.0167837864563465,0.0167837864563465,0.0322473662392579
6.68163411954067,0,0.0399525800720857,0,6.68163411954067,0.0399525800720857,0.0399525800720857,0.0399525800720857,0.0632642521725607
10.9419857642508,0,-0.0876235523401562,0,10.9419857642508,-0.0876235523401562,-0.0876235523401562,-0.0876235523401562,0.0336377588977628
9.567453602661,0,-0.0130573193727359,0,9.567453602661,-0.0130573193727359,-0.0130573193727359,-0.0130573193727359,0.0264340771076804
9.56764954052794,0,-0.00578932875863998,0,9.56764954052794,-0.00578932875863998,-0.00578932875863998,-0.00578932875863998,0.0288617279537588
9.58796747981615,0,0.00725905880614161,0,9.58796747981615,0.00725905880614161,0.00725905880614161,0.00725905880614161,0.0422687684348916
10.3415882006709,0,-0.0979591311963027,0,10.3415882006709,-0.0979591311963027,-0.0979591311963027,-0.0979591311963027,0.0379022425227411
9.03381024943225,0,-0.0258591277728825,0,9.03381024943225,-0.0258591277728825,-0.0258591277728825,-0.0258591277728825,0.0210013285642308
7.292171244769,0,0.0214216184583366,0,7.292171244769,0.0214216184583366,0.0214216184583366,0.0214216184583366,0.00787016036700002
10.6567948708008,0,0.0203455428827325,0,10.6567948708008,0.0203455428827325,0.0203455428827325,0.0203455428827325,0.0367174068081082
15.83958844307,0,0.0399832495665445,0,15.83958844307,0.0399832495665445,0.0399832495665445,0.0399832495665445,0.0130470310288665
17.7014293147066,0,0.0234372077444364,0,17.7014293147066,0.0234372077444364,0.0234372077444364,0.0234372077444364,0.0323786122878216
16.016217440795,0,-0.00369944404825601,0,16.016217440795,-0.00369944404825601,-0.00369944404825601,-0.00369944404825601,0.0376637682579198
13.5036026382197,0,0.0260526179813793,0,13.5036026382197,0.0260526179813793,0.0260526179813793,0.0260526179813793,0.0175137052055195
13.9836050997556,0,-0.0596374353307077,0,13.9836050997556,-0.0596374353307077,-0.0596374353307077,-0.0596374353307077,0.0260159424457815
11.3110693140974,0,0.00982781565554414,0,11.3110693140974,0.00982781565554414,0.00982781565554414,0.00982781565554414,0.0152975413868066
20.6083384757102,0,-0.0196913974375486,0,20.6083384757102,-0.0196913974375486,-0.0196913974375486,-0.0196913974375486,0.0564075951702511
12.3671082351961,0,0.0210231372322994,0,12.3671082351961,0.0210231372322994,0.0210231372322994,0.0210231372322994,0.0160828742749283
12.3654554745313,0,-0.0686880413546458,0,12.3654554745313,-0.0686880413546458,-0.0686880413546458,-0.0686880413546458,0.0513325050706189
19.2556223171704,0,0.0285945738844167,0,19.2556223171704,0.0285945738844167,0.0285945738844167,0.0285945738844167,0.0139726523520546
34.7312424253189,0,0.00360906084633839,0,34.7312424253189,0.00360906084633839,0.00360906084633839,0.00360906084633839,0.017575833019559
54.7209102152747,0,0.0196726221291343,0,54.7209102152747,0.0196726221291343,0.0196726221291343,0.0196726221291343,0.0109274670854921
14.729212643584,0,-0.0296594096014818,0,14.729212643584,-0.0296594096014818,-0.0296594096014818,-0.0296594096014818,0.0438275771773769
8.22166390729103,0,0.0200227074138689,0,8.22166390729103,0.0200227074138689,0.0200227074138689,0.0200227074138689,0.0889316774406693
11.7030101268542,0,0.0664031592294417,0,11.7030101268542,0.0664031592294417,0.0664031592294417,0.0664031592294417,0.0318702419669784
7.36539602284415,0,-0.0247872150245361,0,7.36539602284415,-0.0247872150245361,-0.0247872150245361,-0.0247872150245361,0.114121672795408
9.34902839864339,0,-0.0319037471830898,0,9.34902839864339,-0.0319037471830898,-0.0319037471830898,-0.0319037471830898,0.0353702402159913
12.5616640281909,0,0.00441577973083164,0,12.5616640281909,0.00441577973083164,0.00441577973083164,0.00441577973083164,0.0138459086615911
14.389195342198,0,0.0514818793481831,0,14.389195342198,0.0514818793481831,0.0514818793481831,0.0514818793481831,0.112813117182012
10.8363107906744,0,-0.028098390818107,0,10.8363107906744,-0.028098390818107,-0.028098390818107,-0.028098390818107,0.071926050301895
11.7003583105711,0,-0.00186774348468509,0,11.7003583105711,-0.00186774348468509,-0.00186774348468509,-0.00186774348468509,0.00589871207554302
14.1717804897526,0,0.027255899623745,0,14.1717804897526,0.027255899623745,0.027255899623745,0.027255899623745,0.0438772018708798
10.4916049522311,0,0.0132463173032987,0,10.4916049522311,0.0132463173032987,0.0132463173032987,0.0132463173032987,0.0267192917518445
12.491172371433,0,0.00616174807970621,0,12.491172371433,0.00616174807970621,0.00616174807970621,0.00616174807970621,0.0405245193389735
31.4129223891295,0,-0.0481702543197104,0,31.4129223891295,-0.0481702543197104,-0.0481702543197104,-0.0481702543197104,0.04354801944707
23.3384346785706,0,0.0173424537425691,0,23.3384346785706,0.0173424537425691,0.0173424537425691,0.0173424537425691,0.0189266195413323
21.0471310356801,0,0.0617673658141888,0,21.0471310356801,0.0617673658141888,0.0617673658141888,0.0617673658141888,0.047052745863464
16.8846431378076,0,0.0592246738975235,0,16.8846431378076,0.0592246738975235,0.0592246738975235,0.0592246738975235,0.0580511049145327
142.027144302285,0,0.0480428181832702,0,142.027144302285,0.0480428181832702,0.0480428181832702,0.0480428181832702,0.0151652887885014
10.8384906759069,0,-0.00221059163205814,0,10.8384906759069,-0.00221059163205814,-0.00221059163205814,-0.00221059163205814,0.0251376149245104
15.3983817607889,0,0.00875331277188317,0,15.3983817607889,0.00875331277188317,0.00875331277188317,0.00875331277188317,0.0553131630412198
14.6925462604222,0,-0.00458452472707301,0,14.6925462604222,-0.00458452472707301,-0.00458452472707301,-0.00458452472707301,0.0444254697733256
12.5310366569707,0,0.0109739413789005,0,12.5310366569707,0.0109739413789005,0.0109739413789005,0.0109739413789005,0.0301771491611757
11.0161041029769,0,-0.0031766917676102,0,11.0161041029769,-0.0031766917676102,-0.0031766917676102,-0.0031766917676102,0.0522005254908412
12.612078023469,0,-0.0597088928688878,0,12.612078023469,-0.0597088928688878,-0.0597088928688878,-0.0597088928688878,0.0322576765582896
27.9381463268887,0,-0.0196646199066465,0,27.9381463268887,-0.0196646199066465,-0.0196646199066465,-0.0196646199066465,0.0266030945529787
28.4056044215739,0,-0.0234835133541325,0,28.4056044215739,-0.0234835133541325,-0.0234835133541325,-0.0234835133541325,0.0460235649191708
9.44659083119766,0,-0.0979355343768668,0,9.44659083119766,-0.0979355343768668,-0.0979355343768668,-0.0979355343768668,0.106984919191722
14.3373106913918,0,-0.0165868652445846,0,14.3373106913918,-0.0165868652445846,-0.0165868652445846,-0.0165868652445846,0.0475684856482902
36.4912664165587,0,-0.147809743521965,0,36.4912664165587,-0.147809743521965,-0.147809743521965,-0.147809743521965,0.075083048553793
NA,NA,NA,NA,NA,NA,NA,NA,NA
3.48138260502119,0,-0.0431716232209931,0,3.48138260502119,-0.0431716232209931,-0.0431716232209931,-0.0431716232209931,0.0321818721032191
5.59197431763262,0,-0.0578220526680145,0,5.59197431763262,-0.0578220526680145,-0.0578220526680145,-0.0578220526680145,0.0290843221745671
7.10118523761685,0,-0.0285278978712163,0,7.10118523761685,-0.0285278978712163,-0.0285278978712163,-0.0285278978712163,0.0595492352872805
8.39406695268219,0,0.0167837864563465,0,8.39406695268219,0.0167837864563465,0.0167837864563465,0.0167837864563465,0.0322473662392579
6.68163411954067,0,0.0399525800720857,0,6.68163411954067,0.0399525800720857,0.0399525800720857,0.0399525800720857,0.0632642521725607
10.9419857642508,0,-0.0876235523401562,0,10.9419857642508,-0.0876235523401562,-0.0876235523401562,-0.0876235523401562,0.0336377588977628
9.567453602661,0,-0.0130573193727359,0,9.567453602661,-0.0130573193727359,-0.0130573193727359,-0.0130573193727359,0.0264340771076804
9.56764954052794,0,-0.00578932875863998,0,9.56764954052794,-0.00578932875863998,-0.00578932875863998,-0.00578932875863998,0.0288617279537588
9.58796747981615,0,0.00725905880614161,0,9.58796747981615,0.00725905880614161,0.00725905880614161,0.00725905880614161,0.0422687684348916
10.3415882006709,0,-0.0979591311963027,0,10.3415882006709,-0.0979591311963027,-0.0979591311963027,-0.0979591311963027,0.0379022425227411
9.03381024943225,0,-0.0258591277728825,0,9.03381024943225,-0.0258591277728825,-0.0258591277728825,-0.0258591277728825,0.0210013285642308
7.292171244769,0,0.0214216184583366,0,7.292171244769,0.0214216184583366,0.0214216184583366,0.0214216184583366,0.00787016036700002
10.6567948708008,0,0.0203455428827325,0,10.6567948708008,0.0203455428827325,0.0203455428827325,0.0203455428827325,0.0367174068081082
15.83958844307,0,0.0399832495665445,0,15.83958844307,0.0399832495665445,0.0399832495665445,0.0399832495665445,0.0130470310288665
17.7014293147066,0,0.0234372077444364,0,17.7014293147066,0.0234372077444364,0.0234372077444364,0.0234372077444364,0.0323786122878216
16.016217440795,0,-0.00369944404825601,0,16.016217440795,-0.00369944404825601,-0.00369944404825601,-0.00369944404825601,0.0376637682579198
13.5036026382197,0,0.0260526179813793,0,13.5036026382197,0.0260526179813793,0.0260526179813793,0.0260526179813793,0.0175137052055195
13.9836050997556,0,-0.0596374353307077,0,13.9836050997556,-0.0596374353307077,-0.0596374353307077,-0.0596374353307077,0.0260159424457815
11.3110693140974,0,0.00982781565554414,0,11.3110693140974,0.00982781565554414,0.00982781565554414,0.00982781565554414,0.0152975413868066
20.6083384757102,0,-0.0196913974375486,0,20.6083384757102,-0.0196913974375486,-0.0196913974375486,-0.0196913974375486,0.0564075951702511
12.3671082351961,0,0.0210231372322994,0,12.3671082351961,0.0210231372322994,0.0210231372322994,0.0210231372322994,0.0160828742749283
12.3654554745313,0,-0.0686880413546458,0,12.3654554745313,-0.0686880413546458,-0.0686880413546458,-0.0686880413546458,0.0513325050706189
19.2556223171704,0,0.0285945738844167,0,19.2556223171704,0.0285945738844167,0.0285945738844167,0.0285945738844167,0.0139726523520546
34.7312424253189,0,0.00360906084633839,0,34.7312424253189,0.00360906084633839,0.00360906084633839,0.00360906084633839,0.017575833019559
54.7209102152747,0,0.0196726221291343,0,54.7209102152747,0.0196726221291343,0.0196726221291343,0.0196726221291343,0.0109274670854921
14.729212643584,0,-0.0296594096014818,0,14.729212643584,-0.0296594096014818,-0.0296594096014818,-0.0296594096014818,0.0438275771773769
8.22166390729103,0,0.0200227074138689,0,8.22166390729103,0.0200227074138689,0.0200227074138689,0.0200227074138689,0.0889316774406693
11.7030101268542,0,0.0664031592294417,0,11.7030101268542,0.0664031592294417,0.0664031592294417,0.0664031592294417,0.0318702419669784
7.36539602284415,0,-0.0247872150245361,0,7.36539602284415,-0.0247872150245361,-0.0247872150245361,-0.0247872150245361,0.114121672795408
9.34902839864339,0,-0.0319037471830898,0,9.34902839864339,-0.0319037471830898,-0.0319037471830898,-0.0319037471830898,0.0353702402159913
12.5616640281909,0,0.00441577973083164,0,12.5616640281909,0.00441577973083164,0.00441577973083164,0.00441577973083164,0.0138459086615911
14.389195342198,0,0.0514818793481831,0,14.389195342198,0.0514818793481831,0.0514818793481831,0.0514818793481831,0.112813117182012
10.8363107906744,0,-0.028098390818107,0,10.8363107906744,-0.028098390818107,-0.028098390818107,-0.028098390818107,0.071926050301895
11.7003583105711,0,-0.00186774348468509,0,11.7003583105711,-0.00186774348468509,-0.00186774348468509,-0.00186774348468509,0.00589871207554302
14.1717804897526,0,0.027255899623745,0,14.1717804897526,0.027255899623745,0.027255899623745,0.027255899623745,0.0438772018708798
10.4916049522311,0,0.0132463173032987,0,10.4916049522311,0.0132463173032987,0.0132463173032987,0.0132463173032987,0.0267192917518445
12.491172371433,0,0.00616174807970621,0,12.491172371433,0.00616174807970621,0.00616174807970621,0.00616174807970621,0.0405245193389735
31.4129223891295,0,-0.0481702543197104,0,31.4129223891295,-0.0481702543197104,-0.0481702543197104,-0.0481702543197104,0.04354801944707
23.3384346785706,0,0.0173424537425691,0,23.3384346785706,0.0173424537425691,0.0173424537425691,0.0173424537425691,0.0189266195413323
21.0471310356801,0,0.0617673658141888,0,21.0471310356801,0.0617673658141888,0.0617673658141888,0.0617673658141888,0.047052745863464
16.8846431378076,0,0.0592246738975235,0,16.8846431378076,0.0592246738975235,0.0592246738975235,0.0592246738975235,0.0580511049145327
142.027144302285,0,0.0480428181832702,0,142.027144302285,0.0480428181832702,0.0480428181832702,0.0480428181832702,0.0151652887885014
10.8384906759069,0,-0.00221059163205814,0,10.8384906759069,-0.00221059163205814,-0.00221059163205814,-0.00221059163205814,0.0251376149245104
15.3983817607889,0,0.00875331277188317,0,15.3983817607889,0.00875331277188317,0.00875331277188317,0.00875331277188317,0.0553131630412198
14.6925462604222,0,-0.00458452472707301,0,14.6925462604222,-0.00458452472707301,-0.00458452472707301,-0.00458452472707301,0.0444254697733256
12.5310366569707,0,0.0109739413789005,0,12.5310366569707,0.0109739413789005,0.0109739413789005,0.0109739413789005,0.0301771491611757
11.0161041029769,0,-0.0031766917676102,0,11.0161041029769,-0.0031766917676102,-0.0031766917676102,-0.0031766917676102,0.0522005254908412
12.612078023469,0,-0.0597088928688878,0,12.612078023469,-0.0597088928688878,-0.0597088928688878,-0.0597088928688878,0.0322576765582896
27.9381463268887,0,-0.0196646199066465,0,27.9381463268887,-0.0196646199066465,-0.0196646199066465,-0.0196646199066465,0.0266030945529787
28.4056044215739,0,-0.0234835133541325,0,28.4056044215739,-0.0234835133541325,-0.0234835133541325,-0.0234835133541325,0.0460235649191708
9.44659083119766,0,-0.0979355343768668,0,9.44659083119766,-0.0979355343768668,-0.0979355343768668,-0.0979355343768668,0.106984919191722
14.3373106913918,0,-0.0165868652445846,0,14.3373106913918,-0.0165868652445846,-0.0165868652445846,-0.0165868652445846,0.0475684856482902
36.4912664165587,0,-0.147809743521965,0,36.4912664165587,-0.147809743521965,-0.147809743521965,-0.147809743521965,0.075083048553793
NA,NA,NA,NA,NA,NA,NA,NA,NA
3.48138260502119,0,-0.0431716232209931,0,3.48138260502119,-0.0431716232209931,-0.0431716232209931,-0.0431716232209931,0.0321818721032191
5.59197431763262,0,-0.0578220526680145,0,5.59197431763262,-0.0578220526680145,-0.0578220526680145,-0.0578220526680145,0.0290843221745671
7.10118523761685,0,-0.0285278978712163,0,7.10118523761685,-0.0285278978712163,-0.0285278978712163,-0.0285278978712163,0.0595492352872805
8.39406695268219,0,0.0167837864563465,0,8.39406695268219,0.0167837864563465,0.0167837864563465,0.0167837864563465,0.0322473662392579
6.68163411954067,0,0.0399525800720857,0,6.68163411954067,0.0399525800720857,0.0399525800720857,0.0399525800720857,0.0632642521725607
10.9419857642508,0,-0.0876235523401562,0,10.9419857642508,-0.0876235523401562,-0.0876235523401562,-0.0876235523401562,0.0336377588977628
9.567453602661,0,-0.0130573193727359,0,9.567453602661,-0.0130573193727359,-0.0130573193727359,-0.0130573193727359,0.0264340771076804
9.56764954052794,0,-0.00578932875863998,0,9.56764954052794,-0.00578932875863998,-0.00578932875863998,-0.00578932875863998,0.0288617279537588
9.58796747981615,0,0.00725905880614161,0,9.58796747981615,0.00725905880614161,0.00725905880614161,0.00725905880614161,0.0422687684348916
10.3415882006709,0,-0.0979591311963027,0,10.3415882006709,-0.0979591311963027,-0.0979591311963027,-0.0979591311963027,0.0379022425227411
9.03381024943225,0,-0.0258591277728825,0,9.03381024943225,-0.0258591277728825,-0.0258591277728825,-0.0258591277728825,0.0210013285642308
7.292171244769,0,0.0214216184583366,0,7.292171244769,0.0214216184583366,0.0214216184583366,0.0214216184583366,0.00787016036700002
10.6567948708008,0,0.0203455428827325,0,10.6567948708008,0.0203455428827325,0.0203455428827325,0.0203455428827325,0.0367174068081082
15.83958844307,0,0.0399832495665445,0,15.83958844307,0.0399832495665445,0.0399832495665445,0.0399832495665445,0.0130470310288665
17.7014293147066,0,0.0234372077444364,0,17.7014293147066,0.0234372077444364,0.0234372077444364,0.0234372077444364,0.0323786122878216
16.016217440795,0,-0.00369944404825601,0,16.016217440795,-0.00369944404825601,-0.00369944404825601,-0.00369944404825601,0.0376637682579198
13.5036026382197,0,0.0260526179813793,0,13.5036026382197,0.0260526179813793,0.0260526179813793,0.0260526179813793,0.0175137052055195
13.9836050997556,0,-0.0596374353307077,0,13.9836050997556,-0.0596374353307077,-0.0596374353307077,-0.0596374353307077,0.0260159424457815
11.3110693140974,0,0.00982781565554414,0,11.3110693140974,0.00982781565554414,0.00982781565554414,0.00982781565554414,0.0152975413868066
20.6083384757102,0,-0.0196913974375486,0,20.6083384757102,-0.0196913974375486,-0.0196913974375486,-0.0196913974375486,0.0564075951702511
12.3671082351961,0,0.0210231372322994,0,12.3671082351961,0.0210231372322994,0.0210231372322994,0.0210231372322994,0.0160828742749283
12.3654554745313,0,-0.0686880413546458,0,12.3654554745313,-0.0686880413546458,-0.0686880413546458,-0.0686880413546458,0.0513325050706189
19.2556223171704,0,0.0285945738844167,0,19.2556223171704,0.0285945738844167,0.0285945738844167,0.0285945738844167,0.0139726523520546
34.7312424253189,0,0.00360906084633839,0,34.7312424253189,0.00360906084633839,0.00360906084633839,0.00360906084633839,0.017575833019559
54.7209102152747,0,0.0196726221291343,0,54.7209102152747,0.0196726221291343,0.0196726221291343,0.0196726221291343,0.0109274670854921
14.729212643584,0,-0.0296594096014818,0,14.729212643584,-0.0296594096014818,-0.0296594096014818,-0.0296594096014818,0.0438275771773769
8.22166390729103,0,0.0200227074138689,0,8.22166390729103,0.0200227074138689,0.0200227074138689,0.0200227074138689,0.0889316774406693
11.7030101268542,0,0.0664031592294417,0,11.7030101268542,0.0664031592294417,0.0664031592294417,0.0664031592294417,0.0318702419669784
7.36539602284415,0,-0.0247872150245361,0,7.36539602284415,-0.0247872150245361,-0.0247872150245361,-0.0247872150245361,0.114121672795408
9.34902839864339,0,-0.0319037471830898,0,9.34902839864339,-0.0319037471830898,-0.0319037471830898,-0.0319037471830898,0.0353702402159913
12.5616640281909,0,0.00441577973083164,0,12.5616640281909,0.00441577973083164,0.00441577973083164,0.00441577973083164,0.0138459086615911
14.389195342198,0,0.0514818793481831,0,14.389195342198,0.0514818793481831,0.0514818793481831,0.0514818793481831,0.112813117182012
10.8363107906744,0,-0.028098390818107,0,10.8363107906744,-0.028098390818107,-0.028098390818107,-0.028098390818107,0.071926050301895
11.7003583105711,0,-0.00186774348468509,0,11.7003583105711,-0.00186774348468509,-0.00186774348468509,-0.00186774348468509,0.00589871207554302
14.1717804897526,0,0.027255899623745,0,14.1717804897526,0.027255899623745,0.027255899623745,0.027255899623745,0.0438772018708798
10.4916049522311,0,0.0132463173032987,0,10.4916049522311,0.0132463173032987,0.0132463173032987,0.0132463173032987,0.0267192917518445
12.491172371433,0,0.00616174807970621,0,12.491172371433,0.00616174807970621,0.00616174807970621,0.00616174807970621,0.0405245193389735
31.4129223891295,0,-0.0481702543197104,0,31.4129223891295,-0.0481702543197104,-0.0481702543197104,-0.0481702543197104,0.04354801944707
23.3384346785706,0,0.0173424537425691,0,23.3384346785706,0.0173424537425691,0.0173424537425691,0.0173424537425691,0.0189266195413323
21.0471310356801,0,0.0617673658141888,0,21.0471310356801,0.0617673658141888,0.0617673658141888,0.0617673658141888,0.047052745863464
16.8846431378076,0,0.0592246738975235,0,16.8846431378076,0.0592246738975235,0.0592246738975235,0.0592246738975235,0.0580511049145327
142.027144302285,0,0.0480428181832702,0,142.027144302285,0.0480428181832702,0.0480428181832702,0.0480428181832702,0.0151652887885014
10.8384906759069,0,-0.00221059163205814,0,10.8384906759069,-0.00221059163205814,-0.00221059163205814,-0.00221059163205814,0.0251376149245104
15.3983817607889,0,0.00875331277188317,0,15.3983817607889,0.00875331277188317,0.00875331277188317,0.00875331277188317,0.0553131630412198
14.6925462604222,0,-0.00458452472707301,0,14.6925462604222,-0.00458452472707301,-0.00458452472707301,-0.00458452472707301,0.0444254697733256
12.5310366569707,0,0.0109739413789005,0,12.5310366569707,0.0109739413789005,0.0109739413789005,0.0109739413789005,0.0301771491611757
11.0161041029769,0,-0.0031766917676102,0,11.0161041029769,-0.0031766917676102,-0.0031766917676102,-0.0031766917676102,0.0522005254908412
12.612078023469,0,-0.0597088928688878,0,12.612078023469,-0.0597088928688878,-0.0597088928688878,-0.0597088928688878,0.0322576765582896
27.9381463268887,0,-0.0196646199066465,0,27.9381463268887,-0.0196646199066465,-0.0196646199066465,-0.0196646199066465,0.0266030945529787
28.4056044215739,0,-0.0234835133541325,0,28.4056044215739,-0.0234835133541325,-0.0234835133541325,-0.0234835133541325,0.0460235649191708
9.44659083119766,0,-0.0979355343768668,0,9.44659083119766,-0.0979355343768668,-0.0979355343768668,-0.0979355343768668,0.106984919191722
14.3373106913918,0,-0.0165868652445846,0,14.3373106913918,-0.0165868652445846,-0.0165868652445846,-0.0165868652445846,0.0475684856482902
36.4912664165587,0,-0.147809743521965,0,36.4912664165587,-0.147809743521965,-0.147809743521965,-0.147809743521965,0.075083048553793
NA,NA,NA,NA,NA,NA,NA,NA,NA
3.48138260502119,0,-0.0431716232209931,0,3.48138260502119,-0.0431716232209931,-0.0431716232209931,-0.0431716232209931,0.0321818721032191
5.59197431763262,0,-0.0578220526680145,0,5.59197431763262,-0.0578220526680145,-0.0578220526680145,-0.0578220526680145,0.0290843221745671
7.10118523761685,0,-0.0285278978712163,0,7.10118523761685,-0.0285278978712163,-0.0285278978712163,-0.0285278978712163,0.0595492352872805
8.39406695268219,0,0.0167837864563465,0,8.39406695268219,0.0167837864563465,0.0167837864563465,0.0167837864563465,0.0322473662392579
6.68163411954067,0,0.0399525800720857,0,6.68163411954067,0.0399525800720857,0.0399525800720857,0.0399525800720857,0.0632642521725607
10.9419857642508,0,-0.0876235523401562,0,10.9419857642508,-0.0876235523401562,-0.0876235523401562,-0.0876235523401562,0.0336377588977628
9.567453602661,0,-0.0130573193727359,0,9.567453602661,-0.0130573193727359,-0.0130573193727359,-0.0130573193727359,0.0264340771076804
9.56764954052794,0,-0.00578932875863998,0,9.56764954052794,-0.00578932875863998,-0.00578932875863998,-0.00578932875863998,0.0288617279537588
9.58796747981615,0,0.00725905880614161,0,9.58796747981615,0.00725905880614161,0.00725905880614161,0.00725905880614161,0.0422687684348916
10.3415882006709,0,-0.0979591311963027,0,10.3415882006709,-0.0979591311963027,-0.0979591311963027,-0.0979591311963027,0.0379022425227411
9.03381024943225,0,-0.0258591277728825,0,9.03381024943225,-0.0258591277728825,-0.0258591277728825,-0.0258591277728825,0.0210013285642308
7.292171244769,0,0.0214216184583366,0,7.292171244769,0.0214216184583366,0.0214216184583366,0.0214216184583366,0.00787016036700002
10.6567948708008,0,0.0203455428827325,0,10.6567948708008,0.0203455428827325,0.0203455428827325,0.0203455428827325,0.0367174068081082
15.83958844307,0,0.0399832495665445,0,15.83958844307,0.0399832495665445,0.0399832495665445,0.0399832495665445,0.0130470310288665
17.7014293147066,0,0.0234372077444364,0,17.7014293147066,0.0234372077444364,0.0234372077444364,0.0234372077444364,0.0323786122878216
16.016217440795,0,-0.00369944404825601,0,16.016217440795,-0.00369944404825601,-0.00369944404825601,-0.00369944404825601,0.0376637682579198
13.5036026382197,0,0.0260526179813793,0,13.5036026382197,0.0260526179813793,0.0260526179813793,0.0260526179813793,0.0175137052055195
13.9836050997556,0,-0.0596374353307077,0,13.9836050997556,-0.0596374353307077,-0.0596374353307077,-0.0596374353307077,0.0260159424457815
11.3110693140974,0,0.00982781565554414,0,11.3110693140974,0.00982781565554414,0.00982781565554414,0.00982781565554414,0.0152975413868066
20.6083384757102,0,-0.0196913974375486,0,20.6083384757102,-0.0196913974375486,-0.0196913974375486,-0.0196913974375486,0.0564075951702511
12.3671082351961,0,0.0210231372322994,0,12.3671082351961,0.0210231372322994,0.0210231372322994,0.0210231372322994,0.0160828742749283
12.3654554745313,0,-0.0686880413546458,0,12.3654554745313,-0.0686880413546458,-0.0686880413546458,-0.0686880413546458,0.0513325050706189
19.2556223171704,0,0.0285945738844167,0,19.2556223171704,0.0285945738844167,0.0285945738844167,0.0285945738844167,0.0139726523520546
34.7312424253189,0,0.00360906084633839,0,34.7312424253189,0.00360906084633839,0.00360906084633839,0.00360906084633839,0.017575833019559
54.7209102152747,0,0.0196726221291343,0,54.7209102152747,0.0196726221291343,0.0196726221291343,0.0196726221291343,0.0109274670854921
14.729212643584,0,-0.0296594096014818,0,14.729212643584,-0.0296594096014818,-0.0296594096014818,-0.0296594096014818,0.0438275771773769
8.22166390729103,0,0.0200227074138689,0,8.22166390729103,0.0200227074138689,0.0200227074138689,0.0200227074138689,0.0889316774406693
11.7030101268542,0,0.0664031592294417,0,11.7030101268542,0.0664031592294417,0.0664031592294417,0.0664031592294417,0.0318702419669784
7.36539602284415,0,-0.0247872150245361,0,7.36539602284415,-0.0247872150245361,-0.0247872150245361,-0.0247872150245361,0.114121672795408
9.34902839864339,0,-0.0319037471830898,0,9.34902839864339,-0.0319037471830898,-0.0319037471830898,-0.0319037471830898,0.0353702402159913
12.5616640281909,0,0.00441577973083164,0,12.5616640281909,0.00441577973083164,0.00441577973083164,0.00441577973083164,0.0138459086615911
14.389195342198,0,0.0514818793481831,0,14.389195342198,0.0514818793481831,0.0514818793481831,0.0514818793481831,0.112813117182012
10.8363107906744,0,-0.028098390818107,0,10.8363107906744,-0.028098390818107,-0.028098390818107,-0.028098390818107,0.071926050301895
11.7003583105711,0,-0.00186774348468509,0,11.7003583105711,-0.00186774348468509,-0.00186774348468509,-0.00186774348468509,0.00589871207554302
14.1717804897526,0,0.027255899623745,0,14.1717804897526,0.027255899623745,0.027255899623745,0.027255899623745,0.0438772018708798
10.4916049522311,0,0.0132463173032987,0,10.4916049522311,0.0132463173032987,0.0132463173032987,0.0132463173032987,0.0267192917518445
12.491172371433,0,0.00616174807970621,0,12.491172371433,0.00616174807970621,0.00616174807970621,0.00616174807970621,0.0405245193389735
31.4129223891295,0,-0.0481702543197104,0,31.4129223891295,-0.0481702543197104,-0.0481702543197104,-0.0481702543197104,0.04354801944707
23.3384346785706,0,0.0173424537425691,0,23.3384346785706,0.0173424537425691,0.0173424537425691,0.0173424537425691,0.0189266195413323
21.0471310356801,0,0.0617673658141888,0,21.0471310356801,0.0617673658141888,0.0617673658141888,0.0617673658141888,0.047052745863464
16.8846431378076,0,0.0592246738975235,0,16.8846431378076,0.0592246738975235,0.0592246738975235,0.0592246738975235,0.0580511049145327
142.027144302285,0,0.0480428181832702,0,142.027144302285,0.0480428181832702,0.0480428181832702,0.0480428181832702,0.0151652887885014
10.8384906759069,0,-0.00221059163205814,0,10.8384906759069,-0.00221059163205814,-0.00221059163205814,-0.00221059163205814,0.0251376149245104
15.3983817607889,0,0.00875331277188317,0,15.3983817607889,0.00875331277188317,0.00875331277188317,0.00875331277188317,0.0553131630412198
14.6925462604222,0,-0.00458452472707301,0,14.6925462604222,-0.00458452472707301,-0.00458452472707301,-0.00458452472707301,0.0444254697733256
12.5310366569707,0,0.0109739413789005,0,12.5310366569707,0.0109739413789005,0.0109739413789005,0.0109739413789005,0.0301771491611757
11.0161041029769,0,-0.0031766917676102,0,11.0161041029769,-0.0031766917676102,-0.0031766917676102,-0.0031766917676102,0.0522005254908412
12.612078023469,0,-0.0597088928688878,0,12.612078023469,-0.0597088928688878,-0.0597088928688878,-0.0597088928688878,0.0322576765582896
27.9381463268887,0,-0.0196646199066465,0,27.9381463268887,-0.0196646199066465,-0.0196646199066465,-0.0196646199066465,0.0266030945529787
28.4056044215739,0,-0.0234835133541325,0,28.4056044215739,-0.0234835133541325,-0.0234835133541325,-0.0234835133541325,0.0460235649191708
9.44659083119766,0,-0.0979355343768668,0,9.44659083119766,-0.0979355343768668,-0.0979355343768668,-0.0979355343768668,0.106984919191722
14.3373106913918,0,-0.0165868652445846,0,14.3373106913918,-0.0165868652445846,-0.0165868652445846,-0.0165868652445846,0.0475684856482902
36.4912664165587,0,-0.147809743521965,0,36.4912664165587,-0.147809743521965,-0.147809743521965,-0.147809743521965,0.075083048553793
NA,NA,NA,NA,NA,NA,NA,NA,NA
3.48138260502119,0,-0.0431716232209931,0,3.48138260502119,-0.0431716232209931,-0.0431716232209931,-0.0431716232209931,0.0321818721032191
5.59197431763262,0,-0.0578220526680145,0,5.59197431763262,-0.0578220526680145,-0.0578220526680145,-0.0578220526680145,0.0290843221745671
7.10118523761685,0,-0.0285278978712163,0,7.10118523761685,-0.0285278978712163,-0.0285278978712163,-0.0285278978712163,0.0595492352872805
8.39406695268219,0,0.0167837864563465,0,8.39406695268219,0.0167837864563465,0.0167837864563465,0.0167837864563465,0.0322473662392579
6.68163411954067,0,0.0399525800720857,0,6.68163411954067,0.0399525800720857,0.0399525800720857,0.0399525800720857,0.0632642521725607
10.9419857642508,0,-0.0876235523401562,0,10.9419857642508,-0.0876235523401562,-0.0876235523401562,-0.0876235523401562,0.0336377588977628
9.567453602661,0,-0.0130573193727359,0,9.567453602661,-0.0130573193727359,-0.0130573193727359,-0.0130573193727359,0.0264340771076804
9.56764954052794,0,-0.00578932875863998,0,9.56764954052794,-0.00578932875863998,-0.00578932875863998,-0.00578932875863998,0.0288617279537588
9.58796747981615,0,0.00725905880614161,0,9.58796747981615,0.00725905880614161,0.00725905880614161,0.00725905880614161,0.0422687684348916
10.3415882006709,0,-0.0979591311963027,0,10.3415882006709,-0.0979591311963027,-0.0979591311963027,-0.0979591311963027,0.0379022425227411
9.03381024943225,0,-0.0258591277728825,0,9.03381024943225,-0.0258591277728825,-0.0258591277728825,-0.0258591277728825,0.0210013285642308
7.292171244769,0,0.0214216184583366,0,7.292171244769,0.0214216184583366,0.0214216184583366,0.0214216184583366,0.00787016036700002
10.6567948708008,0,0.0203455428827325,0,10.6567948708008,0.0203455428827325,0.0203455428827325,0.0203455428827325,0.0367174068081082
15.83958844307,0,0.0399832495665445,0,15.83958844307,0.0399832495665445,0.0399832495665445,0.0399832495665445,0.0130470310288665
17.7014293147066,0,0.0234372077444364,0,17.7014293147066,0.0234372077444364,0.0234372077444364,0.0234372077444364,0.0323786122878216
16.016217440795,0,-0.00369944404825601,0,16.016217440795,-0.00369944404825601,-0.00369944404825601,-0.00369944404825601,0.0376637682579198
13.5036026382197,0,0.0260526179813793,0,13.5036026382197,0.0260526179813793,0.0260526179813793,0.0260526179813793,0.0175137052055195
13.9836050997556,0,-0.0596374353307077,0,13.9836050997556,-0.0596374353307077,-0.0596374353307077,-0.0596374353307077,0.0260159424457815
11.3110693140974,0,0.00982781565554414,0,11.3110693140974,0.00982781565554414,0.00982781565554414,0.00982781565554414,0.0152975413868066
20.6083384757102,0,-0.0196913974375486,0,20.6083384757102,-0.0196913974375486,-0.0196913974375486,-0.0196913974375486,0.0564075951702511
12.3671082351961,0,0.0210231372322994,0,12.3671082351961,0.0210231372322994,0.0210231372322994,0.0210231372322994,0.0160828742749283
12.3654554745313,0,-0.0686880413546458,0,12.3654554745313,-0.0686880413546458,-0.0686880413546458,-0.0686880413546458,0.0513325050706189
19.2556223171704,0,0.0285945738844167,0,19.2556223171704,0.0285945738844167,0.0285945738844167,0.0285945738844167,0.0139726523520546
34.7312424253189,0,0.00360906084633839,0,34.7312424253189,0.00360906084633839,0.00360906084633839,0.00360906084633839,0.017575833019559
54.7209102152747,0,0.0196726221291343,0,54.7209102152747,0.0196726221291343,0.0196726221291343,0.0196726221291343,0.0109274670854921
14.729212643584,0,-0.0296594096014818,0,14.729212643584,-0.0296594096014818,-0.0296594096014818,-0.0296594096014818,0.0438275771773769
8.22166390729103,0,0.0200227074138689,0,8.22166390729103,0.0200227074138689,0.0200227074138689,0.0200227074138689,0.0889316774406693
11.7030101268542,0,0.0664031592294417,0,11.7030101268542,0.0664031592294417,0.0664031592294417,0.0664031592294417,0.0318702419669784
7.36539602284415,0,-0.0247872150245361,0,7.36539602284415,-0.0247872150245361,-0.0247872150245361,-0.0247872150245361,0.114121672795408
9.34902839864339,0,-0.0319037471830898,0,9.34902839864339,-0.0319037471830898,-0.0319037471830898,-0.0319037471830898,0.0353702402159913
12.5616640281909,0,0.00441577973083164,0,12.5616640281909,0.00441577973083164,0.00441577973083164,0.00441577973083164,0.0138459086615911
14.389195342198,0,0.0514818793481831,0,14.389195342198,0.0514818793481831,0.0514818793481831,0.0514818793481831,0.112813117182012
10.8363107906744,0,-0.028098390818107,0,10.8363107906744,-0.028098390818107,-0.028098390818107,-0.028098390818107,0.071926050301895
11.7003583105711,0,-0.00186774348468509,0,11.7003583105711,-0.00186774348468509,-0.00186774348468509,-0.00186774348468509,0.00589871207554302
14.1717804897526,0,0.027255899623745,0,14.1717804897526,0.027255899623745,0.027255899623745,0.027255899623745,0.0438772018708798
10.4916049522311,0,0.0132463173032987,0,10.4916049522311,0.0132463173032987,0.0132463173032987,0.0132463173032987,0.0267192917518445
12.491172371433,0,0.00616174807970621,0,12.491172371433,0.00616174807970621,0.00616174807970621,0.00616174807970621,0.0405245193389735
31.4129223891295,0,-0.0481702543197104,0,31.4129223891295,-0.0481702543197104,-0.0481702543197104,-0.0481702543197104,0.04354801944707
23.3384346785706,0,0.0173424537425691,0,23.3384346785706,0.0173424537425691,0.0173424537425691,0.0173424537425691,0.0189266195413323
21.0471310356801,0,0.0617673658141888,0,21.0471310356801,0.0617673658141888,0.0617673658141888,0.0617673658141888,0.047052745863464
16.8846431378076,0,0.0592246738975235,0,16.8846431378076,0.0592246738975235,0.0592246738975235,0.0592246738975235,0.0580511049145327
142.027144302285,0,0.0480428181832702,0,142.027144302285,0.0480428181832702,0.0480428181832702,0.0480428181832702,0.0151652887885014
10.8384906759069,0,-0.00221059163205814,0,10.8384906759069,-0.00221059163205814,-0.00221059163205814,-0.00221059163205814,0.0251376149245104
15.3983817607889,0,0.00875331277188317,0,15.3983817607889,0.00875331277188317,0.00875331277188317,0.00875331277188317,0.0553131630412198
14.6925462604222,0,-0.00458452472707301,0,14.6925462604222,-0.00458452472707301,-0.00458452472707301,-0.00458452472707301,0.0444254697733256
12.5310366569707,0,0.0109739413789005,0,12.5310366569707,0.0109739413789005,0.0109739413789005,0.0109739413789005,0.0301771491611757
11.0161041029769,0,-0.0031766917676102,0,11.0161041029769,-0.0031766917676102,-0.0031766917676102,-0.0031766917676102,0.0522005254908412
12.612078023469,0,-0.0597088928688878,0,12.612078023469,-0.0597088928688878,-0.0597088928688878,-0.0597088928688878,0.0322576765582896
27.9381463268887,0,-0.0196646199066465,0,27.9381463268887,-0.0196646199066465,-0.0196646199066465,-0.0196646199066465,0.0266030945529787
28.4056044215739,0,-0.0234835133541325,0,28.4056044215739,-0.0234835133541325,-0.0234835133541325,-0.0234835133541325,0.0460235649191708
9.44659083119766,0,-0.0979355343768668,0,9.44659083119766,-0.0979355343768668,-0.0979355343768668,-0.0979355343768668,0.106984919191722
14.3373106913918,0,-0.0165868652445846,0,14.3373106913918,-0.0165868652445846,-0.0165868652445846,-0.0165868652445846,0.0475684856482902
36.4912664165587,0,-0.147809743521965,0,36.4912664165587,-0.147809743521965,-0.147809743521965,-0.147809743521965,0.075083048553793
NA,NA,NA,NA,NA,NA,NA,NA,NA
3.48138260502119,0,-0.0431716232209931,0,3.48138260502119,-0.0431716232209931,-0.0431716232209931,-0.0431716232209931,0.0321818721032191
5.59197431763262,0,-0.0578220526680145,0,5.59197431763262,-0.0578220526680145,-0.0578220526680145,-0.0578220526680145,0.0290843221745671
7.10118523761685,0,-0.0285278978712163,0,7.10118523761685,-0.0285278978712163,-0.0285278978712163,-0.0285278978712163,0.0595492352872805
8.39406695268219,0,0.0167837864563465,0,8.39406695268219,0.0167837864563465,0.0167837864563465,0.0167837864563465,0.0322473662392579
6.68163411954067,0,0.0399525800720857,0,6.68163411954067,0.0399525800720857,0.0399525800720857,0.0399525800720857,0.0632642521725607
10.9419857642508,0,-0.0876235523401562,0,10.9419857642508,-0.0876235523401562,-0.0876235523401562,-0.0876235523401562,0.0336377588977628
9.567453602661,0,-0.0130573193727359,0,9.567453602661,-0.0130573193727359,-0.0130573193727359,-0.0130573193727359,0.0264340771076804
9.56764954052794,0,-0.00578932875863998,0,9.56764954052794,-0.00578932875863998,-0.00578932875863998,-0.00578932875863998,0.0288617279537588
9.58796747981615,0,0.00725905880614161,0,9.58796747981615,0.00725905880614161,0.00725905880614161,0.00725905880614161,0.0422687684348916
10.3415882006709,0,-0.0979591311963027,0,10.3415882006709,-0.0979591311963027,-0.0979591311963027,-0.0979591311963027,0.0379022425227411
9.03381024943225,0,-0.0258591277728825,0,9.03381024943225,-0.0258591277728825,-0.0258591277728825,-0.0258591277728825,0.0210013285642308
7.292171244769,0,0.0214216184583366,0,7.292171244769,0.0214216184583366,0.0214216184583366,0.0214216184583366,0.00787016036700002
10.6567948708008,0,0.0203455428827325,0,10.6567948708008,0.0203455428827325,0.0203455428827325,0.0203455428827325,0.0367174068081082
15.83958844307,0,0.0399832495665445,0,15.83958844307,0.0399832495665445,0.0399832495665445,0.0399832495665445,0.0130470310288665
17.7014293147066,0,0.0234372077444364,0,17.7014293147066,0.0234372077444364,0.0234372077444364,0.0234372077444364,0.0323786122878216
16.016217440795,0,-0.00369944404825601,0,16.016217440795,-0.00369944404825601,-0.00369944404825601,-0.00369944404825601,0.0376637682579198
13.5036026382197,0,0.0260526179813793,0,13.5036026382197,0.0260526179813793,0.0260526179813793,0.0260526179813793,0.0175137052055195
13.9836050997556,0,-0.0596374353307077,0,13.9836050997556,-0.0596374353307077,-0.0596374353307077,-0.0596374353307077,0.0260159424457815
11.3110693140974,0,0.00982781565554414,0,11.3110693140974,0.00982781565554414,0.00982781565554414,0.00982781565554414,0.0152975413868066
20.6083384757102,0,-0.0196913974375486,0,20.6083384757102,-0.0196913974375486,-0.0196913974375486,-0.0196913974375486,0.0564075951702511
12.3671082351961,0,0.0210231372322994,0,12.3671082351961,0.0210231372322994,0.0210231372322994,0.0210231372322994,0.0160828742749283
12.3654554745313,0,-0.0686880413546458,0,12.3654554745313,-0.0686880413546458,-0.0686880413546458,-0.0686880413546458,0.0513325050706189
19.2556223171704,0,0.0285945738844167,0,19.2556223171704,0.0285945738844167,0.0285945738844167,0.0285945738844167,0.0139726523520546
34.7312424253189,0,0.00360906084633839,0,34.7312424253189,0.00360906084633839,0.00360906084633839,0.00360906084633839,0.017575833019559
54.7209102152747,0,0.0196726221291343,0,54.7209102152747,0.0196726221291343,0.0196726221291343,0.0196726221291343,0.0109274670854921
14.729212643584,0,-0.0296594096014818,0,14.729212643584,-0.0296594096014818,-0.0296594096014818,-0.0296594096014818,0.0438275771773769
8.22166390729103,0,0.0200227074138689,0,8.22166390729103,0.0200227074138689,0.0200227074138689,0.0200227074138689,0.0889316774406693
11.7030101268542,0,0.0664031592294417,0,11.7030101268542,0.0664031592294417,0.0664031592294417,0.0664031592294417,0.0318702419669784
7.36539602284415,0,-0.0247872150245361,0,7.36539602284415,-0.0247872150245361,-0.0247872150245361,-0.0247872150245361,0.114121672795408
9.34902839864339,0,-0.0319037471830898,0,9.34902839864339,-0.0319037471830898,-0.0319037471830898,-0.0319037471830898,0.0353702402159913
12.5616640281909,0,0.00441577973083164,0,12.5616640281909,0.00441577973083164,0.00441577973083164,0.00441577973083164,0.0138459086615911
14.389195342198,0,0.0514818793481831,0,14.389195342198,0.0514818793481831,0.0514818793481831,0.0514818793481831,0.112813117182012
10.8363107906744,0,-0.028098390818107,0,10.8363107906744,-0.028098390818107,-0.028098390818107,-0.028098390818107,0.071926050301895
11.7003583105711,0,-0.00186774348468509,0,11.7003583105711,-0.00186774348468509,-0.00186774348468509,-0.00186774348468509,0.00589871207554302
14.1717804897526,0,0.027255899623745,0,14.1717804897526,0.027255899623745,0.027255899623745,0.027255899623745,0.0438772018708798
10.4916049522311,0,0.0132463173032987,0,10.4916049522311,0.0132463173032987,0.0132463173032987,0.0132463173032987,0.0267192917518445
12.491172371433,0,0.00616174807970621,0,12.491172371433,0.00616174807970621,0.00616174807970621,0.00616174807970621,0.0405245193389735
31.4129223891295,0,-0.0481702543197104,0,31.4129223891295,-0.0481702543197104,-0.0481702543197104,-0.0481702543197104,0.04354801944707
23.3384346785706,0,0.0173424537425691,0,23.3384346785706,0.0173424537425691,0.0173424537425691,0.0173424537425691,0.0189266195413323
21.0471310356801,0,0.0617673658141888,0,21.0471310356801,0.0617673658141888,0.0617673658141888,0.0617673658141888,0.047052745863464
16.8846431378076,0,0.0592246738975235,0,16.8846431378076,0.0592246738975235,0.0592246738975235,0.0592246738975235,0.0580511049145327
142.027144302285,0,0.0480428181832702,0,142.027144302285,0.0480428181832702,0.0480428181832702,0.0480428181832702,0.0151652887885014
10.8384906759069,0,-0.00221059163205814,0,10.8384906759069,-0.00221059163205814,-0.00221059163205814,-0.00221059163205814,0.0251376149245104
15.3983817607889,0,0.00875331277188317,0,15.3983817607889,0.00875331277188317,0.00875331277188317,0.00875331277188317,0.0553131630412198
14.6925462604222,0,-0.00458452472707301,0,14.6925462604222,-0.00458452472707301,-0.00458452472707301,-0.00458452472707301,0.0444254697733256
12.5310366569707,0,0.0109739413789005,0,12.5310366569707,0.0109739413789005,0.0109739413789005,0.0109739413789005,0.0301771491611757
11.0161041029769,0,-0.0031766917676102,0,11.0161041029769,-0.0031766917676102,-0.0031766917676102,-0.0031766917676102,0.0522005254908412
12.612078023469,0,-0.0597088928688878,0,12.612078023469,-0.0597088928688878,-0.0597088928688878,-0.0597088928688878,0.0322576765582896
27.9381463268887,0,-0.0196646199066465,0,27.9381463268887,-0.0196646199066465,-0.0196646199066465,-0.0196646199066465,0.0266030945529787
28.4056044215739,0,-0.0234835133541325,0,28.4056044215739,-0.0234835133541325,-0.0234835133541325,-0.0234835133541325,0.0460235649191708
9.44659083119766,0,-0.0979355343768668,0,9.44659083119766,-0.0979355343768668,-0.0979355343768668,-0.0979355343768668,0.106984919191722
14.3373106913918,0,-0.0165868652445846,0,14.3373106913918,-0.0165868652445846,-0.0165868652445846,-0.0165868652445846,0.0475684856482902
36.4912664165587,0,-0.147809743521965,0,36.4912664165587,-0.147809743521965,-0.147809743521965,-0.147809743521965,0.075083048553793
NA,NA,NA,NA,NA,NA,NA,NA,NA
3.48138260502119,0,-0.0431716232209931,0,3.48138260502119,-0.0431716232209931,-0.0431716232209931,-0.0431716232209931,0.0321818721032191
5.59197431763262,0,-0.0578220526680145,0,5.59197431763262,-0.0578220526680145,-0.0578220526680145,-0.0578220526680145,0.0290843221745671
7.10118523761685,0,-0.0285278978712163,0,7.10118523761685,-0.0285278978712163,-0.0285278978712163,-0.0285278978712163,0.0595492352872805
8.39406695268219,0,0.0167837864563465,0,8.39406695268219,0.0167837864563465,0.0167837864563465,0.0167837864563465,0.0322473662392579
6.68163411954067,0,0.0399525800720857,0,6.68163411954067,0.0399525800720857,0.0399525800720857,0.0399525800720857,0.0632642521725607
10.9419857642508,0,-0.0876235523401562,0,10.9419857642508,-0.0876235523401562,-0.0876235523401562,-0.0876235523401562,0.0336377588977628
9.567453602661,0,-0.0130573193727359,0,9.567453602661,-0.0130573193727359,-0.0130573193727359,-0.0130573193727359,0.0264340771076804
9.56764954052794,0,-0.00578932875863998,0,9.56764954052794,-0.00578932875863998,-0.00578932875863998,-0.00578932875863998,0.0288617279537588
9.58796747981615,0,0.00725905880614161,0,9.58796747981615,0.00725905880614161,0.00725905880614161,0.00725905880614161,0.0422687684348916
10.3415882006709,0,-0.0979591311963027,0,10.3415882006709,-0.0979591311963027,-0.0979591311963027,-0.0979591311963027,0.0379022425227411
9.03381024943225,0,-0.0258591277728825,0,9.03381024943225,-0.0258591277728825,-0.0258591277728825,-0.0258591277728825,0.0210013285642308
7.292171244769,0,0.0214216184583366,0,7.292171244769,0.0214216184583366,0.0214216184583366,0.0214216184583366,0.00787016036700002
10.6567948708008,0,0.0203455428827325,0,10.6567948708008,0.0203455428827325,0.0203455428827325,0.0203455428827325,0.0367174068081082
15.83958844307,0,0.0399832495665445,0,15.83958844307,0.0399832495665445,0.0399832495665445,0.0399832495665445,0.0130470310288665
17.7014293147066,0,0.0234372077444364,0,17.7014293147066,0.0234372077444364,0.0234372077444364,0.0234372077444364,0.0323786122878216
16.016217440795,0,-0.00369944404825601,0,16.016217440795,-0.00369944404825601,-0.00369944404825601,-0.00369944404825601,0.0376637682579198
13.5036026382197,0,0.0260526179813793,0,13.5036026382197,0.0260526179813793,0.0260526179813793,0.0260526179813793,0.0175137052055195
13.9836050997556,0,-0.0596374353307077,0,13.9836050997556,-0.0596374353307077,-0.0596374353307077,-0.0596374353307077,0.0260159424457815
11.3110693140974,0,0.00982781565554414,0,11.3110693140974,0.00982781565554414,0.00982781565554414,0.00982781565554414,0.0152975413868066
20.6083384757102,0,-0.0196913974375486,0,20.6083384757102,-0.0196913974375486,-0.0196913974375486,-0.0196913974375486,0.0564075951702511
12.3671082351961,0,0.0210231372322994,0,12.3671082351961,0.0210231372322994,0.0210231372322994,0.0210231372322994,0.0160828742749283
12.3654554745313,0,-0.0686880413546458,0,12.3654554745313,-0.0686880413546458,-0.0686880413546458,-0.0686880413546458,0.0513325050706189
19.2556223171704,0,0.0285945738844167,0,19.2556223171704,0.0285945738844167,0.0285945738844167,0.0285945738844167,0.0139726523520546
34.7312424253189,0,0.00360906084633839,0,34.7312424253189,0.00360906084633839,0.00360906084633839,0.00360906084633839,0.017575833019559
54.7209102152747,0,0.0196726221291343,0,54.7209102152747,0.0196726221291343,0.0196726221291343,0.0196726221291343,0.0109274670854921
14.729212643584,0,-0.0296594096014818,0,14.729212643584,-0.0296594096014818,-0.0296594096014818,-0.0296594096014818,0.0438275771773769
8.22166390729103,0,0.0200227074138689,0,8.22166390729103,0.0200227074138689,0.0200227074138689,0.0200227074138689,0.0889316774406693
11.7030101268542,0,0.0664031592294417,0,11.7030101268542,0.0664031592294417,0.0664031592294417,0.0664031592294417,0.0318702419669784
7.36539602284415,0,-0.0247872150245361,0,7.36539602284415,-0.0247872150245361,-0.0247872150245361,-0.0247872150245361,0.114121672795408
9.34902839864339,0,-0.0319037471830898,0,9.34902839864339,-0.0319037471830898,-0.0319037471830898,-0.0319037471830898,0.0353702402159913
12.5616640281909,0,0.00441577973083164,0,12.5616640281909,0.00441577973083164,0.00441577973083164,0.00441577973083164,0.0138459086615911
14.389195342198,0,0.0514818793481831,0,14.389195342198,0.0514818793481831,0.0514818793481831,0.0514818793481831,0.112813117182012
10.8363107906744,0,-0.028098390818107,0,10.8363107906744,-0.028098390818107,-0.028098390818107,-0.028098390818107,0.071926050301895
11.7003583105711,0,-0.00186774348468509,0,11.7003583105711,-0.00186774348468509,-0.00186774348468509,-0.00186774348468509,0.00589871207554302
14.1717804897526,0,0.027255899623745,0,14.1717804897526,0.027255899623745,0.027255899623745,0.027255899623745,0.0438772018708798
10.4916049522311,0,0.0132463173032987,0,10.4916049522311,0.0132463173032987,0.0132463173032987,0.0132463173032987,0.0267192917518445
12.491172371433,0,0.00616174807970621,0,12.491172371433,0.00616174807970621,0.00616174807970621,0.00616174807970621,0.0405245193389735
31.4129223891295,0,-0.0481702543197104,0,31.4129223891295,-0.0481702543197104,-0.0481702543197104,-0.0481702543197104,0.04354801944707
23.3384346785706,0,0.0173424537425691,0,23.3384346785706,0.0173424537425691,0.0173424537425691,0.0173424537425691,0.0189266195413323
21.0471310356801,0,0.0617673658141888,0,21.0471310356801,0.0617673658141888,0.0617673658141888,0.0617673658141888,0.047052745863464
16.8846431378076,0,0.0592246738975235,0,16.8846431378076,0.0592246738975235,0.0592246738975235,0.0592246738975235,0.0580511049145327
142.027144302285,0,0.0480428181832702,0,142.027144302285,0.0480428181832702,0.0480428181832702,0.0480428181832702,0.0151652887885014
10.8384906759069,0,-0.00221059163205814,0,10.8384906759069,-0.00221059163205814,-0.00221059163205814,-0.00221059163205814,0.0251376149245104
15.3983817607889,0,0.00875331277188317,0,15.3983817607889,0.00875331277188317,0.00875331277188317,0.00875331277188317,0.0553131630412198
14.6925462604222,0,-0.00458452472707301,0,14.6925462604222,-0.00458452472707301,-0.00458452472707301,-0.00458452472707301,0.0444254697733256
12.5310366569707,0,0.0109739413789005,0,12.5310366569707,0.0109739413789005,0.0109739413789005,0.0109739413789005,0.0301771491611757
11.0161041029769,0,-0.0031766917676102,0,11.0161041029769,-0.0031766917676102,-0.0031766917676102,-0.0031766917676102,0.0522005254908412
12.612078023469,0,-0.0597088928688878,0,12.612078023469,-0.0597088928688878,-0.0597088928688878,-0.0597088928688878,0.0322576765582896
27.9381463268887,0,-0.0196646199066465,0,27.9381463268887,-0.0196646199066465,-0.0196646199066465,-0.0196646199066465,0.0266030945529787
28.4056044215739,0,-0.0234835133541325,0,28.4056044215739,-0.0234835133541325,-0.0234835133541325,-0.0234835133541325,0.0460235649191708
9.44659083119766,0,-0.0979355343768668,0,9.44659083119766,-0.0979355343768668,-0.0979355343768668,-0.0979355343768668,0.106984919191722
14.3373106913918,0,-0.0165868652445846,0,14.3373106913918,-0.0165868652445846,-0.0165868652445846,-0.0165868652445846,0.0475684856482902
36.4912664165587,0,-0.147809743521965,0,36.4912664165587,-0.147809743521965,-0.147809743521965,-0.147809743521965,0.075083048553793
NA,NA,NA,NA,NA,NA,NA,NA,NA
3.48138260502119,0,-0.0431716232209931,0,3.48138260502119,-0.0431716232209931,-0.0431716232209931,-0.0431716232209931,0.0321818721032191
5.59197431763262,0,-0.0578220526680145,0,5.59197431763262,-0.0578220526680145,-0.0578220526680145,-0.0578220526680145,0.0290843221745671
7.10118523761685,0,-0.0285278978712163,0,7.10118523761685,-0.0285278978712163,-0.0285278978712163,-0.0285278978712163,0.0595492352872805
8.39406695268219,0,0.0167837864563465,0,8.39406695268219,0.0167837864563465,0.0167837864563465,0.0167837864563465,0.0322473662392579
6.68163411954067,0,0.0399525800720857,0,6.68163411954067,0.0399525800720857,0.0399525800720857,0.0399525800720857,0.0632642521725607
10.9419857642508,0,-0.0876235523401562,0,10.9419857642508,-0.0876235523401562,-0.0876235523401562,-0.0876235523401562,0.0336377588977628
9.567453602661,0,-0.0130573193727359,0,9.567453602661,-0.0130573193727359,-0.0130573193727359,-0.0130573193727359,0.0264340771076804
9.56764954052794,0,-0.00578932875863998,0,9.56764954052794,-0.00578932875863998,-0.00578932875863998,-0.00578932875863998,0.0288617279537588
9.58796747981615,0,0.00725905880614161,0,9.58796747981615,0.00725905880614161,0.00725905880614161,0.00725905880614161,0.0422687684348916
10.3415882006709,0,-0.0979591311963027,0,10.3415882006709,-0.0979591311963027,-0.0979591311963027,-0.0979591311963027,0.0379022425227411
9.03381024943225,0,-0.0258591277728825,0,9.03381024943225,-0.0258591277728825,-0.0258591277728825,-0.0258591277728825,0.0210013285642308
7.292171244769,0,0.0214216184583366,0,7.292171244769,0.0214216184583366,0.0214216184583366,0.0214216184583366,0.00787016036700002
10.6567948708008,0,0.0203455428827325,0,10.6567948708008,0.0203455428827325,0.0203455428827325,0.0203455428827325,0.0367174068081082
15.83958844307,0,0.0399832495665445,0,15.83958844307,0.0399832495665445,0.0399832495665445,0.0399832495665445,0.0130470310288665
17.7014293147066,0,0.0234372077444364,0,17.7014293147066,0.0234372077444364,0.0234372077444364,0.0234372077444364,0.0323786122878216
16.016217440795,0,-0.00369944404825601,0,16.016217440795,-0.00369944404825601,-0.00369944404825601,-0.00369944404825601,0.0376637682579198
13.5036026382197,0,0.0260526179813793,0,13.5036026382197,0.0260526179813793,0.0260526179813793,0.0260526179813793,0.0175137052055195
13.9836050997556,0,-0.0596374353307077,0,13.9836050997556,-0.0596374353307077,-0.0596374353307077,-0.0596374353307077,0.0260159424457815
11.3110693140974,0,0.00982781565554414,0,11.3110693140974,0.00982781565554414,0.00982781565554414,0.00982781565554414,0.0152975413868066
20.6083384757102,0,-0.0196913974375486,0,20.6083384757102,-0.0196913974375486,-0.0196913974375486,-0.0196913974375486,0.0564075951702511
12.3671082351961,0,0.0210231372322994,0,12.3671082351961,0.0210231372322994,0.0210231372322994,0.0210231372322994,0.0160828742749283
12.3654554745313,0,-0.0686880413546458,0,12.3654554745313,-0.0686880413546458,-0.0686880413546458,-0.0686880413546458,0.0513325050706189
19.2556223171704,0,0.0285945738844167,0,19.2556223171704,0.0285945738844167,0.0285945738844167,0.0285945738844167,0.0139726523520546
34.7312424253189,0,0.00360906084633839,0,34.7312424253189,0.00360906084633839,0.00360906084633839,0.00360906084633839,0.017575833019559
54.7209102152747,0,0.0196726221291343,0,54.7209102152747,0.0196726221291343,0.0196726221291343,0.0196726221291343,0.0109274670854921
14.729212643584,0,-0.0296594096014818,0,14.729212643584,-0.0296594096014818,-0.0296594096014818,-0.0296594096014818,0.0438275771773769
8.22166390729103,0,0.0200227074138689,0,8.22166390729103,0.0200227074138689,0.0200227074138689,0.0200227074138689,0.0889316774406693
11.7030101268542,0,0.0664031592294417,0,11.7030101268542,0.0664031592294417,0.0664031592294417,0.0664031592294417,0.0318702419669784
7.36539602284415,0,-0.0247872150245361,0,7.36539602284415,-0.0247872150245361,-0.0247872150245361,-0.0247872150245361,0.114121672795408
9.34902839864339,0,-0.0319037471830898,0,9.34902839864339,-0.0319037471830898,-0.0319037471830898,-0.0319037471830898,0.0353702402159913
12.5616640281909,0,0.00441577973083164,0,12.5616640281909,0.00441577973083164,0.00441577973083164,0.00441577973083164,0.0138459086615911
14.389195342198,0,0.0514818793481831,0,14.389195342198,0.0514818793481831,0.0514818793481831,0.0514818793481831,0.112813117182012
10.8363107906744,0,-0.028098390818107,0,10.8363107906744,-0.028098390818107,-0.028098390818107,-0.028098390818107,0.071926050301895
11.7003583105711,0,-0.00186774348468509,0,11.7003583105711,-0.00186774348468509,-0.00186774348468509,-0.00186774348468509,0.00589871207554302
14.1717804897526,0,0.027255899623745,0,14.1717804897526,0.027255899623745,0.027255899623745,0.027255899623745,0.0438772018708798
10.4916049522311,0,0.0132463173032987,0,10.4916049522311,0.0132463173032987,0.0132463173032987,0.0132463173032987,0.0267192917518445
12.491172371433,0,0.00616174807970621,0,12.491172371433,0.00616174807970621,0.00616174807970621,0.00616174807970621,0.0405245193389735
31.4129223891295,0,-0.0481702543197104,0,31.4129223891295,-0.0481702543197104,-0.0481702543197104,-0.0481702543197104,0.04354801944707
23.3384346785706,0,0.0173424537425691,0,23.3384346785706,0.0173424537425691,0.0173424537425691,0.0173424537425691,0.0189266195413323
21.0471310356801,0,0.0617673658141888,0,21.0471310356801,0.0617673658141888,0.0617673658141888,0.0617673658141888,0.047052745863464
16.8846431378076,0,0.0592246738975235,0,16.8846431378076,0.0592246738975235,0.0592246738975235,0.0592246738975235,0.0580511049145327
142.027144302285,0,0.0480428181832702,0,142.027144302285,0.0480428181832702,0.0480428181832702,0.0480428181832702,0.0151652887885014
10.8384906759069,0,-0.00221059163205814,0,10.8384906759069,-0.00221059163205814,-0.00221059163205814,-0.00221059163205814,0.0251376149245104
15.3983817607889,0,0.00875331277188317,0,15.3983817607889,0.00875331277188317,0.00875331277188317,0.00875331277188317,0.0553131630412198
14.6925462604222,0,-0.00458452472707301,0,14.6925462604222,-0.00458452472707301,-0.00458452472707301,-0.00458452472707301,0.0444254697733256
12.5310366569707,0,0.0109739413789005,0,12.5310366569707,0.0109739413789005,0.0109739413789005,0.0109739413789005,0.0301771491611757
11.0161041029769,0,-0.0031766917676102,0,11.0161041029769,-0.0031766917676102,-0.0031766917676102,-0.0031766917676102,0.0522005254908412
12.612078023469,0,-0.0597088928688878,0,12.612078023469,-0.0597088928688878,-0.0597088928688878,-0.0597088928688878,0.0322576765582896
27.9381463268887,0,-0.0196646199066465,0,27.9381463268887,-0.0196646199066465,-0.0196646199066465,-0.0196646199066465,0.0266030945529787
28.4056044215739,0,-0.0234835133541325,0,28.4056044215739,-0.0234835133541325,-0.0234835133541325,-0.0234835133541325,0.0460235649191708
9.44659083119766,0,-0.0979355343768668,0,9.44659083119766,-0.0979355343768668,-0.0979355343768668,-0.0979355343768668,0.106984919191722
14.3373106913918,0,-0.0165868652445846,0,14.3373106913918,-0.0165868652445846,-0.0165868652445846,-0.0165868652445846,0.0475684856482902
36.4912664165587,0,-0.147809743521965,0,36.4912664165587,-0.147809743521965,-0.147809743521965,-0.147809743521965,0.075083048553793
NA,NA,NA,NA,NA,NA,NA,NA,NA
3.48138260502119,0,-0.0431716232209931,0,3.48138260502119,-0.0431716232209931,-0.0431716232209931,-0.0431716232209931,0.0321818721032191
5.59197431763262,0,-0.0578220526680145,0,5.59197431763262,-0.0578220526680145,-0.0578220526680145,-0.0578220526680145,0.0290843221745671
7.10118523761685,0,-0.0285278978712163,0,7.10118523761685,-0.0285278978712163,-0.0285278978712163,-0.0285278978712163,0.0595492352872805
8.39406695268219,0,0.0167837864563465,0,8.39406695268219,0.0167837864563465,0.0167837864563465,0.0167837864563465,0.0322473662392579
6.68163411954067,0,0.0399525800720857,0,6.68163411954067,0.0399525800720857,0.0399525800720857,0.0399525800720857,0.0632642521725607
10.9419857642508,0,-0.0876235523401562,0,10.9419857642508,-0.0876235523401562,-0.0876235523401562,-0.0876235523401562,0.0336377588977628
9.567453602661,0,-0.0130573193727359,0,9.567453602661,-0.0130573193727359,-0.0130573193727359,-0.0130573193727359,0.0264340771076804
9.56764954052794,0,-0.00578932875863998,0,9.56764954052794,-0.00578932875863998,-0.00578932875863998,-0.00578932875863998,0.0288617279537588
9.58796747981615,0,0.00725905880614161,0,9.58796747981615,0.00725905880614161,0.00725905880614161,0.00725905880614161,0.0422687684348916
10.3415882006709,0,-0.0979591311963027,0,10.3415882006709,-0.0979591311963027,-0.0979591311963027,-0.0979591311963027,0.0379022425227411
9.03381024943225,0,-0.0258591277728825,0,9.03381024943225,-0.0258591277728825,-0.0258591277728825,-0.0258591277728825,0.0210013285642308
7.292171244769,0,0.0214216184583366,0,7.292171244769,0.0214216184583366,0.0214216184583366,0.0214216184583366,0.00787016036700002
10.6567948708008,0,0.0203455428827325,0,10.6567948708008,0.0203455428827325,0.0203455428827325,0.0203455428827325,0.0367174068081082
15.83958844307,0,0.0399832495665445,0,15.83958844307,0.0399832495665445,0.0399832495665445,0.0399832495665445,0.0130470310288665
17.7014293147066,0,0.0234372077444364,0,17.7014293147066,0.0234372077444364,0.0234372077444364,0.0234372077444364,0.0323786122878216
16.016217440795,0,-0.00369944404825601,0,16.016217440795,-0.00369944404825601,-0.00369944404825601,-0.00369944404825601,0.0376637682579198
13.5036026382197,0,0.0260526179813793,0,13.5036026382197,0.0260526179813793,0.0260526179813793,0.0260526179813793,0.0175137052055195
13.9836050997556,0,-0.0596374353307077,0,13.9836050997556,-0.0596374353307077,-0.0596374353307077,-0.0596374353307077,0.0260159424457815
11.3110693140974,0,0.00982781565554414,0,11.3110693140974,0.00982781565554414,0.00982781565554414,0.00982781565554414,0.0152975413868066
20.6083384757102,0,-0.0196913974375486,0,20.6083384757102,-0.0196913974375486,-0.0196913974375486,-0.0196913974375486,0.0564075951702511
12.3671082351961,0,0.0210231372322994,0,12.3671082351961,0.0210231372322994,0.0210231372322994,0.0210231372322994,0.0160828742749283
12.3654554745313,0,-0.0686880413546458,0,12.3654554745313,-0.0686880413546458,-0.0686880413546458,-0.0686880413546458,0.0513325050706189
19.2556223171704,0,0.0285945738844167,0,19.2556223171704,0.0285945738844167,0.0285945738844167,0.0285945738844167,0.0139726523520546
34.7312424253189,0,0.00360906084633839,0,34.7312424253189,0.00360906084633839,0.00360906084633839,0.00360906084633839,0.017575833019559
54.7209102152747,0,0.0196726221291343,0,54.7209102152747,0.0196726221291343,0.0196726221291343,0.0196726221291343,0.0109274670854921
14.729212643584,0,-0.0296594096014818,0,14.729212643584,-0.0296594096014818,-0.0296594096014818,-0.0296594096014818,0.0438275771773769
8.22166390729103,0,0.0200227074138689,0,8.22166390729103,0.0200227074138689,0.0200227074138689,0.0200227074138689,0.0889316774406693
11.7030101268542,0,0.0664031592294417,0,11.7030101268542,0.0664031592294417,0.0664031592294417,0.0664031592294417,0.0318702419669784
7.36539602284415,0,-0.0247872150245361,0,7.36539602284415,-0.0247872150245361,-0.0247872150245361,-0.0247872150245361,0.114121672795408
9.34902839864339,0,-0.0319037471830898,0,9.34902839864339,-0.0319037471830898,-0.0319037471830898,-0.0319037471830898,0.0353702402159913
12.5616640281909,0,0.00441577973083164,0,12.5616640281909,0.00441577973083164,0.00441577973083164,0.00441577973083164,0.0138459086615911
14.389195342198,0,0.0514818793481831,0,14.389195342198,0.0514818793481831,0.0514818793481831,0.0514818793481831,0.112813117182012
10.8363107906744,0,-0.028098390818107,0,10.8363107906744,-0.028098390818107,-0.028098390818107,-0.028098390818107,0.071926050301895
11.7003583105711,0,-0.00186774348468509,0,11.7003583105711,-0.00186774348468509,-0.00186774348468509,-0.00186774348468509,0.00589871207554302
14.1717804897526,0,0.027255899623745,0,14.1717804897526,0.027255899623745,0.027255899623745,0.027255899623745,0.0438772018708798
10.4916049522311,0,0.0132463173032987,0,10.4916049522311,0.0132463173032987,0.0132463173032987,0.0132463173032987,0.0267192917518445
12.491172371433,0,0.00616174807970621,0,12.491172371433,0.00616174807970621,0.00616174807970621,0.00616174807970621,0.0405245193389735
31.4129223891295,0,-0.0481702543197104,0,31.4129223891295,-0.0481702543197104,-0.0481702543197104,-0.0481702543197104,0.04354801944707
23.3384346785706,0,0.0173424537425691,0,23.3384346785706,0.0173424537425691,0.0173424537425691,0.0173424537425691,0.0189266195413323
21.0471310356801,0,0.0617673658141888,0,21.0471310356801,0.0617673658141888,0.0617673658141888,0.0617673658141888,0.047052745863464
16.8846431378076,0,0.0592246738975235,0,16.8846431378076,0.0592246738975235,0.0592246738975235,0.0592246738975235,0.0580511049145327
142.027144302285,0,0.0480428181832702,0,142.027144302285,0.0480428181832702,0.0480428181832702,0.0480428181832702,0.0151652887885014
10.8384906759069,0,-0.00221059163205814,0,10.8384906759069,-0.00221059163205814,-0.00221059163205814,-0.00221059163205814,0.0251376149245104
15.3983817607889,0,0.00875331277188317,0,15.3983817607889,0.00875331277188317,0.00875331277188317,0.00875331277188317,0.0553131630412198
14.6925462604222,0,-0.00458452472707301,0,14.6925462604222,-0.00458452472707301,-0.00458452472707301,-0.00458452472707301,0.0444254697733256
12.5310366569707,0,0.0109739413789005,0,12.5310366569707,0.0109739413789005,0.0109739413789005,0.0109739413789005,0.0301771491611757
11.0161041029769,0,-0.0031766917676102,0,11.0161041029769,-0.0031766917676102,-0.0031766917676102,-0.0031766917676102,0.0522005254908412
12.612078023469,0,-0.0597088928688878,0,12.612078023469,-0.0597088928688878,-0.0597088928688878,-0.0597088928688878,0.0322576765582896
27.9381463268887,0,-0.0196646199066465,0,27.9381463268887,-0.0196646199066465,-0.0196646199066465,-0.0196646199066465,0.0266030945529787
28.4056044215739,0,-0.0234835133541325,0,28.4056044215739,-0.0234835133541325,-0.0234835133541325,-0.0234835133541325,0.0460235649191708
9.44659083119766,0,-0.0979355343768668,0,9.44659083119766,-0.0979355343768668,-0.0979355343768668,-0.0979355343768668,0.106984919191722
14.3373106913918,0,-0.0165868652445846,0,14.3373106913918,-0.0165868652445846,-0.0165868652445846,-0.0165868652445846,0.0475684856482902
36.4912664165587,0,-0.147809743521965,0,36.4912664165587,-0.147809743521965,-0.147809743521965,-0.147809743521965,0.075083048553793
NA,NA,NA,NA,NA,NA,NA,NA,NA
3.48138260502119,0,-0.0431716232209931,0,3.48138260502119,-0.0431716232209931,-0.0431716232209931,-0.0431716232209931,0.0321818721032191
5.59197431763262,0,-0.0578220526680145,0,5.59197431763262,-0.0578220526680145,-0.0578220526680145,-0.0578220526680145,0.0290843221745671
7.10118523761685,0,-0.0285278978712163,0,7.10118523761685,-0.0285278978712163,-0.0285278978712163,-0.0285278978712163,0.0595492352872805
8.39406695268219,0,0.0167837864563465,0,8.39406695268219,0.0167837864563465,0.0167837864563465,0.0167837864563465,0.0322473662392579
6.68163411954067,0,0.0399525800720857,0,6.68163411954067,0.0399525800720857,0.0399525800720857,0.0399525800720857,0.0632642521725607
10.9419857642508,0,-0.0876235523401562,0,10.9419857642508,-0.0876235523401562,-0.0876235523401562,-0.0876235523401562,0.0336377588977628
9.567453602661,0,-0.0130573193727359,0,9.567453602661,-0.0130573193727359,-0.0130573193727359,-0.0130573193727359,0.0264340771076804
9.56764954052794,0,-0.00578932875863998,0,9.56764954052794,-0.00578932875863998,-0.00578932875863998,-0.00578932875863998,0.0288617279537588
9.58796747981615,0,0.00725905880614161,0,9.58796747981615,0.00725905880614161,0.00725905880614161,0.00725905880614161,0.0422687684348916
10.3415882006709,0,-0.0979591311963027,0,10.3415882006709,-0.0979591311963027,-0.0979591311963027,-0.0979591311963027,0.0379022425227411
9.03381024943225,0,-0.0258591277728825,0,9.03381024943225,-0.0258591277728825,-0.0258591277728825,-0.0258591277728825,0.0210013285642308
7.292171244769,0,0.0214216184583366,0,7.292171244769,0.0214216184583366,0.0214216184583366,0.0214216184583366,0.00787016036700002
10.6567948708008,0,0.0203455428827325,0,10.6567948708008,0.0203455428827325,0.0203455428827325,0.0203455428827325,0.0367174068081082
15.83958844307,0,0.0399832495665445,0,15.83958844307,0.0399832495665445,0.0399832495665445,0.0399832495665445,0.0130470310288665
17.7014293147066,0,0.0234372077444364,0,17.7014293147066,0.0234372077444364,0.0234372077444364,0.0234372077444364,0.0323786122878216
16.016217440795,0,-0.00369944404825601,0,16.016217440795,-0.00369944404825601,-0.00369944404825601,-0.00369944404825601,0.0376637682579198
13.5036026382197,0,0.0260526179813793,0,13.5036026382197,0.0260526179813793,0.0260526179813793,0.0260526179813793,0.0175137052055195
13.9836050997556,0,-0.0596374353307077,0,13.9836050997556,-0.0596374353307077,-0.0596374353307077,-0.0596374353307077,0.0260159424457815
11.3110693140974,0,0.00982781565554414,0,11.3110693140974,0.00982781565554414,0.00982781565554414,0.00982781565554414,0.0152975413868066
20.6083384757102,0,-0.0196913974375486,0,20.6083384757102,-0.0196913974375486,-0.0196913974375486,-0.0196913974375486,0.0564075951702511
12.3671082351961,0,0.0210231372322994,0,12.3671082351961,0.0210231372322994,0.0210231372322994,0.0210231372322994,0.0160828742749283
12.3654554745313,0,-0.0686880413546458,0,12.3654554745313,-0.0686880413546458,-0.0686880413546458,-0.0686880413546458,0.0513325050706189
19.2556223171704,0,0.0285945738844167,0,19.2556223171704,0.0285945738844167,0.0285945738844167,0.0285945738844167,0.0139726523520546
34.7312424253189,0,0.00360906084633839,0,34.7312424253189,0.00360906084633839,0.00360906084633839,0.00360906084633839,0.017575833019559
54.7209102152747,0,0.0196726221291343,0,54.7209102152747,0.0196726221291343,0.0196726221291343,0.0196726221291343,0.0109274670854921
14.729212643584,0,-0.0296594096014818,0,14.729212643584,-0.0296594096014818,-0.0296594096014818,-0.0296594096014818,0.0438275771773769
8.22166390729103,0,0.0200227074138689,0,8.22166390729103,0.0200227074138689,0.0200227074138689,0.0200227074138689,0.0889316774406693
11.7030101268542,0,0.0664031592294417,0,11.7030101268542,0.0664031592294417,0.0664031592294417,0.0664031592294417,0.0318702419669784
7.36539602284415,0,-0.0247872150245361,0,7.36539602284415,-0.0247872150245361,-0.0247872150245361,-0.0247872150245361,0.114121672795408
9.34902839864339,0,-0.0319037471830898,0,9.34902839864339,-0.0319037471830898,-0.0319037471830898,-0.0319037471830898,0.0353702402159913
12.5616640281909,0,0.00441577973083164,0,12.5616640281909,0.00441577973083164,0.00441577973083164,0.00441577973083164,0.0138459086615911
14.389195342198,0,0.0514818793481831,0,14.389195342198,0.0514818793481831,0.0514818793481831,0.0514818793481831,0.112813117182012
10.8363107906744,0,-0.028098390818107,0,10.8363107906744,-0.028098390818107,-0.028098390818107,-0.028098390818107,0.071926050301895
11.7003583105711,0,-0.00186774348468509,0,11.7003583105711,-0.00186774348468509,-0.00186774348468509,-0.00186774348468509,0.00589871207554302
14.1717804897526,0,0.027255899623745,0,14.1717804897526,0.027255899623745,0.027255899623745,0.027255899623745,0.0438772018708798
10.4916049522311,0,0.0132463173032987,0,10.4916049522311,0.0132463173032987,0.0132463173032987,0.0132463173032987,0.0267192917518445
12.491172371433,0,0.00616174807970621,0,12.491172371433,0.00616174807970621,0.00616174807970621,0.00616174807970621,0.0405245193389735
31.4129223891295,0,-0.0481702543197104,0,31.4129223891295,-0.0481702543197104,-0.0481702543197104,-0.0481702543197104,0.04354801944707
23.3384346785706,0,0.0173424537425691,0,23.3384346785706,0.0173424537425691,0.0173424537425691,0.0173424537425691,0.0189266195413323
21.0471310356801,0,0.0617673658141888,0,21.0471310356801,0.0617673658141888,0.0617673658141888,0.0617673658141888,0.047052745863464
16.8846431378076,0,0.0592246738975235,0,16.8846431378076,0.0592246738975235,0.0592246738975235,0.0592246738975235,0.0580511049145327
142.027144302285,0,0.0480428181832702,0,142.027144302285,0.0480428181832702,0.0480428181832702,0.0480428181832702,0.0151652887885014
10.8384906759069,0,-0.00221059163205814,0,10.8384906759069,-0.00221059163205814,-0.00221059163205814,-0.00221059163205814,0.0251376149245104
15.3983817607889,0,0.00875331277188317,0,15.3983817607889,0.00875331277188317,0.00875331277188317,0.00875331277188317,0.0553131630412198
14.6925462604222,0,-0.00458452472707301,0,14.6925462604222,-0.00458452472707301,-0.00458452472707301,-0.00458452472707301,0.0444254697733256
12.5310366569707,0,0.0109739413789005,0,12.5310366569707,0.0109739413789005,0.0109739413789005,0.0109739413789005,0.0301771491611757
11.0161041029769,0,-0.0031766917676102,0,11.0161041029769,-0.0031766917676102,-0.0031766917676102,-0.0031766917676102,0.0522005254908412
12.612078023469,0,-0.0597088928688878,0,12.612078023469,-0.0597088928688878,-0.0597088928688878,-0.0597088928688878,0.0322576765582896
27.9381463268887,0,-0.0196646199066465,0,27.9381463268887,-0.0196646199066465,-0.0196646199066465,-0.0196646199066465,0.0266030945529787
28.4056044215739,0,-0.0234835133541325,0,28.4056044215739,-0.0234835133541325,-0.0234835133541325,-0.0234835133541325,0.0460235649191708
9.44659083119766,0,-0.0979355343768668,0,9.44659083119766,-0.0979355343768668,-0.0979355343768668,-0.0979355343768668,0.106984919191722
14.3373106913918,0,-0.0165868652445846,0,14.3373106913918,-0.0165868652445846,-0.0165868652445846,-0.0165868652445846,0.0475684856482902
36.4912664165587,0,-0.147809743521965,0,36.4912664165587,-0.147809743521965,-0.147809743521965,-0.147809743521965,0.075083048553793
NA,NA,NA,NA,NA,NA,NA,NA,NA
3.48138260502119,0,-0.0431716232209931,0,3.48138260502119,-0.0431716232209931,-0.0431716232209931,-0.0431716232209931,0.0321818721032191
5.59197431763262,0,-0.0578220526680145,0,5.59197431763262,-0.0578220526680145,-0.0578220526680145,-0.0578220526680145,0.0290843221745671
7.10118523761685,0,-0.0285278978712163,0,7.10118523761685,-0.0285278978712163,-0.0285278978712163,-0.0285278978712163,0.0595492352872805
8.39406695268219,0,0.0167837864563465,0,8.39406695268219,0.0167837864563465,0.0167837864563465,0.0167837864563465,0.0322473662392579
6.68163411954067,0,0.0399525800720857,0,6.68163411954067,0.0399525800720857,0.0399525800720857,0.0399525800720857,0.0632642521725607
10.9419857642508,0,-0.0876235523401562,0,10.9419857642508,-0.0876235523401562,-0.0876235523401562,-0.0876235523401562,0.0336377588977628
9.567453602661,0,-0.0130573193727359,0,9.567453602661,-0.0130573193727359,-0.0130573193727359,-0.0130573193727359,0.0264340771076804
9.56764954052794,0,-0.00578932875863998,0,9.56764954052794,-0.00578932875863998,-0.00578932875863998,-0.00578932875863998,0.0288617279537588
9.58796747981615,0,0.00725905880614161,0,9.58796747981615,0.00725905880614161,0.00725905880614161,0.00725905880614161,0.0422687684348916
10.3415882006709,0,-0.0979591311963027,0,10.3415882006709,-0.0979591311963027,-0.0979591311963027,-0.0979591311963027,0.0379022425227411
9.03381024943225,0,-0.0258591277728825,0,9.03381024943225,-0.0258591277728825,-0.0258591277728825,-0.0258591277728825,0.0210013285642308
7.292171244769,0,0.0214216184583366,0,7.292171244769,0.0214216184583366,0.0214216184583366,0.0214216184583366,0.00787016036700002
10.6567948708008,0,0.0203455428827325,0,10.6567948708008,0.0203455428827325,0.0203455428827325,0.0203455428827325,0.0367174068081082
15.83958844307,0,0.0399832495665445,0,15.83958844307,0.0399832495665445,0.0399832495665445,0.0399832495665445,0.0130470310288665
17.7014293147066,0,0.0234372077444364,0,17.7014293147066,0.0234372077444364,0.0234372077444364,0.0234372077444364,0.0323786122878216
16.016217440795,0,-0.00369944404825601,0,16.016217440795,-0.00369944404825601,-0.00369944404825601,-0.00369944404825601,0.0376637682579198
13.5036026382197,0,0.0260526179813793,0,13.5036026382197,0.0260526179813793,0.0260526179813793,0.0260526179813793,0.0175137052055195
13.9836050997556,0,-0.0596374353307077,0,13.9836050997556,-0.0596374353307077,-0.0596374353307077,-0.0596374353307077,0.0260159424457815
11.3110693140974,0,0.00982781565554414,0,11.3110693140974,0.00982781565554414,0.00982781565554414,0.00982781565554414,0.0152975413868066
20.6083384757102,0,-0.0196913974375486,0,20.6083384757102,-0.0196913974375486,-0.0196913974375486,-0.0196913974375486,0.0564075951702511
12.3671082351961,0,0.0210231372322994,0,12.3671082351961,0.0210231372322994,0.0210231372322994,0.0210231372322994,0.0160828742749283
12.3654554745313,0,-0.0686880413546458,0,12.3654554745313,-0.0686880413546458,-0.0686880413546458,-0.0686880413546458,0.0513325050706189
19.2556223171704,0,0.0285945738844167,0,19.2556223171704,0.0285945738844167,0.0285945738844167,0.0285945738844167,0.0139726523520546
34.7312424253189,0,0.00360906084633839,0,34.7312424253189,0.00360906084633839,0.00360906084633839,0.00360906084633839,0.017575833019559
54.7209102152747,0,0.0196726221291343,0,54.7209102152747,0.0196726221291343,0.0196726221291343,0.0196726221291343,0.0109274670854921
14.729212643584,0,-0.0296594096014818,0,14.729212643584,-0.0296594096014818,-0.0296594096014818,-0.0296594096014818,0.0438275771773769
8.22166390729103,0,0.0200227074138689,0,8.22166390729103,0.0200227074138689,0.0200227074138689,0.0200227074138689,0.0889316774406693
11.7030101268542,0,0.0664031592294417,0,11.7030101268542,0.0664031592294417,0.0664031592294417,0.0664031592294417,0.0318702419669784
7.36539602284415,0,-0.0247872150245361,0,7.36539602284415,-0.0247872150245361,-0.0247872150245361,-0.0247872150245361,0.114121672795408
9.34902839864339,0,-0.0319037471830898,0,9.34902839864339,-0.0319037471830898,-0.0319037471830898,-0.0319037471830898,0.0353702402159913
12.5616640281909,0,0.00441577973083164,0,12.5616640281909,0.00441577973083164,0.00441577973083164,0.00441577973083164,0.0138459086615911
14.389195342198,0,0.0514818793481831,0,14.389195342198,0.0514818793481831,0.0514818793481831,0.0514818793481831,0.112813117182012
10.8363107906744,0,-0.028098390818107,0,10.8363107906744,-0.028098390818107,-0.028098390818107,-0.028098390818107,0.071926050301895
11.7003583105711,0,-0.00186774348468509,0,11.7003583105711,-0.00186774348468509,-0.00186774348468509,-0.00186774348468509,0.00589871207554302
14.1717804897526,0,0.027255899623745,0,14.1717804897526,0.027255899623745,0.027255899623745,0.027255899623745,0.0438772018708798
10.4916049522311,0,0.0132463173032987,0,10.4916049522311,0.0132463173032987,0.0132463173032987,0.0132463173032987,0.0267192917518445
12.491172371433,0,0.00616174807970621,0,12.491172371433,0.00616174807970621,0.00616174807970621,0.00616174807970621,0.0405245193389735
31.4129223891295,0,-0.0481702543197104,0,31.4129223891295,-0.0481702543197104,-0.0481702543197104,-0.0481702543197104,0.04354801944707
23.3384346785706,0,0.0173424537425691,0,23.3384346785706,0.0173424537425691,0.0173424537425691,0.0173424537425691,0.0189266195413323
21.0471310356801,0,0.0617673658141888,0,21.0471310356801,0.0617673658141888,0.0617673658141888,0.0617673658141888,0.047052745863464
16.8846431378076,0,0.0592246738975235,0,16.8846431378076,0.0592246738975235,0.0592246738975235,0.0592246738975235,0.0580511049145327
142.027144302285,0,0.0480428181832702,0,142.027144302285,0.0480428181832702,0.0480428181832702,0.0480428181832702,0.0151652887885014
10.8384906759069,0,-0.00221059163205814,0,10.8384906759069,-0.00221059163205814,-0.00221059163205814,-0.00221059163205814,0.0251376149245104
15.3983817607889,0,0.00875331277188317,0,15.3983817607889,0.00875331277188317,0.00875331277188317,0.00875331277188317,0.0553131630412198
14.6925462604222,0,-0.00458452472707301,0,14.6925462604222,-0.00458452472707301,-0.00458452472707301,-0.00458452472707301,0.0444254697733256
12.5310366569707,0,0.0109739413789005,0,12.5310366569707,0.0109739413789005,0.0109739413789005,0.0109739413789005,0.0301771491611757
11.0161041029769,0,-0.0031766917676102,0,11.0161041029769,-0.0031766917676102,-0.0031766917676102,-0.0031766917676102,0.0522005254908412
12.612078023469,0,-0.0597088928688878,0,12.612078023469,-0.0597088928688878,-0.0597088928688878,-0.0597088928688878,0.0322576765582896
27.9381463268887,0,-0.0196646199066465,0,27.9381463268887,-0.0196646199066465,-0.0196646199066465,-0.0196646199066465,0.0266030945529787
28.4056044215739,0,-0.0234835133541325,0,28.4056044215739,-0.0234835133541325,-0.0234835133541325,-0.0234835133541325,0.0460235649191708
9.90734158103833,0,-0.0492845659710661,0,9.90734158103833,-0.0492845659710661,-0.0492845659710661,-0.0492845659710661,0.111075738327642
14.3373106913918,0,-0.0165868652445846,0,14.3373106913918,-0.0165868652445846,-0.0165868652445846,-0.0165868652445846,0.0475684856482902
36.4912664165587,0,-0.147809743521965,0,36.4912664165587,-0.147809743521965,-0.147809743521965,-0.147809743521965,0.075083048553793
NA,NA,NA,NA,NA,NA,NA,NA,NA
3.48138260502119,0,-0.0431716232209931,0,3.48138260502119,-0.0431716232209931,-0.0431716232209931,-0.0431716232209931,0.0321818721032191
5.59197431763262,0,-0.0578220526680145,0,5.59197431763262,-0.0578220526680145,-0.0578220526680145,-0.0578220526680145,0.0290843221745671
7.10118523761685,0,-0.0285278978712163,0,7.10118523761685,-0.0285278978712163,-0.0285278978712163,-0.0285278978712163,0.0595492352872805
8.39406695268219,0,0.0167837864563465,0,8.39406695268219,0.0167837864563465,0.0167837864563465,0.0167837864563465,0.0322473662392579
6.68163411954067,0,0.0399525800720857,0,6.68163411954067,0.0399525800720857,0.0399525800720857,0.0399525800720857,0.0632642521725607
10.9419857642508,0,-0.0876235523401562,0,10.9419857642508,-0.0876235523401562,-0.0876235523401562,-0.0876235523401562,0.0336377588977628
9.567453602661,0,-0.0130573193727359,0,9.567453602661,-0.0130573193727359,-0.0130573193727359,-0.0130573193727359,0.0264340771076804
9.56764954052794,0,-0.00578932875863998,0,9.56764954052794,-0.00578932875863998,-0.00578932875863998,-0.00578932875863998,0.0288617279537588
9.58796747981615,0,0.00725905880614161,0,9.58796747981615,0.00725905880614161,0.00725905880614161,0.00725905880614161,0.0422687684348916
10.3415882006709,0,-0.0979591311963027,0,10.3415882006709,-0.0979591311963027,-0.0979591311963027,-0.0979591311963027,0.0379022425227411
9.03381024943225,0,-0.0258591277728825,0,9.03381024943225,-0.0258591277728825,-0.0258591277728825,-0.0258591277728825,0.0210013285642308
7.292171244769,0,0.0214216184583366,0,7.292171244769,0.0214216184583366,0.0214216184583366,0.0214216184583366,0.00787016036700002
10.6567948708008,0,0.0203455428827325,0,10.6567948708008,0.0203455428827325,0.0203455428827325,0.0203455428827325,0.0367174068081082
15.83958844307,0,0.0399832495665445,0,15.83958844307,0.0399832495665445,0.0399832495665445,0.0399832495665445,0.0130470310288665
17.7014293147066,0,0.0234372077444364,0,17.7014293147066,0.0234372077444364,0.0234372077444364,0.0234372077444364,0.0323786122878216
16.016217440795,0,-0.00369944404825601,0,16.016217440795,-0.00369944404825601,-0.00369944404825601,-0.00369944404825601,0.0376637682579198
13.5036026382197,0,0.0260526179813793,0,13.5036026382197,0.0260526179813793,0.0260526179813793,0.0260526179813793,0.0175137052055195
13.9836050997556,0,-0.0596374353307077,0,13.9836050997556,-0.0596374353307077,-0.0596374353307077,-0.0596374353307077,0.0260159424457815
11.3110693140974,0,0.00982781565554414,0,11.3110693140974,0.00982781565554414,0.00982781565554414,0.00982781565554414,0.0152975413868066
20.6083384757102,0,-0.0196913974375486,0,20.6083384757102,-0.0196913974375486,-0.0196913974375486,-0.0196913974375486,0.0564075951702511
12.3671082351961,0,0.0210231372322994,0,12.3671082351961,0.0210231372322994,0.0210231372322994,0.0210231372322994,0.0160828742749283
12.3654554745313,0,-0.0686880413546458,0,12.3654554745313,-0.0686880413546458,-0.0686880413546458,-0.0686880413546458,0.0513325050706189
19.2556223171704,0,0.0285945738844167,0,19.2556223171704,0.0285945738844167,0.0285945738844167,0.0285945738844167,0.0139726523520546
34.7312424253189,0,0.00360906084633839,0,34.7312424253189,0.00360906084633839,0.00360906084633839,0.00360906084633839,0.017575833019559
54.7209102152747,0,0.0196726221291343,0,54.7209102152747,0.0196726221291343,0.0196726221291343,0.0196726221291343,0.0109274670854921
14.729212643584,0,-0.0296594096014818,0,14.729212643584,-0.0296594096014818,-0.0296594096014818,-0.0296594096014818,0.0438275771773769
8.22166390729103,0,0.0200227074138689,0,8.22166390729103,0.0200227074138689,0.0200227074138689,0.0200227074138689,0.0889316774406693
11.7030101268542,0,0.0664031592294417,0,11.7030101268542,0.0664031592294417,0.0664031592294417,0.0664031592294417,0.0318702419669784
7.36539602284415,0,-0.0247872150245361,0,7.36539602284415,-0.0247872150245361,-0.0247872150245361,-0.0247872150245361,0.114121672795408
9.34902839864339,0,-0.0319037471830898,0,9.34902839864339,-0.0319037471830898,-0.0319037471830898,-0.0319037471830898,0.0353702402159913
12.5616640281909,0,0.00441577973083164,0,12.5616640281909,0.00441577973083164,0.00441577973083164,0.00441577973083164,0.0138459086615911
14.389195342198,0,0.0514818793481831,0,14.389195342198,0.0514818793481831,0.0514818793481831,0.0514818793481831,0.112813117182012
10.8363107906744,0,-0.028098390818107,0,10.8363107906744,-0.028098390818107,-0.028098390818107,-0.028098390818107,0.071926050301895
11.7003583105711,0,-0.00186774348468509,0,11.7003583105711,-0.00186774348468509,-0.00186774348468509,-0.00186774348468509,0.00589871207554302
14.1717804897526,0,0.027255899623745,0,14.1717804897526,0.027255899623745,0.027255899623745,0.027255899623745,0.0438772018708798
10.4916049522311,0,0.0132463173032987,0,10.4916049522311,0.0132463173032987,0.0132463173032987,0.0132463173032987,0.0267192917518445
12.491172371433,0,0.00616174807970621,0,12.491172371433,0.00616174807970621,0.00616174807970621,0.00616174807970621,0.0405245193389735
31.4129223891295,0,-0.0481702543197104,0,31.4129223891295,-0.0481702543197104,-0.0481702543197104,-0.0481702543197104,0.04354801944707
23.3384346785706,0,0.0173424537425691,0,23.3384346785706,0.0173424537425691,0.0173424537425691,0.0173424537425691,0.0189266195413323
21.0471310356801,0,0.0617673658141888,0,21.0471310356801,0.0617673658141888,0.0617673658141888,0.0617673658141888,0.047052745863464
16.8846431378076,0,0.0592246738975235,0,16.8846431378076,0.0592246738975235,0.0592246738975235,0.0592246738975235,0.0580511049145327
142.027144302285,0,0.0480428181832702,0,142.027144302285,0.0480428181832702,0.0480428181832702,0.0480428181832702,0.0151652887885014
10.8384906759069,0,-0.00221059163205814,0,10.8384906759069,-0.00221059163205814,-0.00221059163205814,-0.00221059163205814,0.0251376149245104
15.3983817607889,0,0.00875331277188317,0,15.3983817607889,0.00875331277188317,0.00875331277188317,0.00875331277188317,0.0553131630412198
14.6925462604222,0,-0.00458452472707301,0,14.6925462604222,-0.00458452472707301,-0.00458452472707301,-0.00458452472707301,0.0444254697733256
12.5310366569707,0,0.0109739413789005,0,12.5310366569707,0.0109739413789005,0.0109739413789005,0.0109739413789005,0.0301771491611757
11.0161041029769,0,-0.0031766917676102,0,11.0161041029769,-0.0031766917676102,-0.0031766917676102,-0.0031766917676102,0.0522005254908412
12.612078023469,0,-0.0597088928688878,0,12.612078023469,-0.0597088928688878,-0.0597088928688878,-0.0597088928688878,0.0322576765582896
27.9381463268887,0,-0.0196646199066465,0,27.9381463268887,-0.0196646199066465,-0.0196646199066465,-0.0196646199066465,0.0266030945529787
28.4056044215739,0,-0.0234835133541325,0,28.4056044215739,-0.0234835133541325,-0.0234835133541325,-0.0234835133541325,0.0460235649191708
9.90734158103833,0,-0.0492845659710661,0,9.90734158103833,-0.0492845659710661,-0.0492845659710661,-0.0492845659710661,0.111075738327642
14.3373106913918,0,-0.0165868652445846,0,14.3373106913918,-0.0165868652445846,-0.0165868652445846,-0.0165868652445846,0.0475684856482902
36.4912664165587,0,-0.147809743521965,0,36.4912664165587,-0.147809743521965,-0.147809743521965,-0.147809743521965,0.075083048553793
NA,NA,NA,NA,NA,NA,NA,NA,NA
3.48138260502119,0,-0.0431716232209931,0,3.48138260502119,-0.0431716232209931,-0.0431716232209931,-0.0431716232209931,0.0321818721032191
5.59197431763262,0,-0.0578220526680145,0,5.59197431763262,-0.0578220526680145,-0.0578220526680145,-0.0578220526680145,0.0290843221745671
7.10118523761685,0,-0.0285278978712163,0,7.10118523761685,-0.0285278978712163,-0.0285278978712163,-0.0285278978712163,0.0595492352872805
8.39406695268219,0,0.0167837864563465,0,8.39406695268219,0.0167837864563465,0.0167837864563465,0.0167837864563465,0.0322473662392579
6.68163411954067,0,0.0399525800720857,0,6.68163411954067,0.0399525800720857,0.0399525800720857,0.0399525800720857,0.0632642521725607
10.9419857642508,0,-0.0876235523401562,0,10.9419857642508,-0.0876235523401562,-0.0876235523401562,-0.0876235523401562,0.0336377588977628
9.567453602661,0,-0.0130573193727359,0,9.567453602661,-0.0130573193727359,-0.0130573193727359,-0.0130573193727359,0.0264340771076804
9.56764954052794,0,-0.00578932875863998,0,9.56764954052794,-0.00578932875863998,-0.00578932875863998,-0.00578932875863998,0.0288617279537588
9.58796747981615,0,0.00725905880614161,0,9.58796747981615,0.00725905880614161,0.00725905880614161,0.00725905880614161,0.0422687684348916
10.3415882006709,0,-0.0979591311963027,0,10.3415882006709,-0.0979591311963027,-0.0979591311963027,-0.0979591311963027,0.0379022425227411
9.03381024943225,0,-0.0258591277728825,0,9.03381024943225,-0.0258591277728825,-0.0258591277728825,-0.0258591277728825,0.0210013285642308
7.292171244769,0,0.0214216184583366,0,7.292171244769,0.0214216184583366,0.0214216184583366,0.0214216184583366,0.00787016036700002
10.6567948708008,0,0.0203455428827325,0,10.6567948708008,0.0203455428827325,0.0203455428827325,0.0203455428827325,0.0367174068081082
15.83958844307,0,0.0399832495665445,0,15.83958844307,0.0399832495665445,0.0399832495665445,0.0399832495665445,0.0130470310288665
17.7014293147066,0,0.0234372077444364,0,17.7014293147066,0.0234372077444364,0.0234372077444364,0.0234372077444364,0.0323786122878216
16.016217440795,0,-0.00369944404825601,0,16.016217440795,-0.00369944404825601,-0.00369944404825601,-0.00369944404825601,0.0376637682579198
13.5036026382197,0,0.0260526179813793,0,13.5036026382197,0.0260526179813793,0.0260526179813793,0.0260526179813793,0.0175137052055195
13.9836050997556,0,-0.0596374353307077,0,13.9836050997556,-0.0596374353307077,-0.0596374353307077,-0.0596374353307077,0.0260159424457815
11.3110693140974,0,0.00982781565554414,0,11.3110693140974,0.00982781565554414,0.00982781565554414,0.00982781565554414,0.0152975413868066
20.6083384757102,0,-0.0196913974375486,0,20.6083384757102,-0.0196913974375486,-0.0196913974375486,-0.0196913974375486,0.0564075951702511
12.3671082351961,0,0.0210231372322994,0,12.3671082351961,0.0210231372322994,0.0210231372322994,0.0210231372322994,0.0160828742749283
12.3654554745313,0,-0.0686880413546458,0,12.3654554745313,-0.0686880413546458,-0.0686880413546458,-0.0686880413546458,0.0513325050706189
19.2556223171704,0,0.0285945738844167,0,19.2556223171704,0.0285945738844167,0.0285945738844167,0.0285945738844167,0.0139726523520546
34.7312424253189,0,0.00360906084633839,0,34.7312424253189,0.00360906084633839,0.00360906084633839,0.00360906084633839,0.017575833019559
54.7209102152747,0,0.0196726221291343,0,54.7209102152747,0.0196726221291343,0.0196726221291343,0.0196726221291343,0.0109274670854921
14.729212643584,0,-0.0296594096014818,0,14.729212643584,-0.0296594096014818,-0.0296594096014818,-0.0296594096014818,0.0438275771773769
8.22166390729103,0,0.0200227074138689,0,8.22166390729103,0.0200227074138689,0.0200227074138689,0.0200227074138689,0.0889316774406693
11.7030101268542,0,0.0664031592294417,0,11.7030101268542,0.0664031592294417,0.0664031592294417,0.0664031592294417,0.0318702419669784
7.36539602284415,0,-0.0247872150245361,0,7.36539602284415,-0.0247872150245361,-0.0247872150245361,-0.0247872150245361,0.114121672795408
9.34902839864339,0,-0.0319037471830898,0,9.34902839864339,-0.0319037471830898,-0.0319037471830898,-0.0319037471830898,0.0353702402159913
12.5616640281909,0,0.00441577973083164,0,12.5616640281909,0.00441577973083164,0.00441577973083164,0.00441577973083164,0.0138459086615911
17.9920946135937,0,0.0461862043986698,0,17.9920946135937,0.0461862043986698,0.0461862043986698,0.0461862043986698,0.0824026574709236
10.8363107906744,0,-0.028098390818107,0,10.8363107906744,-0.028098390818107,-0.028098390818107,-0.028098390818107,0.071926050301895
11.7003583105711,0,-0.00186774348468509,0,11.7003583105711,-0.00186774348468509,-0.00186774348468509,-0.00186774348468509,0.00589871207554302
14.1717804897526,0,0.027255899623745,0,14.1717804897526,0.027255899623745,0.027255899623745,0.027255899623745,0.0438772018708798
10.4916049522311,0,0.0132463173032987,0,10.4916049522311,0.0132463173032987,0.0132463173032987,0.0132463173032987,0.0267192917518445
12.491172371433,0,0.00616174807970621,0,12.491172371433,0.00616174807970621,0.00616174807970621,0.00616174807970621,0.0405245193389735
31.4129223891295,0,-0.0481702543197104,0,31.4129223891295,-0.0481702543197104,-0.0481702543197104,-0.0481702543197104,0.04354801944707
23.3384346785706,0,0.0173424537425691,0,23.3384346785706,0.0173424537425691,0.0173424537425691,0.0173424537425691,0.0189266195413323
21.0471310356801,0,0.0617673658141888,0,21.0471310356801,0.0617673658141888,0.0617673658141888,0.0617673658141888,0.047052745863464
16.8846431378076,0,0.0592246738975235,0,16.8846431378076,0.0592246738975235,0.0592246738975235,0.0592246738975235,0.0580511049145327
142.027144302285,0,0.0480428181832702,0,142.027144302285,0.0480428181832702,0.0480428181832702,0.0480428181832702,0.0151652887885014
10.8384906759069,0,-0.00221059163205814,0,10.8384906759069,-0.00221059163205814,-0.00221059163205814,-0.00221059163205814,0.0251376149245104
15.3983817607889,0,0.00875331277188317,0,15.3983817607889,0.00875331277188317,0.00875331277188317,0.00875331277188317,0.0553131630412198
14.6925462604222,0,-0.00458452472707301,0,14.6925462604222,-0.00458452472707301,-0.00458452472707301,-0.00458452472707301,0.0444254697733256
12.5310366569707,0,0.0109739413789005,0,12.5310366569707,0.0109739413789005,0.0109739413789005,0.0109739413789005,0.0301771491611757
11.0161041029769,0,-0.0031766917676102,0,11.0161041029769,-0.0031766917676102,-0.0031766917676102,-0.0031766917676102,0.0522005254908412
12.612078023469,0,-0.0597088928688878,0,12.612078023469,-0.0597088928688878,-0.0597088928688878,-0.0597088928688878,0.0322576765582896
27.9381463268887,0,-0.0196646199066465,0,27.9381463268887,-0.0196646199066465,-0.0196646199066465,-0.0196646199066465,0.0266030945529787
28.4056044215739,0,-0.0234835133541325,0,28.4056044215739,-0.0234835133541325,-0.0234835133541325,-0.0234835133541325,0.0460235649191708
9.90734158103833,0,-0.0492845659710661,0,9.90734158103833,-0.0492845659710661,-0.0492845659710661,-0.0492845659710661,0.111075738327642
14.3373106913918,0,-0.0165868652445846,0,14.3373106913918,-0.0165868652445846,-0.0165868652445846,-0.0165868652445846,0.0475684856482902
30.3754198664195,0,0.0347750721163543,0,30.3754198664195,0.0347750721163543,0.0347750721163543,0.0347750721163543,0.137935415537934
NA,NA,NA,NA,NA,NA,NA,NA,NA
3.48138260502119,0,-0.0431716232209931,0,3.48138260502119,-0.0431716232209931,-0.0431716232209931,-0.0431716232209931,0.0321818721032191
5.59197431763262,0,-0.0578220526680145,0,5.59197431763262,-0.0578220526680145,-0.0578220526680145,-0.0578220526680145,0.0290843221745671
7.10118523761685,0,-0.0285278978712163,0,7.10118523761685,-0.0285278978712163,-0.0285278978712163,-0.0285278978712163,0.0595492352872805
8.39406695268219,0,0.0167837864563465,0,8.39406695268219,0.0167837864563465,0.0167837864563465,0.0167837864563465,0.0322473662392579
6.68163411954067,0,0.0399525800720857,0,6.68163411954067,0.0399525800720857,0.0399525800720857,0.0399525800720857,0.0632642521725607
10.9419857642508,0,-0.0876235523401562,0,10.9419857642508,-0.0876235523401562,-0.0876235523401562,-0.0876235523401562,0.0336377588977628
9.567453602661,0,-0.0130573193727359,0,9.567453602661,-0.0130573193727359,-0.0130573193727359,-0.0130573193727359,0.0264340771076804
9.56764954052794,0,-0.00578932875863998,0,9.56764954052794,-0.00578932875863998,-0.00578932875863998,-0.00578932875863998,0.0288617279537588
9.58796747981615,0,0.00725905880614161,0,9.58796747981615,0.00725905880614161,0.00725905880614161,0.00725905880614161,0.0422687684348916
10.3415882006709,0,-0.0979591311963027,0,10.3415882006709,-0.0979591311963027,-0.0979591311963027,-0.0979591311963027,0.0379022425227411
9.03381024943225,0,-0.0258591277728825,0,9.03381024943225,-0.0258591277728825,-0.0258591277728825,-0.0258591277728825,0.0210013285642308
7.292171244769,0,0.0214216184583366,0,7.292171244769,0.0214216184583366,0.0214216184583366,0.0214216184583366,0.00787016036700002
10.6567948708008,0,0.0203455428827325,0,10.6567948708008,0.0203455428827325,0.0203455428827325,0.0203455428827325,0.0367174068081082
15.83958844307,0,0.0399832495665445,0,15.83958844307,0.0399832495665445,0.0399832495665445,0.0399832495665445,0.0130470310288665
17.7014293147066,0,0.0234372077444364,0,17.7014293147066,0.0234372077444364,0.0234372077444364,0.0234372077444364,0.0323786122878216
16.016217440795,0,-0.00369944404825601,0,16.016217440795,-0.00369944404825601,-0.00369944404825601,-0.00369944404825601,0.0376637682579198
13.5036026382197,0,0.0260526179813793,0,13.5036026382197,0.0260526179813793,0.0260526179813793,0.0260526179813793,0.0175137052055195
13.9836050997556,0,-0.0596374353307077,0,13.9836050997556,-0.0596374353307077,-0.0596374353307077,-0.0596374353307077,0.0260159424457815
11.3110693140974,0,0.00982781565554414,0,11.3110693140974,0.00982781565554414,0.00982781565554414,0.00982781565554414,0.0152975413868066
20.6083384757102,0,-0.0196913974375486,0,20.6083384757102,-0.0196913974375486,-0.0196913974375486,-0.0196913974375486,0.0564075951702511
12.3671082351961,0,0.0210231372322994,0,12.3671082351961,0.0210231372322994,0.0210231372322994,0.0210231372322994,0.0160828742749283
12.3654554745313,0,-0.0686880413546458,0,12.3654554745313,-0.0686880413546458,-0.0686880413546458,-0.0686880413546458,0.0513325050706189
19.2556223171704,0,0.0285945738844167,0,19.2556223171704,0.0285945738844167,0.0285945738844167,0.0285945738844167,0.0139726523520546
34.7312424253189,0,0.00360906084633839,0,34.7312424253189,0.00360906084633839,0.00360906084633839,0.00360906084633839,0.017575833019559
54.7209102152747,0,0.0196726221291343,0,54.7209102152747,0.0196726221291343,0.0196726221291343,0.0196726221291343,0.0109274670854921
9.76552332936977,0,0.00564706861610557,0,9.76552332936977,0.00564706861610557,0.00564706861610557,0.00564706861610557,0.022210163633412
8.22166390729103,0,0.0200227074138689,0,8.22166390729103,0.0200227074138689,0.0200227074138689,0.0200227074138689,0.0889316774406693
11.7030101268542,0,0.0664031592294417,0,11.7030101268542,0.0664031592294417,0.0664031592294417,0.0664031592294417,0.0318702419669784
7.36539602284415,0,-0.0247872150245361,0,7.36539602284415,-0.0247872150245361,-0.0247872150245361,-0.0247872150245361,0.114121672795408
9.34902839864339,0,-0.0319037471830898,0,9.34902839864339,-0.0319037471830898,-0.0319037471830898,-0.0319037471830898,0.0353702402159913
12.5616640281909,0,0.00441577973083164,0,12.5616640281909,0.00441577973083164,0.00441577973083164,0.00441577973083164,0.0138459086615911
17.9920946135937,0,0.0461862043986698,0,17.9920946135937,0.0461862043986698,0.0461862043986698,0.0461862043986698,0.0824026574709236
10.8363107906744,0,-0.028098390818107,0,10.8363107906744,-0.028098390818107,-0.028098390818107,-0.028098390818107,0.071926050301895
11.7003583105711,0,-0.00186774348468509,0,11.7003583105711,-0.00186774348468509,-0.00186774348468509,-0.00186774348468509,0.00589871207554302
14.1717804897526,0,0.027255899623745,0,14.1717804897526,0.027255899623745,0.027255899623745,0.027255899623745,0.0438772018708798
10.4916049522311,0,0.0132463173032987,0,10.4916049522311,0.0132463173032987,0.0132463173032987,0.0132463173032987,0.0267192917518445
12.491172371433,0,0.00616174807970621,0,12.491172371433,0.00616174807970621,0.00616174807970621,0.00616174807970621,0.0405245193389735
17.7200271129378,0,0.0254970404476377,0,17.7200271129378,0.0254970404476377,0.0254970404476377,0.0254970404476377,0.113675735627428
23.3384346785706,0,0.0173424537425691,0,23.3384346785706,0.0173424537425691,0.0173424537425691,0.0173424537425691,0.0189266195413323
21.0471310356801,0,0.0617673658141888,0,21.0471310356801,0.0617673658141888,0.0617673658141888,0.0617673658141888,0.047052745863464
16.8846431378076,0,0.0592246738975235,0,16.8846431378076,0.0592246738975235,0.0592246738975235,0.0592246738975235,0.0580511049145327
142.027144302285,0,0.0480428181832702,0,142.027144302285,0.0480428181832702,0.0480428181832702,0.0480428181832702,0.0151652887885014
10.8384906759069,0,-0.00221059163205814,0,10.8384906759069,-0.00221059163205814,-0.00221059163205814,-0.00221059163205814,0.0251376149245104
15.3983817607889,0,0.00875331277188317,0,15.3983817607889,0.00875331277188317,0.00875331277188317,0.00875331277188317,0.0553131630412198
14.6925462604222,0,-0.00458452472707301,0,14.6925462604222,-0.00458452472707301,-0.00458452472707301,-0.00458452472707301,0.0444254697733256
12.5310366569707,0,0.0109739413789005,0,12.5310366569707,0.0109739413789005,0.0109739413789005,0.0109739413789005,0.0301771491611757
11.0161041029769,0,-0.0031766917676102,0,11.0161041029769,-0.0031766917676102,-0.0031766917676102,-0.0031766917676102,0.0522005254908412
12.612078023469,0,-0.0597088928688878,0,12.612078023469,-0.0597088928688878,-0.0597088928688878,-0.0597088928688878,0.0322576765582896
27.9381463268887,0,-0.0196646199066465,0,27.9381463268887,-0.0196646199066465,-0.0196646199066465,-0.0196646199066465,0.0266030945529787
28.4056044215739,0,-0.0234835133541325,0,28.4056044215739,-0.0234835133541325,-0.0234835133541325,-0.0234835133541325,0.0460235649191708
9.90734158103833,0,-0.0492845659710661,0,9.90734158103833,-0.0492845659710661,-0.0492845659710661,-0.0492845659710661,0.111075738327642
14.3373106913918,0,-0.0165868652445846,0,14.3373106913918,-0.0165868652445846,-0.0165868652445846,-0.0165868652445846,0.0475684856482902
30.3754198664195,0,0.0347750721163543,0,30.3754198664195,0.0347750721163543,0.0347750721163543,0.0347750721163543,0.137935415537934
NA,NA,NA,NA,NA,NA,NA,NA,NA
3.48138260502119,0,-0.0431716232209931,0,3.48138260502119,-0.0431716232209931,-0.0431716232209931,-0.0431716232209931,0.0321818721032191
5.59197431763262,0,-0.0578220526680145,0,5.59197431763262,-0.0578220526680145,-0.0578220526680145,-0.0578220526680145,0.0290843221745671
7.10118523761685,0,-0.0285278978712163,0,7.10118523761685,-0.0285278978712163,-0.0285278978712163,-0.0285278978712163,0.0595492352872805
8.39406695268219,0,0.0167837864563465,0,8.39406695268219,0.0167837864563465,0.0167837864563465,0.0167837864563465,0.0322473662392579
6.68163411954067,0,0.0399525800720857,0,6.68163411954067,0.0399525800720857,0.0399525800720857,0.0399525800720857,0.0632642521725607
10.9419857642508,0,-0.0876235523401562,0,10.9419857642508,-0.0876235523401562,-0.0876235523401562,-0.0876235523401562,0.0336377588977628
9.567453602661,0,-0.0130573193727359,0,9.567453602661,-0.0130573193727359,-0.0130573193727359,-0.0130573193727359,0.0264340771076804
9.56764954052794,0,-0.00578932875863998,0,9.56764954052794,-0.00578932875863998,-0.00578932875863998,-0.00578932875863998,0.0288617279537588
9.58796747981615,0,0.00725905880614161,0,9.58796747981615,0.00725905880614161,0.00725905880614161,0.00725905880614161,0.0422687684348916
10.3415882006709,0,-0.0979591311963027,0,10.3415882006709,-0.0979591311963027,-0.0979591311963027,-0.0979591311963027,0.0379022425227411
9.03381024943225,0,-0.0258591277728825,0,9.03381024943225,-0.0258591277728825,-0.0258591277728825,-0.0258591277728825,0.0210013285642308
7.292171244769,0,0.0214216184583366,0,7.292171244769,0.0214216184583366,0.0214216184583366,0.0214216184583366,0.00787016036700002
10.6567948708008,0,0.0203455428827325,0,10.6567948708008,0.0203455428827325,0.0203455428827325,0.0203455428827325,0.0367174068081082
15.83958844307,0,0.0399832495665445,0,15.83958844307,0.0399832495665445,0.0399832495665445,0.0399832495665445,0.0130470310288665
17.7014293147066,0,0.0234372077444364,0,17.7014293147066,0.0234372077444364,0.0234372077444364,0.0234372077444364,0.0323786122878216
16.016217440795,0,-0.00369944404825601,0,16.016217440795,-0.00369944404825601,-0.00369944404825601,-0.00369944404825601,0.0376637682579198
13.5036026382197,0,0.0260526179813793,0,13.5036026382197,0.0260526179813793,0.0260526179813793,0.0260526179813793,0.0175137052055195
13.9836050997556,0,-0.0596374353307077,0,13.9836050997556,-0.0596374353307077,-0.0596374353307077,-0.0596374353307077,0.0260159424457815
11.3110693140974,0,0.00982781565554414,0,11.3110693140974,0.00982781565554414,0.00982781565554414,0.00982781565554414,0.0152975413868066
20.6083384757102,0,-0.0196913974375486,0,20.6083384757102,-0.0196913974375486,-0.0196913974375486,-0.0196913974375486,0.0564075951702511
12.3671082351961,0,0.0210231372322994,0,12.3671082351961,0.0210231372322994,0.0210231372322994,0.0210231372322994,0.0160828742749283
12.3654554745313,0,-0.0686880413546458,0,12.3654554745313,-0.0686880413546458,-0.0686880413546458,-0.0686880413546458,0.0513325050706189
19.2556223171704,0,0.0285945738844167,0,19.2556223171704,0.0285945738844167,0.0285945738844167,0.0285945738844167,0.0139726523520546
34.7312424253189,0,0.00360906084633839,0,34.7312424253189,0.00360906084633839,0.00360906084633839,0.00360906084633839,0.017575833019559
54.7209102152747,0,0.0196726221291343,0,54.7209102152747,0.0196726221291343,0.0196726221291343,0.0196726221291343,0.0109274670854921
9.76552332936977,0,0.00564706861610557,0,9.76552332936977,0.00564706861610557,0.00564706861610557,0.00564706861610557,0.022210163633412
8.22166390729103,0,0.0200227074138689,0,8.22166390729103,0.0200227074138689,0.0200227074138689,0.0200227074138689,0.0889316774406693
11.7030101268542,0,0.0664031592294417,0,11.7030101268542,0.0664031592294417,0.0664031592294417,0.0664031592294417,0.0318702419669784
7.36539602284415,0,-0.0247872150245361,0,7.36539602284415,-0.0247872150245361,-0.0247872150245361,-0.0247872150245361,0.114121672795408
9.34902839864339,0,-0.0319037471830898,0,9.34902839864339,-0.0319037471830898,-0.0319037471830898,-0.0319037471830898,0.0353702402159913
12.5616640281909,0,0.00441577973083164,0,12.5616640281909,0.00441577973083164,0.00441577973083164,0.00441577973083164,0.0138459086615911
17.9920946135937,0,0.0461862043986698,0,17.9920946135937,0.0461862043986698,0.0461862043986698,0.0461862043986698,0.0824026574709236
10.8363107906744,0,-0.028098390818107,0,10.8363107906744,-0.028098390818107,-0.028098390818107,-0.028098390818107,0.071926050301895
11.7003583105711,0,-0.00186774348468509,0,11.7003583105711,-0.00186774348468509,-0.00186774348468509,-0.00186774348468509,0.00589871207554302
14.1717804897526,0,0.027255899623745,0,14.1717804897526,0.027255899623745,0.027255899623745,0.027255899623745,0.0438772018708798
10.4916049522311,0,0.0132463173032987,0,10.4916049522311,0.0132463173032987,0.0132463173032987,0.0132463173032987,0.0267192917518445
12.491172371433,0,0.00616174807970621,0,12.491172371433,0.00616174807970621,0.00616174807970621,0.00616174807970621,0.0405245193389735
17.7200271129378,0,0.0254970404476377,0,17.7200271129378,0.0254970404476377,0.0254970404476377,0.0254970404476377,0.113675735627428
23.3384346785706,0,0.0173424537425691,0,23.3384346785706,0.0173424537425691,0.0173424537425691,0.0173424537425691,0.0189266195413323
21.0471310356801,0,0.0617673658141888,0,21.0471310356801,0.0617673658141888,0.0617673658141888,0.0617673658141888,0.047052745863464
16.8846431378076,0,0.0592246738975235,0,16.8846431378076,0.0592246738975235,0.0592246738975235,0.0592246738975235,0.0580511049145327
142.027144302285,0,0.0480428181832702,0,142.027144302285,0.0480428181832702,0.0480428181832702,0.0480428181832702,0.0151652887885014
10.8384906759069,0,-0.00221059163205814,0,10.8384906759069,-0.00221059163205814,-0.00221059163205814,-0.00221059163205814,0.0251376149245104
15.3983817607889,0,0.00875331277188317,0,15.3983817607889,0.00875331277188317,0.00875331277188317,0.00875331277188317,0.0553131630412198
14.6925462604222,0,-0.00458452472707301,0,14.6925462604222,-0.00458452472707301,-0.00458452472707301,-0.00458452472707301,0.0444254697733256
12.5310366569707,0,0.0109739413789005,0,12.5310366569707,0.0109739413789005,0.0109739413789005,0.0109739413789005,0.0301771491611757
11.0161041029769,0,-0.0031766917676102,0,11.0161041029769,-0.0031766917676102,-0.0031766917676102,-0.0031766917676102,0.0522005254908412
12.612078023469,0,-0.0597088928688878,0,12.612078023469,-0.0597088928688878,-0.0597088928688878,-0.0597088928688878,0.0322576765582896
27.9381463268887,0,-0.0196646199066465,0,27.9381463268887,-0.0196646199066465,-0.0196646199066465,-0.0196646199066465,0.0266030945529787
28.4056044215739,0,-0.0234835133541325,0,28.4056044215739,-0.0234835133541325,-0.0234835133541325,-0.0234835133541325,0.0460235649191708
9.90734158103833,0,-0.0492845659710661,0,9.90734158103833,-0.0492845659710661,-0.0492845659710661,-0.0492845659710661,0.111075738327642
14.3373106913918,0,-0.0165868652445846,0,14.3373106913918,-0.0165868652445846,-0.0165868652445846,-0.0165868652445846,0.0475684856482902
30.3754198664195,0,0.0347750721163543,0,30.3754198664195,0.0347750721163543,0.0347750721163543,0.0347750721163543,0.137935415537934
NA,NA,NA,NA,NA,NA,NA,NA,NA
3.48138260502119,0,-0.0431716232209931,0,3.48138260502119,-0.0431716232209931,-0.0431716232209931,-0.0431716232209931,0.0321818721032191
5.59197431763262,0,-0.0578220526680145,0,5.59197431763262,-0.0578220526680145,-0.0578220526680145,-0.0578220526680145,0.0290843221745671
7.10118523761685,0,-0.0285278978712163,0,7.10118523761685,-0.0285278978712163,-0.0285278978712163,-0.0285278978712163,0.0595492352872805
8.39406695268219,0,0.0167837864563465,0,8.39406695268219,0.0167837864563465,0.0167837864563465,0.0167837864563465,0.0322473662392579
6.68163411954067,0,0.0399525800720857,0,6.68163411954067,0.0399525800720857,0.0399525800720857,0.0399525800720857,0.0632642521725607
10.9419857642508,0,-0.0876235523401562,0,10.9419857642508,-0.0876235523401562,-0.0876235523401562,-0.0876235523401562,0.0336377588977628
9.567453602661,0,-0.0130573193727359,0,9.567453602661,-0.0130573193727359,-0.0130573193727359,-0.0130573193727359,0.0264340771076804
9.56764954052794,0,-0.00578932875863998,0,9.56764954052794,-0.00578932875863998,-0.00578932875863998,-0.00578932875863998,0.0288617279537588
9.58796747981615,0,0.00725905880614161,0,9.58796747981615,0.00725905880614161,0.00725905880614161,0.00725905880614161,0.0422687684348916
10.3415882006709,0,-0.0979591311963027,0,10.3415882006709,-0.0979591311963027,-0.0979591311963027,-0.0979591311963027,0.0379022425227411
9.03381024943225,0,-0.0258591277728825,0,9.03381024943225,-0.0258591277728825,-0.0258591277728825,-0.0258591277728825,0.0210013285642308
7.292171244769,0,0.0214216184583366,0,7.292171244769,0.0214216184583366,0.0214216184583366,0.0214216184583366,0.00787016036700002
10.6567948708008,0,0.0203455428827325,0,10.6567948708008,0.0203455428827325,0.0203455428827325,0.0203455428827325,0.0367174068081082
15.83958844307,0,0.0399832495665445,0,15.83958844307,0.0399832495665445,0.0399832495665445,0.0399832495665445,0.0130470310288665
17.7014293147066,0,0.0234372077444364,0,17.7014293147066,0.0234372077444364,0.0234372077444364,0.0234372077444364,0.0323786122878216
16.016217440795,0,-0.00369944404825601,0,16.016217440795,-0.00369944404825601,-0.00369944404825601,-0.00369944404825601,0.0376637682579198
13.5036026382197,0,0.0260526179813793,0,13.5036026382197,0.0260526179813793,0.0260526179813793,0.0260526179813793,0.0175137052055195
13.9836050997556,0,-0.0596374353307077,0,13.9836050997556,-0.0596374353307077,-0.0596374353307077,-0.0596374353307077,0.0260159424457815
11.3110693140974,0,0.00982781565554414,0,11.3110693140974,0.00982781565554414,0.00982781565554414,0.00982781565554414,0.0152975413868066
20.6083384757102,0,-0.0196913974375486,0,20.6083384757102,-0.0196913974375486,-0.0196913974375486,-0.0196913974375486,0.0564075951702511
12.3671082351961,0,0.0210231372322994,0,12.3671082351961,0.0210231372322994,0.0210231372322994,0.0210231372322994,0.0160828742749283
12.3654554745313,0,-0.0686880413546458,0,12.3654554745313,-0.0686880413546458,-0.0686880413546458,-0.0686880413546458,0.0513325050706189
19.2556223171704,0,0.0285945738844167,0,19.2556223171704,0.0285945738844167,0.0285945738844167,0.0285945738844167,0.0139726523520546
34.7312424253189,0,0.00360906084633839,0,34.7312424253189,0.00360906084633839,0.00360906084633839,0.00360906084633839,0.017575833019559
54.7209102152747,0,0.0196726221291343,0,54.7209102152747,0.0196726221291343,0.0196726221291343,0.0196726221291343,0.0109274670854921
9.76552332936977,0,0.00564706861610557,0,9.76552332936977,0.00564706861610557,0.00564706861610557,0.00564706861610557,0.022210163633412
8.22166390729103,0,0.0200227074138689,0,8.22166390729103,0.0200227074138689,0.0200227074138689,0.0200227074138689,0.0889316774406693
11.7030101268542,0,0.0664031592294417,0,11.7030101268542,0.0664031592294417,0.0664031592294417,0.0664031592294417,0.0318702419669784
7.36539602284415,0,-0.0247872150245361,0,7.36539602284415,-0.0247872150245361,-0.0247872150245361,-0.0247872150245361,0.114121672795408
9.34902839864339,0,-0.0319037471830898,0,9.34902839864339,-0.0319037471830898,-0.0319037471830898,-0.0319037471830898,0.0353702402159913
12.5616640281909,0,0.00441577973083164,0,12.5616640281909,0.00441577973083164,0.00441577973083164,0.00441577973083164,0.0138459086615911
17.9920946135937,0,0.0461862043986698,0,17.9920946135937,0.0461862043986698,0.0461862043986698,0.0461862043986698,0.0824026574709236
10.8363107906744,0,-0.028098390818107,0,10.8363107906744,-0.028098390818107,-0.028098390818107,-0.028098390818107,0.071926050301895
11.7003583105711,0,-0.00186774348468509,0,11.7003583105711,-0.00186774348468509,-0.00186774348468509,-0.00186774348468509,0.00589871207554302
14.1717804897526,0,0.027255899623745,0,14.1717804897526,0.027255899623745,0.027255899623745,0.027255899623745,0.0438772018708798
10.4916049522311,0,0.0132463173032987,0,10.4916049522311,0.0132463173032987,0.0132463173032987,0.0132463173032987,0.0267192917518445
12.491172371433,0,0.00616174807970621,0,12.491172371433,0.00616174807970621,0.00616174807970621,0.00616174807970621,0.0405245193389735
17.7200271129378,0,0.0254970404476377,0,17.7200271129378,0.0254970404476377,0.0254970404476377,0.0254970404476377,0.113675735627428
23.3384346785706,0,0.0173424537425691,0,23.3384346785706,0.0173424537425691,0.0173424537425691,0.0173424537425691,0.0189266195413323
21.0471310356801,0,0.0617673658141888,0,21.0471310356801,0.0617673658141888,0.0617673658141888,0.0617673658141888,0.047052745863464
16.8846431378076,0,0.0592246738975235,0,16.8846431378076,0.0592246738975235,0.0592246738975235,0.0592246738975235,0.0580511049145327
142.027144302285,0,0.0480428181832702,0,142.027144302285,0.0480428181832702,0.0480428181832702,0.0480428181832702,0.0151652887885014
10.8384906759069,0,-0.00221059163205814,0,10.8384906759069,-0.00221059163205814,-0.00221059163205814,-0.00221059163205814,0.0251376149245104
15.3983817607889,0,0.00875331277188317,0,15.3983817607889,0.00875331277188317,0.00875331277188317,0.00875331277188317,0.0553131630412198
14.6925462604222,0,-0.00458452472707301,0,14.6925462604222,-0.00458452472707301,-0.00458452472707301,-0.00458452472707301,0.0444254697733256
12.5310366569707,0,0.0109739413789005,0,12.5310366569707,0.0109739413789005,0.0109739413789005,0.0109739413789005,0.0301771491611757
11.0161041029769,0,-0.0031766917676102,0,11.0161041029769,-0.0031766917676102,-0.0031766917676102,-0.0031766917676102,0.0522005254908412
12.612078023469,0,-0.0597088928688878,0,12.612078023469,-0.0597088928688878,-0.0597088928688878,-0.0597088928688878,0.0322576765582896
27.9381463268887,0,-0.0196646199066465,0,27.9381463268887,-0.0196646199066465,-0.0196646199066465,-0.0196646199066465,0.0266030945529787
28.4056044215739,0,-0.0234835133541325,0,28.4056044215739,-0.0234835133541325,-0.0234835133541325,-0.0234835133541325,0.0460235649191708
9.90734158103833,0,-0.0492845659710661,0,9.90734158103833,-0.0492845659710661,-0.0492845659710661,-0.0492845659710661,0.111075738327642
14.3373106913918,0,-0.0165868652445846,0,14.3373106913918,-0.0165868652445846,-0.0165868652445846,-0.0165868652445846,0.0475684856482902
30.3754198664195,0,0.0347750721163543,0,30.3754198664195,0.0347750721163543,0.0347750721163543,0.0347750721163543,0.137935415537934
NA,NA,NA,NA,NA,NA,NA,NA,NA
3.48138260502119,0,-0.0431716232209931,0,3.48138260502119,-0.0431716232209931,-0.0431716232209931,-0.0431716232209931,0.0321818721032191
5.59197431763262,0,-0.0578220526680145,0,5.59197431763262,-0.0578220526680145,-0.0578220526680145,-0.0578220526680145,0.0290843221745671
7.10118523761685,0,-0.0285278978712163,0,7.10118523761685,-0.0285278978712163,-0.0285278978712163,-0.0285278978712163,0.0595492352872805
8.39406695268219,0,0.0167837864563465,0,8.39406695268219,0.0167837864563465,0.0167837864563465,0.0167837864563465,0.0322473662392579
6.68163411954067,0,0.0399525800720857,0,6.68163411954067,0.0399525800720857,0.0399525800720857,0.0399525800720857,0.0632642521725607
10.9419857642508,0,-0.0876235523401562,0,10.9419857642508,-0.0876235523401562,-0.0876235523401562,-0.0876235523401562,0.0336377588977628
9.567453602661,0,-0.0130573193727359,0,9.567453602661,-0.0130573193727359,-0.0130573193727359,-0.0130573193727359,0.0264340771076804
9.56764954052794,0,-0.00578932875863998,0,9.56764954052794,-0.00578932875863998,-0.00578932875863998,-0.00578932875863998,0.0288617279537588
9.58796747981615,0,0.00725905880614161,0,9.58796747981615,0.00725905880614161,0.00725905880614161,0.00725905880614161,0.0422687684348916
10.3415882006709,0,-0.0979591311963027,0,10.3415882006709,-0.0979591311963027,-0.0979591311963027,-0.0979591311963027,0.0379022425227411
9.03381024943225,0,-0.0258591277728825,0,9.03381024943225,-0.0258591277728825,-0.0258591277728825,-0.0258591277728825,0.0210013285642308
7.292171244769,0,0.0214216184583366,0,7.292171244769,0.0214216184583366,0.0214216184583366,0.0214216184583366,0.00787016036700002
10.6567948708008,0,0.0203455428827325,0,10.6567948708008,0.0203455428827325,0.0203455428827325,0.0203455428827325,0.0367174068081082
15.83958844307,0,0.0399832495665445,0,15.83958844307,0.0399832495665445,0.0399832495665445,0.0399832495665445,0.0130470310288665
17.7014293147066,0,0.0234372077444364,0,17.7014293147066,0.0234372077444364,0.0234372077444364,0.0234372077444364,0.0323786122878216
16.016217440795,0,-0.00369944404825601,0,16.016217440795,-0.00369944404825601,-0.00369944404825601,-0.00369944404825601,0.0376637682579198
13.5036026382197,0,0.0260526179813793,0,13.5036026382197,0.0260526179813793,0.0260526179813793,0.0260526179813793,0.0175137052055195
13.9836050997556,0,-0.0596374353307077,0,13.9836050997556,-0.0596374353307077,-0.0596374353307077,-0.0596374353307077,0.0260159424457815
11.3110693140974,0,0.00982781565554414,0,11.3110693140974,0.00982781565554414,0.00982781565554414,0.00982781565554414,0.0152975413868066
20.6083384757102,0,-0.0196913974375486,0,20.6083384757102,-0.0196913974375486,-0.0196913974375486,-0.0196913974375486,0.0564075951702511
12.3671082351961,0,0.0210231372322994,0,12.3671082351961,0.0210231372322994,0.0210231372322994,0.0210231372322994,0.0160828742749283
12.3654554745313,0,-0.0686880413546458,0,12.3654554745313,-0.0686880413546458,-0.0686880413546458,-0.0686880413546458,0.0513325050706189
19.2556223171704,0,0.0285945738844167,0,19.2556223171704,0.0285945738844167,0.0285945738844167,0.0285945738844167,0.0139726523520546
34.7312424253189,0,0.00360906084633839,0,34.7312424253189,0.00360906084633839,0.00360906084633839,0.00360906084633839,0.017575833019559
54.7209102152747,0,0.0196726221291343,0,54.7209102152747,0.0196726221291343,0.0196726221291343,0.0196726221291343,0.0109274670854921
9.76552332936977,0,0.00564706861610557,0,9.76552332936977,0.00564706861610557,0.00564706861610557,0.00564706861610557,0.022210163633412
8.22166390729103,0,0.0200227074138689,0,8.22166390729103,0.0200227074138689,0.0200227074138689,0.0200227074138689,0.0889316774406693
11.7030101268542,0,0.0664031592294417,0,11.7030101268542,0.0664031592294417,0.0664031592294417,0.0664031592294417,0.0318702419669784
7.36539602284415,0,-0.0247872150245361,0,7.36539602284415,-0.0247872150245361,-0.0247872150245361,-0.0247872150245361,0.114121672795408
9.34902839864339,0,-0.0319037471830898,0,9.34902839864339,-0.0319037471830898,-0.0319037471830898,-0.0319037471830898,0.0353702402159913
12.5616640281909,0,0.00441577973083164,0,12.5616640281909,0.00441577973083164,0.00441577973083164,0.00441577973083164,0.0138459086615911
17.9920946135937,0,0.0461862043986698,0,17.9920946135937,0.0461862043986698,0.0461862043986698,0.0461862043986698,0.0824026574709236
10.8363107906744,0,-0.028098390818107,0,10.8363107906744,-0.028098390818107,-0.028098390818107,-0.028098390818107,0.071926050301895
11.7003583105711,0,-0.00186774348468509,0,11.7003583105711,-0.00186774348468509,-0.00186774348468509,-0.00186774348468509,0.00589871207554302
14.1717804897526,0,0.027255899623745,0,14.1717804897526,0.027255899623745,0.027255899623745,0.027255899623745,0.0438772018708798
10.4916049522311,0,0.0132463173032987,0,10.4916049522311,0.0132463173032987,0.0132463173032987,0.0132463173032987,0.0267192917518445
12.491172371433,0,0.00616174807970621,0,12.491172371433,0.00616174807970621,0.00616174807970621,0.00616174807970621,0.0405245193389735
17.7200271129378,0,0.0254970404476377,0,17.7200271129378,0.0254970404476377,0.0254970404476377,0.0254970404476377,0.113675735627428
23.3384346785706,0,0.0173424537425691,0,23.3384346785706,0.0173424537425691,0.0173424537425691,0.0173424537425691,0.0189266195413323
21.0471310356801,0,0.0617673658141888,0,21.0471310356801,0.0617673658141888,0.0617673658141888,0.0617673658141888,0.047052745863464
16.8846431378076,0,0.0592246738975235,0,16.8846431378076,0.0592246738975235,0.0592246738975235,0.0592246738975235,0.0580511049145327
142.027144302285,0,0.0480428181832702,0,142.027144302285,0.0480428181832702,0.0480428181832702,0.0480428181832702,0.0151652887885014
10.8384906759069,0,-0.00221059163205814,0,10.8384906759069,-0.00221059163205814,-0.00221059163205814,-0.00221059163205814,0.0251376149245104
15.3983817607889,0,0.00875331277188317,0,15.3983817607889,0.00875331277188317,0.00875331277188317,0.00875331277188317,0.0553131630412198
14.6925462604222,0,-0.00458452472707301,0,14.6925462604222,-0.00458452472707301,-0.00458452472707301,-0.00458452472707301,0.0444254697733256
12.5310366569707,0,0.0109739413789005,0,12.5310366569707,0.0109739413789005,0.0109739413789005,0.0109739413789005,0.0301771491611757
11.0161041029769,0,-0.0031766917676102,0,11.0161041029769,-0.0031766917676102,-0.0031766917676102,-0.0031766917676102,0.0522005254908412
12.612078023469,0,-0.0597088928688878,0,12.612078023469,-0.0597088928688878,-0.0597088928688878,-0.0597088928688878,0.0322576765582896
27.9381463268887,0,-0.0196646199066465,0,27.9381463268887,-0.0196646199066465,-0.0196646199066465,-0.0196646199066465,0.0266030945529787
28.4056044215739,0,-0.0234835133541325,0,28.4056044215739,-0.0234835133541325,-0.0234835133541325,-0.0234835133541325,0.0460235649191708
9.90734158103833,0,-0.0492845659710661,0,9.90734158103833,-0.0492845659710661,-0.0492845659710661,-0.0492845659710661,0.111075738327642
14.3373106913918,0,-0.0165868652445846,0,14.3373106913918,-0.0165868652445846,-0.0165868652445846,-0.0165868652445846,0.0475684856482902
30.3754198664195,0,0.0347750721163543,0,30.3754198664195,0.0347750721163543,0.0347750721163543,0.0347750721163543,0.137935415537934
NA,NA,NA,NA,NA,NA,NA,NA,NA
3.48138260502119,0,-0.0431716232209931,0,3.48138260502119,-0.0431716232209931,-0.0431716232209931,-0.0431716232209931,0.0321818721032191
5.59197431763262,0,-0.0578220526680145,0,5.59197431763262,-0.0578220526680145,-0.0578220526680145,-0.0578220526680145,0.0290843221745671
7.10118523761685,0,-0.0285278978712163,0,7.10118523761685,-0.0285278978712163,-0.0285278978712163,-0.0285278978712163,0.0595492352872805
8.39406695268219,0,0.0167837864563465,0,8.39406695268219,0.0167837864563465,0.0167837864563465,0.0167837864563465,0.0322473662392579
6.68163411954067,0,0.0399525800720857,0,6.68163411954067,0.0399525800720857,0.0399525800720857,0.0399525800720857,0.0632642521725607
10.9419857642508,0,-0.0876235523401562,0,10.9419857642508,-0.0876235523401562,-0.0876235523401562,-0.0876235523401562,0.0336377588977628
9.567453602661,0,-0.0130573193727359,0,9.567453602661,-0.0130573193727359,-0.0130573193727359,-0.0130573193727359,0.0264340771076804
9.56764954052794,0,-0.00578932875863998,0,9.56764954052794,-0.00578932875863998,-0.00578932875863998,-0.00578932875863998,0.0288617279537588
9.58796747981615,0,0.00725905880614161,0,9.58796747981615,0.00725905880614161,0.00725905880614161,0.00725905880614161,0.0422687684348916
10.3415882006709,0,-0.0979591311963027,0,10.3415882006709,-0.0979591311963027,-0.0979591311963027,-0.0979591311963027,0.0379022425227411
9.03381024943225,0,-0.0258591277728825,0,9.03381024943225,-0.0258591277728825,-0.0258591277728825,-0.0258591277728825,0.0210013285642308
7.292171244769,0,0.0214216184583366,0,7.292171244769,0.0214216184583366,0.0214216184583366,0.0214216184583366,0.00787016036700002
10.6567948708008,0,0.0203455428827325,0,10.6567948708008,0.0203455428827325,0.0203455428827325,0.0203455428827325,0.0367174068081082
15.83958844307,0,0.0399832495665445,0,15.83958844307,0.0399832495665445,0.0399832495665445,0.0399832495665445,0.0130470310288665
17.7014293147066,0,0.0234372077444364,0,17.7014293147066,0.0234372077444364,0.0234372077444364,0.0234372077444364,0.0323786122878216
16.016217440795,0,-0.00369944404825601,0,16.016217440795,-0.00369944404825601,-0.00369944404825601,-0.00369944404825601,0.0376637682579198
13.5036026382197,0,0.0260526179813793,0,13.5036026382197,0.0260526179813793,0.0260526179813793,0.0260526179813793,0.0175137052055195
13.9836050997556,0,-0.0596374353307077,0,13.9836050997556,-0.0596374353307077,-0.0596374353307077,-0.0596374353307077,0.0260159424457815
11.3110693140974,0,0.00982781565554414,0,11.3110693140974,0.00982781565554414,0.00982781565554414,0.00982781565554414,0.0152975413868066
20.6083384757102,0,-0.0196913974375486,0,20.6083384757102,-0.0196913974375486,-0.0196913974375486,-0.0196913974375486,0.0564075951702511
12.3671082351961,0,0.0210231372322994,0,12.3671082351961,0.0210231372322994,0.0210231372322994,0.0210231372322994,0.0160828742749283
12.3654554745313,0,-0.0686880413546458,0,12.3654554745313,-0.0686880413546458,-0.0686880413546458,-0.0686880413546458,0.0513325050706189
19.2556223171704,0,0.0285945738844167,0,19.2556223171704,0.0285945738844167,0.0285945738844167,0.0285945738844167,0.0139726523520546
34.7312424253189,0,0.00360906084633839,0,34.7312424253189,0.00360906084633839,0.00360906084633839,0.00360906084633839,0.017575833019559
54.7209102152747,0,0.0196726221291343,0,54.7209102152747,0.0196726221291343,0.0196726221291343,0.0196726221291343,0.0109274670854921
9.76552332936977,0,0.00564706861610557,0,9.76552332936977,0.00564706861610557,0.00564706861610557,0.00564706861610557,0.022210163633412
8.22166390729103,0,0.0200227074138689,0,8.22166390729103,0.0200227074138689,0.0200227074138689,0.0200227074138689,0.0889316774406693
11.7030101268542,0,0.0664031592294417,0,11.7030101268542,0.0664031592294417,0.0664031592294417,0.0664031592294417,0.0318702419669784
7.36539602284415,0,-0.0247872150245361,0,7.36539602284415,-0.0247872150245361,-0.0247872150245361,-0.0247872150245361,0.114121672795408
9.34902839864339,0,-0.0319037471830898,0,9.34902839864339,-0.0319037471830898,-0.0319037471830898,-0.0319037471830898,0.0353702402159913
12.5616640281909,0,0.00441577973083164,0,12.5616640281909,0.00441577973083164,0.00441577973083164,0.00441577973083164,0.0138459086615911
17.9920946135937,0,0.0461862043986698,0,17.9920946135937,0.0461862043986698,0.0461862043986698,0.0461862043986698,0.0824026574709236
10.8363107906744,0,-0.028098390818107,0,10.8363107906744,-0.028098390818107,-0.028098390818107,-0.028098390818107,0.071926050301895
11.7003583105711,0,-0.00186774348468509,0,11.7003583105711,-0.00186774348468509,-0.00186774348468509,-0.00186774348468509,0.00589871207554302
14.1717804897526,0,0.027255899623745,0,14.1717804897526,0.027255899623745,0.027255899623745,0.027255899623745,0.0438772018708798
10.4916049522311,0,0.0132463173032987,0,10.4916049522311,0.0132463173032987,0.0132463173032987,0.0132463173032987,0.0267192917518445
12.491172371433,0,0.00616174807970621,0,12.491172371433,0.00616174807970621,0.00616174807970621,0.00616174807970621,0.0405245193389735
17.7200271129378,0,0.0254970404476377,0,17.7200271129378,0.0254970404476377,0.0254970404476377,0.0254970404476377,0.113675735627428
23.3384346785706,0,0.0173424537425691,0,23.3384346785706,0.0173424537425691,0.0173424537425691,0.0173424537425691,0.0189266195413323
21.0471310356801,0,0.0617673658141888,0,21.0471310356801,0.0617673658141888,0.0617673658141888,0.0617673658141888,0.047052745863464
16.8846431378076,0,0.0592246738975235,0,16.8846431378076,0.0592246738975235,0.0592246738975235,0.0592246738975235,0.0580511049145327
142.027144302285,0,0.0480428181832702,0,142.027144302285,0.0480428181832702,0.0480428181832702,0.0480428181832702,0.0151652887885014
10.8384906759069,0,-0.00221059163205814,0,10.8384906759069,-0.00221059163205814,-0.00221059163205814,-0.00221059163205814,0.0251376149245104
15.3983817607889,0,0.00875331277188317,0,15.3983817607889,0.00875331277188317,0.00875331277188317,0.00875331277188317,0.0553131630412198
14.6925462604222,0,-0.00458452472707301,0,14.6925462604222,-0.00458452472707301,-0.00458452472707301,-0.00458452472707301,0.0444254697733256
12.5310366569707,0,0.0109739413789005,0,12.5310366569707,0.0109739413789005,0.0109739413789005,0.0109739413789005,0.0301771491611757
11.0161041029769,0,-0.0031766917676102,0,11.0161041029769,-0.0031766917676102,-0.0031766917676102,-0.0031766917676102,0.0522005254908412
12.612078023469,0,-0.0597088928688878,0,12.612078023469,-0.0597088928688878,-0.0597088928688878,-0.0597088928688878,0.0322576765582896
27.9381463268887,0,-0.0196646199066465,0,27.9381463268887,-0.0196646199066465,-0.0196646199066465,-0.0196646199066465,0.0266030945529787
28.4056044215739,0,-0.0234835133541325,0,28.4056044215739,-0.0234835133541325,-0.0234835133541325,-0.0234835133541325,0.0460235649191708
9.90734158103833,0,-0.0492845659710661,0,9.90734158103833,-0.0492845659710661,-0.0492845659710661,-0.0492845659710661,0.111075738327642
14.3373106913918,0,-0.0165868652445846,0,14.3373106913918,-0.0165868652445846,-0.0165868652445846,-0.0165868652445846,0.0475684856482902
30.3754198664195,0,0.0347750721163543,0,30.3754198664195,0.0347750721163543,0.0347750721163543,0.0347750721163543,0.137935415537934
NA,NA,NA,NA,NA,NA,NA,NA,NA
3.48138260502119,0,-0.0431716232209931,0,3.48138260502119,-0.0431716232209931,-0.0431716232209931,-0.0431716232209931,0.0321818721032191
5.59197431763262,0,-0.0578220526680145,0,5.59197431763262,-0.0578220526680145,-0.0578220526680145,-0.0578220526680145,0.0290843221745671
7.10118523761685,0,-0.0285278978712163,0,7.10118523761685,-0.0285278978712163,-0.0285278978712163,-0.0285278978712163,0.0595492352872805
8.39406695268219,0,0.0167837864563465,0,8.39406695268219,0.0167837864563465,0.0167837864563465,0.0167837864563465,0.0322473662392579
6.68163411954067,0,0.0399525800720857,0,6.68163411954067,0.0399525800720857,0.0399525800720857,0.0399525800720857,0.0632642521725607
10.9419857642508,0,-0.0876235523401562,0,10.9419857642508,-0.0876235523401562,-0.0876235523401562,-0.0876235523401562,0.0336377588977628
9.567453602661,0,-0.0130573193727359,0,9.567453602661,-0.0130573193727359,-0.0130573193727359,-0.0130573193727359,0.0264340771076804
9.56764954052794,0,-0.00578932875863998,0,9.56764954052794,-0.00578932875863998,-0.00578932875863998,-0.00578932875863998,0.0288617279537588
9.58796747981615,0,0.00725905880614161,0,9.58796747981615,0.00725905880614161,0.00725905880614161,0.00725905880614161,0.0422687684348916
10.3415882006709,0,-0.0979591311963027,0,10.3415882006709,-0.0979591311963027,-0.0979591311963027,-0.0979591311963027,0.0379022425227411
9.03381024943225,0,-0.0258591277728825,0,9.03381024943225,-0.0258591277728825,-0.0258591277728825,-0.0258591277728825,0.0210013285642308
7.292171244769,0,0.0214216184583366,0,7.292171244769,0.0214216184583366,0.0214216184583366,0.0214216184583366,0.00787016036700002
10.6567948708008,0,0.0203455428827325,0,10.6567948708008,0.0203455428827325,0.0203455428827325,0.0203455428827325,0.0367174068081082
15.83958844307,0,0.0399832495665445,0,15.83958844307,0.0399832495665445,0.0399832495665445,0.0399832495665445,0.0130470310288665
17.7014293147066,0,0.0234372077444364,0,17.7014293147066,0.0234372077444364,0.0234372077444364,0.0234372077444364,0.0323786122878216
16.016217440795,0,-0.00369944404825601,0,16.016217440795,-0.00369944404825601,-0.00369944404825601,-0.00369944404825601,0.0376637682579198
13.5036026382197,0,0.0260526179813793,0,13.5036026382197,0.0260526179813793,0.0260526179813793,0.0260526179813793,0.0175137052055195
13.9836050997556,0,-0.0596374353307077,0,13.9836050997556,-0.0596374353307077,-0.0596374353307077,-0.0596374353307077,0.0260159424457815
11.3110693140974,0,0.00982781565554414,0,11.3110693140974,0.00982781565554414,0.00982781565554414,0.00982781565554414,0.0152975413868066
20.6083384757102,0,-0.0196913974375486,0,20.6083384757102,-0.0196913974375486,-0.0196913974375486,-0.0196913974375486,0.0564075951702511
12.3671082351961,0,0.0210231372322994,0,12.3671082351961,0.0210231372322994,0.0210231372322994,0.0210231372322994,0.0160828742749283
12.3654554745313,0,-0.0686880413546458,0,12.3654554745313,-0.0686880413546458,-0.0686880413546458,-0.0686880413546458,0.0513325050706189
19.2556223171704,0,0.0285945738844167,0,19.2556223171704,0.0285945738844167,0.0285945738844167,0.0285945738844167,0.0139726523520546
34.7312424253189,0,0.00360906084633839,0,34.7312424253189,0.00360906084633839,0.00360906084633839,0.00360906084633839,0.017575833019559
54.7209102152747,0,0.0196726221291343,0,54.7209102152747,0.0196726221291343,0.0196726221291343,0.0196726221291343,0.0109274670854921
9.76552332936977,0,0.00564706861610557,0,9.76552332936977,0.00564706861610557,0.00564706861610557,0.00564706861610557,0.022210163633412
8.22166390729103,0,0.0200227074138689,0,8.22166390729103,0.0200227074138689,0.0200227074138689,0.0200227074138689,0.0889316774406693
11.7030101268542,0,0.0664031592294417,0,11.7030101268542,0.0664031592294417,0.0664031592294417,0.0664031592294417,0.0318702419669784
7.36539602284415,0,-0.0247872150245361,0,7.36539602284415,-0.0247872150245361,-0.0247872150245361,-0.0247872150245361,0.114121672795408
9.34902839864339,0,-0.0319037471830898,0,9.34902839864339,-0.0319037471830898,-0.0319037471830898,-0.0319037471830898,0.0353702402159913
12.5616640281909,0,0.00441577973083164,0,12.5616640281909,0.00441577973083164,0.00441577973083164,0.00441577973083164,0.0138459086615911
17.9920946135937,0,0.0461862043986698,0,17.9920946135937,0.0461862043986698,0.0461862043986698,0.0461862043986698,0.0824026574709236
10.8363107906744,0,-0.028098390818107,0,10.8363107906744,-0.028098390818107,-0.028098390818107,-0.028098390818107,0.071926050301895
11.7003583105711,0,-0.00186774348468509,0,11.7003583105711,-0.00186774348468509,-0.00186774348468509,-0.00186774348468509,0.00589871207554302
14.1717804897526,0,0.027255899623745,0,14.1717804897526,0.027255899623745,0.027255899623745,0.027255899623745,0.0438772018708798
10.4916049522311,0,0.0132463173032987,0,10.4916049522311,0.0132463173032987,0.0132463173032987,0.0132463173032987,0.0267192917518445
12.491172371433,0,0.00616174807970621,0,12.491172371433,0.00616174807970621,0.00616174807970621,0.00616174807970621,0.0405245193389735
17.7200271129378,0,0.0254970404476377,0,17.7200271129378,0.0254970404476377,0.0254970404476377,0.0254970404476377,0.113675735627428
23.3384346785706,0,0.0173424537425691,0,23.3384346785706,0.0173424537425691,0.0173424537425691,0.0173424537425691,0.0189266195413323
21.0471310356801,0,0.0617673658141888,0,21.0471310356801,0.0617673658141888,0.0617673658141888,0.0617673658141888,0.047052745863464
16.8846431378076,0,0.0592246738975235,0,16.8846431378076,0.0592246738975235,0.0592246738975235,0.0592246738975235,0.0580511049145327
142.027144302285,0,0.0480428181832702,0,142.027144302285,0.0480428181832702,0.0480428181832702,0.0480428181832702,0.0151652887885014
10.8384906759069,0,-0.00221059163205814,0,10.8384906759069,-0.00221059163205814,-0.00221059163205814,-0.00221059163205814,0.0251376149245104
15.3983817607889,0,0.00875331277188317,0,15.3983817607889,0.00875331277188317,0.00875331277188317,0.00875331277188317,0.0553131630412198
14.6925462604222,0,-0.00458452472707301,0,14.6925462604222,-0.00458452472707301,-0.00458452472707301,-0.00458452472707301,0.0444254697733256
12.5310366569707,0,0.0109739413789005,0,12.5310366569707,0.0109739413789005,0.0109739413789005,0.0109739413789005,0.0301771491611757
11.0161041029769,0,-0.0031766917676102,0,11.0161041029769,-0.0031766917676102,-0.0031766917676102,-0.0031766917676102,0.0522005254908412
12.612078023469,0,-0.0597088928688878,0,12.612078023469,-0.0597088928688878,-0.0597088928688878,-0.0597088928688878,0.0322576765582896
27.9381463268887,0,-0.0196646199066465,0,27.9381463268887,-0.0196646199066465,-0.0196646199066465,-0.0196646199066465,0.0266030945529787
28.4056044215739,0,-0.0234835133541325,0,28.4056044215739,-0.0234835133541325,-0.0234835133541325,-0.0234835133541325,0.0460235649191708
9.90734158103833,0,-0.0492845659710661,0,9.90734158103833,-0.0492845659710661,-0.0492845659710661,-0.0492845659710661,0.111075738327642
14.3373106913918,0,-0.0165868652445846,0,14.3373106913918,-0.0165868652445846,-0.0165868652445846,-0.0165868652445846,0.0475684856482902
30.3754198664195,0,0.0347750721163543,0,30.3754198664195,0.0347750721163543,0.0347750721163543,0.0347750721163543,0.137935415537934
NA,NA,NA,NA,NA,NA,NA,NA,NA
3.48138260502119,0,-0.0431716232209931,0,3.48138260502119,-0.0431716232209931,-0.0431716232209931,-0.0431716232209931,0.0321818721032191
5.59197431763262,0,-0.0578220526680145,0,5.59197431763262,-0.0578220526680145,-0.0578220526680145,-0.0578220526680145,0.0290843221745671
7.10118523761685,0,-0.0285278978712163,0,7.10118523761685,-0.0285278978712163,-0.0285278978712163,-0.0285278978712163,0.0595492352872805
8.39406695268219,0,0.0167837864563465,0,8.39406695268219,0.0167837864563465,0.0167837864563465,0.0167837864563465,0.0322473662392579
6.68163411954067,0,0.0399525800720857,0,6.68163411954067,0.0399525800720857,0.0399525800720857,0.0399525800720857,0.0632642521725607
10.9419857642508,0,-0.0876235523401562,0,10.9419857642508,-0.0876235523401562,-0.0876235523401562,-0.0876235523401562,0.0336377588977628
9.567453602661,0,-0.0130573193727359,0,9.567453602661,-0.0130573193727359,-0.0130573193727359,-0.0130573193727359,0.0264340771076804
9.56764954052794,0,-0.00578932875863998,0,9.56764954052794,-0.00578932875863998,-0.00578932875863998,-0.00578932875863998,0.0288617279537588
9.58796747981615,0,0.00725905880614161,0,9.58796747981615,0.00725905880614161,0.00725905880614161,0.00725905880614161,0.0422687684348916
10.3415882006709,0,-0.0979591311963027,0,10.3415882006709,-0.0979591311963027,-0.0979591311963027,-0.0979591311963027,0.0379022425227411
9.03381024943225,0,-0.0258591277728825,0,9.03381024943225,-0.0258591277728825,-0.0258591277728825,-0.0258591277728825,0.0210013285642308
7.292171244769,0,0.0214216184583366,0,7.292171244769,0.0214216184583366,0.0214216184583366,0.0214216184583366,0.00787016036700002
10.6567948708008,0,0.0203455428827325,0,10.6567948708008,0.0203455428827325,0.0203455428827325,0.0203455428827325,0.0367174068081082
15.83958844307,0,0.0399832495665445,0,15.83958844307,0.0399832495665445,0.0399832495665445,0.0399832495665445,0.0130470310288665
17.7014293147066,0,0.0234372077444364,0,17.7014293147066,0.0234372077444364,0.0234372077444364,0.0234372077444364,0.0323786122878216
16.016217440795,0,-0.00369944404825601,0,16.016217440795,-0.00369944404825601,-0.00369944404825601,-0.00369944404825601,0.0376637682579198
13.5036026382197,0,0.0260526179813793,0,13.5036026382197,0.0260526179813793,0.0260526179813793,0.0260526179813793,0.0175137052055195
13.9836050997556,0,-0.0596374353307077,0,13.9836050997556,-0.0596374353307077,-0.0596374353307077,-0.0596374353307077,0.0260159424457815
11.3110693140974,0,0.00982781565554414,0,11.3110693140974,0.00982781565554414,0.00982781565554414,0.00982781565554414,0.0152975413868066
20.6083384757102,0,-0.0196913974375486,0,20.6083384757102,-0.0196913974375486,-0.0196913974375486,-0.0196913974375486,0.0564075951702511
12.3671082351961,0,0.0210231372322994,0,12.3671082351961,0.0210231372322994,0.0210231372322994,0.0210231372322994,0.0160828742749283
12.3654554745313,0,-0.0686880413546458,0,12.3654554745313,-0.0686880413546458,-0.0686880413546458,-0.0686880413546458,0.0513325050706189
19.2556223171704,0,0.0285945738844167,0,19.2556223171704,0.0285945738844167,0.0285945738844167,0.0285945738844167,0.0139726523520546
34.7312424253189,0,0.00360906084633839,0,34.7312424253189,0.00360906084633839,0.00360906084633839,0.00360906084633839,0.017575833019559
54.7209102152747,0,0.0196726221291343,0,54.7209102152747,0.0196726221291343,0.0196726221291343,0.0196726221291343,0.0109274670854921
9.76552332936977,0,0.00564706861610557,0,9.76552332936977,0.00564706861610557,0.00564706861610557,0.00564706861610557,0.022210163633412
8.22166390729103,0,0.0200227074138689,0,8.22166390729103,0.0200227074138689,0.0200227074138689,0.0200227074138689,0.0889316774406693
11.7030101268542,0,0.0664031592294417,0,11.7030101268542,0.0664031592294417,0.0664031592294417,0.0664031592294417,0.0318702419669784
7.36539602284415,0,-0.0247872150245361,0,7.36539602284415,-0.0247872150245361,-0.0247872150245361,-0.0247872150245361,0.114121672795408
9.34902839864339,0,-0.0319037471830898,0,9.34902839864339,-0.0319037471830898,-0.0319037471830898,-0.0319037471830898,0.0353702402159913
12.5616640281909,0,0.00441577973083164,0,12.5616640281909,0.00441577973083164,0.00441577973083164,0.00441577973083164,0.0138459086615911
17.9920946135937,0,0.0461862043986698,0,17.9920946135937,0.0461862043986698,0.0461862043986698,0.0461862043986698,0.0824026574709236
10.8363107906744,0,-0.028098390818107,0,10.8363107906744,-0.028098390818107,-0.028098390818107,-0.028098390818107,0.071926050301895
11.7003583105711,0,-0.00186774348468509,0,11.7003583105711,-0.00186774348468509,-0.00186774348468509,-0.00186774348468509,0.00589871207554302
14.1717804897526,0,0.027255899623745,0,14.1717804897526,0.027255899623745,0.027255899623745,0.027255899623745,0.0438772018708798
10.4916049522311,0,0.0132463173032987,0,10.4916049522311,0.0132463173032987,0.0132463173032987,0.0132463173032987,0.0267192917518445
12.491172371433,0,0.00616174807970621,0,12.491172371433,0.00616174807970621,0.00616174807970621,0.00616174807970621,0.0405245193389735
17.7200271129378,0,0.0254970404476377,0,17.7200271129378,0.0254970404476377,0.0254970404476377,0.0254970404476377,0.113675735627428
23.3384346785706,0,0.0173424537425691,0,23.3384346785706,0.0173424537425691,0.0173424537425691,0.0173424537425691,0.0189266195413323
21.0471310356801,0,0.0617673658141888,0,21.0471310356801,0.0617673658141888,0.0617673658141888,0.0617673658141888,0.047052745863464
16.8846431378076,0,0.0592246738975235,0,16.8846431378076,0.0592246738975235,0.0592246738975235,0.0592246738975235,0.0580511049145327
142.027144302285,0,0.0480428181832702,0,142.027144302285,0.0480428181832702,0.0480428181832702,0.0480428181832702,0.0151652887885014
10.8384906759069,0,-0.00221059163205814,0,10.8384906759069,-0.00221059163205814,-0.00221059163205814,-0.00221059163205814,0.0251376149245104
15.3983817607889,0,0.00875331277188317,0,15.3983817607889,0.00875331277188317,0.00875331277188317,0.00875331277188317,0.0553131630412198
14.6925462604222,0,-0.00458452472707301,0,14.6925462604222,-0.00458452472707301,-0.00458452472707301,-0.00458452472707301,0.0444254697733256
12.5310366569707,0,0.0109739413789005,0,12.5310366569707,0.0109739413789005,0.0109739413789005,0.0109739413789005,0.0301771491611757
11.0161041029769,0,-0.0031766917676102,0,11.0161041029769,-0.0031766917676102,-0.0031766917676102,-0.0031766917676102,0.0522005254908412
12.612078023469,0,-0.0597088928688878,0,12.612078023469,-0.0597088928688878,-0.0597088928688878,-0.0597088928688878,0.0322576765582896
27.9381463268887,0,-0.0196646199066465,0,27.9381463268887,-0.0196646199066465,-0.0196646199066465,-0.0196646199066465,0.0266030945529787
28.4056044215739,0,-0.0234835133541325,0,28.4056044215739,-0.0234835133541325,-0.0234835133541325,-0.0234835133541325,0.0460235649191708
9.90734158103833,0,-0.0492845659710661,0,9.90734158103833,-0.0492845659710661,-0.0492845659710661,-0.0492845659710661,0.111075738327642
14.3373106913918,0,-0.0165868652445846,0,14.3373106913918,-0.0165868652445846,-0.0165868652445846,-0.0165868652445846,0.0475684856482902
30.3754198664195,0,0.0347750721163543,0,30.3754198664195,0.0347750721163543,0.0347750721163543,0.0347750721163543,0.137935415537934
NA,NA,NA,NA,NA,NA,NA,NA,NA
3.48138260502119,0,-0.0431716232209931,0,3.48138260502119,-0.0431716232209931,-0.0431716232209931,-0.0431716232209931,0.0321818721032191
5.59197431763262,0,-0.0578220526680145,0,5.59197431763262,-0.0578220526680145,-0.0578220526680145,-0.0578220526680145,0.0290843221745671
7.10118523761685,0,-0.0285278978712163,0,7.10118523761685,-0.0285278978712163,-0.0285278978712163,-0.0285278978712163,0.0595492352872805
8.39406695268219,0,0.0167837864563465,0,8.39406695268219,0.0167837864563465,0.0167837864563465,0.0167837864563465,0.0322473662392579
6.68163411954067,0,0.0399525800720857,0,6.68163411954067,0.0399525800720857,0.0399525800720857,0.0399525800720857,0.0632642521725607
10.9419857642508,0,-0.0876235523401562,0,10.9419857642508,-0.0876235523401562,-0.0876235523401562,-0.0876235523401562,0.0336377588977628
9.567453602661,0,-0.0130573193727359,0,9.567453602661,-0.0130573193727359,-0.0130573193727359,-0.0130573193727359,0.0264340771076804
9.56764954052794,0,-0.00578932875863998,0,9.56764954052794,-0.00578932875863998,-0.00578932875863998,-0.00578932875863998,0.0288617279537588
9.58796747981615,0,0.00725905880614161,0,9.58796747981615,0.00725905880614161,0.00725905880614161,0.00725905880614161,0.0422687684348916
10.3415882006709,0,-0.0979591311963027,0,10.3415882006709,-0.0979591311963027,-0.0979591311963027,-0.0979591311963027,0.0379022425227411
9.03381024943225,0,-0.0258591277728825,0,9.03381024943225,-0.0258591277728825,-0.0258591277728825,-0.0258591277728825,0.0210013285642308
7.292171244769,0,0.0214216184583366,0,7.292171244769,0.0214216184583366,0.0214216184583366,0.0214216184583366,0.00787016036700002
10.6567948708008,0,0.0203455428827325,0,10.6567948708008,0.0203455428827325,0.0203455428827325,0.0203455428827325,0.0367174068081082
15.83958844307,0,0.0399832495665445,0,15.83958844307,0.0399832495665445,0.0399832495665445,0.0399832495665445,0.0130470310288665
17.7014293147066,0,0.0234372077444364,0,17.7014293147066,0.0234372077444364,0.0234372077444364,0.0234372077444364,0.0323786122878216
16.016217440795,0,-0.00369944404825601,0,16.016217440795,-0.00369944404825601,-0.00369944404825601,-0.00369944404825601,0.0376637682579198
13.5036026382197,0,0.0260526179813793,0,13.5036026382197,0.0260526179813793,0.0260526179813793,0.0260526179813793,0.0175137052055195
13.9836050997556,0,-0.0596374353307077,0,13.9836050997556,-0.0596374353307077,-0.0596374353307077,-0.0596374353307077,0.0260159424457815
11.3110693140974,0,0.00982781565554414,0,11.3110693140974,0.00982781565554414,0.00982781565554414,0.00982781565554414,0.0152975413868066
20.6083384757102,0,-0.0196913974375486,0,20.6083384757102,-0.0196913974375486,-0.0196913974375486,-0.0196913974375486,0.0564075951702511
12.3671082351961,0,0.0210231372322994,0,12.3671082351961,0.0210231372322994,0.0210231372322994,0.0210231372322994,0.0160828742749283
12.3654554745313,0,-0.0686880413546458,0,12.3654554745313,-0.0686880413546458,-0.0686880413546458,-0.0686880413546458,0.0513325050706189
19.2556223171704,0,0.0285945738844167,0,19.2556223171704,0.0285945738844167,0.0285945738844167,0.0285945738844167,0.0139726523520546
34.7312424253189,0,0.00360906084633839,0,34.7312424253189,0.00360906084633839,0.00360906084633839,0.00360906084633839,0.017575833019559
54.7209102152747,0,0.0196726221291343,0,54.7209102152747,0.0196726221291343,0.0196726221291343,0.0196726221291343,0.0109274670854921
9.76552332936977,0,0.00564706861610557,0,9.76552332936977,0.00564706861610557,0.00564706861610557,0.00564706861610557,0.022210163633412
8.22166390729103,0,0.0200227074138689,0,8.22166390729103,0.0200227074138689,0.0200227074138689,0.0200227074138689,0.0889316774406693
11.7030101268542,0,0.0664031592294417,0,11.7030101268542,0.0664031592294417,0.0664031592294417,0.0664031592294417,0.0318702419669784
7.36539602284415,0,-0.0247872150245361,0,7.36539602284415,-0.0247872150245361,-0.0247872150245361,-0.0247872150245361,0.114121672795408
9.34902839864339,0,-0.0319037471830898,0,9.34902839864339,-0.0319037471830898,-0.0319037471830898,-0.0319037471830898,0.0353702402159913
12.5616640281909,0,0.00441577973083164,0,12.5616640281909,0.00441577973083164,0.00441577973083164,0.00441577973083164,0.0138459086615911
17.9920946135937,0,0.0461862043986698,0,17.9920946135937,0.0461862043986698,0.0461862043986698,0.0461862043986698,0.0824026574709236
10.8363107906744,0,-0.028098390818107,0,10.8363107906744,-0.028098390818107,-0.028098390818107,-0.028098390818107,0.071926050301895
11.7003583105711,0,-0.00186774348468509,0,11.7003583105711,-0.00186774348468509,-0.00186774348468509,-0.00186774348468509,0.00589871207554302
14.1717804897526,0,0.027255899623745,0,14.1717804897526,0.027255899623745,0.027255899623745,0.027255899623745,0.0438772018708798
10.4916049522311,0,0.0132463173032987,0,10.4916049522311,0.0132463173032987,0.0132463173032987,0.0132463173032987,0.0267192917518445
12.491172371433,0,0.00616174807970621,0,12.491172371433,0.00616174807970621,0.00616174807970621,0.00616174807970621,0.0405245193389735
17.7200271129378,0,0.0254970404476377,0,17.7200271129378,0.0254970404476377,0.0254970404476377,0.0254970404476377,0.113675735627428
23.3384346785706,0,0.0173424537425691,0,23.3384346785706,0.0173424537425691,0.0173424537425691,0.0173424537425691,0.0189266195413323
21.0471310356801,0,0.0617673658141888,0,21.0471310356801,0.0617673658141888,0.0617673658141888,0.0617673658141888,0.047052745863464
16.8846431378076,0,0.0592246738975235,0,16.8846431378076,0.0592246738975235,0.0592246738975235,0.0592246738975235,0.0580511049145327
142.027144302285,0,0.0480428181832702,0,142.027144302285,0.0480428181832702,0.0480428181832702,0.0480428181832702,0.0151652887885014
10.8384906759069,0,-0.00221059163205814,0,10.8384906759069,-0.00221059163205814,-0.00221059163205814,-0.00221059163205814,0.0251376149245104
15.3983817607889,0,0.00875331277188317,0,15.3983817607889,0.00875331277188317,0.00875331277188317,0.00875331277188317,0.0553131630412198
14.6925462604222,0,-0.00458452472707301,0,14.6925462604222,-0.00458452472707301,-0.00458452472707301,-0.00458452472707301,0.0444254697733256
12.5310366569707,0,0.0109739413789005,0,12.5310366569707,0.0109739413789005,0.0109739413789005,0.0109739413789005,0.0301771491611757
11.0161041029769,0,-0.0031766917676102,0,11.0161041029769,-0.0031766917676102,-0.0031766917676102,-0.0031766917676102,0.0522005254908412
12.612078023469,0,-0.0597088928688878,0,12.612078023469,-0.0597088928688878,-0.0597088928688878,-0.0597088928688878,0.0322576765582896
27.9381463268887,0,-0.0196646199066465,0,27.9381463268887,-0.0196646199066465,-0.0196646199066465,-0.0196646199066465,0.0266030945529787
28.4056044215739,0,-0.0234835133541325,0,28.4056044215739,-0.0234835133541325,-0.0234835133541325,-0.0234835133541325,0.0460235649191708
9.90734158103833,0,-0.0492845659710661,0,9.90734158103833,-0.0492845659710661,-0.0492845659710661,-0.0492845659710661,0.111075738327642
14.3373106913918,0,-0.0165868652445846,0,14.3373106913918,-0.0165868652445846,-0.0165868652445846,-0.0165868652445846,0.0475684856482902
30.3754198664195,0,0.0347750721163543,0,30.3754198664195,0.0347750721163543,0.0347750721163543,0.0347750721163543,0.137935415537934
NA,NA,NA,NA,NA,NA,NA,NA,NA
3.48138260502119,0,-0.0431716232209931,0,3.48138260502119,-0.0431716232209931,-0.0431716232209931,-0.0431716232209931,0.0321818721032191
5.59197431763262,0,-0.0578220526680145,0,5.59197431763262,-0.0578220526680145,-0.0578220526680145,-0.0578220526680145,0.0290843221745671
7.10118523761685,0,-0.0285278978712163,0,7.10118523761685,-0.0285278978712163,-0.0285278978712163,-0.0285278978712163,0.0595492352872805
8.39406695268219,0,0.0167837864563465,0,8.39406695268219,0.0167837864563465,0.0167837864563465,0.0167837864563465,0.0322473662392579
6.68163411954067,0,0.0399525800720857,0,6.68163411954067,0.0399525800720857,0.0399525800720857,0.0399525800720857,0.0632642521725607
10.9419857642508,0,-0.0876235523401562,0,10.9419857642508,-0.0876235523401562,-0.0876235523401562,-0.0876235523401562,0.0336377588977628
9.567453602661,0,-0.0130573193727359,0,9.567453602661,-0.0130573193727359,-0.0130573193727359,-0.0130573193727359,0.0264340771076804
9.56764954052794,0,-0.00578932875863998,0,9.56764954052794,-0.00578932875863998,-0.00578932875863998,-0.00578932875863998,0.0288617279537588
9.58796747981615,0,0.00725905880614161,0,9.58796747981615,0.00725905880614161,0.00725905880614161,0.00725905880614161,0.0422687684348916
10.3415882006709,0,-0.0979591311963027,0,10.3415882006709,-0.0979591311963027,-0.0979591311963027,-0.0979591311963027,0.0379022425227411
9.03381024943225,0,-0.0258591277728825,0,9.03381024943225,-0.0258591277728825,-0.0258591277728825,-0.0258591277728825,0.0210013285642308
7.292171244769,0,0.0214216184583366,0,7.292171244769,0.0214216184583366,0.0214216184583366,0.0214216184583366,0.00787016036700002
10.6567948708008,0,0.0203455428827325,0,10.6567948708008,0.0203455428827325,0.0203455428827325,0.0203455428827325,0.0367174068081082
15.83958844307,0,0.0399832495665445,0,15.83958844307,0.0399832495665445,0.0399832495665445,0.0399832495665445,0.0130470310288665
17.7014293147066,0,0.0234372077444364,0,17.7014293147066,0.0234372077444364,0.0234372077444364,0.0234372077444364,0.0323786122878216
16.016217440795,0,-0.00369944404825601,0,16.016217440795,-0.00369944404825601,-0.00369944404825601,-0.00369944404825601,0.0376637682579198
13.5036026382197,0,0.0260526179813793,0,13.5036026382197,0.0260526179813793,0.0260526179813793,0.0260526179813793,0.0175137052055195
13.9836050997556,0,-0.0596374353307077,0,13.9836050997556,-0.0596374353307077,-0.0596374353307077,-0.0596374353307077,0.0260159424457815
11.3110693140974,0,0.00982781565554414,0,11.3110693140974,0.00982781565554414,0.00982781565554414,0.00982781565554414,0.0152975413868066
20.6083384757102,0,-0.0196913974375486,0,20.6083384757102,-0.0196913974375486,-0.0196913974375486,-0.0196913974375486,0.0564075951702511
12.3671082351961,0,0.0210231372322994,0,12.3671082351961,0.0210231372322994,0.0210231372322994,0.0210231372322994,0.0160828742749283
12.3654554745313,0,-0.0686880413546458,0,12.3654554745313,-0.0686880413546458,-0.0686880413546458,-0.0686880413546458,0.0513325050706189
19.2556223171704,0,0.0285945738844167,0,19.2556223171704,0.0285945738844167,0.0285945738844167,0.0285945738844167,0.0139726523520546
34.7312424253189,0,0.00360906084633839,0,34.7312424253189,0.00360906084633839,0.00360906084633839,0.00360906084633839,0.017575833019559
54.7209102152747,0,0.0196726221291343,0,54.7209102152747,0.0196726221291343,0.0196726221291343,0.0196726221291343,0.0109274670854921
9.76552332936977,0,0.00564706861610557,0,9.76552332936977,0.00564706861610557,0.00564706861610557,0.00564706861610557,0.022210163633412
8.22166390729103,0,0.0200227074138689,0,8.22166390729103,0.0200227074138689,0.0200227074138689,0.0200227074138689,0.0889316774406693
11.7030101268542,0,0.0664031592294417,0,11.7030101268542,0.0664031592294417,0.0664031592294417,0.0664031592294417,0.0318702419669784
7.36539602284415,0,-0.0247872150245361,0,7.36539602284415,-0.0247872150245361,-0.0247872150245361,-0.0247872150245361,0.114121672795408
9.34902839864339,0,-0.0319037471830898,0,9.34902839864339,-0.0319037471830898,-0.0319037471830898,-0.0319037471830898,0.0353702402159913
12.5616640281909,0,0.00441577973083164,0,12.5616640281909,0.00441577973083164,0.00441577973083164,0.00441577973083164,0.0138459086615911
17.9920946135937,0,0.0461862043986698,0,17.9920946135937,0.0461862043986698,0.0461862043986698,0.0461862043986698,0.0824026574709236
10.8363107906744,0,-0.028098390818107,0,10.8363107906744,-0.028098390818107,-0.028098390818107,-0.028098390818107,0.071926050301895
11.7003583105711,0,-0.00186774348468509,0,11.7003583105711,-0.00186774348468509,-0.00186774348468509,-0.00186774348468509,0.00589871207554302
14.1717804897526,0,0.027255899623745,0,14.1717804897526,0.027255899623745,0.027255899623745,0.027255899623745,0.0438772018708798
10.4916049522311,0,0.0132463173032987,0,10.4916049522311,0.0132463173032987,0.0132463173032987,0.0132463173032987,0.0267192917518445
12.491172371433,0,0.00616174807970621,0,12.491172371433,0.00616174807970621,0.00616174807970621,0.00616174807970621,0.0405245193389735
17.7200271129378,0,0.0254970404476377,0,17.7200271129378,0.0254970404476377,0.0254970404476377,0.0254970404476377,0.113675735627428
23.3384346785706,0,0.0173424537425691,0,23.3384346785706,0.0173424537425691,0.0173424537425691,0.0173424537425691,0.0189266195413323
21.0471310356801,0,0.0617673658141888,0,21.0471310356801,0.0617673658141888,0.0617673658141888,0.0617673658141888,0.047052745863464
16.8846431378076,0,0.0592246738975235,0,16.8846431378076,0.0592246738975235,0.0592246738975235,0.0592246738975235,0.0580511049145327
142.027144302285,0,0.0480428181832702,0,142.027144302285,0.0480428181832702,0.0480428181832702,0.0480428181832702,0.0151652887885014
10.8384906759069,0,-0.00221059163205814,0,10.8384906759069,-0.00221059163205814,-0.00221059163205814,-0.00221059163205814,0.0251376149245104
15.3983817607889,0,0.00875331277188317,0,15.3983817607889,0.00875331277188317,0.00875331277188317,0.00875331277188317,0.0553131630412198
14.6925462604222,0,-0.00458452472707301,0,14.6925462604222,-0.00458452472707301,-0.00458452472707301,-0.00458452472707301,0.0444254697733256
12.5310366569707,0,0.0109739413789005,0,12.5310366569707,0.0109739413789005,0.0109739413789005,0.0109739413789005,0.0301771491611757
11.0161041029769,0,-0.0031766917676102,0,11.0161041029769,-0.0031766917676102,-0.0031766917676102,-0.0031766917676102,0.0522005254908412
12.612078023469,0,-0.0597088928688878,0,12.612078023469,-0.0597088928688878,-0.0597088928688878,-0.0597088928688878,0.0322576765582896
27.9381463268887,0,-0.0196646199066465,0,27.9381463268887,-0.0196646199066465,-0.0196646199066465,-0.0196646199066465,0.0266030945529787
28.4056044215739,0,-0.0234835133541325,0,28.4056044215739,-0.0234835133541325,-0.0234835133541325,-0.0234835133541325,0.0460235649191708
9.90734158103833,0,-0.0492845659710661,0,9.90734158103833,-0.0492845659710661,-0.0492845659710661,-0.0492845659710661,0.111075738327642
14.3373106913918,0,-0.0165868652445846,0,14.3373106913918,-0.0165868652445846,-0.0165868652445846,-0.0165868652445846,0.0475684856482902
30.3754198664195,0,0.0347750721163543,0,30.3754198664195,0.0347750721163543,0.0347750721163543,0.0347750721163543,0.137935415537934
NA,NA,NA,NA,NA,NA,NA,NA,NA
3.48138260502119,0,-0.0431716232209931,0,3.48138260502119,-0.0431716232209931,-0.0431716232209931,-0.0431716232209931,0.0321818721032191
5.59197431763262,0,-0.0578220526680145,0,5.59197431763262,-0.0578220526680145,-0.0578220526680145,-0.0578220526680145,0.0290843221745671
7.10118523761685,0,-0.0285278978712163,0,7.10118523761685,-0.0285278978712163,-0.0285278978712163,-0.0285278978712163,0.0595492352872805
8.39406695268219,0,0.0167837864563465,0,8.39406695268219,0.0167837864563465,0.0167837864563465,0.0167837864563465,0.0322473662392579
6.68163411954067,0,0.0399525800720857,0,6.68163411954067,0.0399525800720857,0.0399525800720857,0.0399525800720857,0.0632642521725607
10.9419857642508,0,-0.0876235523401562,0,10.9419857642508,-0.0876235523401562,-0.0876235523401562,-0.0876235523401562,0.0336377588977628
9.567453602661,0,-0.0130573193727359,0,9.567453602661,-0.0130573193727359,-0.0130573193727359,-0.0130573193727359,0.0264340771076804
9.56764954052794,0,-0.00578932875863998,0,9.56764954052794,-0.00578932875863998,-0.00578932875863998,-0.00578932875863998,0.0288617279537588
9.58796747981615,0,0.00725905880614161,0,9.58796747981615,0.00725905880614161,0.00725905880614161,0.00725905880614161,0.0422687684348916
10.3415882006709,0,-0.0979591311963027,0,10.3415882006709,-0.0979591311963027,-0.0979591311963027,-0.0979591311963027,0.0379022425227411
9.03381024943225,0,-0.0258591277728825,0,9.03381024943225,-0.0258591277728825,-0.0258591277728825,-0.0258591277728825,0.0210013285642308
7.292171244769,0,0.0214216184583366,0,7.292171244769,0.0214216184583366,0.0214216184583366,0.0214216184583366,0.00787016036700002
10.6567948708008,0,0.0203455428827325,0,10.6567948708008,0.0203455428827325,0.0203455428827325,0.0203455428827325,0.0367174068081082
15.83958844307,0,0.0399832495665445,0,15.83958844307,0.0399832495665445,0.0399832495665445,0.0399832495665445,0.0130470310288665
17.7014293147066,0,0.0234372077444364,0,17.7014293147066,0.0234372077444364,0.0234372077444364,0.0234372077444364,0.0323786122878216
16.016217440795,0,-0.00369944404825601,0,16.016217440795,-0.00369944404825601,-0.00369944404825601,-0.00369944404825601,0.0376637682579198
13.5036026382197,0,0.0260526179813793,0,13.5036026382197,0.0260526179813793,0.0260526179813793,0.0260526179813793,0.0175137052055195
13.9836050997556,0,-0.0596374353307077,0,13.9836050997556,-0.0596374353307077,-0.0596374353307077,-0.0596374353307077,0.0260159424457815
11.3110693140974,0,0.00982781565554414,0,11.3110693140974,0.00982781565554414,0.00982781565554414,0.00982781565554414,0.0152975413868066
20.6083384757102,0,-0.0196913974375486,0,20.6083384757102,-0.0196913974375486,-0.0196913974375486,-0.0196913974375486,0.0564075951702511
12.3671082351961,0,0.0210231372322994,0,12.3671082351961,0.0210231372322994,0.0210231372322994,0.0210231372322994,0.0160828742749283
12.3654554745313,0,-0.0686880413546458,0,12.3654554745313,-0.0686880413546458,-0.0686880413546458,-0.0686880413546458,0.0513325050706189
19.2556223171704,0,0.0285945738844167,0,19.2556223171704,0.0285945738844167,0.0285945738844167,0.0285945738844167,0.0139726523520546
34.7312424253189,0,0.00360906084633839,0,34.7312424253189,0.00360906084633839,0.00360906084633839,0.00360906084633839,0.017575833019559
54.7209102152747,0,0.0196726221291343,0,54.7209102152747,0.0196726221291343,0.0196726221291343,0.0196726221291343,0.0109274670854921
9.76552332936977,0,0.00564706861610557,0,9.76552332936977,0.00564706861610557,0.00564706861610557,0.00564706861610557,0.022210163633412
8.22166390729103,0,0.0200227074138689,0,8.22166390729103,0.0200227074138689,0.0200227074138689,0.0200227074138689,0.0889316774406693
11.7030101268542,0,0.0664031592294417,0,11.7030101268542,0.0664031592294417,0.0664031592294417,0.0664031592294417,0.0318702419669784
7.36539602284415,0,-0.0247872150245361,0,7.36539602284415,-0.0247872150245361,-0.0247872150245361,-0.0247872150245361,0.114121672795408
9.34902839864339,0,-0.0319037471830898,0,9.34902839864339,-0.0319037471830898,-0.0319037471830898,-0.0319037471830898,0.0353702402159913
12.5616640281909,0,0.00441577973083164,0,12.5616640281909,0.00441577973083164,0.00441577973083164,0.00441577973083164,0.0138459086615911
17.9920946135937,0,0.0461862043986698,0,17.9920946135937,0.0461862043986698,0.0461862043986698,0.0461862043986698,0.0824026574709236
10.8363107906744,0,-0.028098390818107,0,10.8363107906744,-0.028098390818107,-0.028098390818107,-0.028098390818107,0.071926050301895
11.7003583105711,0,-0.00186774348468509,0,11.7003583105711,-0.00186774348468509,-0.00186774348468509,-0.00186774348468509,0.00589871207554302
14.1717804897526,0,0.027255899623745,0,14.1717804897526,0.027255899623745,0.027255899623745,0.027255899623745,0.0438772018708798
10.4916049522311,0,0.0132463173032987,0,10.4916049522311,0.0132463173032987,0.0132463173032987,0.0132463173032987,0.0267192917518445
12.491172371433,0,0.00616174807970621,0,12.491172371433,0.00616174807970621,0.00616174807970621,0.00616174807970621,0.0405245193389735
17.7200271129378,0,0.0254970404476377,0,17.7200271129378,0.0254970404476377,0.0254970404476377,0.0254970404476377,0.113675735627428
23.3384346785706,0,0.0173424537425691,0,23.3384346785706,0.0173424537425691,0.0173424537425691,0.0173424537425691,0.0189266195413323
21.0471310356801,0,0.0617673658141888,0,21.0471310356801,0.0617673658141888,0.0617673658141888,0.0617673658141888,0.047052745863464
16.8846431378076,0,0.0592246738975235,0,16.8846431378076,0.0592246738975235,0.0592246738975235,0.0592246738975235,0.0580511049145327
142.027144302285,0,0.0480428181832702,0,142.027144302285,0.0480428181832702,0.0480428181832702,0.0480428181832702,0.0151652887885014
10.8384906759069,0,-0.00221059163205814,0,10.8384906759069,-0.00221059163205814,-0.00221059163205814,-0.00221059163205814,0.0251376149245104
15.3983817607889,0,0.00875331277188317,0,15.3983817607889,0.00875331277188317,0.00875331277188317,0.00875331277188317,0.0553131630412198
14.6925462604222,0,-0.00458452472707301,0,14.6925462604222,-0.00458452472707301,-0.00458452472707301,-0.00458452472707301,0.0444254697733256
12.5310366569707,0,0.0109739413789005,0,12.5310366569707,0.0109739413789005,0.0109739413789005,0.0109739413789005,0.0301771491611757
11.0161041029769,0,-0.0031766917676102,0,11.0161041029769,-0.0031766917676102,-0.0031766917676102,-0.0031766917676102,0.0522005254908412
12.612078023469,0,-0.0597088928688878,0,12.612078023469,-0.0597088928688878,-0.0597088928688878,-0.0597088928688878,0.0322576765582896
27.9381463268887,0,-0.0196646199066465,0,27.9381463268887,-0.0196646199066465,-0.0196646199066465,-0.0196646199066465,0.0266030945529787
28.4056044215739,0,-0.0234835133541325,0,28.4056044215739,-0.0234835133541325,-0.0234835133541325,-0.0234835133541325,0.0460235649191708
9.90734158103833,0,-0.0492845659710661,0,9.90734158103833,-0.0492845659710661,-0.0492845659710661,-0.0492845659710661,0.111075738327642
14.3373106913918,0,-0.0165868652445846,0,14.3373106913918,-0.0165868652445846,-0.0165868652445846,-0.0165868652445846,0.0475684856482902
30.3754198664195,0,0.0347750721163543,0,30.3754198664195,0.0347750721163543,0.0347750721163543,0.0347750721163543,0.137935415537934
NA,NA,NA,NA,NA,NA,NA,NA,NA
3.48138260502119,0,-0.0431716232209931,0,3.48138260502119,-0.0431716232209931,-0.0431716232209931,-0.0431716232209931,0.0321818721032191
5.59197431763262,0,-0.0578220526680145,0,5.59197431763262,-0.0578220526680145,-0.0578220526680145,-0.0578220526680145,0.0290843221745671
7.10118523761685,0,-0.0285278978712163,0,7.10118523761685,-0.0285278978712163,-0.0285278978712163,-0.0285278978712163,0.0595492352872805
8.39406695268219,0,0.0167837864563465,0,8.39406695268219,0.0167837864563465,0.0167837864563465,0.0167837864563465,0.0322473662392579
6.68163411954067,0,0.0399525800720857,0,6.68163411954067,0.0399525800720857,0.0399525800720857,0.0399525800720857,0.0632642521725607
10.9419857642508,0,-0.0876235523401562,0,10.9419857642508,-0.0876235523401562,-0.0876235523401562,-0.0876235523401562,0.0336377588977628
9.567453602661,0,-0.0130573193727359,0,9.567453602661,-0.0130573193727359,-0.0130573193727359,-0.0130573193727359,0.0264340771076804
9.56764954052794,0,-0.00578932875863998,0,9.56764954052794,-0.00578932875863998,-0.00578932875863998,-0.00578932875863998,0.0288617279537588
9.58796747981615,0,0.00725905880614161,0,9.58796747981615,0.00725905880614161,0.00725905880614161,0.00725905880614161,0.0422687684348916
10.3415882006709,0,-0.0979591311963027,0,10.3415882006709,-0.0979591311963027,-0.0979591311963027,-0.0979591311963027,0.0379022425227411
9.03381024943225,0,-0.0258591277728825,0,9.03381024943225,-0.0258591277728825,-0.0258591277728825,-0.0258591277728825,0.0210013285642308
7.292171244769,0,0.0214216184583366,0,7.292171244769,0.0214216184583366,0.0214216184583366,0.0214216184583366,0.00787016036700002
10.6567948708008,0,0.0203455428827325,0,10.6567948708008,0.0203455428827325,0.0203455428827325,0.0203455428827325,0.0367174068081082
15.83958844307,0,0.0399832495665445,0,15.83958844307,0.0399832495665445,0.0399832495665445,0.0399832495665445,0.0130470310288665
17.7014293147066,0,0.0234372077444364,0,17.7014293147066,0.0234372077444364,0.0234372077444364,0.0234372077444364,0.0323786122878216
16.016217440795,0,-0.00369944404825601,0,16.016217440795,-0.00369944404825601,-0.00369944404825601,-0.00369944404825601,0.0376637682579198
13.5036026382197,0,0.0260526179813793,0,13.5036026382197,0.0260526179813793,0.0260526179813793,0.0260526179813793,0.0175137052055195
13.9836050997556,0,-0.0596374353307077,0,13.9836050997556,-0.0596374353307077,-0.0596374353307077,-0.0596374353307077,0.0260159424457815
11.3110693140974,0,0.00982781565554414,0,11.3110693140974,0.00982781565554414,0.00982781565554414,0.00982781565554414,0.0152975413868066
20.6083384757102,0,-0.0196913974375486,0,20.6083384757102,-0.0196913974375486,-0.0196913974375486,-0.0196913974375486,0.0564075951702511
12.3671082351961,0,0.0210231372322994,0,12.3671082351961,0.0210231372322994,0.0210231372322994,0.0210231372322994,0.0160828742749283
12.3654554745313,0,-0.0686880413546458,0,12.3654554745313,-0.0686880413546458,-0.0686880413546458,-0.0686880413546458,0.0513325050706189
19.2556223171704,0,0.0285945738844167,0,19.2556223171704,0.0285945738844167,0.0285945738844167,0.0285945738844167,0.0139726523520546
34.7312424253189,0,0.00360906084633839,0,34.7312424253189,0.00360906084633839,0.00360906084633839,0.00360906084633839,0.017575833019559
54.7209102152747,0,0.0196726221291343,0,54.7209102152747,0.0196726221291343,0.0196726221291343,0.0196726221291343,0.0109274670854921
9.76552332936977,0,0.00564706861610557,0,9.76552332936977,0.00564706861610557,0.00564706861610557,0.00564706861610557,0.022210163633412
8.22166390729103,0,0.0200227074138689,0,8.22166390729103,0.0200227074138689,0.0200227074138689,0.0200227074138689,0.0889316774406693
11.7030101268542,0,0.0664031592294417,0,11.7030101268542,0.0664031592294417,0.0664031592294417,0.0664031592294417,0.0318702419669784
7.36539602284415,0,-0.0247872150245361,0,7.36539602284415,-0.0247872150245361,-0.0247872150245361,-0.0247872150245361,0.114121672795408
9.34902839864339,0,-0.0319037471830898,0,9.34902839864339,-0.0319037471830898,-0.0319037471830898,-0.0319037471830898,0.0353702402159913
12.5616640281909,0,0.00441577973083164,0,12.5616640281909,0.00441577973083164,0.00441577973083164,0.00441577973083164,0.0138459086615911
17.9920946135937,0,0.0461862043986698,0,17.9920946135937,0.0461862043986698,0.0461862043986698,0.0461862043986698,0.0824026574709236
10.8363107906744,0,-0.028098390818107,0,10.8363107906744,-0.028098390818107,-0.028098390818107,-0.028098390818107,0.071926050301895
11.7003583105711,0,-0.00186774348468509,0,11.7003583105711,-0.00186774348468509,-0.00186774348468509,-0.00186774348468509,0.00589871207554302
14.1717804897526,0,0.027255899623745,0,14.1717804897526,0.027255899623745,0.027255899623745,0.027255899623745,0.0438772018708798
10.4916049522311,0,0.0132463173032987,0,10.4916049522311,0.0132463173032987,0.0132463173032987,0.0132463173032987,0.0267192917518445
12.491172371433,0,0.00616174807970621,0,12.491172371433,0.00616174807970621,0.00616174807970621,0.00616174807970621,0.0405245193389735
17.7200271129378,0,0.0254970404476377,0,17.7200271129378,0.0254970404476377,0.0254970404476377,0.0254970404476377,0.113675735627428
23.3384346785706,0,0.0173424537425691,0,23.3384346785706,0.0173424537425691,0.0173424537425691,0.0173424537425691,0.0189266195413323
21.0471310356801,0,0.0617673658141888,0,21.0471310356801,0.0617673658141888,0.0617673658141888,0.0617673658141888,0.047052745863464
16.8846431378076,0,0.0592246738975235,0,16.8846431378076,0.0592246738975235,0.0592246738975235,0.0592246738975235,0.0580511049145327
142.027144302285,0,0.0480428181832702,0,142.027144302285,0.0480428181832702,0.0480428181832702,0.0480428181832702,0.0151652887885014
10.8384906759069,0,-0.00221059163205814,0,10.8384906759069,-0.00221059163205814,-0.00221059163205814,-0.00221059163205814,0.0251376149245104
15.3983817607889,0,0.00875331277188317,0,15.3983817607889,0.00875331277188317,0.00875331277188317,0.00875331277188317,0.0553131630412198
14.6925462604222,0,-0.00458452472707301,0,14.6925462604222,-0.00458452472707301,-0.00458452472707301,-0.00458452472707301,0.0444254697733256
12.5310366569707,0,0.0109739413789005,0,12.5310366569707,0.0109739413789005,0.0109739413789005,0.0109739413789005,0.0301771491611757
11.0161041029769,0,-0.0031766917676102,0,11.0161041029769,-0.0031766917676102,-0.0031766917676102,-0.0031766917676102,0.0522005254908412
12.612078023469,0,-0.0597088928688878,0,12.612078023469,-0.0597088928688878,-0.0597088928688878,-0.0597088928688878,0.0322576765582896
27.9381463268887,0,-0.0196646199066465,0,27.9381463268887,-0.0196646199066465,-0.0196646199066465,-0.0196646199066465,0.0266030945529787
28.4056044215739,0,-0.0234835133541325,0,28.4056044215739,-0.0234835133541325,-0.0234835133541325,-0.0234835133541325,0.0460235649191708
9.90734158103833,0,-0.0492845659710661,0,9.90734158103833,-0.0492845659710661,-0.0492845659710661,-0.0492845659710661,0.111075738327642
14.3373106913918,0,-0.0165868652445846,0,14.3373106913918,-0.0165868652445846,-0.0165868652445846,-0.0165868652445846,0.0475684856482902
30.6714080967905,0,0.0528811458694808,0,30.6714080967905,0.0528811458694808,0.0528811458694808,0.0528811458694808,0.10594255469159
NA,NA,NA,NA,NA,NA,NA,NA,NA
3.48138260502119,0,-0.0431716232209931,0,3.48138260502119,-0.0431716232209931,-0.0431716232209931,-0.0431716232209931,0.0321818721032191
5.59197431763262,0,-0.0578220526680145,0,5.59197431763262,-0.0578220526680145,-0.0578220526680145,-0.0578220526680145,0.0290843221745671
7.10118523761685,0,-0.0285278978712163,0,7.10118523761685,-0.0285278978712163,-0.0285278978712163,-0.0285278978712163,0.0595492352872805
8.39406695268219,0,0.0167837864563465,0,8.39406695268219,0.0167837864563465,0.0167837864563465,0.0167837864563465,0.0322473662392579
6.68163411954067,0,0.0399525800720857,0,6.68163411954067,0.0399525800720857,0.0399525800720857,0.0399525800720857,0.0632642521725607
10.9419857642508,0,-0.0876235523401562,0,10.9419857642508,-0.0876235523401562,-0.0876235523401562,-0.0876235523401562,0.0336377588977628
9.567453602661,0,-0.0130573193727359,0,9.567453602661,-0.0130573193727359,-0.0130573193727359,-0.0130573193727359,0.0264340771076804
9.56764954052794,0,-0.00578932875863998,0,9.56764954052794,-0.00578932875863998,-0.00578932875863998,-0.00578932875863998,0.0288617279537588
9.58796747981615,0,0.00725905880614161,0,9.58796747981615,0.00725905880614161,0.00725905880614161,0.00725905880614161,0.0422687684348916
10.3415882006709,0,-0.0979591311963027,0,10.3415882006709,-0.0979591311963027,-0.0979591311963027,-0.0979591311963027,0.0379022425227411
9.03381024943225,0,-0.0258591277728825,0,9.03381024943225,-0.0258591277728825,-0.0258591277728825,-0.0258591277728825,0.0210013285642308
7.292171244769,0,0.0214216184583366,0,7.292171244769,0.0214216184583366,0.0214216184583366,0.0214216184583366,0.00787016036700002
10.6567948708008,0,0.0203455428827325,0,10.6567948708008,0.0203455428827325,0.0203455428827325,0.0203455428827325,0.0367174068081082
15.83958844307,0,0.0399832495665445,0,15.83958844307,0.0399832495665445,0.0399832495665445,0.0399832495665445,0.0130470310288665
17.7014293147066,0,0.0234372077444364,0,17.7014293147066,0.0234372077444364,0.0234372077444364,0.0234372077444364,0.0323786122878216
16.016217440795,0,-0.00369944404825601,0,16.016217440795,-0.00369944404825601,-0.00369944404825601,-0.00369944404825601,0.0376637682579198
13.5036026382197,0,0.0260526179813793,0,13.5036026382197,0.0260526179813793,0.0260526179813793,0.0260526179813793,0.0175137052055195
13.9836050997556,0,-0.0596374353307077,0,13.9836050997556,-0.0596374353307077,-0.0596374353307077,-0.0596374353307077,0.0260159424457815
11.3110693140974,0,0.00982781565554414,0,11.3110693140974,0.00982781565554414,0.00982781565554414,0.00982781565554414,0.0152975413868066
20.6083384757102,0,-0.0196913974375486,0,20.6083384757102,-0.0196913974375486,-0.0196913974375486,-0.0196913974375486,0.0564075951702511
12.3671082351961,0,0.0210231372322994,0,12.3671082351961,0.0210231372322994,0.0210231372322994,0.0210231372322994,0.0160828742749283
12.3654554745313,0,-0.0686880413546458,0,12.3654554745313,-0.0686880413546458,-0.0686880413546458,-0.0686880413546458,0.0513325050706189
19.2556223171704,0,0.0285945738844167,0,19.2556223171704,0.0285945738844167,0.0285945738844167,0.0285945738844167,0.0139726523520546
34.7312424253189,0,0.00360906084633839,0,34.7312424253189,0.00360906084633839,0.00360906084633839,0.00360906084633839,0.017575833019559
54.7209102152747,0,0.0196726221291343,0,54.7209102152747,0.0196726221291343,0.0196726221291343,0.0196726221291343,0.0109274670854921
9.76552332936977,0,0.00564706861610557,0,9.76552332936977,0.00564706861610557,0.00564706861610557,0.00564706861610557,0.022210163633412
8.22166390729103,0,0.0200227074138689,0,8.22166390729103,0.0200227074138689,0.0200227074138689,0.0200227074138689,0.0889316774406693
11.7030101268542,0,0.0664031592294417,0,11.7030101268542,0.0664031592294417,0.0664031592294417,0.0664031592294417,0.0318702419669784
7.36539602284415,0,-0.0247872150245361,0,7.36539602284415,-0.0247872150245361,-0.0247872150245361,-0.0247872150245361,0.114121672795408
9.34902839864339,0,-0.0319037471830898,0,9.34902839864339,-0.0319037471830898,-0.0319037471830898,-0.0319037471830898,0.0353702402159913
12.5616640281909,0,0.00441577973083164,0,12.5616640281909,0.00441577973083164,0.00441577973083164,0.00441577973083164,0.0138459086615911
17.9920946135937,0,0.0461862043986698,0,17.9920946135937,0.0461862043986698,0.0461862043986698,0.0461862043986698,0.0824026574709236
10.8363107906744,0,-0.028098390818107,0,10.8363107906744,-0.028098390818107,-0.028098390818107,-0.028098390818107,0.071926050301895
11.7003583105711,0,-0.00186774348468509,0,11.7003583105711,-0.00186774348468509,-0.00186774348468509,-0.00186774348468509,0.00589871207554302
14.1717804897526,0,0.027255899623745,0,14.1717804897526,0.027255899623745,0.027255899623745,0.027255899623745,0.0438772018708798
10.4916049522311,0,0.0132463173032987,0,10.4916049522311,0.0132463173032987,0.0132463173032987,0.0132463173032987,0.0267192917518445
12.491172371433,0,0.00616174807970621,0,12.491172371433,0.00616174807970621,0.00616174807970621,0.00616174807970621,0.0405245193389735
17.7200271129378,0,0.0254970404476377,0,17.7200271129378,0.0254970404476377,0.0254970404476377,0.0254970404476377,0.113675735627428
23.3384346785706,0,0.0173424537425691,0,23.3384346785706,0.0173424537425691,0.0173424537425691,0.0173424537425691,0.0189266195413323
21.0471310356801,0,0.0617673658141888,0,21.0471310356801,0.0617673658141888,0.0617673658141888,0.0617673658141888,0.047052745863464
16.8846431378076,0,0.0592246738975235,0,16.8846431378076,0.0592246738975235,0.0592246738975235,0.0592246738975235,0.0580511049145327
142.027144302285,0,0.0480428181832702,0,142.027144302285,0.0480428181832702,0.0480428181832702,0.0480428181832702,0.0151652887885014
10.8384906759069,0,-0.00221059163205814,0,10.8384906759069,-0.00221059163205814,-0.00221059163205814,-0.00221059163205814,0.0251376149245104
15.3983817607889,0,0.00875331277188317,0,15.3983817607889,0.00875331277188317,0.00875331277188317,0.00875331277188317,0.0553131630412198
14.6925462604222,0,-0.00458452472707301,0,14.6925462604222,-0.00458452472707301,-0.00458452472707301,-0.00458452472707301,0.0444254697733256
12.5310366569707,0,0.0109739413789005,0,12.5310366569707,0.0109739413789005,0.0109739413789005,0.0109739413789005,0.0301771491611757
11.0161041029769,0,-0.0031766917676102,0,11.0161041029769,-0.0031766917676102,-0.0031766917676102,-0.0031766917676102,0.0522005254908412
12.612078023469,0,-0.0597088928688878,0,12.612078023469,-0.0597088928688878,-0.0597088928688878,-0.0597088928688878,0.0322576765582896
27.9381463268887,0,-0.0196646199066465,0,27.9381463268887,-0.0196646199066465,-0.0196646199066465,-0.0196646199066465,0.0266030945529787
28.4056044215739,0,-0.0234835133541325,0,28.4056044215739,-0.0234835133541325,-0.0234835133541325,-0.0234835133541325,0.0460235649191708
9.90734158103833,0,-0.0492845659710661,0,9.90734158103833,-0.0492845659710661,-0.0492845659710661,-0.0492845659710661,0.111075738327642
14.3373106913918,0,-0.0165868652445846,0,14.3373106913918,-0.0165868652445846,-0.0165868652445846,-0.0165868652445846,0.0475684856482902
30.6714080967905,0,0.0528811458694808,0,30.6714080967905,0.0528811458694808,0.0528811458694808,0.0528811458694808,0.10594255469159
NA,NA,NA,NA,NA,NA,NA,NA,NA
3.48138260502119,0,-0.0431716232209931,0,3.48138260502119,-0.0431716232209931,-0.0431716232209931,-0.0431716232209931,0.0321818721032191
5.59197431763262,0,-0.0578220526680145,0,5.59197431763262,-0.0578220526680145,-0.0578220526680145,-0.0578220526680145,0.0290843221745671
7.10118523761685,0,-0.0285278978712163,0,7.10118523761685,-0.0285278978712163,-0.0285278978712163,-0.0285278978712163,0.0595492352872805
8.39406695268219,0,0.0167837864563465,0,8.39406695268219,0.0167837864563465,0.0167837864563465,0.0167837864563465,0.0322473662392579
6.68163411954067,0,0.0399525800720857,0,6.68163411954067,0.0399525800720857,0.0399525800720857,0.0399525800720857,0.0632642521725607
10.9419857642508,0,-0.0876235523401562,0,10.9419857642508,-0.0876235523401562,-0.0876235523401562,-0.0876235523401562,0.0336377588977628
9.567453602661,0,-0.0130573193727359,0,9.567453602661,-0.0130573193727359,-0.0130573193727359,-0.0130573193727359,0.0264340771076804
9.56764954052794,0,-0.00578932875863998,0,9.56764954052794,-0.00578932875863998,-0.00578932875863998,-0.00578932875863998,0.0288617279537588
9.58796747981615,0,0.00725905880614161,0,9.58796747981615,0.00725905880614161,0.00725905880614161,0.00725905880614161,0.0422687684348916
10.3415882006709,0,-0.0979591311963027,0,10.3415882006709,-0.0979591311963027,-0.0979591311963027,-0.0979591311963027,0.0379022425227411
9.03381024943225,0,-0.0258591277728825,0,9.03381024943225,-0.0258591277728825,-0.0258591277728825,-0.0258591277728825,0.0210013285642308
7.292171244769,0,0.0214216184583366,0,7.292171244769,0.0214216184583366,0.0214216184583366,0.0214216184583366,0.00787016036700002
10.6567948708008,0,0.0203455428827325,0,10.6567948708008,0.0203455428827325,0.0203455428827325,0.0203455428827325,0.0367174068081082
15.83958844307,0,0.0399832495665445,0,15.83958844307,0.0399832495665445,0.0399832495665445,0.0399832495665445,0.0130470310288665
17.7014293147066,0,0.0234372077444364,0,17.7014293147066,0.0234372077444364,0.0234372077444364,0.0234372077444364,0.0323786122878216
16.016217440795,0,-0.00369944404825601,0,16.016217440795,-0.00369944404825601,-0.00369944404825601,-0.00369944404825601,0.0376637682579198
13.5036026382197,0,0.0260526179813793,0,13.5036026382197,0.0260526179813793,0.0260526179813793,0.0260526179813793,0.0175137052055195
13.9836050997556,0,-0.0596374353307077,0,13.9836050997556,-0.0596374353307077,-0.0596374353307077,-0.0596374353307077,0.0260159424457815
11.3110693140974,0,0.00982781565554414,0,11.3110693140974,0.00982781565554414,0.00982781565554414,0.00982781565554414,0.0152975413868066
20.6083384757102,0,-0.0196913974375486,0,20.6083384757102,-0.0196913974375486,-0.0196913974375486,-0.0196913974375486,0.0564075951702511
12.3671082351961,0,0.0210231372322994,0,12.3671082351961,0.0210231372322994,0.0210231372322994,0.0210231372322994,0.0160828742749283
12.3654554745313,0,-0.0686880413546458,0,12.3654554745313,-0.0686880413546458,-0.0686880413546458,-0.0686880413546458,0.0513325050706189
19.2556223171704,0,0.0285945738844167,0,19.2556223171704,0.0285945738844167,0.0285945738844167,0.0285945738844167,0.0139726523520546
34.7312424253189,0,0.00360906084633839,0,34.7312424253189,0.00360906084633839,0.00360906084633839,0.00360906084633839,0.017575833019559
54.7209102152747,0,0.0196726221291343,0,54.7209102152747,0.0196726221291343,0.0196726221291343,0.0196726221291343,0.0109274670854921
9.76552332936977,0,0.00564706861610557,0,9.76552332936977,0.00564706861610557,0.00564706861610557,0.00564706861610557,0.022210163633412
8.22166390729103,0,0.0200227074138689,0,8.22166390729103,0.0200227074138689,0.0200227074138689,0.0200227074138689,0.0889316774406693
11.7030101268542,0,0.0664031592294417,0,11.7030101268542,0.0664031592294417,0.0664031592294417,0.0664031592294417,0.0318702419669784
7.36539602284415,0,-0.0247872150245361,0,7.36539602284415,-0.0247872150245361,-0.0247872150245361,-0.0247872150245361,0.114121672795408
9.34902839864339,0,-0.0319037471830898,0,9.34902839864339,-0.0319037471830898,-0.0319037471830898,-0.0319037471830898,0.0353702402159913
12.5616640281909,0,0.00441577973083164,0,12.5616640281909,0.00441577973083164,0.00441577973083164,0.00441577973083164,0.0138459086615911
17.9920946135937,0,0.0461862043986698,0,17.9920946135937,0.0461862043986698,0.0461862043986698,0.0461862043986698,0.0824026574709236
10.8363107906744,0,-0.028098390818107,0,10.8363107906744,-0.028098390818107,-0.028098390818107,-0.028098390818107,0.071926050301895
11.7003583105711,0,-0.00186774348468509,0,11.7003583105711,-0.00186774348468509,-0.00186774348468509,-0.00186774348468509,0.00589871207554302
14.1717804897526,0,0.027255899623745,0,14.1717804897526,0.027255899623745,0.027255899623745,0.027255899623745,0.0438772018708798
10.4916049522311,0,0.0132463173032987,0,10.4916049522311,0.0132463173032987,0.0132463173032987,0.0132463173032987,0.0267192917518445
12.491172371433,0,0.00616174807970621,0,12.491172371433,0.00616174807970621,0.00616174807970621,0.00616174807970621,0.0405245193389735
14.0579479591907,0,-0.0587492094450672,0,14.0579479591907,-0.0587492094450672,-0.0587492094450672,-0.0587492094450672,0.10091717057124
23.3384346785706,0,0.0173424537425691,0,23.3384346785706,0.0173424537425691,0.0173424537425691,0.0173424537425691,0.0189266195413323
21.0471310356801,0,0.0617673658141888,0,21.0471310356801,0.0617673658141888,0.0617673658141888,0.0617673658141888,0.047052745863464
16.8846431378076,0,0.0592246738975235,0,16.8846431378076,0.0592246738975235,0.0592246738975235,0.0592246738975235,0.0580511049145327
142.027144302285,0,0.0480428181832702,0,142.027144302285,0.0480428181832702,0.0480428181832702,0.0480428181832702,0.0151652887885014
10.8384906759069,0,-0.00221059163205814,0,10.8384906759069,-0.00221059163205814,-0.00221059163205814,-0.00221059163205814,0.0251376149245104
15.3983817607889,0,0.00875331277188317,0,15.3983817607889,0.00875331277188317,0.00875331277188317,0.00875331277188317,0.0553131630412198
14.6925462604222,0,-0.00458452472707301,0,14.6925462604222,-0.00458452472707301,-0.00458452472707301,-0.00458452472707301,0.0444254697733256
12.5310366569707,0,0.0109739413789005,0,12.5310366569707,0.0109739413789005,0.0109739413789005,0.0109739413789005,0.0301771491611757
11.0161041029769,0,-0.0031766917676102,0,11.0161041029769,-0.0031766917676102,-0.0031766917676102,-0.0031766917676102,0.0522005254908412
12.612078023469,0,-0.0597088928688878,0,12.612078023469,-0.0597088928688878,-0.0597088928688878,-0.0597088928688878,0.0322576765582896
27.9381463268887,0,-0.0196646199066465,0,27.9381463268887,-0.0196646199066465,-0.0196646199066465,-0.0196646199066465,0.0266030945529787
28.4056044215739,0,-0.0234835133541325,0,28.4056044215739,-0.0234835133541325,-0.0234835133541325,-0.0234835133541325,0.0460235649191708
9.90734158103833,0,-0.0492845659710661,0,9.90734158103833,-0.0492845659710661,-0.0492845659710661,-0.0492845659710661,0.111075738327642
14.3373106913918,0,-0.0165868652445846,0,14.3373106913918,-0.0165868652445846,-0.0165868652445846,-0.0165868652445846,0.0475684856482902
30.6714080967905,0,0.0528811458694808,0,30.6714080967905,0.0528811458694808,0.0528811458694808,0.0528811458694808,0.10594255469159
NA,NA,NA,NA,NA,NA,NA,NA,NA
3.48138260502119,0,-0.0431716232209931,0,3.48138260502119,-0.0431716232209931,-0.0431716232209931,-0.0431716232209931,0.0321818721032191
5.59197431763262,0,-0.0578220526680145,0,5.59197431763262,-0.0578220526680145,-0.0578220526680145,-0.0578220526680145,0.0290843221745671
7.10118523761685,0,-0.0285278978712163,0,7.10118523761685,-0.0285278978712163,-0.0285278978712163,-0.0285278978712163,0.0595492352872805
8.39406695268219,0,0.0167837864563465,0,8.39406695268219,0.0167837864563465,0.0167837864563465,0.0167837864563465,0.0322473662392579
6.68163411954067,0,0.0399525800720857,0,6.68163411954067,0.0399525800720857,0.0399525800720857,0.0399525800720857,0.0632642521725607
10.9419857642508,0,-0.0876235523401562,0,10.9419857642508,-0.0876235523401562,-0.0876235523401562,-0.0876235523401562,0.0336377588977628
9.567453602661,0,-0.0130573193727359,0,9.567453602661,-0.0130573193727359,-0.0130573193727359,-0.0130573193727359,0.0264340771076804
9.56764954052794,0,-0.00578932875863998,0,9.56764954052794,-0.00578932875863998,-0.00578932875863998,-0.00578932875863998,0.0288617279537588
9.58796747981615,0,0.00725905880614161,0,9.58796747981615,0.00725905880614161,0.00725905880614161,0.00725905880614161,0.0422687684348916
10.3415882006709,0,-0.0979591311963027,0,10.3415882006709,-0.0979591311963027,-0.0979591311963027,-0.0979591311963027,0.0379022425227411
9.03381024943225,0,-0.0258591277728825,0,9.03381024943225,-0.0258591277728825,-0.0258591277728825,-0.0258591277728825,0.0210013285642308
7.292171244769,0,0.0214216184583366,0,7.292171244769,0.0214216184583366,0.0214216184583366,0.0214216184583366,0.00787016036700002
10.6567948708008,0,0.0203455428827325,0,10.6567948708008,0.0203455428827325,0.0203455428827325,0.0203455428827325,0.0367174068081082
15.83958844307,0,0.0399832495665445,0,15.83958844307,0.0399832495665445,0.0399832495665445,0.0399832495665445,0.0130470310288665
17.7014293147066,0,0.0234372077444364,0,17.7014293147066,0.0234372077444364,0.0234372077444364,0.0234372077444364,0.0323786122878216
16.016217440795,0,-0.00369944404825601,0,16.016217440795,-0.00369944404825601,-0.00369944404825601,-0.00369944404825601,0.0376637682579198
13.5036026382197,0,0.0260526179813793,0,13.5036026382197,0.0260526179813793,0.0260526179813793,0.0260526179813793,0.0175137052055195
13.9836050997556,0,-0.0596374353307077,0,13.9836050997556,-0.0596374353307077,-0.0596374353307077,-0.0596374353307077,0.0260159424457815
11.3110693140974,0,0.00982781565554414,0,11.3110693140974,0.00982781565554414,0.00982781565554414,0.00982781565554414,0.0152975413868066
20.6083384757102,0,-0.0196913974375486,0,20.6083384757102,-0.0196913974375486,-0.0196913974375486,-0.0196913974375486,0.0564075951702511
12.3671082351961,0,0.0210231372322994,0,12.3671082351961,0.0210231372322994,0.0210231372322994,0.0210231372322994,0.0160828742749283
12.3654554745313,0,-0.0686880413546458,0,12.3654554745313,-0.0686880413546458,-0.0686880413546458,-0.0686880413546458,0.0513325050706189
19.2556223171704,0,0.0285945738844167,0,19.2556223171704,0.0285945738844167,0.0285945738844167,0.0285945738844167,0.0139726523520546
34.7312424253189,0,0.00360906084633839,0,34.7312424253189,0.00360906084633839,0.00360906084633839,0.00360906084633839,0.017575833019559
54.7209102152747,0,0.0196726221291343,0,54.7209102152747,0.0196726221291343,0.0196726221291343,0.0196726221291343,0.0109274670854921
9.76552332936977,0,0.00564706861610557,0,9.76552332936977,0.00564706861610557,0.00564706861610557,0.00564706861610557,0.022210163633412
8.22166390729103,0,0.0200227074138689,0,8.22166390729103,0.0200227074138689,0.0200227074138689,0.0200227074138689,0.0889316774406693
11.7030101268542,0,0.0664031592294417,0,11.7030101268542,0.0664031592294417,0.0664031592294417,0.0664031592294417,0.0318702419669784
7.36539602284415,0,-0.0247872150245361,0,7.36539602284415,-0.0247872150245361,-0.0247872150245361,-0.0247872150245361,0.114121672795408
9.34902839864339,0,-0.0319037471830898,0,9.34902839864339,-0.0319037471830898,-0.0319037471830898,-0.0319037471830898,0.0353702402159913
12.5616640281909,0,0.00441577973083164,0,12.5616640281909,0.00441577973083164,0.00441577973083164,0.00441577973083164,0.0138459086615911
17.9920946135937,0,0.0461862043986698,0,17.9920946135937,0.0461862043986698,0.0461862043986698,0.0461862043986698,0.0824026574709236
10.8363107906744,0,-0.028098390818107,0,10.8363107906744,-0.028098390818107,-0.028098390818107,-0.028098390818107,0.071926050301895
11.7003583105711,0,-0.00186774348468509,0,11.7003583105711,-0.00186774348468509,-0.00186774348468509,-0.00186774348468509,0.00589871207554302
14.1717804897526,0,0.027255899623745,0,14.1717804897526,0.027255899623745,0.027255899623745,0.027255899623745,0.0438772018708798
10.4916049522311,0,0.0132463173032987,0,10.4916049522311,0.0132463173032987,0.0132463173032987,0.0132463173032987,0.0267192917518445
12.491172371433,0,0.00616174807970621,0,12.491172371433,0.00616174807970621,0.00616174807970621,0.00616174807970621,0.0405245193389735
14.0579479591907,0,-0.0587492094450672,0,14.0579479591907,-0.0587492094450672,-0.0587492094450672,-0.0587492094450672,0.10091717057124
23.3384346785706,0,0.0173424537425691,0,23.3384346785706,0.0173424537425691,0.0173424537425691,0.0173424537425691,0.0189266195413323
21.0471310356801,0,0.0617673658141888,0,21.0471310356801,0.0617673658141888,0.0617673658141888,0.0617673658141888,0.047052745863464
16.8846431378076,0,0.0592246738975235,0,16.8846431378076,0.0592246738975235,0.0592246738975235,0.0592246738975235,0.0580511049145327
142.027144302285,0,0.0480428181832702,0,142.027144302285,0.0480428181832702,0.0480428181832702,0.0480428181832702,0.0151652887885014
10.8384906759069,0,-0.00221059163205814,0,10.8384906759069,-0.00221059163205814,-0.00221059163205814,-0.00221059163205814,0.0251376149245104
15.3983817607889,0,0.00875331277188317,0,15.3983817607889,0.00875331277188317,0.00875331277188317,0.00875331277188317,0.0553131630412198
14.6925462604222,0,-0.00458452472707301,0,14.6925462604222,-0.00458452472707301,-0.00458452472707301,-0.00458452472707301,0.0444254697733256
12.5310366569707,0,0.0109739413789005,0,12.5310366569707,0.0109739413789005,0.0109739413789005,0.0109739413789005,0.0301771491611757
11.0161041029769,0,-0.0031766917676102,0,11.0161041029769,-0.0031766917676102,-0.0031766917676102,-0.0031766917676102,0.0522005254908412
12.612078023469,0,-0.0597088928688878,0,12.612078023469,-0.0597088928688878,-0.0597088928688878,-0.0597088928688878,0.0322576765582896
27.9381463268887,0,-0.0196646199066465,0,27.9381463268887,-0.0196646199066465,-0.0196646199066465,-0.0196646199066465,0.0266030945529787
28.4056044215739,0,-0.0234835133541325,0,28.4056044215739,-0.0234835133541325,-0.0234835133541325,-0.0234835133541325,0.0460235649191708
9.90734158103833,0,-0.0492845659710661,0,9.90734158103833,-0.0492845659710661,-0.0492845659710661,-0.0492845659710661,0.111075738327642
14.3373106913918,0,-0.0165868652445846,0,14.3373106913918,-0.0165868652445846,-0.0165868652445846,-0.0165868652445846,0.0475684856482902
30.6714080967905,0,0.0528811458694808,0,30.6714080967905,0.0528811458694808,0.0528811458694808,0.0528811458694808,0.10594255469159
NA,NA,NA,NA,NA,NA,NA,NA,NA
3.48138260502119,0,-0.0431716232209931,0,3.48138260502119,-0.0431716232209931,-0.0431716232209931,-0.0431716232209931,0.0321818721032191
5.59197431763262,0,-0.0578220526680145,0,5.59197431763262,-0.0578220526680145,-0.0578220526680145,-0.0578220526680145,0.0290843221745671
7.10118523761685,0,-0.0285278978712163,0,7.10118523761685,-0.0285278978712163,-0.0285278978712163,-0.0285278978712163,0.0595492352872805
8.39406695268219,0,0.0167837864563465,0,8.39406695268219,0.0167837864563465,0.0167837864563465,0.0167837864563465,0.0322473662392579
6.68163411954067,0,0.0399525800720857,0,6.68163411954067,0.0399525800720857,0.0399525800720857,0.0399525800720857,0.0632642521725607
10.9419857642508,0,-0.0876235523401562,0,10.9419857642508,-0.0876235523401562,-0.0876235523401562,-0.0876235523401562,0.0336377588977628
9.567453602661,0,-0.0130573193727359,0,9.567453602661,-0.0130573193727359,-0.0130573193727359,-0.0130573193727359,0.0264340771076804
9.56764954052794,0,-0.00578932875863998,0,9.56764954052794,-0.00578932875863998,-0.00578932875863998,-0.00578932875863998,0.0288617279537588
9.58796747981615,0,0.00725905880614161,0,9.58796747981615,0.00725905880614161,0.00725905880614161,0.00725905880614161,0.0422687684348916
10.3415882006709,0,-0.0979591311963027,0,10.3415882006709,-0.0979591311963027,-0.0979591311963027,-0.0979591311963027,0.0379022425227411
9.03381024943225,0,-0.0258591277728825,0,9.03381024943225,-0.0258591277728825,-0.0258591277728825,-0.0258591277728825,0.0210013285642308
7.292171244769,0,0.0214216184583366,0,7.292171244769,0.0214216184583366,0.0214216184583366,0.0214216184583366,0.00787016036700002
10.6567948708008,0,0.0203455428827325,0,10.6567948708008,0.0203455428827325,0.0203455428827325,0.0203455428827325,0.0367174068081082
15.83958844307,0,0.0399832495665445,0,15.83958844307,0.0399832495665445,0.0399832495665445,0.0399832495665445,0.0130470310288665
17.7014293147066,0,0.0234372077444364,0,17.7014293147066,0.0234372077444364,0.0234372077444364,0.0234372077444364,0.0323786122878216
16.016217440795,0,-0.00369944404825601,0,16.016217440795,-0.00369944404825601,-0.00369944404825601,-0.00369944404825601,0.0376637682579198
13.5036026382197,0,0.0260526179813793,0,13.5036026382197,0.0260526179813793,0.0260526179813793,0.0260526179813793,0.0175137052055195
13.9836050997556,0,-0.0596374353307077,0,13.9836050997556,-0.0596374353307077,-0.0596374353307077,-0.0596374353307077,0.0260159424457815
11.3110693140974,0,0.00982781565554414,0,11.3110693140974,0.00982781565554414,0.00982781565554414,0.00982781565554414,0.0152975413868066
20.6083384757102,0,-0.0196913974375486,0,20.6083384757102,-0.0196913974375486,-0.0196913974375486,-0.0196913974375486,0.0564075951702511
12.3671082351961,0,0.0210231372322994,0,12.3671082351961,0.0210231372322994,0.0210231372322994,0.0210231372322994,0.0160828742749283
12.3654554745313,0,-0.0686880413546458,0,12.3654554745313,-0.0686880413546458,-0.0686880413546458,-0.0686880413546458,0.0513325050706189
19.2556223171704,0,0.0285945738844167,0,19.2556223171704,0.0285945738844167,0.0285945738844167,0.0285945738844167,0.0139726523520546
34.7312424253189,0,0.00360906084633839,0,34.7312424253189,0.00360906084633839,0.00360906084633839,0.00360906084633839,0.017575833019559
54.7209102152747,0,0.0196726221291343,0,54.7209102152747,0.0196726221291343,0.0196726221291343,0.0196726221291343,0.0109274670854921
9.76552332936977,0,0.00564706861610557,0,9.76552332936977,0.00564706861610557,0.00564706861610557,0.00564706861610557,0.022210163633412
8.22166390729103,0,0.0200227074138689,0,8.22166390729103,0.0200227074138689,0.0200227074138689,0.0200227074138689,0.0889316774406693
11.7030101268542,0,0.0664031592294417,0,11.7030101268542,0.0664031592294417,0.0664031592294417,0.0664031592294417,0.0318702419669784
7.36539602284415,0,-0.0247872150245361,0,7.36539602284415,-0.0247872150245361,-0.0247872150245361,-0.0247872150245361,0.114121672795408
9.34902839864339,0,-0.0319037471830898,0,9.34902839864339,-0.0319037471830898,-0.0319037471830898,-0.0319037471830898,0.0353702402159913
12.5616640281909,0,0.00441577973083164,0,12.5616640281909,0.00441577973083164,0.00441577973083164,0.00441577973083164,0.0138459086615911
17.9920946135937,0,0.0461862043986698,0,17.9920946135937,0.0461862043986698,0.0461862043986698,0.0461862043986698,0.0824026574709236
10.8363107906744,0,-0.028098390818107,0,10.8363107906744,-0.028098390818107,-0.028098390818107,-0.028098390818107,0.071926050301895
11.7003583105711,0,-0.00186774348468509,0,11.7003583105711,-0.00186774348468509,-0.00186774348468509,-0.00186774348468509,0.00589871207554302
14.1717804897526,0,0.027255899623745,0,14.1717804897526,0.027255899623745,0.027255899623745,0.027255899623745,0.0438772018708798
10.4916049522311,0,0.0132463173032987,0,10.4916049522311,0.0132463173032987,0.0132463173032987,0.0132463173032987,0.0267192917518445
12.491172371433,0,0.00616174807970621,0,12.491172371433,0.00616174807970621,0.00616174807970621,0.00616174807970621,0.0405245193389735
14.0579479591907,0,-0.0587492094450672,0,14.0579479591907,-0.0587492094450672,-0.0587492094450672,-0.0587492094450672,0.10091717057124
23.3384346785706,0,0.0173424537425691,0,23.3384346785706,0.0173424537425691,0.0173424537425691,0.0173424537425691,0.0189266195413323
21.0471310356801,0,0.0617673658141888,0,21.0471310356801,0.0617673658141888,0.0617673658141888,0.0617673658141888,0.047052745863464
16.8846431378076,0,0.0592246738975235,0,16.8846431378076,0.0592246738975235,0.0592246738975235,0.0592246738975235,0.0580511049145327
142.027144302285,0,0.0480428181832702,0,142.027144302285,0.0480428181832702,0.0480428181832702,0.0480428181832702,0.0151652887885014
10.8384906759069,0,-0.00221059163205814,0,10.8384906759069,-0.00221059163205814,-0.00221059163205814,-0.00221059163205814,0.0251376149245104
15.3983817607889,0,0.00875331277188317,0,15.3983817607889,0.00875331277188317,0.00875331277188317,0.00875331277188317,0.0553131630412198
14.6925462604222,0,-0.00458452472707301,0,14.6925462604222,-0.00458452472707301,-0.00458452472707301,-0.00458452472707301,0.0444254697733256
12.5310366569707,0,0.0109739413789005,0,12.5310366569707,0.0109739413789005,0.0109739413789005,0.0109739413789005,0.0301771491611757
11.0161041029769,0,-0.0031766917676102,0,11.0161041029769,-0.0031766917676102,-0.0031766917676102,-0.0031766917676102,0.0522005254908412
12.612078023469,0,-0.0597088928688878,0,12.612078023469,-0.0597088928688878,-0.0597088928688878,-0.0597088928688878,0.0322576765582896
27.9381463268887,0,-0.0196646199066465,0,27.9381463268887,-0.0196646199066465,-0.0196646199066465,-0.0196646199066465,0.0266030945529787
28.4056044215739,0,-0.0234835133541325,0,28.4056044215739,-0.0234835133541325,-0.0234835133541325,-0.0234835133541325,0.0460235649191708
9.90734158103833,0,-0.0492845659710661,0,9.90734158103833,-0.0492845659710661,-0.0492845659710661,-0.0492845659710661,0.111075738327642
14.3373106913918,0,-0.0165868652445846,0,14.3373106913918,-0.0165868652445846,-0.0165868652445846,-0.0165868652445846,0.0475684856482902
30.6714080967905,0,0.0528811458694808,0,30.6714080967905,0.0528811458694808,0.0528811458694808,0.0528811458694808,0.10594255469159
NA,NA,NA,NA,NA,NA,NA,NA,NA
3.48138260502119,0,-0.0431716232209931,0,3.48138260502119,-0.0431716232209931,-0.0431716232209931,-0.0431716232209931,0.0321818721032191
5.59197431763262,0,-0.0578220526680145,0,5.59197431763262,-0.0578220526680145,-0.0578220526680145,-0.0578220526680145,0.0290843221745671
7.10118523761685,0,-0.0285278978712163,0,7.10118523761685,-0.0285278978712163,-0.0285278978712163,-0.0285278978712163,0.0595492352872805
8.39406695268219,0,0.0167837864563465,0,8.39406695268219,0.0167837864563465,0.0167837864563465,0.0167837864563465,0.0322473662392579
6.68163411954067,0,0.0399525800720857,0,6.68163411954067,0.0399525800720857,0.0399525800720857,0.0399525800720857,0.0632642521725607
10.9419857642508,0,-0.0876235523401562,0,10.9419857642508,-0.0876235523401562,-0.0876235523401562,-0.0876235523401562,0.0336377588977628
9.567453602661,0,-0.0130573193727359,0,9.567453602661,-0.0130573193727359,-0.0130573193727359,-0.0130573193727359,0.0264340771076804
9.56764954052794,0,-0.00578932875863998,0,9.56764954052794,-0.00578932875863998,-0.00578932875863998,-0.00578932875863998,0.0288617279537588
9.58796747981615,0,0.00725905880614161,0,9.58796747981615,0.00725905880614161,0.00725905880614161,0.00725905880614161,0.0422687684348916
10.3415882006709,0,-0.0979591311963027,0,10.3415882006709,-0.0979591311963027,-0.0979591311963027,-0.0979591311963027,0.0379022425227411
9.03381024943225,0,-0.0258591277728825,0,9.03381024943225,-0.0258591277728825,-0.0258591277728825,-0.0258591277728825,0.0210013285642308
7.292171244769,0,0.0214216184583366,0,7.292171244769,0.0214216184583366,0.0214216184583366,0.0214216184583366,0.00787016036700002
10.6567948708008,0,0.0203455428827325,0,10.6567948708008,0.0203455428827325,0.0203455428827325,0.0203455428827325,0.0367174068081082
15.83958844307,0,0.0399832495665445,0,15.83958844307,0.0399832495665445,0.0399832495665445,0.0399832495665445,0.0130470310288665
17.7014293147066,0,0.0234372077444364,0,17.7014293147066,0.0234372077444364,0.0234372077444364,0.0234372077444364,0.0323786122878216
16.016217440795,0,-0.00369944404825601,0,16.016217440795,-0.00369944404825601,-0.00369944404825601,-0.00369944404825601,0.0376637682579198
13.5036026382197,0,0.0260526179813793,0,13.5036026382197,0.0260526179813793,0.0260526179813793,0.0260526179813793,0.0175137052055195
13.9836050997556,0,-0.0596374353307077,0,13.9836050997556,-0.0596374353307077,-0.0596374353307077,-0.0596374353307077,0.0260159424457815
11.3110693140974,0,0.00982781565554414,0,11.3110693140974,0.00982781565554414,0.00982781565554414,0.00982781565554414,0.0152975413868066
20.6083384757102,0,-0.0196913974375486,0,20.6083384757102,-0.0196913974375486,-0.0196913974375486,-0.0196913974375486,0.0564075951702511
12.3671082351961,0,0.0210231372322994,0,12.3671082351961,0.0210231372322994,0.0210231372322994,0.0210231372322994,0.0160828742749283
12.3654554745313,0,-0.0686880413546458,0,12.3654554745313,-0.0686880413546458,-0.0686880413546458,-0.0686880413546458,0.0513325050706189
19.2556223171704,0,0.0285945738844167,0,19.2556223171704,0.0285945738844167,0.0285945738844167,0.0285945738844167,0.0139726523520546
34.7312424253189,0,0.00360906084633839,0,34.7312424253189,0.00360906084633839,0.00360906084633839,0.00360906084633839,0.017575833019559
54.7209102152747,0,0.0196726221291343,0,54.7209102152747,0.0196726221291343,0.0196726221291343,0.0196726221291343,0.0109274670854921
9.76552332936977,0,0.00564706861610557,0,9.76552332936977,0.00564706861610557,0.00564706861610557,0.00564706861610557,0.022210163633412
8.22166390729103,0,0.0200227074138689,0,8.22166390729103,0.0200227074138689,0.0200227074138689,0.0200227074138689,0.0889316774406693
11.7030101268542,0,0.0664031592294417,0,11.7030101268542,0.0664031592294417,0.0664031592294417,0.0664031592294417,0.0318702419669784
7.36539602284415,0,-0.0247872150245361,0,7.36539602284415,-0.0247872150245361,-0.0247872150245361,-0.0247872150245361,0.114121672795408
9.34902839864339,0,-0.0319037471830898,0,9.34902839864339,-0.0319037471830898,-0.0319037471830898,-0.0319037471830898,0.0353702402159913
12.5616640281909,0,0.00441577973083164,0,12.5616640281909,0.00441577973083164,0.00441577973083164,0.00441577973083164,0.0138459086615911
17.9920946135937,0,0.0461862043986698,0,17.9920946135937,0.0461862043986698,0.0461862043986698,0.0461862043986698,0.0824026574709236
10.8363107906744,0,-0.028098390818107,0,10.8363107906744,-0.028098390818107,-0.028098390818107,-0.028098390818107,0.071926050301895
11.7003583105711,0,-0.00186774348468509,0,11.7003583105711,-0.00186774348468509,-0.00186774348468509,-0.00186774348468509,0.00589871207554302
14.1717804897526,0,0.027255899623745,0,14.1717804897526,0.027255899623745,0.027255899623745,0.027255899623745,0.0438772018708798
10.4916049522311,0,0.0132463173032987,0,10.4916049522311,0.0132463173032987,0.0132463173032987,0.0132463173032987,0.0267192917518445
12.491172371433,0,0.00616174807970621,0,12.491172371433,0.00616174807970621,0.00616174807970621,0.00616174807970621,0.0405245193389735
14.0579479591907,0,-0.0587492094450672,0,14.0579479591907,-0.0587492094450672,-0.0587492094450672,-0.0587492094450672,0.10091717057124
23.3384346785706,0,0.0173424537425691,0,23.3384346785706,0.0173424537425691,0.0173424537425691,0.0173424537425691,0.0189266195413323
21.0471310356801,0,0.0617673658141888,0,21.0471310356801,0.0617673658141888,0.0617673658141888,0.0617673658141888,0.047052745863464
16.8846431378076,0,0.0592246738975235,0,16.8846431378076,0.0592246738975235,0.0592246738975235,0.0592246738975235,0.0580511049145327
142.027144302285,0,0.0480428181832702,0,142.027144302285,0.0480428181832702,0.0480428181832702,0.0480428181832702,0.0151652887885014
10.8384906759069,0,-0.00221059163205814,0,10.8384906759069,-0.00221059163205814,-0.00221059163205814,-0.00221059163205814,0.0251376149245104
15.3983817607889,0,0.00875331277188317,0,15.3983817607889,0.00875331277188317,0.00875331277188317,0.00875331277188317,0.0553131630412198
14.6925462604222,0,-0.00458452472707301,0,14.6925462604222,-0.00458452472707301,-0.00458452472707301,-0.00458452472707301,0.0444254697733256
12.5310366569707,0,0.0109739413789005,0,12.5310366569707,0.0109739413789005,0.0109739413789005,0.0109739413789005,0.0301771491611757
11.0161041029769,0,-0.0031766917676102,0,11.0161041029769,-0.0031766917676102,-0.0031766917676102,-0.0031766917676102,0.0522005254908412
12.612078023469,0,-0.0597088928688878,0,12.612078023469,-0.0597088928688878,-0.0597088928688878,-0.0597088928688878,0.0322576765582896
27.9381463268887,0,-0.0196646199066465,0,27.9381463268887,-0.0196646199066465,-0.0196646199066465,-0.0196646199066465,0.0266030945529787
28.4056044215739,0,-0.0234835133541325,0,28.4056044215739,-0.0234835133541325,-0.0234835133541325,-0.0234835133541325,0.0460235649191708
9.90734158103833,0,-0.0492845659710661,0,9.90734158103833,-0.0492845659710661,-0.0492845659710661,-0.0492845659710661,0.111075738327642
14.3373106913918,0,-0.0165868652445846,0,14.3373106913918,-0.0165868652445846,-0.0165868652445846,-0.0165868652445846,0.0475684856482902
30.6714080967905,0,0.0528811458694808,0,30.6714080967905,0.0528811458694808,0.0528811458694808,0.0528811458694808,0.10594255469159
NA,NA,NA,NA,NA,NA,NA,NA,NA
3.48138260502119,0,-0.0431716232209931,0,3.48138260502119,-0.0431716232209931,-0.0431716232209931,-0.0431716232209931,0.0321818721032191
5.59197431763262,0,-0.0578220526680145,0,5.59197431763262,-0.0578220526680145,-0.0578220526680145,-0.0578220526680145,0.0290843221745671
7.10118523761685,0,-0.0285278978712163,0,7.10118523761685,-0.0285278978712163,-0.0285278978712163,-0.0285278978712163,0.0595492352872805
8.39406695268219,0,0.0167837864563465,0,8.39406695268219,0.0167837864563465,0.0167837864563465,0.0167837864563465,0.0322473662392579
6.68163411954067,0,0.0399525800720857,0,6.68163411954067,0.0399525800720857,0.0399525800720857,0.0399525800720857,0.0632642521725607
10.9419857642508,0,-0.0876235523401562,0,10.9419857642508,-0.0876235523401562,-0.0876235523401562,-0.0876235523401562,0.0336377588977628
9.567453602661,0,-0.0130573193727359,0,9.567453602661,-0.0130573193727359,-0.0130573193727359,-0.0130573193727359,0.0264340771076804
9.56764954052794,0,-0.00578932875863998,0,9.56764954052794,-0.00578932875863998,-0.00578932875863998,-0.00578932875863998,0.0288617279537588
9.58796747981615,0,0.00725905880614161,0,9.58796747981615,0.00725905880614161,0.00725905880614161,0.00725905880614161,0.0422687684348916
10.3415882006709,0,-0.0979591311963027,0,10.3415882006709,-0.0979591311963027,-0.0979591311963027,-0.0979591311963027,0.0379022425227411
9.03381024943225,0,-0.0258591277728825,0,9.03381024943225,-0.0258591277728825,-0.0258591277728825,-0.0258591277728825,0.0210013285642308
7.292171244769,0,0.0214216184583366,0,7.292171244769,0.0214216184583366,0.0214216184583366,0.0214216184583366,0.00787016036700002
10.6567948708008,0,0.0203455428827325,0,10.6567948708008,0.0203455428827325,0.0203455428827325,0.0203455428827325,0.0367174068081082
15.83958844307,0,0.0399832495665445,0,15.83958844307,0.0399832495665445,0.0399832495665445,0.0399832495665445,0.0130470310288665
17.7014293147066,0,0.0234372077444364,0,17.7014293147066,0.0234372077444364,0.0234372077444364,0.0234372077444364,0.0323786122878216
16.016217440795,0,-0.00369944404825601,0,16.016217440795,-0.00369944404825601,-0.00369944404825601,-0.00369944404825601,0.0376637682579198
13.5036026382197,0,0.0260526179813793,0,13.5036026382197,0.0260526179813793,0.0260526179813793,0.0260526179813793,0.0175137052055195
13.9836050997556,0,-0.0596374353307077,0,13.9836050997556,-0.0596374353307077,-0.0596374353307077,-0.0596374353307077,0.0260159424457815
11.3110693140974,0,0.00982781565554414,0,11.3110693140974,0.00982781565554414,0.00982781565554414,0.00982781565554414,0.0152975413868066
20.6083384757102,0,-0.0196913974375486,0,20.6083384757102,-0.0196913974375486,-0.0196913974375486,-0.0196913974375486,0.0564075951702511
12.3671082351961,0,0.0210231372322994,0,12.3671082351961,0.0210231372322994,0.0210231372322994,0.0210231372322994,0.0160828742749283
12.3654554745313,0,-0.0686880413546458,0,12.3654554745313,-0.0686880413546458,-0.0686880413546458,-0.0686880413546458,0.0513325050706189
19.2556223171704,0,0.0285945738844167,0,19.2556223171704,0.0285945738844167,0.0285945738844167,0.0285945738844167,0.0139726523520546
34.7312424253189,0,0.00360906084633839,0,34.7312424253189,0.00360906084633839,0.00360906084633839,0.00360906084633839,0.017575833019559
54.7209102152747,0,0.0196726221291343,0,54.7209102152747,0.0196726221291343,0.0196726221291343,0.0196726221291343,0.0109274670854921
9.76552332936977,0,0.00564706861610557,0,9.76552332936977,0.00564706861610557,0.00564706861610557,0.00564706861610557,0.022210163633412
8.22166390729103,0,0.0200227074138689,0,8.22166390729103,0.0200227074138689,0.0200227074138689,0.0200227074138689,0.0889316774406693
11.7030101268542,0,0.0664031592294417,0,11.7030101268542,0.0664031592294417,0.0664031592294417,0.0664031592294417,0.0318702419669784
7.36539602284415,0,-0.0247872150245361,0,7.36539602284415,-0.0247872150245361,-0.0247872150245361,-0.0247872150245361,0.114121672795408
9.34902839864339,0,-0.0319037471830898,0,9.34902839864339,-0.0319037471830898,-0.0319037471830898,-0.0319037471830898,0.0353702402159913
12.5616640281909,0,0.00441577973083164,0,12.5616640281909,0.00441577973083164,0.00441577973083164,0.00441577973083164,0.0138459086615911
17.9920946135937,0,0.0461862043986698,0,17.9920946135937,0.0461862043986698,0.0461862043986698,0.0461862043986698,0.0824026574709236
10.8363107906744,0,-0.028098390818107,0,10.8363107906744,-0.028098390818107,-0.028098390818107,-0.028098390818107,0.071926050301895
11.7003583105711,0,-0.00186774348468509,0,11.7003583105711,-0.00186774348468509,-0.00186774348468509,-0.00186774348468509,0.00589871207554302
14.1717804897526,0,0.027255899623745,0,14.1717804897526,0.027255899623745,0.027255899623745,0.027255899623745,0.0438772018708798
10.4916049522311,0,0.0132463173032987,0,10.4916049522311,0.0132463173032987,0.0132463173032987,0.0132463173032987,0.0267192917518445
12.491172371433,0,0.00616174807970621,0,12.491172371433,0.00616174807970621,0.00616174807970621,0.00616174807970621,0.0405245193389735
14.0579479591907,0,-0.0587492094450672,0,14.0579479591907,-0.0587492094450672,-0.0587492094450672,-0.0587492094450672,0.10091717057124
23.3384346785706,0,0.0173424537425691,0,23.3384346785706,0.0173424537425691,0.0173424537425691,0.0173424537425691,0.0189266195413323
21.0471310356801,0,0.0617673658141888,0,21.0471310356801,0.0617673658141888,0.0617673658141888,0.0617673658141888,0.047052745863464
16.8846431378076,0,0.0592246738975235,0,16.8846431378076,0.0592246738975235,0.0592246738975235,0.0592246738975235,0.0580511049145327
142.027144302285,0,0.0480428181832702,0,142.027144302285,0.0480428181832702,0.0480428181832702,0.0480428181832702,0.0151652887885014
10.8384906759069,0,-0.00221059163205814,0,10.8384906759069,-0.00221059163205814,-0.00221059163205814,-0.00221059163205814,0.0251376149245104
15.3983817607889,0,0.00875331277188317,0,15.3983817607889,0.00875331277188317,0.00875331277188317,0.00875331277188317,0.0553131630412198
14.6925462604222,0,-0.00458452472707301,0,14.6925462604222,-0.00458452472707301,-0.00458452472707301,-0.00458452472707301,0.0444254697733256
12.5310366569707,0,0.0109739413789005,0,12.5310366569707,0.0109739413789005,0.0109739413789005,0.0109739413789005,0.0301771491611757
11.0161041029769,0,-0.0031766917676102,0,11.0161041029769,-0.0031766917676102,-0.0031766917676102,-0.0031766917676102,0.0522005254908412
12.612078023469,0,-0.0597088928688878,0,12.612078023469,-0.0597088928688878,-0.0597088928688878,-0.0597088928688878,0.0322576765582896
27.9381463268887,0,-0.0196646199066465,0,27.9381463268887,-0.0196646199066465,-0.0196646199066465,-0.0196646199066465,0.0266030945529787
28.4056044215739,0,-0.0234835133541325,0,28.4056044215739,-0.0234835133541325,-0.0234835133541325,-0.0234835133541325,0.0460235649191708
9.90734158103833,0,-0.0492845659710661,0,9.90734158103833,-0.0492845659710661,-0.0492845659710661,-0.0492845659710661,0.111075738327642
14.3373106913918,0,-0.0165868652445846,0,14.3373106913918,-0.0165868652445846,-0.0165868652445846,-0.0165868652445846,0.0475684856482902
30.6714080967905,0,0.0528811458694808,0,30.6714080967905,0.0528811458694808,0.0528811458694808,0.0528811458694808,0.10594255469159
NA,NA,NA,NA,NA,NA,NA,NA,NA
3.48138260502119,0,-0.0431716232209931,0,3.48138260502119,-0.0431716232209931,-0.0431716232209931,-0.0431716232209931,0.0321818721032191
5.59197431763262,0,-0.0578220526680145,0,5.59197431763262,-0.0578220526680145,-0.0578220526680145,-0.0578220526680145,0.0290843221745671
7.10118523761685,0,-0.0285278978712163,0,7.10118523761685,-0.0285278978712163,-0.0285278978712163,-0.0285278978712163,0.0595492352872805
8.39406695268219,0,0.0167837864563465,0,8.39406695268219,0.0167837864563465,0.0167837864563465,0.0167837864563465,0.0322473662392579
6.68163411954067,0,0.0399525800720857,0,6.68163411954067,0.0399525800720857,0.0399525800720857,0.0399525800720857,0.0632642521725607
10.9419857642508,0,-0.0876235523401562,0,10.9419857642508,-0.0876235523401562,-0.0876235523401562,-0.0876235523401562,0.0336377588977628
9.567453602661,0,-0.0130573193727359,0,9.567453602661,-0.0130573193727359,-0.0130573193727359,-0.0130573193727359,0.0264340771076804
9.56764954052794,0,-0.00578932875863998,0,9.56764954052794,-0.00578932875863998,-0.00578932875863998,-0.00578932875863998,0.0288617279537588
9.58796747981615,0,0.00725905880614161,0,9.58796747981615,0.00725905880614161,0.00725905880614161,0.00725905880614161,0.0422687684348916
10.3415882006709,0,-0.0979591311963027,0,10.3415882006709,-0.0979591311963027,-0.0979591311963027,-0.0979591311963027,0.0379022425227411
9.03381024943225,0,-0.0258591277728825,0,9.03381024943225,-0.0258591277728825,-0.0258591277728825,-0.0258591277728825,0.0210013285642308
7.292171244769,0,0.0214216184583366,0,7.292171244769,0.0214216184583366,0.0214216184583366,0.0214216184583366,0.00787016036700002
10.6567948708008,0,0.0203455428827325,0,10.6567948708008,0.0203455428827325,0.0203455428827325,0.0203455428827325,0.0367174068081082
15.83958844307,0,0.0399832495665445,0,15.83958844307,0.0399832495665445,0.0399832495665445,0.0399832495665445,0.0130470310288665
17.7014293147066,0,0.0234372077444364,0,17.7014293147066,0.0234372077444364,0.0234372077444364,0.0234372077444364,0.0323786122878216
16.016217440795,0,-0.00369944404825601,0,16.016217440795,-0.00369944404825601,-0.00369944404825601,-0.00369944404825601,0.0376637682579198
13.5036026382197,0,0.0260526179813793,0,13.5036026382197,0.0260526179813793,0.0260526179813793,0.0260526179813793,0.0175137052055195
13.9836050997556,0,-0.0596374353307077,0,13.9836050997556,-0.0596374353307077,-0.0596374353307077,-0.0596374353307077,0.0260159424457815
11.3110693140974,0,0.00982781565554414,0,11.3110693140974,0.00982781565554414,0.00982781565554414,0.00982781565554414,0.0152975413868066
20.6083384757102,0,-0.0196913974375486,0,20.6083384757102,-0.0196913974375486,-0.0196913974375486,-0.0196913974375486,0.0564075951702511
12.3671082351961,0,0.0210231372322994,0,12.3671082351961,0.0210231372322994,0.0210231372322994,0.0210231372322994,0.0160828742749283
12.3654554745313,0,-0.0686880413546458,0,12.3654554745313,-0.0686880413546458,-0.0686880413546458,-0.0686880413546458,0.0513325050706189
19.2556223171704,0,0.0285945738844167,0,19.2556223171704,0.0285945738844167,0.0285945738844167,0.0285945738844167,0.0139726523520546
34.7312424253189,0,0.00360906084633839,0,34.7312424253189,0.00360906084633839,0.00360906084633839,0.00360906084633839,0.017575833019559
54.7209102152747,0,0.0196726221291343,0,54.7209102152747,0.0196726221291343,0.0196726221291343,0.0196726221291343,0.0109274670854921
9.76552332936977,0,0.00564706861610557,0,9.76552332936977,0.00564706861610557,0.00564706861610557,0.00564706861610557,0.022210163633412
8.22166390729103,0,0.0200227074138689,0,8.22166390729103,0.0200227074138689,0.0200227074138689,0.0200227074138689,0.0889316774406693
11.7030101268542,0,0.0664031592294417,0,11.7030101268542,0.0664031592294417,0.0664031592294417,0.0664031592294417,0.0318702419669784
7.36539602284415,0,-0.0247872150245361,0,7.36539602284415,-0.0247872150245361,-0.0247872150245361,-0.0247872150245361,0.114121672795408
9.34902839864339,0,-0.0319037471830898,0,9.34902839864339,-0.0319037471830898,-0.0319037471830898,-0.0319037471830898,0.0353702402159913
12.5616640281909,0,0.00441577973083164,0,12.5616640281909,0.00441577973083164,0.00441577973083164,0.00441577973083164,0.0138459086615911
17.9920946135937,0,0.0461862043986698,0,17.9920946135937,0.0461862043986698,0.0461862043986698,0.0461862043986698,0.0824026574709236
10.8363107906744,0,-0.028098390818107,0,10.8363107906744,-0.028098390818107,-0.028098390818107,-0.028098390818107,0.071926050301895
11.7003583105711,0,-0.00186774348468509,0,11.7003583105711,-0.00186774348468509,-0.00186774348468509,-0.00186774348468509,0.00589871207554302
14.1717804897526,0,0.027255899623745,0,14.1717804897526,0.027255899623745,0.027255899623745,0.027255899623745,0.0438772018708798
10.4916049522311,0,0.0132463173032987,0,10.4916049522311,0.0132463173032987,0.0132463173032987,0.0132463173032987,0.0267192917518445
12.491172371433,0,0.00616174807970621,0,12.491172371433,0.00616174807970621,0.00616174807970621,0.00616174807970621,0.0405245193389735
14.0579479591907,0,-0.0587492094450672,0,14.0579479591907,-0.0587492094450672,-0.0587492094450672,-0.0587492094450672,0.10091717057124
23.3384346785706,0,0.0173424537425691,0,23.3384346785706,0.0173424537425691,0.0173424537425691,0.0173424537425691,0.0189266195413323
21.0471310356801,0,0.0617673658141888,0,21.0471310356801,0.0617673658141888,0.0617673658141888,0.0617673658141888,0.047052745863464
16.8846431378076,0,0.0592246738975235,0,16.8846431378076,0.0592246738975235,0.0592246738975235,0.0592246738975235,0.0580511049145327
142.027144302285,0,0.0480428181832702,0,142.027144302285,0.0480428181832702,0.0480428181832702,0.0480428181832702,0.0151652887885014
10.8384906759069,0,-0.00221059163205814,0,10.8384906759069,-0.00221059163205814,-0.00221059163205814,-0.00221059163205814,0.0251376149245104
15.3983817607889,0,0.00875331277188317,0,15.3983817607889,0.00875331277188317,0.00875331277188317,0.00875331277188317,0.0553131630412198
14.6925462604222,0,-0.00458452472707301,0,14.6925462604222,-0.00458452472707301,-0.00458452472707301,-0.00458452472707301,0.0444254697733256
12.5310366569707,0,0.0109739413789005,0,12.5310366569707,0.0109739413789005,0.0109739413789005,0.0109739413789005,0.0301771491611757
11.0161041029769,0,-0.0031766917676102,0,11.0161041029769,-0.0031766917676102,-0.0031766917676102,-0.0031766917676102,0.0522005254908412
12.612078023469,0,-0.0597088928688878,0,12.612078023469,-0.0597088928688878,-0.0597088928688878,-0.0597088928688878,0.0322576765582896
27.9381463268887,0,-0.0196646199066465,0,27.9381463268887,-0.0196646199066465,-0.0196646199066465,-0.0196646199066465,0.0266030945529787
28.4056044215739,0,-0.0234835133541325,0,28.4056044215739,-0.0234835133541325,-0.0234835133541325,-0.0234835133541325,0.0460235649191708
9.90734158103833,0,-0.0492845659710661,0,9.90734158103833,-0.0492845659710661,-0.0492845659710661,-0.0492845659710661,0.111075738327642
14.3373106913918,0,-0.0165868652445846,0,14.3373106913918,-0.0165868652445846,-0.0165868652445846,-0.0165868652445846,0.0475684856482902
30.6714080967905,0,0.0528811458694808,0,30.6714080967905,0.0528811458694808,0.0528811458694808,0.0528811458694808,0.10594255469159
NA,NA,NA,NA,NA,NA,NA,NA,NA
3.48138260502119,0,-0.0431716232209931,0,3.48138260502119,-0.0431716232209931,-0.0431716232209931,-0.0431716232209931,0.0321818721032191
5.59197431763262,0,-0.0578220526680145,0,5.59197431763262,-0.0578220526680145,-0.0578220526680145,-0.0578220526680145,0.0290843221745671
7.10118523761685,0,-0.0285278978712163,0,7.10118523761685,-0.0285278978712163,-0.0285278978712163,-0.0285278978712163,0.0595492352872805
8.39406695268219,0,0.0167837864563465,0,8.39406695268219,0.0167837864563465,0.0167837864563465,0.0167837864563465,0.0322473662392579
6.68163411954067,0,0.0399525800720857,0,6.68163411954067,0.0399525800720857,0.0399525800720857,0.0399525800720857,0.0632642521725607
10.9419857642508,0,-0.0876235523401562,0,10.9419857642508,-0.0876235523401562,-0.0876235523401562,-0.0876235523401562,0.0336377588977628
9.567453602661,0,-0.0130573193727359,0,9.567453602661,-0.0130573193727359,-0.0130573193727359,-0.0130573193727359,0.0264340771076804
9.56764954052794,0,-0.00578932875863998,0,9.56764954052794,-0.00578932875863998,-0.00578932875863998,-0.00578932875863998,0.0288617279537588
9.58796747981615,0,0.00725905880614161,0,9.58796747981615,0.00725905880614161,0.00725905880614161,0.00725905880614161,0.0422687684348916
10.3415882006709,0,-0.0979591311963027,0,10.3415882006709,-0.0979591311963027,-0.0979591311963027,-0.0979591311963027,0.0379022425227411
9.03381024943225,0,-0.0258591277728825,0,9.03381024943225,-0.0258591277728825,-0.0258591277728825,-0.0258591277728825,0.0210013285642308
7.292171244769,0,0.0214216184583366,0,7.292171244769,0.0214216184583366,0.0214216184583366,0.0214216184583366,0.00787016036700002
10.6567948708008,0,0.0203455428827325,0,10.6567948708008,0.0203455428827325,0.0203455428827325,0.0203455428827325,0.0367174068081082
15.83958844307,0,0.0399832495665445,0,15.83958844307,0.0399832495665445,0.0399832495665445,0.0399832495665445,0.0130470310288665
17.7014293147066,0,0.0234372077444364,0,17.7014293147066,0.0234372077444364,0.0234372077444364,0.0234372077444364,0.0323786122878216
16.016217440795,0,-0.00369944404825601,0,16.016217440795,-0.00369944404825601,-0.00369944404825601,-0.00369944404825601,0.0376637682579198
13.5036026382197,0,0.0260526179813793,0,13.5036026382197,0.0260526179813793,0.0260526179813793,0.0260526179813793,0.0175137052055195
13.9836050997556,0,-0.0596374353307077,0,13.9836050997556,-0.0596374353307077,-0.0596374353307077,-0.0596374353307077,0.0260159424457815
11.3110693140974,0,0.00982781565554414,0,11.3110693140974,0.00982781565554414,0.00982781565554414,0.00982781565554414,0.0152975413868066
20.6083384757102,0,-0.0196913974375486,0,20.6083384757102,-0.0196913974375486,-0.0196913974375486,-0.0196913974375486,0.0564075951702511
12.3671082351961,0,0.0210231372322994,0,12.3671082351961,0.0210231372322994,0.0210231372322994,0.0210231372322994,0.0160828742749283
12.3654554745313,0,-0.0686880413546458,0,12.3654554745313,-0.0686880413546458,-0.0686880413546458,-0.0686880413546458,0.0513325050706189
19.2556223171704,0,0.0285945738844167,0,19.2556223171704,0.0285945738844167,0.0285945738844167,0.0285945738844167,0.0139726523520546
34.7312424253189,0,0.00360906084633839,0,34.7312424253189,0.00360906084633839,0.00360906084633839,0.00360906084633839,0.017575833019559
54.7209102152747,0,0.0196726221291343,0,54.7209102152747,0.0196726221291343,0.0196726221291343,0.0196726221291343,0.0109274670854921
9.76552332936977,0,0.00564706861610557,0,9.76552332936977,0.00564706861610557,0.00564706861610557,0.00564706861610557,0.022210163633412
8.22166390729103,0,0.0200227074138689,0,8.22166390729103,0.0200227074138689,0.0200227074138689,0.0200227074138689,0.0889316774406693
11.7030101268542,0,0.0664031592294417,0,11.7030101268542,0.0664031592294417,0.0664031592294417,0.0664031592294417,0.0318702419669784
7.36539602284415,0,-0.0247872150245361,0,7.36539602284415,-0.0247872150245361,-0.0247872150245361,-0.0247872150245361,0.114121672795408
9.34902839864339,0,-0.0319037471830898,0,9.34902839864339,-0.0319037471830898,-0.0319037471830898,-0.0319037471830898,0.0353702402159913
12.5616640281909,0,0.00441577973083164,0,12.5616640281909,0.00441577973083164,0.00441577973083164,0.00441577973083164,0.0138459086615911
17.9920946135937,0,0.0461862043986698,0,17.9920946135937,0.0461862043986698,0.0461862043986698,0.0461862043986698,0.0824026574709236
10.8363107906744,0,-0.028098390818107,0,10.8363107906744,-0.028098390818107,-0.028098390818107,-0.028098390818107,0.071926050301895
11.7003583105711,0,-0.00186774348468509,0,11.7003583105711,-0.00186774348468509,-0.00186774348468509,-0.00186774348468509,0.00589871207554302
14.1717804897526,0,0.027255899623745,0,14.1717804897526,0.027255899623745,0.027255899623745,0.027255899623745,0.0438772018708798
10.4916049522311,0,0.0132463173032987,0,10.4916049522311,0.0132463173032987,0.0132463173032987,0.0132463173032987,0.0267192917518445
12.491172371433,0,0.00616174807970621,0,12.491172371433,0.00616174807970621,0.00616174807970621,0.00616174807970621,0.0405245193389735
14.0579479591907,0,-0.0587492094450672,0,14.0579479591907,-0.0587492094450672,-0.0587492094450672,-0.0587492094450672,0.10091717057124
23.3384346785706,0,0.0173424537425691,0,23.3384346785706,0.0173424537425691,0.0173424537425691,0.0173424537425691,0.0189266195413323
21.0471310356801,0,0.0617673658141888,0,21.0471310356801,0.0617673658141888,0.0617673658141888,0.0617673658141888,0.047052745863464
16.8846431378076,0,0.0592246738975235,0,16.8846431378076,0.0592246738975235,0.0592246738975235,0.0592246738975235,0.0580511049145327
142.027144302285,0,0.0480428181832702,0,142.027144302285,0.0480428181832702,0.0480428181832702,0.0480428181832702,0.0151652887885014
10.8384906759069,0,-0.00221059163205814,0,10.8384906759069,-0.00221059163205814,-0.00221059163205814,-0.00221059163205814,0.0251376149245104
15.3983817607889,0,0.00875331277188317,0,15.3983817607889,0.00875331277188317,0.00875331277188317,0.00875331277188317,0.0553131630412198
14.6925462604222,0,-0.00458452472707301,0,14.6925462604222,-0.00458452472707301,-0.00458452472707301,-0.00458452472707301,0.0444254697733256
12.5310366569707,0,0.0109739413789005,0,12.5310366569707,0.0109739413789005,0.0109739413789005,0.0109739413789005,0.0301771491611757
11.0161041029769,0,-0.0031766917676102,0,11.0161041029769,-0.0031766917676102,-0.0031766917676102,-0.0031766917676102,0.0522005254908412
12.612078023469,0,-0.0597088928688878,0,12.612078023469,-0.0597088928688878,-0.0597088928688878,-0.0597088928688878,0.0322576765582896
27.9381463268887,0,-0.0196646199066465,0,27.9381463268887,-0.0196646199066465,-0.0196646199066465,-0.0196646199066465,0.0266030945529787
28.4056044215739,0,-0.0234835133541325,0,28.4056044215739,-0.0234835133541325,-0.0234835133541325,-0.0234835133541325,0.0460235649191708
9.90734158103833,0,-0.0492845659710661,0,9.90734158103833,-0.0492845659710661,-0.0492845659710661,-0.0492845659710661,0.111075738327642
14.3373106913918,0,-0.0165868652445846,0,14.3373106913918,-0.0165868652445846,-0.0165868652445846,-0.0165868652445846,0.0475684856482902
30.6714080967905,0,0.0528811458694808,0,30.6714080967905,0.0528811458694808,0.0528811458694808,0.0528811458694808,0.10594255469159
NA,NA,NA,NA,NA,NA,NA,NA,NA
3.48138260502119,0,-0.0431716232209931,0,3.48138260502119,-0.0431716232209931,-0.0431716232209931,-0.0431716232209931,0.0321818721032191
5.59197431763262,0,-0.0578220526680145,0,5.59197431763262,-0.0578220526680145,-0.0578220526680145,-0.0578220526680145,0.0290843221745671
7.10118523761685,0,-0.0285278978712163,0,7.10118523761685,-0.0285278978712163,-0.0285278978712163,-0.0285278978712163,0.0595492352872805
8.39406695268219,0,0.0167837864563465,0,8.39406695268219,0.0167837864563465,0.0167837864563465,0.0167837864563465,0.0322473662392579
6.68163411954067,0,0.0399525800720857,0,6.68163411954067,0.0399525800720857,0.0399525800720857,0.0399525800720857,0.0632642521725607
10.9419857642508,0,-0.0876235523401562,0,10.9419857642508,-0.0876235523401562,-0.0876235523401562,-0.0876235523401562,0.0336377588977628
9.567453602661,0,-0.0130573193727359,0,9.567453602661,-0.0130573193727359,-0.0130573193727359,-0.0130573193727359,0.0264340771076804
9.56764954052794,0,-0.00578932875863998,0,9.56764954052794,-0.00578932875863998,-0.00578932875863998,-0.00578932875863998,0.0288617279537588
9.58796747981615,0,0.00725905880614161,0,9.58796747981615,0.00725905880614161,0.00725905880614161,0.00725905880614161,0.0422687684348916
10.3415882006709,0,-0.0979591311963027,0,10.3415882006709,-0.0979591311963027,-0.0979591311963027,-0.0979591311963027,0.0379022425227411
9.03381024943225,0,-0.0258591277728825,0,9.03381024943225,-0.0258591277728825,-0.0258591277728825,-0.0258591277728825,0.0210013285642308
7.292171244769,0,0.0214216184583366,0,7.292171244769,0.0214216184583366,0.0214216184583366,0.0214216184583366,0.00787016036700002
10.6567948708008,0,0.0203455428827325,0,10.6567948708008,0.0203455428827325,0.0203455428827325,0.0203455428827325,0.0367174068081082
15.83958844307,0,0.0399832495665445,0,15.83958844307,0.0399832495665445,0.0399832495665445,0.0399832495665445,0.0130470310288665
17.7014293147066,0,0.0234372077444364,0,17.7014293147066,0.0234372077444364,0.0234372077444364,0.0234372077444364,0.0323786122878216
16.016217440795,0,-0.00369944404825601,0,16.016217440795,-0.00369944404825601,-0.00369944404825601,-0.00369944404825601,0.0376637682579198
13.5036026382197,0,0.0260526179813793,0,13.5036026382197,0.0260526179813793,0.0260526179813793,0.0260526179813793,0.0175137052055195
13.9836050997556,0,-0.0596374353307077,0,13.9836050997556,-0.0596374353307077,-0.0596374353307077,-0.0596374353307077,0.0260159424457815
11.3110693140974,0,0.00982781565554414,0,11.3110693140974,0.00982781565554414,0.00982781565554414,0.00982781565554414,0.0152975413868066
20.6083384757102,0,-0.0196913974375486,0,20.6083384757102,-0.0196913974375486,-0.0196913974375486,-0.0196913974375486,0.0564075951702511
12.3671082351961,0,0.0210231372322994,0,12.3671082351961,0.0210231372322994,0.0210231372322994,0.0210231372322994,0.0160828742749283
12.3654554745313,0,-0.0686880413546458,0,12.3654554745313,-0.0686880413546458,-0.0686880413546458,-0.0686880413546458,0.0513325050706189
19.2556223171704,0,0.0285945738844167,0,19.2556223171704,0.0285945738844167,0.0285945738844167,0.0285945738844167,0.0139726523520546
34.7312424253189,0,0.00360906084633839,0,34.7312424253189,0.00360906084633839,0.00360906084633839,0.00360906084633839,0.017575833019559
54.7209102152747,0,0.0196726221291343,0,54.7209102152747,0.0196726221291343,0.0196726221291343,0.0196726221291343,0.0109274670854921
9.76552332936977,0,0.00564706861610557,0,9.76552332936977,0.00564706861610557,0.00564706861610557,0.00564706861610557,0.022210163633412
8.22166390729103,0,0.0200227074138689,0,8.22166390729103,0.0200227074138689,0.0200227074138689,0.0200227074138689,0.0889316774406693
11.7030101268542,0,0.0664031592294417,0,11.7030101268542,0.0664031592294417,0.0664031592294417,0.0664031592294417,0.0318702419669784
7.36539602284415,0,-0.0247872150245361,0,7.36539602284415,-0.0247872150245361,-0.0247872150245361,-0.0247872150245361,0.114121672795408
9.34902839864339,0,-0.0319037471830898,0,9.34902839864339,-0.0319037471830898,-0.0319037471830898,-0.0319037471830898,0.0353702402159913
12.5616640281909,0,0.00441577973083164,0,12.5616640281909,0.00441577973083164,0.00441577973083164,0.00441577973083164,0.0138459086615911
17.9920946135937,0,0.0461862043986698,0,17.9920946135937,0.0461862043986698,0.0461862043986698,0.0461862043986698,0.0824026574709236
10.8363107906744,0,-0.028098390818107,0,10.8363107906744,-0.028098390818107,-0.028098390818107,-0.028098390818107,0.071926050301895
11.7003583105711,0,-0.00186774348468509,0,11.7003583105711,-0.00186774348468509,-0.00186774348468509,-0.00186774348468509,0.00589871207554302
14.1717804897526,0,0.027255899623745,0,14.1717804897526,0.027255899623745,0.027255899623745,0.027255899623745,0.0438772018708798
10.4916049522311,0,0.0132463173032987,0,10.4916049522311,0.0132463173032987,0.0132463173032987,0.0132463173032987,0.0267192917518445
12.491172371433,0,0.00616174807970621,0,12.491172371433,0.00616174807970621,0.00616174807970621,0.00616174807970621,0.0405245193389735
14.0579479591907,0,-0.0587492094450672,0,14.0579479591907,-0.0587492094450672,-0.0587492094450672,-0.0587492094450672,0.10091717057124
23.3384346785706,0,0.0173424537425691,0,23.3384346785706,0.0173424537425691,0.0173424537425691,0.0173424537425691,0.0189266195413323
21.0471310356801,0,0.0617673658141888,0,21.0471310356801,0.0617673658141888,0.0617673658141888,0.0617673658141888,0.047052745863464
16.8846431378076,0,0.0592246738975235,0,16.8846431378076,0.0592246738975235,0.0592246738975235,0.0592246738975235,0.0580511049145327
142.027144302285,0,0.0480428181832702,0,142.027144302285,0.0480428181832702,0.0480428181832702,0.0480428181832702,0.0151652887885014
10.8384906759069,0,-0.00221059163205814,0,10.8384906759069,-0.00221059163205814,-0.00221059163205814,-0.00221059163205814,0.0251376149245104
15.3983817607889,0,0.00875331277188317,0,15.3983817607889,0.00875331277188317,0.00875331277188317,0.00875331277188317,0.0553131630412198
14.6925462604222,0,-0.00458452472707301,0,14.6925462604222,-0.00458452472707301,-0.00458452472707301,-0.00458452472707301,0.0444254697733256
12.5310366569707,0,0.0109739413789005,0,12.5310366569707,0.0109739413789005,0.0109739413789005,0.0109739413789005,0.0301771491611757
11.0161041029769,0,-0.0031766917676102,0,11.0161041029769,-0.0031766917676102,-0.0031766917676102,-0.0031766917676102,0.0522005254908412
12.612078023469,0,-0.0597088928688878,0,12.612078023469,-0.0597088928688878,-0.0597088928688878,-0.0597088928688878,0.0322576765582896
27.9381463268887,0,-0.0196646199066465,0,27.9381463268887,-0.0196646199066465,-0.0196646199066465,-0.0196646199066465,0.0266030945529787
28.4056044215739,0,-0.0234835133541325,0,28.4056044215739,-0.0234835133541325,-0.0234835133541325,-0.0234835133541325,0.0460235649191708
13.4368696617468,0,0.0535402362440232,0,13.4368696617468,0.0535402362440232,0.0535402362440232,0.0535402362440232,0.0282079903838013
14.3373106913918,0,-0.0165868652445846,0,14.3373106913918,-0.0165868652445846,-0.0165868652445846,-0.0165868652445846,0.0475684856482902
30.6714080967905,0,0.0528811458694808,0,30.6714080967905,0.0528811458694808,0.0528811458694808,0.0528811458694808,0.10594255469159
NA,NA,NA,NA,NA,NA,NA,NA,NA
3.48138260502119,0,-0.0431716232209931,0,3.48138260502119,-0.0431716232209931,-0.0431716232209931,-0.0431716232209931,0.0321818721032191
5.59197431763262,0,-0.0578220526680145,0,5.59197431763262,-0.0578220526680145,-0.0578220526680145,-0.0578220526680145,0.0290843221745671
7.10118523761685,0,-0.0285278978712163,0,7.10118523761685,-0.0285278978712163,-0.0285278978712163,-0.0285278978712163,0.0595492352872805
8.39406695268219,0,0.0167837864563465,0,8.39406695268219,0.0167837864563465,0.0167837864563465,0.0167837864563465,0.0322473662392579
6.68163411954067,0,0.0399525800720857,0,6.68163411954067,0.0399525800720857,0.0399525800720857,0.0399525800720857,0.0632642521725607
10.9419857642508,0,-0.0876235523401562,0,10.9419857642508,-0.0876235523401562,-0.0876235523401562,-0.0876235523401562,0.0336377588977628
9.567453602661,0,-0.0130573193727359,0,9.567453602661,-0.0130573193727359,-0.0130573193727359,-0.0130573193727359,0.0264340771076804
9.56764954052794,0,-0.00578932875863998,0,9.56764954052794,-0.00578932875863998,-0.00578932875863998,-0.00578932875863998,0.0288617279537588
9.58796747981615,0,0.00725905880614161,0,9.58796747981615,0.00725905880614161,0.00725905880614161,0.00725905880614161,0.0422687684348916
10.3415882006709,0,-0.0979591311963027,0,10.3415882006709,-0.0979591311963027,-0.0979591311963027,-0.0979591311963027,0.0379022425227411
9.03381024943225,0,-0.0258591277728825,0,9.03381024943225,-0.0258591277728825,-0.0258591277728825,-0.0258591277728825,0.0210013285642308
7.292171244769,0,0.0214216184583366,0,7.292171244769,0.0214216184583366,0.0214216184583366,0.0214216184583366,0.00787016036700002
10.6567948708008,0,0.0203455428827325,0,10.6567948708008,0.0203455428827325,0.0203455428827325,0.0203455428827325,0.0367174068081082
15.83958844307,0,0.0399832495665445,0,15.83958844307,0.0399832495665445,0.0399832495665445,0.0399832495665445,0.0130470310288665
17.7014293147066,0,0.0234372077444364,0,17.7014293147066,0.0234372077444364,0.0234372077444364,0.0234372077444364,0.0323786122878216
16.016217440795,0,-0.00369944404825601,0,16.016217440795,-0.00369944404825601,-0.00369944404825601,-0.00369944404825601,0.0376637682579198
13.5036026382197,0,0.0260526179813793,0,13.5036026382197,0.0260526179813793,0.0260526179813793,0.0260526179813793,0.0175137052055195
13.9836050997556,0,-0.0596374353307077,0,13.9836050997556,-0.0596374353307077,-0.0596374353307077,-0.0596374353307077,0.0260159424457815
11.3110693140974,0,0.00982781565554414,0,11.3110693140974,0.00982781565554414,0.00982781565554414,0.00982781565554414,0.0152975413868066
20.6083384757102,0,-0.0196913974375486,0,20.6083384757102,-0.0196913974375486,-0.0196913974375486,-0.0196913974375486,0.0564075951702511
12.3671082351961,0,0.0210231372322994,0,12.3671082351961,0.0210231372322994,0.0210231372322994,0.0210231372322994,0.0160828742749283
12.3654554745313,0,-0.0686880413546458,0,12.3654554745313,-0.0686880413546458,-0.0686880413546458,-0.0686880413546458,0.0513325050706189
19.2556223171704,0,0.0285945738844167,0,19.2556223171704,0.0285945738844167,0.0285945738844167,0.0285945738844167,0.0139726523520546
34.7312424253189,0,0.00360906084633839,0,34.7312424253189,0.00360906084633839,0.00360906084633839,0.00360906084633839,0.017575833019559
54.7209102152747,0,0.0196726221291343,0,54.7209102152747,0.0196726221291343,0.0196726221291343,0.0196726221291343,0.0109274670854921
9.76552332936977,0,0.00564706861610557,0,9.76552332936977,0.00564706861610557,0.00564706861610557,0.00564706861610557,0.022210163633412
8.22166390729103,0,0.0200227074138689,0,8.22166390729103,0.0200227074138689,0.0200227074138689,0.0200227074138689,0.0889316774406693
11.7030101268542,0,0.0664031592294417,0,11.7030101268542,0.0664031592294417,0.0664031592294417,0.0664031592294417,0.0318702419669784
7.36539602284415,0,-0.0247872150245361,0,7.36539602284415,-0.0247872150245361,-0.0247872150245361,-0.0247872150245361,0.114121672795408
9.34902839864339,0,-0.0319037471830898,0,9.34902839864339,-0.0319037471830898,-0.0319037471830898,-0.0319037471830898,0.0353702402159913
12.5616640281909,0,0.00441577973083164,0,12.5616640281909,0.00441577973083164,0.00441577973083164,0.00441577973083164,0.0138459086615911
17.9920946135937,0,0.0461862043986698,0,17.9920946135937,0.0461862043986698,0.0461862043986698,0.0461862043986698,0.0824026574709236
10.8363107906744,0,-0.028098390818107,0,10.8363107906744,-0.028098390818107,-0.028098390818107,-0.028098390818107,0.071926050301895
11.7003583105711,0,-0.00186774348468509,0,11.7003583105711,-0.00186774348468509,-0.00186774348468509,-0.00186774348468509,0.00589871207554302
14.1717804897526,0,0.027255899623745,0,14.1717804897526,0.027255899623745,0.027255899623745,0.027255899623745,0.0438772018708798
10.4916049522311,0,0.0132463173032987,0,10.4916049522311,0.0132463173032987,0.0132463173032987,0.0132463173032987,0.0267192917518445
12.491172371433,0,0.00616174807970621,0,12.491172371433,0.00616174807970621,0.00616174807970621,0.00616174807970621,0.0405245193389735
14.0579479591907,0,-0.0587492094450672,0,14.0579479591907,-0.0587492094450672,-0.0587492094450672,-0.0587492094450672,0.10091717057124
23.3384346785706,0,0.0173424537425691,0,23.3384346785706,0.0173424537425691,0.0173424537425691,0.0173424537425691,0.0189266195413323
21.0471310356801,0,0.0617673658141888,0,21.0471310356801,0.0617673658141888,0.0617673658141888,0.0617673658141888,0.047052745863464
16.8846431378076,0,0.0592246738975235,0,16.8846431378076,0.0592246738975235,0.0592246738975235,0.0592246738975235,0.0580511049145327
142.027144302285,0,0.0480428181832702,0,142.027144302285,0.0480428181832702,0.0480428181832702,0.0480428181832702,0.0151652887885014
10.8384906759069,0,-0.00221059163205814,0,10.8384906759069,-0.00221059163205814,-0.00221059163205814,-0.00221059163205814,0.0251376149245104
15.3983817607889,0,0.00875331277188317,0,15.3983817607889,0.00875331277188317,0.00875331277188317,0.00875331277188317,0.0553131630412198
14.6925462604222,0,-0.00458452472707301,0,14.6925462604222,-0.00458452472707301,-0.00458452472707301,-0.00458452472707301,0.0444254697733256
12.5310366569707,0,0.0109739413789005,0,12.5310366569707,0.0109739413789005,0.0109739413789005,0.0109739413789005,0.0301771491611757
11.0161041029769,0,-0.0031766917676102,0,11.0161041029769,-0.0031766917676102,-0.0031766917676102,-0.0031766917676102,0.0522005254908412
12.612078023469,0,-0.0597088928688878,0,12.612078023469,-0.0597088928688878,-0.0597088928688878,-0.0597088928688878,0.0322576765582896
27.9381463268887,0,-0.0196646199066465,0,27.9381463268887,-0.0196646199066465,-0.0196646199066465,-0.0196646199066465,0.0266030945529787
28.4056044215739,0,-0.0234835133541325,0,28.4056044215739,-0.0234835133541325,-0.0234835133541325,-0.0234835133541325,0.0460235649191708
13.4368696617468,0,0.0535402362440232,0,13.4368696617468,0.0535402362440232,0.0535402362440232,0.0535402362440232,0.0282079903838013
14.3373106913918,0,-0.0165868652445846,0,14.3373106913918,-0.0165868652445846,-0.0165868652445846,-0.0165868652445846,0.0475684856482902
30.6714080967905,0,0.0528811458694808,0,30.6714080967905,0.0528811458694808,0.0528811458694808,0.0528811458694808,0.10594255469159
NA,NA,NA,NA,NA,NA,NA,NA,NA
3.48138260502119,0,-0.0431716232209931,0,3.48138260502119,-0.0431716232209931,-0.0431716232209931,-0.0431716232209931,0.0321818721032191
5.59197431763262,0,-0.0578220526680145,0,5.59197431763262,-0.0578220526680145,-0.0578220526680145,-0.0578220526680145,0.0290843221745671
7.10118523761685,0,-0.0285278978712163,0,7.10118523761685,-0.0285278978712163,-0.0285278978712163,-0.0285278978712163,0.0595492352872805
8.39406695268219,0,0.0167837864563465,0,8.39406695268219,0.0167837864563465,0.0167837864563465,0.0167837864563465,0.0322473662392579
6.68163411954067,0,0.0399525800720857,0,6.68163411954067,0.0399525800720857,0.0399525800720857,0.0399525800720857,0.0632642521725607
10.9419857642508,0,-0.0876235523401562,0,10.9419857642508,-0.0876235523401562,-0.0876235523401562,-0.0876235523401562,0.0336377588977628
9.567453602661,0,-0.0130573193727359,0,9.567453602661,-0.0130573193727359,-0.0130573193727359,-0.0130573193727359,0.0264340771076804
9.56764954052794,0,-0.00578932875863998,0,9.56764954052794,-0.00578932875863998,-0.00578932875863998,-0.00578932875863998,0.0288617279537588
9.58796747981615,0,0.00725905880614161,0,9.58796747981615,0.00725905880614161,0.00725905880614161,0.00725905880614161,0.0422687684348916
10.3415882006709,0,-0.0979591311963027,0,10.3415882006709,-0.0979591311963027,-0.0979591311963027,-0.0979591311963027,0.0379022425227411
9.03381024943225,0,-0.0258591277728825,0,9.03381024943225,-0.0258591277728825,-0.0258591277728825,-0.0258591277728825,0.0210013285642308
7.292171244769,0,0.0214216184583366,0,7.292171244769,0.0214216184583366,0.0214216184583366,0.0214216184583366,0.00787016036700002
10.6567948708008,0,0.0203455428827325,0,10.6567948708008,0.0203455428827325,0.0203455428827325,0.0203455428827325,0.0367174068081082
15.83958844307,0,0.0399832495665445,0,15.83958844307,0.0399832495665445,0.0399832495665445,0.0399832495665445,0.0130470310288665
17.7014293147066,0,0.0234372077444364,0,17.7014293147066,0.0234372077444364,0.0234372077444364,0.0234372077444364,0.0323786122878216
16.016217440795,0,-0.00369944404825601,0,16.016217440795,-0.00369944404825601,-0.00369944404825601,-0.00369944404825601,0.0376637682579198
13.5036026382197,0,0.0260526179813793,0,13.5036026382197,0.0260526179813793,0.0260526179813793,0.0260526179813793,0.0175137052055195
13.9836050997556,0,-0.0596374353307077,0,13.9836050997556,-0.0596374353307077,-0.0596374353307077,-0.0596374353307077,0.0260159424457815
11.3110693140974,0,0.00982781565554414,0,11.3110693140974,0.00982781565554414,0.00982781565554414,0.00982781565554414,0.0152975413868066
20.6083384757102,0,-0.0196913974375486,0,20.6083384757102,-0.0196913974375486,-0.0196913974375486,-0.0196913974375486,0.0564075951702511
12.3671082351961,0,0.0210231372322994,0,12.3671082351961,0.0210231372322994,0.0210231372322994,0.0210231372322994,0.0160828742749283
12.3654554745313,0,-0.0686880413546458,0,12.3654554745313,-0.0686880413546458,-0.0686880413546458,-0.0686880413546458,0.0513325050706189
19.2556223171704,0,0.0285945738844167,0,19.2556223171704,0.0285945738844167,0.0285945738844167,0.0285945738844167,0.0139726523520546
34.7312424253189,0,0.00360906084633839,0,34.7312424253189,0.00360906084633839,0.00360906084633839,0.00360906084633839,0.017575833019559
54.7209102152747,0,0.0196726221291343,0,54.7209102152747,0.0196726221291343,0.0196726221291343,0.0196726221291343,0.0109274670854921
9.76552332936977,0,0.00564706861610557,0,9.76552332936977,0.00564706861610557,0.00564706861610557,0.00564706861610557,0.022210163633412
8.22166390729103,0,0.0200227074138689,0,8.22166390729103,0.0200227074138689,0.0200227074138689,0.0200227074138689,0.0889316774406693
11.7030101268542,0,0.0664031592294417,0,11.7030101268542,0.0664031592294417,0.0664031592294417,0.0664031592294417,0.0318702419669784
7.36539602284415,0,-0.0247872150245361,0,7.36539602284415,-0.0247872150245361,-0.0247872150245361,-0.0247872150245361,0.114121672795408
9.34902839864339,0,-0.0319037471830898,0,9.34902839864339,-0.0319037471830898,-0.0319037471830898,-0.0319037471830898,0.0353702402159913
12.5616640281909,0,0.00441577973083164,0,12.5616640281909,0.00441577973083164,0.00441577973083164,0.00441577973083164,0.0138459086615911
17.9920946135937,0,0.0461862043986698,0,17.9920946135937,0.0461862043986698,0.0461862043986698,0.0461862043986698,0.0824026574709236
10.8363107906744,0,-0.028098390818107,0,10.8363107906744,-0.028098390818107,-0.028098390818107,-0.028098390818107,0.071926050301895
11.7003583105711,0,-0.00186774348468509,0,11.7003583105711,-0.00186774348468509,-0.00186774348468509,-0.00186774348468509,0.00589871207554302
14.1717804897526,0,0.027255899623745,0,14.1717804897526,0.027255899623745,0.027255899623745,0.027255899623745,0.0438772018708798
10.4916049522311,0,0.0132463173032987,0,10.4916049522311,0.0132463173032987,0.0132463173032987,0.0132463173032987,0.0267192917518445
12.491172371433,0,0.00616174807970621,0,12.491172371433,0.00616174807970621,0.00616174807970621,0.00616174807970621,0.0405245193389735
14.0579479591907,0,-0.0587492094450672,0,14.0579479591907,-0.0587492094450672,-0.0587492094450672,-0.0587492094450672,0.10091717057124
23.3384346785706,0,0.0173424537425691,0,23.3384346785706,0.0173424537425691,0.0173424537425691,0.0173424537425691,0.0189266195413323
21.0471310356801,0,0.0617673658141888,0,21.0471310356801,0.0617673658141888,0.0617673658141888,0.0617673658141888,0.047052745863464
16.8846431378076,0,0.0592246738975235,0,16.8846431378076,0.0592246738975235,0.0592246738975235,0.0592246738975235,0.0580511049145327
142.027144302285,0,0.0480428181832702,0,142.027144302285,0.0480428181832702,0.0480428181832702,0.0480428181832702,0.0151652887885014
10.8384906759069,0,-0.00221059163205814,0,10.8384906759069,-0.00221059163205814,-0.00221059163205814,-0.00221059163205814,0.0251376149245104
15.3983817607889,0,0.00875331277188317,0,15.3983817607889,0.00875331277188317,0.00875331277188317,0.00875331277188317,0.0553131630412198
14.6925462604222,0,-0.00458452472707301,0,14.6925462604222,-0.00458452472707301,-0.00458452472707301,-0.00458452472707301,0.0444254697733256
12.5310366569707,0,0.0109739413789005,0,12.5310366569707,0.0109739413789005,0.0109739413789005,0.0109739413789005,0.0301771491611757
11.0161041029769,0,-0.0031766917676102,0,11.0161041029769,-0.0031766917676102,-0.0031766917676102,-0.0031766917676102,0.0522005254908412
12.612078023469,0,-0.0597088928688878,0,12.612078023469,-0.0597088928688878,-0.0597088928688878,-0.0597088928688878,0.0322576765582896
27.9381463268887,0,-0.0196646199066465,0,27.9381463268887,-0.0196646199066465,-0.0196646199066465,-0.0196646199066465,0.0266030945529787
28.4056044215739,0,-0.0234835133541325,0,28.4056044215739,-0.0234835133541325,-0.0234835133541325,-0.0234835133541325,0.0460235649191708
13.4368696617468,0,0.0535402362440232,0,13.4368696617468,0.0535402362440232,0.0535402362440232,0.0535402362440232,0.0282079903838013
14.3373106913918,0,-0.0165868652445846,0,14.3373106913918,-0.0165868652445846,-0.0165868652445846,-0.0165868652445846,0.0475684856482902
30.6714080967905,0,0.0528811458694808,0,30.6714080967905,0.0528811458694808,0.0528811458694808,0.0528811458694808,0.10594255469159
NA,NA,NA,NA,NA,NA,NA,NA,NA
3.48138260502119,0,-0.0431716232209931,0,3.48138260502119,-0.0431716232209931,-0.0431716232209931,-0.0431716232209931,0.0321818721032191
5.59197431763262,0,-0.0578220526680145,0,5.59197431763262,-0.0578220526680145,-0.0578220526680145,-0.0578220526680145,0.0290843221745671
7.10118523761685,0,-0.0285278978712163,0,7.10118523761685,-0.0285278978712163,-0.0285278978712163,-0.0285278978712163,0.0595492352872805
8.39406695268219,0,0.0167837864563465,0,8.39406695268219,0.0167837864563465,0.0167837864563465,0.0167837864563465,0.0322473662392579
6.68163411954067,0,0.0399525800720857,0,6.68163411954067,0.0399525800720857,0.0399525800720857,0.0399525800720857,0.0632642521725607
10.9419857642508,0,-0.0876235523401562,0,10.9419857642508,-0.0876235523401562,-0.0876235523401562,-0.0876235523401562,0.0336377588977628
9.567453602661,0,-0.0130573193727359,0,9.567453602661,-0.0130573193727359,-0.0130573193727359,-0.0130573193727359,0.0264340771076804
9.56764954052794,0,-0.00578932875863998,0,9.56764954052794,-0.00578932875863998,-0.00578932875863998,-0.00578932875863998,0.0288617279537588
9.58796747981615,0,0.00725905880614161,0,9.58796747981615,0.00725905880614161,0.00725905880614161,0.00725905880614161,0.0422687684348916
10.3415882006709,0,-0.0979591311963027,0,10.3415882006709,-0.0979591311963027,-0.0979591311963027,-0.0979591311963027,0.0379022425227411
9.03381024943225,0,-0.0258591277728825,0,9.03381024943225,-0.0258591277728825,-0.0258591277728825,-0.0258591277728825,0.0210013285642308
7.292171244769,0,0.0214216184583366,0,7.292171244769,0.0214216184583366,0.0214216184583366,0.0214216184583366,0.00787016036700002
10.6567948708008,0,0.0203455428827325,0,10.6567948708008,0.0203455428827325,0.0203455428827325,0.0203455428827325,0.0367174068081082
15.83958844307,0,0.0399832495665445,0,15.83958844307,0.0399832495665445,0.0399832495665445,0.0399832495665445,0.0130470310288665
17.7014293147066,0,0.0234372077444364,0,17.7014293147066,0.0234372077444364,0.0234372077444364,0.0234372077444364,0.0323786122878216
16.016217440795,0,-0.00369944404825601,0,16.016217440795,-0.00369944404825601,-0.00369944404825601,-0.00369944404825601,0.0376637682579198
13.5036026382197,0,0.0260526179813793,0,13.5036026382197,0.0260526179813793,0.0260526179813793,0.0260526179813793,0.0175137052055195
13.9836050997556,0,-0.0596374353307077,0,13.9836050997556,-0.0596374353307077,-0.0596374353307077,-0.0596374353307077,0.0260159424457815
11.3110693140974,0,0.00982781565554414,0,11.3110693140974,0.00982781565554414,0.00982781565554414,0.00982781565554414,0.0152975413868066
20.6083384757102,0,-0.0196913974375486,0,20.6083384757102,-0.0196913974375486,-0.0196913974375486,-0.0196913974375486,0.0564075951702511
12.3671082351961,0,0.0210231372322994,0,12.3671082351961,0.0210231372322994,0.0210231372322994,0.0210231372322994,0.0160828742749283
12.3654554745313,0,-0.0686880413546458,0,12.3654554745313,-0.0686880413546458,-0.0686880413546458,-0.0686880413546458,0.0513325050706189
19.2556223171704,0,0.0285945738844167,0,19.2556223171704,0.0285945738844167,0.0285945738844167,0.0285945738844167,0.0139726523520546
34.7312424253189,0,0.00360906084633839,0,34.7312424253189,0.00360906084633839,0.00360906084633839,0.00360906084633839,0.017575833019559
54.7209102152747,0,0.0196726221291343,0,54.7209102152747,0.0196726221291343,0.0196726221291343,0.0196726221291343,0.0109274670854921
9.76552332936977,0,0.00564706861610557,0,9.76552332936977,0.00564706861610557,0.00564706861610557,0.00564706861610557,0.022210163633412
8.22166390729103,0,0.0200227074138689,0,8.22166390729103,0.0200227074138689,0.0200227074138689,0.0200227074138689,0.0889316774406693
11.7030101268542,0,0.0664031592294417,0,11.7030101268542,0.0664031592294417,0.0664031592294417,0.0664031592294417,0.0318702419669784
7.36539602284415,0,-0.0247872150245361,0,7.36539602284415,-0.0247872150245361,-0.0247872150245361,-0.0247872150245361,0.114121672795408
9.34902839864339,0,-0.0319037471830898,0,9.34902839864339,-0.0319037471830898,-0.0319037471830898,-0.0319037471830898,0.0353702402159913
12.5616640281909,0,0.00441577973083164,0,12.5616640281909,0.00441577973083164,0.00441577973083164,0.00441577973083164,0.0138459086615911
17.9920946135937,0,0.0461862043986698,0,17.9920946135937,0.0461862043986698,0.0461862043986698,0.0461862043986698,0.0824026574709236
10.8363107906744,0,-0.028098390818107,0,10.8363107906744,-0.028098390818107,-0.028098390818107,-0.028098390818107,0.071926050301895
11.7003583105711,0,-0.00186774348468509,0,11.7003583105711,-0.00186774348468509,-0.00186774348468509,-0.00186774348468509,0.00589871207554302
14.1717804897526,0,0.027255899623745,0,14.1717804897526,0.027255899623745,0.027255899623745,0.027255899623745,0.0438772018708798
10.4916049522311,0,0.0132463173032987,0,10.4916049522311,0.0132463173032987,0.0132463173032987,0.0132463173032987,0.0267192917518445
12.491172371433,0,0.00616174807970621,0,12.491172371433,0.00616174807970621,0.00616174807970621,0.00616174807970621,0.0405245193389735
14.0579479591907,0,-0.0587492094450672,0,14.0579479591907,-0.0587492094450672,-0.0587492094450672,-0.0587492094450672,0.10091717057124
23.3384346785706,0,0.0173424537425691,0,23.3384346785706,0.0173424537425691,0.0173424537425691,0.0173424537425691,0.0189266195413323
21.0471310356801,0,0.0617673658141888,0,21.0471310356801,0.0617673658141888,0.0617673658141888,0.0617673658141888,0.047052745863464
16.8846431378076,0,0.0592246738975235,0,16.8846431378076,0.0592246738975235,0.0592246738975235,0.0592246738975235,0.0580511049145327
142.027144302285,0,0.0480428181832702,0,142.027144302285,0.0480428181832702,0.0480428181832702,0.0480428181832702,0.0151652887885014
10.8384906759069,0,-0.00221059163205814,0,10.8384906759069,-0.00221059163205814,-0.00221059163205814,-0.00221059163205814,0.0251376149245104
15.3983817607889,0,0.00875331277188317,0,15.3983817607889,0.00875331277188317,0.00875331277188317,0.00875331277188317,0.0553131630412198
14.6925462604222,0,-0.00458452472707301,0,14.6925462604222,-0.00458452472707301,-0.00458452472707301,-0.00458452472707301,0.0444254697733256
12.5310366569707,0,0.0109739413789005,0,12.5310366569707,0.0109739413789005,0.0109739413789005,0.0109739413789005,0.0301771491611757
11.0161041029769,0,-0.0031766917676102,0,11.0161041029769,-0.0031766917676102,-0.0031766917676102,-0.0031766917676102,0.0522005254908412
12.612078023469,0,-0.0597088928688878,0,12.612078023469,-0.0597088928688878,-0.0597088928688878,-0.0597088928688878,0.0322576765582896
27.9381463268887,0,-0.0196646199066465,0,27.9381463268887,-0.0196646199066465,-0.0196646199066465,-0.0196646199066465,0.0266030945529787
28.4056044215739,0,-0.0234835133541325,0,28.4056044215739,-0.0234835133541325,-0.0234835133541325,-0.0234835133541325,0.0460235649191708
13.4368696617468,0,0.0535402362440232,0,13.4368696617468,0.0535402362440232,0.0535402362440232,0.0535402362440232,0.0282079903838013
14.3373106913918,0,-0.0165868652445846,0,14.3373106913918,-0.0165868652445846,-0.0165868652445846,-0.0165868652445846,0.0475684856482902
30.6714080967905,0,0.0528811458694808,0,30.6714080967905,0.0528811458694808,0.0528811458694808,0.0528811458694808,0.10594255469159
NA,NA,NA,NA,NA,NA,NA,NA,NA
3.48138260502119,0,-0.0431716232209931,0,3.48138260502119,-0.0431716232209931,-0.0431716232209931,-0.0431716232209931,0.0321818721032191
5.59197431763262,0,-0.0578220526680145,0,5.59197431763262,-0.0578220526680145,-0.0578220526680145,-0.0578220526680145,0.0290843221745671
7.10118523761685,0,-0.0285278978712163,0,7.10118523761685,-0.0285278978712163,-0.0285278978712163,-0.0285278978712163,0.0595492352872805
8.39406695268219,0,0.0167837864563465,0,8.39406695268219,0.0167837864563465,0.0167837864563465,0.0167837864563465,0.0322473662392579
6.68163411954067,0,0.0399525800720857,0,6.68163411954067,0.0399525800720857,0.0399525800720857,0.0399525800720857,0.0632642521725607
10.9419857642508,0,-0.0876235523401562,0,10.9419857642508,-0.0876235523401562,-0.0876235523401562,-0.0876235523401562,0.0336377588977628
9.567453602661,0,-0.0130573193727359,0,9.567453602661,-0.0130573193727359,-0.0130573193727359,-0.0130573193727359,0.0264340771076804
9.56764954052794,0,-0.00578932875863998,0,9.56764954052794,-0.00578932875863998,-0.00578932875863998,-0.00578932875863998,0.0288617279537588
9.58796747981615,0,0.00725905880614161,0,9.58796747981615,0.00725905880614161,0.00725905880614161,0.00725905880614161,0.0422687684348916
10.3415882006709,0,-0.0979591311963027,0,10.3415882006709,-0.0979591311963027,-0.0979591311963027,-0.0979591311963027,0.0379022425227411
9.03381024943225,0,-0.0258591277728825,0,9.03381024943225,-0.0258591277728825,-0.0258591277728825,-0.0258591277728825,0.0210013285642308
7.292171244769,0,0.0214216184583366,0,7.292171244769,0.0214216184583366,0.0214216184583366,0.0214216184583366,0.00787016036700002
10.6567948708008,0,0.0203455428827325,0,10.6567948708008,0.0203455428827325,0.0203455428827325,0.0203455428827325,0.0367174068081082
15.83958844307,0,0.0399832495665445,0,15.83958844307,0.0399832495665445,0.0399832495665445,0.0399832495665445,0.0130470310288665
17.7014293147066,0,0.0234372077444364,0,17.7014293147066,0.0234372077444364,0.0234372077444364,0.0234372077444364,0.0323786122878216
16.016217440795,0,-0.00369944404825601,0,16.016217440795,-0.00369944404825601,-0.00369944404825601,-0.00369944404825601,0.0376637682579198
13.5036026382197,0,0.0260526179813793,0,13.5036026382197,0.0260526179813793,0.0260526179813793,0.0260526179813793,0.0175137052055195
13.9836050997556,0,-0.0596374353307077,0,13.9836050997556,-0.0596374353307077,-0.0596374353307077,-0.0596374353307077,0.0260159424457815
11.3110693140974,0,0.00982781565554414,0,11.3110693140974,0.00982781565554414,0.00982781565554414,0.00982781565554414,0.0152975413868066
20.6083384757102,0,-0.0196913974375486,0,20.6083384757102,-0.0196913974375486,-0.0196913974375486,-0.0196913974375486,0.0564075951702511
12.3671082351961,0,0.0210231372322994,0,12.3671082351961,0.0210231372322994,0.0210231372322994,0.0210231372322994,0.0160828742749283
12.3654554745313,0,-0.0686880413546458,0,12.3654554745313,-0.0686880413546458,-0.0686880413546458,-0.0686880413546458,0.0513325050706189
19.2556223171704,0,0.0285945738844167,0,19.2556223171704,0.0285945738844167,0.0285945738844167,0.0285945738844167,0.0139726523520546
34.7312424253189,0,0.00360906084633839,0,34.7312424253189,0.00360906084633839,0.00360906084633839,0.00360906084633839,0.017575833019559
54.7209102152747,0,0.0196726221291343,0,54.7209102152747,0.0196726221291343,0.0196726221291343,0.0196726221291343,0.0109274670854921
9.76552332936977,0,0.00564706861610557,0,9.76552332936977,0.00564706861610557,0.00564706861610557,0.00564706861610557,0.022210163633412
8.22166390729103,0,0.0200227074138689,0,8.22166390729103,0.0200227074138689,0.0200227074138689,0.0200227074138689,0.0889316774406693
11.7030101268542,0,0.0664031592294417,0,11.7030101268542,0.0664031592294417,0.0664031592294417,0.0664031592294417,0.0318702419669784
7.36539602284415,0,-0.0247872150245361,0,7.36539602284415,-0.0247872150245361,-0.0247872150245361,-0.0247872150245361,0.114121672795408
9.34902839864339,0,-0.0319037471830898,0,9.34902839864339,-0.0319037471830898,-0.0319037471830898,-0.0319037471830898,0.0353702402159913
12.5616640281909,0,0.00441577973083164,0,12.5616640281909,0.00441577973083164,0.00441577973083164,0.00441577973083164,0.0138459086615911
17.9920946135937,0,0.0461862043986698,0,17.9920946135937,0.0461862043986698,0.0461862043986698,0.0461862043986698,0.0824026574709236
10.8363107906744,0,-0.028098390818107,0,10.8363107906744,-0.028098390818107,-0.028098390818107,-0.028098390818107,0.071926050301895
11.7003583105711,0,-0.00186774348468509,0,11.7003583105711,-0.00186774348468509,-0.00186774348468509,-0.00186774348468509,0.00589871207554302
14.1717804897526,0,0.027255899623745,0,14.1717804897526,0.027255899623745,0.027255899623745,0.027255899623745,0.0438772018708798
10.4916049522311,0,0.0132463173032987,0,10.4916049522311,0.0132463173032987,0.0132463173032987,0.0132463173032987,0.0267192917518445
12.491172371433,0,0.00616174807970621,0,12.491172371433,0.00616174807970621,0.00616174807970621,0.00616174807970621,0.0405245193389735
14.0579479591907,0,-0.0587492094450672,0,14.0579479591907,-0.0587492094450672,-0.0587492094450672,-0.0587492094450672,0.10091717057124
23.3384346785706,0,0.0173424537425691,0,23.3384346785706,0.0173424537425691,0.0173424537425691,0.0173424537425691,0.0189266195413323
21.0471310356801,0,0.0617673658141888,0,21.0471310356801,0.0617673658141888,0.0617673658141888,0.0617673658141888,0.047052745863464
16.8846431378076,0,0.0592246738975235,0,16.8846431378076,0.0592246738975235,0.0592246738975235,0.0592246738975235,0.0580511049145327
142.027144302285,0,0.0480428181832702,0,142.027144302285,0.0480428181832702,0.0480428181832702,0.0480428181832702,0.0151652887885014
10.8384906759069,0,-0.00221059163205814,0,10.8384906759069,-0.00221059163205814,-0.00221059163205814,-0.00221059163205814,0.0251376149245104
15.3983817607889,0,0.00875331277188317,0,15.3983817607889,0.00875331277188317,0.00875331277188317,0.00875331277188317,0.0553131630412198
14.6925462604222,0,-0.00458452472707301,0,14.6925462604222,-0.00458452472707301,-0.00458452472707301,-0.00458452472707301,0.0444254697733256
12.5310366569707,0,0.0109739413789005,0,12.5310366569707,0.0109739413789005,0.0109739413789005,0.0109739413789005,0.0301771491611757
11.0161041029769,0,-0.0031766917676102,0,11.0161041029769,-0.0031766917676102,-0.0031766917676102,-0.0031766917676102,0.0522005254908412
12.612078023469,0,-0.0597088928688878,0,12.612078023469,-0.0597088928688878,-0.0597088928688878,-0.0597088928688878,0.0322576765582896
27.9381463268887,0,-0.0196646199066465,0,27.9381463268887,-0.0196646199066465,-0.0196646199066465,-0.0196646199066465,0.0266030945529787
28.4056044215739,0,-0.0234835133541325,0,28.4056044215739,-0.0234835133541325,-0.0234835133541325,-0.0234835133541325,0.0460235649191708
13.4368696617468,0,0.0535402362440232,0,13.4368696617468,0.0535402362440232,0.0535402362440232,0.0535402362440232,0.0282079903838013
14.3373106913918,0,-0.0165868652445846,0,14.3373106913918,-0.0165868652445846,-0.0165868652445846,-0.0165868652445846,0.0475684856482902
30.6714080967905,0,0.0528811458694808,0,30.6714080967905,0.0528811458694808,0.0528811458694808,0.0528811458694808,0.10594255469159
NA,NA,NA,NA,NA,NA,NA,NA,NA
3.48138260502119,0,-0.0431716232209931,0,3.48138260502119,-0.0431716232209931,-0.0431716232209931,-0.0431716232209931,0.0321818721032191
5.59197431763262,0,-0.0578220526680145,0,5.59197431763262,-0.0578220526680145,-0.0578220526680145,-0.0578220526680145,0.0290843221745671
7.10118523761685,0,-0.0285278978712163,0,7.10118523761685,-0.0285278978712163,-0.0285278978712163,-0.0285278978712163,0.0595492352872805
8.39406695268219,0,0.0167837864563465,0,8.39406695268219,0.0167837864563465,0.0167837864563465,0.0167837864563465,0.0322473662392579
6.68163411954067,0,0.0399525800720857,0,6.68163411954067,0.0399525800720857,0.0399525800720857,0.0399525800720857,0.0632642521725607
10.9419857642508,0,-0.0876235523401562,0,10.9419857642508,-0.0876235523401562,-0.0876235523401562,-0.0876235523401562,0.0336377588977628
9.567453602661,0,-0.0130573193727359,0,9.567453602661,-0.0130573193727359,-0.0130573193727359,-0.0130573193727359,0.0264340771076804
9.56764954052794,0,-0.00578932875863998,0,9.56764954052794,-0.00578932875863998,-0.00578932875863998,-0.00578932875863998,0.0288617279537588
9.58796747981615,0,0.00725905880614161,0,9.58796747981615,0.00725905880614161,0.00725905880614161,0.00725905880614161,0.0422687684348916
10.3415882006709,0,-0.0979591311963027,0,10.3415882006709,-0.0979591311963027,-0.0979591311963027,-0.0979591311963027,0.0379022425227411
9.03381024943225,0,-0.0258591277728825,0,9.03381024943225,-0.0258591277728825,-0.0258591277728825,-0.0258591277728825,0.0210013285642308
7.292171244769,0,0.0214216184583366,0,7.292171244769,0.0214216184583366,0.0214216184583366,0.0214216184583366,0.00787016036700002
10.6567948708008,0,0.0203455428827325,0,10.6567948708008,0.0203455428827325,0.0203455428827325,0.0203455428827325,0.0367174068081082
15.83958844307,0,0.0399832495665445,0,15.83958844307,0.0399832495665445,0.0399832495665445,0.0399832495665445,0.0130470310288665
17.7014293147066,0,0.0234372077444364,0,17.7014293147066,0.0234372077444364,0.0234372077444364,0.0234372077444364,0.0323786122878216
16.016217440795,0,-0.00369944404825601,0,16.016217440795,-0.00369944404825601,-0.00369944404825601,-0.00369944404825601,0.0376637682579198
13.5036026382197,0,0.0260526179813793,0,13.5036026382197,0.0260526179813793,0.0260526179813793,0.0260526179813793,0.0175137052055195
13.9836050997556,0,-0.0596374353307077,0,13.9836050997556,-0.0596374353307077,-0.0596374353307077,-0.0596374353307077,0.0260159424457815
11.3110693140974,0,0.00982781565554414,0,11.3110693140974,0.00982781565554414,0.00982781565554414,0.00982781565554414,0.0152975413868066
20.6083384757102,0,-0.0196913974375486,0,20.6083384757102,-0.0196913974375486,-0.0196913974375486,-0.0196913974375486,0.0564075951702511
12.3671082351961,0,0.0210231372322994,0,12.3671082351961,0.0210231372322994,0.0210231372322994,0.0210231372322994,0.0160828742749283
12.3654554745313,0,-0.0686880413546458,0,12.3654554745313,-0.0686880413546458,-0.0686880413546458,-0.0686880413546458,0.0513325050706189
19.2556223171704,0,0.0285945738844167,0,19.2556223171704,0.0285945738844167,0.0285945738844167,0.0285945738844167,0.0139726523520546
34.7312424253189,0,0.00360906084633839,0,34.7312424253189,0.00360906084633839,0.00360906084633839,0.00360906084633839,0.017575833019559
54.7209102152747,0,0.0196726221291343,0,54.7209102152747,0.0196726221291343,0.0196726221291343,0.0196726221291343,0.0109274670854921
9.76552332936977,0,0.00564706861610557,0,9.76552332936977,0.00564706861610557,0.00564706861610557,0.00564706861610557,0.022210163633412
8.22166390729103,0,0.0200227074138689,0,8.22166390729103,0.0200227074138689,0.0200227074138689,0.0200227074138689,0.0889316774406693
11.7030101268542,0,0.0664031592294417,0,11.7030101268542,0.0664031592294417,0.0664031592294417,0.0664031592294417,0.0318702419669784
7.36539602284415,0,-0.0247872150245361,0,7.36539602284415,-0.0247872150245361,-0.0247872150245361,-0.0247872150245361,0.114121672795408
9.34902839864339,0,-0.0319037471830898,0,9.34902839864339,-0.0319037471830898,-0.0319037471830898,-0.0319037471830898,0.0353702402159913
12.5616640281909,0,0.00441577973083164,0,12.5616640281909,0.00441577973083164,0.00441577973083164,0.00441577973083164,0.0138459086615911
17.9920946135937,0,0.0461862043986698,0,17.9920946135937,0.0461862043986698,0.0461862043986698,0.0461862043986698,0.0824026574709236
10.8363107906744,0,-0.028098390818107,0,10.8363107906744,-0.028098390818107,-0.028098390818107,-0.028098390818107,0.071926050301895
11.7003583105711,0,-0.00186774348468509,0,11.7003583105711,-0.00186774348468509,-0.00186774348468509,-0.00186774348468509,0.00589871207554302
14.1717804897526,0,0.027255899623745,0,14.1717804897526,0.027255899623745,0.027255899623745,0.027255899623745,0.0438772018708798
10.4916049522311,0,0.0132463173032987,0,10.4916049522311,0.0132463173032987,0.0132463173032987,0.0132463173032987,0.0267192917518445
12.491172371433,0,0.00616174807970621,0,12.491172371433,0.00616174807970621,0.00616174807970621,0.00616174807970621,0.0405245193389735
14.0579479591907,0,-0.0587492094450672,0,14.0579479591907,-0.0587492094450672,-0.0587492094450672,-0.0587492094450672,0.10091717057124
23.3384346785706,0,0.0173424537425691,0,23.3384346785706,0.0173424537425691,0.0173424537425691,0.0173424537425691,0.0189266195413323
21.0471310356801,0,0.0617673658141888,0,21.0471310356801,0.0617673658141888,0.0617673658141888,0.0617673658141888,0.047052745863464
16.8846431378076,0,0.0592246738975235,0,16.8846431378076,0.0592246738975235,0.0592246738975235,0.0592246738975235,0.0580511049145327
142.027144302285,0,0.0480428181832702,0,142.027144302285,0.0480428181832702,0.0480428181832702,0.0480428181832702,0.0151652887885014
10.8384906759069,0,-0.00221059163205814,0,10.8384906759069,-0.00221059163205814,-0.00221059163205814,-0.00221059163205814,0.0251376149245104
15.3983817607889,0,0.00875331277188317,0,15.3983817607889,0.00875331277188317,0.00875331277188317,0.00875331277188317,0.0553131630412198
14.6925462604222,0,-0.00458452472707301,0,14.6925462604222,-0.00458452472707301,-0.00458452472707301,-0.00458452472707301,0.0444254697733256
12.5310366569707,0,0.0109739413789005,0,12.5310366569707,0.0109739413789005,0.0109739413789005,0.0109739413789005,0.0301771491611757
11.0161041029769,0,-0.0031766917676102,0,11.0161041029769,-0.0031766917676102,-0.0031766917676102,-0.0031766917676102,0.0522005254908412
12.612078023469,0,-0.0597088928688878,0,12.612078023469,-0.0597088928688878,-0.0597088928688878,-0.0597088928688878,0.0322576765582896
27.9381463268887,0,-0.0196646199066465,0,27.9381463268887,-0.0196646199066465,-0.0196646199066465,-0.0196646199066465,0.0266030945529787
28.4056044215739,0,-0.0234835133541325,0,28.4056044215739,-0.0234835133541325,-0.0234835133541325,-0.0234835133541325,0.0460235649191708
13.4368696617468,0,0.0535402362440232,0,13.4368696617468,0.0535402362440232,0.0535402362440232,0.0535402362440232,0.0282079903838013
14.3373106913918,0,-0.0165868652445846,0,14.3373106913918,-0.0165868652445846,-0.0165868652445846,-0.0165868652445846,0.0475684856482902
30.6714080967905,0,0.0528811458694808,0,30.6714080967905,0.0528811458694808,0.0528811458694808,0.0528811458694808,0.10594255469159
NA,NA,NA,NA,NA,NA,NA,NA,NA
3.48138260502119,0,-0.0431716232209931,0,3.48138260502119,-0.0431716232209931,-0.0431716232209931,-0.0431716232209931,0.0321818721032191
5.59197431763262,0,-0.0578220526680145,0,5.59197431763262,-0.0578220526680145,-0.0578220526680145,-0.0578220526680145,0.0290843221745671
7.10118523761685,0,-0.0285278978712163,0,7.10118523761685,-0.0285278978712163,-0.0285278978712163,-0.0285278978712163,0.0595492352872805
8.39406695268219,0,0.0167837864563465,0,8.39406695268219,0.0167837864563465,0.0167837864563465,0.0167837864563465,0.0322473662392579
6.68163411954067,0,0.0399525800720857,0,6.68163411954067,0.0399525800720857,0.0399525800720857,0.0399525800720857,0.0632642521725607
10.9419857642508,0,-0.0876235523401562,0,10.9419857642508,-0.0876235523401562,-0.0876235523401562,-0.0876235523401562,0.0336377588977628
9.567453602661,0,-0.0130573193727359,0,9.567453602661,-0.0130573193727359,-0.0130573193727359,-0.0130573193727359,0.0264340771076804
9.56764954052794,0,-0.00578932875863998,0,9.56764954052794,-0.00578932875863998,-0.00578932875863998,-0.00578932875863998,0.0288617279537588
9.58796747981615,0,0.00725905880614161,0,9.58796747981615,0.00725905880614161,0.00725905880614161,0.00725905880614161,0.0422687684348916
10.3415882006709,0,-0.0979591311963027,0,10.3415882006709,-0.0979591311963027,-0.0979591311963027,-0.0979591311963027,0.0379022425227411
9.03381024943225,0,-0.0258591277728825,0,9.03381024943225,-0.0258591277728825,-0.0258591277728825,-0.0258591277728825,0.0210013285642308
7.292171244769,0,0.0214216184583366,0,7.292171244769,0.0214216184583366,0.0214216184583366,0.0214216184583366,0.00787016036700002
10.6567948708008,0,0.0203455428827325,0,10.6567948708008,0.0203455428827325,0.0203455428827325,0.0203455428827325,0.0367174068081082
15.83958844307,0,0.0399832495665445,0,15.83958844307,0.0399832495665445,0.0399832495665445,0.0399832495665445,0.0130470310288665
17.7014293147066,0,0.0234372077444364,0,17.7014293147066,0.0234372077444364,0.0234372077444364,0.0234372077444364,0.0323786122878216
16.016217440795,0,-0.00369944404825601,0,16.016217440795,-0.00369944404825601,-0.00369944404825601,-0.00369944404825601,0.0376637682579198
13.5036026382197,0,0.0260526179813793,0,13.5036026382197,0.0260526179813793,0.0260526179813793,0.0260526179813793,0.0175137052055195
13.9836050997556,0,-0.0596374353307077,0,13.9836050997556,-0.0596374353307077,-0.0596374353307077,-0.0596374353307077,0.0260159424457815
11.3110693140974,0,0.00982781565554414,0,11.3110693140974,0.00982781565554414,0.00982781565554414,0.00982781565554414,0.0152975413868066
20.6083384757102,0,-0.0196913974375486,0,20.6083384757102,-0.0196913974375486,-0.0196913974375486,-0.0196913974375486,0.0564075951702511
12.3671082351961,0,0.0210231372322994,0,12.3671082351961,0.0210231372322994,0.0210231372322994,0.0210231372322994,0.0160828742749283
12.3654554745313,0,-0.0686880413546458,0,12.3654554745313,-0.0686880413546458,-0.0686880413546458,-0.0686880413546458,0.0513325050706189
19.2556223171704,0,0.0285945738844167,0,19.2556223171704,0.0285945738844167,0.0285945738844167,0.0285945738844167,0.0139726523520546
34.7312424253189,0,0.00360906084633839,0,34.7312424253189,0.00360906084633839,0.00360906084633839,0.00360906084633839,0.017575833019559
54.7209102152747,0,0.0196726221291343,0,54.7209102152747,0.0196726221291343,0.0196726221291343,0.0196726221291343,0.0109274670854921
9.76552332936977,0,0.00564706861610557,0,9.76552332936977,0.00564706861610557,0.00564706861610557,0.00564706861610557,0.022210163633412
8.22166390729103,0,0.0200227074138689,0,8.22166390729103,0.0200227074138689,0.0200227074138689,0.0200227074138689,0.0889316774406693
11.7030101268542,0,0.0664031592294417,0,11.7030101268542,0.0664031592294417,0.0664031592294417,0.0664031592294417,0.0318702419669784
7.36539602284415,0,-0.0247872150245361,0,7.36539602284415,-0.0247872150245361,-0.0247872150245361,-0.0247872150245361,0.114121672795408
9.34902839864339,0,-0.0319037471830898,0,9.34902839864339,-0.0319037471830898,-0.0319037471830898,-0.0319037471830898,0.0353702402159913
12.5616640281909,0,0.00441577973083164,0,12.5616640281909,0.00441577973083164,0.00441577973083164,0.00441577973083164,0.0138459086615911
17.9920946135937,0,0.0461862043986698,0,17.9920946135937,0.0461862043986698,0.0461862043986698,0.0461862043986698,0.0824026574709236
10.8363107906744,0,-0.028098390818107,0,10.8363107906744,-0.028098390818107,-0.028098390818107,-0.028098390818107,0.071926050301895
11.7003583105711,0,-0.00186774348468509,0,11.7003583105711,-0.00186774348468509,-0.00186774348468509,-0.00186774348468509,0.00589871207554302
14.1717804897526,0,0.027255899623745,0,14.1717804897526,0.027255899623745,0.027255899623745,0.027255899623745,0.0438772018708798
10.4916049522311,0,0.0132463173032987,0,10.4916049522311,0.0132463173032987,0.0132463173032987,0.0132463173032987,0.0267192917518445
12.491172371433,0,0.00616174807970621,0,12.491172371433,0.00616174807970621,0.00616174807970621,0.00616174807970621,0.0405245193389735
14.0579479591907,0,-0.0587492094450672,0,14.0579479591907,-0.0587492094450672,-0.0587492094450672,-0.0587492094450672,0.10091717057124
23.3384346785706,0,0.0173424537425691,0,23.3384346785706,0.0173424537425691,0.0173424537425691,0.0173424537425691,0.0189266195413323
21.0471310356801,0,0.0617673658141888,0,21.0471310356801,0.0617673658141888,0.0617673658141888,0.0617673658141888,0.047052745863464
16.8846431378076,0,0.0592246738975235,0,16.8846431378076,0.0592246738975235,0.0592246738975235,0.0592246738975235,0.0580511049145327
142.027144302285,0,0.0480428181832702,0,142.027144302285,0.0480428181832702,0.0480428181832702,0.0480428181832702,0.0151652887885014
10.8384906759069,0,-0.00221059163205814,0,10.8384906759069,-0.00221059163205814,-0.00221059163205814,-0.00221059163205814,0.0251376149245104
15.3983817607889,0,0.00875331277188317,0,15.3983817607889,0.00875331277188317,0.00875331277188317,0.00875331277188317,0.0553131630412198
14.6925462604222,0,-0.00458452472707301,0,14.6925462604222,-0.00458452472707301,-0.00458452472707301,-0.00458452472707301,0.0444254697733256
12.5310366569707,0,0.0109739413789005,0,12.5310366569707,0.0109739413789005,0.0109739413789005,0.0109739413789005,0.0301771491611757
11.0161041029769,0,-0.0031766917676102,0,11.0161041029769,-0.0031766917676102,-0.0031766917676102,-0.0031766917676102,0.0522005254908412
12.612078023469,0,-0.0597088928688878,0,12.612078023469,-0.0597088928688878,-0.0597088928688878,-0.0597088928688878,0.0322576765582896
27.9381463268887,0,-0.0196646199066465,0,27.9381463268887,-0.0196646199066465,-0.0196646199066465,-0.0196646199066465,0.0266030945529787
28.4056044215739,0,-0.0234835133541325,0,28.4056044215739,-0.0234835133541325,-0.0234835133541325,-0.0234835133541325,0.0460235649191708
13.4368696617468,0,0.0535402362440232,0,13.4368696617468,0.0535402362440232,0.0535402362440232,0.0535402362440232,0.0282079903838013
14.3373106913918,0,-0.0165868652445846,0,14.3373106913918,-0.0165868652445846,-0.0165868652445846,-0.0165868652445846,0.0475684856482902
30.6714080967905,0,0.0528811458694808,0,30.6714080967905,0.0528811458694808,0.0528811458694808,0.0528811458694808,0.10594255469159
NA,NA,NA,NA,NA,NA,NA,NA,NA
3.48138260502119,0,-0.0431716232209931,0,3.48138260502119,-0.0431716232209931,-0.0431716232209931,-0.0431716232209931,0.0321818721032191
5.59197431763262,0,-0.0578220526680145,0,5.59197431763262,-0.0578220526680145,-0.0578220526680145,-0.0578220526680145,0.0290843221745671
7.10118523761685,0,-0.0285278978712163,0,7.10118523761685,-0.0285278978712163,-0.0285278978712163,-0.0285278978712163,0.0595492352872805
8.39406695268219,0,0.0167837864563465,0,8.39406695268219,0.0167837864563465,0.0167837864563465,0.0167837864563465,0.0322473662392579
6.68163411954067,0,0.0399525800720857,0,6.68163411954067,0.0399525800720857,0.0399525800720857,0.0399525800720857,0.0632642521725607
10.9419857642508,0,-0.0876235523401562,0,10.9419857642508,-0.0876235523401562,-0.0876235523401562,-0.0876235523401562,0.0336377588977628
9.567453602661,0,-0.0130573193727359,0,9.567453602661,-0.0130573193727359,-0.0130573193727359,-0.0130573193727359,0.0264340771076804
9.56764954052794,0,-0.00578932875863998,0,9.56764954052794,-0.00578932875863998,-0.00578932875863998,-0.00578932875863998,0.0288617279537588
9.58796747981615,0,0.00725905880614161,0,9.58796747981615,0.00725905880614161,0.00725905880614161,0.00725905880614161,0.0422687684348916
10.3415882006709,0,-0.0979591311963027,0,10.3415882006709,-0.0979591311963027,-0.0979591311963027,-0.0979591311963027,0.0379022425227411
9.03381024943225,0,-0.0258591277728825,0,9.03381024943225,-0.0258591277728825,-0.0258591277728825,-0.0258591277728825,0.0210013285642308
7.292171244769,0,0.0214216184583366,0,7.292171244769,0.0214216184583366,0.0214216184583366,0.0214216184583366,0.00787016036700002
10.6567948708008,0,0.0203455428827325,0,10.6567948708008,0.0203455428827325,0.0203455428827325,0.0203455428827325,0.0367174068081082
15.83958844307,0,0.0399832495665445,0,15.83958844307,0.0399832495665445,0.0399832495665445,0.0399832495665445,0.0130470310288665
17.7014293147066,0,0.0234372077444364,0,17.7014293147066,0.0234372077444364,0.0234372077444364,0.0234372077444364,0.0323786122878216
16.016217440795,0,-0.00369944404825601,0,16.016217440795,-0.00369944404825601,-0.00369944404825601,-0.00369944404825601,0.0376637682579198
13.5036026382197,0,0.0260526179813793,0,13.5036026382197,0.0260526179813793,0.0260526179813793,0.0260526179813793,0.0175137052055195
13.9836050997556,0,-0.0596374353307077,0,13.9836050997556,-0.0596374353307077,-0.0596374353307077,-0.0596374353307077,0.0260159424457815
11.3110693140974,0,0.00982781565554414,0,11.3110693140974,0.00982781565554414,0.00982781565554414,0.00982781565554414,0.0152975413868066
20.6083384757102,0,-0.0196913974375486,0,20.6083384757102,-0.0196913974375486,-0.0196913974375486,-0.0196913974375486,0.0564075951702511
12.3671082351961,0,0.0210231372322994,0,12.3671082351961,0.0210231372322994,0.0210231372322994,0.0210231372322994,0.0160828742749283
12.3654554745313,0,-0.0686880413546458,0,12.3654554745313,-0.0686880413546458,-0.0686880413546458,-0.0686880413546458,0.0513325050706189
19.2556223171704,0,0.0285945738844167,0,19.2556223171704,0.0285945738844167,0.0285945738844167,0.0285945738844167,0.0139726523520546
34.7312424253189,0,0.00360906084633839,0,34.7312424253189,0.00360906084633839,0.00360906084633839,0.00360906084633839,0.017575833019559
54.7209102152747,0,0.0196726221291343,0,54.7209102152747,0.0196726221291343,0.0196726221291343,0.0196726221291343,0.0109274670854921
9.76552332936977,0,0.00564706861610557,0,9.76552332936977,0.00564706861610557,0.00564706861610557,0.00564706861610557,0.022210163633412
8.22166390729103,0,0.0200227074138689,0,8.22166390729103,0.0200227074138689,0.0200227074138689,0.0200227074138689,0.0889316774406693
11.7030101268542,0,0.0664031592294417,0,11.7030101268542,0.0664031592294417,0.0664031592294417,0.0664031592294417,0.0318702419669784
7.36539602284415,0,-0.0247872150245361,0,7.36539602284415,-0.0247872150245361,-0.0247872150245361,-0.0247872150245361,0.114121672795408
9.34902839864339,0,-0.0319037471830898,0,9.34902839864339,-0.0319037471830898,-0.0319037471830898,-0.0319037471830898,0.0353702402159913
12.5616640281909,0,0.00441577973083164,0,12.5616640281909,0.00441577973083164,0.00441577973083164,0.00441577973083164,0.0138459086615911
17.9920946135937,0,0.0461862043986698,0,17.9920946135937,0.0461862043986698,0.0461862043986698,0.0461862043986698,0.0824026574709236
10.8363107906744,0,-0.028098390818107,0,10.8363107906744,-0.028098390818107,-0.028098390818107,-0.028098390818107,0.071926050301895
11.7003583105711,0,-0.00186774348468509,0,11.7003583105711,-0.00186774348468509,-0.00186774348468509,-0.00186774348468509,0.00589871207554302
14.1717804897526,0,0.027255899623745,0,14.1717804897526,0.027255899623745,0.027255899623745,0.027255899623745,0.0438772018708798
10.4916049522311,0,0.0132463173032987,0,10.4916049522311,0.0132463173032987,0.0132463173032987,0.0132463173032987,0.0267192917518445
12.491172371433,0,0.00616174807970621,0,12.491172371433,0.00616174807970621,0.00616174807970621,0.00616174807970621,0.0405245193389735
14.0579479591907,0,-0.0587492094450672,0,14.0579479591907,-0.0587492094450672,-0.0587492094450672,-0.0587492094450672,0.10091717057124
23.3384346785706,0,0.0173424537425691,0,23.3384346785706,0.0173424537425691,0.0173424537425691,0.0173424537425691,0.0189266195413323
21.0471310356801,0,0.0617673658141888,0,21.0471310356801,0.0617673658141888,0.0617673658141888,0.0617673658141888,0.047052745863464
16.8846431378076,0,0.0592246738975235,0,16.8846431378076,0.0592246738975235,0.0592246738975235,0.0592246738975235,0.0580511049145327
142.027144302285,0,0.0480428181832702,0,142.027144302285,0.0480428181832702,0.0480428181832702,0.0480428181832702,0.0151652887885014
10.8384906759069,0,-0.00221059163205814,0,10.8384906759069,-0.00221059163205814,-0.00221059163205814,-0.00221059163205814,0.0251376149245104
15.3983817607889,0,0.00875331277188317,0,15.3983817607889,0.00875331277188317,0.00875331277188317,0.00875331277188317,0.0553131630412198
14.6925462604222,0,-0.00458452472707301,0,14.6925462604222,-0.00458452472707301,-0.00458452472707301,-0.00458452472707301,0.0444254697733256
12.5310366569707,0,0.0109739413789005,0,12.5310366569707,0.0109739413789005,0.0109739413789005,0.0109739413789005,0.0301771491611757
11.0161041029769,0,-0.0031766917676102,0,11.0161041029769,-0.0031766917676102,-0.0031766917676102,-0.0031766917676102,0.0522005254908412
12.612078023469,0,-0.0597088928688878,0,12.612078023469,-0.0597088928688878,-0.0597088928688878,-0.0597088928688878,0.0322576765582896
27.9381463268887,0,-0.0196646199066465,0,27.9381463268887,-0.0196646199066465,-0.0196646199066465,-0.0196646199066465,0.0266030945529787
28.4056044215739,0,-0.0234835133541325,0,28.4056044215739,-0.0234835133541325,-0.0234835133541325,-0.0234835133541325,0.0460235649191708
13.4368696617468,0,0.0535402362440232,0,13.4368696617468,0.0535402362440232,0.0535402362440232,0.0535402362440232,0.0282079903838013
14.3373106913918,0,-0.0165868652445846,0,14.3373106913918,-0.0165868652445846,-0.0165868652445846,-0.0165868652445846,0.0475684856482902
30.6714080967905,0,0.0528811458694808,0,30.6714080967905,0.0528811458694808,0.0528811458694808,0.0528811458694808,0.10594255469159
NA,NA,NA,NA,NA,NA,NA,NA,NA
3.48138260502119,0,-0.0431716232209931,0,3.48138260502119,-0.0431716232209931,-0.0431716232209931,-0.0431716232209931,0.0321818721032191
5.59197431763262,0,-0.0578220526680145,0,5.59197431763262,-0.0578220526680145,-0.0578220526680145,-0.0578220526680145,0.0290843221745671
7.10118523761685,0,-0.0285278978712163,0,7.10118523761685,-0.0285278978712163,-0.0285278978712163,-0.0285278978712163,0.0595492352872805
8.39406695268219,0,0.0167837864563465,0,8.39406695268219,0.0167837864563465,0.0167837864563465,0.0167837864563465,0.0322473662392579
6.68163411954067,0,0.0399525800720857,0,6.68163411954067,0.0399525800720857,0.0399525800720857,0.0399525800720857,0.0632642521725607
10.9419857642508,0,-0.0876235523401562,0,10.9419857642508,-0.0876235523401562,-0.0876235523401562,-0.0876235523401562,0.0336377588977628
9.567453602661,0,-0.0130573193727359,0,9.567453602661,-0.0130573193727359,-0.0130573193727359,-0.0130573193727359,0.0264340771076804
9.56764954052794,0,-0.00578932875863998,0,9.56764954052794,-0.00578932875863998,-0.00578932875863998,-0.00578932875863998,0.0288617279537588
9.58796747981615,0,0.00725905880614161,0,9.58796747981615,0.00725905880614161,0.00725905880614161,0.00725905880614161,0.0422687684348916
10.3415882006709,0,-0.0979591311963027,0,10.3415882006709,-0.0979591311963027,-0.0979591311963027,-0.0979591311963027,0.0379022425227411
9.03381024943225,0,-0.0258591277728825,0,9.03381024943225,-0.0258591277728825,-0.0258591277728825,-0.0258591277728825,0.0210013285642308
7.292171244769,0,0.0214216184583366,0,7.292171244769,0.0214216184583366,0.0214216184583366,0.0214216184583366,0.00787016036700002
10.6567948708008,0,0.0203455428827325,0,10.6567948708008,0.0203455428827325,0.0203455428827325,0.0203455428827325,0.0367174068081082
15.83958844307,0,0.0399832495665445,0,15.83958844307,0.0399832495665445,0.0399832495665445,0.0399832495665445,0.0130470310288665
17.7014293147066,0,0.0234372077444364,0,17.7014293147066,0.0234372077444364,0.0234372077444364,0.0234372077444364,0.0323786122878216
16.016217440795,0,-0.00369944404825601,0,16.016217440795,-0.00369944404825601,-0.00369944404825601,-0.00369944404825601,0.0376637682579198
13.5036026382197,0,0.0260526179813793,0,13.5036026382197,0.0260526179813793,0.0260526179813793,0.0260526179813793,0.0175137052055195
13.9836050997556,0,-0.0596374353307077,0,13.9836050997556,-0.0596374353307077,-0.0596374353307077,-0.0596374353307077,0.0260159424457815
11.3110693140974,0,0.00982781565554414,0,11.3110693140974,0.00982781565554414,0.00982781565554414,0.00982781565554414,0.0152975413868066
20.6083384757102,0,-0.0196913974375486,0,20.6083384757102,-0.0196913974375486,-0.0196913974375486,-0.0196913974375486,0.0564075951702511
12.3671082351961,0,0.0210231372322994,0,12.3671082351961,0.0210231372322994,0.0210231372322994,0.0210231372322994,0.0160828742749283
12.3654554745313,0,-0.0686880413546458,0,12.3654554745313,-0.0686880413546458,-0.0686880413546458,-0.0686880413546458,0.0513325050706189
19.2556223171704,0,0.0285945738844167,0,19.2556223171704,0.0285945738844167,0.0285945738844167,0.0285945738844167,0.0139726523520546
34.7312424253189,0,0.00360906084633839,0,34.7312424253189,0.00360906084633839,0.00360906084633839,0.00360906084633839,0.017575833019559
54.7209102152747,0,0.0196726221291343,0,54.7209102152747,0.0196726221291343,0.0196726221291343,0.0196726221291343,0.0109274670854921
9.76552332936977,0,0.00564706861610557,0,9.76552332936977,0.00564706861610557,0.00564706861610557,0.00564706861610557,0.022210163633412
8.22166390729103,0,0.0200227074138689,0,8.22166390729103,0.0200227074138689,0.0200227074138689,0.0200227074138689,0.0889316774406693
11.7030101268542,0,0.0664031592294417,0,11.7030101268542,0.0664031592294417,0.0664031592294417,0.0664031592294417,0.0318702419669784
7.36539602284415,0,-0.0247872150245361,0,7.36539602284415,-0.0247872150245361,-0.0247872150245361,-0.0247872150245361,0.114121672795408
9.34902839864339,0,-0.0319037471830898,0,9.34902839864339,-0.0319037471830898,-0.0319037471830898,-0.0319037471830898,0.0353702402159913
12.5616640281909,0,0.00441577973083164,0,12.5616640281909,0.00441577973083164,0.00441577973083164,0.00441577973083164,0.0138459086615911
17.9920946135937,0,0.0461862043986698,0,17.9920946135937,0.0461862043986698,0.0461862043986698,0.0461862043986698,0.0824026574709236
10.8363107906744,0,-0.028098390818107,0,10.8363107906744,-0.028098390818107,-0.028098390818107,-0.028098390818107,0.071926050301895
11.7003583105711,0,-0.00186774348468509,0,11.7003583105711,-0.00186774348468509,-0.00186774348468509,-0.00186774348468509,0.00589871207554302
14.1717804897526,0,0.027255899623745,0,14.1717804897526,0.027255899623745,0.027255899623745,0.027255899623745,0.0438772018708798
10.4916049522311,0,0.0132463173032987,0,10.4916049522311,0.0132463173032987,0.0132463173032987,0.0132463173032987,0.0267192917518445
12.491172371433,0,0.00616174807970621,0,12.491172371433,0.00616174807970621,0.00616174807970621,0.00616174807970621,0.0405245193389735
14.0579479591907,0,-0.0587492094450672,0,14.0579479591907,-0.0587492094450672,-0.0587492094450672,-0.0587492094450672,0.10091717057124
23.3384346785706,0,0.0173424537425691,0,23.3384346785706,0.0173424537425691,0.0173424537425691,0.0173424537425691,0.0189266195413323
21.0471310356801,0,0.0617673658141888,0,21.0471310356801,0.0617673658141888,0.0617673658141888,0.0617673658141888,0.047052745863464
16.8846431378076,0,0.0592246738975235,0,16.8846431378076,0.0592246738975235,0.0592246738975235,0.0592246738975235,0.0580511049145327
142.027144302285,0,0.0480428181832702,0,142.027144302285,0.0480428181832702,0.0480428181832702,0.0480428181832702,0.0151652887885014
10.8384906759069,0,-0.00221059163205814,0,10.8384906759069,-0.00221059163205814,-0.00221059163205814,-0.00221059163205814,0.0251376149245104
15.3983817607889,0,0.00875331277188317,0,15.3983817607889,0.00875331277188317,0.00875331277188317,0.00875331277188317,0.0553131630412198
14.6925462604222,0,-0.00458452472707301,0,14.6925462604222,-0.00458452472707301,-0.00458452472707301,-0.00458452472707301,0.0444254697733256
12.5310366569707,0,0.0109739413789005,0,12.5310366569707,0.0109739413789005,0.0109739413789005,0.0109739413789005,0.0301771491611757
11.0161041029769,0,-0.0031766917676102,0,11.0161041029769,-0.0031766917676102,-0.0031766917676102,-0.0031766917676102,0.0522005254908412
12.612078023469,0,-0.0597088928688878,0,12.612078023469,-0.0597088928688878,-0.0597088928688878,-0.0597088928688878,0.0322576765582896
27.9381463268887,0,-0.0196646199066465,0,27.9381463268887,-0.0196646199066465,-0.0196646199066465,-0.0196646199066465,0.0266030945529787
28.4056044215739,0,-0.0234835133541325,0,28.4056044215739,-0.0234835133541325,-0.0234835133541325,-0.0234835133541325,0.0460235649191708
13.4368696617468,0,0.0535402362440232,0,13.4368696617468,0.0535402362440232,0.0535402362440232,0.0535402362440232,0.0282079903838013
14.3373106913918,0,-0.0165868652445846,0,14.3373106913918,-0.0165868652445846,-0.0165868652445846,-0.0165868652445846,0.0475684856482902
30.6714080967905,0,0.0528811458694808,0,30.6714080967905,0.0528811458694808,0.0528811458694808,0.0528811458694808,0.10594255469159
NA,NA,NA,NA,NA,NA,NA,NA,NA
3.48138260502119,0,-0.0431716232209931,0,3.48138260502119,-0.0431716232209931,-0.0431716232209931,-0.0431716232209931,0.0321818721032191
5.59197431763262,0,-0.0578220526680145,0,5.59197431763262,-0.0578220526680145,-0.0578220526680145,-0.0578220526680145,0.0290843221745671
7.10118523761685,0,-0.0285278978712163,0,7.10118523761685,-0.0285278978712163,-0.0285278978712163,-0.0285278978712163,0.0595492352872805
8.39406695268219,0,0.0167837864563465,0,8.39406695268219,0.0167837864563465,0.0167837864563465,0.0167837864563465,0.0322473662392579
6.68163411954067,0,0.0399525800720857,0,6.68163411954067,0.0399525800720857,0.0399525800720857,0.0399525800720857,0.0632642521725607
10.9419857642508,0,-0.0876235523401562,0,10.9419857642508,-0.0876235523401562,-0.0876235523401562,-0.0876235523401562,0.0336377588977628
9.567453602661,0,-0.0130573193727359,0,9.567453602661,-0.0130573193727359,-0.0130573193727359,-0.0130573193727359,0.0264340771076804
9.56764954052794,0,-0.00578932875863998,0,9.56764954052794,-0.00578932875863998,-0.00578932875863998,-0.00578932875863998,0.0288617279537588
9.58796747981615,0,0.00725905880614161,0,9.58796747981615,0.00725905880614161,0.00725905880614161,0.00725905880614161,0.0422687684348916
10.3415882006709,0,-0.0979591311963027,0,10.3415882006709,-0.0979591311963027,-0.0979591311963027,-0.0979591311963027,0.0379022425227411
9.03381024943225,0,-0.0258591277728825,0,9.03381024943225,-0.0258591277728825,-0.0258591277728825,-0.0258591277728825,0.0210013285642308
7.292171244769,0,0.0214216184583366,0,7.292171244769,0.0214216184583366,0.0214216184583366,0.0214216184583366,0.00787016036700002
10.6567948708008,0,0.0203455428827325,0,10.6567948708008,0.0203455428827325,0.0203455428827325,0.0203455428827325,0.0367174068081082
15.83958844307,0,0.0399832495665445,0,15.83958844307,0.0399832495665445,0.0399832495665445,0.0399832495665445,0.0130470310288665
17.7014293147066,0,0.0234372077444364,0,17.7014293147066,0.0234372077444364,0.0234372077444364,0.0234372077444364,0.0323786122878216
16.016217440795,0,-0.00369944404825601,0,16.016217440795,-0.00369944404825601,-0.00369944404825601,-0.00369944404825601,0.0376637682579198
13.5036026382197,0,0.0260526179813793,0,13.5036026382197,0.0260526179813793,0.0260526179813793,0.0260526179813793,0.0175137052055195
13.9836050997556,0,-0.0596374353307077,0,13.9836050997556,-0.0596374353307077,-0.0596374353307077,-0.0596374353307077,0.0260159424457815
11.3110693140974,0,0.00982781565554414,0,11.3110693140974,0.00982781565554414,0.00982781565554414,0.00982781565554414,0.0152975413868066
20.6083384757102,0,-0.0196913974375486,0,20.6083384757102,-0.0196913974375486,-0.0196913974375486,-0.0196913974375486,0.0564075951702511
12.3671082351961,0,0.0210231372322994,0,12.3671082351961,0.0210231372322994,0.0210231372322994,0.0210231372322994,0.0160828742749283
12.3654554745313,0,-0.0686880413546458,0,12.3654554745313,-0.0686880413546458,-0.0686880413546458,-0.0686880413546458,0.0513325050706189
19.2556223171704,0,0.0285945738844167,0,19.2556223171704,0.0285945738844167,0.0285945738844167,0.0285945738844167,0.0139726523520546
34.7312424253189,0,0.00360906084633839,0,34.7312424253189,0.00360906084633839,0.00360906084633839,0.00360906084633839,0.017575833019559
54.7209102152747,0,0.0196726221291343,0,54.7209102152747,0.0196726221291343,0.0196726221291343,0.0196726221291343,0.0109274670854921
9.76552332936977,0,0.00564706861610557,0,9.76552332936977,0.00564706861610557,0.00564706861610557,0.00564706861610557,0.022210163633412
8.22166390729103,0,0.0200227074138689,0,8.22166390729103,0.0200227074138689,0.0200227074138689,0.0200227074138689,0.0889316774406693
11.7030101268542,0,0.0664031592294417,0,11.7030101268542,0.0664031592294417,0.0664031592294417,0.0664031592294417,0.0318702419669784
7.36539602284415,0,-0.0247872150245361,0,7.36539602284415,-0.0247872150245361,-0.0247872150245361,-0.0247872150245361,0.114121672795408
9.34902839864339,0,-0.0319037471830898,0,9.34902839864339,-0.0319037471830898,-0.0319037471830898,-0.0319037471830898,0.0353702402159913
12.5616640281909,0,0.00441577973083164,0,12.5616640281909,0.00441577973083164,0.00441577973083164,0.00441577973083164,0.0138459086615911
17.9920946135937,0,0.0461862043986698,0,17.9920946135937,0.0461862043986698,0.0461862043986698,0.0461862043986698,0.0824026574709236
10.8363107906744,0,-0.028098390818107,0,10.8363107906744,-0.028098390818107,-0.028098390818107,-0.028098390818107,0.071926050301895
11.7003583105711,0,-0.00186774348468509,0,11.7003583105711,-0.00186774348468509,-0.00186774348468509,-0.00186774348468509,0.00589871207554302
14.1717804897526,0,0.027255899623745,0,14.1717804897526,0.027255899623745,0.027255899623745,0.027255899623745,0.0438772018708798
10.4916049522311,0,0.0132463173032987,0,10.4916049522311,0.0132463173032987,0.0132463173032987,0.0132463173032987,0.0267192917518445
12.491172371433,0,0.00616174807970621,0,12.491172371433,0.00616174807970621,0.00616174807970621,0.00616174807970621,0.0405245193389735
14.0579479591907,0,-0.0587492094450672,0,14.0579479591907,-0.0587492094450672,-0.0587492094450672,-0.0587492094450672,0.10091717057124
23.3384346785706,0,0.0173424537425691,0,23.3384346785706,0.0173424537425691,0.0173424537425691,0.0173424537425691,0.0189266195413323
21.0471310356801,0,0.0617673658141888,0,21.0471310356801,0.0617673658141888,0.0617673658141888,0.0617673658141888,0.047052745863464
16.8846431378076,0,0.0592246738975235,0,16.8846431378076,0.0592246738975235,0.0592246738975235,0.0592246738975235,0.0580511049145327
142.027144302285,0,0.0480428181832702,0,142.027144302285,0.0480428181832702,0.0480428181832702,0.0480428181832702,0.0151652887885014
10.8384906759069,0,-0.00221059163205814,0,10.8384906759069,-0.00221059163205814,-0.00221059163205814,-0.00221059163205814,0.0251376149245104
15.3983817607889,0,0.00875331277188317,0,15.3983817607889,0.00875331277188317,0.00875331277188317,0.00875331277188317,0.0553131630412198
14.6925462604222,0,-0.00458452472707301,0,14.6925462604222,-0.00458452472707301,-0.00458452472707301,-0.00458452472707301,0.0444254697733256
12.5310366569707,0,0.0109739413789005,0,12.5310366569707,0.0109739413789005,0.0109739413789005,0.0109739413789005,0.0301771491611757
11.0161041029769,0,-0.0031766917676102,0,11.0161041029769,-0.0031766917676102,-0.0031766917676102,-0.0031766917676102,0.0522005254908412
12.612078023469,0,-0.0597088928688878,0,12.612078023469,-0.0597088928688878,-0.0597088928688878,-0.0597088928688878,0.0322576765582896
27.9381463268887,0,-0.0196646199066465,0,27.9381463268887,-0.0196646199066465,-0.0196646199066465,-0.0196646199066465,0.0266030945529787
28.4056044215739,0,-0.0234835133541325,0,28.4056044215739,-0.0234835133541325,-0.0234835133541325,-0.0234835133541325,0.0460235649191708
13.4368696617468,0,0.0535402362440232,0,13.4368696617468,0.0535402362440232,0.0535402362440232,0.0535402362440232,0.0282079903838013
14.3373106913918,0,-0.0165868652445846,0,14.3373106913918,-0.0165868652445846,-0.0165868652445846,-0.0165868652445846,0.0475684856482902
30.6714080967905,0,0.0528811458694808,0,30.6714080967905,0.0528811458694808,0.0528811458694808,0.0528811458694808,0.10594255469159
NA,NA,NA,NA,NA,NA,NA,NA,NA
3.48138260502119,0,-0.0431716232209931,0,3.48138260502119,-0.0431716232209931,-0.0431716232209931,-0.0431716232209931,0.0321818721032191
5.59197431763262,0,-0.0578220526680145,0,5.59197431763262,-0.0578220526680145,-0.0578220526680145,-0.0578220526680145,0.0290843221745671
7.10118523761685,0,-0.0285278978712163,0,7.10118523761685,-0.0285278978712163,-0.0285278978712163,-0.0285278978712163,0.0595492352872805
8.39406695268219,0,0.0167837864563465,0,8.39406695268219,0.0167837864563465,0.0167837864563465,0.0167837864563465,0.0322473662392579
6.68163411954067,0,0.0399525800720857,0,6.68163411954067,0.0399525800720857,0.0399525800720857,0.0399525800720857,0.0632642521725607
10.9419857642508,0,-0.0876235523401562,0,10.9419857642508,-0.0876235523401562,-0.0876235523401562,-0.0876235523401562,0.0336377588977628
9.567453602661,0,-0.0130573193727359,0,9.567453602661,-0.0130573193727359,-0.0130573193727359,-0.0130573193727359,0.0264340771076804
9.56764954052794,0,-0.00578932875863998,0,9.56764954052794,-0.00578932875863998,-0.00578932875863998,-0.00578932875863998,0.0288617279537588
9.58796747981615,0,0.00725905880614161,0,9.58796747981615,0.00725905880614161,0.00725905880614161,0.00725905880614161,0.0422687684348916
10.3415882006709,0,-0.0979591311963027,0,10.3415882006709,-0.0979591311963027,-0.0979591311963027,-0.0979591311963027,0.0379022425227411
9.03381024943225,0,-0.0258591277728825,0,9.03381024943225,-0.0258591277728825,-0.0258591277728825,-0.0258591277728825,0.0210013285642308
7.292171244769,0,0.0214216184583366,0,7.292171244769,0.0214216184583366,0.0214216184583366,0.0214216184583366,0.00787016036700002
10.6567948708008,0,0.0203455428827325,0,10.6567948708008,0.0203455428827325,0.0203455428827325,0.0203455428827325,0.0367174068081082
15.83958844307,0,0.0399832495665445,0,15.83958844307,0.0399832495665445,0.0399832495665445,0.0399832495665445,0.0130470310288665
17.7014293147066,0,0.0234372077444364,0,17.7014293147066,0.0234372077444364,0.0234372077444364,0.0234372077444364,0.0323786122878216
16.016217440795,0,-0.00369944404825601,0,16.016217440795,-0.00369944404825601,-0.00369944404825601,-0.00369944404825601,0.0376637682579198
13.5036026382197,0,0.0260526179813793,0,13.5036026382197,0.0260526179813793,0.0260526179813793,0.0260526179813793,0.0175137052055195
13.9836050997556,0,-0.0596374353307077,0,13.9836050997556,-0.0596374353307077,-0.0596374353307077,-0.0596374353307077,0.0260159424457815
11.3110693140974,0,0.00982781565554414,0,11.3110693140974,0.00982781565554414,0.00982781565554414,0.00982781565554414,0.0152975413868066
20.6083384757102,0,-0.0196913974375486,0,20.6083384757102,-0.0196913974375486,-0.0196913974375486,-0.0196913974375486,0.0564075951702511
12.3671082351961,0,0.0210231372322994,0,12.3671082351961,0.0210231372322994,0.0210231372322994,0.0210231372322994,0.0160828742749283
12.3654554745313,0,-0.0686880413546458,0,12.3654554745313,-0.0686880413546458,-0.0686880413546458,-0.0686880413546458,0.0513325050706189
19.2556223171704,0,0.0285945738844167,0,19.2556223171704,0.0285945738844167,0.0285945738844167,0.0285945738844167,0.0139726523520546
34.7312424253189,0,0.00360906084633839,0,34.7312424253189,0.00360906084633839,0.00360906084633839,0.00360906084633839,0.017575833019559
54.7209102152747,0,0.0196726221291343,0,54.7209102152747,0.0196726221291343,0.0196726221291343,0.0196726221291343,0.0109274670854921
9.76552332936977,0,0.00564706861610557,0,9.76552332936977,0.00564706861610557,0.00564706861610557,0.00564706861610557,0.022210163633412
8.22166390729103,0,0.0200227074138689,0,8.22166390729103,0.0200227074138689,0.0200227074138689,0.0200227074138689,0.0889316774406693
11.7030101268542,0,0.0664031592294417,0,11.7030101268542,0.0664031592294417,0.0664031592294417,0.0664031592294417,0.0318702419669784
7.36539602284415,0,-0.0247872150245361,0,7.36539602284415,-0.0247872150245361,-0.0247872150245361,-0.0247872150245361,0.114121672795408
9.34902839864339,0,-0.0319037471830898,0,9.34902839864339,-0.0319037471830898,-0.0319037471830898,-0.0319037471830898,0.0353702402159913
12.5616640281909,0,0.00441577973083164,0,12.5616640281909,0.00441577973083164,0.00441577973083164,0.00441577973083164,0.0138459086615911
17.9920946135937,0,0.0461862043986698,0,17.9920946135937,0.0461862043986698,0.0461862043986698,0.0461862043986698,0.0824026574709236
10.8363107906744,0,-0.028098390818107,0,10.8363107906744,-0.028098390818107,-0.028098390818107,-0.028098390818107,0.071926050301895
11.7003583105711,0,-0.00186774348468509,0,11.7003583105711,-0.00186774348468509,-0.00186774348468509,-0.00186774348468509,0.00589871207554302
14.1717804897526,0,0.027255899623745,0,14.1717804897526,0.027255899623745,0.027255899623745,0.027255899623745,0.0438772018708798
10.4916049522311,0,0.0132463173032987,0,10.4916049522311,0.0132463173032987,0.0132463173032987,0.0132463173032987,0.0267192917518445
12.491172371433,0,0.00616174807970621,0,12.491172371433,0.00616174807970621,0.00616174807970621,0.00616174807970621,0.0405245193389735
14.0579479591907,0,-0.0587492094450672,0,14.0579479591907,-0.0587492094450672,-0.0587492094450672,-0.0587492094450672,0.10091717057124
23.3384346785706,0,0.0173424537425691,0,23.3384346785706,0.0173424537425691,0.0173424537425691,0.0173424537425691,0.0189266195413323
21.0471310356801,0,0.0617673658141888,0,21.0471310356801,0.0617673658141888,0.0617673658141888,0.0617673658141888,0.047052745863464
16.8846431378076,0,0.0592246738975235,0,16.8846431378076,0.0592246738975235,0.0592246738975235,0.0592246738975235,0.0580511049145327
142.027144302285,0,0.0480428181832702,0,142.027144302285,0.0480428181832702,0.0480428181832702,0.0480428181832702,0.0151652887885014
10.8384906759069,0,-0.00221059163205814,0,10.8384906759069,-0.00221059163205814,-0.00221059163205814,-0.00221059163205814,0.0251376149245104
15.3983817607889,0,0.00875331277188317,0,15.3983817607889,0.00875331277188317,0.00875331277188317,0.00875331277188317,0.0553131630412198
14.6925462604222,0,-0.00458452472707301,0,14.6925462604222,-0.00458452472707301,-0.00458452472707301,-0.00458452472707301,0.0444254697733256
12.5310366569707,0,0.0109739413789005,0,12.5310366569707,0.0109739413789005,0.0109739413789005,0.0109739413789005,0.0301771491611757
11.0161041029769,0,-0.0031766917676102,0,11.0161041029769,-0.0031766917676102,-0.0031766917676102,-0.0031766917676102,0.0522005254908412
12.612078023469,0,-0.0597088928688878,0,12.612078023469,-0.0597088928688878,-0.0597088928688878,-0.0597088928688878,0.0322576765582896
27.9381463268887,0,-0.0196646199066465,0,27.9381463268887,-0.0196646199066465,-0.0196646199066465,-0.0196646199066465,0.0266030945529787
28.4056044215739,0,-0.0234835133541325,0,28.4056044215739,-0.0234835133541325,-0.0234835133541325,-0.0234835133541325,0.0460235649191708
13.4368696617468,0,0.0535402362440232,0,13.4368696617468,0.0535402362440232,0.0535402362440232,0.0535402362440232,0.0282079903838013
14.3373106913918,0,-0.0165868652445846,0,14.3373106913918,-0.0165868652445846,-0.0165868652445846,-0.0165868652445846,0.0475684856482902
22.2060190047082,0,0.0109296136202576,0,22.2060190047082,0.0109296136202576,0.0109296136202576,0.0109296136202576,0.111540347340963
NA,NA,NA,NA,NA,NA,NA,NA,NA
3.48138260502119,0,-0.0431716232209931,0,3.48138260502119,-0.0431716232209931,-0.0431716232209931,-0.0431716232209931,0.0321818721032191
5.59197431763262,0,-0.0578220526680145,0,5.59197431763262,-0.0578220526680145,-0.0578220526680145,-0.0578220526680145,0.0290843221745671
7.10118523761685,0,-0.0285278978712163,0,7.10118523761685,-0.0285278978712163,-0.0285278978712163,-0.0285278978712163,0.0595492352872805
8.39406695268219,0,0.0167837864563465,0,8.39406695268219,0.0167837864563465,0.0167837864563465,0.0167837864563465,0.0322473662392579
6.68163411954067,0,0.0399525800720857,0,6.68163411954067,0.0399525800720857,0.0399525800720857,0.0399525800720857,0.0632642521725607
10.9419857642508,0,-0.0876235523401562,0,10.9419857642508,-0.0876235523401562,-0.0876235523401562,-0.0876235523401562,0.0336377588977628
9.567453602661,0,-0.0130573193727359,0,9.567453602661,-0.0130573193727359,-0.0130573193727359,-0.0130573193727359,0.0264340771076804
9.56764954052794,0,-0.00578932875863998,0,9.56764954052794,-0.00578932875863998,-0.00578932875863998,-0.00578932875863998,0.0288617279537588
9.58796747981615,0,0.00725905880614161,0,9.58796747981615,0.00725905880614161,0.00725905880614161,0.00725905880614161,0.0422687684348916
10.3415882006709,0,-0.0979591311963027,0,10.3415882006709,-0.0979591311963027,-0.0979591311963027,-0.0979591311963027,0.0379022425227411
9.03381024943225,0,-0.0258591277728825,0,9.03381024943225,-0.0258591277728825,-0.0258591277728825,-0.0258591277728825,0.0210013285642308
7.292171244769,0,0.0214216184583366,0,7.292171244769,0.0214216184583366,0.0214216184583366,0.0214216184583366,0.00787016036700002
10.6567948708008,0,0.0203455428827325,0,10.6567948708008,0.0203455428827325,0.0203455428827325,0.0203455428827325,0.0367174068081082
15.83958844307,0,0.0399832495665445,0,15.83958844307,0.0399832495665445,0.0399832495665445,0.0399832495665445,0.0130470310288665
17.7014293147066,0,0.0234372077444364,0,17.7014293147066,0.0234372077444364,0.0234372077444364,0.0234372077444364,0.0323786122878216
16.016217440795,0,-0.00369944404825601,0,16.016217440795,-0.00369944404825601,-0.00369944404825601,-0.00369944404825601,0.0376637682579198
13.5036026382197,0,0.0260526179813793,0,13.5036026382197,0.0260526179813793,0.0260526179813793,0.0260526179813793,0.0175137052055195
13.9836050997556,0,-0.0596374353307077,0,13.9836050997556,-0.0596374353307077,-0.0596374353307077,-0.0596374353307077,0.0260159424457815
11.3110693140974,0,0.00982781565554414,0,11.3110693140974,0.00982781565554414,0.00982781565554414,0.00982781565554414,0.0152975413868066
20.6083384757102,0,-0.0196913974375486,0,20.6083384757102,-0.0196913974375486,-0.0196913974375486,-0.0196913974375486,0.0564075951702511
12.3671082351961,0,0.0210231372322994,0,12.3671082351961,0.0210231372322994,0.0210231372322994,0.0210231372322994,0.0160828742749283
12.3654554745313,0,-0.0686880413546458,0,12.3654554745313,-0.0686880413546458,-0.0686880413546458,-0.0686880413546458,0.0513325050706189
19.2556223171704,0,0.0285945738844167,0,19.2556223171704,0.0285945738844167,0.0285945738844167,0.0285945738844167,0.0139726523520546
34.7312424253189,0,0.00360906084633839,0,34.7312424253189,0.00360906084633839,0.00360906084633839,0.00360906084633839,0.017575833019559
54.7209102152747,0,0.0196726221291343,0,54.7209102152747,0.0196726221291343,0.0196726221291343,0.0196726221291343,0.0109274670854921
9.76552332936977,0,0.00564706861610557,0,9.76552332936977,0.00564706861610557,0.00564706861610557,0.00564706861610557,0.022210163633412
8.22166390729103,0,0.0200227074138689,0,8.22166390729103,0.0200227074138689,0.0200227074138689,0.0200227074138689,0.0889316774406693
11.7030101268542,0,0.0664031592294417,0,11.7030101268542,0.0664031592294417,0.0664031592294417,0.0664031592294417,0.0318702419669784
7.36539602284415,0,-0.0247872150245361,0,7.36539602284415,-0.0247872150245361,-0.0247872150245361,-0.0247872150245361,0.114121672795408
9.34902839864339,0,-0.0319037471830898,0,9.34902839864339,-0.0319037471830898,-0.0319037471830898,-0.0319037471830898,0.0353702402159913
12.5616640281909,0,0.00441577973083164,0,12.5616640281909,0.00441577973083164,0.00441577973083164,0.00441577973083164,0.0138459086615911
17.9920946135937,0,0.0461862043986698,0,17.9920946135937,0.0461862043986698,0.0461862043986698,0.0461862043986698,0.0824026574709236
10.8363107906744,0,-0.028098390818107,0,10.8363107906744,-0.028098390818107,-0.028098390818107,-0.028098390818107,0.071926050301895
11.7003583105711,0,-0.00186774348468509,0,11.7003583105711,-0.00186774348468509,-0.00186774348468509,-0.00186774348468509,0.00589871207554302
14.1717804897526,0,0.027255899623745,0,14.1717804897526,0.027255899623745,0.027255899623745,0.027255899623745,0.0438772018708798
10.4916049522311,0,0.0132463173032987,0,10.4916049522311,0.0132463173032987,0.0132463173032987,0.0132463173032987,0.0267192917518445
12.491172371433,0,0.00616174807970621,0,12.491172371433,0.00616174807970621,0.00616174807970621,0.00616174807970621,0.0405245193389735
14.0579479591907,0,-0.0587492094450672,0,14.0579479591907,-0.0587492094450672,-0.0587492094450672,-0.0587492094450672,0.10091717057124
23.3384346785706,0,0.0173424537425691,0,23.3384346785706,0.0173424537425691,0.0173424537425691,0.0173424537425691,0.0189266195413323
21.0471310356801,0,0.0617673658141888,0,21.0471310356801,0.0617673658141888,0.0617673658141888,0.0617673658141888,0.047052745863464
16.8846431378076,0,0.0592246738975235,0,16.8846431378076,0.0592246738975235,0.0592246738975235,0.0592246738975235,0.0580511049145327
142.027144302285,0,0.0480428181832702,0,142.027144302285,0.0480428181832702,0.0480428181832702,0.0480428181832702,0.0151652887885014
10.8384906759069,0,-0.00221059163205814,0,10.8384906759069,-0.00221059163205814,-0.00221059163205814,-0.00221059163205814,0.0251376149245104
15.3983817607889,0,0.00875331277188317,0,15.3983817607889,0.00875331277188317,0.00875331277188317,0.00875331277188317,0.0553131630412198
14.6925462604222,0,-0.00458452472707301,0,14.6925462604222,-0.00458452472707301,-0.00458452472707301,-0.00458452472707301,0.0444254697733256
12.5310366569707,0,0.0109739413789005,0,12.5310366569707,0.0109739413789005,0.0109739413789005,0.0109739413789005,0.0301771491611757
11.0161041029769,0,-0.0031766917676102,0,11.0161041029769,-0.0031766917676102,-0.0031766917676102,-0.0031766917676102,0.0522005254908412
12.612078023469,0,-0.0597088928688878,0,12.612078023469,-0.0597088928688878,-0.0597088928688878,-0.0597088928688878,0.0322576765582896
27.9381463268887,0,-0.0196646199066465,0,27.9381463268887,-0.0196646199066465,-0.0196646199066465,-0.0196646199066465,0.0266030945529787
28.4056044215739,0,-0.0234835133541325,0,28.4056044215739,-0.0234835133541325,-0.0234835133541325,-0.0234835133541325,0.0460235649191708
13.4368696617468,0,0.0535402362440232,0,13.4368696617468,0.0535402362440232,0.0535402362440232,0.0535402362440232,0.0282079903838013
14.3373106913918,0,-0.0165868652445846,0,14.3373106913918,-0.0165868652445846,-0.0165868652445846,-0.0165868652445846,0.0475684856482902
22.2060190047082,0,0.0109296136202576,0,22.2060190047082,0.0109296136202576,0.0109296136202576,0.0109296136202576,0.111540347340963
NA,NA,NA,NA,NA,NA,NA,NA,NA
3.48138260502119,0,-0.0431716232209931,0,3.48138260502119,-0.0431716232209931,-0.0431716232209931,-0.0431716232209931,0.0321818721032191
5.59197431763262,0,-0.0578220526680145,0,5.59197431763262,-0.0578220526680145,-0.0578220526680145,-0.0578220526680145,0.0290843221745671
7.10118523761685,0,-0.0285278978712163,0,7.10118523761685,-0.0285278978712163,-0.0285278978712163,-0.0285278978712163,0.0595492352872805
8.39406695268219,0,0.0167837864563465,0,8.39406695268219,0.0167837864563465,0.0167837864563465,0.0167837864563465,0.0322473662392579
6.68163411954067,0,0.0399525800720857,0,6.68163411954067,0.0399525800720857,0.0399525800720857,0.0399525800720857,0.0632642521725607
10.9419857642508,0,-0.0876235523401562,0,10.9419857642508,-0.0876235523401562,-0.0876235523401562,-0.0876235523401562,0.0336377588977628
9.567453602661,0,-0.0130573193727359,0,9.567453602661,-0.0130573193727359,-0.0130573193727359,-0.0130573193727359,0.0264340771076804
9.56764954052794,0,-0.00578932875863998,0,9.56764954052794,-0.00578932875863998,-0.00578932875863998,-0.00578932875863998,0.0288617279537588
9.58796747981615,0,0.00725905880614161,0,9.58796747981615,0.00725905880614161,0.00725905880614161,0.00725905880614161,0.0422687684348916
10.3415882006709,0,-0.0979591311963027,0,10.3415882006709,-0.0979591311963027,-0.0979591311963027,-0.0979591311963027,0.0379022425227411
9.03381024943225,0,-0.0258591277728825,0,9.03381024943225,-0.0258591277728825,-0.0258591277728825,-0.0258591277728825,0.0210013285642308
7.292171244769,0,0.0214216184583366,0,7.292171244769,0.0214216184583366,0.0214216184583366,0.0214216184583366,0.00787016036700002
10.6567948708008,0,0.0203455428827325,0,10.6567948708008,0.0203455428827325,0.0203455428827325,0.0203455428827325,0.0367174068081082
15.83958844307,0,0.0399832495665445,0,15.83958844307,0.0399832495665445,0.0399832495665445,0.0399832495665445,0.0130470310288665
17.7014293147066,0,0.0234372077444364,0,17.7014293147066,0.0234372077444364,0.0234372077444364,0.0234372077444364,0.0323786122878216
16.016217440795,0,-0.00369944404825601,0,16.016217440795,-0.00369944404825601,-0.00369944404825601,-0.00369944404825601,0.0376637682579198
13.5036026382197,0,0.0260526179813793,0,13.5036026382197,0.0260526179813793,0.0260526179813793,0.0260526179813793,0.0175137052055195
13.9836050997556,0,-0.0596374353307077,0,13.9836050997556,-0.0596374353307077,-0.0596374353307077,-0.0596374353307077,0.0260159424457815
11.3110693140974,0,0.00982781565554414,0,11.3110693140974,0.00982781565554414,0.00982781565554414,0.00982781565554414,0.0152975413868066
20.6083384757102,0,-0.0196913974375486,0,20.6083384757102,-0.0196913974375486,-0.0196913974375486,-0.0196913974375486,0.0564075951702511
12.3671082351961,0,0.0210231372322994,0,12.3671082351961,0.0210231372322994,0.0210231372322994,0.0210231372322994,0.0160828742749283
12.3654554745313,0,-0.0686880413546458,0,12.3654554745313,-0.0686880413546458,-0.0686880413546458,-0.0686880413546458,0.0513325050706189
19.2556223171704,0,0.0285945738844167,0,19.2556223171704,0.0285945738844167,0.0285945738844167,0.0285945738844167,0.0139726523520546
34.7312424253189,0,0.00360906084633839,0,34.7312424253189,0.00360906084633839,0.00360906084633839,0.00360906084633839,0.017575833019559
54.7209102152747,0,0.0196726221291343,0,54.7209102152747,0.0196726221291343,0.0196726221291343,0.0196726221291343,0.0109274670854921
9.76552332936977,0,0.00564706861610557,0,9.76552332936977,0.00564706861610557,0.00564706861610557,0.00564706861610557,0.022210163633412
8.22166390729103,0,0.0200227074138689,0,8.22166390729103,0.0200227074138689,0.0200227074138689,0.0200227074138689,0.0889316774406693
11.7030101268542,0,0.0664031592294417,0,11.7030101268542,0.0664031592294417,0.0664031592294417,0.0664031592294417,0.0318702419669784
7.36539602284415,0,-0.0247872150245361,0,7.36539602284415,-0.0247872150245361,-0.0247872150245361,-0.0247872150245361,0.114121672795408
9.34902839864339,0,-0.0319037471830898,0,9.34902839864339,-0.0319037471830898,-0.0319037471830898,-0.0319037471830898,0.0353702402159913
12.5616640281909,0,0.00441577973083164,0,12.5616640281909,0.00441577973083164,0.00441577973083164,0.00441577973083164,0.0138459086615911
14.3730090929018,0,0.0402577933052889,0,14.3730090929018,0.0402577933052889,0.0402577933052889,0.0402577933052889,0.116165155005862
10.8363107906744,0,-0.028098390818107,0,10.8363107906744,-0.028098390818107,-0.028098390818107,-0.028098390818107,0.071926050301895
11.7003583105711,0,-0.00186774348468509,0,11.7003583105711,-0.00186774348468509,-0.00186774348468509,-0.00186774348468509,0.00589871207554302
14.1717804897526,0,0.027255899623745,0,14.1717804897526,0.027255899623745,0.027255899623745,0.027255899623745,0.0438772018708798
10.4916049522311,0,0.0132463173032987,0,10.4916049522311,0.0132463173032987,0.0132463173032987,0.0132463173032987,0.0267192917518445
12.491172371433,0,0.00616174807970621,0,12.491172371433,0.00616174807970621,0.00616174807970621,0.00616174807970621,0.0405245193389735
14.0579479591907,0,-0.0587492094450672,0,14.0579479591907,-0.0587492094450672,-0.0587492094450672,-0.0587492094450672,0.10091717057124
23.3384346785706,0,0.0173424537425691,0,23.3384346785706,0.0173424537425691,0.0173424537425691,0.0173424537425691,0.0189266195413323
21.0471310356801,0,0.0617673658141888,0,21.0471310356801,0.0617673658141888,0.0617673658141888,0.0617673658141888,0.047052745863464
16.8846431378076,0,0.0592246738975235,0,16.8846431378076,0.0592246738975235,0.0592246738975235,0.0592246738975235,0.0580511049145327
142.027144302285,0,0.0480428181832702,0,142.027144302285,0.0480428181832702,0.0480428181832702,0.0480428181832702,0.0151652887885014
10.8384906759069,0,-0.00221059163205814,0,10.8384906759069,-0.00221059163205814,-0.00221059163205814,-0.00221059163205814,0.0251376149245104
15.3983817607889,0,0.00875331277188317,0,15.3983817607889,0.00875331277188317,0.00875331277188317,0.00875331277188317,0.0553131630412198
14.6925462604222,0,-0.00458452472707301,0,14.6925462604222,-0.00458452472707301,-0.00458452472707301,-0.00458452472707301,0.0444254697733256
12.5310366569707,0,0.0109739413789005,0,12.5310366569707,0.0109739413789005,0.0109739413789005,0.0109739413789005,0.0301771491611757
11.0161041029769,0,-0.0031766917676102,0,11.0161041029769,-0.0031766917676102,-0.0031766917676102,-0.0031766917676102,0.0522005254908412
12.612078023469,0,-0.0597088928688878,0,12.612078023469,-0.0597088928688878,-0.0597088928688878,-0.0597088928688878,0.0322576765582896
27.9381463268887,0,-0.0196646199066465,0,27.9381463268887,-0.0196646199066465,-0.0196646199066465,-0.0196646199066465,0.0266030945529787
28.4056044215739,0,-0.0234835133541325,0,28.4056044215739,-0.0234835133541325,-0.0234835133541325,-0.0234835133541325,0.0460235649191708
13.4368696617468,0,0.0535402362440232,0,13.4368696617468,0.0535402362440232,0.0535402362440232,0.0535402362440232,0.0282079903838013
14.3373106913918,0,-0.0165868652445846,0,14.3373106913918,-0.0165868652445846,-0.0165868652445846,-0.0165868652445846,0.0475684856482902
22.2060190047082,0,0.0109296136202576,0,22.2060190047082,0.0109296136202576,0.0109296136202576,0.0109296136202576,0.111540347340963
NA,NA,NA,NA,NA,NA,NA,NA,NA
3.48138260502119,0,-0.0431716232209931,0,3.48138260502119,-0.0431716232209931,-0.0431716232209931,-0.0431716232209931,0.0321818721032191
5.59197431763262,0,-0.0578220526680145,0,5.59197431763262,-0.0578220526680145,-0.0578220526680145,-0.0578220526680145,0.0290843221745671
7.10118523761685,0,-0.0285278978712163,0,7.10118523761685,-0.0285278978712163,-0.0285278978712163,-0.0285278978712163,0.0595492352872805
8.39406695268219,0,0.0167837864563465,0,8.39406695268219,0.0167837864563465,0.0167837864563465,0.0167837864563465,0.0322473662392579
6.68163411954067,0,0.0399525800720857,0,6.68163411954067,0.0399525800720857,0.0399525800720857,0.0399525800720857,0.0632642521725607
10.9419857642508,0,-0.0876235523401562,0,10.9419857642508,-0.0876235523401562,-0.0876235523401562,-0.0876235523401562,0.0336377588977628
9.567453602661,0,-0.0130573193727359,0,9.567453602661,-0.0130573193727359,-0.0130573193727359,-0.0130573193727359,0.0264340771076804
9.56764954052794,0,-0.00578932875863998,0,9.56764954052794,-0.00578932875863998,-0.00578932875863998,-0.00578932875863998,0.0288617279537588
9.58796747981615,0,0.00725905880614161,0,9.58796747981615,0.00725905880614161,0.00725905880614161,0.00725905880614161,0.0422687684348916
10.3415882006709,0,-0.0979591311963027,0,10.3415882006709,-0.0979591311963027,-0.0979591311963027,-0.0979591311963027,0.0379022425227411
9.03381024943225,0,-0.0258591277728825,0,9.03381024943225,-0.0258591277728825,-0.0258591277728825,-0.0258591277728825,0.0210013285642308
7.292171244769,0,0.0214216184583366,0,7.292171244769,0.0214216184583366,0.0214216184583366,0.0214216184583366,0.00787016036700002
10.6567948708008,0,0.0203455428827325,0,10.6567948708008,0.0203455428827325,0.0203455428827325,0.0203455428827325,0.0367174068081082
15.83958844307,0,0.0399832495665445,0,15.83958844307,0.0399832495665445,0.0399832495665445,0.0399832495665445,0.0130470310288665
17.7014293147066,0,0.0234372077444364,0,17.7014293147066,0.0234372077444364,0.0234372077444364,0.0234372077444364,0.0323786122878216
16.016217440795,0,-0.00369944404825601,0,16.016217440795,-0.00369944404825601,-0.00369944404825601,-0.00369944404825601,0.0376637682579198
13.5036026382197,0,0.0260526179813793,0,13.5036026382197,0.0260526179813793,0.0260526179813793,0.0260526179813793,0.0175137052055195
13.9836050997556,0,-0.0596374353307077,0,13.9836050997556,-0.0596374353307077,-0.0596374353307077,-0.0596374353307077,0.0260159424457815
11.3110693140974,0,0.00982781565554414,0,11.3110693140974,0.00982781565554414,0.00982781565554414,0.00982781565554414,0.0152975413868066
20.6083384757102,0,-0.0196913974375486,0,20.6083384757102,-0.0196913974375486,-0.0196913974375486,-0.0196913974375486,0.0564075951702511
12.3671082351961,0,0.0210231372322994,0,12.3671082351961,0.0210231372322994,0.0210231372322994,0.0210231372322994,0.0160828742749283
12.3654554745313,0,-0.0686880413546458,0,12.3654554745313,-0.0686880413546458,-0.0686880413546458,-0.0686880413546458,0.0513325050706189
19.2556223171704,0,0.0285945738844167,0,19.2556223171704,0.0285945738844167,0.0285945738844167,0.0285945738844167,0.0139726523520546
34.7312424253189,0,0.00360906084633839,0,34.7312424253189,0.00360906084633839,0.00360906084633839,0.00360906084633839,0.017575833019559
54.7209102152747,0,0.0196726221291343,0,54.7209102152747,0.0196726221291343,0.0196726221291343,0.0196726221291343,0.0109274670854921
9.76552332936977,0,0.00564706861610557,0,9.76552332936977,0.00564706861610557,0.00564706861610557,0.00564706861610557,0.022210163633412
8.22166390729103,0,0.0200227074138689,0,8.22166390729103,0.0200227074138689,0.0200227074138689,0.0200227074138689,0.0889316774406693
11.7030101268542,0,0.0664031592294417,0,11.7030101268542,0.0664031592294417,0.0664031592294417,0.0664031592294417,0.0318702419669784
7.36539602284415,0,-0.0247872150245361,0,7.36539602284415,-0.0247872150245361,-0.0247872150245361,-0.0247872150245361,0.114121672795408
9.34902839864339,0,-0.0319037471830898,0,9.34902839864339,-0.0319037471830898,-0.0319037471830898,-0.0319037471830898,0.0353702402159913
12.5616640281909,0,0.00441577973083164,0,12.5616640281909,0.00441577973083164,0.00441577973083164,0.00441577973083164,0.0138459086615911
14.3730090929018,0,0.0402577933052889,0,14.3730090929018,0.0402577933052889,0.0402577933052889,0.0402577933052889,0.116165155005862
10.8363107906744,0,-0.028098390818107,0,10.8363107906744,-0.028098390818107,-0.028098390818107,-0.028098390818107,0.071926050301895
11.7003583105711,0,-0.00186774348468509,0,11.7003583105711,-0.00186774348468509,-0.00186774348468509,-0.00186774348468509,0.00589871207554302
14.1717804897526,0,0.027255899623745,0,14.1717804897526,0.027255899623745,0.027255899623745,0.027255899623745,0.0438772018708798
10.4916049522311,0,0.0132463173032987,0,10.4916049522311,0.0132463173032987,0.0132463173032987,0.0132463173032987,0.0267192917518445
12.491172371433,0,0.00616174807970621,0,12.491172371433,0.00616174807970621,0.00616174807970621,0.00616174807970621,0.0405245193389735
14.0579479591907,0,-0.0587492094450672,0,14.0579479591907,-0.0587492094450672,-0.0587492094450672,-0.0587492094450672,0.10091717057124
23.3384346785706,0,0.0173424537425691,0,23.3384346785706,0.0173424537425691,0.0173424537425691,0.0173424537425691,0.0189266195413323
21.0471310356801,0,0.0617673658141888,0,21.0471310356801,0.0617673658141888,0.0617673658141888,0.0617673658141888,0.047052745863464
16.8846431378076,0,0.0592246738975235,0,16.8846431378076,0.0592246738975235,0.0592246738975235,0.0592246738975235,0.0580511049145327
142.027144302285,0,0.0480428181832702,0,142.027144302285,0.0480428181832702,0.0480428181832702,0.0480428181832702,0.0151652887885014
10.8384906759069,0,-0.00221059163205814,0,10.8384906759069,-0.00221059163205814,-0.00221059163205814,-0.00221059163205814,0.0251376149245104
15.3983817607889,0,0.00875331277188317,0,15.3983817607889,0.00875331277188317,0.00875331277188317,0.00875331277188317,0.0553131630412198
14.6925462604222,0,-0.00458452472707301,0,14.6925462604222,-0.00458452472707301,-0.00458452472707301,-0.00458452472707301,0.0444254697733256
12.5310366569707,0,0.0109739413789005,0,12.5310366569707,0.0109739413789005,0.0109739413789005,0.0109739413789005,0.0301771491611757
11.0161041029769,0,-0.0031766917676102,0,11.0161041029769,-0.0031766917676102,-0.0031766917676102,-0.0031766917676102,0.0522005254908412
12.612078023469,0,-0.0597088928688878,0,12.612078023469,-0.0597088928688878,-0.0597088928688878,-0.0597088928688878,0.0322576765582896
27.9381463268887,0,-0.0196646199066465,0,27.9381463268887,-0.0196646199066465,-0.0196646199066465,-0.0196646199066465,0.0266030945529787
28.4056044215739,0,-0.0234835133541325,0,28.4056044215739,-0.0234835133541325,-0.0234835133541325,-0.0234835133541325,0.0460235649191708
13.4368696617468,0,0.0535402362440232,0,13.4368696617468,0.0535402362440232,0.0535402362440232,0.0535402362440232,0.0282079903838013
14.3373106913918,0,-0.0165868652445846,0,14.3373106913918,-0.0165868652445846,-0.0165868652445846,-0.0165868652445846,0.0475684856482902
22.2060190047082,0,0.0109296136202576,0,22.2060190047082,0.0109296136202576,0.0109296136202576,0.0109296136202576,0.111540347340963
NA,NA,NA,NA,NA,NA,NA,NA,NA
3.48138260502119,0,-0.0431716232209931,0,3.48138260502119,-0.0431716232209931,-0.0431716232209931,-0.0431716232209931,0.0321818721032191
5.59197431763262,0,-0.0578220526680145,0,5.59197431763262,-0.0578220526680145,-0.0578220526680145,-0.0578220526680145,0.0290843221745671
7.10118523761685,0,-0.0285278978712163,0,7.10118523761685,-0.0285278978712163,-0.0285278978712163,-0.0285278978712163,0.0595492352872805
8.39406695268219,0,0.0167837864563465,0,8.39406695268219,0.0167837864563465,0.0167837864563465,0.0167837864563465,0.0322473662392579
6.68163411954067,0,0.0399525800720857,0,6.68163411954067,0.0399525800720857,0.0399525800720857,0.0399525800720857,0.0632642521725607
10.9419857642508,0,-0.0876235523401562,0,10.9419857642508,-0.0876235523401562,-0.0876235523401562,-0.0876235523401562,0.0336377588977628
9.567453602661,0,-0.0130573193727359,0,9.567453602661,-0.0130573193727359,-0.0130573193727359,-0.0130573193727359,0.0264340771076804
9.56764954052794,0,-0.00578932875863998,0,9.56764954052794,-0.00578932875863998,-0.00578932875863998,-0.00578932875863998,0.0288617279537588
9.58796747981615,0,0.00725905880614161,0,9.58796747981615,0.00725905880614161,0.00725905880614161,0.00725905880614161,0.0422687684348916
10.3415882006709,0,-0.0979591311963027,0,10.3415882006709,-0.0979591311963027,-0.0979591311963027,-0.0979591311963027,0.0379022425227411
9.03381024943225,0,-0.0258591277728825,0,9.03381024943225,-0.0258591277728825,-0.0258591277728825,-0.0258591277728825,0.0210013285642308
7.292171244769,0,0.0214216184583366,0,7.292171244769,0.0214216184583366,0.0214216184583366,0.0214216184583366,0.00787016036700002
10.6567948708008,0,0.0203455428827325,0,10.6567948708008,0.0203455428827325,0.0203455428827325,0.0203455428827325,0.0367174068081082
15.83958844307,0,0.0399832495665445,0,15.83958844307,0.0399832495665445,0.0399832495665445,0.0399832495665445,0.0130470310288665
17.7014293147066,0,0.0234372077444364,0,17.7014293147066,0.0234372077444364,0.0234372077444364,0.0234372077444364,0.0323786122878216
16.016217440795,0,-0.00369944404825601,0,16.016217440795,-0.00369944404825601,-0.00369944404825601,-0.00369944404825601,0.0376637682579198
13.5036026382197,0,0.0260526179813793,0,13.5036026382197,0.0260526179813793,0.0260526179813793,0.0260526179813793,0.0175137052055195
13.9836050997556,0,-0.0596374353307077,0,13.9836050997556,-0.0596374353307077,-0.0596374353307077,-0.0596374353307077,0.0260159424457815
11.3110693140974,0,0.00982781565554414,0,11.3110693140974,0.00982781565554414,0.00982781565554414,0.00982781565554414,0.0152975413868066
20.6083384757102,0,-0.0196913974375486,0,20.6083384757102,-0.0196913974375486,-0.0196913974375486,-0.0196913974375486,0.0564075951702511
12.3671082351961,0,0.0210231372322994,0,12.3671082351961,0.0210231372322994,0.0210231372322994,0.0210231372322994,0.0160828742749283
12.3654554745313,0,-0.0686880413546458,0,12.3654554745313,-0.0686880413546458,-0.0686880413546458,-0.0686880413546458,0.0513325050706189
19.2556223171704,0,0.0285945738844167,0,19.2556223171704,0.0285945738844167,0.0285945738844167,0.0285945738844167,0.0139726523520546
34.7312424253189,0,0.00360906084633839,0,34.7312424253189,0.00360906084633839,0.00360906084633839,0.00360906084633839,0.017575833019559
54.7209102152747,0,0.0196726221291343,0,54.7209102152747,0.0196726221291343,0.0196726221291343,0.0196726221291343,0.0109274670854921
9.76552332936977,0,0.00564706861610557,0,9.76552332936977,0.00564706861610557,0.00564706861610557,0.00564706861610557,0.022210163633412
8.22166390729103,0,0.0200227074138689,0,8.22166390729103,0.0200227074138689,0.0200227074138689,0.0200227074138689,0.0889316774406693
11.7030101268542,0,0.0664031592294417,0,11.7030101268542,0.0664031592294417,0.0664031592294417,0.0664031592294417,0.0318702419669784
7.36539602284415,0,-0.0247872150245361,0,7.36539602284415,-0.0247872150245361,-0.0247872150245361,-0.0247872150245361,0.114121672795408
9.34902839864339,0,-0.0319037471830898,0,9.34902839864339,-0.0319037471830898,-0.0319037471830898,-0.0319037471830898,0.0353702402159913
12.5616640281909,0,0.00441577973083164,0,12.5616640281909,0.00441577973083164,0.00441577973083164,0.00441577973083164,0.0138459086615911
14.3730090929018,0,0.0402577933052889,0,14.3730090929018,0.0402577933052889,0.0402577933052889,0.0402577933052889,0.116165155005862
10.8363107906744,0,-0.028098390818107,0,10.8363107906744,-0.028098390818107,-0.028098390818107,-0.028098390818107,0.071926050301895
11.7003583105711,0,-0.00186774348468509,0,11.7003583105711,-0.00186774348468509,-0.00186774348468509,-0.00186774348468509,0.00589871207554302
14.1717804897526,0,0.027255899623745,0,14.1717804897526,0.027255899623745,0.027255899623745,0.027255899623745,0.0438772018708798
10.4916049522311,0,0.0132463173032987,0,10.4916049522311,0.0132463173032987,0.0132463173032987,0.0132463173032987,0.0267192917518445
12.491172371433,0,0.00616174807970621,0,12.491172371433,0.00616174807970621,0.00616174807970621,0.00616174807970621,0.0405245193389735
14.0579479591907,0,-0.0587492094450672,0,14.0579479591907,-0.0587492094450672,-0.0587492094450672,-0.0587492094450672,0.10091717057124
23.3384346785706,0,0.0173424537425691,0,23.3384346785706,0.0173424537425691,0.0173424537425691,0.0173424537425691,0.0189266195413323
21.0471310356801,0,0.0617673658141888,0,21.0471310356801,0.0617673658141888,0.0617673658141888,0.0617673658141888,0.047052745863464
16.8846431378076,0,0.0592246738975235,0,16.8846431378076,0.0592246738975235,0.0592246738975235,0.0592246738975235,0.0580511049145327
142.027144302285,0,0.0480428181832702,0,142.027144302285,0.0480428181832702,0.0480428181832702,0.0480428181832702,0.0151652887885014
10.8384906759069,0,-0.00221059163205814,0,10.8384906759069,-0.00221059163205814,-0.00221059163205814,-0.00221059163205814,0.0251376149245104
15.3983817607889,0,0.00875331277188317,0,15.3983817607889,0.00875331277188317,0.00875331277188317,0.00875331277188317,0.0553131630412198
14.6925462604222,0,-0.00458452472707301,0,14.6925462604222,-0.00458452472707301,-0.00458452472707301,-0.00458452472707301,0.0444254697733256
12.5310366569707,0,0.0109739413789005,0,12.5310366569707,0.0109739413789005,0.0109739413789005,0.0109739413789005,0.0301771491611757
11.0161041029769,0,-0.0031766917676102,0,11.0161041029769,-0.0031766917676102,-0.0031766917676102,-0.0031766917676102,0.0522005254908412
12.612078023469,0,-0.0597088928688878,0,12.612078023469,-0.0597088928688878,-0.0597088928688878,-0.0597088928688878,0.0322576765582896
27.9381463268887,0,-0.0196646199066465,0,27.9381463268887,-0.0196646199066465,-0.0196646199066465,-0.0196646199066465,0.0266030945529787
28.4056044215739,0,-0.0234835133541325,0,28.4056044215739,-0.0234835133541325,-0.0234835133541325,-0.0234835133541325,0.0460235649191708
13.4368696617468,0,0.0535402362440232,0,13.4368696617468,0.0535402362440232,0.0535402362440232,0.0535402362440232,0.0282079903838013
14.3373106913918,0,-0.0165868652445846,0,14.3373106913918,-0.0165868652445846,-0.0165868652445846,-0.0165868652445846,0.0475684856482902
25.5099330294853,0,-0.0306413696063604,0,25.5099330294853,-0.0306413696063604,-0.0306413696063604,-0.0306413696063604,0.109478352659505
NA,NA,NA,NA,NA,NA,NA,NA,NA
3.48138260502119,0,-0.0431716232209931,0,3.48138260502119,-0.0431716232209931,-0.0431716232209931,-0.0431716232209931,0.0321818721032191
5.59197431763262,0,-0.0578220526680145,0,5.59197431763262,-0.0578220526680145,-0.0578220526680145,-0.0578220526680145,0.0290843221745671
7.10118523761685,0,-0.0285278978712163,0,7.10118523761685,-0.0285278978712163,-0.0285278978712163,-0.0285278978712163,0.0595492352872805
8.39406695268219,0,0.0167837864563465,0,8.39406695268219,0.0167837864563465,0.0167837864563465,0.0167837864563465,0.0322473662392579
6.68163411954067,0,0.0399525800720857,0,6.68163411954067,0.0399525800720857,0.0399525800720857,0.0399525800720857,0.0632642521725607
10.9419857642508,0,-0.0876235523401562,0,10.9419857642508,-0.0876235523401562,-0.0876235523401562,-0.0876235523401562,0.0336377588977628
9.567453602661,0,-0.0130573193727359,0,9.567453602661,-0.0130573193727359,-0.0130573193727359,-0.0130573193727359,0.0264340771076804
9.56764954052794,0,-0.00578932875863998,0,9.56764954052794,-0.00578932875863998,-0.00578932875863998,-0.00578932875863998,0.0288617279537588
9.58796747981615,0,0.00725905880614161,0,9.58796747981615,0.00725905880614161,0.00725905880614161,0.00725905880614161,0.0422687684348916
10.3415882006709,0,-0.0979591311963027,0,10.3415882006709,-0.0979591311963027,-0.0979591311963027,-0.0979591311963027,0.0379022425227411
9.03381024943225,0,-0.0258591277728825,0,9.03381024943225,-0.0258591277728825,-0.0258591277728825,-0.0258591277728825,0.0210013285642308
7.292171244769,0,0.0214216184583366,0,7.292171244769,0.0214216184583366,0.0214216184583366,0.0214216184583366,0.00787016036700002
10.6567948708008,0,0.0203455428827325,0,10.6567948708008,0.0203455428827325,0.0203455428827325,0.0203455428827325,0.0367174068081082
15.83958844307,0,0.0399832495665445,0,15.83958844307,0.0399832495665445,0.0399832495665445,0.0399832495665445,0.0130470310288665
17.7014293147066,0,0.0234372077444364,0,17.7014293147066,0.0234372077444364,0.0234372077444364,0.0234372077444364,0.0323786122878216
16.016217440795,0,-0.00369944404825601,0,16.016217440795,-0.00369944404825601,-0.00369944404825601,-0.00369944404825601,0.0376637682579198
13.5036026382197,0,0.0260526179813793,0,13.5036026382197,0.0260526179813793,0.0260526179813793,0.0260526179813793,0.0175137052055195
13.9836050997556,0,-0.0596374353307077,0,13.9836050997556,-0.0596374353307077,-0.0596374353307077,-0.0596374353307077,0.0260159424457815
11.3110693140974,0,0.00982781565554414,0,11.3110693140974,0.00982781565554414,0.00982781565554414,0.00982781565554414,0.0152975413868066
20.6083384757102,0,-0.0196913974375486,0,20.6083384757102,-0.0196913974375486,-0.0196913974375486,-0.0196913974375486,0.0564075951702511
12.3671082351961,0,0.0210231372322994,0,12.3671082351961,0.0210231372322994,0.0210231372322994,0.0210231372322994,0.0160828742749283
12.3654554745313,0,-0.0686880413546458,0,12.3654554745313,-0.0686880413546458,-0.0686880413546458,-0.0686880413546458,0.0513325050706189
19.2556223171704,0,0.0285945738844167,0,19.2556223171704,0.0285945738844167,0.0285945738844167,0.0285945738844167,0.0139726523520546
34.7312424253189,0,0.00360906084633839,0,34.7312424253189,0.00360906084633839,0.00360906084633839,0.00360906084633839,0.017575833019559
54.7209102152747,0,0.0196726221291343,0,54.7209102152747,0.0196726221291343,0.0196726221291343,0.0196726221291343,0.0109274670854921
9.76552332936977,0,0.00564706861610557,0,9.76552332936977,0.00564706861610557,0.00564706861610557,0.00564706861610557,0.022210163633412
8.22166390729103,0,0.0200227074138689,0,8.22166390729103,0.0200227074138689,0.0200227074138689,0.0200227074138689,0.0889316774406693
11.7030101268542,0,0.0664031592294417,0,11.7030101268542,0.0664031592294417,0.0664031592294417,0.0664031592294417,0.0318702419669784
7.36539602284415,0,-0.0247872150245361,0,7.36539602284415,-0.0247872150245361,-0.0247872150245361,-0.0247872150245361,0.114121672795408
9.34902839864339,0,-0.0319037471830898,0,9.34902839864339,-0.0319037471830898,-0.0319037471830898,-0.0319037471830898,0.0353702402159913
12.5616640281909,0,0.00441577973083164,0,12.5616640281909,0.00441577973083164,0.00441577973083164,0.00441577973083164,0.0138459086615911
14.3730090929018,0,0.0402577933052889,0,14.3730090929018,0.0402577933052889,0.0402577933052889,0.0402577933052889,0.116165155005862
10.8363107906744,0,-0.028098390818107,0,10.8363107906744,-0.028098390818107,-0.028098390818107,-0.028098390818107,0.071926050301895
11.7003583105711,0,-0.00186774348468509,0,11.7003583105711,-0.00186774348468509,-0.00186774348468509,-0.00186774348468509,0.00589871207554302
14.1717804897526,0,0.027255899623745,0,14.1717804897526,0.027255899623745,0.027255899623745,0.027255899623745,0.0438772018708798
10.4916049522311,0,0.0132463173032987,0,10.4916049522311,0.0132463173032987,0.0132463173032987,0.0132463173032987,0.0267192917518445
12.491172371433,0,0.00616174807970621,0,12.491172371433,0.00616174807970621,0.00616174807970621,0.00616174807970621,0.0405245193389735
14.0579479591907,0,-0.0587492094450672,0,14.0579479591907,-0.0587492094450672,-0.0587492094450672,-0.0587492094450672,0.10091717057124
23.3384346785706,0,0.0173424537425691,0,23.3384346785706,0.0173424537425691,0.0173424537425691,0.0173424537425691,0.0189266195413323
21.0471310356801,0,0.0617673658141888,0,21.0471310356801,0.0617673658141888,0.0617673658141888,0.0617673658141888,0.047052745863464
16.8846431378076,0,0.0592246738975235,0,16.8846431378076,0.0592246738975235,0.0592246738975235,0.0592246738975235,0.0580511049145327
142.027144302285,0,0.0480428181832702,0,142.027144302285,0.0480428181832702,0.0480428181832702,0.0480428181832702,0.0151652887885014
10.8384906759069,0,-0.00221059163205814,0,10.8384906759069,-0.00221059163205814,-0.00221059163205814,-0.00221059163205814,0.0251376149245104
15.3983817607889,0,0.00875331277188317,0,15.3983817607889,0.00875331277188317,0.00875331277188317,0.00875331277188317,0.0553131630412198
14.6925462604222,0,-0.00458452472707301,0,14.6925462604222,-0.00458452472707301,-0.00458452472707301,-0.00458452472707301,0.0444254697733256
12.5310366569707,0,0.0109739413789005,0,12.5310366569707,0.0109739413789005,0.0109739413789005,0.0109739413789005,0.0301771491611757
11.0161041029769,0,-0.0031766917676102,0,11.0161041029769,-0.0031766917676102,-0.0031766917676102,-0.0031766917676102,0.0522005254908412
12.612078023469,0,-0.0597088928688878,0,12.612078023469,-0.0597088928688878,-0.0597088928688878,-0.0597088928688878,0.0322576765582896
27.9381463268887,0,-0.0196646199066465,0,27.9381463268887,-0.0196646199066465,-0.0196646199066465,-0.0196646199066465,0.0266030945529787
28.4056044215739,0,-0.0234835133541325,0,28.4056044215739,-0.0234835133541325,-0.0234835133541325,-0.0234835133541325,0.0460235649191708
13.4368696617468,0,0.0535402362440232,0,13.4368696617468,0.0535402362440232,0.0535402362440232,0.0535402362440232,0.0282079903838013
14.3373106913918,0,-0.0165868652445846,0,14.3373106913918,-0.0165868652445846,-0.0165868652445846,-0.0165868652445846,0.0475684856482902
25.5099330294853,0,-0.0306413696063604,0,25.5099330294853,-0.0306413696063604,-0.0306413696063604,-0.0306413696063604,0.109478352659505
NA,NA,NA,NA,NA,NA,NA,NA,NA
3.48138260502119,0,-0.0431716232209931,0,3.48138260502119,-0.0431716232209931,-0.0431716232209931,-0.0431716232209931,0.0321818721032191
5.59197431763262,0,-0.0578220526680145,0,5.59197431763262,-0.0578220526680145,-0.0578220526680145,-0.0578220526680145,0.0290843221745671
7.10118523761685,0,-0.0285278978712163,0,7.10118523761685,-0.0285278978712163,-0.0285278978712163,-0.0285278978712163,0.0595492352872805
8.39406695268219,0,0.0167837864563465,0,8.39406695268219,0.0167837864563465,0.0167837864563465,0.0167837864563465,0.0322473662392579
6.68163411954067,0,0.0399525800720857,0,6.68163411954067,0.0399525800720857,0.0399525800720857,0.0399525800720857,0.0632642521725607
10.9419857642508,0,-0.0876235523401562,0,10.9419857642508,-0.0876235523401562,-0.0876235523401562,-0.0876235523401562,0.0336377588977628
9.567453602661,0,-0.0130573193727359,0,9.567453602661,-0.0130573193727359,-0.0130573193727359,-0.0130573193727359,0.0264340771076804
9.56764954052794,0,-0.00578932875863998,0,9.56764954052794,-0.00578932875863998,-0.00578932875863998,-0.00578932875863998,0.0288617279537588
9.58796747981615,0,0.00725905880614161,0,9.58796747981615,0.00725905880614161,0.00725905880614161,0.00725905880614161,0.0422687684348916
10.3415882006709,0,-0.0979591311963027,0,10.3415882006709,-0.0979591311963027,-0.0979591311963027,-0.0979591311963027,0.0379022425227411
9.03381024943225,0,-0.0258591277728825,0,9.03381024943225,-0.0258591277728825,-0.0258591277728825,-0.0258591277728825,0.0210013285642308
7.292171244769,0,0.0214216184583366,0,7.292171244769,0.0214216184583366,0.0214216184583366,0.0214216184583366,0.00787016036700002
10.6567948708008,0,0.0203455428827325,0,10.6567948708008,0.0203455428827325,0.0203455428827325,0.0203455428827325,0.0367174068081082
15.83958844307,0,0.0399832495665445,0,15.83958844307,0.0399832495665445,0.0399832495665445,0.0399832495665445,0.0130470310288665
17.7014293147066,0,0.0234372077444364,0,17.7014293147066,0.0234372077444364,0.0234372077444364,0.0234372077444364,0.0323786122878216
16.016217440795,0,-0.00369944404825601,0,16.016217440795,-0.00369944404825601,-0.00369944404825601,-0.00369944404825601,0.0376637682579198
13.5036026382197,0,0.0260526179813793,0,13.5036026382197,0.0260526179813793,0.0260526179813793,0.0260526179813793,0.0175137052055195
13.9836050997556,0,-0.0596374353307077,0,13.9836050997556,-0.0596374353307077,-0.0596374353307077,-0.0596374353307077,0.0260159424457815
11.3110693140974,0,0.00982781565554414,0,11.3110693140974,0.00982781565554414,0.00982781565554414,0.00982781565554414,0.0152975413868066
20.6083384757102,0,-0.0196913974375486,0,20.6083384757102,-0.0196913974375486,-0.0196913974375486,-0.0196913974375486,0.0564075951702511
12.3671082351961,0,0.0210231372322994,0,12.3671082351961,0.0210231372322994,0.0210231372322994,0.0210231372322994,0.0160828742749283
12.3654554745313,0,-0.0686880413546458,0,12.3654554745313,-0.0686880413546458,-0.0686880413546458,-0.0686880413546458,0.0513325050706189
19.2556223171704,0,0.0285945738844167,0,19.2556223171704,0.0285945738844167,0.0285945738844167,0.0285945738844167,0.0139726523520546
34.7312424253189,0,0.00360906084633839,0,34.7312424253189,0.00360906084633839,0.00360906084633839,0.00360906084633839,0.017575833019559
54.7209102152747,0,0.0196726221291343,0,54.7209102152747,0.0196726221291343,0.0196726221291343,0.0196726221291343,0.0109274670854921
9.76552332936977,0,0.00564706861610557,0,9.76552332936977,0.00564706861610557,0.00564706861610557,0.00564706861610557,0.022210163633412
8.22166390729103,0,0.0200227074138689,0,8.22166390729103,0.0200227074138689,0.0200227074138689,0.0200227074138689,0.0889316774406693
11.7030101268542,0,0.0664031592294417,0,11.7030101268542,0.0664031592294417,0.0664031592294417,0.0664031592294417,0.0318702419669784
7.36539602284415,0,-0.0247872150245361,0,7.36539602284415,-0.0247872150245361,-0.0247872150245361,-0.0247872150245361,0.114121672795408
9.34902839864339,0,-0.0319037471830898,0,9.34902839864339,-0.0319037471830898,-0.0319037471830898,-0.0319037471830898,0.0353702402159913
12.5616640281909,0,0.00441577973083164,0,12.5616640281909,0.00441577973083164,0.00441577973083164,0.00441577973083164,0.0138459086615911
14.3730090929018,0,0.0402577933052889,0,14.3730090929018,0.0402577933052889,0.0402577933052889,0.0402577933052889,0.116165155005862
10.8363107906744,0,-0.028098390818107,0,10.8363107906744,-0.028098390818107,-0.028098390818107,-0.028098390818107,0.071926050301895
11.7003583105711,0,-0.00186774348468509,0,11.7003583105711,-0.00186774348468509,-0.00186774348468509,-0.00186774348468509,0.00589871207554302
14.1717804897526,0,0.027255899623745,0,14.1717804897526,0.027255899623745,0.027255899623745,0.027255899623745,0.0438772018708798
10.4916049522311,0,0.0132463173032987,0,10.4916049522311,0.0132463173032987,0.0132463173032987,0.0132463173032987,0.0267192917518445
12.491172371433,0,0.00616174807970621,0,12.491172371433,0.00616174807970621,0.00616174807970621,0.00616174807970621,0.0405245193389735
14.0579479591907,0,-0.0587492094450672,0,14.0579479591907,-0.0587492094450672,-0.0587492094450672,-0.0587492094450672,0.10091717057124
23.3384346785706,0,0.0173424537425691,0,23.3384346785706,0.0173424537425691,0.0173424537425691,0.0173424537425691,0.0189266195413323
21.0471310356801,0,0.0617673658141888,0,21.0471310356801,0.0617673658141888,0.0617673658141888,0.0617673658141888,0.047052745863464
16.8846431378076,0,0.0592246738975235,0,16.8846431378076,0.0592246738975235,0.0592246738975235,0.0592246738975235,0.0580511049145327
142.027144302285,0,0.0480428181832702,0,142.027144302285,0.0480428181832702,0.0480428181832702,0.0480428181832702,0.0151652887885014
10.8384906759069,0,-0.00221059163205814,0,10.8384906759069,-0.00221059163205814,-0.00221059163205814,-0.00221059163205814,0.0251376149245104
15.3983817607889,0,0.00875331277188317,0,15.3983817607889,0.00875331277188317,0.00875331277188317,0.00875331277188317,0.0553131630412198
14.6925462604222,0,-0.00458452472707301,0,14.6925462604222,-0.00458452472707301,-0.00458452472707301,-0.00458452472707301,0.0444254697733256
12.5310366569707,0,0.0109739413789005,0,12.5310366569707,0.0109739413789005,0.0109739413789005,0.0109739413789005,0.0301771491611757
11.0161041029769,0,-0.0031766917676102,0,11.0161041029769,-0.0031766917676102,-0.0031766917676102,-0.0031766917676102,0.0522005254908412
12.612078023469,0,-0.0597088928688878,0,12.612078023469,-0.0597088928688878,-0.0597088928688878,-0.0597088928688878,0.0322576765582896
27.9381463268887,0,-0.0196646199066465,0,27.9381463268887,-0.0196646199066465,-0.0196646199066465,-0.0196646199066465,0.0266030945529787
28.4056044215739,0,-0.0234835133541325,0,28.4056044215739,-0.0234835133541325,-0.0234835133541325,-0.0234835133541325,0.0460235649191708
13.4368696617468,0,0.0535402362440232,0,13.4368696617468,0.0535402362440232,0.0535402362440232,0.0535402362440232,0.0282079903838013
14.3373106913918,0,-0.0165868652445846,0,14.3373106913918,-0.0165868652445846,-0.0165868652445846,-0.0165868652445846,0.0475684856482902
25.5099330294853,0,-0.0306413696063604,0,25.5099330294853,-0.0306413696063604,-0.0306413696063604,-0.0306413696063604,0.109478352659505
NA,NA,NA,NA,NA,NA,NA,NA,NA
3.48138260502119,0,-0.0431716232209931,0,3.48138260502119,-0.0431716232209931,-0.0431716232209931,-0.0431716232209931,0.0321818721032191
5.59197431763262,0,-0.0578220526680145,0,5.59197431763262,-0.0578220526680145,-0.0578220526680145,-0.0578220526680145,0.0290843221745671
7.10118523761685,0,-0.0285278978712163,0,7.10118523761685,-0.0285278978712163,-0.0285278978712163,-0.0285278978712163,0.0595492352872805
8.39406695268219,0,0.0167837864563465,0,8.39406695268219,0.0167837864563465,0.0167837864563465,0.0167837864563465,0.0322473662392579
6.68163411954067,0,0.0399525800720857,0,6.68163411954067,0.0399525800720857,0.0399525800720857,0.0399525800720857,0.0632642521725607
10.9419857642508,0,-0.0876235523401562,0,10.9419857642508,-0.0876235523401562,-0.0876235523401562,-0.0876235523401562,0.0336377588977628
9.567453602661,0,-0.0130573193727359,0,9.567453602661,-0.0130573193727359,-0.0130573193727359,-0.0130573193727359,0.0264340771076804
9.56764954052794,0,-0.00578932875863998,0,9.56764954052794,-0.00578932875863998,-0.00578932875863998,-0.00578932875863998,0.0288617279537588
9.58796747981615,0,0.00725905880614161,0,9.58796747981615,0.00725905880614161,0.00725905880614161,0.00725905880614161,0.0422687684348916
10.3415882006709,0,-0.0979591311963027,0,10.3415882006709,-0.0979591311963027,-0.0979591311963027,-0.0979591311963027,0.0379022425227411
9.03381024943225,0,-0.0258591277728825,0,9.03381024943225,-0.0258591277728825,-0.0258591277728825,-0.0258591277728825,0.0210013285642308
7.292171244769,0,0.0214216184583366,0,7.292171244769,0.0214216184583366,0.0214216184583366,0.0214216184583366,0.00787016036700002
10.6567948708008,0,0.0203455428827325,0,10.6567948708008,0.0203455428827325,0.0203455428827325,0.0203455428827325,0.0367174068081082
15.83958844307,0,0.0399832495665445,0,15.83958844307,0.0399832495665445,0.0399832495665445,0.0399832495665445,0.0130470310288665
17.7014293147066,0,0.0234372077444364,0,17.7014293147066,0.0234372077444364,0.0234372077444364,0.0234372077444364,0.0323786122878216
16.016217440795,0,-0.00369944404825601,0,16.016217440795,-0.00369944404825601,-0.00369944404825601,-0.00369944404825601,0.0376637682579198
13.5036026382197,0,0.0260526179813793,0,13.5036026382197,0.0260526179813793,0.0260526179813793,0.0260526179813793,0.0175137052055195
13.9836050997556,0,-0.0596374353307077,0,13.9836050997556,-0.0596374353307077,-0.0596374353307077,-0.0596374353307077,0.0260159424457815
11.3110693140974,0,0.00982781565554414,0,11.3110693140974,0.00982781565554414,0.00982781565554414,0.00982781565554414,0.0152975413868066
20.6083384757102,0,-0.0196913974375486,0,20.6083384757102,-0.0196913974375486,-0.0196913974375486,-0.0196913974375486,0.0564075951702511
12.3671082351961,0,0.0210231372322994,0,12.3671082351961,0.0210231372322994,0.0210231372322994,0.0210231372322994,0.0160828742749283
12.3654554745313,0,-0.0686880413546458,0,12.3654554745313,-0.0686880413546458,-0.0686880413546458,-0.0686880413546458,0.0513325050706189
19.2556223171704,0,0.0285945738844167,0,19.2556223171704,0.0285945738844167,0.0285945738844167,0.0285945738844167,0.0139726523520546
34.7312424253189,0,0.00360906084633839,0,34.7312424253189,0.00360906084633839,0.00360906084633839,0.00360906084633839,0.017575833019559
54.7209102152747,0,0.0196726221291343,0,54.7209102152747,0.0196726221291343,0.0196726221291343,0.0196726221291343,0.0109274670854921
9.76552332936977,0,0.00564706861610557,0,9.76552332936977,0.00564706861610557,0.00564706861610557,0.00564706861610557,0.022210163633412
8.22166390729103,0,0.0200227074138689,0,8.22166390729103,0.0200227074138689,0.0200227074138689,0.0200227074138689,0.0889316774406693
11.7030101268542,0,0.0664031592294417,0,11.7030101268542,0.0664031592294417,0.0664031592294417,0.0664031592294417,0.0318702419669784
7.36539602284415,0,-0.0247872150245361,0,7.36539602284415,-0.0247872150245361,-0.0247872150245361,-0.0247872150245361,0.114121672795408
9.34902839864339,0,-0.0319037471830898,0,9.34902839864339,-0.0319037471830898,-0.0319037471830898,-0.0319037471830898,0.0353702402159913
12.5616640281909,0,0.00441577973083164,0,12.5616640281909,0.00441577973083164,0.00441577973083164,0.00441577973083164,0.0138459086615911
14.3730090929018,0,0.0402577933052889,0,14.3730090929018,0.0402577933052889,0.0402577933052889,0.0402577933052889,0.116165155005862
10.8363107906744,0,-0.028098390818107,0,10.8363107906744,-0.028098390818107,-0.028098390818107,-0.028098390818107,0.071926050301895
11.7003583105711,0,-0.00186774348468509,0,11.7003583105711,-0.00186774348468509,-0.00186774348468509,-0.00186774348468509,0.00589871207554302
14.1717804897526,0,0.027255899623745,0,14.1717804897526,0.027255899623745,0.027255899623745,0.027255899623745,0.0438772018708798
10.4916049522311,0,0.0132463173032987,0,10.4916049522311,0.0132463173032987,0.0132463173032987,0.0132463173032987,0.0267192917518445
12.491172371433,0,0.00616174807970621,0,12.491172371433,0.00616174807970621,0.00616174807970621,0.00616174807970621,0.0405245193389735
30.4779565754724,0,-0.00305502875857645,0,30.4779565754724,-0.00305502875857645,-0.00305502875857645,-0.00305502875857645,0.0609806000151095
23.3384346785706,0,0.0173424537425691,0,23.3384346785706,0.0173424537425691,0.0173424537425691,0.0173424537425691,0.0189266195413323
21.0471310356801,0,0.0617673658141888,0,21.0471310356801,0.0617673658141888,0.0617673658141888,0.0617673658141888,0.047052745863464
16.8846431378076,0,0.0592246738975235,0,16.8846431378076,0.0592246738975235,0.0592246738975235,0.0592246738975235,0.0580511049145327
142.027144302285,0,0.0480428181832702,0,142.027144302285,0.0480428181832702,0.0480428181832702,0.0480428181832702,0.0151652887885014
10.8384906759069,0,-0.00221059163205814,0,10.8384906759069,-0.00221059163205814,-0.00221059163205814,-0.00221059163205814,0.0251376149245104
15.3983817607889,0,0.00875331277188317,0,15.3983817607889,0.00875331277188317,0.00875331277188317,0.00875331277188317,0.0553131630412198
14.6925462604222,0,-0.00458452472707301,0,14.6925462604222,-0.00458452472707301,-0.00458452472707301,-0.00458452472707301,0.0444254697733256
12.5310366569707,0,0.0109739413789005,0,12.5310366569707,0.0109739413789005,0.0109739413789005,0.0109739413789005,0.0301771491611757
11.0161041029769,0,-0.0031766917676102,0,11.0161041029769,-0.0031766917676102,-0.0031766917676102,-0.0031766917676102,0.0522005254908412
12.612078023469,0,-0.0597088928688878,0,12.612078023469,-0.0597088928688878,-0.0597088928688878,-0.0597088928688878,0.0322576765582896
27.9381463268887,0,-0.0196646199066465,0,27.9381463268887,-0.0196646199066465,-0.0196646199066465,-0.0196646199066465,0.0266030945529787
28.4056044215739,0,-0.0234835133541325,0,28.4056044215739,-0.0234835133541325,-0.0234835133541325,-0.0234835133541325,0.0460235649191708
13.4368696617468,0,0.0535402362440232,0,13.4368696617468,0.0535402362440232,0.0535402362440232,0.0535402362440232,0.0282079903838013
14.3373106913918,0,-0.0165868652445846,0,14.3373106913918,-0.0165868652445846,-0.0165868652445846,-0.0165868652445846,0.0475684856482902
25.5099330294853,0,-0.0306413696063604,0,25.5099330294853,-0.0306413696063604,-0.0306413696063604,-0.0306413696063604,0.109478352659505
11.3171115233183,0,-0.0301299566297987,0,11.3171115233183,-0.0301299566297987,-0.0301299566297987,-0.0301299566297987,0.0549217163119364
NA,NA,NA,NA,NA,NA,NA,NA,NA
3.48138260502119,0,-0.0431716232209931,0,3.48138260502119,-0.0431716232209931,-0.0431716232209931,-0.0431716232209931,0.0321818721032191
5.59197431763262,0,-0.0578220526680145,0,5.59197431763262,-0.0578220526680145,-0.0578220526680145,-0.0578220526680145,0.0290843221745671
7.10118523761685,0,-0.0285278978712163,0,7.10118523761685,-0.0285278978712163,-0.0285278978712163,-0.0285278978712163,0.0595492352872805
8.39406695268219,0,0.0167837864563465,0,8.39406695268219,0.0167837864563465,0.0167837864563465,0.0167837864563465,0.0322473662392579
6.68163411954067,0,0.0399525800720857,0,6.68163411954067,0.0399525800720857,0.0399525800720857,0.0399525800720857,0.0632642521725607
10.9419857642508,0,-0.0876235523401562,0,10.9419857642508,-0.0876235523401562,-0.0876235523401562,-0.0876235523401562,0.0336377588977628
9.567453602661,0,-0.0130573193727359,0,9.567453602661,-0.0130573193727359,-0.0130573193727359,-0.0130573193727359,0.0264340771076804
9.56764954052794,0,-0.00578932875863998,0,9.56764954052794,-0.00578932875863998,-0.00578932875863998,-0.00578932875863998,0.0288617279537588
9.58796747981615,0,0.00725905880614161,0,9.58796747981615,0.00725905880614161,0.00725905880614161,0.00725905880614161,0.0422687684348916
10.3415882006709,0,-0.0979591311963027,0,10.3415882006709,-0.0979591311963027,-0.0979591311963027,-0.0979591311963027,0.0379022425227411
9.03381024943225,0,-0.0258591277728825,0,9.03381024943225,-0.0258591277728825,-0.0258591277728825,-0.0258591277728825,0.0210013285642308
7.292171244769,0,0.0214216184583366,0,7.292171244769,0.0214216184583366,0.0214216184583366,0.0214216184583366,0.00787016036700002
10.6567948708008,0,0.0203455428827325,0,10.6567948708008,0.0203455428827325,0.0203455428827325,0.0203455428827325,0.0367174068081082
15.83958844307,0,0.0399832495665445,0,15.83958844307,0.0399832495665445,0.0399832495665445,0.0399832495665445,0.0130470310288665
17.7014293147066,0,0.0234372077444364,0,17.7014293147066,0.0234372077444364,0.0234372077444364,0.0234372077444364,0.0323786122878216
16.016217440795,0,-0.00369944404825601,0,16.016217440795,-0.00369944404825601,-0.00369944404825601,-0.00369944404825601,0.0376637682579198
13.5036026382197,0,0.0260526179813793,0,13.5036026382197,0.0260526179813793,0.0260526179813793,0.0260526179813793,0.0175137052055195
13.9836050997556,0,-0.0596374353307077,0,13.9836050997556,-0.0596374353307077,-0.0596374353307077,-0.0596374353307077,0.0260159424457815
11.3110693140974,0,0.00982781565554414,0,11.3110693140974,0.00982781565554414,0.00982781565554414,0.00982781565554414,0.0152975413868066
20.6083384757102,0,-0.0196913974375486,0,20.6083384757102,-0.0196913974375486,-0.0196913974375486,-0.0196913974375486,0.0564075951702511
12.3671082351961,0,0.0210231372322994,0,12.3671082351961,0.0210231372322994,0.0210231372322994,0.0210231372322994,0.0160828742749283
12.3654554745313,0,-0.0686880413546458,0,12.3654554745313,-0.0686880413546458,-0.0686880413546458,-0.0686880413546458,0.0513325050706189
19.2556223171704,0,0.0285945738844167,0,19.2556223171704,0.0285945738844167,0.0285945738844167,0.0285945738844167,0.0139726523520546
34.7312424253189,0,0.00360906084633839,0,34.7312424253189,0.00360906084633839,0.00360906084633839,0.00360906084633839,0.017575833019559
54.7209102152747,0,0.0196726221291343,0,54.7209102152747,0.0196726221291343,0.0196726221291343,0.0196726221291343,0.0109274670854921
9.76552332936977,0,0.00564706861610557,0,9.76552332936977,0.00564706861610557,0.00564706861610557,0.00564706861610557,0.022210163633412
8.22166390729103,0,0.0200227074138689,0,8.22166390729103,0.0200227074138689,0.0200227074138689,0.0200227074138689,0.0889316774406693
11.7030101268542,0,0.0664031592294417,0,11.7030101268542,0.0664031592294417,0.0664031592294417,0.0664031592294417,0.0318702419669784
7.36539602284415,0,-0.0247872150245361,0,7.36539602284415,-0.0247872150245361,-0.0247872150245361,-0.0247872150245361,0.114121672795408
9.34902839864339,0,-0.0319037471830898,0,9.34902839864339,-0.0319037471830898,-0.0319037471830898,-0.0319037471830898,0.0353702402159913
12.5616640281909,0,0.00441577973083164,0,12.5616640281909,0.00441577973083164,0.00441577973083164,0.00441577973083164,0.0138459086615911
14.3730090929018,0,0.0402577933052889,0,14.3730090929018,0.0402577933052889,0.0402577933052889,0.0402577933052889,0.116165155005862
10.8363107906744,0,-0.028098390818107,0,10.8363107906744,-0.028098390818107,-0.028098390818107,-0.028098390818107,0.071926050301895
11.7003583105711,0,-0.00186774348468509,0,11.7003583105711,-0.00186774348468509,-0.00186774348468509,-0.00186774348468509,0.00589871207554302
14.1717804897526,0,0.027255899623745,0,14.1717804897526,0.027255899623745,0.027255899623745,0.027255899623745,0.0438772018708798
11.3171115233183,0,-0.0301299566297987,0,11.3171115233183,-0.0301299566297987,-0.0301299566297987,-0.0301299566297987,0.0549217163119364
12.491172371433,0,0.00616174807970621,0,12.491172371433,0.00616174807970621,0.00616174807970621,0.00616174807970621,0.0405245193389735
30.4779565754724,0,-0.00305502875857645,0,30.4779565754724,-0.00305502875857645,-0.00305502875857645,-0.00305502875857645,0.0609806000151095
23.3384346785706,0,0.0173424537425691,0,23.3384346785706,0.0173424537425691,0.0173424537425691,0.0173424537425691,0.0189266195413323
21.0471310356801,0,0.0617673658141888,0,21.0471310356801,0.0617673658141888,0.0617673658141888,0.0617673658141888,0.047052745863464
16.8846431378076,0,0.0592246738975235,0,16.8846431378076,0.0592246738975235,0.0592246738975235,0.0592246738975235,0.0580511049145327
142.027144302285,0,0.0480428181832702,0,142.027144302285,0.0480428181832702,0.0480428181832702,0.0480428181832702,0.0151652887885014
10.8384906759069,0,-0.00221059163205814,0,10.8384906759069,-0.00221059163205814,-0.00221059163205814,-0.00221059163205814,0.0251376149245104
15.3983817607889,0,0.00875331277188317,0,15.3983817607889,0.00875331277188317,0.00875331277188317,0.00875331277188317,0.0553131630412198
14.6925462604222,0,-0.00458452472707301,0,14.6925462604222,-0.00458452472707301,-0.00458452472707301,-0.00458452472707301,0.0444254697733256
12.5310366569707,0,0.0109739413789005,0,12.5310366569707,0.0109739413789005,0.0109739413789005,0.0109739413789005,0.0301771491611757
11.0161041029769,0,-0.0031766917676102,0,11.0161041029769,-0.0031766917676102,-0.0031766917676102,-0.0031766917676102,0.0522005254908412
12.612078023469,0,-0.0597088928688878,0,12.612078023469,-0.0597088928688878,-0.0597088928688878,-0.0597088928688878,0.0322576765582896
27.9381463268887,0,-0.0196646199066465,0,27.9381463268887,-0.0196646199066465,-0.0196646199066465,-0.0196646199066465,0.0266030945529787
28.4056044215739,0,-0.0234835133541325,0,28.4056044215739,-0.0234835133541325,-0.0234835133541325,-0.0234835133541325,0.0460235649191708
13.4368696617468,0,0.0535402362440232,0,13.4368696617468,0.0535402362440232,0.0535402362440232,0.0535402362440232,0.0282079903838013
14.3373106913918,0,-0.0165868652445846,0,14.3373106913918,-0.0165868652445846,-0.0165868652445846,-0.0165868652445846,0.0475684856482902
25.5099330294853,0,-0.0306413696063604,0,25.5099330294853,-0.0306413696063604,-0.0306413696063604,-0.0306413696063604,0.109478352659505
NA,NA,NA,NA,NA,NA,NA,NA,NA
3.48138260502119,0,-0.0431716232209931,0,3.48138260502119,-0.0431716232209931,-0.0431716232209931,-0.0431716232209931,0.0321818721032191
5.59197431763262,0,-0.0578220526680145,0,5.59197431763262,-0.0578220526680145,-0.0578220526680145,-0.0578220526680145,0.0290843221745671
7.10118523761685,0,-0.0285278978712163,0,7.10118523761685,-0.0285278978712163,-0.0285278978712163,-0.0285278978712163,0.0595492352872805
8.39406695268219,0,0.0167837864563465,0,8.39406695268219,0.0167837864563465,0.0167837864563465,0.0167837864563465,0.0322473662392579
6.68163411954067,0,0.0399525800720857,0,6.68163411954067,0.0399525800720857,0.0399525800720857,0.0399525800720857,0.0632642521725607
10.9419857642508,0,-0.0876235523401562,0,10.9419857642508,-0.0876235523401562,-0.0876235523401562,-0.0876235523401562,0.0336377588977628
9.567453602661,0,-0.0130573193727359,0,9.567453602661,-0.0130573193727359,-0.0130573193727359,-0.0130573193727359,0.0264340771076804
9.56764954052794,0,-0.00578932875863998,0,9.56764954052794,-0.00578932875863998,-0.00578932875863998,-0.00578932875863998,0.0288617279537588
9.58796747981615,0,0.00725905880614161,0,9.58796747981615,0.00725905880614161,0.00725905880614161,0.00725905880614161,0.0422687684348916
10.3415882006709,0,-0.0979591311963027,0,10.3415882006709,-0.0979591311963027,-0.0979591311963027,-0.0979591311963027,0.0379022425227411
9.03381024943225,0,-0.0258591277728825,0,9.03381024943225,-0.0258591277728825,-0.0258591277728825,-0.0258591277728825,0.0210013285642308
7.292171244769,0,0.0214216184583366,0,7.292171244769,0.0214216184583366,0.0214216184583366,0.0214216184583366,0.00787016036700002
10.6567948708008,0,0.0203455428827325,0,10.6567948708008,0.0203455428827325,0.0203455428827325,0.0203455428827325,0.0367174068081082
15.83958844307,0,0.0399832495665445,0,15.83958844307,0.0399832495665445,0.0399832495665445,0.0399832495665445,0.0130470310288665
17.7014293147066,0,0.0234372077444364,0,17.7014293147066,0.0234372077444364,0.0234372077444364,0.0234372077444364,0.0323786122878216
16.016217440795,0,-0.00369944404825601,0,16.016217440795,-0.00369944404825601,-0.00369944404825601,-0.00369944404825601,0.0376637682579198
13.5036026382197,0,0.0260526179813793,0,13.5036026382197,0.0260526179813793,0.0260526179813793,0.0260526179813793,0.0175137052055195
13.9836050997556,0,-0.0596374353307077,0,13.9836050997556,-0.0596374353307077,-0.0596374353307077,-0.0596374353307077,0.0260159424457815
11.3110693140974,0,0.00982781565554414,0,11.3110693140974,0.00982781565554414,0.00982781565554414,0.00982781565554414,0.0152975413868066
20.6083384757102,0,-0.0196913974375486,0,20.6083384757102,-0.0196913974375486,-0.0196913974375486,-0.0196913974375486,0.0564075951702511
12.3671082351961,0,0.0210231372322994,0,12.3671082351961,0.0210231372322994,0.0210231372322994,0.0210231372322994,0.0160828742749283
12.3654554745313,0,-0.0686880413546458,0,12.3654554745313,-0.0686880413546458,-0.0686880413546458,-0.0686880413546458,0.0513325050706189
19.2556223171704,0,0.0285945738844167,0,19.2556223171704,0.0285945738844167,0.0285945738844167,0.0285945738844167,0.0139726523520546
34.7312424253189,0,0.00360906084633839,0,34.7312424253189,0.00360906084633839,0.00360906084633839,0.00360906084633839,0.017575833019559
54.7209102152747,0,0.0196726221291343,0,54.7209102152747,0.0196726221291343,0.0196726221291343,0.0196726221291343,0.0109274670854921
9.76552332936977,0,0.00564706861610557,0,9.76552332936977,0.00564706861610557,0.00564706861610557,0.00564706861610557,0.022210163633412
8.22166390729103,0,0.0200227074138689,0,8.22166390729103,0.0200227074138689,0.0200227074138689,0.0200227074138689,0.0889316774406693
11.7030101268542,0,0.0664031592294417,0,11.7030101268542,0.0664031592294417,0.0664031592294417,0.0664031592294417,0.0318702419669784
7.36539602284415,0,-0.0247872150245361,0,7.36539602284415,-0.0247872150245361,-0.0247872150245361,-0.0247872150245361,0.114121672795408
9.34902839864339,0,-0.0319037471830898,0,9.34902839864339,-0.0319037471830898,-0.0319037471830898,-0.0319037471830898,0.0353702402159913
12.5616640281909,0,0.00441577973083164,0,12.5616640281909,0.00441577973083164,0.00441577973083164,0.00441577973083164,0.0138459086615911
14.3730090929018,0,0.0402577933052889,0,14.3730090929018,0.0402577933052889,0.0402577933052889,0.0402577933052889,0.116165155005862
10.8363107906744,0,-0.028098390818107,0,10.8363107906744,-0.028098390818107,-0.028098390818107,-0.028098390818107,0.071926050301895
11.7003583105711,0,-0.00186774348468509,0,11.7003583105711,-0.00186774348468509,-0.00186774348468509,-0.00186774348468509,0.00589871207554302
14.1717804897526,0,0.027255899623745,0,14.1717804897526,0.027255899623745,0.027255899623745,0.027255899623745,0.0438772018708798
11.3171115233183,0,-0.0301299566297987,0,11.3171115233183,-0.0301299566297987,-0.0301299566297987,-0.0301299566297987,0.0549217163119364
12.491172371433,0,0.00616174807970621,0,12.491172371433,0.00616174807970621,0.00616174807970621,0.00616174807970621,0.0405245193389735
30.4779565754724,0,-0.00305502875857645,0,30.4779565754724,-0.00305502875857645,-0.00305502875857645,-0.00305502875857645,0.0609806000151095
23.3384346785706,0,0.0173424537425691,0,23.3384346785706,0.0173424537425691,0.0173424537425691,0.0173424537425691,0.0189266195413323
21.0471310356801,0,0.0617673658141888,0,21.0471310356801,0.0617673658141888,0.0617673658141888,0.0617673658141888,0.047052745863464
16.8846431378076,0,0.0592246738975235,0,16.8846431378076,0.0592246738975235,0.0592246738975235,0.0592246738975235,0.0580511049145327
142.027144302285,0,0.0480428181832702,0,142.027144302285,0.0480428181832702,0.0480428181832702,0.0480428181832702,0.0151652887885014
10.8384906759069,0,-0.00221059163205814,0,10.8384906759069,-0.00221059163205814,-0.00221059163205814,-0.00221059163205814,0.0251376149245104
15.3983817607889,0,0.00875331277188317,0,15.3983817607889,0.00875331277188317,0.00875331277188317,0.00875331277188317,0.0553131630412198
14.6925462604222,0,-0.00458452472707301,0,14.6925462604222,-0.00458452472707301,-0.00458452472707301,-0.00458452472707301,0.0444254697733256
12.5310366569707,0,0.0109739413789005,0,12.5310366569707,0.0109739413789005,0.0109739413789005,0.0109739413789005,0.0301771491611757
11.0161041029769,0,-0.0031766917676102,0,11.0161041029769,-0.0031766917676102,-0.0031766917676102,-0.0031766917676102,0.0522005254908412
12.612078023469,0,-0.0597088928688878,0,12.612078023469,-0.0597088928688878,-0.0597088928688878,-0.0597088928688878,0.0322576765582896
27.9381463268887,0,-0.0196646199066465,0,27.9381463268887,-0.0196646199066465,-0.0196646199066465,-0.0196646199066465,0.0266030945529787
28.4056044215739,0,-0.0234835133541325,0,28.4056044215739,-0.0234835133541325,-0.0234835133541325,-0.0234835133541325,0.0460235649191708
13.4368696617468,0,0.0535402362440232,0,13.4368696617468,0.0535402362440232,0.0535402362440232,0.0535402362440232,0.0282079903838013
14.3373106913918,0,-0.0165868652445846,0,14.3373106913918,-0.0165868652445846,-0.0165868652445846,-0.0165868652445846,0.0475684856482902
25.5099330294853,0,-0.0306413696063604,0,25.5099330294853,-0.0306413696063604,-0.0306413696063604,-0.0306413696063604,0.109478352659505
NA,NA,NA,NA,NA,NA,NA,NA,NA
3.48138260502119,0,-0.0431716232209931,0,3.48138260502119,-0.0431716232209931,-0.0431716232209931,-0.0431716232209931,0.0321818721032191
5.59197431763262,0,-0.0578220526680145,0,5.59197431763262,-0.0578220526680145,-0.0578220526680145,-0.0578220526680145,0.0290843221745671
7.10118523761685,0,-0.0285278978712163,0,7.10118523761685,-0.0285278978712163,-0.0285278978712163,-0.0285278978712163,0.0595492352872805
8.39406695268219,0,0.0167837864563465,0,8.39406695268219,0.0167837864563465,0.0167837864563465,0.0167837864563465,0.0322473662392579
6.68163411954067,0,0.0399525800720857,0,6.68163411954067,0.0399525800720857,0.0399525800720857,0.0399525800720857,0.0632642521725607
10.9419857642508,0,-0.0876235523401562,0,10.9419857642508,-0.0876235523401562,-0.0876235523401562,-0.0876235523401562,0.0336377588977628
9.567453602661,0,-0.0130573193727359,0,9.567453602661,-0.0130573193727359,-0.0130573193727359,-0.0130573193727359,0.0264340771076804
9.56764954052794,0,-0.00578932875863998,0,9.56764954052794,-0.00578932875863998,-0.00578932875863998,-0.00578932875863998,0.0288617279537588
9.58796747981615,0,0.00725905880614161,0,9.58796747981615,0.00725905880614161,0.00725905880614161,0.00725905880614161,0.0422687684348916
10.3415882006709,0,-0.0979591311963027,0,10.3415882006709,-0.0979591311963027,-0.0979591311963027,-0.0979591311963027,0.0379022425227411
9.03381024943225,0,-0.0258591277728825,0,9.03381024943225,-0.0258591277728825,-0.0258591277728825,-0.0258591277728825,0.0210013285642308
7.292171244769,0,0.0214216184583366,0,7.292171244769,0.0214216184583366,0.0214216184583366,0.0214216184583366,0.00787016036700002
10.6567948708008,0,0.0203455428827325,0,10.6567948708008,0.0203455428827325,0.0203455428827325,0.0203455428827325,0.0367174068081082
15.83958844307,0,0.0399832495665445,0,15.83958844307,0.0399832495665445,0.0399832495665445,0.0399832495665445,0.0130470310288665
17.7014293147066,0,0.0234372077444364,0,17.7014293147066,0.0234372077444364,0.0234372077444364,0.0234372077444364,0.0323786122878216
16.016217440795,0,-0.00369944404825601,0,16.016217440795,-0.00369944404825601,-0.00369944404825601,-0.00369944404825601,0.0376637682579198
13.5036026382197,0,0.0260526179813793,0,13.5036026382197,0.0260526179813793,0.0260526179813793,0.0260526179813793,0.0175137052055195
13.9836050997556,0,-0.0596374353307077,0,13.9836050997556,-0.0596374353307077,-0.0596374353307077,-0.0596374353307077,0.0260159424457815
11.3110693140974,0,0.00982781565554414,0,11.3110693140974,0.00982781565554414,0.00982781565554414,0.00982781565554414,0.0152975413868066
20.6083384757102,0,-0.0196913974375486,0,20.6083384757102,-0.0196913974375486,-0.0196913974375486,-0.0196913974375486,0.0564075951702511
12.3671082351961,0,0.0210231372322994,0,12.3671082351961,0.0210231372322994,0.0210231372322994,0.0210231372322994,0.0160828742749283
12.3654554745313,0,-0.0686880413546458,0,12.3654554745313,-0.0686880413546458,-0.0686880413546458,-0.0686880413546458,0.0513325050706189
19.2556223171704,0,0.0285945738844167,0,19.2556223171704,0.0285945738844167,0.0285945738844167,0.0285945738844167,0.0139726523520546
34.7312424253189,0,0.00360906084633839,0,34.7312424253189,0.00360906084633839,0.00360906084633839,0.00360906084633839,0.017575833019559
54.7209102152747,0,0.0196726221291343,0,54.7209102152747,0.0196726221291343,0.0196726221291343,0.0196726221291343,0.0109274670854921
9.76552332936977,0,0.00564706861610557,0,9.76552332936977,0.00564706861610557,0.00564706861610557,0.00564706861610557,0.022210163633412
8.22166390729103,0,0.0200227074138689,0,8.22166390729103,0.0200227074138689,0.0200227074138689,0.0200227074138689,0.0889316774406693
11.7030101268542,0,0.0664031592294417,0,11.7030101268542,0.0664031592294417,0.0664031592294417,0.0664031592294417,0.0318702419669784
7.36539602284415,0,-0.0247872150245361,0,7.36539602284415,-0.0247872150245361,-0.0247872150245361,-0.0247872150245361,0.114121672795408
9.34902839864339,0,-0.0319037471830898,0,9.34902839864339,-0.0319037471830898,-0.0319037471830898,-0.0319037471830898,0.0353702402159913
12.5616640281909,0,0.00441577973083164,0,12.5616640281909,0.00441577973083164,0.00441577973083164,0.00441577973083164,0.0138459086615911
14.3730090929018,0,0.0402577933052889,0,14.3730090929018,0.0402577933052889,0.0402577933052889,0.0402577933052889,0.116165155005862
10.8363107906744,0,-0.028098390818107,0,10.8363107906744,-0.028098390818107,-0.028098390818107,-0.028098390818107,0.071926050301895
11.7003583105711,0,-0.00186774348468509,0,11.7003583105711,-0.00186774348468509,-0.00186774348468509,-0.00186774348468509,0.00589871207554302
14.1717804897526,0,0.027255899623745,0,14.1717804897526,0.027255899623745,0.027255899623745,0.027255899623745,0.0438772018708798
11.3171115233183,0,-0.0301299566297987,0,11.3171115233183,-0.0301299566297987,-0.0301299566297987,-0.0301299566297987,0.0549217163119364
12.491172371433,0,0.00616174807970621,0,12.491172371433,0.00616174807970621,0.00616174807970621,0.00616174807970621,0.0405245193389735
30.4779565754724,0,-0.00305502875857645,0,30.4779565754724,-0.00305502875857645,-0.00305502875857645,-0.00305502875857645,0.0609806000151095
23.3384346785706,0,0.0173424537425691,0,23.3384346785706,0.0173424537425691,0.0173424537425691,0.0173424537425691,0.0189266195413323
21.0471310356801,0,0.0617673658141888,0,21.0471310356801,0.0617673658141888,0.0617673658141888,0.0617673658141888,0.047052745863464
16.8846431378076,0,0.0592246738975235,0,16.8846431378076,0.0592246738975235,0.0592246738975235,0.0592246738975235,0.0580511049145327
142.027144302285,0,0.0480428181832702,0,142.027144302285,0.0480428181832702,0.0480428181832702,0.0480428181832702,0.0151652887885014
10.8384906759069,0,-0.00221059163205814,0,10.8384906759069,-0.00221059163205814,-0.00221059163205814,-0.00221059163205814,0.0251376149245104
15.3983817607889,0,0.00875331277188317,0,15.3983817607889,0.00875331277188317,0.00875331277188317,0.00875331277188317,0.0553131630412198
14.6925462604222,0,-0.00458452472707301,0,14.6925462604222,-0.00458452472707301,-0.00458452472707301,-0.00458452472707301,0.0444254697733256
12.5310366569707,0,0.0109739413789005,0,12.5310366569707,0.0109739413789005,0.0109739413789005,0.0109739413789005,0.0301771491611757
11.0161041029769,0,-0.0031766917676102,0,11.0161041029769,-0.0031766917676102,-0.0031766917676102,-0.0031766917676102,0.0522005254908412
12.612078023469,0,-0.0597088928688878,0,12.612078023469,-0.0597088928688878,-0.0597088928688878,-0.0597088928688878,0.0322576765582896
27.9381463268887,0,-0.0196646199066465,0,27.9381463268887,-0.0196646199066465,-0.0196646199066465,-0.0196646199066465,0.0266030945529787
28.4056044215739,0,-0.0234835133541325,0,28.4056044215739,-0.0234835133541325,-0.0234835133541325,-0.0234835133541325,0.0460235649191708
13.4368696617468,0,0.0535402362440232,0,13.4368696617468,0.0535402362440232,0.0535402362440232,0.0535402362440232,0.0282079903838013
14.3373106913918,0,-0.0165868652445846,0,14.3373106913918,-0.0165868652445846,-0.0165868652445846,-0.0165868652445846,0.0475684856482902
25.5099330294853,0,-0.0306413696063604,0,25.5099330294853,-0.0306413696063604,-0.0306413696063604,-0.0306413696063604,0.109478352659505
NA,NA,NA,NA,NA,NA,NA,NA,NA
3.48138260502119,0,-0.0431716232209931,0,3.48138260502119,-0.0431716232209931,-0.0431716232209931,-0.0431716232209931,0.0321818721032191
5.59197431763262,0,-0.0578220526680145,0,5.59197431763262,-0.0578220526680145,-0.0578220526680145,-0.0578220526680145,0.0290843221745671
7.10118523761685,0,-0.0285278978712163,0,7.10118523761685,-0.0285278978712163,-0.0285278978712163,-0.0285278978712163,0.0595492352872805
8.39406695268219,0,0.0167837864563465,0,8.39406695268219,0.0167837864563465,0.0167837864563465,0.0167837864563465,0.0322473662392579
6.68163411954067,0,0.0399525800720857,0,6.68163411954067,0.0399525800720857,0.0399525800720857,0.0399525800720857,0.0632642521725607
10.9419857642508,0,-0.0876235523401562,0,10.9419857642508,-0.0876235523401562,-0.0876235523401562,-0.0876235523401562,0.0336377588977628
9.567453602661,0,-0.0130573193727359,0,9.567453602661,-0.0130573193727359,-0.0130573193727359,-0.0130573193727359,0.0264340771076804
9.56764954052794,0,-0.00578932875863998,0,9.56764954052794,-0.00578932875863998,-0.00578932875863998,-0.00578932875863998,0.0288617279537588
9.58796747981615,0,0.00725905880614161,0,9.58796747981615,0.00725905880614161,0.00725905880614161,0.00725905880614161,0.0422687684348916
10.3415882006709,0,-0.0979591311963027,0,10.3415882006709,-0.0979591311963027,-0.0979591311963027,-0.0979591311963027,0.0379022425227411
9.03381024943225,0,-0.0258591277728825,0,9.03381024943225,-0.0258591277728825,-0.0258591277728825,-0.0258591277728825,0.0210013285642308
7.292171244769,0,0.0214216184583366,0,7.292171244769,0.0214216184583366,0.0214216184583366,0.0214216184583366,0.00787016036700002
10.6567948708008,0,0.0203455428827325,0,10.6567948708008,0.0203455428827325,0.0203455428827325,0.0203455428827325,0.0367174068081082
15.83958844307,0,0.0399832495665445,0,15.83958844307,0.0399832495665445,0.0399832495665445,0.0399832495665445,0.0130470310288665
17.7014293147066,0,0.0234372077444364,0,17.7014293147066,0.0234372077444364,0.0234372077444364,0.0234372077444364,0.0323786122878216
16.016217440795,0,-0.00369944404825601,0,16.016217440795,-0.00369944404825601,-0.00369944404825601,-0.00369944404825601,0.0376637682579198
13.5036026382197,0,0.0260526179813793,0,13.5036026382197,0.0260526179813793,0.0260526179813793,0.0260526179813793,0.0175137052055195
13.9836050997556,0,-0.0596374353307077,0,13.9836050997556,-0.0596374353307077,-0.0596374353307077,-0.0596374353307077,0.0260159424457815
11.3110693140974,0,0.00982781565554414,0,11.3110693140974,0.00982781565554414,0.00982781565554414,0.00982781565554414,0.0152975413868066
20.6083384757102,0,-0.0196913974375486,0,20.6083384757102,-0.0196913974375486,-0.0196913974375486,-0.0196913974375486,0.0564075951702511
12.3671082351961,0,0.0210231372322994,0,12.3671082351961,0.0210231372322994,0.0210231372322994,0.0210231372322994,0.0160828742749283
12.3654554745313,0,-0.0686880413546458,0,12.3654554745313,-0.0686880413546458,-0.0686880413546458,-0.0686880413546458,0.0513325050706189
19.2556223171704,0,0.0285945738844167,0,19.2556223171704,0.0285945738844167,0.0285945738844167,0.0285945738844167,0.0139726523520546
34.7312424253189,0,0.00360906084633839,0,34.7312424253189,0.00360906084633839,0.00360906084633839,0.00360906084633839,0.017575833019559
54.7209102152747,0,0.0196726221291343,0,54.7209102152747,0.0196726221291343,0.0196726221291343,0.0196726221291343,0.0109274670854921
9.76552332936977,0,0.00564706861610557,0,9.76552332936977,0.00564706861610557,0.00564706861610557,0.00564706861610557,0.022210163633412
8.22166390729103,0,0.0200227074138689,0,8.22166390729103,0.0200227074138689,0.0200227074138689,0.0200227074138689,0.0889316774406693
11.7030101268542,0,0.0664031592294417,0,11.7030101268542,0.0664031592294417,0.0664031592294417,0.0664031592294417,0.0318702419669784
7.36539602284415,0,-0.0247872150245361,0,7.36539602284415,-0.0247872150245361,-0.0247872150245361,-0.0247872150245361,0.114121672795408
9.34902839864339,0,-0.0319037471830898,0,9.34902839864339,-0.0319037471830898,-0.0319037471830898,-0.0319037471830898,0.0353702402159913
12.5616640281909,0,0.00441577973083164,0,12.5616640281909,0.00441577973083164,0.00441577973083164,0.00441577973083164,0.0138459086615911
14.3730090929018,0,0.0402577933052889,0,14.3730090929018,0.0402577933052889,0.0402577933052889,0.0402577933052889,0.116165155005862
10.8363107906744,0,-0.028098390818107,0,10.8363107906744,-0.028098390818107,-0.028098390818107,-0.028098390818107,0.071926050301895
11.7003583105711,0,-0.00186774348468509,0,11.7003583105711,-0.00186774348468509,-0.00186774348468509,-0.00186774348468509,0.00589871207554302
14.1717804897526,0,0.027255899623745,0,14.1717804897526,0.027255899623745,0.027255899623745,0.027255899623745,0.0438772018708798
11.3171115233183,0,-0.0301299566297987,0,11.3171115233183,-0.0301299566297987,-0.0301299566297987,-0.0301299566297987,0.0549217163119364
12.491172371433,0,0.00616174807970621,0,12.491172371433,0.00616174807970621,0.00616174807970621,0.00616174807970621,0.0405245193389735
30.4779565754724,0,-0.00305502875857645,0,30.4779565754724,-0.00305502875857645,-0.00305502875857645,-0.00305502875857645,0.0609806000151095
23.3384346785706,0,0.0173424537425691,0,23.3384346785706,0.0173424537425691,0.0173424537425691,0.0173424537425691,0.0189266195413323
21.0471310356801,0,0.0617673658141888,0,21.0471310356801,0.0617673658141888,0.0617673658141888,0.0617673658141888,0.047052745863464
16.8846431378076,0,0.0592246738975235,0,16.8846431378076,0.0592246738975235,0.0592246738975235,0.0592246738975235,0.0580511049145327
142.027144302285,0,0.0480428181832702,0,142.027144302285,0.0480428181832702,0.0480428181832702,0.0480428181832702,0.0151652887885014
10.8384906759069,0,-0.00221059163205814,0,10.8384906759069,-0.00221059163205814,-0.00221059163205814,-0.00221059163205814,0.0251376149245104
15.3983817607889,0,0.00875331277188317,0,15.3983817607889,0.00875331277188317,0.00875331277188317,0.00875331277188317,0.0553131630412198
14.6925462604222,0,-0.00458452472707301,0,14.6925462604222,-0.00458452472707301,-0.00458452472707301,-0.00458452472707301,0.0444254697733256
12.5310366569707,0,0.0109739413789005,0,12.5310366569707,0.0109739413789005,0.0109739413789005,0.0109739413789005,0.0301771491611757
11.0161041029769,0,-0.0031766917676102,0,11.0161041029769,-0.0031766917676102,-0.0031766917676102,-0.0031766917676102,0.0522005254908412
12.612078023469,0,-0.0597088928688878,0,12.612078023469,-0.0597088928688878,-0.0597088928688878,-0.0597088928688878,0.0322576765582896
27.9381463268887,0,-0.0196646199066465,0,27.9381463268887,-0.0196646199066465,-0.0196646199066465,-0.0196646199066465,0.0266030945529787
28.4056044215739,0,-0.0234835133541325,0,28.4056044215739,-0.0234835133541325,-0.0234835133541325,-0.0234835133541325,0.0460235649191708
13.4368696617468,0,0.0535402362440232,0,13.4368696617468,0.0535402362440232,0.0535402362440232,0.0535402362440232,0.0282079903838013
14.3373106913918,0,-0.0165868652445846,0,14.3373106913918,-0.0165868652445846,-0.0165868652445846,-0.0165868652445846,0.0475684856482902
NA,NA,NA,NA,NA,NA,NA,NA,NA
3.48138260502119,0,-0.0431716232209931,0,3.48138260502119,-0.0431716232209931,-0.0431716232209931,-0.0431716232209931,0.0321818721032191
5.59197431763262,0,-0.0578220526680145,0,5.59197431763262,-0.0578220526680145,-0.0578220526680145,-0.0578220526680145,0.0290843221745671
7.10118523761685,0,-0.0285278978712163,0,7.10118523761685,-0.0285278978712163,-0.0285278978712163,-0.0285278978712163,0.0595492352872805
8.39406695268219,0,0.0167837864563465,0,8.39406695268219,0.0167837864563465,0.0167837864563465,0.0167837864563465,0.0322473662392579
6.68163411954067,0,0.0399525800720857,0,6.68163411954067,0.0399525800720857,0.0399525800720857,0.0399525800720857,0.0632642521725607
10.9419857642508,0,-0.0876235523401562,0,10.9419857642508,-0.0876235523401562,-0.0876235523401562,-0.0876235523401562,0.0336377588977628
9.567453602661,0,-0.0130573193727359,0,9.567453602661,-0.0130573193727359,-0.0130573193727359,-0.0130573193727359,0.0264340771076804
9.56764954052794,0,-0.00578932875863998,0,9.56764954052794,-0.00578932875863998,-0.00578932875863998,-0.00578932875863998,0.0288617279537588
9.58796747981615,0,0.00725905880614161,0,9.58796747981615,0.00725905880614161,0.00725905880614161,0.00725905880614161,0.0422687684348916
10.3415882006709,0,-0.0979591311963027,0,10.3415882006709,-0.0979591311963027,-0.0979591311963027,-0.0979591311963027,0.0379022425227411
9.03381024943225,0,-0.0258591277728825,0,9.03381024943225,-0.0258591277728825,-0.0258591277728825,-0.0258591277728825,0.0210013285642308
7.292171244769,0,0.0214216184583366,0,7.292171244769,0.0214216184583366,0.0214216184583366,0.0214216184583366,0.00787016036700002
10.6567948708008,0,0.0203455428827325,0,10.6567948708008,0.0203455428827325,0.0203455428827325,0.0203455428827325,0.0367174068081082
15.83958844307,0,0.0399832495665445,0,15.83958844307,0.0399832495665445,0.0399832495665445,0.0399832495665445,0.0130470310288665
17.7014293147066,0,0.0234372077444364,0,17.7014293147066,0.0234372077444364,0.0234372077444364,0.0234372077444364,0.0323786122878216
16.016217440795,0,-0.00369944404825601,0,16.016217440795,-0.00369944404825601,-0.00369944404825601,-0.00369944404825601,0.0376637682579198
13.5036026382197,0,0.0260526179813793,0,13.5036026382197,0.0260526179813793,0.0260526179813793,0.0260526179813793,0.0175137052055195
13.9836050997556,0,-0.0596374353307077,0,13.9836050997556,-0.0596374353307077,-0.0596374353307077,-0.0596374353307077,0.0260159424457815
11.3110693140974,0,0.00982781565554414,0,11.3110693140974,0.00982781565554414,0.00982781565554414,0.00982781565554414,0.0152975413868066
20.6083384757102,0,-0.0196913974375486,0,20.6083384757102,-0.0196913974375486,-0.0196913974375486,-0.0196913974375486,0.0564075951702511
12.3671082351961,0,0.0210231372322994,0,12.3671082351961,0.0210231372322994,0.0210231372322994,0.0210231372322994,0.0160828742749283
12.3654554745313,0,-0.0686880413546458,0,12.3654554745313,-0.0686880413546458,-0.0686880413546458,-0.0686880413546458,0.0513325050706189
19.2556223171704,0,0.0285945738844167,0,19.2556223171704,0.0285945738844167,0.0285945738844167,0.0285945738844167,0.0139726523520546
34.7312424253189,0,0.00360906084633839,0,34.7312424253189,0.00360906084633839,0.00360906084633839,0.00360906084633839,0.017575833019559
54.7209102152747,0,0.0196726221291343,0,54.7209102152747,0.0196726221291343,0.0196726221291343,0.0196726221291343,0.0109274670854921
9.76552332936977,0,0.00564706861610557,0,9.76552332936977,0.00564706861610557,0.00564706861610557,0.00564706861610557,0.022210163633412
8.22166390729103,0,0.0200227074138689,0,8.22166390729103,0.0200227074138689,0.0200227074138689,0.0200227074138689,0.0889316774406693
11.7030101268542,0,0.0664031592294417,0,11.7030101268542,0.0664031592294417,0.0664031592294417,0.0664031592294417,0.0318702419669784
7.36539602284415,0,-0.0247872150245361,0,7.36539602284415,-0.0247872150245361,-0.0247872150245361,-0.0247872150245361,0.114121672795408
9.34902839864339,0,-0.0319037471830898,0,9.34902839864339,-0.0319037471830898,-0.0319037471830898,-0.0319037471830898,0.0353702402159913
12.5616640281909,0,0.00441577973083164,0,12.5616640281909,0.00441577973083164,0.00441577973083164,0.00441577973083164,0.0138459086615911
14.3730090929018,0,0.0402577933052889,0,14.3730090929018,0.0402577933052889,0.0402577933052889,0.0402577933052889,0.116165155005862
10.8363107906744,0,-0.028098390818107,0,10.8363107906744,-0.028098390818107,-0.028098390818107,-0.028098390818107,0.071926050301895
11.7003583105711,0,-0.00186774348468509,0,11.7003583105711,-0.00186774348468509,-0.00186774348468509,-0.00186774348468509,0.00589871207554302
14.1717804897526,0,0.027255899623745,0,14.1717804897526,0.027255899623745,0.027255899623745,0.027255899623745,0.0438772018708798
11.3171115233183,0,-0.0301299566297987,0,11.3171115233183,-0.0301299566297987,-0.0301299566297987,-0.0301299566297987,0.0549217163119364
12.491172371433,0,0.00616174807970621,0,12.491172371433,0.00616174807970621,0.00616174807970621,0.00616174807970621,0.0405245193389735
30.4779565754724,0,-0.00305502875857645,0,30.4779565754724,-0.00305502875857645,-0.00305502875857645,-0.00305502875857645,0.0609806000151095
23.3384346785706,0,0.0173424537425691,0,23.3384346785706,0.0173424537425691,0.0173424537425691,0.0173424537425691,0.0189266195413323
21.0471310356801,0,0.0617673658141888,0,21.0471310356801,0.0617673658141888,0.0617673658141888,0.0617673658141888,0.047052745863464
16.8846431378076,0,0.0592246738975235,0,16.8846431378076,0.0592246738975235,0.0592246738975235,0.0592246738975235,0.0580511049145327
142.027144302285,0,0.0480428181832702,0,142.027144302285,0.0480428181832702,0.0480428181832702,0.0480428181832702,0.0151652887885014
10.8384906759069,0,-0.00221059163205814,0,10.8384906759069,-0.00221059163205814,-0.00221059163205814,-0.00221059163205814,0.0251376149245104
15.3983817607889,0,0.00875331277188317,0,15.3983817607889,0.00875331277188317,0.00875331277188317,0.00875331277188317,0.0553131630412198
14.6925462604222,0,-0.00458452472707301,0,14.6925462604222,-0.00458452472707301,-0.00458452472707301,-0.00458452472707301,0.0444254697733256
12.5310366569707,0,0.0109739413789005,0,12.5310366569707,0.0109739413789005,0.0109739413789005,0.0109739413789005,0.0301771491611757
11.0161041029769,0,-0.0031766917676102,0,11.0161041029769,-0.0031766917676102,-0.0031766917676102,-0.0031766917676102,0.0522005254908412
12.612078023469,0,-0.0597088928688878,0,12.612078023469,-0.0597088928688878,-0.0597088928688878,-0.0597088928688878,0.0322576765582896
27.9381463268887,0,-0.0196646199066465,0,27.9381463268887,-0.0196646199066465,-0.0196646199066465,-0.0196646199066465,0.0266030945529787
28.4056044215739,0,-0.0234835133541325,0,28.4056044215739,-0.0234835133541325,-0.0234835133541325,-0.0234835133541325,0.0460235649191708
13.4368696617468,0,0.0535402362440232,0,13.4368696617468,0.0535402362440232,0.0535402362440232,0.0535402362440232,0.0282079903838013
14.3373106913918,0,-0.0165868652445846,0,14.3373106913918,-0.0165868652445846,-0.0165868652445846,-0.0165868652445846,0.0475684856482902
NA,NA,NA,NA,NA,NA,NA,NA,NA
3.48138260502119,0,-0.0431716232209931,0,3.48138260502119,-0.0431716232209931,-0.0431716232209931,-0.0431716232209931,0.0321818721032191
5.59197431763262,0,-0.0578220526680145,0,5.59197431763262,-0.0578220526680145,-0.0578220526680145,-0.0578220526680145,0.0290843221745671
7.10118523761685,0,-0.0285278978712163,0,7.10118523761685,-0.0285278978712163,-0.0285278978712163,-0.0285278978712163,0.0595492352872805
8.39406695268219,0,0.0167837864563465,0,8.39406695268219,0.0167837864563465,0.0167837864563465,0.0167837864563465,0.0322473662392579
6.68163411954067,0,0.0399525800720857,0,6.68163411954067,0.0399525800720857,0.0399525800720857,0.0399525800720857,0.0632642521725607
10.9419857642508,0,-0.0876235523401562,0,10.9419857642508,-0.0876235523401562,-0.0876235523401562,-0.0876235523401562,0.0336377588977628
9.567453602661,0,-0.0130573193727359,0,9.567453602661,-0.0130573193727359,-0.0130573193727359,-0.0130573193727359,0.0264340771076804
9.56764954052794,0,-0.00578932875863998,0,9.56764954052794,-0.00578932875863998,-0.00578932875863998,-0.00578932875863998,0.0288617279537588
9.58796747981615,0,0.00725905880614161,0,9.58796747981615,0.00725905880614161,0.00725905880614161,0.00725905880614161,0.0422687684348916
10.3415882006709,0,-0.0979591311963027,0,10.3415882006709,-0.0979591311963027,-0.0979591311963027,-0.0979591311963027,0.0379022425227411
9.03381024943225,0,-0.0258591277728825,0,9.03381024943225,-0.0258591277728825,-0.0258591277728825,-0.0258591277728825,0.0210013285642308
7.292171244769,0,0.0214216184583366,0,7.292171244769,0.0214216184583366,0.0214216184583366,0.0214216184583366,0.00787016036700002
10.6567948708008,0,0.0203455428827325,0,10.6567948708008,0.0203455428827325,0.0203455428827325,0.0203455428827325,0.0367174068081082
15.83958844307,0,0.0399832495665445,0,15.83958844307,0.0399832495665445,0.0399832495665445,0.0399832495665445,0.0130470310288665
17.7014293147066,0,0.0234372077444364,0,17.7014293147066,0.0234372077444364,0.0234372077444364,0.0234372077444364,0.0323786122878216
16.016217440795,0,-0.00369944404825601,0,16.016217440795,-0.00369944404825601,-0.00369944404825601,-0.00369944404825601,0.0376637682579198
13.5036026382197,0,0.0260526179813793,0,13.5036026382197,0.0260526179813793,0.0260526179813793,0.0260526179813793,0.0175137052055195
13.9836050997556,0,-0.0596374353307077,0,13.9836050997556,-0.0596374353307077,-0.0596374353307077,-0.0596374353307077,0.0260159424457815
11.3110693140974,0,0.00982781565554414,0,11.3110693140974,0.00982781565554414,0.00982781565554414,0.00982781565554414,0.0152975413868066
20.6083384757102,0,-0.0196913974375486,0,20.6083384757102,-0.0196913974375486,-0.0196913974375486,-0.0196913974375486,0.0564075951702511
12.3671082351961,0,0.0210231372322994,0,12.3671082351961,0.0210231372322994,0.0210231372322994,0.0210231372322994,0.0160828742749283
12.3654554745313,0,-0.0686880413546458,0,12.3654554745313,-0.0686880413546458,-0.0686880413546458,-0.0686880413546458,0.0513325050706189
19.2556223171704,0,0.0285945738844167,0,19.2556223171704,0.0285945738844167,0.0285945738844167,0.0285945738844167,0.0139726523520546
34.7312424253189,0,0.00360906084633839,0,34.7312424253189,0.00360906084633839,0.00360906084633839,0.00360906084633839,0.017575833019559
54.7209102152747,0,0.0196726221291343,0,54.7209102152747,0.0196726221291343,0.0196726221291343,0.0196726221291343,0.0109274670854921
9.76552332936977,0,0.00564706861610557,0,9.76552332936977,0.00564706861610557,0.00564706861610557,0.00564706861610557,0.022210163633412
8.22166390729103,0,0.0200227074138689,0,8.22166390729103,0.0200227074138689,0.0200227074138689,0.0200227074138689,0.0889316774406693
11.7030101268542,0,0.0664031592294417,0,11.7030101268542,0.0664031592294417,0.0664031592294417,0.0664031592294417,0.0318702419669784
7.36539602284415,0,-0.0247872150245361,0,7.36539602284415,-0.0247872150245361,-0.0247872150245361,-0.0247872150245361,0.114121672795408
9.34902839864339,0,-0.0319037471830898,0,9.34902839864339,-0.0319037471830898,-0.0319037471830898,-0.0319037471830898,0.0353702402159913
12.5616640281909,0,0.00441577973083164,0,12.5616640281909,0.00441577973083164,0.00441577973083164,0.00441577973083164,0.0138459086615911
14.3730090929018,0,0.0402577933052889,0,14.3730090929018,0.0402577933052889,0.0402577933052889,0.0402577933052889,0.116165155005862
10.8363107906744,0,-0.028098390818107,0,10.8363107906744,-0.028098390818107,-0.028098390818107,-0.028098390818107,0.071926050301895
11.7003583105711,0,-0.00186774348468509,0,11.7003583105711,-0.00186774348468509,-0.00186774348468509,-0.00186774348468509,0.00589871207554302
14.1717804897526,0,0.027255899623745,0,14.1717804897526,0.027255899623745,0.027255899623745,0.027255899623745,0.0438772018708798
11.3171115233183,0,-0.0301299566297987,0,11.3171115233183,-0.0301299566297987,-0.0301299566297987,-0.0301299566297987,0.0549217163119364
12.491172371433,0,0.00616174807970621,0,12.491172371433,0.00616174807970621,0.00616174807970621,0.00616174807970621,0.0405245193389735
30.4779565754724,0,-0.00305502875857645,0,30.4779565754724,-0.00305502875857645,-0.00305502875857645,-0.00305502875857645,0.0609806000151095
23.3384346785706,0,0.0173424537425691,0,23.3384346785706,0.0173424537425691,0.0173424537425691,0.0173424537425691,0.0189266195413323
21.0471310356801,0,0.0617673658141888,0,21.0471310356801,0.0617673658141888,0.0617673658141888,0.0617673658141888,0.047052745863464
16.8846431378076,0,0.0592246738975235,0,16.8846431378076,0.0592246738975235,0.0592246738975235,0.0592246738975235,0.0580511049145327
142.027144302285,0,0.0480428181832702,0,142.027144302285,0.0480428181832702,0.0480428181832702,0.0480428181832702,0.0151652887885014
10.8384906759069,0,-0.00221059163205814,0,10.8384906759069,-0.00221059163205814,-0.00221059163205814,-0.00221059163205814,0.0251376149245104
15.3983817607889,0,0.00875331277188317,0,15.3983817607889,0.00875331277188317,0.00875331277188317,0.00875331277188317,0.0553131630412198
14.6925462604222,0,-0.00458452472707301,0,14.6925462604222,-0.00458452472707301,-0.00458452472707301,-0.00458452472707301,0.0444254697733256
12.5310366569707,0,0.0109739413789005,0,12.5310366569707,0.0109739413789005,0.0109739413789005,0.0109739413789005,0.0301771491611757
11.0161041029769,0,-0.0031766917676102,0,11.0161041029769,-0.0031766917676102,-0.0031766917676102,-0.0031766917676102,0.0522005254908412
12.612078023469,0,-0.0597088928688878,0,12.612078023469,-0.0597088928688878,-0.0597088928688878,-0.0597088928688878,0.0322576765582896
27.9381463268887,0,-0.0196646199066465,0,27.9381463268887,-0.0196646199066465,-0.0196646199066465,-0.0196646199066465,0.0266030945529787
28.4056044215739,0,-0.0234835133541325,0,28.4056044215739,-0.0234835133541325,-0.0234835133541325,-0.0234835133541325,0.0460235649191708
13.4368696617468,0,0.0535402362440232,0,13.4368696617468,0.0535402362440232,0.0535402362440232,0.0535402362440232,0.0282079903838013
14.3373106913918,0,-0.0165868652445846,0,14.3373106913918,-0.0165868652445846,-0.0165868652445846,-0.0165868652445846,0.0475684856482902
25.9320346135502,0,-0.0232712391594247,0,25.9320346135502,-0.0232712391594247,-0.0232712391594247,-0.0232712391594247,0.0300519735078187
NA,NA,NA,NA,NA,NA,NA,NA,NA
3.48138260502119,0,-0.0431716232209931,0,3.48138260502119,-0.0431716232209931,-0.0431716232209931,-0.0431716232209931,0.0321818721032191
5.59197431763262,0,-0.0578220526680145,0,5.59197431763262,-0.0578220526680145,-0.0578220526680145,-0.0578220526680145,0.0290843221745671
7.10118523761685,0,-0.0285278978712163,0,7.10118523761685,-0.0285278978712163,-0.0285278978712163,-0.0285278978712163,0.0595492352872805
8.39406695268219,0,0.0167837864563465,0,8.39406695268219,0.0167837864563465,0.0167837864563465,0.0167837864563465,0.0322473662392579
6.68163411954067,0,0.0399525800720857,0,6.68163411954067,0.0399525800720857,0.0399525800720857,0.0399525800720857,0.0632642521725607
10.9419857642508,0,-0.0876235523401562,0,10.9419857642508,-0.0876235523401562,-0.0876235523401562,-0.0876235523401562,0.0336377588977628
9.567453602661,0,-0.0130573193727359,0,9.567453602661,-0.0130573193727359,-0.0130573193727359,-0.0130573193727359,0.0264340771076804
9.56764954052794,0,-0.00578932875863998,0,9.56764954052794,-0.00578932875863998,-0.00578932875863998,-0.00578932875863998,0.0288617279537588
9.58796747981615,0,0.00725905880614161,0,9.58796747981615,0.00725905880614161,0.00725905880614161,0.00725905880614161,0.0422687684348916
10.3415882006709,0,-0.0979591311963027,0,10.3415882006709,-0.0979591311963027,-0.0979591311963027,-0.0979591311963027,0.0379022425227411
9.03381024943225,0,-0.0258591277728825,0,9.03381024943225,-0.0258591277728825,-0.0258591277728825,-0.0258591277728825,0.0210013285642308
7.292171244769,0,0.0214216184583366,0,7.292171244769,0.0214216184583366,0.0214216184583366,0.0214216184583366,0.00787016036700002
10.6567948708008,0,0.0203455428827325,0,10.6567948708008,0.0203455428827325,0.0203455428827325,0.0203455428827325,0.0367174068081082
15.83958844307,0,0.0399832495665445,0,15.83958844307,0.0399832495665445,0.0399832495665445,0.0399832495665445,0.0130470310288665
17.7014293147066,0,0.0234372077444364,0,17.7014293147066,0.0234372077444364,0.0234372077444364,0.0234372077444364,0.0323786122878216
16.016217440795,0,-0.00369944404825601,0,16.016217440795,-0.00369944404825601,-0.00369944404825601,-0.00369944404825601,0.0376637682579198
13.5036026382197,0,0.0260526179813793,0,13.5036026382197,0.0260526179813793,0.0260526179813793,0.0260526179813793,0.0175137052055195
13.9836050997556,0,-0.0596374353307077,0,13.9836050997556,-0.0596374353307077,-0.0596374353307077,-0.0596374353307077,0.0260159424457815
11.3110693140974,0,0.00982781565554414,0,11.3110693140974,0.00982781565554414,0.00982781565554414,0.00982781565554414,0.0152975413868066
20.6083384757102,0,-0.0196913974375486,0,20.6083384757102,-0.0196913974375486,-0.0196913974375486,-0.0196913974375486,0.0564075951702511
12.3671082351961,0,0.0210231372322994,0,12.3671082351961,0.0210231372322994,0.0210231372322994,0.0210231372322994,0.0160828742749283
12.3654554745313,0,-0.0686880413546458,0,12.3654554745313,-0.0686880413546458,-0.0686880413546458,-0.0686880413546458,0.0513325050706189
19.2556223171704,0,0.0285945738844167,0,19.2556223171704,0.0285945738844167,0.0285945738844167,0.0285945738844167,0.0139726523520546
34.7312424253189,0,0.00360906084633839,0,34.7312424253189,0.00360906084633839,0.00360906084633839,0.00360906084633839,0.017575833019559
54.7209102152747,0,0.0196726221291343,0,54.7209102152747,0.0196726221291343,0.0196726221291343,0.0196726221291343,0.0109274670854921
9.76552332936977,0,0.00564706861610557,0,9.76552332936977,0.00564706861610557,0.00564706861610557,0.00564706861610557,0.022210163633412
8.22166390729103,0,0.0200227074138689,0,8.22166390729103,0.0200227074138689,0.0200227074138689,0.0200227074138689,0.0889316774406693
11.7030101268542,0,0.0664031592294417,0,11.7030101268542,0.0664031592294417,0.0664031592294417,0.0664031592294417,0.0318702419669784
7.36539602284415,0,-0.0247872150245361,0,7.36539602284415,-0.0247872150245361,-0.0247872150245361,-0.0247872150245361,0.114121672795408
9.34902839864339,0,-0.0319037471830898,0,9.34902839864339,-0.0319037471830898,-0.0319037471830898,-0.0319037471830898,0.0353702402159913
12.5616640281909,0,0.00441577973083164,0,12.5616640281909,0.00441577973083164,0.00441577973083164,0.00441577973083164,0.0138459086615911
9.90269087384876,0,-0.0238997733934269,0,9.90269087384876,-0.0238997733934269,-0.0238997733934269,-0.0238997733934269,0.140365006537693
10.8363107906744,0,-0.028098390818107,0,10.8363107906744,-0.028098390818107,-0.028098390818107,-0.028098390818107,0.071926050301895
11.7003583105711,0,-0.00186774348468509,0,11.7003583105711,-0.00186774348468509,-0.00186774348468509,-0.00186774348468509,0.00589871207554302
14.1717804897526,0,0.027255899623745,0,14.1717804897526,0.027255899623745,0.027255899623745,0.027255899623745,0.0438772018708798
11.3171115233183,0,-0.0301299566297987,0,11.3171115233183,-0.0301299566297987,-0.0301299566297987,-0.0301299566297987,0.0549217163119364
12.491172371433,0,0.00616174807970621,0,12.491172371433,0.00616174807970621,0.00616174807970621,0.00616174807970621,0.0405245193389735
30.4779565754724,0,-0.00305502875857645,0,30.4779565754724,-0.00305502875857645,-0.00305502875857645,-0.00305502875857645,0.0609806000151095
23.3384346785706,0,0.0173424537425691,0,23.3384346785706,0.0173424537425691,0.0173424537425691,0.0173424537425691,0.0189266195413323
21.0471310356801,0,0.0617673658141888,0,21.0471310356801,0.0617673658141888,0.0617673658141888,0.0617673658141888,0.047052745863464
16.8846431378076,0,0.0592246738975235,0,16.8846431378076,0.0592246738975235,0.0592246738975235,0.0592246738975235,0.0580511049145327
142.027144302285,0,0.0480428181832702,0,142.027144302285,0.0480428181832702,0.0480428181832702,0.0480428181832702,0.0151652887885014
10.8384906759069,0,-0.00221059163205814,0,10.8384906759069,-0.00221059163205814,-0.00221059163205814,-0.00221059163205814,0.0251376149245104
15.3983817607889,0,0.00875331277188317,0,15.3983817607889,0.00875331277188317,0.00875331277188317,0.00875331277188317,0.0553131630412198
14.6925462604222,0,-0.00458452472707301,0,14.6925462604222,-0.00458452472707301,-0.00458452472707301,-0.00458452472707301,0.0444254697733256
12.5310366569707,0,0.0109739413789005,0,12.5310366569707,0.0109739413789005,0.0109739413789005,0.0109739413789005,0.0301771491611757
11.0161041029769,0,-0.0031766917676102,0,11.0161041029769,-0.0031766917676102,-0.0031766917676102,-0.0031766917676102,0.0522005254908412
12.612078023469,0,-0.0597088928688878,0,12.612078023469,-0.0597088928688878,-0.0597088928688878,-0.0597088928688878,0.0322576765582896
27.9381463268887,0,-0.0196646199066465,0,27.9381463268887,-0.0196646199066465,-0.0196646199066465,-0.0196646199066465,0.0266030945529787
28.4056044215739,0,-0.0234835133541325,0,28.4056044215739,-0.0234835133541325,-0.0234835133541325,-0.0234835133541325,0.0460235649191708
13.4368696617468,0,0.0535402362440232,0,13.4368696617468,0.0535402362440232,0.0535402362440232,0.0535402362440232,0.0282079903838013
14.3373106913918,0,-0.0165868652445846,0,14.3373106913918,-0.0165868652445846,-0.0165868652445846,-0.0165868652445846,0.0475684856482902
25.9320346135502,0,-0.0232712391594247,0,25.9320346135502,-0.0232712391594247,-0.0232712391594247,-0.0232712391594247,0.0300519735078187
NA,NA,NA,NA,NA,NA,NA,NA,NA
3.48138260502119,0,-0.0431716232209931,0,3.48138260502119,-0.0431716232209931,-0.0431716232209931,-0.0431716232209931,0.0321818721032191
5.59197431763262,0,-0.0578220526680145,0,5.59197431763262,-0.0578220526680145,-0.0578220526680145,-0.0578220526680145,0.0290843221745671
7.10118523761685,0,-0.0285278978712163,0,7.10118523761685,-0.0285278978712163,-0.0285278978712163,-0.0285278978712163,0.0595492352872805
8.39406695268219,0,0.0167837864563465,0,8.39406695268219,0.0167837864563465,0.0167837864563465,0.0167837864563465,0.0322473662392579
6.68163411954067,0,0.0399525800720857,0,6.68163411954067,0.0399525800720857,0.0399525800720857,0.0399525800720857,0.0632642521725607
10.9419857642508,0,-0.0876235523401562,0,10.9419857642508,-0.0876235523401562,-0.0876235523401562,-0.0876235523401562,0.0336377588977628
9.567453602661,0,-0.0130573193727359,0,9.567453602661,-0.0130573193727359,-0.0130573193727359,-0.0130573193727359,0.0264340771076804
9.56764954052794,0,-0.00578932875863998,0,9.56764954052794,-0.00578932875863998,-0.00578932875863998,-0.00578932875863998,0.0288617279537588
9.58796747981615,0,0.00725905880614161,0,9.58796747981615,0.00725905880614161,0.00725905880614161,0.00725905880614161,0.0422687684348916
10.3415882006709,0,-0.0979591311963027,0,10.3415882006709,-0.0979591311963027,-0.0979591311963027,-0.0979591311963027,0.0379022425227411
9.03381024943225,0,-0.0258591277728825,0,9.03381024943225,-0.0258591277728825,-0.0258591277728825,-0.0258591277728825,0.0210013285642308
7.292171244769,0,0.0214216184583366,0,7.292171244769,0.0214216184583366,0.0214216184583366,0.0214216184583366,0.00787016036700002
10.6567948708008,0,0.0203455428827325,0,10.6567948708008,0.0203455428827325,0.0203455428827325,0.0203455428827325,0.0367174068081082
15.83958844307,0,0.0399832495665445,0,15.83958844307,0.0399832495665445,0.0399832495665445,0.0399832495665445,0.0130470310288665
17.7014293147066,0,0.0234372077444364,0,17.7014293147066,0.0234372077444364,0.0234372077444364,0.0234372077444364,0.0323786122878216
16.016217440795,0,-0.00369944404825601,0,16.016217440795,-0.00369944404825601,-0.00369944404825601,-0.00369944404825601,0.0376637682579198
13.5036026382197,0,0.0260526179813793,0,13.5036026382197,0.0260526179813793,0.0260526179813793,0.0260526179813793,0.0175137052055195
13.9836050997556,0,-0.0596374353307077,0,13.9836050997556,-0.0596374353307077,-0.0596374353307077,-0.0596374353307077,0.0260159424457815
11.3110693140974,0,0.00982781565554414,0,11.3110693140974,0.00982781565554414,0.00982781565554414,0.00982781565554414,0.0152975413868066
20.6083384757102,0,-0.0196913974375486,0,20.6083384757102,-0.0196913974375486,-0.0196913974375486,-0.0196913974375486,0.0564075951702511
12.3671082351961,0,0.0210231372322994,0,12.3671082351961,0.0210231372322994,0.0210231372322994,0.0210231372322994,0.0160828742749283
12.3654554745313,0,-0.0686880413546458,0,12.3654554745313,-0.0686880413546458,-0.0686880413546458,-0.0686880413546458,0.0513325050706189
19.2556223171704,0,0.0285945738844167,0,19.2556223171704,0.0285945738844167,0.0285945738844167,0.0285945738844167,0.0139726523520546
34.7312424253189,0,0.00360906084633839,0,34.7312424253189,0.00360906084633839,0.00360906084633839,0.00360906084633839,0.017575833019559
54.7209102152747,0,0.0196726221291343,0,54.7209102152747,0.0196726221291343,0.0196726221291343,0.0196726221291343,0.0109274670854921
9.76552332936977,0,0.00564706861610557,0,9.76552332936977,0.00564706861610557,0.00564706861610557,0.00564706861610557,0.022210163633412
8.22166390729103,0,0.0200227074138689,0,8.22166390729103,0.0200227074138689,0.0200227074138689,0.0200227074138689,0.0889316774406693
11.7030101268542,0,0.0664031592294417,0,11.7030101268542,0.0664031592294417,0.0664031592294417,0.0664031592294417,0.0318702419669784
7.36539602284415,0,-0.0247872150245361,0,7.36539602284415,-0.0247872150245361,-0.0247872150245361,-0.0247872150245361,0.114121672795408
9.34902839864339,0,-0.0319037471830898,0,9.34902839864339,-0.0319037471830898,-0.0319037471830898,-0.0319037471830898,0.0353702402159913
12.5616640281909,0,0.00441577973083164,0,12.5616640281909,0.00441577973083164,0.00441577973083164,0.00441577973083164,0.0138459086615911
9.90269087384876,0,-0.0238997733934269,0,9.90269087384876,-0.0238997733934269,-0.0238997733934269,-0.0238997733934269,0.140365006537693
10.8363107906744,0,-0.028098390818107,0,10.8363107906744,-0.028098390818107,-0.028098390818107,-0.028098390818107,0.071926050301895
11.7003583105711,0,-0.00186774348468509,0,11.7003583105711,-0.00186774348468509,-0.00186774348468509,-0.00186774348468509,0.00589871207554302
14.1717804897526,0,0.027255899623745,0,14.1717804897526,0.027255899623745,0.027255899623745,0.027255899623745,0.0438772018708798
11.3171115233183,0,-0.0301299566297987,0,11.3171115233183,-0.0301299566297987,-0.0301299566297987,-0.0301299566297987,0.0549217163119364
12.491172371433,0,0.00616174807970621,0,12.491172371433,0.00616174807970621,0.00616174807970621,0.00616174807970621,0.0405245193389735
30.4779565754724,0,-0.00305502875857645,0,30.4779565754724,-0.00305502875857645,-0.00305502875857645,-0.00305502875857645,0.0609806000151095
23.3384346785706,0,0.0173424537425691,0,23.3384346785706,0.0173424537425691,0.0173424537425691,0.0173424537425691,0.0189266195413323
21.0471310356801,0,0.0617673658141888,0,21.0471310356801,0.0617673658141888,0.0617673658141888,0.0617673658141888,0.047052745863464
16.8846431378076,0,0.0592246738975235,0,16.8846431378076,0.0592246738975235,0.0592246738975235,0.0592246738975235,0.0580511049145327
142.027144302285,0,0.0480428181832702,0,142.027144302285,0.0480428181832702,0.0480428181832702,0.0480428181832702,0.0151652887885014
10.8384906759069,0,-0.00221059163205814,0,10.8384906759069,-0.00221059163205814,-0.00221059163205814,-0.00221059163205814,0.0251376149245104
15.3983817607889,0,0.00875331277188317,0,15.3983817607889,0.00875331277188317,0.00875331277188317,0.00875331277188317,0.0553131630412198
14.6925462604222,0,-0.00458452472707301,0,14.6925462604222,-0.00458452472707301,-0.00458452472707301,-0.00458452472707301,0.0444254697733256
12.5310366569707,0,0.0109739413789005,0,12.5310366569707,0.0109739413789005,0.0109739413789005,0.0109739413789005,0.0301771491611757
11.0161041029769,0,-0.0031766917676102,0,11.0161041029769,-0.0031766917676102,-0.0031766917676102,-0.0031766917676102,0.0522005254908412
12.612078023469,0,-0.0597088928688878,0,12.612078023469,-0.0597088928688878,-0.0597088928688878,-0.0597088928688878,0.0322576765582896
27.9381463268887,0,-0.0196646199066465,0,27.9381463268887,-0.0196646199066465,-0.0196646199066465,-0.0196646199066465,0.0266030945529787
28.4056044215739,0,-0.0234835133541325,0,28.4056044215739,-0.0234835133541325,-0.0234835133541325,-0.0234835133541325,0.0460235649191708
13.4368696617468,0,0.0535402362440232,0,13.4368696617468,0.0535402362440232,0.0535402362440232,0.0535402362440232,0.0282079903838013
14.3373106913918,0,-0.0165868652445846,0,14.3373106913918,-0.0165868652445846,-0.0165868652445846,-0.0165868652445846,0.0475684856482902
25.9320346135502,0,-0.0232712391594247,0,25.9320346135502,-0.0232712391594247,-0.0232712391594247,-0.0232712391594247,0.0300519735078187
NA,NA,NA,NA,NA,NA,NA,NA,NA
3.48138260502119,0,-0.0431716232209931,0,3.48138260502119,-0.0431716232209931,-0.0431716232209931,-0.0431716232209931,0.0321818721032191
5.59197431763262,0,-0.0578220526680145,0,5.59197431763262,-0.0578220526680145,-0.0578220526680145,-0.0578220526680145,0.0290843221745671
7.10118523761685,0,-0.0285278978712163,0,7.10118523761685,-0.0285278978712163,-0.0285278978712163,-0.0285278978712163,0.0595492352872805
8.39406695268219,0,0.0167837864563465,0,8.39406695268219,0.0167837864563465,0.0167837864563465,0.0167837864563465,0.0322473662392579
6.68163411954067,0,0.0399525800720857,0,6.68163411954067,0.0399525800720857,0.0399525800720857,0.0399525800720857,0.0632642521725607
10.9419857642508,0,-0.0876235523401562,0,10.9419857642508,-0.0876235523401562,-0.0876235523401562,-0.0876235523401562,0.0336377588977628
9.567453602661,0,-0.0130573193727359,0,9.567453602661,-0.0130573193727359,-0.0130573193727359,-0.0130573193727359,0.0264340771076804
9.56764954052794,0,-0.00578932875863998,0,9.56764954052794,-0.00578932875863998,-0.00578932875863998,-0.00578932875863998,0.0288617279537588
9.58796747981615,0,0.00725905880614161,0,9.58796747981615,0.00725905880614161,0.00725905880614161,0.00725905880614161,0.0422687684348916
10.3415882006709,0,-0.0979591311963027,0,10.3415882006709,-0.0979591311963027,-0.0979591311963027,-0.0979591311963027,0.0379022425227411
9.03381024943225,0,-0.0258591277728825,0,9.03381024943225,-0.0258591277728825,-0.0258591277728825,-0.0258591277728825,0.0210013285642308
7.292171244769,0,0.0214216184583366,0,7.292171244769,0.0214216184583366,0.0214216184583366,0.0214216184583366,0.00787016036700002
10.6567948708008,0,0.0203455428827325,0,10.6567948708008,0.0203455428827325,0.0203455428827325,0.0203455428827325,0.0367174068081082
15.83958844307,0,0.0399832495665445,0,15.83958844307,0.0399832495665445,0.0399832495665445,0.0399832495665445,0.0130470310288665
17.7014293147066,0,0.0234372077444364,0,17.7014293147066,0.0234372077444364,0.0234372077444364,0.0234372077444364,0.0323786122878216
16.016217440795,0,-0.00369944404825601,0,16.016217440795,-0.00369944404825601,-0.00369944404825601,-0.00369944404825601,0.0376637682579198
13.5036026382197,0,0.0260526179813793,0,13.5036026382197,0.0260526179813793,0.0260526179813793,0.0260526179813793,0.0175137052055195
13.9836050997556,0,-0.0596374353307077,0,13.9836050997556,-0.0596374353307077,-0.0596374353307077,-0.0596374353307077,0.0260159424457815
11.3110693140974,0,0.00982781565554414,0,11.3110693140974,0.00982781565554414,0.00982781565554414,0.00982781565554414,0.0152975413868066
20.6083384757102,0,-0.0196913974375486,0,20.6083384757102,-0.0196913974375486,-0.0196913974375486,-0.0196913974375486,0.0564075951702511
12.3671082351961,0,0.0210231372322994,0,12.3671082351961,0.0210231372322994,0.0210231372322994,0.0210231372322994,0.0160828742749283
12.3654554745313,0,-0.0686880413546458,0,12.3654554745313,-0.0686880413546458,-0.0686880413546458,-0.0686880413546458,0.0513325050706189
19.2556223171704,0,0.0285945738844167,0,19.2556223171704,0.0285945738844167,0.0285945738844167,0.0285945738844167,0.0139726523520546
34.7312424253189,0,0.00360906084633839,0,34.7312424253189,0.00360906084633839,0.00360906084633839,0.00360906084633839,0.017575833019559
54.7209102152747,0,0.0196726221291343,0,54.7209102152747,0.0196726221291343,0.0196726221291343,0.0196726221291343,0.0109274670854921
9.76552332936977,0,0.00564706861610557,0,9.76552332936977,0.00564706861610557,0.00564706861610557,0.00564706861610557,0.022210163633412
8.22166390729103,0,0.0200227074138689,0,8.22166390729103,0.0200227074138689,0.0200227074138689,0.0200227074138689,0.0889316774406693
11.7030101268542,0,0.0664031592294417,0,11.7030101268542,0.0664031592294417,0.0664031592294417,0.0664031592294417,0.0318702419669784
7.36539602284415,0,-0.0247872150245361,0,7.36539602284415,-0.0247872150245361,-0.0247872150245361,-0.0247872150245361,0.114121672795408
9.34902839864339,0,-0.0319037471830898,0,9.34902839864339,-0.0319037471830898,-0.0319037471830898,-0.0319037471830898,0.0353702402159913
12.5616640281909,0,0.00441577973083164,0,12.5616640281909,0.00441577973083164,0.00441577973083164,0.00441577973083164,0.0138459086615911
9.90269087384876,0,-0.0238997733934269,0,9.90269087384876,-0.0238997733934269,-0.0238997733934269,-0.0238997733934269,0.140365006537693
10.8363107906744,0,-0.028098390818107,0,10.8363107906744,-0.028098390818107,-0.028098390818107,-0.028098390818107,0.071926050301895
11.7003583105711,0,-0.00186774348468509,0,11.7003583105711,-0.00186774348468509,-0.00186774348468509,-0.00186774348468509,0.00589871207554302
14.1717804897526,0,0.027255899623745,0,14.1717804897526,0.027255899623745,0.027255899623745,0.027255899623745,0.0438772018708798
11.3171115233183,0,-0.0301299566297987,0,11.3171115233183,-0.0301299566297987,-0.0301299566297987,-0.0301299566297987,0.0549217163119364
12.491172371433,0,0.00616174807970621,0,12.491172371433,0.00616174807970621,0.00616174807970621,0.00616174807970621,0.0405245193389735
26.705767275507,0,-0.098143737211913,0,26.705767275507,-0.098143737211913,-0.098143737211913,-0.098143737211913,0.0957453613360952
23.3384346785706,0,0.0173424537425691,0,23.3384346785706,0.0173424537425691,0.0173424537425691,0.0173424537425691,0.0189266195413323
21.0471310356801,0,0.0617673658141888,0,21.0471310356801,0.0617673658141888,0.0617673658141888,0.0617673658141888,0.047052745863464
16.8846431378076,0,0.0592246738975235,0,16.8846431378076,0.0592246738975235,0.0592246738975235,0.0592246738975235,0.0580511049145327
142.027144302285,0,0.0480428181832702,0,142.027144302285,0.0480428181832702,0.0480428181832702,0.0480428181832702,0.0151652887885014
10.8384906759069,0,-0.00221059163205814,0,10.8384906759069,-0.00221059163205814,-0.00221059163205814,-0.00221059163205814,0.0251376149245104
15.3983817607889,0,0.00875331277188317,0,15.3983817607889,0.00875331277188317,0.00875331277188317,0.00875331277188317,0.0553131630412198
14.6925462604222,0,-0.00458452472707301,0,14.6925462604222,-0.00458452472707301,-0.00458452472707301,-0.00458452472707301,0.0444254697733256
12.5310366569707,0,0.0109739413789005,0,12.5310366569707,0.0109739413789005,0.0109739413789005,0.0109739413789005,0.0301771491611757
11.0161041029769,0,-0.0031766917676102,0,11.0161041029769,-0.0031766917676102,-0.0031766917676102,-0.0031766917676102,0.0522005254908412
12.612078023469,0,-0.0597088928688878,0,12.612078023469,-0.0597088928688878,-0.0597088928688878,-0.0597088928688878,0.0322576765582896
27.9381463268887,0,-0.0196646199066465,0,27.9381463268887,-0.0196646199066465,-0.0196646199066465,-0.0196646199066465,0.0266030945529787
28.4056044215739,0,-0.0234835133541325,0,28.4056044215739,-0.0234835133541325,-0.0234835133541325,-0.0234835133541325,0.0460235649191708
13.4368696617468,0,0.0535402362440232,0,13.4368696617468,0.0535402362440232,0.0535402362440232,0.0535402362440232,0.0282079903838013
14.3373106913918,0,-0.0165868652445846,0,14.3373106913918,-0.0165868652445846,-0.0165868652445846,-0.0165868652445846,0.0475684856482902
25.9320346135502,0,-0.0232712391594247,0,25.9320346135502,-0.0232712391594247,-0.0232712391594247,-0.0232712391594247,0.0300519735078187
NA,NA,NA,NA,NA,NA,NA,NA,NA
3.48138260502119,0,-0.0431716232209931,0,3.48138260502119,-0.0431716232209931,-0.0431716232209931,-0.0431716232209931,0.0321818721032191
5.59197431763262,0,-0.0578220526680145,0,5.59197431763262,-0.0578220526680145,-0.0578220526680145,-0.0578220526680145,0.0290843221745671
7.10118523761685,0,-0.0285278978712163,0,7.10118523761685,-0.0285278978712163,-0.0285278978712163,-0.0285278978712163,0.0595492352872805
8.39406695268219,0,0.0167837864563465,0,8.39406695268219,0.0167837864563465,0.0167837864563465,0.0167837864563465,0.0322473662392579
6.68163411954067,0,0.0399525800720857,0,6.68163411954067,0.0399525800720857,0.0399525800720857,0.0399525800720857,0.0632642521725607
10.9419857642508,0,-0.0876235523401562,0,10.9419857642508,-0.0876235523401562,-0.0876235523401562,-0.0876235523401562,0.0336377588977628
9.567453602661,0,-0.0130573193727359,0,9.567453602661,-0.0130573193727359,-0.0130573193727359,-0.0130573193727359,0.0264340771076804
9.56764954052794,0,-0.00578932875863998,0,9.56764954052794,-0.00578932875863998,-0.00578932875863998,-0.00578932875863998,0.0288617279537588
9.58796747981615,0,0.00725905880614161,0,9.58796747981615,0.00725905880614161,0.00725905880614161,0.00725905880614161,0.0422687684348916
10.3415882006709,0,-0.0979591311963027,0,10.3415882006709,-0.0979591311963027,-0.0979591311963027,-0.0979591311963027,0.0379022425227411
9.03381024943225,0,-0.0258591277728825,0,9.03381024943225,-0.0258591277728825,-0.0258591277728825,-0.0258591277728825,0.0210013285642308
7.292171244769,0,0.0214216184583366,0,7.292171244769,0.0214216184583366,0.0214216184583366,0.0214216184583366,0.00787016036700002
10.6567948708008,0,0.0203455428827325,0,10.6567948708008,0.0203455428827325,0.0203455428827325,0.0203455428827325,0.0367174068081082
15.83958844307,0,0.0399832495665445,0,15.83958844307,0.0399832495665445,0.0399832495665445,0.0399832495665445,0.0130470310288665
17.7014293147066,0,0.0234372077444364,0,17.7014293147066,0.0234372077444364,0.0234372077444364,0.0234372077444364,0.0323786122878216
16.016217440795,0,-0.00369944404825601,0,16.016217440795,-0.00369944404825601,-0.00369944404825601,-0.00369944404825601,0.0376637682579198
13.5036026382197,0,0.0260526179813793,0,13.5036026382197,0.0260526179813793,0.0260526179813793,0.0260526179813793,0.0175137052055195
13.9836050997556,0,-0.0596374353307077,0,13.9836050997556,-0.0596374353307077,-0.0596374353307077,-0.0596374353307077,0.0260159424457815
11.3110693140974,0,0.00982781565554414,0,11.3110693140974,0.00982781565554414,0.00982781565554414,0.00982781565554414,0.0152975413868066
20.6083384757102,0,-0.0196913974375486,0,20.6083384757102,-0.0196913974375486,-0.0196913974375486,-0.0196913974375486,0.0564075951702511
12.3671082351961,0,0.0210231372322994,0,12.3671082351961,0.0210231372322994,0.0210231372322994,0.0210231372322994,0.0160828742749283
12.3654554745313,0,-0.0686880413546458,0,12.3654554745313,-0.0686880413546458,-0.0686880413546458,-0.0686880413546458,0.0513325050706189
19.2556223171704,0,0.0285945738844167,0,19.2556223171704,0.0285945738844167,0.0285945738844167,0.0285945738844167,0.0139726523520546
34.7312424253189,0,0.00360906084633839,0,34.7312424253189,0.00360906084633839,0.00360906084633839,0.00360906084633839,0.017575833019559
54.7209102152747,0,0.0196726221291343,0,54.7209102152747,0.0196726221291343,0.0196726221291343,0.0196726221291343,0.0109274670854921
9.76552332936977,0,0.00564706861610557,0,9.76552332936977,0.00564706861610557,0.00564706861610557,0.00564706861610557,0.022210163633412
8.22166390729103,0,0.0200227074138689,0,8.22166390729103,0.0200227074138689,0.0200227074138689,0.0200227074138689,0.0889316774406693
11.7030101268542,0,0.0664031592294417,0,11.7030101268542,0.0664031592294417,0.0664031592294417,0.0664031592294417,0.0318702419669784
7.36539602284415,0,-0.0247872150245361,0,7.36539602284415,-0.0247872150245361,-0.0247872150245361,-0.0247872150245361,0.114121672795408
9.34902839864339,0,-0.0319037471830898,0,9.34902839864339,-0.0319037471830898,-0.0319037471830898,-0.0319037471830898,0.0353702402159913
12.5616640281909,0,0.00441577973083164,0,12.5616640281909,0.00441577973083164,0.00441577973083164,0.00441577973083164,0.0138459086615911
9.90269087384876,0,-0.0238997733934269,0,9.90269087384876,-0.0238997733934269,-0.0238997733934269,-0.0238997733934269,0.140365006537693
10.8363107906744,0,-0.028098390818107,0,10.8363107906744,-0.028098390818107,-0.028098390818107,-0.028098390818107,0.071926050301895
11.7003583105711,0,-0.00186774348468509,0,11.7003583105711,-0.00186774348468509,-0.00186774348468509,-0.00186774348468509,0.00589871207554302
14.1717804897526,0,0.027255899623745,0,14.1717804897526,0.027255899623745,0.027255899623745,0.027255899623745,0.0438772018708798
11.3171115233183,0,-0.0301299566297987,0,11.3171115233183,-0.0301299566297987,-0.0301299566297987,-0.0301299566297987,0.0549217163119364
12.491172371433,0,0.00616174807970621,0,12.491172371433,0.00616174807970621,0.00616174807970621,0.00616174807970621,0.0405245193389735
26.705767275507,0,-0.098143737211913,0,26.705767275507,-0.098143737211913,-0.098143737211913,-0.098143737211913,0.0957453613360952
23.3384346785706,0,0.0173424537425691,0,23.3384346785706,0.0173424537425691,0.0173424537425691,0.0173424537425691,0.0189266195413323
21.0471310356801,0,0.0617673658141888,0,21.0471310356801,0.0617673658141888,0.0617673658141888,0.0617673658141888,0.047052745863464
16.8846431378076,0,0.0592246738975235,0,16.8846431378076,0.0592246738975235,0.0592246738975235,0.0592246738975235,0.0580511049145327
142.027144302285,0,0.0480428181832702,0,142.027144302285,0.0480428181832702,0.0480428181832702,0.0480428181832702,0.0151652887885014
10.8384906759069,0,-0.00221059163205814,0,10.8384906759069,-0.00221059163205814,-0.00221059163205814,-0.00221059163205814,0.0251376149245104
15.3983817607889,0,0.00875331277188317,0,15.3983817607889,0.00875331277188317,0.00875331277188317,0.00875331277188317,0.0553131630412198
14.6925462604222,0,-0.00458452472707301,0,14.6925462604222,-0.00458452472707301,-0.00458452472707301,-0.00458452472707301,0.0444254697733256
12.5310366569707,0,0.0109739413789005,0,12.5310366569707,0.0109739413789005,0.0109739413789005,0.0109739413789005,0.0301771491611757
11.0161041029769,0,-0.0031766917676102,0,11.0161041029769,-0.0031766917676102,-0.0031766917676102,-0.0031766917676102,0.0522005254908412
12.612078023469,0,-0.0597088928688878,0,12.612078023469,-0.0597088928688878,-0.0597088928688878,-0.0597088928688878,0.0322576765582896
27.9381463268887,0,-0.0196646199066465,0,27.9381463268887,-0.0196646199066465,-0.0196646199066465,-0.0196646199066465,0.0266030945529787
28.4056044215739,0,-0.0234835133541325,0,28.4056044215739,-0.0234835133541325,-0.0234835133541325,-0.0234835133541325,0.0460235649191708
13.4368696617468,0,0.0535402362440232,0,13.4368696617468,0.0535402362440232,0.0535402362440232,0.0535402362440232,0.0282079903838013
14.3373106913918,0,-0.0165868652445846,0,14.3373106913918,-0.0165868652445846,-0.0165868652445846,-0.0165868652445846,0.0475684856482902
25.9320346135502,0,-0.0232712391594247,0,25.9320346135502,-0.0232712391594247,-0.0232712391594247,-0.0232712391594247,0.0300519735078187
NA,NA,NA,NA,NA,NA,NA,NA,NA
3.48138260502119,0,-0.0431716232209931,0,3.48138260502119,-0.0431716232209931,-0.0431716232209931,-0.0431716232209931,0.0321818721032191
5.59197431763262,0,-0.0578220526680145,0,5.59197431763262,-0.0578220526680145,-0.0578220526680145,-0.0578220526680145,0.0290843221745671
7.10118523761685,0,-0.0285278978712163,0,7.10118523761685,-0.0285278978712163,-0.0285278978712163,-0.0285278978712163,0.0595492352872805
8.39406695268219,0,0.0167837864563465,0,8.39406695268219,0.0167837864563465,0.0167837864563465,0.0167837864563465,0.0322473662392579
6.68163411954067,0,0.0399525800720857,0,6.68163411954067,0.0399525800720857,0.0399525800720857,0.0399525800720857,0.0632642521725607
10.9419857642508,0,-0.0876235523401562,0,10.9419857642508,-0.0876235523401562,-0.0876235523401562,-0.0876235523401562,0.0336377588977628
9.567453602661,0,-0.0130573193727359,0,9.567453602661,-0.0130573193727359,-0.0130573193727359,-0.0130573193727359,0.0264340771076804
9.56764954052794,0,-0.00578932875863998,0,9.56764954052794,-0.00578932875863998,-0.00578932875863998,-0.00578932875863998,0.0288617279537588
9.58796747981615,0,0.00725905880614161,0,9.58796747981615,0.00725905880614161,0.00725905880614161,0.00725905880614161,0.0422687684348916
10.3415882006709,0,-0.0979591311963027,0,10.3415882006709,-0.0979591311963027,-0.0979591311963027,-0.0979591311963027,0.0379022425227411
9.03381024943225,0,-0.0258591277728825,0,9.03381024943225,-0.0258591277728825,-0.0258591277728825,-0.0258591277728825,0.0210013285642308
7.292171244769,0,0.0214216184583366,0,7.292171244769,0.0214216184583366,0.0214216184583366,0.0214216184583366,0.00787016036700002
10.6567948708008,0,0.0203455428827325,0,10.6567948708008,0.0203455428827325,0.0203455428827325,0.0203455428827325,0.0367174068081082
15.83958844307,0,0.0399832495665445,0,15.83958844307,0.0399832495665445,0.0399832495665445,0.0399832495665445,0.0130470310288665
17.7014293147066,0,0.0234372077444364,0,17.7014293147066,0.0234372077444364,0.0234372077444364,0.0234372077444364,0.0323786122878216
16.016217440795,0,-0.00369944404825601,0,16.016217440795,-0.00369944404825601,-0.00369944404825601,-0.00369944404825601,0.0376637682579198
13.5036026382197,0,0.0260526179813793,0,13.5036026382197,0.0260526179813793,0.0260526179813793,0.0260526179813793,0.0175137052055195
13.9836050997556,0,-0.0596374353307077,0,13.9836050997556,-0.0596374353307077,-0.0596374353307077,-0.0596374353307077,0.0260159424457815
11.3110693140974,0,0.00982781565554414,0,11.3110693140974,0.00982781565554414,0.00982781565554414,0.00982781565554414,0.0152975413868066
20.6083384757102,0,-0.0196913974375486,0,20.6083384757102,-0.0196913974375486,-0.0196913974375486,-0.0196913974375486,0.0564075951702511
12.3671082351961,0,0.0210231372322994,0,12.3671082351961,0.0210231372322994,0.0210231372322994,0.0210231372322994,0.0160828742749283
12.3654554745313,0,-0.0686880413546458,0,12.3654554745313,-0.0686880413546458,-0.0686880413546458,-0.0686880413546458,0.0513325050706189
19.2556223171704,0,0.0285945738844167,0,19.2556223171704,0.0285945738844167,0.0285945738844167,0.0285945738844167,0.0139726523520546
34.7312424253189,0,0.00360906084633839,0,34.7312424253189,0.00360906084633839,0.00360906084633839,0.00360906084633839,0.017575833019559
54.7209102152747,0,0.0196726221291343,0,54.7209102152747,0.0196726221291343,0.0196726221291343,0.0196726221291343,0.0109274670854921
9.76552332936977,0,0.00564706861610557,0,9.76552332936977,0.00564706861610557,0.00564706861610557,0.00564706861610557,0.022210163633412
8.22166390729103,0,0.0200227074138689,0,8.22166390729103,0.0200227074138689,0.0200227074138689,0.0200227074138689,0.0889316774406693
11.7030101268542,0,0.0664031592294417,0,11.7030101268542,0.0664031592294417,0.0664031592294417,0.0664031592294417,0.0318702419669784
7.36539602284415,0,-0.0247872150245361,0,7.36539602284415,-0.0247872150245361,-0.0247872150245361,-0.0247872150245361,0.114121672795408
9.34902839864339,0,-0.0319037471830898,0,9.34902839864339,-0.0319037471830898,-0.0319037471830898,-0.0319037471830898,0.0353702402159913
12.5616640281909,0,0.00441577973083164,0,12.5616640281909,0.00441577973083164,0.00441577973083164,0.00441577973083164,0.0138459086615911
9.90269087384876,0,-0.0238997733934269,0,9.90269087384876,-0.0238997733934269,-0.0238997733934269,-0.0238997733934269,0.140365006537693
10.8363107906744,0,-0.028098390818107,0,10.8363107906744,-0.028098390818107,-0.028098390818107,-0.028098390818107,0.071926050301895
11.7003583105711,0,-0.00186774348468509,0,11.7003583105711,-0.00186774348468509,-0.00186774348468509,-0.00186774348468509,0.00589871207554302
14.1717804897526,0,0.027255899623745,0,14.1717804897526,0.027255899623745,0.027255899623745,0.027255899623745,0.0438772018708798
11.3171115233183,0,-0.0301299566297987,0,11.3171115233183,-0.0301299566297987,-0.0301299566297987,-0.0301299566297987,0.0549217163119364
12.491172371433,0,0.00616174807970621,0,12.491172371433,0.00616174807970621,0.00616174807970621,0.00616174807970621,0.0405245193389735
26.705767275507,0,-0.098143737211913,0,26.705767275507,-0.098143737211913,-0.098143737211913,-0.098143737211913,0.0957453613360952
23.3384346785706,0,0.0173424537425691,0,23.3384346785706,0.0173424537425691,0.0173424537425691,0.0173424537425691,0.0189266195413323
21.0471310356801,0,0.0617673658141888,0,21.0471310356801,0.0617673658141888,0.0617673658141888,0.0617673658141888,0.047052745863464
16.8846431378076,0,0.0592246738975235,0,16.8846431378076,0.0592246738975235,0.0592246738975235,0.0592246738975235,0.0580511049145327
142.027144302285,0,0.0480428181832702,0,142.027144302285,0.0480428181832702,0.0480428181832702,0.0480428181832702,0.0151652887885014
10.8384906759069,0,-0.00221059163205814,0,10.8384906759069,-0.00221059163205814,-0.00221059163205814,-0.00221059163205814,0.0251376149245104
15.3983817607889,0,0.00875331277188317,0,15.3983817607889,0.00875331277188317,0.00875331277188317,0.00875331277188317,0.0553131630412198
14.6925462604222,0,-0.00458452472707301,0,14.6925462604222,-0.00458452472707301,-0.00458452472707301,-0.00458452472707301,0.0444254697733256
12.5310366569707,0,0.0109739413789005,0,12.5310366569707,0.0109739413789005,0.0109739413789005,0.0109739413789005,0.0301771491611757
11.0161041029769,0,-0.0031766917676102,0,11.0161041029769,-0.0031766917676102,-0.0031766917676102,-0.0031766917676102,0.0522005254908412
12.612078023469,0,-0.0597088928688878,0,12.612078023469,-0.0597088928688878,-0.0597088928688878,-0.0597088928688878,0.0322576765582896
27.9381463268887,0,-0.0196646199066465,0,27.9381463268887,-0.0196646199066465,-0.0196646199066465,-0.0196646199066465,0.0266030945529787
28.4056044215739,0,-0.0234835133541325,0,28.4056044215739,-0.0234835133541325,-0.0234835133541325,-0.0234835133541325,0.0460235649191708
13.4368696617468,0,0.0535402362440232,0,13.4368696617468,0.0535402362440232,0.0535402362440232,0.0535402362440232,0.0282079903838013
14.3373106913918,0,-0.0165868652445846,0,14.3373106913918,-0.0165868652445846,-0.0165868652445846,-0.0165868652445846,0.0475684856482902
25.9320346135502,0,-0.0232712391594247,0,25.9320346135502,-0.0232712391594247,-0.0232712391594247,-0.0232712391594247,0.0300519735078187
NA,NA,NA,NA,NA,NA,NA,NA,NA
3.48138260502119,0,-0.0431716232209931,0,3.48138260502119,-0.0431716232209931,-0.0431716232209931,-0.0431716232209931,0.0321818721032191
5.59197431763262,0,-0.0578220526680145,0,5.59197431763262,-0.0578220526680145,-0.0578220526680145,-0.0578220526680145,0.0290843221745671
7.10118523761685,0,-0.0285278978712163,0,7.10118523761685,-0.0285278978712163,-0.0285278978712163,-0.0285278978712163,0.0595492352872805
8.39406695268219,0,0.0167837864563465,0,8.39406695268219,0.0167837864563465,0.0167837864563465,0.0167837864563465,0.0322473662392579
6.68163411954067,0,0.0399525800720857,0,6.68163411954067,0.0399525800720857,0.0399525800720857,0.0399525800720857,0.0632642521725607
10.9419857642508,0,-0.0876235523401562,0,10.9419857642508,-0.0876235523401562,-0.0876235523401562,-0.0876235523401562,0.0336377588977628
9.567453602661,0,-0.0130573193727359,0,9.567453602661,-0.0130573193727359,-0.0130573193727359,-0.0130573193727359,0.0264340771076804
9.56764954052794,0,-0.00578932875863998,0,9.56764954052794,-0.00578932875863998,-0.00578932875863998,-0.00578932875863998,0.0288617279537588
9.58796747981615,0,0.00725905880614161,0,9.58796747981615,0.00725905880614161,0.00725905880614161,0.00725905880614161,0.0422687684348916
10.3415882006709,0,-0.0979591311963027,0,10.3415882006709,-0.0979591311963027,-0.0979591311963027,-0.0979591311963027,0.0379022425227411
9.03381024943225,0,-0.0258591277728825,0,9.03381024943225,-0.0258591277728825,-0.0258591277728825,-0.0258591277728825,0.0210013285642308
7.292171244769,0,0.0214216184583366,0,7.292171244769,0.0214216184583366,0.0214216184583366,0.0214216184583366,0.00787016036700002
10.6567948708008,0,0.0203455428827325,0,10.6567948708008,0.0203455428827325,0.0203455428827325,0.0203455428827325,0.0367174068081082
15.83958844307,0,0.0399832495665445,0,15.83958844307,0.0399832495665445,0.0399832495665445,0.0399832495665445,0.0130470310288665
17.7014293147066,0,0.0234372077444364,0,17.7014293147066,0.0234372077444364,0.0234372077444364,0.0234372077444364,0.0323786122878216
16.016217440795,0,-0.00369944404825601,0,16.016217440795,-0.00369944404825601,-0.00369944404825601,-0.00369944404825601,0.0376637682579198
13.5036026382197,0,0.0260526179813793,0,13.5036026382197,0.0260526179813793,0.0260526179813793,0.0260526179813793,0.0175137052055195
13.9836050997556,0,-0.0596374353307077,0,13.9836050997556,-0.0596374353307077,-0.0596374353307077,-0.0596374353307077,0.0260159424457815
11.3110693140974,0,0.00982781565554414,0,11.3110693140974,0.00982781565554414,0.00982781565554414,0.00982781565554414,0.0152975413868066
20.6083384757102,0,-0.0196913974375486,0,20.6083384757102,-0.0196913974375486,-0.0196913974375486,-0.0196913974375486,0.0564075951702511
12.3671082351961,0,0.0210231372322994,0,12.3671082351961,0.0210231372322994,0.0210231372322994,0.0210231372322994,0.0160828742749283
12.3654554745313,0,-0.0686880413546458,0,12.3654554745313,-0.0686880413546458,-0.0686880413546458,-0.0686880413546458,0.0513325050706189
19.2556223171704,0,0.0285945738844167,0,19.2556223171704,0.0285945738844167,0.0285945738844167,0.0285945738844167,0.0139726523520546
34.7312424253189,0,0.00360906084633839,0,34.7312424253189,0.00360906084633839,0.00360906084633839,0.00360906084633839,0.017575833019559
54.7209102152747,0,0.0196726221291343,0,54.7209102152747,0.0196726221291343,0.0196726221291343,0.0196726221291343,0.0109274670854921
9.76552332936977,0,0.00564706861610557,0,9.76552332936977,0.00564706861610557,0.00564706861610557,0.00564706861610557,0.022210163633412
8.22166390729103,0,0.0200227074138689,0,8.22166390729103,0.0200227074138689,0.0200227074138689,0.0200227074138689,0.0889316774406693
11.7030101268542,0,0.0664031592294417,0,11.7030101268542,0.0664031592294417,0.0664031592294417,0.0664031592294417,0.0318702419669784
7.36539602284415,0,-0.0247872150245361,0,7.36539602284415,-0.0247872150245361,-0.0247872150245361,-0.0247872150245361,0.114121672795408
9.34902839864339,0,-0.0319037471830898,0,9.34902839864339,-0.0319037471830898,-0.0319037471830898,-0.0319037471830898,0.0353702402159913
12.5616640281909,0,0.00441577973083164,0,12.5616640281909,0.00441577973083164,0.00441577973083164,0.00441577973083164,0.0138459086615911
9.90269087384876,0,-0.0238997733934269,0,9.90269087384876,-0.0238997733934269,-0.0238997733934269,-0.0238997733934269,0.140365006537693
10.8363107906744,0,-0.028098390818107,0,10.8363107906744,-0.028098390818107,-0.028098390818107,-0.028098390818107,0.071926050301895
11.7003583105711,0,-0.00186774348468509,0,11.7003583105711,-0.00186774348468509,-0.00186774348468509,-0.00186774348468509,0.00589871207554302
14.1717804897526,0,0.027255899623745,0,14.1717804897526,0.027255899623745,0.027255899623745,0.027255899623745,0.0438772018708798
11.3171115233183,0,-0.0301299566297987,0,11.3171115233183,-0.0301299566297987,-0.0301299566297987,-0.0301299566297987,0.0549217163119364
12.491172371433,0,0.00616174807970621,0,12.491172371433,0.00616174807970621,0.00616174807970621,0.00616174807970621,0.0405245193389735
26.705767275507,0,-0.098143737211913,0,26.705767275507,-0.098143737211913,-0.098143737211913,-0.098143737211913,0.0957453613360952
23.3384346785706,0,0.0173424537425691,0,23.3384346785706,0.0173424537425691,0.0173424537425691,0.0173424537425691,0.0189266195413323
21.0471310356801,0,0.0617673658141888,0,21.0471310356801,0.0617673658141888,0.0617673658141888,0.0617673658141888,0.047052745863464
16.8846431378076,0,0.0592246738975235,0,16.8846431378076,0.0592246738975235,0.0592246738975235,0.0592246738975235,0.0580511049145327
142.027144302285,0,0.0480428181832702,0,142.027144302285,0.0480428181832702,0.0480428181832702,0.0480428181832702,0.0151652887885014
10.8384906759069,0,-0.00221059163205814,0,10.8384906759069,-0.00221059163205814,-0.00221059163205814,-0.00221059163205814,0.0251376149245104
15.3983817607889,0,0.00875331277188317,0,15.3983817607889,0.00875331277188317,0.00875331277188317,0.00875331277188317,0.0553131630412198
14.6925462604222,0,-0.00458452472707301,0,14.6925462604222,-0.00458452472707301,-0.00458452472707301,-0.00458452472707301,0.0444254697733256
12.5310366569707,0,0.0109739413789005,0,12.5310366569707,0.0109739413789005,0.0109739413789005,0.0109739413789005,0.0301771491611757
11.0161041029769,0,-0.0031766917676102,0,11.0161041029769,-0.0031766917676102,-0.0031766917676102,-0.0031766917676102,0.0522005254908412
12.612078023469,0,-0.0597088928688878,0,12.612078023469,-0.0597088928688878,-0.0597088928688878,-0.0597088928688878,0.0322576765582896
27.9381463268887,0,-0.0196646199066465,0,27.9381463268887,-0.0196646199066465,-0.0196646199066465,-0.0196646199066465,0.0266030945529787
28.4056044215739,0,-0.0234835133541325,0,28.4056044215739,-0.0234835133541325,-0.0234835133541325,-0.0234835133541325,0.0460235649191708
13.4368696617468,0,0.0535402362440232,0,13.4368696617468,0.0535402362440232,0.0535402362440232,0.0535402362440232,0.0282079903838013
14.3373106913918,0,-0.0165868652445846,0,14.3373106913918,-0.0165868652445846,-0.0165868652445846,-0.0165868652445846,0.0475684856482902
25.9320346135502,0,-0.0232712391594247,0,25.9320346135502,-0.0232712391594247,-0.0232712391594247,-0.0232712391594247,0.0300519735078187
NA,NA,NA,NA,NA,NA,NA,NA,NA
3.48138260502119,0,-0.0431716232209931,0,3.48138260502119,-0.0431716232209931,-0.0431716232209931,-0.0431716232209931,0.0321818721032191
5.59197431763262,0,-0.0578220526680145,0,5.59197431763262,-0.0578220526680145,-0.0578220526680145,-0.0578220526680145,0.0290843221745671
7.10118523761685,0,-0.0285278978712163,0,7.10118523761685,-0.0285278978712163,-0.0285278978712163,-0.0285278978712163,0.0595492352872805
8.39406695268219,0,0.0167837864563465,0,8.39406695268219,0.0167837864563465,0.0167837864563465,0.0167837864563465,0.0322473662392579
6.68163411954067,0,0.0399525800720857,0,6.68163411954067,0.0399525800720857,0.0399525800720857,0.0399525800720857,0.0632642521725607
10.9419857642508,0,-0.0876235523401562,0,10.9419857642508,-0.0876235523401562,-0.0876235523401562,-0.0876235523401562,0.0336377588977628
9.567453602661,0,-0.0130573193727359,0,9.567453602661,-0.0130573193727359,-0.0130573193727359,-0.0130573193727359,0.0264340771076804
9.56764954052794,0,-0.00578932875863998,0,9.56764954052794,-0.00578932875863998,-0.00578932875863998,-0.00578932875863998,0.0288617279537588
9.58796747981615,0,0.00725905880614161,0,9.58796747981615,0.00725905880614161,0.00725905880614161,0.00725905880614161,0.0422687684348916
10.3415882006709,0,-0.0979591311963027,0,10.3415882006709,-0.0979591311963027,-0.0979591311963027,-0.0979591311963027,0.0379022425227411
9.03381024943225,0,-0.0258591277728825,0,9.03381024943225,-0.0258591277728825,-0.0258591277728825,-0.0258591277728825,0.0210013285642308
7.292171244769,0,0.0214216184583366,0,7.292171244769,0.0214216184583366,0.0214216184583366,0.0214216184583366,0.00787016036700002
10.6567948708008,0,0.0203455428827325,0,10.6567948708008,0.0203455428827325,0.0203455428827325,0.0203455428827325,0.0367174068081082
15.83958844307,0,0.0399832495665445,0,15.83958844307,0.0399832495665445,0.0399832495665445,0.0399832495665445,0.0130470310288665
17.7014293147066,0,0.0234372077444364,0,17.7014293147066,0.0234372077444364,0.0234372077444364,0.0234372077444364,0.0323786122878216
16.016217440795,0,-0.00369944404825601,0,16.016217440795,-0.00369944404825601,-0.00369944404825601,-0.00369944404825601,0.0376637682579198
13.5036026382197,0,0.0260526179813793,0,13.5036026382197,0.0260526179813793,0.0260526179813793,0.0260526179813793,0.0175137052055195
13.9836050997556,0,-0.0596374353307077,0,13.9836050997556,-0.0596374353307077,-0.0596374353307077,-0.0596374353307077,0.0260159424457815
11.3110693140974,0,0.00982781565554414,0,11.3110693140974,0.00982781565554414,0.00982781565554414,0.00982781565554414,0.0152975413868066
20.6083384757102,0,-0.0196913974375486,0,20.6083384757102,-0.0196913974375486,-0.0196913974375486,-0.0196913974375486,0.0564075951702511
12.3671082351961,0,0.0210231372322994,0,12.3671082351961,0.0210231372322994,0.0210231372322994,0.0210231372322994,0.0160828742749283
12.3654554745313,0,-0.0686880413546458,0,12.3654554745313,-0.0686880413546458,-0.0686880413546458,-0.0686880413546458,0.0513325050706189
19.2556223171704,0,0.0285945738844167,0,19.2556223171704,0.0285945738844167,0.0285945738844167,0.0285945738844167,0.0139726523520546
34.7312424253189,0,0.00360906084633839,0,34.7312424253189,0.00360906084633839,0.00360906084633839,0.00360906084633839,0.017575833019559
54.7209102152747,0,0.0196726221291343,0,54.7209102152747,0.0196726221291343,0.0196726221291343,0.0196726221291343,0.0109274670854921
9.76552332936977,0,0.00564706861610557,0,9.76552332936977,0.00564706861610557,0.00564706861610557,0.00564706861610557,0.022210163633412
8.22166390729103,0,0.0200227074138689,0,8.22166390729103,0.0200227074138689,0.0200227074138689,0.0200227074138689,0.0889316774406693
11.7030101268542,0,0.0664031592294417,0,11.7030101268542,0.0664031592294417,0.0664031592294417,0.0664031592294417,0.0318702419669784
7.36539602284415,0,-0.0247872150245361,0,7.36539602284415,-0.0247872150245361,-0.0247872150245361,-0.0247872150245361,0.114121672795408
9.34902839864339,0,-0.0319037471830898,0,9.34902839864339,-0.0319037471830898,-0.0319037471830898,-0.0319037471830898,0.0353702402159913
12.5616640281909,0,0.00441577973083164,0,12.5616640281909,0.00441577973083164,0.00441577973083164,0.00441577973083164,0.0138459086615911
9.90269087384876,0,-0.0238997733934269,0,9.90269087384876,-0.0238997733934269,-0.0238997733934269,-0.0238997733934269,0.140365006537693
10.8363107906744,0,-0.028098390818107,0,10.8363107906744,-0.028098390818107,-0.028098390818107,-0.028098390818107,0.071926050301895
11.7003583105711,0,-0.00186774348468509,0,11.7003583105711,-0.00186774348468509,-0.00186774348468509,-0.00186774348468509,0.00589871207554302
14.1717804897526,0,0.027255899623745,0,14.1717804897526,0.027255899623745,0.027255899623745,0.027255899623745,0.0438772018708798
11.3171115233183,0,-0.0301299566297987,0,11.3171115233183,-0.0301299566297987,-0.0301299566297987,-0.0301299566297987,0.0549217163119364
12.491172371433,0,0.00616174807970621,0,12.491172371433,0.00616174807970621,0.00616174807970621,0.00616174807970621,0.0405245193389735
26.705767275507,0,-0.098143737211913,0,26.705767275507,-0.098143737211913,-0.098143737211913,-0.098143737211913,0.0957453613360952
23.3384346785706,0,0.0173424537425691,0,23.3384346785706,0.0173424537425691,0.0173424537425691,0.0173424537425691,0.0189266195413323
21.0471310356801,0,0.0617673658141888,0,21.0471310356801,0.0617673658141888,0.0617673658141888,0.0617673658141888,0.047052745863464
16.8846431378076,0,0.0592246738975235,0,16.8846431378076,0.0592246738975235,0.0592246738975235,0.0592246738975235,0.0580511049145327
142.027144302285,0,0.0480428181832702,0,142.027144302285,0.0480428181832702,0.0480428181832702,0.0480428181832702,0.0151652887885014
10.8384906759069,0,-0.00221059163205814,0,10.8384906759069,-0.00221059163205814,-0.00221059163205814,-0.00221059163205814,0.0251376149245104
15.3983817607889,0,0.00875331277188317,0,15.3983817607889,0.00875331277188317,0.00875331277188317,0.00875331277188317,0.0553131630412198
14.6925462604222,0,-0.00458452472707301,0,14.6925462604222,-0.00458452472707301,-0.00458452472707301,-0.00458452472707301,0.0444254697733256
12.5310366569707,0,0.0109739413789005,0,12.5310366569707,0.0109739413789005,0.0109739413789005,0.0109739413789005,0.0301771491611757
11.0161041029769,0,-0.0031766917676102,0,11.0161041029769,-0.0031766917676102,-0.0031766917676102,-0.0031766917676102,0.0522005254908412
12.612078023469,0,-0.0597088928688878,0,12.612078023469,-0.0597088928688878,-0.0597088928688878,-0.0597088928688878,0.0322576765582896
27.9381463268887,0,-0.0196646199066465,0,27.9381463268887,-0.0196646199066465,-0.0196646199066465,-0.0196646199066465,0.0266030945529787
28.4056044215739,0,-0.0234835133541325,0,28.4056044215739,-0.0234835133541325,-0.0234835133541325,-0.0234835133541325,0.0460235649191708
13.4368696617468,0,0.0535402362440232,0,13.4368696617468,0.0535402362440232,0.0535402362440232,0.0535402362440232,0.0282079903838013
14.3373106913918,0,-0.0165868652445846,0,14.3373106913918,-0.0165868652445846,-0.0165868652445846,-0.0165868652445846,0.0475684856482902
25.9320346135502,0,-0.0232712391594247,0,25.9320346135502,-0.0232712391594247,-0.0232712391594247,-0.0232712391594247,0.0300519735078187
NA,NA,NA,NA,NA,NA,NA,NA,NA
3.48138260502119,0,-0.0431716232209931,0,3.48138260502119,-0.0431716232209931,-0.0431716232209931,-0.0431716232209931,0.0321818721032191
5.59197431763262,0,-0.0578220526680145,0,5.59197431763262,-0.0578220526680145,-0.0578220526680145,-0.0578220526680145,0.0290843221745671
7.10118523761685,0,-0.0285278978712163,0,7.10118523761685,-0.0285278978712163,-0.0285278978712163,-0.0285278978712163,0.0595492352872805
8.39406695268219,0,0.0167837864563465,0,8.39406695268219,0.0167837864563465,0.0167837864563465,0.0167837864563465,0.0322473662392579
6.68163411954067,0,0.0399525800720857,0,6.68163411954067,0.0399525800720857,0.0399525800720857,0.0399525800720857,0.0632642521725607
10.9419857642508,0,-0.0876235523401562,0,10.9419857642508,-0.0876235523401562,-0.0876235523401562,-0.0876235523401562,0.0336377588977628
9.567453602661,0,-0.0130573193727359,0,9.567453602661,-0.0130573193727359,-0.0130573193727359,-0.0130573193727359,0.0264340771076804
9.56764954052794,0,-0.00578932875863998,0,9.56764954052794,-0.00578932875863998,-0.00578932875863998,-0.00578932875863998,0.0288617279537588
9.58796747981615,0,0.00725905880614161,0,9.58796747981615,0.00725905880614161,0.00725905880614161,0.00725905880614161,0.0422687684348916
10.3415882006709,0,-0.0979591311963027,0,10.3415882006709,-0.0979591311963027,-0.0979591311963027,-0.0979591311963027,0.0379022425227411
9.03381024943225,0,-0.0258591277728825,0,9.03381024943225,-0.0258591277728825,-0.0258591277728825,-0.0258591277728825,0.0210013285642308
7.292171244769,0,0.0214216184583366,0,7.292171244769,0.0214216184583366,0.0214216184583366,0.0214216184583366,0.00787016036700002
10.6567948708008,0,0.0203455428827325,0,10.6567948708008,0.0203455428827325,0.0203455428827325,0.0203455428827325,0.0367174068081082
15.83958844307,0,0.0399832495665445,0,15.83958844307,0.0399832495665445,0.0399832495665445,0.0399832495665445,0.0130470310288665
17.7014293147066,0,0.0234372077444364,0,17.7014293147066,0.0234372077444364,0.0234372077444364,0.0234372077444364,0.0323786122878216
16.016217440795,0,-0.00369944404825601,0,16.016217440795,-0.00369944404825601,-0.00369944404825601,-0.00369944404825601,0.0376637682579198
13.5036026382197,0,0.0260526179813793,0,13.5036026382197,0.0260526179813793,0.0260526179813793,0.0260526179813793,0.0175137052055195
13.9836050997556,0,-0.0596374353307077,0,13.9836050997556,-0.0596374353307077,-0.0596374353307077,-0.0596374353307077,0.0260159424457815
11.3110693140974,0,0.00982781565554414,0,11.3110693140974,0.00982781565554414,0.00982781565554414,0.00982781565554414,0.0152975413868066
20.6083384757102,0,-0.0196913974375486,0,20.6083384757102,-0.0196913974375486,-0.0196913974375486,-0.0196913974375486,0.0564075951702511
12.3671082351961,0,0.0210231372322994,0,12.3671082351961,0.0210231372322994,0.0210231372322994,0.0210231372322994,0.0160828742749283
12.3654554745313,0,-0.0686880413546458,0,12.3654554745313,-0.0686880413546458,-0.0686880413546458,-0.0686880413546458,0.0513325050706189
19.2556223171704,0,0.0285945738844167,0,19.2556223171704,0.0285945738844167,0.0285945738844167,0.0285945738844167,0.0139726523520546
34.7312424253189,0,0.00360906084633839,0,34.7312424253189,0.00360906084633839,0.00360906084633839,0.00360906084633839,0.017575833019559
54.7209102152747,0,0.0196726221291343,0,54.7209102152747,0.0196726221291343,0.0196726221291343,0.0196726221291343,0.0109274670854921
9.76552332936977,0,0.00564706861610557,0,9.76552332936977,0.00564706861610557,0.00564706861610557,0.00564706861610557,0.022210163633412
8.22166390729103,0,0.0200227074138689,0,8.22166390729103,0.0200227074138689,0.0200227074138689,0.0200227074138689,0.0889316774406693
11.7030101268542,0,0.0664031592294417,0,11.7030101268542,0.0664031592294417,0.0664031592294417,0.0664031592294417,0.0318702419669784
7.36539602284415,0,-0.0247872150245361,0,7.36539602284415,-0.0247872150245361,-0.0247872150245361,-0.0247872150245361,0.114121672795408
9.34902839864339,0,-0.0319037471830898,0,9.34902839864339,-0.0319037471830898,-0.0319037471830898,-0.0319037471830898,0.0353702402159913
12.5616640281909,0,0.00441577973083164,0,12.5616640281909,0.00441577973083164,0.00441577973083164,0.00441577973083164,0.0138459086615911
9.90269087384876,0,-0.0238997733934269,0,9.90269087384876,-0.0238997733934269,-0.0238997733934269,-0.0238997733934269,0.140365006537693
10.8363107906744,0,-0.028098390818107,0,10.8363107906744,-0.028098390818107,-0.028098390818107,-0.028098390818107,0.071926050301895
11.7003583105711,0,-0.00186774348468509,0,11.7003583105711,-0.00186774348468509,-0.00186774348468509,-0.00186774348468509,0.00589871207554302
14.1717804897526,0,0.027255899623745,0,14.1717804897526,0.027255899623745,0.027255899623745,0.027255899623745,0.0438772018708798
11.3171115233183,0,-0.0301299566297987,0,11.3171115233183,-0.0301299566297987,-0.0301299566297987,-0.0301299566297987,0.0549217163119364
12.491172371433,0,0.00616174807970621,0,12.491172371433,0.00616174807970621,0.00616174807970621,0.00616174807970621,0.0405245193389735
26.705767275507,0,-0.098143737211913,0,26.705767275507,-0.098143737211913,-0.098143737211913,-0.098143737211913,0.0957453613360952
23.3384346785706,0,0.0173424537425691,0,23.3384346785706,0.0173424537425691,0.0173424537425691,0.0173424537425691,0.0189266195413323
21.0471310356801,0,0.0617673658141888,0,21.0471310356801,0.0617673658141888,0.0617673658141888,0.0617673658141888,0.047052745863464
16.8846431378076,0,0.0592246738975235,0,16.8846431378076,0.0592246738975235,0.0592246738975235,0.0592246738975235,0.0580511049145327
142.027144302285,0,0.0480428181832702,0,142.027144302285,0.0480428181832702,0.0480428181832702,0.0480428181832702,0.0151652887885014
10.8384906759069,0,-0.00221059163205814,0,10.8384906759069,-0.00221059163205814,-0.00221059163205814,-0.00221059163205814,0.0251376149245104
15.3983817607889,0,0.00875331277188317,0,15.3983817607889,0.00875331277188317,0.00875331277188317,0.00875331277188317,0.0553131630412198
14.6925462604222,0,-0.00458452472707301,0,14.6925462604222,-0.00458452472707301,-0.00458452472707301,-0.00458452472707301,0.0444254697733256
12.5310366569707,0,0.0109739413789005,0,12.5310366569707,0.0109739413789005,0.0109739413789005,0.0109739413789005,0.0301771491611757
11.0161041029769,0,-0.0031766917676102,0,11.0161041029769,-0.0031766917676102,-0.0031766917676102,-0.0031766917676102,0.0522005254908412
12.612078023469,0,-0.0597088928688878,0,12.612078023469,-0.0597088928688878,-0.0597088928688878,-0.0597088928688878,0.0322576765582896
27.9381463268887,0,-0.0196646199066465,0,27.9381463268887,-0.0196646199066465,-0.0196646199066465,-0.0196646199066465,0.0266030945529787
28.4056044215739,0,-0.0234835133541325,0,28.4056044215739,-0.0234835133541325,-0.0234835133541325,-0.0234835133541325,0.0460235649191708
13.4368696617468,0,0.0535402362440232,0,13.4368696617468,0.0535402362440232,0.0535402362440232,0.0535402362440232,0.0282079903838013
14.3373106913918,0,-0.0165868652445846,0,14.3373106913918,-0.0165868652445846,-0.0165868652445846,-0.0165868652445846,0.0475684856482902
25.9320346135502,0,-0.0232712391594247,0,25.9320346135502,-0.0232712391594247,-0.0232712391594247,-0.0232712391594247,0.0300519735078187
NA,NA,NA,NA,NA,NA,NA,NA,NA
3.48138260502119,0,-0.0431716232209931,0,3.48138260502119,-0.0431716232209931,-0.0431716232209931,-0.0431716232209931,0.0321818721032191
5.59197431763262,0,-0.0578220526680145,0,5.59197431763262,-0.0578220526680145,-0.0578220526680145,-0.0578220526680145,0.0290843221745671
7.10118523761685,0,-0.0285278978712163,0,7.10118523761685,-0.0285278978712163,-0.0285278978712163,-0.0285278978712163,0.0595492352872805
8.39406695268219,0,0.0167837864563465,0,8.39406695268219,0.0167837864563465,0.0167837864563465,0.0167837864563465,0.0322473662392579
6.68163411954067,0,0.0399525800720857,0,6.68163411954067,0.0399525800720857,0.0399525800720857,0.0399525800720857,0.0632642521725607
10.9419857642508,0,-0.0876235523401562,0,10.9419857642508,-0.0876235523401562,-0.0876235523401562,-0.0876235523401562,0.0336377588977628
9.567453602661,0,-0.0130573193727359,0,9.567453602661,-0.0130573193727359,-0.0130573193727359,-0.0130573193727359,0.0264340771076804
9.56764954052794,0,-0.00578932875863998,0,9.56764954052794,-0.00578932875863998,-0.00578932875863998,-0.00578932875863998,0.0288617279537588
9.58796747981615,0,0.00725905880614161,0,9.58796747981615,0.00725905880614161,0.00725905880614161,0.00725905880614161,0.0422687684348916
10.3415882006709,0,-0.0979591311963027,0,10.3415882006709,-0.0979591311963027,-0.0979591311963027,-0.0979591311963027,0.0379022425227411
9.03381024943225,0,-0.0258591277728825,0,9.03381024943225,-0.0258591277728825,-0.0258591277728825,-0.0258591277728825,0.0210013285642308
7.292171244769,0,0.0214216184583366,0,7.292171244769,0.0214216184583366,0.0214216184583366,0.0214216184583366,0.00787016036700002
10.6567948708008,0,0.0203455428827325,0,10.6567948708008,0.0203455428827325,0.0203455428827325,0.0203455428827325,0.0367174068081082
15.83958844307,0,0.0399832495665445,0,15.83958844307,0.0399832495665445,0.0399832495665445,0.0399832495665445,0.0130470310288665
17.7014293147066,0,0.0234372077444364,0,17.7014293147066,0.0234372077444364,0.0234372077444364,0.0234372077444364,0.0323786122878216
16.016217440795,0,-0.00369944404825601,0,16.016217440795,-0.00369944404825601,-0.00369944404825601,-0.00369944404825601,0.0376637682579198
13.5036026382197,0,0.0260526179813793,0,13.5036026382197,0.0260526179813793,0.0260526179813793,0.0260526179813793,0.0175137052055195
13.9836050997556,0,-0.0596374353307077,0,13.9836050997556,-0.0596374353307077,-0.0596374353307077,-0.0596374353307077,0.0260159424457815
11.3110693140974,0,0.00982781565554414,0,11.3110693140974,0.00982781565554414,0.00982781565554414,0.00982781565554414,0.0152975413868066
20.6083384757102,0,-0.0196913974375486,0,20.6083384757102,-0.0196913974375486,-0.0196913974375486,-0.0196913974375486,0.0564075951702511
12.3671082351961,0,0.0210231372322994,0,12.3671082351961,0.0210231372322994,0.0210231372322994,0.0210231372322994,0.0160828742749283
12.3654554745313,0,-0.0686880413546458,0,12.3654554745313,-0.0686880413546458,-0.0686880413546458,-0.0686880413546458,0.0513325050706189
19.2556223171704,0,0.0285945738844167,0,19.2556223171704,0.0285945738844167,0.0285945738844167,0.0285945738844167,0.0139726523520546
34.7312424253189,0,0.00360906084633839,0,34.7312424253189,0.00360906084633839,0.00360906084633839,0.00360906084633839,0.017575833019559
54.7209102152747,0,0.0196726221291343,0,54.7209102152747,0.0196726221291343,0.0196726221291343,0.0196726221291343,0.0109274670854921
9.76552332936977,0,0.00564706861610557,0,9.76552332936977,0.00564706861610557,0.00564706861610557,0.00564706861610557,0.022210163633412
8.22166390729103,0,0.0200227074138689,0,8.22166390729103,0.0200227074138689,0.0200227074138689,0.0200227074138689,0.0889316774406693
11.7030101268542,0,0.0664031592294417,0,11.7030101268542,0.0664031592294417,0.0664031592294417,0.0664031592294417,0.0318702419669784
7.36539602284415,0,-0.0247872150245361,0,7.36539602284415,-0.0247872150245361,-0.0247872150245361,-0.0247872150245361,0.114121672795408
9.34902839864339,0,-0.0319037471830898,0,9.34902839864339,-0.0319037471830898,-0.0319037471830898,-0.0319037471830898,0.0353702402159913
12.5616640281909,0,0.00441577973083164,0,12.5616640281909,0.00441577973083164,0.00441577973083164,0.00441577973083164,0.0138459086615911
9.90269087384876,0,-0.0238997733934269,0,9.90269087384876,-0.0238997733934269,-0.0238997733934269,-0.0238997733934269,0.140365006537693
10.8363107906744,0,-0.028098390818107,0,10.8363107906744,-0.028098390818107,-0.028098390818107,-0.028098390818107,0.071926050301895
11.7003583105711,0,-0.00186774348468509,0,11.7003583105711,-0.00186774348468509,-0.00186774348468509,-0.00186774348468509,0.00589871207554302
14.1717804897526,0,0.027255899623745,0,14.1717804897526,0.027255899623745,0.027255899623745,0.027255899623745,0.0438772018708798
11.3171115233183,0,-0.0301299566297987,0,11.3171115233183,-0.0301299566297987,-0.0301299566297987,-0.0301299566297987,0.0549217163119364
12.491172371433,0,0.00616174807970621,0,12.491172371433,0.00616174807970621,0.00616174807970621,0.00616174807970621,0.0405245193389735
26.705767275507,0,-0.098143737211913,0,26.705767275507,-0.098143737211913,-0.098143737211913,-0.098143737211913,0.0957453613360952
23.3384346785706,0,0.0173424537425691,0,23.3384346785706,0.0173424537425691,0.0173424537425691,0.0173424537425691,0.0189266195413323
21.0471310356801,0,0.0617673658141888,0,21.0471310356801,0.0617673658141888,0.0617673658141888,0.0617673658141888,0.047052745863464
16.8846431378076,0,0.0592246738975235,0,16.8846431378076,0.0592246738975235,0.0592246738975235,0.0592246738975235,0.0580511049145327
142.027144302285,0,0.0480428181832702,0,142.027144302285,0.0480428181832702,0.0480428181832702,0.0480428181832702,0.0151652887885014
10.8384906759069,0,-0.00221059163205814,0,10.8384906759069,-0.00221059163205814,-0.00221059163205814,-0.00221059163205814,0.0251376149245104
15.3983817607889,0,0.00875331277188317,0,15.3983817607889,0.00875331277188317,0.00875331277188317,0.00875331277188317,0.0553131630412198
14.6925462604222,0,-0.00458452472707301,0,14.6925462604222,-0.00458452472707301,-0.00458452472707301,-0.00458452472707301,0.0444254697733256
12.5310366569707,0,0.0109739413789005,0,12.5310366569707,0.0109739413789005,0.0109739413789005,0.0109739413789005,0.0301771491611757
11.0161041029769,0,-0.0031766917676102,0,11.0161041029769,-0.0031766917676102,-0.0031766917676102,-0.0031766917676102,0.0522005254908412
12.612078023469,0,-0.0597088928688878,0,12.612078023469,-0.0597088928688878,-0.0597088928688878,-0.0597088928688878,0.0322576765582896
27.9381463268887,0,-0.0196646199066465,0,27.9381463268887,-0.0196646199066465,-0.0196646199066465,-0.0196646199066465,0.0266030945529787
28.4056044215739,0,-0.0234835133541325,0,28.4056044215739,-0.0234835133541325,-0.0234835133541325,-0.0234835133541325,0.0460235649191708
13.4368696617468,0,0.0535402362440232,0,13.4368696617468,0.0535402362440232,0.0535402362440232,0.0535402362440232,0.0282079903838013
14.3373106913918,0,-0.0165868652445846,0,14.3373106913918,-0.0165868652445846,-0.0165868652445846,-0.0165868652445846,0.0475684856482902
25.9320346135502,0,-0.0232712391594247,0,25.9320346135502,-0.0232712391594247,-0.0232712391594247,-0.0232712391594247,0.0300519735078187
NA,NA,NA,NA,NA,NA,NA,NA,NA
3.48138260502119,0,-0.0431716232209931,0,3.48138260502119,-0.0431716232209931,-0.0431716232209931,-0.0431716232209931,0.0321818721032191
5.59197431763262,0,-0.0578220526680145,0,5.59197431763262,-0.0578220526680145,-0.0578220526680145,-0.0578220526680145,0.0290843221745671
7.10118523761685,0,-0.0285278978712163,0,7.10118523761685,-0.0285278978712163,-0.0285278978712163,-0.0285278978712163,0.0595492352872805
8.39406695268219,0,0.0167837864563465,0,8.39406695268219,0.0167837864563465,0.0167837864563465,0.0167837864563465,0.0322473662392579
6.68163411954067,0,0.0399525800720857,0,6.68163411954067,0.0399525800720857,0.0399525800720857,0.0399525800720857,0.0632642521725607
10.9419857642508,0,-0.0876235523401562,0,10.9419857642508,-0.0876235523401562,-0.0876235523401562,-0.0876235523401562,0.0336377588977628
9.567453602661,0,-0.0130573193727359,0,9.567453602661,-0.0130573193727359,-0.0130573193727359,-0.0130573193727359,0.0264340771076804
9.56764954052794,0,-0.00578932875863998,0,9.56764954052794,-0.00578932875863998,-0.00578932875863998,-0.00578932875863998,0.0288617279537588
9.58796747981615,0,0.00725905880614161,0,9.58796747981615,0.00725905880614161,0.00725905880614161,0.00725905880614161,0.0422687684348916
10.3415882006709,0,-0.0979591311963027,0,10.3415882006709,-0.0979591311963027,-0.0979591311963027,-0.0979591311963027,0.0379022425227411
9.03381024943225,0,-0.0258591277728825,0,9.03381024943225,-0.0258591277728825,-0.0258591277728825,-0.0258591277728825,0.0210013285642308
7.292171244769,0,0.0214216184583366,0,7.292171244769,0.0214216184583366,0.0214216184583366,0.0214216184583366,0.00787016036700002
10.6567948708008,0,0.0203455428827325,0,10.6567948708008,0.0203455428827325,0.0203455428827325,0.0203455428827325,0.0367174068081082
15.83958844307,0,0.0399832495665445,0,15.83958844307,0.0399832495665445,0.0399832495665445,0.0399832495665445,0.0130470310288665
17.7014293147066,0,0.0234372077444364,0,17.7014293147066,0.0234372077444364,0.0234372077444364,0.0234372077444364,0.0323786122878216
16.016217440795,0,-0.00369944404825601,0,16.016217440795,-0.00369944404825601,-0.00369944404825601,-0.00369944404825601,0.0376637682579198
13.5036026382197,0,0.0260526179813793,0,13.5036026382197,0.0260526179813793,0.0260526179813793,0.0260526179813793,0.0175137052055195
13.9836050997556,0,-0.0596374353307077,0,13.9836050997556,-0.0596374353307077,-0.0596374353307077,-0.0596374353307077,0.0260159424457815
11.3110693140974,0,0.00982781565554414,0,11.3110693140974,0.00982781565554414,0.00982781565554414,0.00982781565554414,0.0152975413868066
20.6083384757102,0,-0.0196913974375486,0,20.6083384757102,-0.0196913974375486,-0.0196913974375486,-0.0196913974375486,0.0564075951702511
12.3671082351961,0,0.0210231372322994,0,12.3671082351961,0.0210231372322994,0.0210231372322994,0.0210231372322994,0.0160828742749283
12.3654554745313,0,-0.0686880413546458,0,12.3654554745313,-0.0686880413546458,-0.0686880413546458,-0.0686880413546458,0.0513325050706189
19.2556223171704,0,0.0285945738844167,0,19.2556223171704,0.0285945738844167,0.0285945738844167,0.0285945738844167,0.0139726523520546
34.7312424253189,0,0.00360906084633839,0,34.7312424253189,0.00360906084633839,0.00360906084633839,0.00360906084633839,0.017575833019559
54.7209102152747,0,0.0196726221291343,0,54.7209102152747,0.0196726221291343,0.0196726221291343,0.0196726221291343,0.0109274670854921
9.76552332936977,0,0.00564706861610557,0,9.76552332936977,0.00564706861610557,0.00564706861610557,0.00564706861610557,0.022210163633412
8.22166390729103,0,0.0200227074138689,0,8.22166390729103,0.0200227074138689,0.0200227074138689,0.0200227074138689,0.0889316774406693
11.7030101268542,0,0.0664031592294417,0,11.7030101268542,0.0664031592294417,0.0664031592294417,0.0664031592294417,0.0318702419669784
7.36539602284415,0,-0.0247872150245361,0,7.36539602284415,-0.0247872150245361,-0.0247872150245361,-0.0247872150245361,0.114121672795408
9.34902839864339,0,-0.0319037471830898,0,9.34902839864339,-0.0319037471830898,-0.0319037471830898,-0.0319037471830898,0.0353702402159913
12.5616640281909,0,0.00441577973083164,0,12.5616640281909,0.00441577973083164,0.00441577973083164,0.00441577973083164,0.0138459086615911
9.90269087384876,0,-0.0238997733934269,0,9.90269087384876,-0.0238997733934269,-0.0238997733934269,-0.0238997733934269,0.140365006537693
10.8363107906744,0,-0.028098390818107,0,10.8363107906744,-0.028098390818107,-0.028098390818107,-0.028098390818107,0.071926050301895
11.7003583105711,0,-0.00186774348468509,0,11.7003583105711,-0.00186774348468509,-0.00186774348468509,-0.00186774348468509,0.00589871207554302
14.1717804897526,0,0.027255899623745,0,14.1717804897526,0.027255899623745,0.027255899623745,0.027255899623745,0.0438772018708798
11.3171115233183,0,-0.0301299566297987,0,11.3171115233183,-0.0301299566297987,-0.0301299566297987,-0.0301299566297987,0.0549217163119364
12.491172371433,0,0.00616174807970621,0,12.491172371433,0.00616174807970621,0.00616174807970621,0.00616174807970621,0.0405245193389735
26.705767275507,0,-0.098143737211913,0,26.705767275507,-0.098143737211913,-0.098143737211913,-0.098143737211913,0.0957453613360952
23.3384346785706,0,0.0173424537425691,0,23.3384346785706,0.0173424537425691,0.0173424537425691,0.0173424537425691,0.0189266195413323
21.0471310356801,0,0.0617673658141888,0,21.0471310356801,0.0617673658141888,0.0617673658141888,0.0617673658141888,0.047052745863464
16.8846431378076,0,0.0592246738975235,0,16.8846431378076,0.0592246738975235,0.0592246738975235,0.0592246738975235,0.0580511049145327
142.027144302285,0,0.0480428181832702,0,142.027144302285,0.0480428181832702,0.0480428181832702,0.0480428181832702,0.0151652887885014
10.8384906759069,0,-0.00221059163205814,0,10.8384906759069,-0.00221059163205814,-0.00221059163205814,-0.00221059163205814,0.0251376149245104
15.3983817607889,0,0.00875331277188317,0,15.3983817607889,0.00875331277188317,0.00875331277188317,0.00875331277188317,0.0553131630412198
14.6925462604222,0,-0.00458452472707301,0,14.6925462604222,-0.00458452472707301,-0.00458452472707301,-0.00458452472707301,0.0444254697733256
12.5310366569707,0,0.0109739413789005,0,12.5310366569707,0.0109739413789005,0.0109739413789005,0.0109739413789005,0.0301771491611757
11.0161041029769,0,-0.0031766917676102,0,11.0161041029769,-0.0031766917676102,-0.0031766917676102,-0.0031766917676102,0.0522005254908412
12.612078023469,0,-0.0597088928688878,0,12.612078023469,-0.0597088928688878,-0.0597088928688878,-0.0597088928688878,0.0322576765582896
27.9381463268887,0,-0.0196646199066465,0,27.9381463268887,-0.0196646199066465,-0.0196646199066465,-0.0196646199066465,0.0266030945529787
28.4056044215739,0,-0.0234835133541325,0,28.4056044215739,-0.0234835133541325,-0.0234835133541325,-0.0234835133541325,0.0460235649191708
13.4368696617468,0,0.0535402362440232,0,13.4368696617468,0.0535402362440232,0.0535402362440232,0.0535402362440232,0.0282079903838013
14.3373106913918,0,-0.0165868652445846,0,14.3373106913918,-0.0165868652445846,-0.0165868652445846,-0.0165868652445846,0.0475684856482902
25.9320346135502,0,-0.0232712391594247,0,25.9320346135502,-0.0232712391594247,-0.0232712391594247,-0.0232712391594247,0.0300519735078187
NA,NA,NA,NA,NA,NA,NA,NA,NA
3.48138260502119,0,-0.0431716232209931,0,3.48138260502119,-0.0431716232209931,-0.0431716232209931,-0.0431716232209931,0.0321818721032191
5.59197431763262,0,-0.0578220526680145,0,5.59197431763262,-0.0578220526680145,-0.0578220526680145,-0.0578220526680145,0.0290843221745671
7.10118523761685,0,-0.0285278978712163,0,7.10118523761685,-0.0285278978712163,-0.0285278978712163,-0.0285278978712163,0.0595492352872805
8.39406695268219,0,0.0167837864563465,0,8.39406695268219,0.0167837864563465,0.0167837864563465,0.0167837864563465,0.0322473662392579
6.68163411954067,0,0.0399525800720857,0,6.68163411954067,0.0399525800720857,0.0399525800720857,0.0399525800720857,0.0632642521725607
10.9419857642508,0,-0.0876235523401562,0,10.9419857642508,-0.0876235523401562,-0.0876235523401562,-0.0876235523401562,0.0336377588977628
9.567453602661,0,-0.0130573193727359,0,9.567453602661,-0.0130573193727359,-0.0130573193727359,-0.0130573193727359,0.0264340771076804
9.56764954052794,0,-0.00578932875863998,0,9.56764954052794,-0.00578932875863998,-0.00578932875863998,-0.00578932875863998,0.0288617279537588
9.58796747981615,0,0.00725905880614161,0,9.58796747981615,0.00725905880614161,0.00725905880614161,0.00725905880614161,0.0422687684348916
10.3415882006709,0,-0.0979591311963027,0,10.3415882006709,-0.0979591311963027,-0.0979591311963027,-0.0979591311963027,0.0379022425227411
9.03381024943225,0,-0.0258591277728825,0,9.03381024943225,-0.0258591277728825,-0.0258591277728825,-0.0258591277728825,0.0210013285642308
7.292171244769,0,0.0214216184583366,0,7.292171244769,0.0214216184583366,0.0214216184583366,0.0214216184583366,0.00787016036700002
10.6567948708008,0,0.0203455428827325,0,10.6567948708008,0.0203455428827325,0.0203455428827325,0.0203455428827325,0.0367174068081082
15.83958844307,0,0.0399832495665445,0,15.83958844307,0.0399832495665445,0.0399832495665445,0.0399832495665445,0.0130470310288665
17.7014293147066,0,0.0234372077444364,0,17.7014293147066,0.0234372077444364,0.0234372077444364,0.0234372077444364,0.0323786122878216
16.016217440795,0,-0.00369944404825601,0,16.016217440795,-0.00369944404825601,-0.00369944404825601,-0.00369944404825601,0.0376637682579198
13.5036026382197,0,0.0260526179813793,0,13.5036026382197,0.0260526179813793,0.0260526179813793,0.0260526179813793,0.0175137052055195
13.9836050997556,0,-0.0596374353307077,0,13.9836050997556,-0.0596374353307077,-0.0596374353307077,-0.0596374353307077,0.0260159424457815
11.3110693140974,0,0.00982781565554414,0,11.3110693140974,0.00982781565554414,0.00982781565554414,0.00982781565554414,0.0152975413868066
20.6083384757102,0,-0.0196913974375486,0,20.6083384757102,-0.0196913974375486,-0.0196913974375486,-0.0196913974375486,0.0564075951702511
12.3671082351961,0,0.0210231372322994,0,12.3671082351961,0.0210231372322994,0.0210231372322994,0.0210231372322994,0.0160828742749283
12.3654554745313,0,-0.0686880413546458,0,12.3654554745313,-0.0686880413546458,-0.0686880413546458,-0.0686880413546458,0.0513325050706189
19.2556223171704,0,0.0285945738844167,0,19.2556223171704,0.0285945738844167,0.0285945738844167,0.0285945738844167,0.0139726523520546
34.7312424253189,0,0.00360906084633839,0,34.7312424253189,0.00360906084633839,0.00360906084633839,0.00360906084633839,0.017575833019559
54.7209102152747,0,0.0196726221291343,0,54.7209102152747,0.0196726221291343,0.0196726221291343,0.0196726221291343,0.0109274670854921
9.76552332936977,0,0.00564706861610557,0,9.76552332936977,0.00564706861610557,0.00564706861610557,0.00564706861610557,0.022210163633412
8.22166390729103,0,0.0200227074138689,0,8.22166390729103,0.0200227074138689,0.0200227074138689,0.0200227074138689,0.0889316774406693
11.7030101268542,0,0.0664031592294417,0,11.7030101268542,0.0664031592294417,0.0664031592294417,0.0664031592294417,0.0318702419669784
7.36539602284415,0,-0.0247872150245361,0,7.36539602284415,-0.0247872150245361,-0.0247872150245361,-0.0247872150245361,0.114121672795408
9.34902839864339,0,-0.0319037471830898,0,9.34902839864339,-0.0319037471830898,-0.0319037471830898,-0.0319037471830898,0.0353702402159913
12.5616640281909,0,0.00441577973083164,0,12.5616640281909,0.00441577973083164,0.00441577973083164,0.00441577973083164,0.0138459086615911
9.90269087384876,0,-0.0238997733934269,0,9.90269087384876,-0.0238997733934269,-0.0238997733934269,-0.0238997733934269,0.140365006537693
10.8363107906744,0,-0.028098390818107,0,10.8363107906744,-0.028098390818107,-0.028098390818107,-0.028098390818107,0.071926050301895
11.7003583105711,0,-0.00186774348468509,0,11.7003583105711,-0.00186774348468509,-0.00186774348468509,-0.00186774348468509,0.00589871207554302
14.1717804897526,0,0.027255899623745,0,14.1717804897526,0.027255899623745,0.027255899623745,0.027255899623745,0.0438772018708798
11.3171115233183,0,-0.0301299566297987,0,11.3171115233183,-0.0301299566297987,-0.0301299566297987,-0.0301299566297987,0.0549217163119364
12.491172371433,0,0.00616174807970621,0,12.491172371433,0.00616174807970621,0.00616174807970621,0.00616174807970621,0.0405245193389735
26.705767275507,0,-0.098143737211913,0,26.705767275507,-0.098143737211913,-0.098143737211913,-0.098143737211913,0.0957453613360952
23.3384346785706,0,0.0173424537425691,0,23.3384346785706,0.0173424537425691,0.0173424537425691,0.0173424537425691,0.0189266195413323
21.0471310356801,0,0.0617673658141888,0,21.0471310356801,0.0617673658141888,0.0617673658141888,0.0617673658141888,0.047052745863464
16.8846431378076,0,0.0592246738975235,0,16.8846431378076,0.0592246738975235,0.0592246738975235,0.0592246738975235,0.0580511049145327
142.027144302285,0,0.0480428181832702,0,142.027144302285,0.0480428181832702,0.0480428181832702,0.0480428181832702,0.0151652887885014
10.8384906759069,0,-0.00221059163205814,0,10.8384906759069,-0.00221059163205814,-0.00221059163205814,-0.00221059163205814,0.0251376149245104
15.3983817607889,0,0.00875331277188317,0,15.3983817607889,0.00875331277188317,0.00875331277188317,0.00875331277188317,0.0553131630412198
14.6925462604222,0,-0.00458452472707301,0,14.6925462604222,-0.00458452472707301,-0.00458452472707301,-0.00458452472707301,0.0444254697733256
12.5310366569707,0,0.0109739413789005,0,12.5310366569707,0.0109739413789005,0.0109739413789005,0.0109739413789005,0.0301771491611757
11.0161041029769,0,-0.0031766917676102,0,11.0161041029769,-0.0031766917676102,-0.0031766917676102,-0.0031766917676102,0.0522005254908412
12.612078023469,0,-0.0597088928688878,0,12.612078023469,-0.0597088928688878,-0.0597088928688878,-0.0597088928688878,0.0322576765582896
27.9381463268887,0,-0.0196646199066465,0,27.9381463268887,-0.0196646199066465,-0.0196646199066465,-0.0196646199066465,0.0266030945529787
28.4056044215739,0,-0.0234835133541325,0,28.4056044215739,-0.0234835133541325,-0.0234835133541325,-0.0234835133541325,0.0460235649191708
13.4368696617468,0,0.0535402362440232,0,13.4368696617468,0.0535402362440232,0.0535402362440232,0.0535402362440232,0.0282079903838013
14.3373106913918,0,-0.0165868652445846,0,14.3373106913918,-0.0165868652445846,-0.0165868652445846,-0.0165868652445846,0.0475684856482902
25.9320346135502,0,-0.0232712391594247,0,25.9320346135502,-0.0232712391594247,-0.0232712391594247,-0.0232712391594247,0.0300519735078187
NA,NA,NA,NA,NA,NA,NA,NA,NA
3.48138260502119,0,-0.0431716232209931,0,3.48138260502119,-0.0431716232209931,-0.0431716232209931,-0.0431716232209931,0.0321818721032191
5.59197431763262,0,-0.0578220526680145,0,5.59197431763262,-0.0578220526680145,-0.0578220526680145,-0.0578220526680145,0.0290843221745671
7.10118523761685,0,-0.0285278978712163,0,7.10118523761685,-0.0285278978712163,-0.0285278978712163,-0.0285278978712163,0.0595492352872805
8.39406695268219,0,0.0167837864563465,0,8.39406695268219,0.0167837864563465,0.0167837864563465,0.0167837864563465,0.0322473662392579
6.68163411954067,0,0.0399525800720857,0,6.68163411954067,0.0399525800720857,0.0399525800720857,0.0399525800720857,0.0632642521725607
10.9419857642508,0,-0.0876235523401562,0,10.9419857642508,-0.0876235523401562,-0.0876235523401562,-0.0876235523401562,0.0336377588977628
9.567453602661,0,-0.0130573193727359,0,9.567453602661,-0.0130573193727359,-0.0130573193727359,-0.0130573193727359,0.0264340771076804
9.56764954052794,0,-0.00578932875863998,0,9.56764954052794,-0.00578932875863998,-0.00578932875863998,-0.00578932875863998,0.0288617279537588
9.58796747981615,0,0.00725905880614161,0,9.58796747981615,0.00725905880614161,0.00725905880614161,0.00725905880614161,0.0422687684348916
10.3415882006709,0,-0.0979591311963027,0,10.3415882006709,-0.0979591311963027,-0.0979591311963027,-0.0979591311963027,0.0379022425227411
9.03381024943225,0,-0.0258591277728825,0,9.03381024943225,-0.0258591277728825,-0.0258591277728825,-0.0258591277728825,0.0210013285642308
7.292171244769,0,0.0214216184583366,0,7.292171244769,0.0214216184583366,0.0214216184583366,0.0214216184583366,0.00787016036700002
10.6567948708008,0,0.0203455428827325,0,10.6567948708008,0.0203455428827325,0.0203455428827325,0.0203455428827325,0.0367174068081082
15.83958844307,0,0.0399832495665445,0,15.83958844307,0.0399832495665445,0.0399832495665445,0.0399832495665445,0.0130470310288665
17.7014293147066,0,0.0234372077444364,0,17.7014293147066,0.0234372077444364,0.0234372077444364,0.0234372077444364,0.0323786122878216
16.016217440795,0,-0.00369944404825601,0,16.016217440795,-0.00369944404825601,-0.00369944404825601,-0.00369944404825601,0.0376637682579198
13.5036026382197,0,0.0260526179813793,0,13.5036026382197,0.0260526179813793,0.0260526179813793,0.0260526179813793,0.0175137052055195
13.9836050997556,0,-0.0596374353307077,0,13.9836050997556,-0.0596374353307077,-0.0596374353307077,-0.0596374353307077,0.0260159424457815
11.3110693140974,0,0.00982781565554414,0,11.3110693140974,0.00982781565554414,0.00982781565554414,0.00982781565554414,0.0152975413868066
20.6083384757102,0,-0.0196913974375486,0,20.6083384757102,-0.0196913974375486,-0.0196913974375486,-0.0196913974375486,0.0564075951702511
12.3671082351961,0,0.0210231372322994,0,12.3671082351961,0.0210231372322994,0.0210231372322994,0.0210231372322994,0.0160828742749283
12.3654554745313,0,-0.0686880413546458,0,12.3654554745313,-0.0686880413546458,-0.0686880413546458,-0.0686880413546458,0.0513325050706189
19.2556223171704,0,0.0285945738844167,0,19.2556223171704,0.0285945738844167,0.0285945738844167,0.0285945738844167,0.0139726523520546
34.7312424253189,0,0.00360906084633839,0,34.7312424253189,0.00360906084633839,0.00360906084633839,0.00360906084633839,0.017575833019559
54.7209102152747,0,0.0196726221291343,0,54.7209102152747,0.0196726221291343,0.0196726221291343,0.0196726221291343,0.0109274670854921
9.76552332936977,0,0.00564706861610557,0,9.76552332936977,0.00564706861610557,0.00564706861610557,0.00564706861610557,0.022210163633412
8.22166390729103,0,0.0200227074138689,0,8.22166390729103,0.0200227074138689,0.0200227074138689,0.0200227074138689,0.0889316774406693
11.7030101268542,0,0.0664031592294417,0,11.7030101268542,0.0664031592294417,0.0664031592294417,0.0664031592294417,0.0318702419669784
7.36539602284415,0,-0.0247872150245361,0,7.36539602284415,-0.0247872150245361,-0.0247872150245361,-0.0247872150245361,0.114121672795408
9.34902839864339,0,-0.0319037471830898,0,9.34902839864339,-0.0319037471830898,-0.0319037471830898,-0.0319037471830898,0.0353702402159913
12.5616640281909,0,0.00441577973083164,0,12.5616640281909,0.00441577973083164,0.00441577973083164,0.00441577973083164,0.0138459086615911
9.90269087384876,0,-0.0238997733934269,0,9.90269087384876,-0.0238997733934269,-0.0238997733934269,-0.0238997733934269,0.140365006537693
10.8363107906744,0,-0.028098390818107,0,10.8363107906744,-0.028098390818107,-0.028098390818107,-0.028098390818107,0.071926050301895
11.7003583105711,0,-0.00186774348468509,0,11.7003583105711,-0.00186774348468509,-0.00186774348468509,-0.00186774348468509,0.00589871207554302
14.1717804897526,0,0.027255899623745,0,14.1717804897526,0.027255899623745,0.027255899623745,0.027255899623745,0.0438772018708798
11.3171115233183,0,-0.0301299566297987,0,11.3171115233183,-0.0301299566297987,-0.0301299566297987,-0.0301299566297987,0.0549217163119364
12.491172371433,0,0.00616174807970621,0,12.491172371433,0.00616174807970621,0.00616174807970621,0.00616174807970621,0.0405245193389735
26.705767275507,0,-0.098143737211913,0,26.705767275507,-0.098143737211913,-0.098143737211913,-0.098143737211913,0.0957453613360952
23.3384346785706,0,0.0173424537425691,0,23.3384346785706,0.0173424537425691,0.0173424537425691,0.0173424537425691,0.0189266195413323
21.0471310356801,0,0.0617673658141888,0,21.0471310356801,0.0617673658141888,0.0617673658141888,0.0617673658141888,0.047052745863464
16.8846431378076,0,0.0592246738975235,0,16.8846431378076,0.0592246738975235,0.0592246738975235,0.0592246738975235,0.0580511049145327
142.027144302285,0,0.0480428181832702,0,142.027144302285,0.0480428181832702,0.0480428181832702,0.0480428181832702,0.0151652887885014
10.8384906759069,0,-0.00221059163205814,0,10.8384906759069,-0.00221059163205814,-0.00221059163205814,-0.00221059163205814,0.0251376149245104
15.3983817607889,0,0.00875331277188317,0,15.3983817607889,0.00875331277188317,0.00875331277188317,0.00875331277188317,0.0553131630412198
14.6925462604222,0,-0.00458452472707301,0,14.6925462604222,-0.00458452472707301,-0.00458452472707301,-0.00458452472707301,0.0444254697733256
12.5310366569707,0,0.0109739413789005,0,12.5310366569707,0.0109739413789005,0.0109739413789005,0.0109739413789005,0.0301771491611757
11.0161041029769,0,-0.0031766917676102,0,11.0161041029769,-0.0031766917676102,-0.0031766917676102,-0.0031766917676102,0.0522005254908412
12.612078023469,0,-0.0597088928688878,0,12.612078023469,-0.0597088928688878,-0.0597088928688878,-0.0597088928688878,0.0322576765582896
27.9381463268887,0,-0.0196646199066465,0,27.9381463268887,-0.0196646199066465,-0.0196646199066465,-0.0196646199066465,0.0266030945529787
28.4056044215739,0,-0.0234835133541325,0,28.4056044215739,-0.0234835133541325,-0.0234835133541325,-0.0234835133541325,0.0460235649191708
13.4368696617468,0,0.0535402362440232,0,13.4368696617468,0.0535402362440232,0.0535402362440232,0.0535402362440232,0.0282079903838013
14.3373106913918,0,-0.0165868652445846,0,14.3373106913918,-0.0165868652445846,-0.0165868652445846,-0.0165868652445846,0.0475684856482902
25.9320346135502,0,-0.0232712391594247,0,25.9320346135502,-0.0232712391594247,-0.0232712391594247,-0.0232712391594247,0.0300519735078187
NA,NA,NA,NA,NA,NA,NA,NA,NA
3.48138260502119,0,-0.0431716232209931,0,3.48138260502119,-0.0431716232209931,-0.0431716232209931,-0.0431716232209931,0.0321818721032191
5.59197431763262,0,-0.0578220526680145,0,5.59197431763262,-0.0578220526680145,-0.0578220526680145,-0.0578220526680145,0.0290843221745671
7.10118523761685,0,-0.0285278978712163,0,7.10118523761685,-0.0285278978712163,-0.0285278978712163,-0.0285278978712163,0.0595492352872805
8.39406695268219,0,0.0167837864563465,0,8.39406695268219,0.0167837864563465,0.0167837864563465,0.0167837864563465,0.0322473662392579
6.68163411954067,0,0.0399525800720857,0,6.68163411954067,0.0399525800720857,0.0399525800720857,0.0399525800720857,0.0632642521725607
10.9419857642508,0,-0.0876235523401562,0,10.9419857642508,-0.0876235523401562,-0.0876235523401562,-0.0876235523401562,0.0336377588977628
9.567453602661,0,-0.0130573193727359,0,9.567453602661,-0.0130573193727359,-0.0130573193727359,-0.0130573193727359,0.0264340771076804
9.56764954052794,0,-0.00578932875863998,0,9.56764954052794,-0.00578932875863998,-0.00578932875863998,-0.00578932875863998,0.0288617279537588
9.58796747981615,0,0.00725905880614161,0,9.58796747981615,0.00725905880614161,0.00725905880614161,0.00725905880614161,0.0422687684348916
10.3415882006709,0,-0.0979591311963027,0,10.3415882006709,-0.0979591311963027,-0.0979591311963027,-0.0979591311963027,0.0379022425227411
9.03381024943225,0,-0.0258591277728825,0,9.03381024943225,-0.0258591277728825,-0.0258591277728825,-0.0258591277728825,0.0210013285642308
7.292171244769,0,0.0214216184583366,0,7.292171244769,0.0214216184583366,0.0214216184583366,0.0214216184583366,0.00787016036700002
10.6567948708008,0,0.0203455428827325,0,10.6567948708008,0.0203455428827325,0.0203455428827325,0.0203455428827325,0.0367174068081082
15.83958844307,0,0.0399832495665445,0,15.83958844307,0.0399832495665445,0.0399832495665445,0.0399832495665445,0.0130470310288665
17.7014293147066,0,0.0234372077444364,0,17.7014293147066,0.0234372077444364,0.0234372077444364,0.0234372077444364,0.0323786122878216
16.016217440795,0,-0.00369944404825601,0,16.016217440795,-0.00369944404825601,-0.00369944404825601,-0.00369944404825601,0.0376637682579198
13.5036026382197,0,0.0260526179813793,0,13.5036026382197,0.0260526179813793,0.0260526179813793,0.0260526179813793,0.0175137052055195
13.9836050997556,0,-0.0596374353307077,0,13.9836050997556,-0.0596374353307077,-0.0596374353307077,-0.0596374353307077,0.0260159424457815
11.3110693140974,0,0.00982781565554414,0,11.3110693140974,0.00982781565554414,0.00982781565554414,0.00982781565554414,0.0152975413868066
20.6083384757102,0,-0.0196913974375486,0,20.6083384757102,-0.0196913974375486,-0.0196913974375486,-0.0196913974375486,0.0564075951702511
12.3671082351961,0,0.0210231372322994,0,12.3671082351961,0.0210231372322994,0.0210231372322994,0.0210231372322994,0.0160828742749283
12.3654554745313,0,-0.0686880413546458,0,12.3654554745313,-0.0686880413546458,-0.0686880413546458,-0.0686880413546458,0.0513325050706189
19.2556223171704,0,0.0285945738844167,0,19.2556223171704,0.0285945738844167,0.0285945738844167,0.0285945738844167,0.0139726523520546
34.7312424253189,0,0.00360906084633839,0,34.7312424253189,0.00360906084633839,0.00360906084633839,0.00360906084633839,0.017575833019559
54.7209102152747,0,0.0196726221291343,0,54.7209102152747,0.0196726221291343,0.0196726221291343,0.0196726221291343,0.0109274670854921
9.76552332936977,0,0.00564706861610557,0,9.76552332936977,0.00564706861610557,0.00564706861610557,0.00564706861610557,0.022210163633412
8.22166390729103,0,0.0200227074138689,0,8.22166390729103,0.0200227074138689,0.0200227074138689,0.0200227074138689,0.0889316774406693
11.7030101268542,0,0.0664031592294417,0,11.7030101268542,0.0664031592294417,0.0664031592294417,0.0664031592294417,0.0318702419669784
7.36539602284415,0,-0.0247872150245361,0,7.36539602284415,-0.0247872150245361,-0.0247872150245361,-0.0247872150245361,0.114121672795408
9.34902839864339,0,-0.0319037471830898,0,9.34902839864339,-0.0319037471830898,-0.0319037471830898,-0.0319037471830898,0.0353702402159913
12.5616640281909,0,0.00441577973083164,0,12.5616640281909,0.00441577973083164,0.00441577973083164,0.00441577973083164,0.0138459086615911
9.90269087384876,0,-0.0238997733934269,0,9.90269087384876,-0.0238997733934269,-0.0238997733934269,-0.0238997733934269,0.140365006537693
10.8363107906744,0,-0.028098390818107,0,10.8363107906744,-0.028098390818107,-0.028098390818107,-0.028098390818107,0.071926050301895
11.7003583105711,0,-0.00186774348468509,0,11.7003583105711,-0.00186774348468509,-0.00186774348468509,-0.00186774348468509,0.00589871207554302
14.1717804897526,0,0.027255899623745,0,14.1717804897526,0.027255899623745,0.027255899623745,0.027255899623745,0.0438772018708798
11.3171115233183,0,-0.0301299566297987,0,11.3171115233183,-0.0301299566297987,-0.0301299566297987,-0.0301299566297987,0.0549217163119364
12.491172371433,0,0.00616174807970621,0,12.491172371433,0.00616174807970621,0.00616174807970621,0.00616174807970621,0.0405245193389735
26.705767275507,0,-0.098143737211913,0,26.705767275507,-0.098143737211913,-0.098143737211913,-0.098143737211913,0.0957453613360952
23.3384346785706,0,0.0173424537425691,0,23.3384346785706,0.0173424537425691,0.0173424537425691,0.0173424537425691,0.0189266195413323
21.0471310356801,0,0.0617673658141888,0,21.0471310356801,0.0617673658141888,0.0617673658141888,0.0617673658141888,0.047052745863464
16.8846431378076,0,0.0592246738975235,0,16.8846431378076,0.0592246738975235,0.0592246738975235,0.0592246738975235,0.0580511049145327
142.027144302285,0,0.0480428181832702,0,142.027144302285,0.0480428181832702,0.0480428181832702,0.0480428181832702,0.0151652887885014
10.8384906759069,0,-0.00221059163205814,0,10.8384906759069,-0.00221059163205814,-0.00221059163205814,-0.00221059163205814,0.0251376149245104
15.3983817607889,0,0.00875331277188317,0,15.3983817607889,0.00875331277188317,0.00875331277188317,0.00875331277188317,0.0553131630412198
14.6925462604222,0,-0.00458452472707301,0,14.6925462604222,-0.00458452472707301,-0.00458452472707301,-0.00458452472707301,0.0444254697733256
12.5310366569707,0,0.0109739413789005,0,12.5310366569707,0.0109739413789005,0.0109739413789005,0.0109739413789005,0.0301771491611757
11.0161041029769,0,-0.0031766917676102,0,11.0161041029769,-0.0031766917676102,-0.0031766917676102,-0.0031766917676102,0.0522005254908412
12.612078023469,0,-0.0597088928688878,0,12.612078023469,-0.0597088928688878,-0.0597088928688878,-0.0597088928688878,0.0322576765582896
27.9381463268887,0,-0.0196646199066465,0,27.9381463268887,-0.0196646199066465,-0.0196646199066465,-0.0196646199066465,0.0266030945529787
28.4056044215739,0,-0.0234835133541325,0,28.4056044215739,-0.0234835133541325,-0.0234835133541325,-0.0234835133541325,0.0460235649191708
13.4368696617468,0,0.0535402362440232,0,13.4368696617468,0.0535402362440232,0.0535402362440232,0.0535402362440232,0.0282079903838013
14.3373106913918,0,-0.0165868652445846,0,14.3373106913918,-0.0165868652445846,-0.0165868652445846,-0.0165868652445846,0.0475684856482902
25.9320346135502,0,-0.0232712391594247,0,25.9320346135502,-0.0232712391594247,-0.0232712391594247,-0.0232712391594247,0.0300519735078187
NA,NA,NA,NA,NA,NA,NA,NA,NA
3.48138260502119,0,-0.0431716232209931,0,3.48138260502119,-0.0431716232209931,-0.0431716232209931,-0.0431716232209931,0.0321818721032191
5.59197431763262,0,-0.0578220526680145,0,5.59197431763262,-0.0578220526680145,-0.0578220526680145,-0.0578220526680145,0.0290843221745671
7.10118523761685,0,-0.0285278978712163,0,7.10118523761685,-0.0285278978712163,-0.0285278978712163,-0.0285278978712163,0.0595492352872805
8.39406695268219,0,0.0167837864563465,0,8.39406695268219,0.0167837864563465,0.0167837864563465,0.0167837864563465,0.0322473662392579
6.68163411954067,0,0.0399525800720857,0,6.68163411954067,0.0399525800720857,0.0399525800720857,0.0399525800720857,0.0632642521725607
10.9419857642508,0,-0.0876235523401562,0,10.9419857642508,-0.0876235523401562,-0.0876235523401562,-0.0876235523401562,0.0336377588977628
9.567453602661,0,-0.0130573193727359,0,9.567453602661,-0.0130573193727359,-0.0130573193727359,-0.0130573193727359,0.0264340771076804
9.56764954052794,0,-0.00578932875863998,0,9.56764954052794,-0.00578932875863998,-0.00578932875863998,-0.00578932875863998,0.0288617279537588
9.58796747981615,0,0.00725905880614161,0,9.58796747981615,0.00725905880614161,0.00725905880614161,0.00725905880614161,0.0422687684348916
10.3415882006709,0,-0.0979591311963027,0,10.3415882006709,-0.0979591311963027,-0.0979591311963027,-0.0979591311963027,0.0379022425227411
9.03381024943225,0,-0.0258591277728825,0,9.03381024943225,-0.0258591277728825,-0.0258591277728825,-0.0258591277728825,0.0210013285642308
7.292171244769,0,0.0214216184583366,0,7.292171244769,0.0214216184583366,0.0214216184583366,0.0214216184583366,0.00787016036700002
10.6567948708008,0,0.0203455428827325,0,10.6567948708008,0.0203455428827325,0.0203455428827325,0.0203455428827325,0.0367174068081082
15.83958844307,0,0.0399832495665445,0,15.83958844307,0.0399832495665445,0.0399832495665445,0.0399832495665445,0.0130470310288665
17.7014293147066,0,0.0234372077444364,0,17.7014293147066,0.0234372077444364,0.0234372077444364,0.0234372077444364,0.0323786122878216
16.016217440795,0,-0.00369944404825601,0,16.016217440795,-0.00369944404825601,-0.00369944404825601,-0.00369944404825601,0.0376637682579198
13.5036026382197,0,0.0260526179813793,0,13.5036026382197,0.0260526179813793,0.0260526179813793,0.0260526179813793,0.0175137052055195
13.9836050997556,0,-0.0596374353307077,0,13.9836050997556,-0.0596374353307077,-0.0596374353307077,-0.0596374353307077,0.0260159424457815
11.3110693140974,0,0.00982781565554414,0,11.3110693140974,0.00982781565554414,0.00982781565554414,0.00982781565554414,0.0152975413868066
20.6083384757102,0,-0.0196913974375486,0,20.6083384757102,-0.0196913974375486,-0.0196913974375486,-0.0196913974375486,0.0564075951702511
12.3671082351961,0,0.0210231372322994,0,12.3671082351961,0.0210231372322994,0.0210231372322994,0.0210231372322994,0.0160828742749283
12.3654554745313,0,-0.0686880413546458,0,12.3654554745313,-0.0686880413546458,-0.0686880413546458,-0.0686880413546458,0.0513325050706189
19.2556223171704,0,0.0285945738844167,0,19.2556223171704,0.0285945738844167,0.0285945738844167,0.0285945738844167,0.0139726523520546
34.7312424253189,0,0.00360906084633839,0,34.7312424253189,0.00360906084633839,0.00360906084633839,0.00360906084633839,0.017575833019559
54.7209102152747,0,0.0196726221291343,0,54.7209102152747,0.0196726221291343,0.0196726221291343,0.0196726221291343,0.0109274670854921
9.76552332936977,0,0.00564706861610557,0,9.76552332936977,0.00564706861610557,0.00564706861610557,0.00564706861610557,0.022210163633412
8.22166390729103,0,0.0200227074138689,0,8.22166390729103,0.0200227074138689,0.0200227074138689,0.0200227074138689,0.0889316774406693
11.7030101268542,0,0.0664031592294417,0,11.7030101268542,0.0664031592294417,0.0664031592294417,0.0664031592294417,0.0318702419669784
7.36539602284415,0,-0.0247872150245361,0,7.36539602284415,-0.0247872150245361,-0.0247872150245361,-0.0247872150245361,0.114121672795408
9.34902839864339,0,-0.0319037471830898,0,9.34902839864339,-0.0319037471830898,-0.0319037471830898,-0.0319037471830898,0.0353702402159913
12.5616640281909,0,0.00441577973083164,0,12.5616640281909,0.00441577973083164,0.00441577973083164,0.00441577973083164,0.0138459086615911
9.90269087384876,0,-0.0238997733934269,0,9.90269087384876,-0.0238997733934269,-0.0238997733934269,-0.0238997733934269,0.140365006537693
10.8363107906744,0,-0.028098390818107,0,10.8363107906744,-0.028098390818107,-0.028098390818107,-0.028098390818107,0.071926050301895
11.7003583105711,0,-0.00186774348468509,0,11.7003583105711,-0.00186774348468509,-0.00186774348468509,-0.00186774348468509,0.00589871207554302
14.1717804897526,0,0.027255899623745,0,14.1717804897526,0.027255899623745,0.027255899623745,0.027255899623745,0.0438772018708798
11.3171115233183,0,-0.0301299566297987,0,11.3171115233183,-0.0301299566297987,-0.0301299566297987,-0.0301299566297987,0.0549217163119364
12.491172371433,0,0.00616174807970621,0,12.491172371433,0.00616174807970621,0.00616174807970621,0.00616174807970621,0.0405245193389735
26.705767275507,0,-0.098143737211913,0,26.705767275507,-0.098143737211913,-0.098143737211913,-0.098143737211913,0.0957453613360952
23.3384346785706,0,0.0173424537425691,0,23.3384346785706,0.0173424537425691,0.0173424537425691,0.0173424537425691,0.0189266195413323
21.0471310356801,0,0.0617673658141888,0,21.0471310356801,0.0617673658141888,0.0617673658141888,0.0617673658141888,0.047052745863464
16.8846431378076,0,0.0592246738975235,0,16.8846431378076,0.0592246738975235,0.0592246738975235,0.0592246738975235,0.0580511049145327
142.027144302285,0,0.0480428181832702,0,142.027144302285,0.0480428181832702,0.0480428181832702,0.0480428181832702,0.0151652887885014
10.8384906759069,0,-0.00221059163205814,0,10.8384906759069,-0.00221059163205814,-0.00221059163205814,-0.00221059163205814,0.0251376149245104
15.3983817607889,0,0.00875331277188317,0,15.3983817607889,0.00875331277188317,0.00875331277188317,0.00875331277188317,0.0553131630412198
14.6925462604222,0,-0.00458452472707301,0,14.6925462604222,-0.00458452472707301,-0.00458452472707301,-0.00458452472707301,0.0444254697733256
12.5310366569707,0,0.0109739413789005,0,12.5310366569707,0.0109739413789005,0.0109739413789005,0.0109739413789005,0.0301771491611757
11.0161041029769,0,-0.0031766917676102,0,11.0161041029769,-0.0031766917676102,-0.0031766917676102,-0.0031766917676102,0.0522005254908412
12.612078023469,0,-0.0597088928688878,0,12.612078023469,-0.0597088928688878,-0.0597088928688878,-0.0597088928688878,0.0322576765582896
27.9381463268887,0,-0.0196646199066465,0,27.9381463268887,-0.0196646199066465,-0.0196646199066465,-0.0196646199066465,0.0266030945529787
28.4056044215739,0,-0.0234835133541325,0,28.4056044215739,-0.0234835133541325,-0.0234835133541325,-0.0234835133541325,0.0460235649191708
13.4368696617468,0,0.0535402362440232,0,13.4368696617468,0.0535402362440232,0.0535402362440232,0.0535402362440232,0.0282079903838013
14.3373106913918,0,-0.0165868652445846,0,14.3373106913918,-0.0165868652445846,-0.0165868652445846,-0.0165868652445846,0.0475684856482902
25.9320346135502,0,-0.0232712391594247,0,25.9320346135502,-0.0232712391594247,-0.0232712391594247,-0.0232712391594247,0.0300519735078187
NA,NA,NA,NA,NA,NA,NA,NA,NA
3.48138260502119,0,-0.0431716232209931,0,3.48138260502119,-0.0431716232209931,-0.0431716232209931,-0.0431716232209931,0.0321818721032191
5.59197431763262,0,-0.0578220526680145,0,5.59197431763262,-0.0578220526680145,-0.0578220526680145,-0.0578220526680145,0.0290843221745671
7.10118523761685,0,-0.0285278978712163,0,7.10118523761685,-0.0285278978712163,-0.0285278978712163,-0.0285278978712163,0.0595492352872805
8.39406695268219,0,0.0167837864563465,0,8.39406695268219,0.0167837864563465,0.0167837864563465,0.0167837864563465,0.0322473662392579
6.68163411954067,0,0.0399525800720857,0,6.68163411954067,0.0399525800720857,0.0399525800720857,0.0399525800720857,0.0632642521725607
10.9419857642508,0,-0.0876235523401562,0,10.9419857642508,-0.0876235523401562,-0.0876235523401562,-0.0876235523401562,0.0336377588977628
9.567453602661,0,-0.0130573193727359,0,9.567453602661,-0.0130573193727359,-0.0130573193727359,-0.0130573193727359,0.0264340771076804
9.56764954052794,0,-0.00578932875863998,0,9.56764954052794,-0.00578932875863998,-0.00578932875863998,-0.00578932875863998,0.0288617279537588
9.58796747981615,0,0.00725905880614161,0,9.58796747981615,0.00725905880614161,0.00725905880614161,0.00725905880614161,0.0422687684348916
10.3415882006709,0,-0.0979591311963027,0,10.3415882006709,-0.0979591311963027,-0.0979591311963027,-0.0979591311963027,0.0379022425227411
9.03381024943225,0,-0.0258591277728825,0,9.03381024943225,-0.0258591277728825,-0.0258591277728825,-0.0258591277728825,0.0210013285642308
7.292171244769,0,0.0214216184583366,0,7.292171244769,0.0214216184583366,0.0214216184583366,0.0214216184583366,0.00787016036700002
10.6567948708008,0,0.0203455428827325,0,10.6567948708008,0.0203455428827325,0.0203455428827325,0.0203455428827325,0.0367174068081082
15.83958844307,0,0.0399832495665445,0,15.83958844307,0.0399832495665445,0.0399832495665445,0.0399832495665445,0.0130470310288665
17.7014293147066,0,0.0234372077444364,0,17.7014293147066,0.0234372077444364,0.0234372077444364,0.0234372077444364,0.0323786122878216
16.016217440795,0,-0.00369944404825601,0,16.016217440795,-0.00369944404825601,-0.00369944404825601,-0.00369944404825601,0.0376637682579198
13.5036026382197,0,0.0260526179813793,0,13.5036026382197,0.0260526179813793,0.0260526179813793,0.0260526179813793,0.0175137052055195
13.9836050997556,0,-0.0596374353307077,0,13.9836050997556,-0.0596374353307077,-0.0596374353307077,-0.0596374353307077,0.0260159424457815
11.3110693140974,0,0.00982781565554414,0,11.3110693140974,0.00982781565554414,0.00982781565554414,0.00982781565554414,0.0152975413868066
20.6083384757102,0,-0.0196913974375486,0,20.6083384757102,-0.0196913974375486,-0.0196913974375486,-0.0196913974375486,0.0564075951702511
12.3671082351961,0,0.0210231372322994,0,12.3671082351961,0.0210231372322994,0.0210231372322994,0.0210231372322994,0.0160828742749283
12.3654554745313,0,-0.0686880413546458,0,12.3654554745313,-0.0686880413546458,-0.0686880413546458,-0.0686880413546458,0.0513325050706189
19.2556223171704,0,0.0285945738844167,0,19.2556223171704,0.0285945738844167,0.0285945738844167,0.0285945738844167,0.0139726523520546
34.7312424253189,0,0.00360906084633839,0,34.7312424253189,0.00360906084633839,0.00360906084633839,0.00360906084633839,0.017575833019559
54.7209102152747,0,0.0196726221291343,0,54.7209102152747,0.0196726221291343,0.0196726221291343,0.0196726221291343,0.0109274670854921
9.76552332936977,0,0.00564706861610557,0,9.76552332936977,0.00564706861610557,0.00564706861610557,0.00564706861610557,0.022210163633412
8.22166390729103,0,0.0200227074138689,0,8.22166390729103,0.0200227074138689,0.0200227074138689,0.0200227074138689,0.0889316774406693
11.7030101268542,0,0.0664031592294417,0,11.7030101268542,0.0664031592294417,0.0664031592294417,0.0664031592294417,0.0318702419669784
7.36539602284415,0,-0.0247872150245361,0,7.36539602284415,-0.0247872150245361,-0.0247872150245361,-0.0247872150245361,0.114121672795408
9.34902839864339,0,-0.0319037471830898,0,9.34902839864339,-0.0319037471830898,-0.0319037471830898,-0.0319037471830898,0.0353702402159913
12.5616640281909,0,0.00441577973083164,0,12.5616640281909,0.00441577973083164,0.00441577973083164,0.00441577973083164,0.0138459086615911
9.90269087384876,0,-0.0238997733934269,0,9.90269087384876,-0.0238997733934269,-0.0238997733934269,-0.0238997733934269,0.140365006537693
10.8363107906744,0,-0.028098390818107,0,10.8363107906744,-0.028098390818107,-0.028098390818107,-0.028098390818107,0.071926050301895
11.7003583105711,0,-0.00186774348468509,0,11.7003583105711,-0.00186774348468509,-0.00186774348468509,-0.00186774348468509,0.00589871207554302
14.1717804897526,0,0.027255899623745,0,14.1717804897526,0.027255899623745,0.027255899623745,0.027255899623745,0.0438772018708798
11.3171115233183,0,-0.0301299566297987,0,11.3171115233183,-0.0301299566297987,-0.0301299566297987,-0.0301299566297987,0.0549217163119364
12.491172371433,0,0.00616174807970621,0,12.491172371433,0.00616174807970621,0.00616174807970621,0.00616174807970621,0.0405245193389735
26.705767275507,0,-0.098143737211913,0,26.705767275507,-0.098143737211913,-0.098143737211913,-0.098143737211913,0.0957453613360952
23.3384346785706,0,0.0173424537425691,0,23.3384346785706,0.0173424537425691,0.0173424537425691,0.0173424537425691,0.0189266195413323
21.0471310356801,0,0.0617673658141888,0,21.0471310356801,0.0617673658141888,0.0617673658141888,0.0617673658141888,0.047052745863464
16.8846431378076,0,0.0592246738975235,0,16.8846431378076,0.0592246738975235,0.0592246738975235,0.0592246738975235,0.0580511049145327
142.027144302285,0,0.0480428181832702,0,142.027144302285,0.0480428181832702,0.0480428181832702,0.0480428181832702,0.0151652887885014
10.8384906759069,0,-0.00221059163205814,0,10.8384906759069,-0.00221059163205814,-0.00221059163205814,-0.00221059163205814,0.0251376149245104
15.3983817607889,0,0.00875331277188317,0,15.3983817607889,0.00875331277188317,0.00875331277188317,0.00875331277188317,0.0553131630412198
14.6925462604222,0,-0.00458452472707301,0,14.6925462604222,-0.00458452472707301,-0.00458452472707301,-0.00458452472707301,0.0444254697733256
12.5310366569707,0,0.0109739413789005,0,12.5310366569707,0.0109739413789005,0.0109739413789005,0.0109739413789005,0.0301771491611757
11.0161041029769,0,-0.0031766917676102,0,11.0161041029769,-0.0031766917676102,-0.0031766917676102,-0.0031766917676102,0.0522005254908412
12.612078023469,0,-0.0597088928688878,0,12.612078023469,-0.0597088928688878,-0.0597088928688878,-0.0597088928688878,0.0322576765582896
27.9381463268887,0,-0.0196646199066465,0,27.9381463268887,-0.0196646199066465,-0.0196646199066465,-0.0196646199066465,0.0266030945529787
28.4056044215739,0,-0.0234835133541325,0,28.4056044215739,-0.0234835133541325,-0.0234835133541325,-0.0234835133541325,0.0460235649191708
13.4368696617468,0,0.0535402362440232,0,13.4368696617468,0.0535402362440232,0.0535402362440232,0.0535402362440232,0.0282079903838013
14.3373106913918,0,-0.0165868652445846,0,14.3373106913918,-0.0165868652445846,-0.0165868652445846,-0.0165868652445846,0.0475684856482902
25.9320346135502,0,-0.0232712391594247,0,25.9320346135502,-0.0232712391594247,-0.0232712391594247,-0.0232712391594247,0.0300519735078187
NA,NA,NA,NA,NA,NA,NA,NA,NA
3.48138260502119,0,-0.0431716232209931,0,3.48138260502119,-0.0431716232209931,-0.0431716232209931,-0.0431716232209931,0.0321818721032191
5.59197431763262,0,-0.0578220526680145,0,5.59197431763262,-0.0578220526680145,-0.0578220526680145,-0.0578220526680145,0.0290843221745671
7.10118523761685,0,-0.0285278978712163,0,7.10118523761685,-0.0285278978712163,-0.0285278978712163,-0.0285278978712163,0.0595492352872805
8.39406695268219,0,0.0167837864563465,0,8.39406695268219,0.0167837864563465,0.0167837864563465,0.0167837864563465,0.0322473662392579
6.68163411954067,0,0.0399525800720857,0,6.68163411954067,0.0399525800720857,0.0399525800720857,0.0399525800720857,0.0632642521725607
10.9419857642508,0,-0.0876235523401562,0,10.9419857642508,-0.0876235523401562,-0.0876235523401562,-0.0876235523401562,0.0336377588977628
9.567453602661,0,-0.0130573193727359,0,9.567453602661,-0.0130573193727359,-0.0130573193727359,-0.0130573193727359,0.0264340771076804
9.56764954052794,0,-0.00578932875863998,0,9.56764954052794,-0.00578932875863998,-0.00578932875863998,-0.00578932875863998,0.0288617279537588
9.58796747981615,0,0.00725905880614161,0,9.58796747981615,0.00725905880614161,0.00725905880614161,0.00725905880614161,0.0422687684348916
10.3415882006709,0,-0.0979591311963027,0,10.3415882006709,-0.0979591311963027,-0.0979591311963027,-0.0979591311963027,0.0379022425227411
9.03381024943225,0,-0.0258591277728825,0,9.03381024943225,-0.0258591277728825,-0.0258591277728825,-0.0258591277728825,0.0210013285642308
7.292171244769,0,0.0214216184583366,0,7.292171244769,0.0214216184583366,0.0214216184583366,0.0214216184583366,0.00787016036700002
10.6567948708008,0,0.0203455428827325,0,10.6567948708008,0.0203455428827325,0.0203455428827325,0.0203455428827325,0.0367174068081082
15.83958844307,0,0.0399832495665445,0,15.83958844307,0.0399832495665445,0.0399832495665445,0.0399832495665445,0.0130470310288665
17.7014293147066,0,0.0234372077444364,0,17.7014293147066,0.0234372077444364,0.0234372077444364,0.0234372077444364,0.0323786122878216
16.016217440795,0,-0.00369944404825601,0,16.016217440795,-0.00369944404825601,-0.00369944404825601,-0.00369944404825601,0.0376637682579198
13.5036026382197,0,0.0260526179813793,0,13.5036026382197,0.0260526179813793,0.0260526179813793,0.0260526179813793,0.0175137052055195
13.9836050997556,0,-0.0596374353307077,0,13.9836050997556,-0.0596374353307077,-0.0596374353307077,-0.0596374353307077,0.0260159424457815
11.3110693140974,0,0.00982781565554414,0,11.3110693140974,0.00982781565554414,0.00982781565554414,0.00982781565554414,0.0152975413868066
20.6083384757102,0,-0.0196913974375486,0,20.6083384757102,-0.0196913974375486,-0.0196913974375486,-0.0196913974375486,0.0564075951702511
12.3671082351961,0,0.0210231372322994,0,12.3671082351961,0.0210231372322994,0.0210231372322994,0.0210231372322994,0.0160828742749283
12.3654554745313,0,-0.0686880413546458,0,12.3654554745313,-0.0686880413546458,-0.0686880413546458,-0.0686880413546458,0.0513325050706189
19.2556223171704,0,0.0285945738844167,0,19.2556223171704,0.0285945738844167,0.0285945738844167,0.0285945738844167,0.0139726523520546
34.7312424253189,0,0.00360906084633839,0,34.7312424253189,0.00360906084633839,0.00360906084633839,0.00360906084633839,0.017575833019559
54.7209102152747,0,0.0196726221291343,0,54.7209102152747,0.0196726221291343,0.0196726221291343,0.0196726221291343,0.0109274670854921
9.76552332936977,0,0.00564706861610557,0,9.76552332936977,0.00564706861610557,0.00564706861610557,0.00564706861610557,0.022210163633412
8.22166390729103,0,0.0200227074138689,0,8.22166390729103,0.0200227074138689,0.0200227074138689,0.0200227074138689,0.0889316774406693
11.7030101268542,0,0.0664031592294417,0,11.7030101268542,0.0664031592294417,0.0664031592294417,0.0664031592294417,0.0318702419669784
7.36539602284415,0,-0.0247872150245361,0,7.36539602284415,-0.0247872150245361,-0.0247872150245361,-0.0247872150245361,0.114121672795408
9.34902839864339,0,-0.0319037471830898,0,9.34902839864339,-0.0319037471830898,-0.0319037471830898,-0.0319037471830898,0.0353702402159913
12.5616640281909,0,0.00441577973083164,0,12.5616640281909,0.00441577973083164,0.00441577973083164,0.00441577973083164,0.0138459086615911
9.90269087384876,0,-0.0238997733934269,0,9.90269087384876,-0.0238997733934269,-0.0238997733934269,-0.0238997733934269,0.140365006537693
10.8363107906744,0,-0.028098390818107,0,10.8363107906744,-0.028098390818107,-0.028098390818107,-0.028098390818107,0.071926050301895
11.7003583105711,0,-0.00186774348468509,0,11.7003583105711,-0.00186774348468509,-0.00186774348468509,-0.00186774348468509,0.00589871207554302
14.1717804897526,0,0.027255899623745,0,14.1717804897526,0.027255899623745,0.027255899623745,0.027255899623745,0.0438772018708798
11.3171115233183,0,-0.0301299566297987,0,11.3171115233183,-0.0301299566297987,-0.0301299566297987,-0.0301299566297987,0.0549217163119364
12.491172371433,0,0.00616174807970621,0,12.491172371433,0.00616174807970621,0.00616174807970621,0.00616174807970621,0.0405245193389735
26.705767275507,0,-0.098143737211913,0,26.705767275507,-0.098143737211913,-0.098143737211913,-0.098143737211913,0.0957453613360952
23.3384346785706,0,0.0173424537425691,0,23.3384346785706,0.0173424537425691,0.0173424537425691,0.0173424537425691,0.0189266195413323
21.0471310356801,0,0.0617673658141888,0,21.0471310356801,0.0617673658141888,0.0617673658141888,0.0617673658141888,0.047052745863464
16.8846431378076,0,0.0592246738975235,0,16.8846431378076,0.0592246738975235,0.0592246738975235,0.0592246738975235,0.0580511049145327
142.027144302285,0,0.0480428181832702,0,142.027144302285,0.0480428181832702,0.0480428181832702,0.0480428181832702,0.0151652887885014
10.8384906759069,0,-0.00221059163205814,0,10.8384906759069,-0.00221059163205814,-0.00221059163205814,-0.00221059163205814,0.0251376149245104
15.3983817607889,0,0.00875331277188317,0,15.3983817607889,0.00875331277188317,0.00875331277188317,0.00875331277188317,0.0553131630412198
14.6925462604222,0,-0.00458452472707301,0,14.6925462604222,-0.00458452472707301,-0.00458452472707301,-0.00458452472707301,0.0444254697733256
12.5310366569707,0,0.0109739413789005,0,12.5310366569707,0.0109739413789005,0.0109739413789005,0.0109739413789005,0.0301771491611757
11.0161041029769,0,-0.0031766917676102,0,11.0161041029769,-0.0031766917676102,-0.0031766917676102,-0.0031766917676102,0.0522005254908412
12.612078023469,0,-0.0597088928688878,0,12.612078023469,-0.0597088928688878,-0.0597088928688878,-0.0597088928688878,0.0322576765582896
27.9381463268887,0,-0.0196646199066465,0,27.9381463268887,-0.0196646199066465,-0.0196646199066465,-0.0196646199066465,0.0266030945529787
28.4056044215739,0,-0.0234835133541325,0,28.4056044215739,-0.0234835133541325,-0.0234835133541325,-0.0234835133541325,0.0460235649191708
13.4368696617468,0,0.0535402362440232,0,13.4368696617468,0.0535402362440232,0.0535402362440232,0.0535402362440232,0.0282079903838013
14.3373106913918,0,-0.0165868652445846,0,14.3373106913918,-0.0165868652445846,-0.0165868652445846,-0.0165868652445846,0.0475684856482902
25.9320346135502,0,-0.0232712391594247,0,25.9320346135502,-0.0232712391594247,-0.0232712391594247,-0.0232712391594247,0.0300519735078187
NA,NA,NA,NA,NA,NA,NA,NA,NA
3.48138260502119,0,-0.0431716232209931,0,3.48138260502119,-0.0431716232209931,-0.0431716232209931,-0.0431716232209931,0.0321818721032191
5.59197431763262,0,-0.0578220526680145,0,5.59197431763262,-0.0578220526680145,-0.0578220526680145,-0.0578220526680145,0.0290843221745671
7.10118523761685,0,-0.0285278978712163,0,7.10118523761685,-0.0285278978712163,-0.0285278978712163,-0.0285278978712163,0.0595492352872805
8.39406695268219,0,0.0167837864563465,0,8.39406695268219,0.0167837864563465,0.0167837864563465,0.0167837864563465,0.0322473662392579
6.68163411954067,0,0.0399525800720857,0,6.68163411954067,0.0399525800720857,0.0399525800720857,0.0399525800720857,0.0632642521725607
10.9419857642508,0,-0.0876235523401562,0,10.9419857642508,-0.0876235523401562,-0.0876235523401562,-0.0876235523401562,0.0336377588977628
9.567453602661,0,-0.0130573193727359,0,9.567453602661,-0.0130573193727359,-0.0130573193727359,-0.0130573193727359,0.0264340771076804
9.56764954052794,0,-0.00578932875863998,0,9.56764954052794,-0.00578932875863998,-0.00578932875863998,-0.00578932875863998,0.0288617279537588
9.58796747981615,0,0.00725905880614161,0,9.58796747981615,0.00725905880614161,0.00725905880614161,0.00725905880614161,0.0422687684348916
10.3415882006709,0,-0.0979591311963027,0,10.3415882006709,-0.0979591311963027,-0.0979591311963027,-0.0979591311963027,0.0379022425227411
9.03381024943225,0,-0.0258591277728825,0,9.03381024943225,-0.0258591277728825,-0.0258591277728825,-0.0258591277728825,0.0210013285642308
7.292171244769,0,0.0214216184583366,0,7.292171244769,0.0214216184583366,0.0214216184583366,0.0214216184583366,0.00787016036700002
10.6567948708008,0,0.0203455428827325,0,10.6567948708008,0.0203455428827325,0.0203455428827325,0.0203455428827325,0.0367174068081082
15.83958844307,0,0.0399832495665445,0,15.83958844307,0.0399832495665445,0.0399832495665445,0.0399832495665445,0.0130470310288665
17.7014293147066,0,0.0234372077444364,0,17.7014293147066,0.0234372077444364,0.0234372077444364,0.0234372077444364,0.0323786122878216
16.016217440795,0,-0.00369944404825601,0,16.016217440795,-0.00369944404825601,-0.00369944404825601,-0.00369944404825601,0.0376637682579198
13.5036026382197,0,0.0260526179813793,0,13.5036026382197,0.0260526179813793,0.0260526179813793,0.0260526179813793,0.0175137052055195
13.9836050997556,0,-0.0596374353307077,0,13.9836050997556,-0.0596374353307077,-0.0596374353307077,-0.0596374353307077,0.0260159424457815
11.3110693140974,0,0.00982781565554414,0,11.3110693140974,0.00982781565554414,0.00982781565554414,0.00982781565554414,0.0152975413868066
20.6083384757102,0,-0.0196913974375486,0,20.6083384757102,-0.0196913974375486,-0.0196913974375486,-0.0196913974375486,0.0564075951702511
12.3671082351961,0,0.0210231372322994,0,12.3671082351961,0.0210231372322994,0.0210231372322994,0.0210231372322994,0.0160828742749283
12.3654554745313,0,-0.0686880413546458,0,12.3654554745313,-0.0686880413546458,-0.0686880413546458,-0.0686880413546458,0.0513325050706189
19.2556223171704,0,0.0285945738844167,0,19.2556223171704,0.0285945738844167,0.0285945738844167,0.0285945738844167,0.0139726523520546
34.7312424253189,0,0.00360906084633839,0,34.7312424253189,0.00360906084633839,0.00360906084633839,0.00360906084633839,0.017575833019559
54.7209102152747,0,0.0196726221291343,0,54.7209102152747,0.0196726221291343,0.0196726221291343,0.0196726221291343,0.0109274670854921
9.76552332936977,0,0.00564706861610557,0,9.76552332936977,0.00564706861610557,0.00564706861610557,0.00564706861610557,0.022210163633412
8.22166390729103,0,0.0200227074138689,0,8.22166390729103,0.0200227074138689,0.0200227074138689,0.0200227074138689,0.0889316774406693
11.7030101268542,0,0.0664031592294417,0,11.7030101268542,0.0664031592294417,0.0664031592294417,0.0664031592294417,0.0318702419669784
7.36539602284415,0,-0.0247872150245361,0,7.36539602284415,-0.0247872150245361,-0.0247872150245361,-0.0247872150245361,0.114121672795408
9.34902839864339,0,-0.0319037471830898,0,9.34902839864339,-0.0319037471830898,-0.0319037471830898,-0.0319037471830898,0.0353702402159913
12.5616640281909,0,0.00441577973083164,0,12.5616640281909,0.00441577973083164,0.00441577973083164,0.00441577973083164,0.0138459086615911
9.90269087384876,0,-0.0238997733934269,0,9.90269087384876,-0.0238997733934269,-0.0238997733934269,-0.0238997733934269,0.140365006537693
10.8363107906744,0,-0.028098390818107,0,10.8363107906744,-0.028098390818107,-0.028098390818107,-0.028098390818107,0.071926050301895
11.7003583105711,0,-0.00186774348468509,0,11.7003583105711,-0.00186774348468509,-0.00186774348468509,-0.00186774348468509,0.00589871207554302
14.1717804897526,0,0.027255899623745,0,14.1717804897526,0.027255899623745,0.027255899623745,0.027255899623745,0.0438772018708798
11.3171115233183,0,-0.0301299566297987,0,11.3171115233183,-0.0301299566297987,-0.0301299566297987,-0.0301299566297987,0.0549217163119364
12.491172371433,0,0.00616174807970621,0,12.491172371433,0.00616174807970621,0.00616174807970621,0.00616174807970621,0.0405245193389735
26.705767275507,0,-0.098143737211913,0,26.705767275507,-0.098143737211913,-0.098143737211913,-0.098143737211913,0.0957453613360952
23.3384346785706,0,0.0173424537425691,0,23.3384346785706,0.0173424537425691,0.0173424537425691,0.0173424537425691,0.0189266195413323
21.0471310356801,0,0.0617673658141888,0,21.0471310356801,0.0617673658141888,0.0617673658141888,0.0617673658141888,0.047052745863464
16.8846431378076,0,0.0592246738975235,0,16.8846431378076,0.0592246738975235,0.0592246738975235,0.0592246738975235,0.0580511049145327
142.027144302285,0,0.0480428181832702,0,142.027144302285,0.0480428181832702,0.0480428181832702,0.0480428181832702,0.0151652887885014
10.8384906759069,0,-0.00221059163205814,0,10.8384906759069,-0.00221059163205814,-0.00221059163205814,-0.00221059163205814,0.0251376149245104
15.3983817607889,0,0.00875331277188317,0,15.3983817607889,0.00875331277188317,0.00875331277188317,0.00875331277188317,0.0553131630412198
14.6925462604222,0,-0.00458452472707301,0,14.6925462604222,-0.00458452472707301,-0.00458452472707301,-0.00458452472707301,0.0444254697733256
12.5310366569707,0,0.0109739413789005,0,12.5310366569707,0.0109739413789005,0.0109739413789005,0.0109739413789005,0.0301771491611757
11.0161041029769,0,-0.0031766917676102,0,11.0161041029769,-0.0031766917676102,-0.0031766917676102,-0.0031766917676102,0.0522005254908412
12.612078023469,0,-0.0597088928688878,0,12.612078023469,-0.0597088928688878,-0.0597088928688878,-0.0597088928688878,0.0322576765582896
27.9381463268887,0,-0.0196646199066465,0,27.9381463268887,-0.0196646199066465,-0.0196646199066465,-0.0196646199066465,0.0266030945529787
28.4056044215739,0,-0.0234835133541325,0,28.4056044215739,-0.0234835133541325,-0.0234835133541325,-0.0234835133541325,0.0460235649191708
13.4368696617468,0,0.0535402362440232,0,13.4368696617468,0.0535402362440232,0.0535402362440232,0.0535402362440232,0.0282079903838013
14.3373106913918,0,-0.0165868652445846,0,14.3373106913918,-0.0165868652445846,-0.0165868652445846,-0.0165868652445846,0.0475684856482902
25.9320346135502,0,-0.0232712391594247,0,25.9320346135502,-0.0232712391594247,-0.0232712391594247,-0.0232712391594247,0.0300519735078187
NA,NA,NA,NA,NA,NA,NA,NA,NA
3.48138260502119,0,-0.0431716232209931,0,3.48138260502119,-0.0431716232209931,-0.0431716232209931,-0.0431716232209931,0.0321818721032191
5.59197431763262,0,-0.0578220526680145,0,5.59197431763262,-0.0578220526680145,-0.0578220526680145,-0.0578220526680145,0.0290843221745671
7.10118523761685,0,-0.0285278978712163,0,7.10118523761685,-0.0285278978712163,-0.0285278978712163,-0.0285278978712163,0.0595492352872805
8.39406695268219,0,0.0167837864563465,0,8.39406695268219,0.0167837864563465,0.0167837864563465,0.0167837864563465,0.0322473662392579
6.68163411954067,0,0.0399525800720857,0,6.68163411954067,0.0399525800720857,0.0399525800720857,0.0399525800720857,0.0632642521725607
10.9419857642508,0,-0.0876235523401562,0,10.9419857642508,-0.0876235523401562,-0.0876235523401562,-0.0876235523401562,0.0336377588977628
9.567453602661,0,-0.0130573193727359,0,9.567453602661,-0.0130573193727359,-0.0130573193727359,-0.0130573193727359,0.0264340771076804
9.56764954052794,0,-0.00578932875863998,0,9.56764954052794,-0.00578932875863998,-0.00578932875863998,-0.00578932875863998,0.0288617279537588
9.58796747981615,0,0.00725905880614161,0,9.58796747981615,0.00725905880614161,0.00725905880614161,0.00725905880614161,0.0422687684348916
10.3415882006709,0,-0.0979591311963027,0,10.3415882006709,-0.0979591311963027,-0.0979591311963027,-0.0979591311963027,0.0379022425227411
9.03381024943225,0,-0.0258591277728825,0,9.03381024943225,-0.0258591277728825,-0.0258591277728825,-0.0258591277728825,0.0210013285642308
7.292171244769,0,0.0214216184583366,0,7.292171244769,0.0214216184583366,0.0214216184583366,0.0214216184583366,0.00787016036700002
10.6567948708008,0,0.0203455428827325,0,10.6567948708008,0.0203455428827325,0.0203455428827325,0.0203455428827325,0.0367174068081082
15.83958844307,0,0.0399832495665445,0,15.83958844307,0.0399832495665445,0.0399832495665445,0.0399832495665445,0.0130470310288665
17.7014293147066,0,0.0234372077444364,0,17.7014293147066,0.0234372077444364,0.0234372077444364,0.0234372077444364,0.0323786122878216
16.016217440795,0,-0.00369944404825601,0,16.016217440795,-0.00369944404825601,-0.00369944404825601,-0.00369944404825601,0.0376637682579198
13.5036026382197,0,0.0260526179813793,0,13.5036026382197,0.0260526179813793,0.0260526179813793,0.0260526179813793,0.0175137052055195
13.9836050997556,0,-0.0596374353307077,0,13.9836050997556,-0.0596374353307077,-0.0596374353307077,-0.0596374353307077,0.0260159424457815
11.3110693140974,0,0.00982781565554414,0,11.3110693140974,0.00982781565554414,0.00982781565554414,0.00982781565554414,0.0152975413868066
20.6083384757102,0,-0.0196913974375486,0,20.6083384757102,-0.0196913974375486,-0.0196913974375486,-0.0196913974375486,0.0564075951702511
12.3671082351961,0,0.0210231372322994,0,12.3671082351961,0.0210231372322994,0.0210231372322994,0.0210231372322994,0.0160828742749283
12.3654554745313,0,-0.0686880413546458,0,12.3654554745313,-0.0686880413546458,-0.0686880413546458,-0.0686880413546458,0.0513325050706189
19.2556223171704,0,0.0285945738844167,0,19.2556223171704,0.0285945738844167,0.0285945738844167,0.0285945738844167,0.0139726523520546
34.7312424253189,0,0.00360906084633839,0,34.7312424253189,0.00360906084633839,0.00360906084633839,0.00360906084633839,0.017575833019559
54.7209102152747,0,0.0196726221291343,0,54.7209102152747,0.0196726221291343,0.0196726221291343,0.0196726221291343,0.0109274670854921
9.76552332936977,0,0.00564706861610557,0,9.76552332936977,0.00564706861610557,0.00564706861610557,0.00564706861610557,0.022210163633412
8.22166390729103,0,0.0200227074138689,0,8.22166390729103,0.0200227074138689,0.0200227074138689,0.0200227074138689,0.0889316774406693
11.7030101268542,0,0.0664031592294417,0,11.7030101268542,0.0664031592294417,0.0664031592294417,0.0664031592294417,0.0318702419669784
7.36539602284415,0,-0.0247872150245361,0,7.36539602284415,-0.0247872150245361,-0.0247872150245361,-0.0247872150245361,0.114121672795408
9.34902839864339,0,-0.0319037471830898,0,9.34902839864339,-0.0319037471830898,-0.0319037471830898,-0.0319037471830898,0.0353702402159913
12.5616640281909,0,0.00441577973083164,0,12.5616640281909,0.00441577973083164,0.00441577973083164,0.00441577973083164,0.0138459086615911
9.90269087384876,0,-0.0238997733934269,0,9.90269087384876,-0.0238997733934269,-0.0238997733934269,-0.0238997733934269,0.140365006537693
10.8363107906744,0,-0.028098390818107,0,10.8363107906744,-0.028098390818107,-0.028098390818107,-0.028098390818107,0.071926050301895
11.7003583105711,0,-0.00186774348468509,0,11.7003583105711,-0.00186774348468509,-0.00186774348468509,-0.00186774348468509,0.00589871207554302
14.1717804897526,0,0.027255899623745,0,14.1717804897526,0.027255899623745,0.027255899623745,0.027255899623745,0.0438772018708798
11.3171115233183,0,-0.0301299566297987,0,11.3171115233183,-0.0301299566297987,-0.0301299566297987,-0.0301299566297987,0.0549217163119364
12.491172371433,0,0.00616174807970621,0,12.491172371433,0.00616174807970621,0.00616174807970621,0.00616174807970621,0.0405245193389735
26.705767275507,0,-0.098143737211913,0,26.705767275507,-0.098143737211913,-0.098143737211913,-0.098143737211913,0.0957453613360952
23.3384346785706,0,0.0173424537425691,0,23.3384346785706,0.0173424537425691,0.0173424537425691,0.0173424537425691,0.0189266195413323
21.0471310356801,0,0.0617673658141888,0,21.0471310356801,0.0617673658141888,0.0617673658141888,0.0617673658141888,0.047052745863464
16.8846431378076,0,0.0592246738975235,0,16.8846431378076,0.0592246738975235,0.0592246738975235,0.0592246738975235,0.0580511049145327
142.027144302285,0,0.0480428181832702,0,142.027144302285,0.0480428181832702,0.0480428181832702,0.0480428181832702,0.0151652887885014
10.8384906759069,0,-0.00221059163205814,0,10.8384906759069,-0.00221059163205814,-0.00221059163205814,-0.00221059163205814,0.0251376149245104
15.3983817607889,0,0.00875331277188317,0,15.3983817607889,0.00875331277188317,0.00875331277188317,0.00875331277188317,0.0553131630412198
14.6925462604222,0,-0.00458452472707301,0,14.6925462604222,-0.00458452472707301,-0.00458452472707301,-0.00458452472707301,0.0444254697733256
12.5310366569707,0,0.0109739413789005,0,12.5310366569707,0.0109739413789005,0.0109739413789005,0.0109739413789005,0.0301771491611757
11.0161041029769,0,-0.0031766917676102,0,11.0161041029769,-0.0031766917676102,-0.0031766917676102,-0.0031766917676102,0.0522005254908412
12.612078023469,0,-0.0597088928688878,0,12.612078023469,-0.0597088928688878,-0.0597088928688878,-0.0597088928688878,0.0322576765582896
27.9381463268887,0,-0.0196646199066465,0,27.9381463268887,-0.0196646199066465,-0.0196646199066465,-0.0196646199066465,0.0266030945529787
28.4056044215739,0,-0.0234835133541325,0,28.4056044215739,-0.0234835133541325,-0.0234835133541325,-0.0234835133541325,0.0460235649191708
13.4368696617468,0,0.0535402362440232,0,13.4368696617468,0.0535402362440232,0.0535402362440232,0.0535402362440232,0.0282079903838013
14.3373106913918,0,-0.0165868652445846,0,14.3373106913918,-0.0165868652445846,-0.0165868652445846,-0.0165868652445846,0.0475684856482902
25.9320346135502,0,-0.0232712391594247,0,25.9320346135502,-0.0232712391594247,-0.0232712391594247,-0.0232712391594247,0.0300519735078187
NA,NA,NA,NA,NA,NA,NA,NA,NA
3.48138260502119,0,-0.0431716232209931,0,3.48138260502119,-0.0431716232209931,-0.0431716232209931,-0.0431716232209931,0.0321818721032191
5.59197431763262,0,-0.0578220526680145,0,5.59197431763262,-0.0578220526680145,-0.0578220526680145,-0.0578220526680145,0.0290843221745671
7.10118523761685,0,-0.0285278978712163,0,7.10118523761685,-0.0285278978712163,-0.0285278978712163,-0.0285278978712163,0.0595492352872805
8.39406695268219,0,0.0167837864563465,0,8.39406695268219,0.0167837864563465,0.0167837864563465,0.0167837864563465,0.0322473662392579
6.68163411954067,0,0.0399525800720857,0,6.68163411954067,0.0399525800720857,0.0399525800720857,0.0399525800720857,0.0632642521725607
10.9419857642508,0,-0.0876235523401562,0,10.9419857642508,-0.0876235523401562,-0.0876235523401562,-0.0876235523401562,0.0336377588977628
9.567453602661,0,-0.0130573193727359,0,9.567453602661,-0.0130573193727359,-0.0130573193727359,-0.0130573193727359,0.0264340771076804
9.56764954052794,0,-0.00578932875863998,0,9.56764954052794,-0.00578932875863998,-0.00578932875863998,-0.00578932875863998,0.0288617279537588
9.58796747981615,0,0.00725905880614161,0,9.58796747981615,0.00725905880614161,0.00725905880614161,0.00725905880614161,0.0422687684348916
10.3415882006709,0,-0.0979591311963027,0,10.3415882006709,-0.0979591311963027,-0.0979591311963027,-0.0979591311963027,0.0379022425227411
9.03381024943225,0,-0.0258591277728825,0,9.03381024943225,-0.0258591277728825,-0.0258591277728825,-0.0258591277728825,0.0210013285642308
7.292171244769,0,0.0214216184583366,0,7.292171244769,0.0214216184583366,0.0214216184583366,0.0214216184583366,0.00787016036700002
10.6567948708008,0,0.0203455428827325,0,10.6567948708008,0.0203455428827325,0.0203455428827325,0.0203455428827325,0.0367174068081082
15.83958844307,0,0.0399832495665445,0,15.83958844307,0.0399832495665445,0.0399832495665445,0.0399832495665445,0.0130470310288665
17.7014293147066,0,0.0234372077444364,0,17.7014293147066,0.0234372077444364,0.0234372077444364,0.0234372077444364,0.0323786122878216
16.016217440795,0,-0.00369944404825601,0,16.016217440795,-0.00369944404825601,-0.00369944404825601,-0.00369944404825601,0.0376637682579198
13.5036026382197,0,0.0260526179813793,0,13.5036026382197,0.0260526179813793,0.0260526179813793,0.0260526179813793,0.0175137052055195
13.9836050997556,0,-0.0596374353307077,0,13.9836050997556,-0.0596374353307077,-0.0596374353307077,-0.0596374353307077,0.0260159424457815
11.3110693140974,0,0.00982781565554414,0,11.3110693140974,0.00982781565554414,0.00982781565554414,0.00982781565554414,0.0152975413868066
20.6083384757102,0,-0.0196913974375486,0,20.6083384757102,-0.0196913974375486,-0.0196913974375486,-0.0196913974375486,0.0564075951702511
12.3671082351961,0,0.0210231372322994,0,12.3671082351961,0.0210231372322994,0.0210231372322994,0.0210231372322994,0.0160828742749283
12.3654554745313,0,-0.0686880413546458,0,12.3654554745313,-0.0686880413546458,-0.0686880413546458,-0.0686880413546458,0.0513325050706189
19.2556223171704,0,0.0285945738844167,0,19.2556223171704,0.0285945738844167,0.0285945738844167,0.0285945738844167,0.0139726523520546
34.7312424253189,0,0.00360906084633839,0,34.7312424253189,0.00360906084633839,0.00360906084633839,0.00360906084633839,0.017575833019559
54.7209102152747,0,0.0196726221291343,0,54.7209102152747,0.0196726221291343,0.0196726221291343,0.0196726221291343,0.0109274670854921
9.76552332936977,0,0.00564706861610557,0,9.76552332936977,0.00564706861610557,0.00564706861610557,0.00564706861610557,0.022210163633412
8.22166390729103,0,0.0200227074138689,0,8.22166390729103,0.0200227074138689,0.0200227074138689,0.0200227074138689,0.0889316774406693
11.7030101268542,0,0.0664031592294417,0,11.7030101268542,0.0664031592294417,0.0664031592294417,0.0664031592294417,0.0318702419669784
7.36539602284415,0,-0.0247872150245361,0,7.36539602284415,-0.0247872150245361,-0.0247872150245361,-0.0247872150245361,0.114121672795408
9.34902839864339,0,-0.0319037471830898,0,9.34902839864339,-0.0319037471830898,-0.0319037471830898,-0.0319037471830898,0.0353702402159913
12.5616640281909,0,0.00441577973083164,0,12.5616640281909,0.00441577973083164,0.00441577973083164,0.00441577973083164,0.0138459086615911
9.90269087384876,0,-0.0238997733934269,0,9.90269087384876,-0.0238997733934269,-0.0238997733934269,-0.0238997733934269,0.140365006537693
10.8363107906744,0,-0.028098390818107,0,10.8363107906744,-0.028098390818107,-0.028098390818107,-0.028098390818107,0.071926050301895
11.7003583105711,0,-0.00186774348468509,0,11.7003583105711,-0.00186774348468509,-0.00186774348468509,-0.00186774348468509,0.00589871207554302
14.1717804897526,0,0.027255899623745,0,14.1717804897526,0.027255899623745,0.027255899623745,0.027255899623745,0.0438772018708798
11.3171115233183,0,-0.0301299566297987,0,11.3171115233183,-0.0301299566297987,-0.0301299566297987,-0.0301299566297987,0.0549217163119364
12.491172371433,0,0.00616174807970621,0,12.491172371433,0.00616174807970621,0.00616174807970621,0.00616174807970621,0.0405245193389735
26.705767275507,0,-0.098143737211913,0,26.705767275507,-0.098143737211913,-0.098143737211913,-0.098143737211913,0.0957453613360952
23.3384346785706,0,0.0173424537425691,0,23.3384346785706,0.0173424537425691,0.0173424537425691,0.0173424537425691,0.0189266195413323
21.0471310356801,0,0.0617673658141888,0,21.0471310356801,0.0617673658141888,0.0617673658141888,0.0617673658141888,0.047052745863464
16.8846431378076,0,0.0592246738975235,0,16.8846431378076,0.0592246738975235,0.0592246738975235,0.0592246738975235,0.0580511049145327
142.027144302285,0,0.0480428181832702,0,142.027144302285,0.0480428181832702,0.0480428181832702,0.0480428181832702,0.0151652887885014
10.8384906759069,0,-0.00221059163205814,0,10.8384906759069,-0.00221059163205814,-0.00221059163205814,-0.00221059163205814,0.0251376149245104
15.3983817607889,0,0.00875331277188317,0,15.3983817607889,0.00875331277188317,0.00875331277188317,0.00875331277188317,0.0553131630412198
14.6925462604222,0,-0.00458452472707301,0,14.6925462604222,-0.00458452472707301,-0.00458452472707301,-0.00458452472707301,0.0444254697733256
12.5310366569707,0,0.0109739413789005,0,12.5310366569707,0.0109739413789005,0.0109739413789005,0.0109739413789005,0.0301771491611757
11.0161041029769,0,-0.0031766917676102,0,11.0161041029769,-0.0031766917676102,-0.0031766917676102,-0.0031766917676102,0.0522005254908412
12.612078023469,0,-0.0597088928688878,0,12.612078023469,-0.0597088928688878,-0.0597088928688878,-0.0597088928688878,0.0322576765582896
27.9381463268887,0,-0.0196646199066465,0,27.9381463268887,-0.0196646199066465,-0.0196646199066465,-0.0196646199066465,0.0266030945529787
28.4056044215739,0,-0.0234835133541325,0,28.4056044215739,-0.0234835133541325,-0.0234835133541325,-0.0234835133541325,0.0460235649191708
13.4368696617468,0,0.0535402362440232,0,13.4368696617468,0.0535402362440232,0.0535402362440232,0.0535402362440232,0.0282079903838013
14.3373106913918,0,-0.0165868652445846,0,14.3373106913918,-0.0165868652445846,-0.0165868652445846,-0.0165868652445846,0.0475684856482902
25.9320346135502,0,-0.0232712391594247,0,25.9320346135502,-0.0232712391594247,-0.0232712391594247,-0.0232712391594247,0.0300519735078187
NA,NA,NA,NA,NA,NA,NA,NA,NA
3.48138260502119,0,-0.0431716232209931,0,3.48138260502119,-0.0431716232209931,-0.0431716232209931,-0.0431716232209931,0.0321818721032191
5.59197431763262,0,-0.0578220526680145,0,5.59197431763262,-0.0578220526680145,-0.0578220526680145,-0.0578220526680145,0.0290843221745671
7.10118523761685,0,-0.0285278978712163,0,7.10118523761685,-0.0285278978712163,-0.0285278978712163,-0.0285278978712163,0.0595492352872805
8.39406695268219,0,0.0167837864563465,0,8.39406695268219,0.0167837864563465,0.0167837864563465,0.0167837864563465,0.0322473662392579
6.68163411954067,0,0.0399525800720857,0,6.68163411954067,0.0399525800720857,0.0399525800720857,0.0399525800720857,0.0632642521725607
10.9419857642508,0,-0.0876235523401562,0,10.9419857642508,-0.0876235523401562,-0.0876235523401562,-0.0876235523401562,0.0336377588977628
9.567453602661,0,-0.0130573193727359,0,9.567453602661,-0.0130573193727359,-0.0130573193727359,-0.0130573193727359,0.0264340771076804
9.56764954052794,0,-0.00578932875863998,0,9.56764954052794,-0.00578932875863998,-0.00578932875863998,-0.00578932875863998,0.0288617279537588
9.58796747981615,0,0.00725905880614161,0,9.58796747981615,0.00725905880614161,0.00725905880614161,0.00725905880614161,0.0422687684348916
10.3415882006709,0,-0.0979591311963027,0,10.3415882006709,-0.0979591311963027,-0.0979591311963027,-0.0979591311963027,0.0379022425227411
9.03381024943225,0,-0.0258591277728825,0,9.03381024943225,-0.0258591277728825,-0.0258591277728825,-0.0258591277728825,0.0210013285642308
7.292171244769,0,0.0214216184583366,0,7.292171244769,0.0214216184583366,0.0214216184583366,0.0214216184583366,0.00787016036700002
10.6567948708008,0,0.0203455428827325,0,10.6567948708008,0.0203455428827325,0.0203455428827325,0.0203455428827325,0.0367174068081082
15.83958844307,0,0.0399832495665445,0,15.83958844307,0.0399832495665445,0.0399832495665445,0.0399832495665445,0.0130470310288665
17.7014293147066,0,0.0234372077444364,0,17.7014293147066,0.0234372077444364,0.0234372077444364,0.0234372077444364,0.0323786122878216
16.016217440795,0,-0.00369944404825601,0,16.016217440795,-0.00369944404825601,-0.00369944404825601,-0.00369944404825601,0.0376637682579198
13.5036026382197,0,0.0260526179813793,0,13.5036026382197,0.0260526179813793,0.0260526179813793,0.0260526179813793,0.0175137052055195
13.9836050997556,0,-0.0596374353307077,0,13.9836050997556,-0.0596374353307077,-0.0596374353307077,-0.0596374353307077,0.0260159424457815
11.3110693140974,0,0.00982781565554414,0,11.3110693140974,0.00982781565554414,0.00982781565554414,0.00982781565554414,0.0152975413868066
20.6083384757102,0,-0.0196913974375486,0,20.6083384757102,-0.0196913974375486,-0.0196913974375486,-0.0196913974375486,0.0564075951702511
12.3671082351961,0,0.0210231372322994,0,12.3671082351961,0.0210231372322994,0.0210231372322994,0.0210231372322994,0.0160828742749283
12.3654554745313,0,-0.0686880413546458,0,12.3654554745313,-0.0686880413546458,-0.0686880413546458,-0.0686880413546458,0.0513325050706189
19.2556223171704,0,0.0285945738844167,0,19.2556223171704,0.0285945738844167,0.0285945738844167,0.0285945738844167,0.0139726523520546
34.7312424253189,0,0.00360906084633839,0,34.7312424253189,0.00360906084633839,0.00360906084633839,0.00360906084633839,0.017575833019559
54.7209102152747,0,0.0196726221291343,0,54.7209102152747,0.0196726221291343,0.0196726221291343,0.0196726221291343,0.0109274670854921
9.76552332936977,0,0.00564706861610557,0,9.76552332936977,0.00564706861610557,0.00564706861610557,0.00564706861610557,0.022210163633412
8.22166390729103,0,0.0200227074138689,0,8.22166390729103,0.0200227074138689,0.0200227074138689,0.0200227074138689,0.0889316774406693
11.7030101268542,0,0.0664031592294417,0,11.7030101268542,0.0664031592294417,0.0664031592294417,0.0664031592294417,0.0318702419669784
7.36539602284415,0,-0.0247872150245361,0,7.36539602284415,-0.0247872150245361,-0.0247872150245361,-0.0247872150245361,0.114121672795408
9.34902839864339,0,-0.0319037471830898,0,9.34902839864339,-0.0319037471830898,-0.0319037471830898,-0.0319037471830898,0.0353702402159913
12.5616640281909,0,0.00441577973083164,0,12.5616640281909,0.00441577973083164,0.00441577973083164,0.00441577973083164,0.0138459086615911
9.90269087384876,0,-0.0238997733934269,0,9.90269087384876,-0.0238997733934269,-0.0238997733934269,-0.0238997733934269,0.140365006537693
10.8363107906744,0,-0.028098390818107,0,10.8363107906744,-0.028098390818107,-0.028098390818107,-0.028098390818107,0.071926050301895
11.7003583105711,0,-0.00186774348468509,0,11.7003583105711,-0.00186774348468509,-0.00186774348468509,-0.00186774348468509,0.00589871207554302
14.1717804897526,0,0.027255899623745,0,14.1717804897526,0.027255899623745,0.027255899623745,0.027255899623745,0.0438772018708798
11.3171115233183,0,-0.0301299566297987,0,11.3171115233183,-0.0301299566297987,-0.0301299566297987,-0.0301299566297987,0.0549217163119364
12.491172371433,0,0.00616174807970621,0,12.491172371433,0.00616174807970621,0.00616174807970621,0.00616174807970621,0.0405245193389735
26.705767275507,0,-0.098143737211913,0,26.705767275507,-0.098143737211913,-0.098143737211913,-0.098143737211913,0.0957453613360952
23.3384346785706,0,0.0173424537425691,0,23.3384346785706,0.0173424537425691,0.0173424537425691,0.0173424537425691,0.0189266195413323
21.0471310356801,0,0.0617673658141888,0,21.0471310356801,0.0617673658141888,0.0617673658141888,0.0617673658141888,0.047052745863464
16.8846431378076,0,0.0592246738975235,0,16.8846431378076,0.0592246738975235,0.0592246738975235,0.0592246738975235,0.0580511049145327
142.027144302285,0,0.0480428181832702,0,142.027144302285,0.0480428181832702,0.0480428181832702,0.0480428181832702,0.0151652887885014
10.8384906759069,0,-0.00221059163205814,0,10.8384906759069,-0.00221059163205814,-0.00221059163205814,-0.00221059163205814,0.0251376149245104
15.3983817607889,0,0.00875331277188317,0,15.3983817607889,0.00875331277188317,0.00875331277188317,0.00875331277188317,0.0553131630412198
14.6925462604222,0,-0.00458452472707301,0,14.6925462604222,-0.00458452472707301,-0.00458452472707301,-0.00458452472707301,0.0444254697733256
12.5310366569707,0,0.0109739413789005,0,12.5310366569707,0.0109739413789005,0.0109739413789005,0.0109739413789005,0.0301771491611757
11.0161041029769,0,-0.0031766917676102,0,11.0161041029769,-0.0031766917676102,-0.0031766917676102,-0.0031766917676102,0.0522005254908412
12.612078023469,0,-0.0597088928688878,0,12.612078023469,-0.0597088928688878,-0.0597088928688878,-0.0597088928688878,0.0322576765582896
27.9381463268887,0,-0.0196646199066465,0,27.9381463268887,-0.0196646199066465,-0.0196646199066465,-0.0196646199066465,0.0266030945529787
28.4056044215739,0,-0.0234835133541325,0,28.4056044215739,-0.0234835133541325,-0.0234835133541325,-0.0234835133541325,0.0460235649191708
13.4368696617468,0,0.0535402362440232,0,13.4368696617468,0.0535402362440232,0.0535402362440232,0.0535402362440232,0.0282079903838013
14.3373106913918,0,-0.0165868652445846,0,14.3373106913918,-0.0165868652445846,-0.0165868652445846,-0.0165868652445846,0.0475684856482902
25.9320346135502,0,-0.0232712391594247,0,25.9320346135502,-0.0232712391594247,-0.0232712391594247,-0.0232712391594247,0.0300519735078187
NA,NA,NA,NA,NA,NA,NA,NA,NA
3.48138260502119,0,-0.0431716232209931,0,3.48138260502119,-0.0431716232209931,-0.0431716232209931,-0.0431716232209931,0.0321818721032191
5.59197431763262,0,-0.0578220526680145,0,5.59197431763262,-0.0578220526680145,-0.0578220526680145,-0.0578220526680145,0.0290843221745671
7.10118523761685,0,-0.0285278978712163,0,7.10118523761685,-0.0285278978712163,-0.0285278978712163,-0.0285278978712163,0.0595492352872805
8.39406695268219,0,0.0167837864563465,0,8.39406695268219,0.0167837864563465,0.0167837864563465,0.0167837864563465,0.0322473662392579
6.68163411954067,0,0.0399525800720857,0,6.68163411954067,0.0399525800720857,0.0399525800720857,0.0399525800720857,0.0632642521725607
10.9419857642508,0,-0.0876235523401562,0,10.9419857642508,-0.0876235523401562,-0.0876235523401562,-0.0876235523401562,0.0336377588977628
9.567453602661,0,-0.0130573193727359,0,9.567453602661,-0.0130573193727359,-0.0130573193727359,-0.0130573193727359,0.0264340771076804
9.56764954052794,0,-0.00578932875863998,0,9.56764954052794,-0.00578932875863998,-0.00578932875863998,-0.00578932875863998,0.0288617279537588
9.58796747981615,0,0.00725905880614161,0,9.58796747981615,0.00725905880614161,0.00725905880614161,0.00725905880614161,0.0422687684348916
10.3415882006709,0,-0.0979591311963027,0,10.3415882006709,-0.0979591311963027,-0.0979591311963027,-0.0979591311963027,0.0379022425227411
9.03381024943225,0,-0.0258591277728825,0,9.03381024943225,-0.0258591277728825,-0.0258591277728825,-0.0258591277728825,0.0210013285642308
7.292171244769,0,0.0214216184583366,0,7.292171244769,0.0214216184583366,0.0214216184583366,0.0214216184583366,0.00787016036700002
10.6567948708008,0,0.0203455428827325,0,10.6567948708008,0.0203455428827325,0.0203455428827325,0.0203455428827325,0.0367174068081082
15.83958844307,0,0.0399832495665445,0,15.83958844307,0.0399832495665445,0.0399832495665445,0.0399832495665445,0.0130470310288665
17.7014293147066,0,0.0234372077444364,0,17.7014293147066,0.0234372077444364,0.0234372077444364,0.0234372077444364,0.0323786122878216
16.016217440795,0,-0.00369944404825601,0,16.016217440795,-0.00369944404825601,-0.00369944404825601,-0.00369944404825601,0.0376637682579198
13.5036026382197,0,0.0260526179813793,0,13.5036026382197,0.0260526179813793,0.0260526179813793,0.0260526179813793,0.0175137052055195
13.9836050997556,0,-0.0596374353307077,0,13.9836050997556,-0.0596374353307077,-0.0596374353307077,-0.0596374353307077,0.0260159424457815
11.3110693140974,0,0.00982781565554414,0,11.3110693140974,0.00982781565554414,0.00982781565554414,0.00982781565554414,0.0152975413868066
20.6083384757102,0,-0.0196913974375486,0,20.6083384757102,-0.0196913974375486,-0.0196913974375486,-0.0196913974375486,0.0564075951702511
12.3671082351961,0,0.0210231372322994,0,12.3671082351961,0.0210231372322994,0.0210231372322994,0.0210231372322994,0.0160828742749283
12.3654554745313,0,-0.0686880413546458,0,12.3654554745313,-0.0686880413546458,-0.0686880413546458,-0.0686880413546458,0.0513325050706189
19.2556223171704,0,0.0285945738844167,0,19.2556223171704,0.0285945738844167,0.0285945738844167,0.0285945738844167,0.0139726523520546
34.7312424253189,0,0.00360906084633839,0,34.7312424253189,0.00360906084633839,0.00360906084633839,0.00360906084633839,0.017575833019559
54.7209102152747,0,0.0196726221291343,0,54.7209102152747,0.0196726221291343,0.0196726221291343,0.0196726221291343,0.0109274670854921
9.76552332936977,0,0.00564706861610557,0,9.76552332936977,0.00564706861610557,0.00564706861610557,0.00564706861610557,0.022210163633412
8.22166390729103,0,0.0200227074138689,0,8.22166390729103,0.0200227074138689,0.0200227074138689,0.0200227074138689,0.0889316774406693
11.7030101268542,0,0.0664031592294417,0,11.7030101268542,0.0664031592294417,0.0664031592294417,0.0664031592294417,0.0318702419669784
7.36539602284415,0,-0.0247872150245361,0,7.36539602284415,-0.0247872150245361,-0.0247872150245361,-0.0247872150245361,0.114121672795408
9.34902839864339,0,-0.0319037471830898,0,9.34902839864339,-0.0319037471830898,-0.0319037471830898,-0.0319037471830898,0.0353702402159913
12.5616640281909,0,0.00441577973083164,0,12.5616640281909,0.00441577973083164,0.00441577973083164,0.00441577973083164,0.0138459086615911
9.90269087384876,0,-0.0238997733934269,0,9.90269087384876,-0.0238997733934269,-0.0238997733934269,-0.0238997733934269,0.140365006537693
10.8363107906744,0,-0.028098390818107,0,10.8363107906744,-0.028098390818107,-0.028098390818107,-0.028098390818107,0.071926050301895
11.7003583105711,0,-0.00186774348468509,0,11.7003583105711,-0.00186774348468509,-0.00186774348468509,-0.00186774348468509,0.00589871207554302
14.1717804897526,0,0.027255899623745,0,14.1717804897526,0.027255899623745,0.027255899623745,0.027255899623745,0.0438772018708798
11.3171115233183,0,-0.0301299566297987,0,11.3171115233183,-0.0301299566297987,-0.0301299566297987,-0.0301299566297987,0.0549217163119364
12.491172371433,0,0.00616174807970621,0,12.491172371433,0.00616174807970621,0.00616174807970621,0.00616174807970621,0.0405245193389735
26.705767275507,0,-0.098143737211913,0,26.705767275507,-0.098143737211913,-0.098143737211913,-0.098143737211913,0.0957453613360952
23.3384346785706,0,0.0173424537425691,0,23.3384346785706,0.0173424537425691,0.0173424537425691,0.0173424537425691,0.0189266195413323
21.0471310356801,0,0.0617673658141888,0,21.0471310356801,0.0617673658141888,0.0617673658141888,0.0617673658141888,0.047052745863464
16.8846431378076,0,0.0592246738975235,0,16.8846431378076,0.0592246738975235,0.0592246738975235,0.0592246738975235,0.0580511049145327
142.027144302285,0,0.0480428181832702,0,142.027144302285,0.0480428181832702,0.0480428181832702,0.0480428181832702,0.0151652887885014
10.8384906759069,0,-0.00221059163205814,0,10.8384906759069,-0.00221059163205814,-0.00221059163205814,-0.00221059163205814,0.0251376149245104
15.3983817607889,0,0.00875331277188317,0,15.3983817607889,0.00875331277188317,0.00875331277188317,0.00875331277188317,0.0553131630412198
14.6925462604222,0,-0.00458452472707301,0,14.6925462604222,-0.00458452472707301,-0.00458452472707301,-0.00458452472707301,0.0444254697733256
12.5310366569707,0,0.0109739413789005,0,12.5310366569707,0.0109739413789005,0.0109739413789005,0.0109739413789005,0.0301771491611757
11.0161041029769,0,-0.0031766917676102,0,11.0161041029769,-0.0031766917676102,-0.0031766917676102,-0.0031766917676102,0.0522005254908412
12.612078023469,0,-0.0597088928688878,0,12.612078023469,-0.0597088928688878,-0.0597088928688878,-0.0597088928688878,0.0322576765582896
27.9381463268887,0,-0.0196646199066465,0,27.9381463268887,-0.0196646199066465,-0.0196646199066465,-0.0196646199066465,0.0266030945529787
28.4056044215739,0,-0.0234835133541325,0,28.4056044215739,-0.0234835133541325,-0.0234835133541325,-0.0234835133541325,0.0460235649191708
13.4368696617468,0,0.0535402362440232,0,13.4368696617468,0.0535402362440232,0.0535402362440232,0.0535402362440232,0.0282079903838013
14.3373106913918,0,-0.0165868652445846,0,14.3373106913918,-0.0165868652445846,-0.0165868652445846,-0.0165868652445846,0.0475684856482902
25.9320346135502,0,-0.0232712391594247,0,25.9320346135502,-0.0232712391594247,-0.0232712391594247,-0.0232712391594247,0.0300519735078187
NA,NA,NA,NA,NA,NA,NA,NA,NA
3.48138260502119,0,-0.0431716232209931,0,3.48138260502119,-0.0431716232209931,-0.0431716232209931,-0.0431716232209931,0.0321818721032191
5.59197431763262,0,-0.0578220526680145,0,5.59197431763262,-0.0578220526680145,-0.0578220526680145,-0.0578220526680145,0.0290843221745671
7.10118523761685,0,-0.0285278978712163,0,7.10118523761685,-0.0285278978712163,-0.0285278978712163,-0.0285278978712163,0.0595492352872805
8.39406695268219,0,0.0167837864563465,0,8.39406695268219,0.0167837864563465,0.0167837864563465,0.0167837864563465,0.0322473662392579
6.68163411954067,0,0.0399525800720857,0,6.68163411954067,0.0399525800720857,0.0399525800720857,0.0399525800720857,0.0632642521725607
10.9419857642508,0,-0.0876235523401562,0,10.9419857642508,-0.0876235523401562,-0.0876235523401562,-0.0876235523401562,0.0336377588977628
9.567453602661,0,-0.0130573193727359,0,9.567453602661,-0.0130573193727359,-0.0130573193727359,-0.0130573193727359,0.0264340771076804
9.56764954052794,0,-0.00578932875863998,0,9.56764954052794,-0.00578932875863998,-0.00578932875863998,-0.00578932875863998,0.0288617279537588
9.58796747981615,0,0.00725905880614161,0,9.58796747981615,0.00725905880614161,0.00725905880614161,0.00725905880614161,0.0422687684348916
10.3415882006709,0,-0.0979591311963027,0,10.3415882006709,-0.0979591311963027,-0.0979591311963027,-0.0979591311963027,0.0379022425227411
9.03381024943225,0,-0.0258591277728825,0,9.03381024943225,-0.0258591277728825,-0.0258591277728825,-0.0258591277728825,0.0210013285642308
7.292171244769,0,0.0214216184583366,0,7.292171244769,0.0214216184583366,0.0214216184583366,0.0214216184583366,0.00787016036700002
10.6567948708008,0,0.0203455428827325,0,10.6567948708008,0.0203455428827325,0.0203455428827325,0.0203455428827325,0.0367174068081082
15.83958844307,0,0.0399832495665445,0,15.83958844307,0.0399832495665445,0.0399832495665445,0.0399832495665445,0.0130470310288665
17.7014293147066,0,0.0234372077444364,0,17.7014293147066,0.0234372077444364,0.0234372077444364,0.0234372077444364,0.0323786122878216
16.016217440795,0,-0.00369944404825601,0,16.016217440795,-0.00369944404825601,-0.00369944404825601,-0.00369944404825601,0.0376637682579198
13.5036026382197,0,0.0260526179813793,0,13.5036026382197,0.0260526179813793,0.0260526179813793,0.0260526179813793,0.0175137052055195
13.9836050997556,0,-0.0596374353307077,0,13.9836050997556,-0.0596374353307077,-0.0596374353307077,-0.0596374353307077,0.0260159424457815
11.3110693140974,0,0.00982781565554414,0,11.3110693140974,0.00982781565554414,0.00982781565554414,0.00982781565554414,0.0152975413868066
20.6083384757102,0,-0.0196913974375486,0,20.6083384757102,-0.0196913974375486,-0.0196913974375486,-0.0196913974375486,0.0564075951702511
12.3671082351961,0,0.0210231372322994,0,12.3671082351961,0.0210231372322994,0.0210231372322994,0.0210231372322994,0.0160828742749283
12.3654554745313,0,-0.0686880413546458,0,12.3654554745313,-0.0686880413546458,-0.0686880413546458,-0.0686880413546458,0.0513325050706189
19.2556223171704,0,0.0285945738844167,0,19.2556223171704,0.0285945738844167,0.0285945738844167,0.0285945738844167,0.0139726523520546
34.7312424253189,0,0.00360906084633839,0,34.7312424253189,0.00360906084633839,0.00360906084633839,0.00360906084633839,0.017575833019559
54.7209102152747,0,0.0196726221291343,0,54.7209102152747,0.0196726221291343,0.0196726221291343,0.0196726221291343,0.0109274670854921
9.76552332936977,0,0.00564706861610557,0,9.76552332936977,0.00564706861610557,0.00564706861610557,0.00564706861610557,0.022210163633412
8.22166390729103,0,0.0200227074138689,0,8.22166390729103,0.0200227074138689,0.0200227074138689,0.0200227074138689,0.0889316774406693
11.7030101268542,0,0.0664031592294417,0,11.7030101268542,0.0664031592294417,0.0664031592294417,0.0664031592294417,0.0318702419669784
7.36539602284415,0,-0.0247872150245361,0,7.36539602284415,-0.0247872150245361,-0.0247872150245361,-0.0247872150245361,0.114121672795408
9.34902839864339,0,-0.0319037471830898,0,9.34902839864339,-0.0319037471830898,-0.0319037471830898,-0.0319037471830898,0.0353702402159913
12.5616640281909,0,0.00441577973083164,0,12.5616640281909,0.00441577973083164,0.00441577973083164,0.00441577973083164,0.0138459086615911
9.90269087384876,0,-0.0238997733934269,0,9.90269087384876,-0.0238997733934269,-0.0238997733934269,-0.0238997733934269,0.140365006537693
10.8363107906744,0,-0.028098390818107,0,10.8363107906744,-0.028098390818107,-0.028098390818107,-0.028098390818107,0.071926050301895
11.7003583105711,0,-0.00186774348468509,0,11.7003583105711,-0.00186774348468509,-0.00186774348468509,-0.00186774348468509,0.00589871207554302
14.1717804897526,0,0.027255899623745,0,14.1717804897526,0.027255899623745,0.027255899623745,0.027255899623745,0.0438772018708798
11.3171115233183,0,-0.0301299566297987,0,11.3171115233183,-0.0301299566297987,-0.0301299566297987,-0.0301299566297987,0.0549217163119364
12.491172371433,0,0.00616174807970621,0,12.491172371433,0.00616174807970621,0.00616174807970621,0.00616174807970621,0.0405245193389735
26.705767275507,0,-0.098143737211913,0,26.705767275507,-0.098143737211913,-0.098143737211913,-0.098143737211913,0.0957453613360952
23.3384346785706,0,0.0173424537425691,0,23.3384346785706,0.0173424537425691,0.0173424537425691,0.0173424537425691,0.0189266195413323
21.0471310356801,0,0.0617673658141888,0,21.0471310356801,0.0617673658141888,0.0617673658141888,0.0617673658141888,0.047052745863464
16.8846431378076,0,0.0592246738975235,0,16.8846431378076,0.0592246738975235,0.0592246738975235,0.0592246738975235,0.0580511049145327
142.027144302285,0,0.0480428181832702,0,142.027144302285,0.0480428181832702,0.0480428181832702,0.0480428181832702,0.0151652887885014
10.8384906759069,0,-0.00221059163205814,0,10.8384906759069,-0.00221059163205814,-0.00221059163205814,-0.00221059163205814,0.0251376149245104
15.3983817607889,0,0.00875331277188317,0,15.3983817607889,0.00875331277188317,0.00875331277188317,0.00875331277188317,0.0553131630412198
14.6925462604222,0,-0.00458452472707301,0,14.6925462604222,-0.00458452472707301,-0.00458452472707301,-0.00458452472707301,0.0444254697733256
12.5310366569707,0,0.0109739413789005,0,12.5310366569707,0.0109739413789005,0.0109739413789005,0.0109739413789005,0.0301771491611757
11.0161041029769,0,-0.0031766917676102,0,11.0161041029769,-0.0031766917676102,-0.0031766917676102,-0.0031766917676102,0.0522005254908412
12.612078023469,0,-0.0597088928688878,0,12.612078023469,-0.0597088928688878,-0.0597088928688878,-0.0597088928688878,0.0322576765582896
27.9381463268887,0,-0.0196646199066465,0,27.9381463268887,-0.0196646199066465,-0.0196646199066465,-0.0196646199066465,0.0266030945529787
28.4056044215739,0,-0.0234835133541325,0,28.4056044215739,-0.0234835133541325,-0.0234835133541325,-0.0234835133541325,0.0460235649191708
13.4368696617468,0,0.0535402362440232,0,13.4368696617468,0.0535402362440232,0.0535402362440232,0.0535402362440232,0.0282079903838013
14.3373106913918,0,-0.0165868652445846,0,14.3373106913918,-0.0165868652445846,-0.0165868652445846,-0.0165868652445846,0.0475684856482902
25.9320346135502,0,-0.0232712391594247,0,25.9320346135502,-0.0232712391594247,-0.0232712391594247,-0.0232712391594247,0.0300519735078187
NA,NA,NA,NA,NA,NA,NA,NA,NA
3.48138260502119,0,-0.0431716232209931,0,3.48138260502119,-0.0431716232209931,-0.0431716232209931,-0.0431716232209931,0.0321818721032191
5.59197431763262,0,-0.0578220526680145,0,5.59197431763262,-0.0578220526680145,-0.0578220526680145,-0.0578220526680145,0.0290843221745671
7.10118523761685,0,-0.0285278978712163,0,7.10118523761685,-0.0285278978712163,-0.0285278978712163,-0.0285278978712163,0.0595492352872805
8.39406695268219,0,0.0167837864563465,0,8.39406695268219,0.0167837864563465,0.0167837864563465,0.0167837864563465,0.0322473662392579
6.68163411954067,0,0.0399525800720857,0,6.68163411954067,0.0399525800720857,0.0399525800720857,0.0399525800720857,0.0632642521725607
10.9419857642508,0,-0.0876235523401562,0,10.9419857642508,-0.0876235523401562,-0.0876235523401562,-0.0876235523401562,0.0336377588977628
9.567453602661,0,-0.0130573193727359,0,9.567453602661,-0.0130573193727359,-0.0130573193727359,-0.0130573193727359,0.0264340771076804
9.56764954052794,0,-0.00578932875863998,0,9.56764954052794,-0.00578932875863998,-0.00578932875863998,-0.00578932875863998,0.0288617279537588
9.58796747981615,0,0.00725905880614161,0,9.58796747981615,0.00725905880614161,0.00725905880614161,0.00725905880614161,0.0422687684348916
10.3415882006709,0,-0.0979591311963027,0,10.3415882006709,-0.0979591311963027,-0.0979591311963027,-0.0979591311963027,0.0379022425227411
9.03381024943225,0,-0.0258591277728825,0,9.03381024943225,-0.0258591277728825,-0.0258591277728825,-0.0258591277728825,0.0210013285642308
7.292171244769,0,0.0214216184583366,0,7.292171244769,0.0214216184583366,0.0214216184583366,0.0214216184583366,0.00787016036700002
10.6567948708008,0,0.0203455428827325,0,10.6567948708008,0.0203455428827325,0.0203455428827325,0.0203455428827325,0.0367174068081082
15.83958844307,0,0.0399832495665445,0,15.83958844307,0.0399832495665445,0.0399832495665445,0.0399832495665445,0.0130470310288665
17.7014293147066,0,0.0234372077444364,0,17.7014293147066,0.0234372077444364,0.0234372077444364,0.0234372077444364,0.0323786122878216
16.016217440795,0,-0.00369944404825601,0,16.016217440795,-0.00369944404825601,-0.00369944404825601,-0.00369944404825601,0.0376637682579198
13.5036026382197,0,0.0260526179813793,0,13.5036026382197,0.0260526179813793,0.0260526179813793,0.0260526179813793,0.0175137052055195
13.9836050997556,0,-0.0596374353307077,0,13.9836050997556,-0.0596374353307077,-0.0596374353307077,-0.0596374353307077,0.0260159424457815
11.3110693140974,0,0.00982781565554414,0,11.3110693140974,0.00982781565554414,0.00982781565554414,0.00982781565554414,0.0152975413868066
20.6083384757102,0,-0.0196913974375486,0,20.6083384757102,-0.0196913974375486,-0.0196913974375486,-0.0196913974375486,0.0564075951702511
12.3671082351961,0,0.0210231372322994,0,12.3671082351961,0.0210231372322994,0.0210231372322994,0.0210231372322994,0.0160828742749283
12.3654554745313,0,-0.0686880413546458,0,12.3654554745313,-0.0686880413546458,-0.0686880413546458,-0.0686880413546458,0.0513325050706189
19.2556223171704,0,0.0285945738844167,0,19.2556223171704,0.0285945738844167,0.0285945738844167,0.0285945738844167,0.0139726523520546
34.7312424253189,0,0.00360906084633839,0,34.7312424253189,0.00360906084633839,0.00360906084633839,0.00360906084633839,0.017575833019559
54.7209102152747,0,0.0196726221291343,0,54.7209102152747,0.0196726221291343,0.0196726221291343,0.0196726221291343,0.0109274670854921
9.76552332936977,0,0.00564706861610557,0,9.76552332936977,0.00564706861610557,0.00564706861610557,0.00564706861610557,0.022210163633412
8.22166390729103,0,0.0200227074138689,0,8.22166390729103,0.0200227074138689,0.0200227074138689,0.0200227074138689,0.0889316774406693
11.7030101268542,0,0.0664031592294417,0,11.7030101268542,0.0664031592294417,0.0664031592294417,0.0664031592294417,0.0318702419669784
7.36539602284415,0,-0.0247872150245361,0,7.36539602284415,-0.0247872150245361,-0.0247872150245361,-0.0247872150245361,0.114121672795408
9.34902839864339,0,-0.0319037471830898,0,9.34902839864339,-0.0319037471830898,-0.0319037471830898,-0.0319037471830898,0.0353702402159913
12.5616640281909,0,0.00441577973083164,0,12.5616640281909,0.00441577973083164,0.00441577973083164,0.00441577973083164,0.0138459086615911
9.90269087384876,0,-0.0238997733934269,0,9.90269087384876,-0.0238997733934269,-0.0238997733934269,-0.0238997733934269,0.140365006537693
10.8363107906744,0,-0.028098390818107,0,10.8363107906744,-0.028098390818107,-0.028098390818107,-0.028098390818107,0.071926050301895
11.7003583105711,0,-0.00186774348468509,0,11.7003583105711,-0.00186774348468509,-0.00186774348468509,-0.00186774348468509,0.00589871207554302
14.1717804897526,0,0.027255899623745,0,14.1717804897526,0.027255899623745,0.027255899623745,0.027255899623745,0.0438772018708798
11.3171115233183,0,-0.0301299566297987,0,11.3171115233183,-0.0301299566297987,-0.0301299566297987,-0.0301299566297987,0.0549217163119364
12.491172371433,0,0.00616174807970621,0,12.491172371433,0.00616174807970621,0.00616174807970621,0.00616174807970621,0.0405245193389735
26.705767275507,0,-0.098143737211913,0,26.705767275507,-0.098143737211913,-0.098143737211913,-0.098143737211913,0.0957453613360952
23.3384346785706,0,0.0173424537425691,0,23.3384346785706,0.0173424537425691,0.0173424537425691,0.0173424537425691,0.0189266195413323
21.0471310356801,0,0.0617673658141888,0,21.0471310356801,0.0617673658141888,0.0617673658141888,0.0617673658141888,0.047052745863464
16.8846431378076,0,0.0592246738975235,0,16.8846431378076,0.0592246738975235,0.0592246738975235,0.0592246738975235,0.0580511049145327
142.027144302285,0,0.0480428181832702,0,142.027144302285,0.0480428181832702,0.0480428181832702,0.0480428181832702,0.0151652887885014
10.8384906759069,0,-0.00221059163205814,0,10.8384906759069,-0.00221059163205814,-0.00221059163205814,-0.00221059163205814,0.0251376149245104
15.3983817607889,0,0.00875331277188317,0,15.3983817607889,0.00875331277188317,0.00875331277188317,0.00875331277188317,0.0553131630412198
14.6925462604222,0,-0.00458452472707301,0,14.6925462604222,-0.00458452472707301,-0.00458452472707301,-0.00458452472707301,0.0444254697733256
12.5310366569707,0,0.0109739413789005,0,12.5310366569707,0.0109739413789005,0.0109739413789005,0.0109739413789005,0.0301771491611757
11.0161041029769,0,-0.0031766917676102,0,11.0161041029769,-0.0031766917676102,-0.0031766917676102,-0.0031766917676102,0.0522005254908412
12.612078023469,0,-0.0597088928688878,0,12.612078023469,-0.0597088928688878,-0.0597088928688878,-0.0597088928688878,0.0322576765582896
27.9381463268887,0,-0.0196646199066465,0,27.9381463268887,-0.0196646199066465,-0.0196646199066465,-0.0196646199066465,0.0266030945529787
28.4056044215739,0,-0.0234835133541325,0,28.4056044215739,-0.0234835133541325,-0.0234835133541325,-0.0234835133541325,0.0460235649191708
13.4368696617468,0,0.0535402362440232,0,13.4368696617468,0.0535402362440232,0.0535402362440232,0.0535402362440232,0.0282079903838013
14.3373106913918,0,-0.0165868652445846,0,14.3373106913918,-0.0165868652445846,-0.0165868652445846,-0.0165868652445846,0.0475684856482902
25.9320346135502,0,-0.0232712391594247,0,25.9320346135502,-0.0232712391594247,-0.0232712391594247,-0.0232712391594247,0.0300519735078187
NA,NA,NA,NA,NA,NA,NA,NA,NA
3.48138260502119,0,-0.0431716232209931,0,3.48138260502119,-0.0431716232209931,-0.0431716232209931,-0.0431716232209931,0.0321818721032191
5.59197431763262,0,-0.0578220526680145,0,5.59197431763262,-0.0578220526680145,-0.0578220526680145,-0.0578220526680145,0.0290843221745671
7.10118523761685,0,-0.0285278978712163,0,7.10118523761685,-0.0285278978712163,-0.0285278978712163,-0.0285278978712163,0.0595492352872805
8.39406695268219,0,0.0167837864563465,0,8.39406695268219,0.0167837864563465,0.0167837864563465,0.0167837864563465,0.0322473662392579
6.68163411954067,0,0.0399525800720857,0,6.68163411954067,0.0399525800720857,0.0399525800720857,0.0399525800720857,0.0632642521725607
10.9419857642508,0,-0.0876235523401562,0,10.9419857642508,-0.0876235523401562,-0.0876235523401562,-0.0876235523401562,0.0336377588977628
9.567453602661,0,-0.0130573193727359,0,9.567453602661,-0.0130573193727359,-0.0130573193727359,-0.0130573193727359,0.0264340771076804
9.56764954052794,0,-0.00578932875863998,0,9.56764954052794,-0.00578932875863998,-0.00578932875863998,-0.00578932875863998,0.0288617279537588
9.58796747981615,0,0.00725905880614161,0,9.58796747981615,0.00725905880614161,0.00725905880614161,0.00725905880614161,0.0422687684348916
10.3415882006709,0,-0.0979591311963027,0,10.3415882006709,-0.0979591311963027,-0.0979591311963027,-0.0979591311963027,0.0379022425227411
9.03381024943225,0,-0.0258591277728825,0,9.03381024943225,-0.0258591277728825,-0.0258591277728825,-0.0258591277728825,0.0210013285642308
7.292171244769,0,0.0214216184583366,0,7.292171244769,0.0214216184583366,0.0214216184583366,0.0214216184583366,0.00787016036700002
10.6567948708008,0,0.0203455428827325,0,10.6567948708008,0.0203455428827325,0.0203455428827325,0.0203455428827325,0.0367174068081082
15.83958844307,0,0.0399832495665445,0,15.83958844307,0.0399832495665445,0.0399832495665445,0.0399832495665445,0.0130470310288665
17.7014293147066,0,0.0234372077444364,0,17.7014293147066,0.0234372077444364,0.0234372077444364,0.0234372077444364,0.0323786122878216
16.016217440795,0,-0.00369944404825601,0,16.016217440795,-0.00369944404825601,-0.00369944404825601,-0.00369944404825601,0.0376637682579198
13.5036026382197,0,0.0260526179813793,0,13.5036026382197,0.0260526179813793,0.0260526179813793,0.0260526179813793,0.0175137052055195
13.9836050997556,0,-0.0596374353307077,0,13.9836050997556,-0.0596374353307077,-0.0596374353307077,-0.0596374353307077,0.0260159424457815
11.3110693140974,0,0.00982781565554414,0,11.3110693140974,0.00982781565554414,0.00982781565554414,0.00982781565554414,0.0152975413868066
20.6083384757102,0,-0.0196913974375486,0,20.6083384757102,-0.0196913974375486,-0.0196913974375486,-0.0196913974375486,0.0564075951702511
12.3671082351961,0,0.0210231372322994,0,12.3671082351961,0.0210231372322994,0.0210231372322994,0.0210231372322994,0.0160828742749283
12.3654554745313,0,-0.0686880413546458,0,12.3654554745313,-0.0686880413546458,-0.0686880413546458,-0.0686880413546458,0.0513325050706189
19.2556223171704,0,0.0285945738844167,0,19.2556223171704,0.0285945738844167,0.0285945738844167,0.0285945738844167,0.0139726523520546
34.7312424253189,0,0.00360906084633839,0,34.7312424253189,0.00360906084633839,0.00360906084633839,0.00360906084633839,0.017575833019559
54.7209102152747,0,0.0196726221291343,0,54.7209102152747,0.0196726221291343,0.0196726221291343,0.0196726221291343,0.0109274670854921
9.76552332936977,0,0.00564706861610557,0,9.76552332936977,0.00564706861610557,0.00564706861610557,0.00564706861610557,0.022210163633412
8.22166390729103,0,0.0200227074138689,0,8.22166390729103,0.0200227074138689,0.0200227074138689,0.0200227074138689,0.0889316774406693
11.7030101268542,0,0.0664031592294417,0,11.7030101268542,0.0664031592294417,0.0664031592294417,0.0664031592294417,0.0318702419669784
7.36539602284415,0,-0.0247872150245361,0,7.36539602284415,-0.0247872150245361,-0.0247872150245361,-0.0247872150245361,0.114121672795408
9.34902839864339,0,-0.0319037471830898,0,9.34902839864339,-0.0319037471830898,-0.0319037471830898,-0.0319037471830898,0.0353702402159913
12.5616640281909,0,0.00441577973083164,0,12.5616640281909,0.00441577973083164,0.00441577973083164,0.00441577973083164,0.0138459086615911
9.90269087384876,0,-0.0238997733934269,0,9.90269087384876,-0.0238997733934269,-0.0238997733934269,-0.0238997733934269,0.140365006537693
10.8363107906744,0,-0.028098390818107,0,10.8363107906744,-0.028098390818107,-0.028098390818107,-0.028098390818107,0.071926050301895
11.7003583105711,0,-0.00186774348468509,0,11.7003583105711,-0.00186774348468509,-0.00186774348468509,-0.00186774348468509,0.00589871207554302
14.1717804897526,0,0.027255899623745,0,14.1717804897526,0.027255899623745,0.027255899623745,0.027255899623745,0.0438772018708798
11.3171115233183,0,-0.0301299566297987,0,11.3171115233183,-0.0301299566297987,-0.0301299566297987,-0.0301299566297987,0.0549217163119364
12.491172371433,0,0.00616174807970621,0,12.491172371433,0.00616174807970621,0.00616174807970621,0.00616174807970621,0.0405245193389735
26.705767275507,0,-0.098143737211913,0,26.705767275507,-0.098143737211913,-0.098143737211913,-0.098143737211913,0.0957453613360952
23.3384346785706,0,0.0173424537425691,0,23.3384346785706,0.0173424537425691,0.0173424537425691,0.0173424537425691,0.0189266195413323
21.0471310356801,0,0.0617673658141888,0,21.0471310356801,0.0617673658141888,0.0617673658141888,0.0617673658141888,0.047052745863464
16.8846431378076,0,0.0592246738975235,0,16.8846431378076,0.0592246738975235,0.0592246738975235,0.0592246738975235,0.0580511049145327
142.027144302285,0,0.0480428181832702,0,142.027144302285,0.0480428181832702,0.0480428181832702,0.0480428181832702,0.0151652887885014
10.8384906759069,0,-0.00221059163205814,0,10.8384906759069,-0.00221059163205814,-0.00221059163205814,-0.00221059163205814,0.0251376149245104
15.3983817607889,0,0.00875331277188317,0,15.3983817607889,0.00875331277188317,0.00875331277188317,0.00875331277188317,0.0553131630412198
14.6925462604222,0,-0.00458452472707301,0,14.6925462604222,-0.00458452472707301,-0.00458452472707301,-0.00458452472707301,0.0444254697733256
12.5310366569707,0,0.0109739413789005,0,12.5310366569707,0.0109739413789005,0.0109739413789005,0.0109739413789005,0.0301771491611757
11.0161041029769,0,-0.0031766917676102,0,11.0161041029769,-0.0031766917676102,-0.0031766917676102,-0.0031766917676102,0.0522005254908412
12.612078023469,0,-0.0597088928688878,0,12.612078023469,-0.0597088928688878,-0.0597088928688878,-0.0597088928688878,0.0322576765582896
27.9381463268887,0,-0.0196646199066465,0,27.9381463268887,-0.0196646199066465,-0.0196646199066465,-0.0196646199066465,0.0266030945529787
28.4056044215739,0,-0.0234835133541325,0,28.4056044215739,-0.0234835133541325,-0.0234835133541325,-0.0234835133541325,0.0460235649191708
13.4368696617468,0,0.0535402362440232,0,13.4368696617468,0.0535402362440232,0.0535402362440232,0.0535402362440232,0.0282079903838013
14.3373106913918,0,-0.0165868652445846,0,14.3373106913918,-0.0165868652445846,-0.0165868652445846,-0.0165868652445846,0.0475684856482902
25.9320346135502,0,-0.0232712391594247,0,25.9320346135502,-0.0232712391594247,-0.0232712391594247,-0.0232712391594247,0.0300519735078187
NA,NA,NA,NA,NA,NA,NA,NA,NA
3.48138260502119,0,-0.0431716232209931,0,3.48138260502119,-0.0431716232209931,-0.0431716232209931,-0.0431716232209931,0.0321818721032191
5.59197431763262,0,-0.0578220526680145,0,5.59197431763262,-0.0578220526680145,-0.0578220526680145,-0.0578220526680145,0.0290843221745671
7.10118523761685,0,-0.0285278978712163,0,7.10118523761685,-0.0285278978712163,-0.0285278978712163,-0.0285278978712163,0.0595492352872805
8.39406695268219,0,0.0167837864563465,0,8.39406695268219,0.0167837864563465,0.0167837864563465,0.0167837864563465,0.0322473662392579
6.68163411954067,0,0.0399525800720857,0,6.68163411954067,0.0399525800720857,0.0399525800720857,0.0399525800720857,0.0632642521725607
10.9419857642508,0,-0.0876235523401562,0,10.9419857642508,-0.0876235523401562,-0.0876235523401562,-0.0876235523401562,0.0336377588977628
9.567453602661,0,-0.0130573193727359,0,9.567453602661,-0.0130573193727359,-0.0130573193727359,-0.0130573193727359,0.0264340771076804
9.56764954052794,0,-0.00578932875863998,0,9.56764954052794,-0.00578932875863998,-0.00578932875863998,-0.00578932875863998,0.0288617279537588
9.58796747981615,0,0.00725905880614161,0,9.58796747981615,0.00725905880614161,0.00725905880614161,0.00725905880614161,0.0422687684348916
10.3415882006709,0,-0.0979591311963027,0,10.3415882006709,-0.0979591311963027,-0.0979591311963027,-0.0979591311963027,0.0379022425227411
9.03381024943225,0,-0.0258591277728825,0,9.03381024943225,-0.0258591277728825,-0.0258591277728825,-0.0258591277728825,0.0210013285642308
7.292171244769,0,0.0214216184583366,0,7.292171244769,0.0214216184583366,0.0214216184583366,0.0214216184583366,0.00787016036700002
10.6567948708008,0,0.0203455428827325,0,10.6567948708008,0.0203455428827325,0.0203455428827325,0.0203455428827325,0.0367174068081082
15.83958844307,0,0.0399832495665445,0,15.83958844307,0.0399832495665445,0.0399832495665445,0.0399832495665445,0.0130470310288665
17.7014293147066,0,0.0234372077444364,0,17.7014293147066,0.0234372077444364,0.0234372077444364,0.0234372077444364,0.0323786122878216
16.016217440795,0,-0.00369944404825601,0,16.016217440795,-0.00369944404825601,-0.00369944404825601,-0.00369944404825601,0.0376637682579198
13.5036026382197,0,0.0260526179813793,0,13.5036026382197,0.0260526179813793,0.0260526179813793,0.0260526179813793,0.0175137052055195
13.9836050997556,0,-0.0596374353307077,0,13.9836050997556,-0.0596374353307077,-0.0596374353307077,-0.0596374353307077,0.0260159424457815
11.3110693140974,0,0.00982781565554414,0,11.3110693140974,0.00982781565554414,0.00982781565554414,0.00982781565554414,0.0152975413868066
20.6083384757102,0,-0.0196913974375486,0,20.6083384757102,-0.0196913974375486,-0.0196913974375486,-0.0196913974375486,0.0564075951702511
12.3671082351961,0,0.0210231372322994,0,12.3671082351961,0.0210231372322994,0.0210231372322994,0.0210231372322994,0.0160828742749283
12.3654554745313,0,-0.0686880413546458,0,12.3654554745313,-0.0686880413546458,-0.0686880413546458,-0.0686880413546458,0.0513325050706189
19.2556223171704,0,0.0285945738844167,0,19.2556223171704,0.0285945738844167,0.0285945738844167,0.0285945738844167,0.0139726523520546
34.7312424253189,0,0.00360906084633839,0,34.7312424253189,0.00360906084633839,0.00360906084633839,0.00360906084633839,0.017575833019559
54.7209102152747,0,0.0196726221291343,0,54.7209102152747,0.0196726221291343,0.0196726221291343,0.0196726221291343,0.0109274670854921
9.76552332936977,0,0.00564706861610557,0,9.76552332936977,0.00564706861610557,0.00564706861610557,0.00564706861610557,0.022210163633412
8.22166390729103,0,0.0200227074138689,0,8.22166390729103,0.0200227074138689,0.0200227074138689,0.0200227074138689,0.0889316774406693
11.7030101268542,0,0.0664031592294417,0,11.7030101268542,0.0664031592294417,0.0664031592294417,0.0664031592294417,0.0318702419669784
7.36539602284415,0,-0.0247872150245361,0,7.36539602284415,-0.0247872150245361,-0.0247872150245361,-0.0247872150245361,0.114121672795408
9.34902839864339,0,-0.0319037471830898,0,9.34902839864339,-0.0319037471830898,-0.0319037471830898,-0.0319037471830898,0.0353702402159913
12.5616640281909,0,0.00441577973083164,0,12.5616640281909,0.00441577973083164,0.00441577973083164,0.00441577973083164,0.0138459086615911
9.90269087384876,0,-0.0238997733934269,0,9.90269087384876,-0.0238997733934269,-0.0238997733934269,-0.0238997733934269,0.140365006537693
10.8363107906744,0,-0.028098390818107,0,10.8363107906744,-0.028098390818107,-0.028098390818107,-0.028098390818107,0.071926050301895
11.7003583105711,0,-0.00186774348468509,0,11.7003583105711,-0.00186774348468509,-0.00186774348468509,-0.00186774348468509,0.00589871207554302
14.1717804897526,0,0.027255899623745,0,14.1717804897526,0.027255899623745,0.027255899623745,0.027255899623745,0.0438772018708798
11.3171115233183,0,-0.0301299566297987,0,11.3171115233183,-0.0301299566297987,-0.0301299566297987,-0.0301299566297987,0.0549217163119364
12.491172371433,0,0.00616174807970621,0,12.491172371433,0.00616174807970621,0.00616174807970621,0.00616174807970621,0.0405245193389735
26.705767275507,0,-0.098143737211913,0,26.705767275507,-0.098143737211913,-0.098143737211913,-0.098143737211913,0.0957453613360952
23.3384346785706,0,0.0173424537425691,0,23.3384346785706,0.0173424537425691,0.0173424537425691,0.0173424537425691,0.0189266195413323
21.0471310356801,0,0.0617673658141888,0,21.0471310356801,0.0617673658141888,0.0617673658141888,0.0617673658141888,0.047052745863464
16.8846431378076,0,0.0592246738975235,0,16.8846431378076,0.0592246738975235,0.0592246738975235,0.0592246738975235,0.0580511049145327
142.027144302285,0,0.0480428181832702,0,142.027144302285,0.0480428181832702,0.0480428181832702,0.0480428181832702,0.0151652887885014
10.8384906759069,0,-0.00221059163205814,0,10.8384906759069,-0.00221059163205814,-0.00221059163205814,-0.00221059163205814,0.0251376149245104
15.3983817607889,0,0.00875331277188317,0,15.3983817607889,0.00875331277188317,0.00875331277188317,0.00875331277188317,0.0553131630412198
14.6925462604222,0,-0.00458452472707301,0,14.6925462604222,-0.00458452472707301,-0.00458452472707301,-0.00458452472707301,0.0444254697733256
12.5310366569707,0,0.0109739413789005,0,12.5310366569707,0.0109739413789005,0.0109739413789005,0.0109739413789005,0.0301771491611757
11.0161041029769,0,-0.0031766917676102,0,11.0161041029769,-0.0031766917676102,-0.0031766917676102,-0.0031766917676102,0.0522005254908412
12.612078023469,0,-0.0597088928688878,0,12.612078023469,-0.0597088928688878,-0.0597088928688878,-0.0597088928688878,0.0322576765582896
27.9381463268887,0,-0.0196646199066465,0,27.9381463268887,-0.0196646199066465,-0.0196646199066465,-0.0196646199066465,0.0266030945529787
28.4056044215739,0,-0.0234835133541325,0,28.4056044215739,-0.0234835133541325,-0.0234835133541325,-0.0234835133541325,0.0460235649191708
13.4368696617468,0,0.0535402362440232,0,13.4368696617468,0.0535402362440232,0.0535402362440232,0.0535402362440232,0.0282079903838013
14.3373106913918,0,-0.0165868652445846,0,14.3373106913918,-0.0165868652445846,-0.0165868652445846,-0.0165868652445846,0.0475684856482902
25.9320346135502,0,-0.0232712391594247,0,25.9320346135502,-0.0232712391594247,-0.0232712391594247,-0.0232712391594247,0.0300519735078187
NA,NA,NA,NA,NA,NA,NA,NA,NA
3.48138260502119,0,-0.0431716232209931,0,3.48138260502119,-0.0431716232209931,-0.0431716232209931,-0.0431716232209931,0.0321818721032191
5.59197431763262,0,-0.0578220526680145,0,5.59197431763262,-0.0578220526680145,-0.0578220526680145,-0.0578220526680145,0.0290843221745671
7.10118523761685,0,-0.0285278978712163,0,7.10118523761685,-0.0285278978712163,-0.0285278978712163,-0.0285278978712163,0.0595492352872805
8.39406695268219,0,0.0167837864563465,0,8.39406695268219,0.0167837864563465,0.0167837864563465,0.0167837864563465,0.0322473662392579
6.68163411954067,0,0.0399525800720857,0,6.68163411954067,0.0399525800720857,0.0399525800720857,0.0399525800720857,0.0632642521725607
10.9419857642508,0,-0.0876235523401562,0,10.9419857642508,-0.0876235523401562,-0.0876235523401562,-0.0876235523401562,0.0336377588977628
9.567453602661,0,-0.0130573193727359,0,9.567453602661,-0.0130573193727359,-0.0130573193727359,-0.0130573193727359,0.0264340771076804
9.56764954052794,0,-0.00578932875863998,0,9.56764954052794,-0.00578932875863998,-0.00578932875863998,-0.00578932875863998,0.0288617279537588
9.58796747981615,0,0.00725905880614161,0,9.58796747981615,0.00725905880614161,0.00725905880614161,0.00725905880614161,0.0422687684348916
10.3415882006709,0,-0.0979591311963027,0,10.3415882006709,-0.0979591311963027,-0.0979591311963027,-0.0979591311963027,0.0379022425227411
9.03381024943225,0,-0.0258591277728825,0,9.03381024943225,-0.0258591277728825,-0.0258591277728825,-0.0258591277728825,0.0210013285642308
7.292171244769,0,0.0214216184583366,0,7.292171244769,0.0214216184583366,0.0214216184583366,0.0214216184583366,0.00787016036700002
10.6567948708008,0,0.0203455428827325,0,10.6567948708008,0.0203455428827325,0.0203455428827325,0.0203455428827325,0.0367174068081082
15.83958844307,0,0.0399832495665445,0,15.83958844307,0.0399832495665445,0.0399832495665445,0.0399832495665445,0.0130470310288665
17.7014293147066,0,0.0234372077444364,0,17.7014293147066,0.0234372077444364,0.0234372077444364,0.0234372077444364,0.0323786122878216
16.016217440795,0,-0.00369944404825601,0,16.016217440795,-0.00369944404825601,-0.00369944404825601,-0.00369944404825601,0.0376637682579198
13.5036026382197,0,0.0260526179813793,0,13.5036026382197,0.0260526179813793,0.0260526179813793,0.0260526179813793,0.0175137052055195
13.9836050997556,0,-0.0596374353307077,0,13.9836050997556,-0.0596374353307077,-0.0596374353307077,-0.0596374353307077,0.0260159424457815
11.3110693140974,0,0.00982781565554414,0,11.3110693140974,0.00982781565554414,0.00982781565554414,0.00982781565554414,0.0152975413868066
20.6083384757102,0,-0.0196913974375486,0,20.6083384757102,-0.0196913974375486,-0.0196913974375486,-0.0196913974375486,0.0564075951702511
12.3671082351961,0,0.0210231372322994,0,12.3671082351961,0.0210231372322994,0.0210231372322994,0.0210231372322994,0.0160828742749283
12.3654554745313,0,-0.0686880413546458,0,12.3654554745313,-0.0686880413546458,-0.0686880413546458,-0.0686880413546458,0.0513325050706189
19.2556223171704,0,0.0285945738844167,0,19.2556223171704,0.0285945738844167,0.0285945738844167,0.0285945738844167,0.0139726523520546
34.7312424253189,0,0.00360906084633839,0,34.7312424253189,0.00360906084633839,0.00360906084633839,0.00360906084633839,0.017575833019559
54.7209102152747,0,0.0196726221291343,0,54.7209102152747,0.0196726221291343,0.0196726221291343,0.0196726221291343,0.0109274670854921
9.76552332936977,0,0.00564706861610557,0,9.76552332936977,0.00564706861610557,0.00564706861610557,0.00564706861610557,0.022210163633412
8.22166390729103,0,0.0200227074138689,0,8.22166390729103,0.0200227074138689,0.0200227074138689,0.0200227074138689,0.0889316774406693
11.7030101268542,0,0.0664031592294417,0,11.7030101268542,0.0664031592294417,0.0664031592294417,0.0664031592294417,0.0318702419669784
7.36539602284415,0,-0.0247872150245361,0,7.36539602284415,-0.0247872150245361,-0.0247872150245361,-0.0247872150245361,0.114121672795408
9.34902839864339,0,-0.0319037471830898,0,9.34902839864339,-0.0319037471830898,-0.0319037471830898,-0.0319037471830898,0.0353702402159913
12.5616640281909,0,0.00441577973083164,0,12.5616640281909,0.00441577973083164,0.00441577973083164,0.00441577973083164,0.0138459086615911
9.90269087384876,0,-0.0238997733934269,0,9.90269087384876,-0.0238997733934269,-0.0238997733934269,-0.0238997733934269,0.140365006537693
10.8363107906744,0,-0.028098390818107,0,10.8363107906744,-0.028098390818107,-0.028098390818107,-0.028098390818107,0.071926050301895
11.7003583105711,0,-0.00186774348468509,0,11.7003583105711,-0.00186774348468509,-0.00186774348468509,-0.00186774348468509,0.00589871207554302
14.1717804897526,0,0.027255899623745,0,14.1717804897526,0.027255899623745,0.027255899623745,0.027255899623745,0.0438772018708798
11.3171115233183,0,-0.0301299566297987,0,11.3171115233183,-0.0301299566297987,-0.0301299566297987,-0.0301299566297987,0.0549217163119364
12.491172371433,0,0.00616174807970621,0,12.491172371433,0.00616174807970621,0.00616174807970621,0.00616174807970621,0.0405245193389735
26.705767275507,0,-0.098143737211913,0,26.705767275507,-0.098143737211913,-0.098143737211913,-0.098143737211913,0.0957453613360952
23.3384346785706,0,0.0173424537425691,0,23.3384346785706,0.0173424537425691,0.0173424537425691,0.0173424537425691,0.0189266195413323
21.0471310356801,0,0.0617673658141888,0,21.0471310356801,0.0617673658141888,0.0617673658141888,0.0617673658141888,0.047052745863464
16.8846431378076,0,0.0592246738975235,0,16.8846431378076,0.0592246738975235,0.0592246738975235,0.0592246738975235,0.0580511049145327
142.027144302285,0,0.0480428181832702,0,142.027144302285,0.0480428181832702,0.0480428181832702,0.0480428181832702,0.0151652887885014
10.8384906759069,0,-0.00221059163205814,0,10.8384906759069,-0.00221059163205814,-0.00221059163205814,-0.00221059163205814,0.0251376149245104
15.3983817607889,0,0.00875331277188317,0,15.3983817607889,0.00875331277188317,0.00875331277188317,0.00875331277188317,0.0553131630412198
14.6925462604222,0,-0.00458452472707301,0,14.6925462604222,-0.00458452472707301,-0.00458452472707301,-0.00458452472707301,0.0444254697733256
12.5310366569707,0,0.0109739413789005,0,12.5310366569707,0.0109739413789005,0.0109739413789005,0.0109739413789005,0.0301771491611757
11.0161041029769,0,-0.0031766917676102,0,11.0161041029769,-0.0031766917676102,-0.0031766917676102,-0.0031766917676102,0.0522005254908412
12.612078023469,0,-0.0597088928688878,0,12.612078023469,-0.0597088928688878,-0.0597088928688878,-0.0597088928688878,0.0322576765582896
27.9381463268887,0,-0.0196646199066465,0,27.9381463268887,-0.0196646199066465,-0.0196646199066465,-0.0196646199066465,0.0266030945529787
28.4056044215739,0,-0.0234835133541325,0,28.4056044215739,-0.0234835133541325,-0.0234835133541325,-0.0234835133541325,0.0460235649191708
13.4368696617468,0,0.0535402362440232,0,13.4368696617468,0.0535402362440232,0.0535402362440232,0.0535402362440232,0.0282079903838013
14.3373106913918,0,-0.0165868652445846,0,14.3373106913918,-0.0165868652445846,-0.0165868652445846,-0.0165868652445846,0.0475684856482902
25.9320346135502,0,-0.0232712391594247,0,25.9320346135502,-0.0232712391594247,-0.0232712391594247,-0.0232712391594247,0.0300519735078187
NA,NA,NA,NA,NA,NA,NA,NA,NA
3.48138260502119,0,-0.0431716232209931,0,3.48138260502119,-0.0431716232209931,-0.0431716232209931,-0.0431716232209931,0.0321818721032191
5.59197431763262,0,-0.0578220526680145,0,5.59197431763262,-0.0578220526680145,-0.0578220526680145,-0.0578220526680145,0.0290843221745671
7.10118523761685,0,-0.0285278978712163,0,7.10118523761685,-0.0285278978712163,-0.0285278978712163,-0.0285278978712163,0.0595492352872805
8.39406695268219,0,0.0167837864563465,0,8.39406695268219,0.0167837864563465,0.0167837864563465,0.0167837864563465,0.0322473662392579
6.68163411954067,0,0.0399525800720857,0,6.68163411954067,0.0399525800720857,0.0399525800720857,0.0399525800720857,0.0632642521725607
10.9419857642508,0,-0.0876235523401562,0,10.9419857642508,-0.0876235523401562,-0.0876235523401562,-0.0876235523401562,0.0336377588977628
9.567453602661,0,-0.0130573193727359,0,9.567453602661,-0.0130573193727359,-0.0130573193727359,-0.0130573193727359,0.0264340771076804
9.56764954052794,0,-0.00578932875863998,0,9.56764954052794,-0.00578932875863998,-0.00578932875863998,-0.00578932875863998,0.0288617279537588
9.58796747981615,0,0.00725905880614161,0,9.58796747981615,0.00725905880614161,0.00725905880614161,0.00725905880614161,0.0422687684348916
10.3415882006709,0,-0.0979591311963027,0,10.3415882006709,-0.0979591311963027,-0.0979591311963027,-0.0979591311963027,0.0379022425227411
9.03381024943225,0,-0.0258591277728825,0,9.03381024943225,-0.0258591277728825,-0.0258591277728825,-0.0258591277728825,0.0210013285642308
7.292171244769,0,0.0214216184583366,0,7.292171244769,0.0214216184583366,0.0214216184583366,0.0214216184583366,0.00787016036700002
10.6567948708008,0,0.0203455428827325,0,10.6567948708008,0.0203455428827325,0.0203455428827325,0.0203455428827325,0.0367174068081082
15.83958844307,0,0.0399832495665445,0,15.83958844307,0.0399832495665445,0.0399832495665445,0.0399832495665445,0.0130470310288665
17.7014293147066,0,0.0234372077444364,0,17.7014293147066,0.0234372077444364,0.0234372077444364,0.0234372077444364,0.0323786122878216
16.016217440795,0,-0.00369944404825601,0,16.016217440795,-0.00369944404825601,-0.00369944404825601,-0.00369944404825601,0.0376637682579198
13.5036026382197,0,0.0260526179813793,0,13.5036026382197,0.0260526179813793,0.0260526179813793,0.0260526179813793,0.0175137052055195
13.9836050997556,0,-0.0596374353307077,0,13.9836050997556,-0.0596374353307077,-0.0596374353307077,-0.0596374353307077,0.0260159424457815
11.3110693140974,0,0.00982781565554414,0,11.3110693140974,0.00982781565554414,0.00982781565554414,0.00982781565554414,0.0152975413868066
20.6083384757102,0,-0.0196913974375486,0,20.6083384757102,-0.0196913974375486,-0.0196913974375486,-0.0196913974375486,0.0564075951702511
12.3671082351961,0,0.0210231372322994,0,12.3671082351961,0.0210231372322994,0.0210231372322994,0.0210231372322994,0.0160828742749283
12.3654554745313,0,-0.0686880413546458,0,12.3654554745313,-0.0686880413546458,-0.0686880413546458,-0.0686880413546458,0.0513325050706189
19.2556223171704,0,0.0285945738844167,0,19.2556223171704,0.0285945738844167,0.0285945738844167,0.0285945738844167,0.0139726523520546
34.7312424253189,0,0.00360906084633839,0,34.7312424253189,0.00360906084633839,0.00360906084633839,0.00360906084633839,0.017575833019559
54.7209102152747,0,0.0196726221291343,0,54.7209102152747,0.0196726221291343,0.0196726221291343,0.0196726221291343,0.0109274670854921
9.76552332936977,0,0.00564706861610557,0,9.76552332936977,0.00564706861610557,0.00564706861610557,0.00564706861610557,0.022210163633412
8.22166390729103,0,0.0200227074138689,0,8.22166390729103,0.0200227074138689,0.0200227074138689,0.0200227074138689,0.0889316774406693
11.7030101268542,0,0.0664031592294417,0,11.7030101268542,0.0664031592294417,0.0664031592294417,0.0664031592294417,0.0318702419669784
7.36539602284415,0,-0.0247872150245361,0,7.36539602284415,-0.0247872150245361,-0.0247872150245361,-0.0247872150245361,0.114121672795408
9.34902839864339,0,-0.0319037471830898,0,9.34902839864339,-0.0319037471830898,-0.0319037471830898,-0.0319037471830898,0.0353702402159913
12.5616640281909,0,0.00441577973083164,0,12.5616640281909,0.00441577973083164,0.00441577973083164,0.00441577973083164,0.0138459086615911
9.90269087384876,0,-0.0238997733934269,0,9.90269087384876,-0.0238997733934269,-0.0238997733934269,-0.0238997733934269,0.140365006537693
10.8363107906744,0,-0.028098390818107,0,10.8363107906744,-0.028098390818107,-0.028098390818107,-0.028098390818107,0.071926050301895
11.7003583105711,0,-0.00186774348468509,0,11.7003583105711,-0.00186774348468509,-0.00186774348468509,-0.00186774348468509,0.00589871207554302
14.1717804897526,0,0.027255899623745,0,14.1717804897526,0.027255899623745,0.027255899623745,0.027255899623745,0.0438772018708798
11.3171115233183,0,-0.0301299566297987,0,11.3171115233183,-0.0301299566297987,-0.0301299566297987,-0.0301299566297987,0.0549217163119364
12.491172371433,0,0.00616174807970621,0,12.491172371433,0.00616174807970621,0.00616174807970621,0.00616174807970621,0.0405245193389735
26.705767275507,0,-0.098143737211913,0,26.705767275507,-0.098143737211913,-0.098143737211913,-0.098143737211913,0.0957453613360952
23.3384346785706,0,0.0173424537425691,0,23.3384346785706,0.0173424537425691,0.0173424537425691,0.0173424537425691,0.0189266195413323
21.0471310356801,0,0.0617673658141888,0,21.0471310356801,0.0617673658141888,0.0617673658141888,0.0617673658141888,0.047052745863464
16.8846431378076,0,0.0592246738975235,0,16.8846431378076,0.0592246738975235,0.0592246738975235,0.0592246738975235,0.0580511049145327
142.027144302285,0,0.0480428181832702,0,142.027144302285,0.0480428181832702,0.0480428181832702,0.0480428181832702,0.0151652887885014
10.8384906759069,0,-0.00221059163205814,0,10.8384906759069,-0.00221059163205814,-0.00221059163205814,-0.00221059163205814,0.0251376149245104
15.3983817607889,0,0.00875331277188317,0,15.3983817607889,0.00875331277188317,0.00875331277188317,0.00875331277188317,0.0553131630412198
14.6925462604222,0,-0.00458452472707301,0,14.6925462604222,-0.00458452472707301,-0.00458452472707301,-0.00458452472707301,0.0444254697733256
12.5310366569707,0,0.0109739413789005,0,12.5310366569707,0.0109739413789005,0.0109739413789005,0.0109739413789005,0.0301771491611757
11.0161041029769,0,-0.0031766917676102,0,11.0161041029769,-0.0031766917676102,-0.0031766917676102,-0.0031766917676102,0.0522005254908412
12.612078023469,0,-0.0597088928688878,0,12.612078023469,-0.0597088928688878,-0.0597088928688878,-0.0597088928688878,0.0322576765582896
27.9381463268887,0,-0.0196646199066465,0,27.9381463268887,-0.0196646199066465,-0.0196646199066465,-0.0196646199066465,0.0266030945529787
28.4056044215739,0,-0.0234835133541325,0,28.4056044215739,-0.0234835133541325,-0.0234835133541325,-0.0234835133541325,0.0460235649191708
13.4368696617468,0,0.0535402362440232,0,13.4368696617468,0.0535402362440232,0.0535402362440232,0.0535402362440232,0.0282079903838013
14.3373106913918,0,-0.0165868652445846,0,14.3373106913918,-0.0165868652445846,-0.0165868652445846,-0.0165868652445846,0.0475684856482902
25.9320346135502,0,-0.0232712391594247,0,25.9320346135502,-0.0232712391594247,-0.0232712391594247,-0.0232712391594247,0.0300519735078187
NA,NA,NA,NA,NA,NA,NA,NA,NA
3.48138260502119,0,-0.0431716232209931,0,3.48138260502119,-0.0431716232209931,-0.0431716232209931,-0.0431716232209931,0.0321818721032191
5.59197431763262,0,-0.0578220526680145,0,5.59197431763262,-0.0578220526680145,-0.0578220526680145,-0.0578220526680145,0.0290843221745671
7.10118523761685,0,-0.0285278978712163,0,7.10118523761685,-0.0285278978712163,-0.0285278978712163,-0.0285278978712163,0.0595492352872805
8.39406695268219,0,0.0167837864563465,0,8.39406695268219,0.0167837864563465,0.0167837864563465,0.0167837864563465,0.0322473662392579
6.68163411954067,0,0.0399525800720857,0,6.68163411954067,0.0399525800720857,0.0399525800720857,0.0399525800720857,0.0632642521725607
10.9419857642508,0,-0.0876235523401562,0,10.9419857642508,-0.0876235523401562,-0.0876235523401562,-0.0876235523401562,0.0336377588977628
9.567453602661,0,-0.0130573193727359,0,9.567453602661,-0.0130573193727359,-0.0130573193727359,-0.0130573193727359,0.0264340771076804
9.56764954052794,0,-0.00578932875863998,0,9.56764954052794,-0.00578932875863998,-0.00578932875863998,-0.00578932875863998,0.0288617279537588
9.58796747981615,0,0.00725905880614161,0,9.58796747981615,0.00725905880614161,0.00725905880614161,0.00725905880614161,0.0422687684348916
10.3415882006709,0,-0.0979591311963027,0,10.3415882006709,-0.0979591311963027,-0.0979591311963027,-0.0979591311963027,0.0379022425227411
9.03381024943225,0,-0.0258591277728825,0,9.03381024943225,-0.0258591277728825,-0.0258591277728825,-0.0258591277728825,0.0210013285642308
7.292171244769,0,0.0214216184583366,0,7.292171244769,0.0214216184583366,0.0214216184583366,0.0214216184583366,0.00787016036700002
10.6567948708008,0,0.0203455428827325,0,10.6567948708008,0.0203455428827325,0.0203455428827325,0.0203455428827325,0.0367174068081082
15.83958844307,0,0.0399832495665445,0,15.83958844307,0.0399832495665445,0.0399832495665445,0.0399832495665445,0.0130470310288665
17.7014293147066,0,0.0234372077444364,0,17.7014293147066,0.0234372077444364,0.0234372077444364,0.0234372077444364,0.0323786122878216
16.016217440795,0,-0.00369944404825601,0,16.016217440795,-0.00369944404825601,-0.00369944404825601,-0.00369944404825601,0.0376637682579198
13.5036026382197,0,0.0260526179813793,0,13.5036026382197,0.0260526179813793,0.0260526179813793,0.0260526179813793,0.0175137052055195
13.9836050997556,0,-0.0596374353307077,0,13.9836050997556,-0.0596374353307077,-0.0596374353307077,-0.0596374353307077,0.0260159424457815
11.3110693140974,0,0.00982781565554414,0,11.3110693140974,0.00982781565554414,0.00982781565554414,0.00982781565554414,0.0152975413868066
20.6083384757102,0,-0.0196913974375486,0,20.6083384757102,-0.0196913974375486,-0.0196913974375486,-0.0196913974375486,0.0564075951702511
12.3671082351961,0,0.0210231372322994,0,12.3671082351961,0.0210231372322994,0.0210231372322994,0.0210231372322994,0.0160828742749283
12.3654554745313,0,-0.0686880413546458,0,12.3654554745313,-0.0686880413546458,-0.0686880413546458,-0.0686880413546458,0.0513325050706189
19.2556223171704,0,0.0285945738844167,0,19.2556223171704,0.0285945738844167,0.0285945738844167,0.0285945738844167,0.0139726523520546
34.7312424253189,0,0.00360906084633839,0,34.7312424253189,0.00360906084633839,0.00360906084633839,0.00360906084633839,0.017575833019559
54.7209102152747,0,0.0196726221291343,0,54.7209102152747,0.0196726221291343,0.0196726221291343,0.0196726221291343,0.0109274670854921
9.76552332936977,0,0.00564706861610557,0,9.76552332936977,0.00564706861610557,0.00564706861610557,0.00564706861610557,0.022210163633412
8.22166390729103,0,0.0200227074138689,0,8.22166390729103,0.0200227074138689,0.0200227074138689,0.0200227074138689,0.0889316774406693
11.7030101268542,0,0.0664031592294417,0,11.7030101268542,0.0664031592294417,0.0664031592294417,0.0664031592294417,0.0318702419669784
7.36539602284415,0,-0.0247872150245361,0,7.36539602284415,-0.0247872150245361,-0.0247872150245361,-0.0247872150245361,0.114121672795408
9.34902839864339,0,-0.0319037471830898,0,9.34902839864339,-0.0319037471830898,-0.0319037471830898,-0.0319037471830898,0.0353702402159913
12.5616640281909,0,0.00441577973083164,0,12.5616640281909,0.00441577973083164,0.00441577973083164,0.00441577973083164,0.0138459086615911
9.90269087384876,0,-0.0238997733934269,0,9.90269087384876,-0.0238997733934269,-0.0238997733934269,-0.0238997733934269,0.140365006537693
10.8363107906744,0,-0.028098390818107,0,10.8363107906744,-0.028098390818107,-0.028098390818107,-0.028098390818107,0.071926050301895
11.7003583105711,0,-0.00186774348468509,0,11.7003583105711,-0.00186774348468509,-0.00186774348468509,-0.00186774348468509,0.00589871207554302
14.1717804897526,0,0.027255899623745,0,14.1717804897526,0.027255899623745,0.027255899623745,0.027255899623745,0.0438772018708798
11.3171115233183,0,-0.0301299566297987,0,11.3171115233183,-0.0301299566297987,-0.0301299566297987,-0.0301299566297987,0.0549217163119364
12.491172371433,0,0.00616174807970621,0,12.491172371433,0.00616174807970621,0.00616174807970621,0.00616174807970621,0.0405245193389735
26.705767275507,0,-0.098143737211913,0,26.705767275507,-0.098143737211913,-0.098143737211913,-0.098143737211913,0.0957453613360952
23.3384346785706,0,0.0173424537425691,0,23.3384346785706,0.0173424537425691,0.0173424537425691,0.0173424537425691,0.0189266195413323
21.0471310356801,0,0.0617673658141888,0,21.0471310356801,0.0617673658141888,0.0617673658141888,0.0617673658141888,0.047052745863464
16.8846431378076,0,0.0592246738975235,0,16.8846431378076,0.0592246738975235,0.0592246738975235,0.0592246738975235,0.0580511049145327
142.027144302285,0,0.0480428181832702,0,142.027144302285,0.0480428181832702,0.0480428181832702,0.0480428181832702,0.0151652887885014
10.8384906759069,0,-0.00221059163205814,0,10.8384906759069,-0.00221059163205814,-0.00221059163205814,-0.00221059163205814,0.0251376149245104
15.3983817607889,0,0.00875331277188317,0,15.3983817607889,0.00875331277188317,0.00875331277188317,0.00875331277188317,0.0553131630412198
14.6925462604222,0,-0.00458452472707301,0,14.6925462604222,-0.00458452472707301,-0.00458452472707301,-0.00458452472707301,0.0444254697733256
12.5310366569707,0,0.0109739413789005,0,12.5310366569707,0.0109739413789005,0.0109739413789005,0.0109739413789005,0.0301771491611757
11.0161041029769,0,-0.0031766917676102,0,11.0161041029769,-0.0031766917676102,-0.0031766917676102,-0.0031766917676102,0.0522005254908412
12.612078023469,0,-0.0597088928688878,0,12.612078023469,-0.0597088928688878,-0.0597088928688878,-0.0597088928688878,0.0322576765582896
27.9381463268887,0,-0.0196646199066465,0,27.9381463268887,-0.0196646199066465,-0.0196646199066465,-0.0196646199066465,0.0266030945529787
28.4056044215739,0,-0.0234835133541325,0,28.4056044215739,-0.0234835133541325,-0.0234835133541325,-0.0234835133541325,0.0460235649191708
13.4368696617468,0,0.0535402362440232,0,13.4368696617468,0.0535402362440232,0.0535402362440232,0.0535402362440232,0.0282079903838013
14.3373106913918,0,-0.0165868652445846,0,14.3373106913918,-0.0165868652445846,-0.0165868652445846,-0.0165868652445846,0.0475684856482902
25.9320346135502,0,-0.0232712391594247,0,25.9320346135502,-0.0232712391594247,-0.0232712391594247,-0.0232712391594247,0.0300519735078187
NA,NA,NA,NA,NA,NA,NA,NA,NA
3.48138260502119,0,-0.0431716232209931,0,3.48138260502119,-0.0431716232209931,-0.0431716232209931,-0.0431716232209931,0.0321818721032191
5.59197431763262,0,-0.0578220526680145,0,5.59197431763262,-0.0578220526680145,-0.0578220526680145,-0.0578220526680145,0.0290843221745671
7.10118523761685,0,-0.0285278978712163,0,7.10118523761685,-0.0285278978712163,-0.0285278978712163,-0.0285278978712163,0.0595492352872805
8.39406695268219,0,0.0167837864563465,0,8.39406695268219,0.0167837864563465,0.0167837864563465,0.0167837864563465,0.0322473662392579
6.68163411954067,0,0.0399525800720857,0,6.68163411954067,0.0399525800720857,0.0399525800720857,0.0399525800720857,0.0632642521725607
10.9419857642508,0,-0.0876235523401562,0,10.9419857642508,-0.0876235523401562,-0.0876235523401562,-0.0876235523401562,0.0336377588977628
9.567453602661,0,-0.0130573193727359,0,9.567453602661,-0.0130573193727359,-0.0130573193727359,-0.0130573193727359,0.0264340771076804
9.56764954052794,0,-0.00578932875863998,0,9.56764954052794,-0.00578932875863998,-0.00578932875863998,-0.00578932875863998,0.0288617279537588
9.58796747981615,0,0.00725905880614161,0,9.58796747981615,0.00725905880614161,0.00725905880614161,0.00725905880614161,0.0422687684348916
10.3415882006709,0,-0.0979591311963027,0,10.3415882006709,-0.0979591311963027,-0.0979591311963027,-0.0979591311963027,0.0379022425227411
9.03381024943225,0,-0.0258591277728825,0,9.03381024943225,-0.0258591277728825,-0.0258591277728825,-0.0258591277728825,0.0210013285642308
7.292171244769,0,0.0214216184583366,0,7.292171244769,0.0214216184583366,0.0214216184583366,0.0214216184583366,0.00787016036700002
10.6567948708008,0,0.0203455428827325,0,10.6567948708008,0.0203455428827325,0.0203455428827325,0.0203455428827325,0.0367174068081082
15.83958844307,0,0.0399832495665445,0,15.83958844307,0.0399832495665445,0.0399832495665445,0.0399832495665445,0.0130470310288665
17.7014293147066,0,0.0234372077444364,0,17.7014293147066,0.0234372077444364,0.0234372077444364,0.0234372077444364,0.0323786122878216
16.016217440795,0,-0.00369944404825601,0,16.016217440795,-0.00369944404825601,-0.00369944404825601,-0.00369944404825601,0.0376637682579198
13.5036026382197,0,0.0260526179813793,0,13.5036026382197,0.0260526179813793,0.0260526179813793,0.0260526179813793,0.0175137052055195
13.9836050997556,0,-0.0596374353307077,0,13.9836050997556,-0.0596374353307077,-0.0596374353307077,-0.0596374353307077,0.0260159424457815
11.3110693140974,0,0.00982781565554414,0,11.3110693140974,0.00982781565554414,0.00982781565554414,0.00982781565554414,0.0152975413868066
20.6083384757102,0,-0.0196913974375486,0,20.6083384757102,-0.0196913974375486,-0.0196913974375486,-0.0196913974375486,0.0564075951702511
12.3671082351961,0,0.0210231372322994,0,12.3671082351961,0.0210231372322994,0.0210231372322994,0.0210231372322994,0.0160828742749283
12.3654554745313,0,-0.0686880413546458,0,12.3654554745313,-0.0686880413546458,-0.0686880413546458,-0.0686880413546458,0.0513325050706189
19.2556223171704,0,0.0285945738844167,0,19.2556223171704,0.0285945738844167,0.0285945738844167,0.0285945738844167,0.0139726523520546
34.7312424253189,0,0.00360906084633839,0,34.7312424253189,0.00360906084633839,0.00360906084633839,0.00360906084633839,0.017575833019559
54.7209102152747,0,0.0196726221291343,0,54.7209102152747,0.0196726221291343,0.0196726221291343,0.0196726221291343,0.0109274670854921
9.76552332936977,0,0.00564706861610557,0,9.76552332936977,0.00564706861610557,0.00564706861610557,0.00564706861610557,0.022210163633412
8.22166390729103,0,0.0200227074138689,0,8.22166390729103,0.0200227074138689,0.0200227074138689,0.0200227074138689,0.0889316774406693
11.7030101268542,0,0.0664031592294417,0,11.7030101268542,0.0664031592294417,0.0664031592294417,0.0664031592294417,0.0318702419669784
7.36539602284415,0,-0.0247872150245361,0,7.36539602284415,-0.0247872150245361,-0.0247872150245361,-0.0247872150245361,0.114121672795408
9.34902839864339,0,-0.0319037471830898,0,9.34902839864339,-0.0319037471830898,-0.0319037471830898,-0.0319037471830898,0.0353702402159913
12.5616640281909,0,0.00441577973083164,0,12.5616640281909,0.00441577973083164,0.00441577973083164,0.00441577973083164,0.0138459086615911
9.90269087384876,0,-0.0238997733934269,0,9.90269087384876,-0.0238997733934269,-0.0238997733934269,-0.0238997733934269,0.140365006537693
10.8363107906744,0,-0.028098390818107,0,10.8363107906744,-0.028098390818107,-0.028098390818107,-0.028098390818107,0.071926050301895
11.7003583105711,0,-0.00186774348468509,0,11.7003583105711,-0.00186774348468509,-0.00186774348468509,-0.00186774348468509,0.00589871207554302
14.1717804897526,0,0.027255899623745,0,14.1717804897526,0.027255899623745,0.027255899623745,0.027255899623745,0.0438772018708798
11.3171115233183,0,-0.0301299566297987,0,11.3171115233183,-0.0301299566297987,-0.0301299566297987,-0.0301299566297987,0.0549217163119364
12.491172371433,0,0.00616174807970621,0,12.491172371433,0.00616174807970621,0.00616174807970621,0.00616174807970621,0.0405245193389735
26.705767275507,0,-0.098143737211913,0,26.705767275507,-0.098143737211913,-0.098143737211913,-0.098143737211913,0.0957453613360952
23.3384346785706,0,0.0173424537425691,0,23.3384346785706,0.0173424537425691,0.0173424537425691,0.0173424537425691,0.0189266195413323
21.0471310356801,0,0.0617673658141888,0,21.0471310356801,0.0617673658141888,0.0617673658141888,0.0617673658141888,0.047052745863464
16.8846431378076,0,0.0592246738975235,0,16.8846431378076,0.0592246738975235,0.0592246738975235,0.0592246738975235,0.0580511049145327
142.027144302285,0,0.0480428181832702,0,142.027144302285,0.0480428181832702,0.0480428181832702,0.0480428181832702,0.0151652887885014
10.8384906759069,0,-0.00221059163205814,0,10.8384906759069,-0.00221059163205814,-0.00221059163205814,-0.00221059163205814,0.0251376149245104
15.3983817607889,0,0.00875331277188317,0,15.3983817607889,0.00875331277188317,0.00875331277188317,0.00875331277188317,0.0553131630412198
14.6925462604222,0,-0.00458452472707301,0,14.6925462604222,-0.00458452472707301,-0.00458452472707301,-0.00458452472707301,0.0444254697733256
12.5310366569707,0,0.0109739413789005,0,12.5310366569707,0.0109739413789005,0.0109739413789005,0.0109739413789005,0.0301771491611757
11.0161041029769,0,-0.0031766917676102,0,11.0161041029769,-0.0031766917676102,-0.0031766917676102,-0.0031766917676102,0.0522005254908412
12.612078023469,0,-0.0597088928688878,0,12.612078023469,-0.0597088928688878,-0.0597088928688878,-0.0597088928688878,0.0322576765582896
27.9381463268887,0,-0.0196646199066465,0,27.9381463268887,-0.0196646199066465,-0.0196646199066465,-0.0196646199066465,0.0266030945529787
28.4056044215739,0,-0.0234835133541325,0,28.4056044215739,-0.0234835133541325,-0.0234835133541325,-0.0234835133541325,0.0460235649191708
13.4368696617468,0,0.0535402362440232,0,13.4368696617468,0.0535402362440232,0.0535402362440232,0.0535402362440232,0.0282079903838013
14.3373106913918,0,-0.0165868652445846,0,14.3373106913918,-0.0165868652445846,-0.0165868652445846,-0.0165868652445846,0.0475684856482902
25.9320346135502,0,-0.0232712391594247,0,25.9320346135502,-0.0232712391594247,-0.0232712391594247,-0.0232712391594247,0.0300519735078187
NA,NA,NA,NA,NA,NA,NA,NA,NA
3.48138260502119,0,-0.0431716232209931,0,3.48138260502119,-0.0431716232209931,-0.0431716232209931,-0.0431716232209931,0.0321818721032191
5.59197431763262,0,-0.0578220526680145,0,5.59197431763262,-0.0578220526680145,-0.0578220526680145,-0.0578220526680145,0.0290843221745671
7.10118523761685,0,-0.0285278978712163,0,7.10118523761685,-0.0285278978712163,-0.0285278978712163,-0.0285278978712163,0.0595492352872805
8.39406695268219,0,0.0167837864563465,0,8.39406695268219,0.0167837864563465,0.0167837864563465,0.0167837864563465,0.0322473662392579
6.68163411954067,0,0.0399525800720857,0,6.68163411954067,0.0399525800720857,0.0399525800720857,0.0399525800720857,0.0632642521725607
10.9419857642508,0,-0.0876235523401562,0,10.9419857642508,-0.0876235523401562,-0.0876235523401562,-0.0876235523401562,0.0336377588977628
9.567453602661,0,-0.0130573193727359,0,9.567453602661,-0.0130573193727359,-0.0130573193727359,-0.0130573193727359,0.0264340771076804
9.56764954052794,0,-0.00578932875863998,0,9.56764954052794,-0.00578932875863998,-0.00578932875863998,-0.00578932875863998,0.0288617279537588
9.58796747981615,0,0.00725905880614161,0,9.58796747981615,0.00725905880614161,0.00725905880614161,0.00725905880614161,0.0422687684348916
10.3415882006709,0,-0.0979591311963027,0,10.3415882006709,-0.0979591311963027,-0.0979591311963027,-0.0979591311963027,0.0379022425227411
9.03381024943225,0,-0.0258591277728825,0,9.03381024943225,-0.0258591277728825,-0.0258591277728825,-0.0258591277728825,0.0210013285642308
7.292171244769,0,0.0214216184583366,0,7.292171244769,0.0214216184583366,0.0214216184583366,0.0214216184583366,0.00787016036700002
10.6567948708008,0,0.0203455428827325,0,10.6567948708008,0.0203455428827325,0.0203455428827325,0.0203455428827325,0.0367174068081082
15.83958844307,0,0.0399832495665445,0,15.83958844307,0.0399832495665445,0.0399832495665445,0.0399832495665445,0.0130470310288665
17.7014293147066,0,0.0234372077444364,0,17.7014293147066,0.0234372077444364,0.0234372077444364,0.0234372077444364,0.0323786122878216
16.016217440795,0,-0.00369944404825601,0,16.016217440795,-0.00369944404825601,-0.00369944404825601,-0.00369944404825601,0.0376637682579198
13.5036026382197,0,0.0260526179813793,0,13.5036026382197,0.0260526179813793,0.0260526179813793,0.0260526179813793,0.0175137052055195
13.9836050997556,0,-0.0596374353307077,0,13.9836050997556,-0.0596374353307077,-0.0596374353307077,-0.0596374353307077,0.0260159424457815
11.3110693140974,0,0.00982781565554414,0,11.3110693140974,0.00982781565554414,0.00982781565554414,0.00982781565554414,0.0152975413868066
20.6083384757102,0,-0.0196913974375486,0,20.6083384757102,-0.0196913974375486,-0.0196913974375486,-0.0196913974375486,0.0564075951702511
12.3671082351961,0,0.0210231372322994,0,12.3671082351961,0.0210231372322994,0.0210231372322994,0.0210231372322994,0.0160828742749283
12.3654554745313,0,-0.0686880413546458,0,12.3654554745313,-0.0686880413546458,-0.0686880413546458,-0.0686880413546458,0.0513325050706189
19.2556223171704,0,0.0285945738844167,0,19.2556223171704,0.0285945738844167,0.0285945738844167,0.0285945738844167,0.0139726523520546
34.7312424253189,0,0.00360906084633839,0,34.7312424253189,0.00360906084633839,0.00360906084633839,0.00360906084633839,0.017575833019559
54.7209102152747,0,0.0196726221291343,0,54.7209102152747,0.0196726221291343,0.0196726221291343,0.0196726221291343,0.0109274670854921
9.76552332936977,0,0.00564706861610557,0,9.76552332936977,0.00564706861610557,0.00564706861610557,0.00564706861610557,0.022210163633412
8.22166390729103,0,0.0200227074138689,0,8.22166390729103,0.0200227074138689,0.0200227074138689,0.0200227074138689,0.0889316774406693
11.7030101268542,0,0.0664031592294417,0,11.7030101268542,0.0664031592294417,0.0664031592294417,0.0664031592294417,0.0318702419669784
7.36539602284415,0,-0.0247872150245361,0,7.36539602284415,-0.0247872150245361,-0.0247872150245361,-0.0247872150245361,0.114121672795408
9.34902839864339,0,-0.0319037471830898,0,9.34902839864339,-0.0319037471830898,-0.0319037471830898,-0.0319037471830898,0.0353702402159913
12.5616640281909,0,0.00441577973083164,0,12.5616640281909,0.00441577973083164,0.00441577973083164,0.00441577973083164,0.0138459086615911
9.90269087384876,0,-0.0238997733934269,0,9.90269087384876,-0.0238997733934269,-0.0238997733934269,-0.0238997733934269,0.140365006537693
10.8363107906744,0,-0.028098390818107,0,10.8363107906744,-0.028098390818107,-0.028098390818107,-0.028098390818107,0.071926050301895
11.7003583105711,0,-0.00186774348468509,0,11.7003583105711,-0.00186774348468509,-0.00186774348468509,-0.00186774348468509,0.00589871207554302
14.1717804897526,0,0.027255899623745,0,14.1717804897526,0.027255899623745,0.027255899623745,0.027255899623745,0.0438772018708798
11.3171115233183,0,-0.0301299566297987,0,11.3171115233183,-0.0301299566297987,-0.0301299566297987,-0.0301299566297987,0.0549217163119364
12.491172371433,0,0.00616174807970621,0,12.491172371433,0.00616174807970621,0.00616174807970621,0.00616174807970621,0.0405245193389735
26.705767275507,0,-0.098143737211913,0,26.705767275507,-0.098143737211913,-0.098143737211913,-0.098143737211913,0.0957453613360952
23.3384346785706,0,0.0173424537425691,0,23.3384346785706,0.0173424537425691,0.0173424537425691,0.0173424537425691,0.0189266195413323
21.0471310356801,0,0.0617673658141888,0,21.0471310356801,0.0617673658141888,0.0617673658141888,0.0617673658141888,0.047052745863464
16.8846431378076,0,0.0592246738975235,0,16.8846431378076,0.0592246738975235,0.0592246738975235,0.0592246738975235,0.0580511049145327
142.027144302285,0,0.0480428181832702,0,142.027144302285,0.0480428181832702,0.0480428181832702,0.0480428181832702,0.0151652887885014
10.8384906759069,0,-0.00221059163205814,0,10.8384906759069,-0.00221059163205814,-0.00221059163205814,-0.00221059163205814,0.0251376149245104
15.3983817607889,0,0.00875331277188317,0,15.3983817607889,0.00875331277188317,0.00875331277188317,0.00875331277188317,0.0553131630412198
14.6925462604222,0,-0.00458452472707301,0,14.6925462604222,-0.00458452472707301,-0.00458452472707301,-0.00458452472707301,0.0444254697733256
12.5310366569707,0,0.0109739413789005,0,12.5310366569707,0.0109739413789005,0.0109739413789005,0.0109739413789005,0.0301771491611757
11.0161041029769,0,-0.0031766917676102,0,11.0161041029769,-0.0031766917676102,-0.0031766917676102,-0.0031766917676102,0.0522005254908412
12.612078023469,0,-0.0597088928688878,0,12.612078023469,-0.0597088928688878,-0.0597088928688878,-0.0597088928688878,0.0322576765582896
27.9381463268887,0,-0.0196646199066465,0,27.9381463268887,-0.0196646199066465,-0.0196646199066465,-0.0196646199066465,0.0266030945529787
28.4056044215739,0,-0.0234835133541325,0,28.4056044215739,-0.0234835133541325,-0.0234835133541325,-0.0234835133541325,0.0460235649191708
13.4368696617468,0,0.0535402362440232,0,13.4368696617468,0.0535402362440232,0.0535402362440232,0.0535402362440232,0.0282079903838013
14.3373106913918,0,-0.0165868652445846,0,14.3373106913918,-0.0165868652445846,-0.0165868652445846,-0.0165868652445846,0.0475684856482902
25.9320346135502,0,-0.0232712391594247,0,25.9320346135502,-0.0232712391594247,-0.0232712391594247,-0.0232712391594247,0.0300519735078187
NA,NA,NA,NA,NA,NA,NA,NA,NA
3.48138260502119,0,-0.0431716232209931,0,3.48138260502119,-0.0431716232209931,-0.0431716232209931,-0.0431716232209931,0.0321818721032191
5.59197431763262,0,-0.0578220526680145,0,5.59197431763262,-0.0578220526680145,-0.0578220526680145,-0.0578220526680145,0.0290843221745671
7.10118523761685,0,-0.0285278978712163,0,7.10118523761685,-0.0285278978712163,-0.0285278978712163,-0.0285278978712163,0.0595492352872805
8.39406695268219,0,0.0167837864563465,0,8.39406695268219,0.0167837864563465,0.0167837864563465,0.0167837864563465,0.0322473662392579
6.68163411954067,0,0.0399525800720857,0,6.68163411954067,0.0399525800720857,0.0399525800720857,0.0399525800720857,0.0632642521725607
10.9419857642508,0,-0.0876235523401562,0,10.9419857642508,-0.0876235523401562,-0.0876235523401562,-0.0876235523401562,0.0336377588977628
9.567453602661,0,-0.0130573193727359,0,9.567453602661,-0.0130573193727359,-0.0130573193727359,-0.0130573193727359,0.0264340771076804
9.56764954052794,0,-0.00578932875863998,0,9.56764954052794,-0.00578932875863998,-0.00578932875863998,-0.00578932875863998,0.0288617279537588
9.58796747981615,0,0.00725905880614161,0,9.58796747981615,0.00725905880614161,0.00725905880614161,0.00725905880614161,0.0422687684348916
10.3415882006709,0,-0.0979591311963027,0,10.3415882006709,-0.0979591311963027,-0.0979591311963027,-0.0979591311963027,0.0379022425227411
9.03381024943225,0,-0.0258591277728825,0,9.03381024943225,-0.0258591277728825,-0.0258591277728825,-0.0258591277728825,0.0210013285642308
7.292171244769,0,0.0214216184583366,0,7.292171244769,0.0214216184583366,0.0214216184583366,0.0214216184583366,0.00787016036700002
10.6567948708008,0,0.0203455428827325,0,10.6567948708008,0.0203455428827325,0.0203455428827325,0.0203455428827325,0.0367174068081082
15.83958844307,0,0.0399832495665445,0,15.83958844307,0.0399832495665445,0.0399832495665445,0.0399832495665445,0.0130470310288665
17.7014293147066,0,0.0234372077444364,0,17.7014293147066,0.0234372077444364,0.0234372077444364,0.0234372077444364,0.0323786122878216
16.016217440795,0,-0.00369944404825601,0,16.016217440795,-0.00369944404825601,-0.00369944404825601,-0.00369944404825601,0.0376637682579198
13.5036026382197,0,0.0260526179813793,0,13.5036026382197,0.0260526179813793,0.0260526179813793,0.0260526179813793,0.0175137052055195
13.9836050997556,0,-0.0596374353307077,0,13.9836050997556,-0.0596374353307077,-0.0596374353307077,-0.0596374353307077,0.0260159424457815
11.3110693140974,0,0.00982781565554414,0,11.3110693140974,0.00982781565554414,0.00982781565554414,0.00982781565554414,0.0152975413868066
20.6083384757102,0,-0.0196913974375486,0,20.6083384757102,-0.0196913974375486,-0.0196913974375486,-0.0196913974375486,0.0564075951702511
12.3671082351961,0,0.0210231372322994,0,12.3671082351961,0.0210231372322994,0.0210231372322994,0.0210231372322994,0.0160828742749283
12.3654554745313,0,-0.0686880413546458,0,12.3654554745313,-0.0686880413546458,-0.0686880413546458,-0.0686880413546458,0.0513325050706189
19.2556223171704,0,0.0285945738844167,0,19.2556223171704,0.0285945738844167,0.0285945738844167,0.0285945738844167,0.0139726523520546
34.7312424253189,0,0.00360906084633839,0,34.7312424253189,0.00360906084633839,0.00360906084633839,0.00360906084633839,0.017575833019559
54.7209102152747,0,0.0196726221291343,0,54.7209102152747,0.0196726221291343,0.0196726221291343,0.0196726221291343,0.0109274670854921
9.76552332936977,0,0.00564706861610557,0,9.76552332936977,0.00564706861610557,0.00564706861610557,0.00564706861610557,0.022210163633412
8.22166390729103,0,0.0200227074138689,0,8.22166390729103,0.0200227074138689,0.0200227074138689,0.0200227074138689,0.0889316774406693
11.7030101268542,0,0.0664031592294417,0,11.7030101268542,0.0664031592294417,0.0664031592294417,0.0664031592294417,0.0318702419669784
7.36539602284415,0,-0.0247872150245361,0,7.36539602284415,-0.0247872150245361,-0.0247872150245361,-0.0247872150245361,0.114121672795408
9.34902839864339,0,-0.0319037471830898,0,9.34902839864339,-0.0319037471830898,-0.0319037471830898,-0.0319037471830898,0.0353702402159913
12.5616640281909,0,0.00441577973083164,0,12.5616640281909,0.00441577973083164,0.00441577973083164,0.00441577973083164,0.0138459086615911
9.90269087384876,0,-0.0238997733934269,0,9.90269087384876,-0.0238997733934269,-0.0238997733934269,-0.0238997733934269,0.140365006537693
10.8363107906744,0,-0.028098390818107,0,10.8363107906744,-0.028098390818107,-0.028098390818107,-0.028098390818107,0.071926050301895
11.7003583105711,0,-0.00186774348468509,0,11.7003583105711,-0.00186774348468509,-0.00186774348468509,-0.00186774348468509,0.00589871207554302
14.1717804897526,0,0.027255899623745,0,14.1717804897526,0.027255899623745,0.027255899623745,0.027255899623745,0.0438772018708798
11.3171115233183,0,-0.0301299566297987,0,11.3171115233183,-0.0301299566297987,-0.0301299566297987,-0.0301299566297987,0.0549217163119364
12.491172371433,0,0.00616174807970621,0,12.491172371433,0.00616174807970621,0.00616174807970621,0.00616174807970621,0.0405245193389735
26.705767275507,0,-0.098143737211913,0,26.705767275507,-0.098143737211913,-0.098143737211913,-0.098143737211913,0.0957453613360952
23.3384346785706,0,0.0173424537425691,0,23.3384346785706,0.0173424537425691,0.0173424537425691,0.0173424537425691,0.0189266195413323
21.0471310356801,0,0.0617673658141888,0,21.0471310356801,0.0617673658141888,0.0617673658141888,0.0617673658141888,0.047052745863464
16.8846431378076,0,0.0592246738975235,0,16.8846431378076,0.0592246738975235,0.0592246738975235,0.0592246738975235,0.0580511049145327
142.027144302285,0,0.0480428181832702,0,142.027144302285,0.0480428181832702,0.0480428181832702,0.0480428181832702,0.0151652887885014
10.8384906759069,0,-0.00221059163205814,0,10.8384906759069,-0.00221059163205814,-0.00221059163205814,-0.00221059163205814,0.0251376149245104
15.3983817607889,0,0.00875331277188317,0,15.3983817607889,0.00875331277188317,0.00875331277188317,0.00875331277188317,0.0553131630412198
14.6925462604222,0,-0.00458452472707301,0,14.6925462604222,-0.00458452472707301,-0.00458452472707301,-0.00458452472707301,0.0444254697733256
12.5310366569707,0,0.0109739413789005,0,12.5310366569707,0.0109739413789005,0.0109739413789005,0.0109739413789005,0.0301771491611757
11.0161041029769,0,-0.0031766917676102,0,11.0161041029769,-0.0031766917676102,-0.0031766917676102,-0.0031766917676102,0.0522005254908412
12.612078023469,0,-0.0597088928688878,0,12.612078023469,-0.0597088928688878,-0.0597088928688878,-0.0597088928688878,0.0322576765582896
27.9381463268887,0,-0.0196646199066465,0,27.9381463268887,-0.0196646199066465,-0.0196646199066465,-0.0196646199066465,0.0266030945529787
28.4056044215739,0,-0.0234835133541325,0,28.4056044215739,-0.0234835133541325,-0.0234835133541325,-0.0234835133541325,0.0460235649191708
13.4368696617468,0,0.0535402362440232,0,13.4368696617468,0.0535402362440232,0.0535402362440232,0.0535402362440232,0.0282079903838013
14.3373106913918,0,-0.0165868652445846,0,14.3373106913918,-0.0165868652445846,-0.0165868652445846,-0.0165868652445846,0.0475684856482902
25.9320346135502,0,-0.0232712391594247,0,25.9320346135502,-0.0232712391594247,-0.0232712391594247,-0.0232712391594247,0.0300519735078187
29.8569190872116,0,0.00862631214416043,0,29.8569190872116,0.00862631214416043,0.00862631214416043,0.00862631214416043,0.0563900556243163
NA,NA,NA,NA,NA,NA,NA,NA,NA
3.48138260502119,0,-0.0431716232209931,0,3.48138260502119,-0.0431716232209931,-0.0431716232209931,-0.0431716232209931,0.0321818721032191
5.59197431763262,0,-0.0578220526680145,0,5.59197431763262,-0.0578220526680145,-0.0578220526680145,-0.0578220526680145,0.0290843221745671
7.10118523761685,0,-0.0285278978712163,0,7.10118523761685,-0.0285278978712163,-0.0285278978712163,-0.0285278978712163,0.0595492352872805
8.39406695268219,0,0.0167837864563465,0,8.39406695268219,0.0167837864563465,0.0167837864563465,0.0167837864563465,0.0322473662392579
6.68163411954067,0,0.0399525800720857,0,6.68163411954067,0.0399525800720857,0.0399525800720857,0.0399525800720857,0.0632642521725607
10.9419857642508,0,-0.0876235523401562,0,10.9419857642508,-0.0876235523401562,-0.0876235523401562,-0.0876235523401562,0.0336377588977628
9.567453602661,0,-0.0130573193727359,0,9.567453602661,-0.0130573193727359,-0.0130573193727359,-0.0130573193727359,0.0264340771076804
9.56764954052794,0,-0.00578932875863998,0,9.56764954052794,-0.00578932875863998,-0.00578932875863998,-0.00578932875863998,0.0288617279537588
9.58796747981615,0,0.00725905880614161,0,9.58796747981615,0.00725905880614161,0.00725905880614161,0.00725905880614161,0.0422687684348916
10.3415882006709,0,-0.0979591311963027,0,10.3415882006709,-0.0979591311963027,-0.0979591311963027,-0.0979591311963027,0.0379022425227411
9.03381024943225,0,-0.0258591277728825,0,9.03381024943225,-0.0258591277728825,-0.0258591277728825,-0.0258591277728825,0.0210013285642308
7.292171244769,0,0.0214216184583366,0,7.292171244769,0.0214216184583366,0.0214216184583366,0.0214216184583366,0.00787016036700002
10.6567948708008,0,0.0203455428827325,0,10.6567948708008,0.0203455428827325,0.0203455428827325,0.0203455428827325,0.0367174068081082
15.83958844307,0,0.0399832495665445,0,15.83958844307,0.0399832495665445,0.0399832495665445,0.0399832495665445,0.0130470310288665
17.7014293147066,0,0.0234372077444364,0,17.7014293147066,0.0234372077444364,0.0234372077444364,0.0234372077444364,0.0323786122878216
16.016217440795,0,-0.00369944404825601,0,16.016217440795,-0.00369944404825601,-0.00369944404825601,-0.00369944404825601,0.0376637682579198
13.5036026382197,0,0.0260526179813793,0,13.5036026382197,0.0260526179813793,0.0260526179813793,0.0260526179813793,0.0175137052055195
13.9836050997556,0,-0.0596374353307077,0,13.9836050997556,-0.0596374353307077,-0.0596374353307077,-0.0596374353307077,0.0260159424457815
11.3110693140974,0,0.00982781565554414,0,11.3110693140974,0.00982781565554414,0.00982781565554414,0.00982781565554414,0.0152975413868066
20.6083384757102,0,-0.0196913974375486,0,20.6083384757102,-0.0196913974375486,-0.0196913974375486,-0.0196913974375486,0.0564075951702511
12.3671082351961,0,0.0210231372322994,0,12.3671082351961,0.0210231372322994,0.0210231372322994,0.0210231372322994,0.0160828742749283
12.3654554745313,0,-0.0686880413546458,0,12.3654554745313,-0.0686880413546458,-0.0686880413546458,-0.0686880413546458,0.0513325050706189
19.2556223171704,0,0.0285945738844167,0,19.2556223171704,0.0285945738844167,0.0285945738844167,0.0285945738844167,0.0139726523520546
34.7312424253189,0,0.00360906084633839,0,34.7312424253189,0.00360906084633839,0.00360906084633839,0.00360906084633839,0.017575833019559
54.7209102152747,0,0.0196726221291343,0,54.7209102152747,0.0196726221291343,0.0196726221291343,0.0196726221291343,0.0109274670854921
9.76552332936977,0,0.00564706861610557,0,9.76552332936977,0.00564706861610557,0.00564706861610557,0.00564706861610557,0.022210163633412
8.22166390729103,0,0.0200227074138689,0,8.22166390729103,0.0200227074138689,0.0200227074138689,0.0200227074138689,0.0889316774406693
11.7030101268542,0,0.0664031592294417,0,11.7030101268542,0.0664031592294417,0.0664031592294417,0.0664031592294417,0.0318702419669784
7.36539602284415,0,-0.0247872150245361,0,7.36539602284415,-0.0247872150245361,-0.0247872150245361,-0.0247872150245361,0.114121672795408
9.34902839864339,0,-0.0319037471830898,0,9.34902839864339,-0.0319037471830898,-0.0319037471830898,-0.0319037471830898,0.0353702402159913
12.5616640281909,0,0.00441577973083164,0,12.5616640281909,0.00441577973083164,0.00441577973083164,0.00441577973083164,0.0138459086615911
9.90269087384876,0,-0.0238997733934269,0,9.90269087384876,-0.0238997733934269,-0.0238997733934269,-0.0238997733934269,0.140365006537693
10.8363107906744,0,-0.028098390818107,0,10.8363107906744,-0.028098390818107,-0.028098390818107,-0.028098390818107,0.071926050301895
11.7003583105711,0,-0.00186774348468509,0,11.7003583105711,-0.00186774348468509,-0.00186774348468509,-0.00186774348468509,0.00589871207554302
14.1717804897526,0,0.027255899623745,0,14.1717804897526,0.027255899623745,0.027255899623745,0.027255899623745,0.0438772018708798
11.3171115233183,0,-0.0301299566297987,0,11.3171115233183,-0.0301299566297987,-0.0301299566297987,-0.0301299566297987,0.0549217163119364
12.491172371433,0,0.00616174807970621,0,12.491172371433,0.00616174807970621,0.00616174807970621,0.00616174807970621,0.0405245193389735
26.705767275507,0,-0.098143737211913,0,26.705767275507,-0.098143737211913,-0.098143737211913,-0.098143737211913,0.0957453613360952
23.3384346785706,0,0.0173424537425691,0,23.3384346785706,0.0173424537425691,0.0173424537425691,0.0173424537425691,0.0189266195413323
21.0471310356801,0,0.0617673658141888,0,21.0471310356801,0.0617673658141888,0.0617673658141888,0.0617673658141888,0.047052745863464
16.8846431378076,0,0.0592246738975235,0,16.8846431378076,0.0592246738975235,0.0592246738975235,0.0592246738975235,0.0580511049145327
142.027144302285,0,0.0480428181832702,0,142.027144302285,0.0480428181832702,0.0480428181832702,0.0480428181832702,0.0151652887885014
10.8384906759069,0,-0.00221059163205814,0,10.8384906759069,-0.00221059163205814,-0.00221059163205814,-0.00221059163205814,0.0251376149245104
15.3983817607889,0,0.00875331277188317,0,15.3983817607889,0.00875331277188317,0.00875331277188317,0.00875331277188317,0.0553131630412198
14.6925462604222,0,-0.00458452472707301,0,14.6925462604222,-0.00458452472707301,-0.00458452472707301,-0.00458452472707301,0.0444254697733256
12.5310366569707,0,0.0109739413789005,0,12.5310366569707,0.0109739413789005,0.0109739413789005,0.0109739413789005,0.0301771491611757
11.0161041029769,0,-0.0031766917676102,0,11.0161041029769,-0.0031766917676102,-0.0031766917676102,-0.0031766917676102,0.0522005254908412
12.612078023469,0,-0.0597088928688878,0,12.612078023469,-0.0597088928688878,-0.0597088928688878,-0.0597088928688878,0.0322576765582896
27.9381463268887,0,-0.0196646199066465,0,27.9381463268887,-0.0196646199066465,-0.0196646199066465,-0.0196646199066465,0.0266030945529787
28.4056044215739,0,-0.0234835133541325,0,28.4056044215739,-0.0234835133541325,-0.0234835133541325,-0.0234835133541325,0.0460235649191708
13.4368696617468,0,0.0535402362440232,0,13.4368696617468,0.0535402362440232,0.0535402362440232,0.0535402362440232,0.0282079903838013
14.3373106913918,0,-0.0165868652445846,0,14.3373106913918,-0.0165868652445846,-0.0165868652445846,-0.0165868652445846,0.0475684856482902
25.9320346135502,0,-0.0232712391594247,0,25.9320346135502,-0.0232712391594247,-0.0232712391594247,-0.0232712391594247,0.0300519735078187
NA,NA,NA,NA,NA,NA,NA,NA,NA
3.48138260502119,0,-0.0431716232209931,0,3.48138260502119,-0.0431716232209931,-0.0431716232209931,-0.0431716232209931,0.0321818721032191
5.59197431763262,0,-0.0578220526680145,0,5.59197431763262,-0.0578220526680145,-0.0578220526680145,-0.0578220526680145,0.0290843221745671
7.10118523761685,0,-0.0285278978712163,0,7.10118523761685,-0.0285278978712163,-0.0285278978712163,-0.0285278978712163,0.0595492352872805
8.39406695268219,0,0.0167837864563465,0,8.39406695268219,0.0167837864563465,0.0167837864563465,0.0167837864563465,0.0322473662392579
6.68163411954067,0,0.0399525800720857,0,6.68163411954067,0.0399525800720857,0.0399525800720857,0.0399525800720857,0.0632642521725607
10.9419857642508,0,-0.0876235523401562,0,10.9419857642508,-0.0876235523401562,-0.0876235523401562,-0.0876235523401562,0.0336377588977628
9.567453602661,0,-0.0130573193727359,0,9.567453602661,-0.0130573193727359,-0.0130573193727359,-0.0130573193727359,0.0264340771076804
9.56764954052794,0,-0.00578932875863998,0,9.56764954052794,-0.00578932875863998,-0.00578932875863998,-0.00578932875863998,0.0288617279537588
9.58796747981615,0,0.00725905880614161,0,9.58796747981615,0.00725905880614161,0.00725905880614161,0.00725905880614161,0.0422687684348916
10.3415882006709,0,-0.0979591311963027,0,10.3415882006709,-0.0979591311963027,-0.0979591311963027,-0.0979591311963027,0.0379022425227411
9.03381024943225,0,-0.0258591277728825,0,9.03381024943225,-0.0258591277728825,-0.0258591277728825,-0.0258591277728825,0.0210013285642308
7.292171244769,0,0.0214216184583366,0,7.292171244769,0.0214216184583366,0.0214216184583366,0.0214216184583366,0.00787016036700002
10.6567948708008,0,0.0203455428827325,0,10.6567948708008,0.0203455428827325,0.0203455428827325,0.0203455428827325,0.0367174068081082
15.83958844307,0,0.0399832495665445,0,15.83958844307,0.0399832495665445,0.0399832495665445,0.0399832495665445,0.0130470310288665
17.7014293147066,0,0.0234372077444364,0,17.7014293147066,0.0234372077444364,0.0234372077444364,0.0234372077444364,0.0323786122878216
16.016217440795,0,-0.00369944404825601,0,16.016217440795,-0.00369944404825601,-0.00369944404825601,-0.00369944404825601,0.0376637682579198
13.5036026382197,0,0.0260526179813793,0,13.5036026382197,0.0260526179813793,0.0260526179813793,0.0260526179813793,0.0175137052055195
13.9836050997556,0,-0.0596374353307077,0,13.9836050997556,-0.0596374353307077,-0.0596374353307077,-0.0596374353307077,0.0260159424457815
11.3110693140974,0,0.00982781565554414,0,11.3110693140974,0.00982781565554414,0.00982781565554414,0.00982781565554414,0.0152975413868066
20.6083384757102,0,-0.0196913974375486,0,20.6083384757102,-0.0196913974375486,-0.0196913974375486,-0.0196913974375486,0.0564075951702511
12.3671082351961,0,0.0210231372322994,0,12.3671082351961,0.0210231372322994,0.0210231372322994,0.0210231372322994,0.0160828742749283
12.3654554745313,0,-0.0686880413546458,0,12.3654554745313,-0.0686880413546458,-0.0686880413546458,-0.0686880413546458,0.0513325050706189
19.2556223171704,0,0.0285945738844167,0,19.2556223171704,0.0285945738844167,0.0285945738844167,0.0285945738844167,0.0139726523520546
34.7312424253189,0,0.00360906084633839,0,34.7312424253189,0.00360906084633839,0.00360906084633839,0.00360906084633839,0.017575833019559
54.7209102152747,0,0.0196726221291343,0,54.7209102152747,0.0196726221291343,0.0196726221291343,0.0196726221291343,0.0109274670854921
9.76552332936977,0,0.00564706861610557,0,9.76552332936977,0.00564706861610557,0.00564706861610557,0.00564706861610557,0.022210163633412
8.22166390729103,0,0.0200227074138689,0,8.22166390729103,0.0200227074138689,0.0200227074138689,0.0200227074138689,0.0889316774406693
11.7030101268542,0,0.0664031592294417,0,11.7030101268542,0.0664031592294417,0.0664031592294417,0.0664031592294417,0.0318702419669784
7.36539602284415,0,-0.0247872150245361,0,7.36539602284415,-0.0247872150245361,-0.0247872150245361,-0.0247872150245361,0.114121672795408
9.34902839864339,0,-0.0319037471830898,0,9.34902839864339,-0.0319037471830898,-0.0319037471830898,-0.0319037471830898,0.0353702402159913
12.5616640281909,0,0.00441577973083164,0,12.5616640281909,0.00441577973083164,0.00441577973083164,0.00441577973083164,0.0138459086615911
9.90269087384876,0,-0.0238997733934269,0,9.90269087384876,-0.0238997733934269,-0.0238997733934269,-0.0238997733934269,0.140365006537693
10.8363107906744,0,-0.028098390818107,0,10.8363107906744,-0.028098390818107,-0.028098390818107,-0.028098390818107,0.071926050301895
11.7003583105711,0,-0.00186774348468509,0,11.7003583105711,-0.00186774348468509,-0.00186774348468509,-0.00186774348468509,0.00589871207554302
14.1717804897526,0,0.027255899623745,0,14.1717804897526,0.027255899623745,0.027255899623745,0.027255899623745,0.0438772018708798
11.3171115233183,0,-0.0301299566297987,0,11.3171115233183,-0.0301299566297987,-0.0301299566297987,-0.0301299566297987,0.0549217163119364
12.491172371433,0,0.00616174807970621,0,12.491172371433,0.00616174807970621,0.00616174807970621,0.00616174807970621,0.0405245193389735
26.705767275507,0,-0.098143737211913,0,26.705767275507,-0.098143737211913,-0.098143737211913,-0.098143737211913,0.0957453613360952
23.3384346785706,0,0.0173424537425691,0,23.3384346785706,0.0173424537425691,0.0173424537425691,0.0173424537425691,0.0189266195413323
21.0471310356801,0,0.0617673658141888,0,21.0471310356801,0.0617673658141888,0.0617673658141888,0.0617673658141888,0.047052745863464
16.8846431378076,0,0.0592246738975235,0,16.8846431378076,0.0592246738975235,0.0592246738975235,0.0592246738975235,0.0580511049145327
142.027144302285,0,0.0480428181832702,0,142.027144302285,0.0480428181832702,0.0480428181832702,0.0480428181832702,0.0151652887885014
10.8384906759069,0,-0.00221059163205814,0,10.8384906759069,-0.00221059163205814,-0.00221059163205814,-0.00221059163205814,0.0251376149245104
15.3983817607889,0,0.00875331277188317,0,15.3983817607889,0.00875331277188317,0.00875331277188317,0.00875331277188317,0.0553131630412198
14.6925462604222,0,-0.00458452472707301,0,14.6925462604222,-0.00458452472707301,-0.00458452472707301,-0.00458452472707301,0.0444254697733256
12.5310366569707,0,0.0109739413789005,0,12.5310366569707,0.0109739413789005,0.0109739413789005,0.0109739413789005,0.0301771491611757
11.0161041029769,0,-0.0031766917676102,0,11.0161041029769,-0.0031766917676102,-0.0031766917676102,-0.0031766917676102,0.0522005254908412
12.612078023469,0,-0.0597088928688878,0,12.612078023469,-0.0597088928688878,-0.0597088928688878,-0.0597088928688878,0.0322576765582896
27.9381463268887,0,-0.0196646199066465,0,27.9381463268887,-0.0196646199066465,-0.0196646199066465,-0.0196646199066465,0.0266030945529787
28.4056044215739,0,-0.0234835133541325,0,28.4056044215739,-0.0234835133541325,-0.0234835133541325,-0.0234835133541325,0.0460235649191708
13.4368696617468,0,0.0535402362440232,0,13.4368696617468,0.0535402362440232,0.0535402362440232,0.0535402362440232,0.0282079903838013
14.3373106913918,0,-0.0165868652445846,0,14.3373106913918,-0.0165868652445846,-0.0165868652445846,-0.0165868652445846,0.0475684856482902
25.9320346135502,0,-0.0232712391594247,0,25.9320346135502,-0.0232712391594247,-0.0232712391594247,-0.0232712391594247,0.0300519735078187
NA,NA,NA,NA,NA,NA,NA,NA,NA
3.48138260502119,0,-0.0431716232209931,0,3.48138260502119,-0.0431716232209931,-0.0431716232209931,-0.0431716232209931,0.0321818721032191
5.59197431763262,0,-0.0578220526680145,0,5.59197431763262,-0.0578220526680145,-0.0578220526680145,-0.0578220526680145,0.0290843221745671
7.10118523761685,0,-0.0285278978712163,0,7.10118523761685,-0.0285278978712163,-0.0285278978712163,-0.0285278978712163,0.0595492352872805
8.39406695268219,0,0.0167837864563465,0,8.39406695268219,0.0167837864563465,0.0167837864563465,0.0167837864563465,0.0322473662392579
6.68163411954067,0,0.0399525800720857,0,6.68163411954067,0.0399525800720857,0.0399525800720857,0.0399525800720857,0.0632642521725607
10.9419857642508,0,-0.0876235523401562,0,10.9419857642508,-0.0876235523401562,-0.0876235523401562,-0.0876235523401562,0.0336377588977628
9.567453602661,0,-0.0130573193727359,0,9.567453602661,-0.0130573193727359,-0.0130573193727359,-0.0130573193727359,0.0264340771076804
9.56764954052794,0,-0.00578932875863998,0,9.56764954052794,-0.00578932875863998,-0.00578932875863998,-0.00578932875863998,0.0288617279537588
9.58796747981615,0,0.00725905880614161,0,9.58796747981615,0.00725905880614161,0.00725905880614161,0.00725905880614161,0.0422687684348916
10.3415882006709,0,-0.0979591311963027,0,10.3415882006709,-0.0979591311963027,-0.0979591311963027,-0.0979591311963027,0.0379022425227411
9.03381024943225,0,-0.0258591277728825,0,9.03381024943225,-0.0258591277728825,-0.0258591277728825,-0.0258591277728825,0.0210013285642308
7.292171244769,0,0.0214216184583366,0,7.292171244769,0.0214216184583366,0.0214216184583366,0.0214216184583366,0.00787016036700002
10.6567948708008,0,0.0203455428827325,0,10.6567948708008,0.0203455428827325,0.0203455428827325,0.0203455428827325,0.0367174068081082
15.83958844307,0,0.0399832495665445,0,15.83958844307,0.0399832495665445,0.0399832495665445,0.0399832495665445,0.0130470310288665
17.7014293147066,0,0.0234372077444364,0,17.7014293147066,0.0234372077444364,0.0234372077444364,0.0234372077444364,0.0323786122878216
16.016217440795,0,-0.00369944404825601,0,16.016217440795,-0.00369944404825601,-0.00369944404825601,-0.00369944404825601,0.0376637682579198
13.5036026382197,0,0.0260526179813793,0,13.5036026382197,0.0260526179813793,0.0260526179813793,0.0260526179813793,0.0175137052055195
13.9836050997556,0,-0.0596374353307077,0,13.9836050997556,-0.0596374353307077,-0.0596374353307077,-0.0596374353307077,0.0260159424457815
11.3110693140974,0,0.00982781565554414,0,11.3110693140974,0.00982781565554414,0.00982781565554414,0.00982781565554414,0.0152975413868066
20.6083384757102,0,-0.0196913974375486,0,20.6083384757102,-0.0196913974375486,-0.0196913974375486,-0.0196913974375486,0.0564075951702511
12.3671082351961,0,0.0210231372322994,0,12.3671082351961,0.0210231372322994,0.0210231372322994,0.0210231372322994,0.0160828742749283
12.3654554745313,0,-0.0686880413546458,0,12.3654554745313,-0.0686880413546458,-0.0686880413546458,-0.0686880413546458,0.0513325050706189
19.2556223171704,0,0.0285945738844167,0,19.2556223171704,0.0285945738844167,0.0285945738844167,0.0285945738844167,0.0139726523520546
34.7312424253189,0,0.00360906084633839,0,34.7312424253189,0.00360906084633839,0.00360906084633839,0.00360906084633839,0.017575833019559
54.7209102152747,0,0.0196726221291343,0,54.7209102152747,0.0196726221291343,0.0196726221291343,0.0196726221291343,0.0109274670854921
9.76552332936977,0,0.00564706861610557,0,9.76552332936977,0.00564706861610557,0.00564706861610557,0.00564706861610557,0.022210163633412
8.22166390729103,0,0.0200227074138689,0,8.22166390729103,0.0200227074138689,0.0200227074138689,0.0200227074138689,0.0889316774406693
11.7030101268542,0,0.0664031592294417,0,11.7030101268542,0.0664031592294417,0.0664031592294417,0.0664031592294417,0.0318702419669784
7.36539602284415,0,-0.0247872150245361,0,7.36539602284415,-0.0247872150245361,-0.0247872150245361,-0.0247872150245361,0.114121672795408
9.34902839864339,0,-0.0319037471830898,0,9.34902839864339,-0.0319037471830898,-0.0319037471830898,-0.0319037471830898,0.0353702402159913
12.5616640281909,0,0.00441577973083164,0,12.5616640281909,0.00441577973083164,0.00441577973083164,0.00441577973083164,0.0138459086615911
9.90269087384876,0,-0.0238997733934269,0,9.90269087384876,-0.0238997733934269,-0.0238997733934269,-0.0238997733934269,0.140365006537693
10.8363107906744,0,-0.028098390818107,0,10.8363107906744,-0.028098390818107,-0.028098390818107,-0.028098390818107,0.071926050301895
11.7003583105711,0,-0.00186774348468509,0,11.7003583105711,-0.00186774348468509,-0.00186774348468509,-0.00186774348468509,0.00589871207554302
14.1717804897526,0,0.027255899623745,0,14.1717804897526,0.027255899623745,0.027255899623745,0.027255899623745,0.0438772018708798
11.3171115233183,0,-0.0301299566297987,0,11.3171115233183,-0.0301299566297987,-0.0301299566297987,-0.0301299566297987,0.0549217163119364
12.491172371433,0,0.00616174807970621,0,12.491172371433,0.00616174807970621,0.00616174807970621,0.00616174807970621,0.0405245193389735
26.705767275507,0,-0.098143737211913,0,26.705767275507,-0.098143737211913,-0.098143737211913,-0.098143737211913,0.0957453613360952
23.3384346785706,0,0.0173424537425691,0,23.3384346785706,0.0173424537425691,0.0173424537425691,0.0173424537425691,0.0189266195413323
21.0471310356801,0,0.0617673658141888,0,21.0471310356801,0.0617673658141888,0.0617673658141888,0.0617673658141888,0.047052745863464
16.8846431378076,0,0.0592246738975235,0,16.8846431378076,0.0592246738975235,0.0592246738975235,0.0592246738975235,0.0580511049145327
142.027144302285,0,0.0480428181832702,0,142.027144302285,0.0480428181832702,0.0480428181832702,0.0480428181832702,0.0151652887885014
10.8384906759069,0,-0.00221059163205814,0,10.8384906759069,-0.00221059163205814,-0.00221059163205814,-0.00221059163205814,0.0251376149245104
15.3983817607889,0,0.00875331277188317,0,15.3983817607889,0.00875331277188317,0.00875331277188317,0.00875331277188317,0.0553131630412198
14.6925462604222,0,-0.00458452472707301,0,14.6925462604222,-0.00458452472707301,-0.00458452472707301,-0.00458452472707301,0.0444254697733256
12.5310366569707,0,0.0109739413789005,0,12.5310366569707,0.0109739413789005,0.0109739413789005,0.0109739413789005,0.0301771491611757
11.0161041029769,0,-0.0031766917676102,0,11.0161041029769,-0.0031766917676102,-0.0031766917676102,-0.0031766917676102,0.0522005254908412
12.612078023469,0,-0.0597088928688878,0,12.612078023469,-0.0597088928688878,-0.0597088928688878,-0.0597088928688878,0.0322576765582896
27.9381463268887,0,-0.0196646199066465,0,27.9381463268887,-0.0196646199066465,-0.0196646199066465,-0.0196646199066465,0.0266030945529787
28.4056044215739,0,-0.0234835133541325,0,28.4056044215739,-0.0234835133541325,-0.0234835133541325,-0.0234835133541325,0.0460235649191708
13.4368696617468,0,0.0535402362440232,0,13.4368696617468,0.0535402362440232,0.0535402362440232,0.0535402362440232,0.0282079903838013
14.3373106913918,0,-0.0165868652445846,0,14.3373106913918,-0.0165868652445846,-0.0165868652445846,-0.0165868652445846,0.0475684856482902
25.9320346135502,0,-0.0232712391594247,0,25.9320346135502,-0.0232712391594247,-0.0232712391594247,-0.0232712391594247,0.0300519735078187
NA,NA,NA,NA,NA,NA,NA,NA,NA
3.48138260502119,0,-0.0431716232209931,0,3.48138260502119,-0.0431716232209931,-0.0431716232209931,-0.0431716232209931,0.0321818721032191
5.59197431763262,0,-0.0578220526680145,0,5.59197431763262,-0.0578220526680145,-0.0578220526680145,-0.0578220526680145,0.0290843221745671
7.10118523761685,0,-0.0285278978712163,0,7.10118523761685,-0.0285278978712163,-0.0285278978712163,-0.0285278978712163,0.0595492352872805
8.39406695268219,0,0.0167837864563465,0,8.39406695268219,0.0167837864563465,0.0167837864563465,0.0167837864563465,0.0322473662392579
6.68163411954067,0,0.0399525800720857,0,6.68163411954067,0.0399525800720857,0.0399525800720857,0.0399525800720857,0.0632642521725607
10.9419857642508,0,-0.0876235523401562,0,10.9419857642508,-0.0876235523401562,-0.0876235523401562,-0.0876235523401562,0.0336377588977628
9.567453602661,0,-0.0130573193727359,0,9.567453602661,-0.0130573193727359,-0.0130573193727359,-0.0130573193727359,0.0264340771076804
9.56764954052794,0,-0.00578932875863998,0,9.56764954052794,-0.00578932875863998,-0.00578932875863998,-0.00578932875863998,0.0288617279537588
9.58796747981615,0,0.00725905880614161,0,9.58796747981615,0.00725905880614161,0.00725905880614161,0.00725905880614161,0.0422687684348916
10.3415882006709,0,-0.0979591311963027,0,10.3415882006709,-0.0979591311963027,-0.0979591311963027,-0.0979591311963027,0.0379022425227411
9.03381024943225,0,-0.0258591277728825,0,9.03381024943225,-0.0258591277728825,-0.0258591277728825,-0.0258591277728825,0.0210013285642308
7.292171244769,0,0.0214216184583366,0,7.292171244769,0.0214216184583366,0.0214216184583366,0.0214216184583366,0.00787016036700002
10.6567948708008,0,0.0203455428827325,0,10.6567948708008,0.0203455428827325,0.0203455428827325,0.0203455428827325,0.0367174068081082
15.83958844307,0,0.0399832495665445,0,15.83958844307,0.0399832495665445,0.0399832495665445,0.0399832495665445,0.0130470310288665
17.7014293147066,0,0.0234372077444364,0,17.7014293147066,0.0234372077444364,0.0234372077444364,0.0234372077444364,0.0323786122878216
16.016217440795,0,-0.00369944404825601,0,16.016217440795,-0.00369944404825601,-0.00369944404825601,-0.00369944404825601,0.0376637682579198
13.5036026382197,0,0.0260526179813793,0,13.5036026382197,0.0260526179813793,0.0260526179813793,0.0260526179813793,0.0175137052055195
13.9836050997556,0,-0.0596374353307077,0,13.9836050997556,-0.0596374353307077,-0.0596374353307077,-0.0596374353307077,0.0260159424457815
11.3110693140974,0,0.00982781565554414,0,11.3110693140974,0.00982781565554414,0.00982781565554414,0.00982781565554414,0.0152975413868066
20.6083384757102,0,-0.0196913974375486,0,20.6083384757102,-0.0196913974375486,-0.0196913974375486,-0.0196913974375486,0.0564075951702511
12.3671082351961,0,0.0210231372322994,0,12.3671082351961,0.0210231372322994,0.0210231372322994,0.0210231372322994,0.0160828742749283
12.3654554745313,0,-0.0686880413546458,0,12.3654554745313,-0.0686880413546458,-0.0686880413546458,-0.0686880413546458,0.0513325050706189
19.2556223171704,0,0.0285945738844167,0,19.2556223171704,0.0285945738844167,0.0285945738844167,0.0285945738844167,0.0139726523520546
34.7312424253189,0,0.00360906084633839,0,34.7312424253189,0.00360906084633839,0.00360906084633839,0.00360906084633839,0.017575833019559
54.7209102152747,0,0.0196726221291343,0,54.7209102152747,0.0196726221291343,0.0196726221291343,0.0196726221291343,0.0109274670854921
9.76552332936977,0,0.00564706861610557,0,9.76552332936977,0.00564706861610557,0.00564706861610557,0.00564706861610557,0.022210163633412
8.22166390729103,0,0.0200227074138689,0,8.22166390729103,0.0200227074138689,0.0200227074138689,0.0200227074138689,0.0889316774406693
11.7030101268542,0,0.0664031592294417,0,11.7030101268542,0.0664031592294417,0.0664031592294417,0.0664031592294417,0.0318702419669784
7.36539602284415,0,-0.0247872150245361,0,7.36539602284415,-0.0247872150245361,-0.0247872150245361,-0.0247872150245361,0.114121672795408
9.34902839864339,0,-0.0319037471830898,0,9.34902839864339,-0.0319037471830898,-0.0319037471830898,-0.0319037471830898,0.0353702402159913
12.5616640281909,0,0.00441577973083164,0,12.5616640281909,0.00441577973083164,0.00441577973083164,0.00441577973083164,0.0138459086615911
9.90269087384876,0,-0.0238997733934269,0,9.90269087384876,-0.0238997733934269,-0.0238997733934269,-0.0238997733934269,0.140365006537693
10.8363107906744,0,-0.028098390818107,0,10.8363107906744,-0.028098390818107,-0.028098390818107,-0.028098390818107,0.071926050301895
11.7003583105711,0,-0.00186774348468509,0,11.7003583105711,-0.00186774348468509,-0.00186774348468509,-0.00186774348468509,0.00589871207554302
14.1717804897526,0,0.027255899623745,0,14.1717804897526,0.027255899623745,0.027255899623745,0.027255899623745,0.0438772018708798
11.3171115233183,0,-0.0301299566297987,0,11.3171115233183,-0.0301299566297987,-0.0301299566297987,-0.0301299566297987,0.0549217163119364
12.491172371433,0,0.00616174807970621,0,12.491172371433,0.00616174807970621,0.00616174807970621,0.00616174807970621,0.0405245193389735
26.705767275507,0,-0.098143737211913,0,26.705767275507,-0.098143737211913,-0.098143737211913,-0.098143737211913,0.0957453613360952
23.3384346785706,0,0.0173424537425691,0,23.3384346785706,0.0173424537425691,0.0173424537425691,0.0173424537425691,0.0189266195413323
21.0471310356801,0,0.0617673658141888,0,21.0471310356801,0.0617673658141888,0.0617673658141888,0.0617673658141888,0.047052745863464
16.8846431378076,0,0.0592246738975235,0,16.8846431378076,0.0592246738975235,0.0592246738975235,0.0592246738975235,0.0580511049145327
142.027144302285,0,0.0480428181832702,0,142.027144302285,0.0480428181832702,0.0480428181832702,0.0480428181832702,0.0151652887885014
10.8384906759069,0,-0.00221059163205814,0,10.8384906759069,-0.00221059163205814,-0.00221059163205814,-0.00221059163205814,0.0251376149245104
15.3983817607889,0,0.00875331277188317,0,15.3983817607889,0.00875331277188317,0.00875331277188317,0.00875331277188317,0.0553131630412198
14.6925462604222,0,-0.00458452472707301,0,14.6925462604222,-0.00458452472707301,-0.00458452472707301,-0.00458452472707301,0.0444254697733256
12.5310366569707,0,0.0109739413789005,0,12.5310366569707,0.0109739413789005,0.0109739413789005,0.0109739413789005,0.0301771491611757
11.0161041029769,0,-0.0031766917676102,0,11.0161041029769,-0.0031766917676102,-0.0031766917676102,-0.0031766917676102,0.0522005254908412
12.612078023469,0,-0.0597088928688878,0,12.612078023469,-0.0597088928688878,-0.0597088928688878,-0.0597088928688878,0.0322576765582896
27.9381463268887,0,-0.0196646199066465,0,27.9381463268887,-0.0196646199066465,-0.0196646199066465,-0.0196646199066465,0.0266030945529787
28.4056044215739,0,-0.0234835133541325,0,28.4056044215739,-0.0234835133541325,-0.0234835133541325,-0.0234835133541325,0.0460235649191708
13.4368696617468,0,0.0535402362440232,0,13.4368696617468,0.0535402362440232,0.0535402362440232,0.0535402362440232,0.0282079903838013
14.3373106913918,0,-0.0165868652445846,0,14.3373106913918,-0.0165868652445846,-0.0165868652445846,-0.0165868652445846,0.0475684856482902
25.9320346135502,0,-0.0232712391594247,0,25.9320346135502,-0.0232712391594247,-0.0232712391594247,-0.0232712391594247,0.0300519735078187
NA,NA,NA,NA,NA,NA,NA,NA,NA
3.48138260502119,0,-0.0431716232209931,0,3.48138260502119,-0.0431716232209931,-0.0431716232209931,-0.0431716232209931,0.0321818721032191
5.59197431763262,0,-0.0578220526680145,0,5.59197431763262,-0.0578220526680145,-0.0578220526680145,-0.0578220526680145,0.0290843221745671
7.10118523761685,0,-0.0285278978712163,0,7.10118523761685,-0.0285278978712163,-0.0285278978712163,-0.0285278978712163,0.0595492352872805
8.39406695268219,0,0.0167837864563465,0,8.39406695268219,0.0167837864563465,0.0167837864563465,0.0167837864563465,0.0322473662392579
6.68163411954067,0,0.0399525800720857,0,6.68163411954067,0.0399525800720857,0.0399525800720857,0.0399525800720857,0.0632642521725607
10.9419857642508,0,-0.0876235523401562,0,10.9419857642508,-0.0876235523401562,-0.0876235523401562,-0.0876235523401562,0.0336377588977628
9.567453602661,0,-0.0130573193727359,0,9.567453602661,-0.0130573193727359,-0.0130573193727359,-0.0130573193727359,0.0264340771076804
9.56764954052794,0,-0.00578932875863998,0,9.56764954052794,-0.00578932875863998,-0.00578932875863998,-0.00578932875863998,0.0288617279537588
9.58796747981615,0,0.00725905880614161,0,9.58796747981615,0.00725905880614161,0.00725905880614161,0.00725905880614161,0.0422687684348916
10.3415882006709,0,-0.0979591311963027,0,10.3415882006709,-0.0979591311963027,-0.0979591311963027,-0.0979591311963027,0.0379022425227411
9.03381024943225,0,-0.0258591277728825,0,9.03381024943225,-0.0258591277728825,-0.0258591277728825,-0.0258591277728825,0.0210013285642308
7.292171244769,0,0.0214216184583366,0,7.292171244769,0.0214216184583366,0.0214216184583366,0.0214216184583366,0.00787016036700002
10.6567948708008,0,0.0203455428827325,0,10.6567948708008,0.0203455428827325,0.0203455428827325,0.0203455428827325,0.0367174068081082
15.83958844307,0,0.0399832495665445,0,15.83958844307,0.0399832495665445,0.0399832495665445,0.0399832495665445,0.0130470310288665
17.7014293147066,0,0.0234372077444364,0,17.7014293147066,0.0234372077444364,0.0234372077444364,0.0234372077444364,0.0323786122878216
16.016217440795,0,-0.00369944404825601,0,16.016217440795,-0.00369944404825601,-0.00369944404825601,-0.00369944404825601,0.0376637682579198
13.5036026382197,0,0.0260526179813793,0,13.5036026382197,0.0260526179813793,0.0260526179813793,0.0260526179813793,0.0175137052055195
13.9836050997556,0,-0.0596374353307077,0,13.9836050997556,-0.0596374353307077,-0.0596374353307077,-0.0596374353307077,0.0260159424457815
11.3110693140974,0,0.00982781565554414,0,11.3110693140974,0.00982781565554414,0.00982781565554414,0.00982781565554414,0.0152975413868066
20.6083384757102,0,-0.0196913974375486,0,20.6083384757102,-0.0196913974375486,-0.0196913974375486,-0.0196913974375486,0.0564075951702511
12.3671082351961,0,0.0210231372322994,0,12.3671082351961,0.0210231372322994,0.0210231372322994,0.0210231372322994,0.0160828742749283
12.3654554745313,0,-0.0686880413546458,0,12.3654554745313,-0.0686880413546458,-0.0686880413546458,-0.0686880413546458,0.0513325050706189
19.2556223171704,0,0.0285945738844167,0,19.2556223171704,0.0285945738844167,0.0285945738844167,0.0285945738844167,0.0139726523520546
34.7312424253189,0,0.00360906084633839,0,34.7312424253189,0.00360906084633839,0.00360906084633839,0.00360906084633839,0.017575833019559
54.7209102152747,0,0.0196726221291343,0,54.7209102152747,0.0196726221291343,0.0196726221291343,0.0196726221291343,0.0109274670854921
9.76552332936977,0,0.00564706861610557,0,9.76552332936977,0.00564706861610557,0.00564706861610557,0.00564706861610557,0.022210163633412
8.22166390729103,0,0.0200227074138689,0,8.22166390729103,0.0200227074138689,0.0200227074138689,0.0200227074138689,0.0889316774406693
11.7030101268542,0,0.0664031592294417,0,11.7030101268542,0.0664031592294417,0.0664031592294417,0.0664031592294417,0.0318702419669784
7.36539602284415,0,-0.0247872150245361,0,7.36539602284415,-0.0247872150245361,-0.0247872150245361,-0.0247872150245361,0.114121672795408
9.34902839864339,0,-0.0319037471830898,0,9.34902839864339,-0.0319037471830898,-0.0319037471830898,-0.0319037471830898,0.0353702402159913
12.5616640281909,0,0.00441577973083164,0,12.5616640281909,0.00441577973083164,0.00441577973083164,0.00441577973083164,0.0138459086615911
9.90269087384876,0,-0.0238997733934269,0,9.90269087384876,-0.0238997733934269,-0.0238997733934269,-0.0238997733934269,0.140365006537693
10.8363107906744,0,-0.028098390818107,0,10.8363107906744,-0.028098390818107,-0.028098390818107,-0.028098390818107,0.071926050301895
11.7003583105711,0,-0.00186774348468509,0,11.7003583105711,-0.00186774348468509,-0.00186774348468509,-0.00186774348468509,0.00589871207554302
14.1717804897526,0,0.027255899623745,0,14.1717804897526,0.027255899623745,0.027255899623745,0.027255899623745,0.0438772018708798
11.3171115233183,0,-0.0301299566297987,0,11.3171115233183,-0.0301299566297987,-0.0301299566297987,-0.0301299566297987,0.0549217163119364
12.491172371433,0,0.00616174807970621,0,12.491172371433,0.00616174807970621,0.00616174807970621,0.00616174807970621,0.0405245193389735
26.705767275507,0,-0.098143737211913,0,26.705767275507,-0.098143737211913,-0.098143737211913,-0.098143737211913,0.0957453613360952
23.3384346785706,0,0.0173424537425691,0,23.3384346785706,0.0173424537425691,0.0173424537425691,0.0173424537425691,0.0189266195413323
21.0471310356801,0,0.0617673658141888,0,21.0471310356801,0.0617673658141888,0.0617673658141888,0.0617673658141888,0.047052745863464
16.8846431378076,0,0.0592246738975235,0,16.8846431378076,0.0592246738975235,0.0592246738975235,0.0592246738975235,0.0580511049145327
142.027144302285,0,0.0480428181832702,0,142.027144302285,0.0480428181832702,0.0480428181832702,0.0480428181832702,0.0151652887885014
10.8384906759069,0,-0.00221059163205814,0,10.8384906759069,-0.00221059163205814,-0.00221059163205814,-0.00221059163205814,0.0251376149245104
15.3983817607889,0,0.00875331277188317,0,15.3983817607889,0.00875331277188317,0.00875331277188317,0.00875331277188317,0.0553131630412198
14.6925462604222,0,-0.00458452472707301,0,14.6925462604222,-0.00458452472707301,-0.00458452472707301,-0.00458452472707301,0.0444254697733256
12.5310366569707,0,0.0109739413789005,0,12.5310366569707,0.0109739413789005,0.0109739413789005,0.0109739413789005,0.0301771491611757
11.0161041029769,0,-0.0031766917676102,0,11.0161041029769,-0.0031766917676102,-0.0031766917676102,-0.0031766917676102,0.0522005254908412
12.612078023469,0,-0.0597088928688878,0,12.612078023469,-0.0597088928688878,-0.0597088928688878,-0.0597088928688878,0.0322576765582896
27.9381463268887,0,-0.0196646199066465,0,27.9381463268887,-0.0196646199066465,-0.0196646199066465,-0.0196646199066465,0.0266030945529787
28.4056044215739,0,-0.0234835133541325,0,28.4056044215739,-0.0234835133541325,-0.0234835133541325,-0.0234835133541325,0.0460235649191708
13.4368696617468,0,0.0535402362440232,0,13.4368696617468,0.0535402362440232,0.0535402362440232,0.0535402362440232,0.0282079903838013
14.3373106913918,0,-0.0165868652445846,0,14.3373106913918,-0.0165868652445846,-0.0165868652445846,-0.0165868652445846,0.0475684856482902
25.9320346135502,0,-0.0232712391594247,0,25.9320346135502,-0.0232712391594247,-0.0232712391594247,-0.0232712391594247,0.0300519735078187
NA,NA,NA,NA,NA,NA,NA,NA,NA
3.48138260502119,0,-0.0431716232209931,0,3.48138260502119,-0.0431716232209931,-0.0431716232209931,-0.0431716232209931,0.0321818721032191
5.59197431763262,0,-0.0578220526680145,0,5.59197431763262,-0.0578220526680145,-0.0578220526680145,-0.0578220526680145,0.0290843221745671
7.10118523761685,0,-0.0285278978712163,0,7.10118523761685,-0.0285278978712163,-0.0285278978712163,-0.0285278978712163,0.0595492352872805
8.39406695268219,0,0.0167837864563465,0,8.39406695268219,0.0167837864563465,0.0167837864563465,0.0167837864563465,0.0322473662392579
6.68163411954067,0,0.0399525800720857,0,6.68163411954067,0.0399525800720857,0.0399525800720857,0.0399525800720857,0.0632642521725607
10.9419857642508,0,-0.0876235523401562,0,10.9419857642508,-0.0876235523401562,-0.0876235523401562,-0.0876235523401562,0.0336377588977628
9.567453602661,0,-0.0130573193727359,0,9.567453602661,-0.0130573193727359,-0.0130573193727359,-0.0130573193727359,0.0264340771076804
9.56764954052794,0,-0.00578932875863998,0,9.56764954052794,-0.00578932875863998,-0.00578932875863998,-0.00578932875863998,0.0288617279537588
9.58796747981615,0,0.00725905880614161,0,9.58796747981615,0.00725905880614161,0.00725905880614161,0.00725905880614161,0.0422687684348916
10.3415882006709,0,-0.0979591311963027,0,10.3415882006709,-0.0979591311963027,-0.0979591311963027,-0.0979591311963027,0.0379022425227411
9.03381024943225,0,-0.0258591277728825,0,9.03381024943225,-0.0258591277728825,-0.0258591277728825,-0.0258591277728825,0.0210013285642308
7.292171244769,0,0.0214216184583366,0,7.292171244769,0.0214216184583366,0.0214216184583366,0.0214216184583366,0.00787016036700002
10.6567948708008,0,0.0203455428827325,0,10.6567948708008,0.0203455428827325,0.0203455428827325,0.0203455428827325,0.0367174068081082
15.83958844307,0,0.0399832495665445,0,15.83958844307,0.0399832495665445,0.0399832495665445,0.0399832495665445,0.0130470310288665
17.7014293147066,0,0.0234372077444364,0,17.7014293147066,0.0234372077444364,0.0234372077444364,0.0234372077444364,0.0323786122878216
16.016217440795,0,-0.00369944404825601,0,16.016217440795,-0.00369944404825601,-0.00369944404825601,-0.00369944404825601,0.0376637682579198
13.5036026382197,0,0.0260526179813793,0,13.5036026382197,0.0260526179813793,0.0260526179813793,0.0260526179813793,0.0175137052055195
13.9836050997556,0,-0.0596374353307077,0,13.9836050997556,-0.0596374353307077,-0.0596374353307077,-0.0596374353307077,0.0260159424457815
11.3110693140974,0,0.00982781565554414,0,11.3110693140974,0.00982781565554414,0.00982781565554414,0.00982781565554414,0.0152975413868066
20.6083384757102,0,-0.0196913974375486,0,20.6083384757102,-0.0196913974375486,-0.0196913974375486,-0.0196913974375486,0.0564075951702511
12.3671082351961,0,0.0210231372322994,0,12.3671082351961,0.0210231372322994,0.0210231372322994,0.0210231372322994,0.0160828742749283
12.3654554745313,0,-0.0686880413546458,0,12.3654554745313,-0.0686880413546458,-0.0686880413546458,-0.0686880413546458,0.0513325050706189
19.2556223171704,0,0.0285945738844167,0,19.2556223171704,0.0285945738844167,0.0285945738844167,0.0285945738844167,0.0139726523520546
34.7312424253189,0,0.00360906084633839,0,34.7312424253189,0.00360906084633839,0.00360906084633839,0.00360906084633839,0.017575833019559
54.7209102152747,0,0.0196726221291343,0,54.7209102152747,0.0196726221291343,0.0196726221291343,0.0196726221291343,0.0109274670854921
9.76552332936977,0,0.00564706861610557,0,9.76552332936977,0.00564706861610557,0.00564706861610557,0.00564706861610557,0.022210163633412
8.22166390729103,0,0.0200227074138689,0,8.22166390729103,0.0200227074138689,0.0200227074138689,0.0200227074138689,0.0889316774406693
11.7030101268542,0,0.0664031592294417,0,11.7030101268542,0.0664031592294417,0.0664031592294417,0.0664031592294417,0.0318702419669784
7.36539602284415,0,-0.0247872150245361,0,7.36539602284415,-0.0247872150245361,-0.0247872150245361,-0.0247872150245361,0.114121672795408
9.34902839864339,0,-0.0319037471830898,0,9.34902839864339,-0.0319037471830898,-0.0319037471830898,-0.0319037471830898,0.0353702402159913
12.5616640281909,0,0.00441577973083164,0,12.5616640281909,0.00441577973083164,0.00441577973083164,0.00441577973083164,0.0138459086615911
9.90269087384876,0,-0.0238997733934269,0,9.90269087384876,-0.0238997733934269,-0.0238997733934269,-0.0238997733934269,0.140365006537693
10.8363107906744,0,-0.028098390818107,0,10.8363107906744,-0.028098390818107,-0.028098390818107,-0.028098390818107,0.071926050301895
11.7003583105711,0,-0.00186774348468509,0,11.7003583105711,-0.00186774348468509,-0.00186774348468509,-0.00186774348468509,0.00589871207554302
14.1717804897526,0,0.027255899623745,0,14.1717804897526,0.027255899623745,0.027255899623745,0.027255899623745,0.0438772018708798
11.3171115233183,0,-0.0301299566297987,0,11.3171115233183,-0.0301299566297987,-0.0301299566297987,-0.0301299566297987,0.0549217163119364
12.491172371433,0,0.00616174807970621,0,12.491172371433,0.00616174807970621,0.00616174807970621,0.00616174807970621,0.0405245193389735
26.705767275507,0,-0.098143737211913,0,26.705767275507,-0.098143737211913,-0.098143737211913,-0.098143737211913,0.0957453613360952
23.3384346785706,0,0.0173424537425691,0,23.3384346785706,0.0173424537425691,0.0173424537425691,0.0173424537425691,0.0189266195413323
21.0471310356801,0,0.0617673658141888,0,21.0471310356801,0.0617673658141888,0.0617673658141888,0.0617673658141888,0.047052745863464
16.8846431378076,0,0.0592246738975235,0,16.8846431378076,0.0592246738975235,0.0592246738975235,0.0592246738975235,0.0580511049145327
142.027144302285,0,0.0480428181832702,0,142.027144302285,0.0480428181832702,0.0480428181832702,0.0480428181832702,0.0151652887885014
10.8384906759069,0,-0.00221059163205814,0,10.8384906759069,-0.00221059163205814,-0.00221059163205814,-0.00221059163205814,0.0251376149245104
5.36034284274372,0,0.0126214961722838,0,5.36034284274372,0.0126214961722838,0.0126214961722838,0.0126214961722838,0.0439400124984659
14.6925462604222,0,-0.00458452472707301,0,14.6925462604222,-0.00458452472707301,-0.00458452472707301,-0.00458452472707301,0.0444254697733256
12.5310366569707,0,0.0109739413789005,0,12.5310366569707,0.0109739413789005,0.0109739413789005,0.0109739413789005,0.0301771491611757
11.0161041029769,0,-0.0031766917676102,0,11.0161041029769,-0.0031766917676102,-0.0031766917676102,-0.0031766917676102,0.0522005254908412
12.612078023469,0,-0.0597088928688878,0,12.612078023469,-0.0597088928688878,-0.0597088928688878,-0.0597088928688878,0.0322576765582896
27.9381463268887,0,-0.0196646199066465,0,27.9381463268887,-0.0196646199066465,-0.0196646199066465,-0.0196646199066465,0.0266030945529787
28.4056044215739,0,-0.0234835133541325,0,28.4056044215739,-0.0234835133541325,-0.0234835133541325,-0.0234835133541325,0.0460235649191708
13.4368696617468,0,0.0535402362440232,0,13.4368696617468,0.0535402362440232,0.0535402362440232,0.0535402362440232,0.0282079903838013
14.3373106913918,0,-0.0165868652445846,0,14.3373106913918,-0.0165868652445846,-0.0165868652445846,-0.0165868652445846,0.0475684856482902
25.9320346135502,0,-0.0232712391594247,0,25.9320346135502,-0.0232712391594247,-0.0232712391594247,-0.0232712391594247,0.0300519735078187
NA,NA,NA,NA,NA,NA,NA,NA,NA
3.48138260502119,0,-0.0431716232209931,0,3.48138260502119,-0.0431716232209931,-0.0431716232209931,-0.0431716232209931,0.0321818721032191
5.59197431763262,0,-0.0578220526680145,0,5.59197431763262,-0.0578220526680145,-0.0578220526680145,-0.0578220526680145,0.0290843221745671
7.10118523761685,0,-0.0285278978712163,0,7.10118523761685,-0.0285278978712163,-0.0285278978712163,-0.0285278978712163,0.0595492352872805
8.39406695268219,0,0.0167837864563465,0,8.39406695268219,0.0167837864563465,0.0167837864563465,0.0167837864563465,0.0322473662392579
6.68163411954067,0,0.0399525800720857,0,6.68163411954067,0.0399525800720857,0.0399525800720857,0.0399525800720857,0.0632642521725607
10.9419857642508,0,-0.0876235523401562,0,10.9419857642508,-0.0876235523401562,-0.0876235523401562,-0.0876235523401562,0.0336377588977628
9.567453602661,0,-0.0130573193727359,0,9.567453602661,-0.0130573193727359,-0.0130573193727359,-0.0130573193727359,0.0264340771076804
9.56764954052794,0,-0.00578932875863998,0,9.56764954052794,-0.00578932875863998,-0.00578932875863998,-0.00578932875863998,0.0288617279537588
9.58796747981615,0,0.00725905880614161,0,9.58796747981615,0.00725905880614161,0.00725905880614161,0.00725905880614161,0.0422687684348916
10.3415882006709,0,-0.0979591311963027,0,10.3415882006709,-0.0979591311963027,-0.0979591311963027,-0.0979591311963027,0.0379022425227411
9.03381024943225,0,-0.0258591277728825,0,9.03381024943225,-0.0258591277728825,-0.0258591277728825,-0.0258591277728825,0.0210013285642308
7.292171244769,0,0.0214216184583366,0,7.292171244769,0.0214216184583366,0.0214216184583366,0.0214216184583366,0.00787016036700002
10.6567948708008,0,0.0203455428827325,0,10.6567948708008,0.0203455428827325,0.0203455428827325,0.0203455428827325,0.0367174068081082
15.83958844307,0,0.0399832495665445,0,15.83958844307,0.0399832495665445,0.0399832495665445,0.0399832495665445,0.0130470310288665
17.7014293147066,0,0.0234372077444364,0,17.7014293147066,0.0234372077444364,0.0234372077444364,0.0234372077444364,0.0323786122878216
16.016217440795,0,-0.00369944404825601,0,16.016217440795,-0.00369944404825601,-0.00369944404825601,-0.00369944404825601,0.0376637682579198
13.5036026382197,0,0.0260526179813793,0,13.5036026382197,0.0260526179813793,0.0260526179813793,0.0260526179813793,0.0175137052055195
13.9836050997556,0,-0.0596374353307077,0,13.9836050997556,-0.0596374353307077,-0.0596374353307077,-0.0596374353307077,0.0260159424457815
11.3110693140974,0,0.00982781565554414,0,11.3110693140974,0.00982781565554414,0.00982781565554414,0.00982781565554414,0.0152975413868066
20.6083384757102,0,-0.0196913974375486,0,20.6083384757102,-0.0196913974375486,-0.0196913974375486,-0.0196913974375486,0.0564075951702511
12.3671082351961,0,0.0210231372322994,0,12.3671082351961,0.0210231372322994,0.0210231372322994,0.0210231372322994,0.0160828742749283
12.3654554745313,0,-0.0686880413546458,0,12.3654554745313,-0.0686880413546458,-0.0686880413546458,-0.0686880413546458,0.0513325050706189
19.2556223171704,0,0.0285945738844167,0,19.2556223171704,0.0285945738844167,0.0285945738844167,0.0285945738844167,0.0139726523520546
34.7312424253189,0,0.00360906084633839,0,34.7312424253189,0.00360906084633839,0.00360906084633839,0.00360906084633839,0.017575833019559
54.7209102152747,0,0.0196726221291343,0,54.7209102152747,0.0196726221291343,0.0196726221291343,0.0196726221291343,0.0109274670854921
9.76552332936977,0,0.00564706861610557,0,9.76552332936977,0.00564706861610557,0.00564706861610557,0.00564706861610557,0.022210163633412
8.22166390729103,0,0.0200227074138689,0,8.22166390729103,0.0200227074138689,0.0200227074138689,0.0200227074138689,0.0889316774406693
11.7030101268542,0,0.0664031592294417,0,11.7030101268542,0.0664031592294417,0.0664031592294417,0.0664031592294417,0.0318702419669784
7.36539602284415,0,-0.0247872150245361,0,7.36539602284415,-0.0247872150245361,-0.0247872150245361,-0.0247872150245361,0.114121672795408
9.34902839864339,0,-0.0319037471830898,0,9.34902839864339,-0.0319037471830898,-0.0319037471830898,-0.0319037471830898,0.0353702402159913
12.5616640281909,0,0.00441577973083164,0,12.5616640281909,0.00441577973083164,0.00441577973083164,0.00441577973083164,0.0138459086615911
9.90269087384876,0,-0.0238997733934269,0,9.90269087384876,-0.0238997733934269,-0.0238997733934269,-0.0238997733934269,0.140365006537693
10.8363107906744,0,-0.028098390818107,0,10.8363107906744,-0.028098390818107,-0.028098390818107,-0.028098390818107,0.071926050301895
11.7003583105711,0,-0.00186774348468509,0,11.7003583105711,-0.00186774348468509,-0.00186774348468509,-0.00186774348468509,0.00589871207554302
14.1717804897526,0,0.027255899623745,0,14.1717804897526,0.027255899623745,0.027255899623745,0.027255899623745,0.0438772018708798
11.3171115233183,0,-0.0301299566297987,0,11.3171115233183,-0.0301299566297987,-0.0301299566297987,-0.0301299566297987,0.0549217163119364
12.491172371433,0,0.00616174807970621,0,12.491172371433,0.00616174807970621,0.00616174807970621,0.00616174807970621,0.0405245193389735
26.705767275507,0,-0.098143737211913,0,26.705767275507,-0.098143737211913,-0.098143737211913,-0.098143737211913,0.0957453613360952
23.3384346785706,0,0.0173424537425691,0,23.3384346785706,0.0173424537425691,0.0173424537425691,0.0173424537425691,0.0189266195413323
21.0471310356801,0,0.0617673658141888,0,21.0471310356801,0.0617673658141888,0.0617673658141888,0.0617673658141888,0.047052745863464
16.8846431378076,0,0.0592246738975235,0,16.8846431378076,0.0592246738975235,0.0592246738975235,0.0592246738975235,0.0580511049145327
142.027144302285,0,0.0480428181832702,0,142.027144302285,0.0480428181832702,0.0480428181832702,0.0480428181832702,0.0151652887885014
10.8384906759069,0,-0.00221059163205814,0,10.8384906759069,-0.00221059163205814,-0.00221059163205814,-0.00221059163205814,0.0251376149245104
5.36034284274372,0,0.0126214961722838,0,5.36034284274372,0.0126214961722838,0.0126214961722838,0.0126214961722838,0.0439400124984659
14.6925462604222,0,-0.00458452472707301,0,14.6925462604222,-0.00458452472707301,-0.00458452472707301,-0.00458452472707301,0.0444254697733256
12.5310366569707,0,0.0109739413789005,0,12.5310366569707,0.0109739413789005,0.0109739413789005,0.0109739413789005,0.0301771491611757
11.0161041029769,0,-0.0031766917676102,0,11.0161041029769,-0.0031766917676102,-0.0031766917676102,-0.0031766917676102,0.0522005254908412
12.612078023469,0,-0.0597088928688878,0,12.612078023469,-0.0597088928688878,-0.0597088928688878,-0.0597088928688878,0.0322576765582896
27.9381463268887,0,-0.0196646199066465,0,27.9381463268887,-0.0196646199066465,-0.0196646199066465,-0.0196646199066465,0.0266030945529787
28.4056044215739,0,-0.0234835133541325,0,28.4056044215739,-0.0234835133541325,-0.0234835133541325,-0.0234835133541325,0.0460235649191708
13.4368696617468,0,0.0535402362440232,0,13.4368696617468,0.0535402362440232,0.0535402362440232,0.0535402362440232,0.0282079903838013
14.3373106913918,0,-0.0165868652445846,0,14.3373106913918,-0.0165868652445846,-0.0165868652445846,-0.0165868652445846,0.0475684856482902
25.9320346135502,0,-0.0232712391594247,0,25.9320346135502,-0.0232712391594247,-0.0232712391594247,-0.0232712391594247,0.0300519735078187
NA,NA,NA,NA,NA,NA,NA,NA,NA
3.48138260502119,0,-0.0431716232209931,0,3.48138260502119,-0.0431716232209931,-0.0431716232209931,-0.0431716232209931,0.0321818721032191
5.59197431763262,0,-0.0578220526680145,0,5.59197431763262,-0.0578220526680145,-0.0578220526680145,-0.0578220526680145,0.0290843221745671
7.10118523761685,0,-0.0285278978712163,0,7.10118523761685,-0.0285278978712163,-0.0285278978712163,-0.0285278978712163,0.0595492352872805
8.39406695268219,0,0.0167837864563465,0,8.39406695268219,0.0167837864563465,0.0167837864563465,0.0167837864563465,0.0322473662392579
6.68163411954067,0,0.0399525800720857,0,6.68163411954067,0.0399525800720857,0.0399525800720857,0.0399525800720857,0.0632642521725607
10.9419857642508,0,-0.0876235523401562,0,10.9419857642508,-0.0876235523401562,-0.0876235523401562,-0.0876235523401562,0.0336377588977628
9.567453602661,0,-0.0130573193727359,0,9.567453602661,-0.0130573193727359,-0.0130573193727359,-0.0130573193727359,0.0264340771076804
9.56764954052794,0,-0.00578932875863998,0,9.56764954052794,-0.00578932875863998,-0.00578932875863998,-0.00578932875863998,0.0288617279537588
9.58796747981615,0,0.00725905880614161,0,9.58796747981615,0.00725905880614161,0.00725905880614161,0.00725905880614161,0.0422687684348916
10.3415882006709,0,-0.0979591311963027,0,10.3415882006709,-0.0979591311963027,-0.0979591311963027,-0.0979591311963027,0.0379022425227411
9.03381024943225,0,-0.0258591277728825,0,9.03381024943225,-0.0258591277728825,-0.0258591277728825,-0.0258591277728825,0.0210013285642308
7.292171244769,0,0.0214216184583366,0,7.292171244769,0.0214216184583366,0.0214216184583366,0.0214216184583366,0.00787016036700002
10.6567948708008,0,0.0203455428827325,0,10.6567948708008,0.0203455428827325,0.0203455428827325,0.0203455428827325,0.0367174068081082
15.83958844307,0,0.0399832495665445,0,15.83958844307,0.0399832495665445,0.0399832495665445,0.0399832495665445,0.0130470310288665
17.7014293147066,0,0.0234372077444364,0,17.7014293147066,0.0234372077444364,0.0234372077444364,0.0234372077444364,0.0323786122878216
16.016217440795,0,-0.00369944404825601,0,16.016217440795,-0.00369944404825601,-0.00369944404825601,-0.00369944404825601,0.0376637682579198
13.5036026382197,0,0.0260526179813793,0,13.5036026382197,0.0260526179813793,0.0260526179813793,0.0260526179813793,0.0175137052055195
13.9836050997556,0,-0.0596374353307077,0,13.9836050997556,-0.0596374353307077,-0.0596374353307077,-0.0596374353307077,0.0260159424457815
11.3110693140974,0,0.00982781565554414,0,11.3110693140974,0.00982781565554414,0.00982781565554414,0.00982781565554414,0.0152975413868066
20.6083384757102,0,-0.0196913974375486,0,20.6083384757102,-0.0196913974375486,-0.0196913974375486,-0.0196913974375486,0.0564075951702511
12.3671082351961,0,0.0210231372322994,0,12.3671082351961,0.0210231372322994,0.0210231372322994,0.0210231372322994,0.0160828742749283
12.3654554745313,0,-0.0686880413546458,0,12.3654554745313,-0.0686880413546458,-0.0686880413546458,-0.0686880413546458,0.0513325050706189
19.2556223171704,0,0.0285945738844167,0,19.2556223171704,0.0285945738844167,0.0285945738844167,0.0285945738844167,0.0139726523520546
34.7312424253189,0,0.00360906084633839,0,34.7312424253189,0.00360906084633839,0.00360906084633839,0.00360906084633839,0.017575833019559
54.7209102152747,0,0.0196726221291343,0,54.7209102152747,0.0196726221291343,0.0196726221291343,0.0196726221291343,0.0109274670854921
9.76552332936977,0,0.00564706861610557,0,9.76552332936977,0.00564706861610557,0.00564706861610557,0.00564706861610557,0.022210163633412
8.22166390729103,0,0.0200227074138689,0,8.22166390729103,0.0200227074138689,0.0200227074138689,0.0200227074138689,0.0889316774406693
11.7030101268542,0,0.0664031592294417,0,11.7030101268542,0.0664031592294417,0.0664031592294417,0.0664031592294417,0.0318702419669784
7.36539602284415,0,-0.0247872150245361,0,7.36539602284415,-0.0247872150245361,-0.0247872150245361,-0.0247872150245361,0.114121672795408
9.34902839864339,0,-0.0319037471830898,0,9.34902839864339,-0.0319037471830898,-0.0319037471830898,-0.0319037471830898,0.0353702402159913
12.5616640281909,0,0.00441577973083164,0,12.5616640281909,0.00441577973083164,0.00441577973083164,0.00441577973083164,0.0138459086615911
9.90269087384876,0,-0.0238997733934269,0,9.90269087384876,-0.0238997733934269,-0.0238997733934269,-0.0238997733934269,0.140365006537693
10.8363107906744,0,-0.028098390818107,0,10.8363107906744,-0.028098390818107,-0.028098390818107,-0.028098390818107,0.071926050301895
11.7003583105711,0,-0.00186774348468509,0,11.7003583105711,-0.00186774348468509,-0.00186774348468509,-0.00186774348468509,0.00589871207554302
14.1717804897526,0,0.027255899623745,0,14.1717804897526,0.027255899623745,0.027255899623745,0.027255899623745,0.0438772018708798
11.3171115233183,0,-0.0301299566297987,0,11.3171115233183,-0.0301299566297987,-0.0301299566297987,-0.0301299566297987,0.0549217163119364
12.491172371433,0,0.00616174807970621,0,12.491172371433,0.00616174807970621,0.00616174807970621,0.00616174807970621,0.0405245193389735
26.705767275507,0,-0.098143737211913,0,26.705767275507,-0.098143737211913,-0.098143737211913,-0.098143737211913,0.0957453613360952
23.3384346785706,0,0.0173424537425691,0,23.3384346785706,0.0173424537425691,0.0173424537425691,0.0173424537425691,0.0189266195413323
21.0471310356801,0,0.0617673658141888,0,21.0471310356801,0.0617673658141888,0.0617673658141888,0.0617673658141888,0.047052745863464
16.8846431378076,0,0.0592246738975235,0,16.8846431378076,0.0592246738975235,0.0592246738975235,0.0592246738975235,0.0580511049145327
142.027144302285,0,0.0480428181832702,0,142.027144302285,0.0480428181832702,0.0480428181832702,0.0480428181832702,0.0151652887885014
10.8384906759069,0,-0.00221059163205814,0,10.8384906759069,-0.00221059163205814,-0.00221059163205814,-0.00221059163205814,0.0251376149245104
5.36034284274372,0,0.0126214961722838,0,5.36034284274372,0.0126214961722838,0.0126214961722838,0.0126214961722838,0.0439400124984659
14.6925462604222,0,-0.00458452472707301,0,14.6925462604222,-0.00458452472707301,-0.00458452472707301,-0.00458452472707301,0.0444254697733256
12.5310366569707,0,0.0109739413789005,0,12.5310366569707,0.0109739413789005,0.0109739413789005,0.0109739413789005,0.0301771491611757
11.0161041029769,0,-0.0031766917676102,0,11.0161041029769,-0.0031766917676102,-0.0031766917676102,-0.0031766917676102,0.0522005254908412
12.612078023469,0,-0.0597088928688878,0,12.612078023469,-0.0597088928688878,-0.0597088928688878,-0.0597088928688878,0.0322576765582896
27.9381463268887,0,-0.0196646199066465,0,27.9381463268887,-0.0196646199066465,-0.0196646199066465,-0.0196646199066465,0.0266030945529787
28.4056044215739,0,-0.0234835133541325,0,28.4056044215739,-0.0234835133541325,-0.0234835133541325,-0.0234835133541325,0.0460235649191708
13.4368696617468,0,0.0535402362440232,0,13.4368696617468,0.0535402362440232,0.0535402362440232,0.0535402362440232,0.0282079903838013
14.3373106913918,0,-0.0165868652445846,0,14.3373106913918,-0.0165868652445846,-0.0165868652445846,-0.0165868652445846,0.0475684856482902
25.9320346135502,0,-0.0232712391594247,0,25.9320346135502,-0.0232712391594247,-0.0232712391594247,-0.0232712391594247,0.0300519735078187
NA,NA,NA,NA,NA,NA,NA,NA,NA
3.48138260502119,0,-0.0431716232209931,0,3.48138260502119,-0.0431716232209931,-0.0431716232209931,-0.0431716232209931,0.0321818721032191
5.59197431763262,0,-0.0578220526680145,0,5.59197431763262,-0.0578220526680145,-0.0578220526680145,-0.0578220526680145,0.0290843221745671
7.10118523761685,0,-0.0285278978712163,0,7.10118523761685,-0.0285278978712163,-0.0285278978712163,-0.0285278978712163,0.0595492352872805
8.39406695268219,0,0.0167837864563465,0,8.39406695268219,0.0167837864563465,0.0167837864563465,0.0167837864563465,0.0322473662392579
6.68163411954067,0,0.0399525800720857,0,6.68163411954067,0.0399525800720857,0.0399525800720857,0.0399525800720857,0.0632642521725607
10.9419857642508,0,-0.0876235523401562,0,10.9419857642508,-0.0876235523401562,-0.0876235523401562,-0.0876235523401562,0.0336377588977628
9.567453602661,0,-0.0130573193727359,0,9.567453602661,-0.0130573193727359,-0.0130573193727359,-0.0130573193727359,0.0264340771076804
9.56764954052794,0,-0.00578932875863998,0,9.56764954052794,-0.00578932875863998,-0.00578932875863998,-0.00578932875863998,0.0288617279537588
9.58796747981615,0,0.00725905880614161,0,9.58796747981615,0.00725905880614161,0.00725905880614161,0.00725905880614161,0.0422687684348916
10.3415882006709,0,-0.0979591311963027,0,10.3415882006709,-0.0979591311963027,-0.0979591311963027,-0.0979591311963027,0.0379022425227411
9.03381024943225,0,-0.0258591277728825,0,9.03381024943225,-0.0258591277728825,-0.0258591277728825,-0.0258591277728825,0.0210013285642308
7.292171244769,0,0.0214216184583366,0,7.292171244769,0.0214216184583366,0.0214216184583366,0.0214216184583366,0.00787016036700002
10.6567948708008,0,0.0203455428827325,0,10.6567948708008,0.0203455428827325,0.0203455428827325,0.0203455428827325,0.0367174068081082
15.83958844307,0,0.0399832495665445,0,15.83958844307,0.0399832495665445,0.0399832495665445,0.0399832495665445,0.0130470310288665
17.7014293147066,0,0.0234372077444364,0,17.7014293147066,0.0234372077444364,0.0234372077444364,0.0234372077444364,0.0323786122878216
16.016217440795,0,-0.00369944404825601,0,16.016217440795,-0.00369944404825601,-0.00369944404825601,-0.00369944404825601,0.0376637682579198
13.5036026382197,0,0.0260526179813793,0,13.5036026382197,0.0260526179813793,0.0260526179813793,0.0260526179813793,0.0175137052055195
13.9836050997556,0,-0.0596374353307077,0,13.9836050997556,-0.0596374353307077,-0.0596374353307077,-0.0596374353307077,0.0260159424457815
11.3110693140974,0,0.00982781565554414,0,11.3110693140974,0.00982781565554414,0.00982781565554414,0.00982781565554414,0.0152975413868066
20.6083384757102,0,-0.0196913974375486,0,20.6083384757102,-0.0196913974375486,-0.0196913974375486,-0.0196913974375486,0.0564075951702511
12.3671082351961,0,0.0210231372322994,0,12.3671082351961,0.0210231372322994,0.0210231372322994,0.0210231372322994,0.0160828742749283
12.3654554745313,0,-0.0686880413546458,0,12.3654554745313,-0.0686880413546458,-0.0686880413546458,-0.0686880413546458,0.0513325050706189
19.2556223171704,0,0.0285945738844167,0,19.2556223171704,0.0285945738844167,0.0285945738844167,0.0285945738844167,0.0139726523520546
34.7312424253189,0,0.00360906084633839,0,34.7312424253189,0.00360906084633839,0.00360906084633839,0.00360906084633839,0.017575833019559
54.7209102152747,0,0.0196726221291343,0,54.7209102152747,0.0196726221291343,0.0196726221291343,0.0196726221291343,0.0109274670854921
9.76552332936977,0,0.00564706861610557,0,9.76552332936977,0.00564706861610557,0.00564706861610557,0.00564706861610557,0.022210163633412
8.22166390729103,0,0.0200227074138689,0,8.22166390729103,0.0200227074138689,0.0200227074138689,0.0200227074138689,0.0889316774406693
11.7030101268542,0,0.0664031592294417,0,11.7030101268542,0.0664031592294417,0.0664031592294417,0.0664031592294417,0.0318702419669784
7.36539602284415,0,-0.0247872150245361,0,7.36539602284415,-0.0247872150245361,-0.0247872150245361,-0.0247872150245361,0.114121672795408
9.34902839864339,0,-0.0319037471830898,0,9.34902839864339,-0.0319037471830898,-0.0319037471830898,-0.0319037471830898,0.0353702402159913
12.5616640281909,0,0.00441577973083164,0,12.5616640281909,0.00441577973083164,0.00441577973083164,0.00441577973083164,0.0138459086615911
9.90269087384876,0,-0.0238997733934269,0,9.90269087384876,-0.0238997733934269,-0.0238997733934269,-0.0238997733934269,0.140365006537693
10.8363107906744,0,-0.028098390818107,0,10.8363107906744,-0.028098390818107,-0.028098390818107,-0.028098390818107,0.071926050301895
11.7003583105711,0,-0.00186774348468509,0,11.7003583105711,-0.00186774348468509,-0.00186774348468509,-0.00186774348468509,0.00589871207554302
14.1717804897526,0,0.027255899623745,0,14.1717804897526,0.027255899623745,0.027255899623745,0.027255899623745,0.0438772018708798
11.3171115233183,0,-0.0301299566297987,0,11.3171115233183,-0.0301299566297987,-0.0301299566297987,-0.0301299566297987,0.0549217163119364
12.491172371433,0,0.00616174807970621,0,12.491172371433,0.00616174807970621,0.00616174807970621,0.00616174807970621,0.0405245193389735
25.9320346135502,0,-0.0232712391594247,0,25.9320346135502,-0.0232712391594247,-0.0232712391594247,-0.0232712391594247,0.0300519735078187
23.3384346785706,0,0.0173424537425691,0,23.3384346785706,0.0173424537425691,0.0173424537425691,0.0173424537425691,0.0189266195413323
21.0471310356801,0,0.0617673658141888,0,21.0471310356801,0.0617673658141888,0.0617673658141888,0.0617673658141888,0.047052745863464
16.8846431378076,0,0.0592246738975235,0,16.8846431378076,0.0592246738975235,0.0592246738975235,0.0592246738975235,0.0580511049145327
142.027144302285,0,0.0480428181832702,0,142.027144302285,0.0480428181832702,0.0480428181832702,0.0480428181832702,0.0151652887885014
10.8384906759069,0,-0.00221059163205814,0,10.8384906759069,-0.00221059163205814,-0.00221059163205814,-0.00221059163205814,0.0251376149245104
5.36034284274372,0,0.0126214961722838,0,5.36034284274372,0.0126214961722838,0.0126214961722838,0.0126214961722838,0.0439400124984659
14.6925462604222,0,-0.00458452472707301,0,14.6925462604222,-0.00458452472707301,-0.00458452472707301,-0.00458452472707301,0.0444254697733256
12.5310366569707,0,0.0109739413789005,0,12.5310366569707,0.0109739413789005,0.0109739413789005,0.0109739413789005,0.0301771491611757
11.0161041029769,0,-0.0031766917676102,0,11.0161041029769,-0.0031766917676102,-0.0031766917676102,-0.0031766917676102,0.0522005254908412
12.612078023469,0,-0.0597088928688878,0,12.612078023469,-0.0597088928688878,-0.0597088928688878,-0.0597088928688878,0.0322576765582896
26.705767275507,0,-0.098143737211913,0,26.705767275507,-0.098143737211913,-0.098143737211913,-0.098143737211913,0.0957453613360952
27.9381463268887,0,-0.0196646199066465,0,27.9381463268887,-0.0196646199066465,-0.0196646199066465,-0.0196646199066465,0.0266030945529787
28.4056044215739,0,-0.0234835133541325,0,28.4056044215739,-0.0234835133541325,-0.0234835133541325,-0.0234835133541325,0.0460235649191708
13.4368696617468,0,0.0535402362440232,0,13.4368696617468,0.0535402362440232,0.0535402362440232,0.0535402362440232,0.0282079903838013
14.3373106913918,0,-0.0165868652445846,0,14.3373106913918,-0.0165868652445846,-0.0165868652445846,-0.0165868652445846,0.0475684856482902
NA,NA,NA,NA,NA,NA,NA,NA,NA
3.48138260502119,0,-0.0431716232209931,0,3.48138260502119,-0.0431716232209931,-0.0431716232209931,-0.0431716232209931,0.0321818721032191
5.59197431763262,0,-0.0578220526680145,0,5.59197431763262,-0.0578220526680145,-0.0578220526680145,-0.0578220526680145,0.0290843221745671
7.10118523761685,0,-0.0285278978712163,0,7.10118523761685,-0.0285278978712163,-0.0285278978712163,-0.0285278978712163,0.0595492352872805
8.39406695268219,0,0.0167837864563465,0,8.39406695268219,0.0167837864563465,0.0167837864563465,0.0167837864563465,0.0322473662392579
6.68163411954067,0,0.0399525800720857,0,6.68163411954067,0.0399525800720857,0.0399525800720857,0.0399525800720857,0.0632642521725607
10.9419857642508,0,-0.0876235523401562,0,10.9419857642508,-0.0876235523401562,-0.0876235523401562,-0.0876235523401562,0.0336377588977628
9.567453602661,0,-0.0130573193727359,0,9.567453602661,-0.0130573193727359,-0.0130573193727359,-0.0130573193727359,0.0264340771076804
9.56764954052794,0,-0.00578932875863998,0,9.56764954052794,-0.00578932875863998,-0.00578932875863998,-0.00578932875863998,0.0288617279537588
9.58796747981615,0,0.00725905880614161,0,9.58796747981615,0.00725905880614161,0.00725905880614161,0.00725905880614161,0.0422687684348916
10.3415882006709,0,-0.0979591311963027,0,10.3415882006709,-0.0979591311963027,-0.0979591311963027,-0.0979591311963027,0.0379022425227411
9.03381024943225,0,-0.0258591277728825,0,9.03381024943225,-0.0258591277728825,-0.0258591277728825,-0.0258591277728825,0.0210013285642308
7.292171244769,0,0.0214216184583366,0,7.292171244769,0.0214216184583366,0.0214216184583366,0.0214216184583366,0.00787016036700002
10.6567948708008,0,0.0203455428827325,0,10.6567948708008,0.0203455428827325,0.0203455428827325,0.0203455428827325,0.0367174068081082
15.83958844307,0,0.0399832495665445,0,15.83958844307,0.0399832495665445,0.0399832495665445,0.0399832495665445,0.0130470310288665
17.7014293147066,0,0.0234372077444364,0,17.7014293147066,0.0234372077444364,0.0234372077444364,0.0234372077444364,0.0323786122878216
16.016217440795,0,-0.00369944404825601,0,16.016217440795,-0.00369944404825601,-0.00369944404825601,-0.00369944404825601,0.0376637682579198
13.5036026382197,0,0.0260526179813793,0,13.5036026382197,0.0260526179813793,0.0260526179813793,0.0260526179813793,0.0175137052055195
13.9836050997556,0,-0.0596374353307077,0,13.9836050997556,-0.0596374353307077,-0.0596374353307077,-0.0596374353307077,0.0260159424457815
11.3110693140974,0,0.00982781565554414,0,11.3110693140974,0.00982781565554414,0.00982781565554414,0.00982781565554414,0.0152975413868066
20.6083384757102,0,-0.0196913974375486,0,20.6083384757102,-0.0196913974375486,-0.0196913974375486,-0.0196913974375486,0.0564075951702511
12.3671082351961,0,0.0210231372322994,0,12.3671082351961,0.0210231372322994,0.0210231372322994,0.0210231372322994,0.0160828742749283
12.3654554745313,0,-0.0686880413546458,0,12.3654554745313,-0.0686880413546458,-0.0686880413546458,-0.0686880413546458,0.0513325050706189
19.2556223171704,0,0.0285945738844167,0,19.2556223171704,0.0285945738844167,0.0285945738844167,0.0285945738844167,0.0139726523520546
34.7312424253189,0,0.00360906084633839,0,34.7312424253189,0.00360906084633839,0.00360906084633839,0.00360906084633839,0.017575833019559
54.7209102152747,0,0.0196726221291343,0,54.7209102152747,0.0196726221291343,0.0196726221291343,0.0196726221291343,0.0109274670854921
9.76552332936977,0,0.00564706861610557,0,9.76552332936977,0.00564706861610557,0.00564706861610557,0.00564706861610557,0.022210163633412
8.22166390729103,0,0.0200227074138689,0,8.22166390729103,0.0200227074138689,0.0200227074138689,0.0200227074138689,0.0889316774406693
11.7030101268542,0,0.0664031592294417,0,11.7030101268542,0.0664031592294417,0.0664031592294417,0.0664031592294417,0.0318702419669784
7.36539602284415,0,-0.0247872150245361,0,7.36539602284415,-0.0247872150245361,-0.0247872150245361,-0.0247872150245361,0.114121672795408
9.34902839864339,0,-0.0319037471830898,0,9.34902839864339,-0.0319037471830898,-0.0319037471830898,-0.0319037471830898,0.0353702402159913
12.5616640281909,0,0.00441577973083164,0,12.5616640281909,0.00441577973083164,0.00441577973083164,0.00441577973083164,0.0138459086615911
9.90269087384876,0,-0.0238997733934269,0,9.90269087384876,-0.0238997733934269,-0.0238997733934269,-0.0238997733934269,0.140365006537693
10.8363107906744,0,-0.028098390818107,0,10.8363107906744,-0.028098390818107,-0.028098390818107,-0.028098390818107,0.071926050301895
11.7003583105711,0,-0.00186774348468509,0,11.7003583105711,-0.00186774348468509,-0.00186774348468509,-0.00186774348468509,0.00589871207554302
14.1717804897526,0,0.027255899623745,0,14.1717804897526,0.027255899623745,0.027255899623745,0.027255899623745,0.0438772018708798
11.3171115233183,0,-0.0301299566297987,0,11.3171115233183,-0.0301299566297987,-0.0301299566297987,-0.0301299566297987,0.0549217163119364
12.491172371433,0,0.00616174807970621,0,12.491172371433,0.00616174807970621,0.00616174807970621,0.00616174807970621,0.0405245193389735
26.705767275507,0,-0.098143737211913,0,26.705767275507,-0.098143737211913,-0.098143737211913,-0.098143737211913,0.0957453613360952
23.3384346785706,0,0.0173424537425691,0,23.3384346785706,0.0173424537425691,0.0173424537425691,0.0173424537425691,0.0189266195413323
21.0471310356801,0,0.0617673658141888,0,21.0471310356801,0.0617673658141888,0.0617673658141888,0.0617673658141888,0.047052745863464
16.8846431378076,0,0.0592246738975235,0,16.8846431378076,0.0592246738975235,0.0592246738975235,0.0592246738975235,0.0580511049145327
142.027144302285,0,0.0480428181832702,0,142.027144302285,0.0480428181832702,0.0480428181832702,0.0480428181832702,0.0151652887885014
10.8384906759069,0,-0.00221059163205814,0,10.8384906759069,-0.00221059163205814,-0.00221059163205814,-0.00221059163205814,0.0251376149245104
5.36034284274372,0,0.0126214961722838,0,5.36034284274372,0.0126214961722838,0.0126214961722838,0.0126214961722838,0.0439400124984659
14.6925462604222,0,-0.00458452472707301,0,14.6925462604222,-0.00458452472707301,-0.00458452472707301,-0.00458452472707301,0.0444254697733256
12.5310366569707,0,0.0109739413789005,0,12.5310366569707,0.0109739413789005,0.0109739413789005,0.0109739413789005,0.0301771491611757
11.0161041029769,0,-0.0031766917676102,0,11.0161041029769,-0.0031766917676102,-0.0031766917676102,-0.0031766917676102,0.0522005254908412
12.612078023469,0,-0.0597088928688878,0,12.612078023469,-0.0597088928688878,-0.0597088928688878,-0.0597088928688878,0.0322576765582896
27.9381463268887,0,-0.0196646199066465,0,27.9381463268887,-0.0196646199066465,-0.0196646199066465,-0.0196646199066465,0.0266030945529787
28.4056044215739,0,-0.0234835133541325,0,28.4056044215739,-0.0234835133541325,-0.0234835133541325,-0.0234835133541325,0.0460235649191708
13.4368696617468,0,0.0535402362440232,0,13.4368696617468,0.0535402362440232,0.0535402362440232,0.0535402362440232,0.0282079903838013
14.3373106913918,0,-0.0165868652445846,0,14.3373106913918,-0.0165868652445846,-0.0165868652445846,-0.0165868652445846,0.0475684856482902
25.9320346135502,0,-0.0232712391594247,0,25.9320346135502,-0.0232712391594247,-0.0232712391594247,-0.0232712391594247,0.0300519735078187
NA,NA,NA,NA,NA,NA,NA,NA,NA
3.48138260502119,0,-0.0431716232209931,0,3.48138260502119,-0.0431716232209931,-0.0431716232209931,-0.0431716232209931,0.0321818721032191
5.59197431763262,0,-0.0578220526680145,0,5.59197431763262,-0.0578220526680145,-0.0578220526680145,-0.0578220526680145,0.0290843221745671
7.10118523761685,0,-0.0285278978712163,0,7.10118523761685,-0.0285278978712163,-0.0285278978712163,-0.0285278978712163,0.0595492352872805
8.39406695268219,0,0.0167837864563465,0,8.39406695268219,0.0167837864563465,0.0167837864563465,0.0167837864563465,0.0322473662392579
6.68163411954067,0,0.0399525800720857,0,6.68163411954067,0.0399525800720857,0.0399525800720857,0.0399525800720857,0.0632642521725607
10.9419857642508,0,-0.0876235523401562,0,10.9419857642508,-0.0876235523401562,-0.0876235523401562,-0.0876235523401562,0.0336377588977628
9.567453602661,0,-0.0130573193727359,0,9.567453602661,-0.0130573193727359,-0.0130573193727359,-0.0130573193727359,0.0264340771076804
9.56764954052794,0,-0.00578932875863998,0,9.56764954052794,-0.00578932875863998,-0.00578932875863998,-0.00578932875863998,0.0288617279537588
9.58796747981615,0,0.00725905880614161,0,9.58796747981615,0.00725905880614161,0.00725905880614161,0.00725905880614161,0.0422687684348916
10.3415882006709,0,-0.0979591311963027,0,10.3415882006709,-0.0979591311963027,-0.0979591311963027,-0.0979591311963027,0.0379022425227411
9.03381024943225,0,-0.0258591277728825,0,9.03381024943225,-0.0258591277728825,-0.0258591277728825,-0.0258591277728825,0.0210013285642308
7.292171244769,0,0.0214216184583366,0,7.292171244769,0.0214216184583366,0.0214216184583366,0.0214216184583366,0.00787016036700002
10.6567948708008,0,0.0203455428827325,0,10.6567948708008,0.0203455428827325,0.0203455428827325,0.0203455428827325,0.0367174068081082
15.83958844307,0,0.0399832495665445,0,15.83958844307,0.0399832495665445,0.0399832495665445,0.0399832495665445,0.0130470310288665
17.7014293147066,0,0.0234372077444364,0,17.7014293147066,0.0234372077444364,0.0234372077444364,0.0234372077444364,0.0323786122878216
16.016217440795,0,-0.00369944404825601,0,16.016217440795,-0.00369944404825601,-0.00369944404825601,-0.00369944404825601,0.0376637682579198
13.5036026382197,0,0.0260526179813793,0,13.5036026382197,0.0260526179813793,0.0260526179813793,0.0260526179813793,0.0175137052055195
13.9836050997556,0,-0.0596374353307077,0,13.9836050997556,-0.0596374353307077,-0.0596374353307077,-0.0596374353307077,0.0260159424457815
11.3110693140974,0,0.00982781565554414,0,11.3110693140974,0.00982781565554414,0.00982781565554414,0.00982781565554414,0.0152975413868066
20.6083384757102,0,-0.0196913974375486,0,20.6083384757102,-0.0196913974375486,-0.0196913974375486,-0.0196913974375486,0.0564075951702511
12.3671082351961,0,0.0210231372322994,0,12.3671082351961,0.0210231372322994,0.0210231372322994,0.0210231372322994,0.0160828742749283
12.3654554745313,0,-0.0686880413546458,0,12.3654554745313,-0.0686880413546458,-0.0686880413546458,-0.0686880413546458,0.0513325050706189
19.2556223171704,0,0.0285945738844167,0,19.2556223171704,0.0285945738844167,0.0285945738844167,0.0285945738844167,0.0139726523520546
34.7312424253189,0,0.00360906084633839,0,34.7312424253189,0.00360906084633839,0.00360906084633839,0.00360906084633839,0.017575833019559
54.7209102152747,0,0.0196726221291343,0,54.7209102152747,0.0196726221291343,0.0196726221291343,0.0196726221291343,0.0109274670854921
9.76552332936977,0,0.00564706861610557,0,9.76552332936977,0.00564706861610557,0.00564706861610557,0.00564706861610557,0.022210163633412
8.22166390729103,0,0.0200227074138689,0,8.22166390729103,0.0200227074138689,0.0200227074138689,0.0200227074138689,0.0889316774406693
11.7030101268542,0,0.0664031592294417,0,11.7030101268542,0.0664031592294417,0.0664031592294417,0.0664031592294417,0.0318702419669784
7.36539602284415,0,-0.0247872150245361,0,7.36539602284415,-0.0247872150245361,-0.0247872150245361,-0.0247872150245361,0.114121672795408
9.34902839864339,0,-0.0319037471830898,0,9.34902839864339,-0.0319037471830898,-0.0319037471830898,-0.0319037471830898,0.0353702402159913
12.5616640281909,0,0.00441577973083164,0,12.5616640281909,0.00441577973083164,0.00441577973083164,0.00441577973083164,0.0138459086615911
9.90269087384876,0,-0.0238997733934269,0,9.90269087384876,-0.0238997733934269,-0.0238997733934269,-0.0238997733934269,0.140365006537693
10.8363107906744,0,-0.028098390818107,0,10.8363107906744,-0.028098390818107,-0.028098390818107,-0.028098390818107,0.071926050301895
11.7003583105711,0,-0.00186774348468509,0,11.7003583105711,-0.00186774348468509,-0.00186774348468509,-0.00186774348468509,0.00589871207554302
14.1717804897526,0,0.027255899623745,0,14.1717804897526,0.027255899623745,0.027255899623745,0.027255899623745,0.0438772018708798
11.3171115233183,0,-0.0301299566297987,0,11.3171115233183,-0.0301299566297987,-0.0301299566297987,-0.0301299566297987,0.0549217163119364
12.491172371433,0,0.00616174807970621,0,12.491172371433,0.00616174807970621,0.00616174807970621,0.00616174807970621,0.0405245193389735
26.705767275507,0,-0.098143737211913,0,26.705767275507,-0.098143737211913,-0.098143737211913,-0.098143737211913,0.0957453613360952
23.3384346785706,0,0.0173424537425691,0,23.3384346785706,0.0173424537425691,0.0173424537425691,0.0173424537425691,0.0189266195413323
21.0471310356801,0,0.0617673658141888,0,21.0471310356801,0.0617673658141888,0.0617673658141888,0.0617673658141888,0.047052745863464
16.8846431378076,0,0.0592246738975235,0,16.8846431378076,0.0592246738975235,0.0592246738975235,0.0592246738975235,0.0580511049145327
142.027144302285,0,0.0480428181832702,0,142.027144302285,0.0480428181832702,0.0480428181832702,0.0480428181832702,0.0151652887885014
10.8384906759069,0,-0.00221059163205814,0,10.8384906759069,-0.00221059163205814,-0.00221059163205814,-0.00221059163205814,0.0251376149245104
5.36034284274372,0,0.0126214961722838,0,5.36034284274372,0.0126214961722838,0.0126214961722838,0.0126214961722838,0.0439400124984659
14.6925462604222,0,-0.00458452472707301,0,14.6925462604222,-0.00458452472707301,-0.00458452472707301,-0.00458452472707301,0.0444254697733256
12.5310366569707,0,0.0109739413789005,0,12.5310366569707,0.0109739413789005,0.0109739413789005,0.0109739413789005,0.0301771491611757
11.0161041029769,0,-0.0031766917676102,0,11.0161041029769,-0.0031766917676102,-0.0031766917676102,-0.0031766917676102,0.0522005254908412
12.612078023469,0,-0.0597088928688878,0,12.612078023469,-0.0597088928688878,-0.0597088928688878,-0.0597088928688878,0.0322576765582896
27.9381463268887,0,-0.0196646199066465,0,27.9381463268887,-0.0196646199066465,-0.0196646199066465,-0.0196646199066465,0.0266030945529787
28.4056044215739,0,-0.0234835133541325,0,28.4056044215739,-0.0234835133541325,-0.0234835133541325,-0.0234835133541325,0.0460235649191708
13.4368696617468,0,0.0535402362440232,0,13.4368696617468,0.0535402362440232,0.0535402362440232,0.0535402362440232,0.0282079903838013
14.3373106913918,0,-0.0165868652445846,0,14.3373106913918,-0.0165868652445846,-0.0165868652445846,-0.0165868652445846,0.0475684856482902
25.9320346135502,0,-0.0232712391594247,0,25.9320346135502,-0.0232712391594247,-0.0232712391594247,-0.0232712391594247,0.0300519735078187
NA,NA,NA,NA,NA,NA,NA,NA,NA
3.48138260502119,0,-0.0431716232209931,0,3.48138260502119,-0.0431716232209931,-0.0431716232209931,-0.0431716232209931,0.0321818721032191
5.59197431763262,0,-0.0578220526680145,0,5.59197431763262,-0.0578220526680145,-0.0578220526680145,-0.0578220526680145,0.0290843221745671
7.10118523761685,0,-0.0285278978712163,0,7.10118523761685,-0.0285278978712163,-0.0285278978712163,-0.0285278978712163,0.0595492352872805
8.39406695268219,0,0.0167837864563465,0,8.39406695268219,0.0167837864563465,0.0167837864563465,0.0167837864563465,0.0322473662392579
6.68163411954067,0,0.0399525800720857,0,6.68163411954067,0.0399525800720857,0.0399525800720857,0.0399525800720857,0.0632642521725607
10.9419857642508,0,-0.0876235523401562,0,10.9419857642508,-0.0876235523401562,-0.0876235523401562,-0.0876235523401562,0.0336377588977628
9.567453602661,0,-0.0130573193727359,0,9.567453602661,-0.0130573193727359,-0.0130573193727359,-0.0130573193727359,0.0264340771076804
9.56764954052794,0,-0.00578932875863998,0,9.56764954052794,-0.00578932875863998,-0.00578932875863998,-0.00578932875863998,0.0288617279537588
9.58796747981615,0,0.00725905880614161,0,9.58796747981615,0.00725905880614161,0.00725905880614161,0.00725905880614161,0.0422687684348916
10.3415882006709,0,-0.0979591311963027,0,10.3415882006709,-0.0979591311963027,-0.0979591311963027,-0.0979591311963027,0.0379022425227411
9.03381024943225,0,-0.0258591277728825,0,9.03381024943225,-0.0258591277728825,-0.0258591277728825,-0.0258591277728825,0.0210013285642308
7.292171244769,0,0.0214216184583366,0,7.292171244769,0.0214216184583366,0.0214216184583366,0.0214216184583366,0.00787016036700002
10.6567948708008,0,0.0203455428827325,0,10.6567948708008,0.0203455428827325,0.0203455428827325,0.0203455428827325,0.0367174068081082
15.83958844307,0,0.0399832495665445,0,15.83958844307,0.0399832495665445,0.0399832495665445,0.0399832495665445,0.0130470310288665
17.7014293147066,0,0.0234372077444364,0,17.7014293147066,0.0234372077444364,0.0234372077444364,0.0234372077444364,0.0323786122878216
16.016217440795,0,-0.00369944404825601,0,16.016217440795,-0.00369944404825601,-0.00369944404825601,-0.00369944404825601,0.0376637682579198
13.5036026382197,0,0.0260526179813793,0,13.5036026382197,0.0260526179813793,0.0260526179813793,0.0260526179813793,0.0175137052055195
13.9836050997556,0,-0.0596374353307077,0,13.9836050997556,-0.0596374353307077,-0.0596374353307077,-0.0596374353307077,0.0260159424457815
11.3110693140974,0,0.00982781565554414,0,11.3110693140974,0.00982781565554414,0.00982781565554414,0.00982781565554414,0.0152975413868066
20.6083384757102,0,-0.0196913974375486,0,20.6083384757102,-0.0196913974375486,-0.0196913974375486,-0.0196913974375486,0.0564075951702511
12.3671082351961,0,0.0210231372322994,0,12.3671082351961,0.0210231372322994,0.0210231372322994,0.0210231372322994,0.0160828742749283
12.3654554745313,0,-0.0686880413546458,0,12.3654554745313,-0.0686880413546458,-0.0686880413546458,-0.0686880413546458,0.0513325050706189
19.2556223171704,0,0.0285945738844167,0,19.2556223171704,0.0285945738844167,0.0285945738844167,0.0285945738844167,0.0139726523520546
34.7312424253189,0,0.00360906084633839,0,34.7312424253189,0.00360906084633839,0.00360906084633839,0.00360906084633839,0.017575833019559
54.7209102152747,0,0.0196726221291343,0,54.7209102152747,0.0196726221291343,0.0196726221291343,0.0196726221291343,0.0109274670854921
9.76552332936977,0,0.00564706861610557,0,9.76552332936977,0.00564706861610557,0.00564706861610557,0.00564706861610557,0.022210163633412
8.22166390729103,0,0.0200227074138689,0,8.22166390729103,0.0200227074138689,0.0200227074138689,0.0200227074138689,0.0889316774406693
11.7030101268542,0,0.0664031592294417,0,11.7030101268542,0.0664031592294417,0.0664031592294417,0.0664031592294417,0.0318702419669784
7.36539602284415,0,-0.0247872150245361,0,7.36539602284415,-0.0247872150245361,-0.0247872150245361,-0.0247872150245361,0.114121672795408
9.34902839864339,0,-0.0319037471830898,0,9.34902839864339,-0.0319037471830898,-0.0319037471830898,-0.0319037471830898,0.0353702402159913
12.5616640281909,0,0.00441577973083164,0,12.5616640281909,0.00441577973083164,0.00441577973083164,0.00441577973083164,0.0138459086615911
9.90269087384876,0,-0.0238997733934269,0,9.90269087384876,-0.0238997733934269,-0.0238997733934269,-0.0238997733934269,0.140365006537693
10.8363107906744,0,-0.028098390818107,0,10.8363107906744,-0.028098390818107,-0.028098390818107,-0.028098390818107,0.071926050301895
11.7003583105711,0,-0.00186774348468509,0,11.7003583105711,-0.00186774348468509,-0.00186774348468509,-0.00186774348468509,0.00589871207554302
14.1717804897526,0,0.027255899623745,0,14.1717804897526,0.027255899623745,0.027255899623745,0.027255899623745,0.0438772018708798
11.3171115233183,0,-0.0301299566297987,0,11.3171115233183,-0.0301299566297987,-0.0301299566297987,-0.0301299566297987,0.0549217163119364
12.491172371433,0,0.00616174807970621,0,12.491172371433,0.00616174807970621,0.00616174807970621,0.00616174807970621,0.0405245193389735
26.705767275507,0,-0.098143737211913,0,26.705767275507,-0.098143737211913,-0.098143737211913,-0.098143737211913,0.0957453613360952
23.3384346785706,0,0.0173424537425691,0,23.3384346785706,0.0173424537425691,0.0173424537425691,0.0173424537425691,0.0189266195413323
21.0471310356801,0,0.0617673658141888,0,21.0471310356801,0.0617673658141888,0.0617673658141888,0.0617673658141888,0.047052745863464
16.8846431378076,0,0.0592246738975235,0,16.8846431378076,0.0592246738975235,0.0592246738975235,0.0592246738975235,0.0580511049145327
142.027144302285,0,0.0480428181832702,0,142.027144302285,0.0480428181832702,0.0480428181832702,0.0480428181832702,0.0151652887885014
10.8384906759069,0,-0.00221059163205814,0,10.8384906759069,-0.00221059163205814,-0.00221059163205814,-0.00221059163205814,0.0251376149245104
5.36034284274372,0,0.0126214961722838,0,5.36034284274372,0.0126214961722838,0.0126214961722838,0.0126214961722838,0.0439400124984659
14.6925462604222,0,-0.00458452472707301,0,14.6925462604222,-0.00458452472707301,-0.00458452472707301,-0.00458452472707301,0.0444254697733256
12.5310366569707,0,0.0109739413789005,0,12.5310366569707,0.0109739413789005,0.0109739413789005,0.0109739413789005,0.0301771491611757
11.0161041029769,0,-0.0031766917676102,0,11.0161041029769,-0.0031766917676102,-0.0031766917676102,-0.0031766917676102,0.0522005254908412
12.612078023469,0,-0.0597088928688878,0,12.612078023469,-0.0597088928688878,-0.0597088928688878,-0.0597088928688878,0.0322576765582896
27.9381463268887,0,-0.0196646199066465,0,27.9381463268887,-0.0196646199066465,-0.0196646199066465,-0.0196646199066465,0.0266030945529787
28.4056044215739,0,-0.0234835133541325,0,28.4056044215739,-0.0234835133541325,-0.0234835133541325,-0.0234835133541325,0.0460235649191708
13.4368696617468,0,0.0535402362440232,0,13.4368696617468,0.0535402362440232,0.0535402362440232,0.0535402362440232,0.0282079903838013
14.3373106913918,0,-0.0165868652445846,0,14.3373106913918,-0.0165868652445846,-0.0165868652445846,-0.0165868652445846,0.0475684856482902
25.9320346135502,0,-0.0232712391594247,0,25.9320346135502,-0.0232712391594247,-0.0232712391594247,-0.0232712391594247,0.0300519735078187
NA,NA,NA,NA,NA,NA,NA,NA,NA
3.48138260502119,0,-0.0431716232209931,0,3.48138260502119,-0.0431716232209931,-0.0431716232209931,-0.0431716232209931,0.0321818721032191
5.59197431763262,0,-0.0578220526680145,0,5.59197431763262,-0.0578220526680145,-0.0578220526680145,-0.0578220526680145,0.0290843221745671
7.10118523761685,0,-0.0285278978712163,0,7.10118523761685,-0.0285278978712163,-0.0285278978712163,-0.0285278978712163,0.0595492352872805
8.39406695268219,0,0.0167837864563465,0,8.39406695268219,0.0167837864563465,0.0167837864563465,0.0167837864563465,0.0322473662392579
6.68163411954067,0,0.0399525800720857,0,6.68163411954067,0.0399525800720857,0.0399525800720857,0.0399525800720857,0.0632642521725607
10.9419857642508,0,-0.0876235523401562,0,10.9419857642508,-0.0876235523401562,-0.0876235523401562,-0.0876235523401562,0.0336377588977628
9.567453602661,0,-0.0130573193727359,0,9.567453602661,-0.0130573193727359,-0.0130573193727359,-0.0130573193727359,0.0264340771076804
9.56764954052794,0,-0.00578932875863998,0,9.56764954052794,-0.00578932875863998,-0.00578932875863998,-0.00578932875863998,0.0288617279537588
9.58796747981615,0,0.00725905880614161,0,9.58796747981615,0.00725905880614161,0.00725905880614161,0.00725905880614161,0.0422687684348916
10.3415882006709,0,-0.0979591311963027,0,10.3415882006709,-0.0979591311963027,-0.0979591311963027,-0.0979591311963027,0.0379022425227411
9.03381024943225,0,-0.0258591277728825,0,9.03381024943225,-0.0258591277728825,-0.0258591277728825,-0.0258591277728825,0.0210013285642308
7.292171244769,0,0.0214216184583366,0,7.292171244769,0.0214216184583366,0.0214216184583366,0.0214216184583366,0.00787016036700002
10.6567948708008,0,0.0203455428827325,0,10.6567948708008,0.0203455428827325,0.0203455428827325,0.0203455428827325,0.0367174068081082
15.83958844307,0,0.0399832495665445,0,15.83958844307,0.0399832495665445,0.0399832495665445,0.0399832495665445,0.0130470310288665
17.7014293147066,0,0.0234372077444364,0,17.7014293147066,0.0234372077444364,0.0234372077444364,0.0234372077444364,0.0323786122878216
16.016217440795,0,-0.00369944404825601,0,16.016217440795,-0.00369944404825601,-0.00369944404825601,-0.00369944404825601,0.0376637682579198
13.5036026382197,0,0.0260526179813793,0,13.5036026382197,0.0260526179813793,0.0260526179813793,0.0260526179813793,0.0175137052055195
13.9836050997556,0,-0.0596374353307077,0,13.9836050997556,-0.0596374353307077,-0.0596374353307077,-0.0596374353307077,0.0260159424457815
11.3110693140974,0,0.00982781565554414,0,11.3110693140974,0.00982781565554414,0.00982781565554414,0.00982781565554414,0.0152975413868066
20.6083384757102,0,-0.0196913974375486,0,20.6083384757102,-0.0196913974375486,-0.0196913974375486,-0.0196913974375486,0.0564075951702511
12.3671082351961,0,0.0210231372322994,0,12.3671082351961,0.0210231372322994,0.0210231372322994,0.0210231372322994,0.0160828742749283
12.3654554745313,0,-0.0686880413546458,0,12.3654554745313,-0.0686880413546458,-0.0686880413546458,-0.0686880413546458,0.0513325050706189
19.2556223171704,0,0.0285945738844167,0,19.2556223171704,0.0285945738844167,0.0285945738844167,0.0285945738844167,0.0139726523520546
34.7312424253189,0,0.00360906084633839,0,34.7312424253189,0.00360906084633839,0.00360906084633839,0.00360906084633839,0.017575833019559
54.7209102152747,0,0.0196726221291343,0,54.7209102152747,0.0196726221291343,0.0196726221291343,0.0196726221291343,0.0109274670854921
9.76552332936977,0,0.00564706861610557,0,9.76552332936977,0.00564706861610557,0.00564706861610557,0.00564706861610557,0.022210163633412
8.22166390729103,0,0.0200227074138689,0,8.22166390729103,0.0200227074138689,0.0200227074138689,0.0200227074138689,0.0889316774406693
11.7030101268542,0,0.0664031592294417,0,11.7030101268542,0.0664031592294417,0.0664031592294417,0.0664031592294417,0.0318702419669784
7.36539602284415,0,-0.0247872150245361,0,7.36539602284415,-0.0247872150245361,-0.0247872150245361,-0.0247872150245361,0.114121672795408
9.34902839864339,0,-0.0319037471830898,0,9.34902839864339,-0.0319037471830898,-0.0319037471830898,-0.0319037471830898,0.0353702402159913
12.5616640281909,0,0.00441577973083164,0,12.5616640281909,0.00441577973083164,0.00441577973083164,0.00441577973083164,0.0138459086615911
9.90269087384876,0,-0.0238997733934269,0,9.90269087384876,-0.0238997733934269,-0.0238997733934269,-0.0238997733934269,0.140365006537693
10.8363107906744,0,-0.028098390818107,0,10.8363107906744,-0.028098390818107,-0.028098390818107,-0.028098390818107,0.071926050301895
11.7003583105711,0,-0.00186774348468509,0,11.7003583105711,-0.00186774348468509,-0.00186774348468509,-0.00186774348468509,0.00589871207554302
14.1717804897526,0,0.027255899623745,0,14.1717804897526,0.027255899623745,0.027255899623745,0.027255899623745,0.0438772018708798
11.3171115233183,0,-0.0301299566297987,0,11.3171115233183,-0.0301299566297987,-0.0301299566297987,-0.0301299566297987,0.0549217163119364
12.491172371433,0,0.00616174807970621,0,12.491172371433,0.00616174807970621,0.00616174807970621,0.00616174807970621,0.0405245193389735
26.705767275507,0,-0.098143737211913,0,26.705767275507,-0.098143737211913,-0.098143737211913,-0.098143737211913,0.0957453613360952
23.3384346785706,0,0.0173424537425691,0,23.3384346785706,0.0173424537425691,0.0173424537425691,0.0173424537425691,0.0189266195413323
21.0471310356801,0,0.0617673658141888,0,21.0471310356801,0.0617673658141888,0.0617673658141888,0.0617673658141888,0.047052745863464
16.8846431378076,0,0.0592246738975235,0,16.8846431378076,0.0592246738975235,0.0592246738975235,0.0592246738975235,0.0580511049145327
142.027144302285,0,0.0480428181832702,0,142.027144302285,0.0480428181832702,0.0480428181832702,0.0480428181832702,0.0151652887885014
10.8384906759069,0,-0.00221059163205814,0,10.8384906759069,-0.00221059163205814,-0.00221059163205814,-0.00221059163205814,0.0251376149245104
5.36034284274372,0,0.0126214961722838,0,5.36034284274372,0.0126214961722838,0.0126214961722838,0.0126214961722838,0.0439400124984659
14.6925462604222,0,-0.00458452472707301,0,14.6925462604222,-0.00458452472707301,-0.00458452472707301,-0.00458452472707301,0.0444254697733256
12.5310366569707,0,0.0109739413789005,0,12.5310366569707,0.0109739413789005,0.0109739413789005,0.0109739413789005,0.0301771491611757
11.0161041029769,0,-0.0031766917676102,0,11.0161041029769,-0.0031766917676102,-0.0031766917676102,-0.0031766917676102,0.0522005254908412
12.612078023469,0,-0.0597088928688878,0,12.612078023469,-0.0597088928688878,-0.0597088928688878,-0.0597088928688878,0.0322576765582896
27.9381463268887,0,-0.0196646199066465,0,27.9381463268887,-0.0196646199066465,-0.0196646199066465,-0.0196646199066465,0.0266030945529787
28.4056044215739,0,-0.0234835133541325,0,28.4056044215739,-0.0234835133541325,-0.0234835133541325,-0.0234835133541325,0.0460235649191708
13.4368696617468,0,0.0535402362440232,0,13.4368696617468,0.0535402362440232,0.0535402362440232,0.0535402362440232,0.0282079903838013
14.3373106913918,0,-0.0165868652445846,0,14.3373106913918,-0.0165868652445846,-0.0165868652445846,-0.0165868652445846,0.0475684856482902
25.9320346135502,0,-0.0232712391594247,0,25.9320346135502,-0.0232712391594247,-0.0232712391594247,-0.0232712391594247,0.0300519735078187
NA,NA,NA,NA,NA,NA,NA,NA,NA
3.48138260502119,0,-0.0431716232209931,0,3.48138260502119,-0.0431716232209931,-0.0431716232209931,-0.0431716232209931,0.0321818721032191
5.59197431763262,0,-0.0578220526680145,0,5.59197431763262,-0.0578220526680145,-0.0578220526680145,-0.0578220526680145,0.0290843221745671
7.10118523761685,0,-0.0285278978712163,0,7.10118523761685,-0.0285278978712163,-0.0285278978712163,-0.0285278978712163,0.0595492352872805
8.39406695268219,0,0.0167837864563465,0,8.39406695268219,0.0167837864563465,0.0167837864563465,0.0167837864563465,0.0322473662392579
6.68163411954067,0,0.0399525800720857,0,6.68163411954067,0.0399525800720857,0.0399525800720857,0.0399525800720857,0.0632642521725607
10.9419857642508,0,-0.0876235523401562,0,10.9419857642508,-0.0876235523401562,-0.0876235523401562,-0.0876235523401562,0.0336377588977628
9.567453602661,0,-0.0130573193727359,0,9.567453602661,-0.0130573193727359,-0.0130573193727359,-0.0130573193727359,0.0264340771076804
9.56764954052794,0,-0.00578932875863998,0,9.56764954052794,-0.00578932875863998,-0.00578932875863998,-0.00578932875863998,0.0288617279537588
9.58796747981615,0,0.00725905880614161,0,9.58796747981615,0.00725905880614161,0.00725905880614161,0.00725905880614161,0.0422687684348916
10.3415882006709,0,-0.0979591311963027,0,10.3415882006709,-0.0979591311963027,-0.0979591311963027,-0.0979591311963027,0.0379022425227411
9.03381024943225,0,-0.0258591277728825,0,9.03381024943225,-0.0258591277728825,-0.0258591277728825,-0.0258591277728825,0.0210013285642308
7.292171244769,0,0.0214216184583366,0,7.292171244769,0.0214216184583366,0.0214216184583366,0.0214216184583366,0.00787016036700002
10.6567948708008,0,0.0203455428827325,0,10.6567948708008,0.0203455428827325,0.0203455428827325,0.0203455428827325,0.0367174068081082
15.83958844307,0,0.0399832495665445,0,15.83958844307,0.0399832495665445,0.0399832495665445,0.0399832495665445,0.0130470310288665
17.7014293147066,0,0.0234372077444364,0,17.7014293147066,0.0234372077444364,0.0234372077444364,0.0234372077444364,0.0323786122878216
18.1343346159182,0,-0.039038202552074,0,18.1343346159182,-0.039038202552074,-0.039038202552074,-0.039038202552074,0.0164122723756369
13.5036026382197,0,0.0260526179813793,0,13.5036026382197,0.0260526179813793,0.0260526179813793,0.0260526179813793,0.0175137052055195
13.9836050997556,0,-0.0596374353307077,0,13.9836050997556,-0.0596374353307077,-0.0596374353307077,-0.0596374353307077,0.0260159424457815
11.3110693140974,0,0.00982781565554414,0,11.3110693140974,0.00982781565554414,0.00982781565554414,0.00982781565554414,0.0152975413868066
20.6083384757102,0,-0.0196913974375486,0,20.6083384757102,-0.0196913974375486,-0.0196913974375486,-0.0196913974375486,0.0564075951702511
12.3671082351961,0,0.0210231372322994,0,12.3671082351961,0.0210231372322994,0.0210231372322994,0.0210231372322994,0.0160828742749283
12.3654554745313,0,-0.0686880413546458,0,12.3654554745313,-0.0686880413546458,-0.0686880413546458,-0.0686880413546458,0.0513325050706189
19.2556223171704,0,0.0285945738844167,0,19.2556223171704,0.0285945738844167,0.0285945738844167,0.0285945738844167,0.0139726523520546
34.7312424253189,0,0.00360906084633839,0,34.7312424253189,0.00360906084633839,0.00360906084633839,0.00360906084633839,0.017575833019559
54.7209102152747,0,0.0196726221291343,0,54.7209102152747,0.0196726221291343,0.0196726221291343,0.0196726221291343,0.0109274670854921
9.76552332936977,0,0.00564706861610557,0,9.76552332936977,0.00564706861610557,0.00564706861610557,0.00564706861610557,0.022210163633412
8.22166390729103,0,0.0200227074138689,0,8.22166390729103,0.0200227074138689,0.0200227074138689,0.0200227074138689,0.0889316774406693
11.7030101268542,0,0.0664031592294417,0,11.7030101268542,0.0664031592294417,0.0664031592294417,0.0664031592294417,0.0318702419669784
7.36539602284415,0,-0.0247872150245361,0,7.36539602284415,-0.0247872150245361,-0.0247872150245361,-0.0247872150245361,0.114121672795408
9.34902839864339,0,-0.0319037471830898,0,9.34902839864339,-0.0319037471830898,-0.0319037471830898,-0.0319037471830898,0.0353702402159913
12.5616640281909,0,0.00441577973083164,0,12.5616640281909,0.00441577973083164,0.00441577973083164,0.00441577973083164,0.0138459086615911
9.90269087384876,0,-0.0238997733934269,0,9.90269087384876,-0.0238997733934269,-0.0238997733934269,-0.0238997733934269,0.140365006537693
10.8363107906744,0,-0.028098390818107,0,10.8363107906744,-0.028098390818107,-0.028098390818107,-0.028098390818107,0.071926050301895
11.7003583105711,0,-0.00186774348468509,0,11.7003583105711,-0.00186774348468509,-0.00186774348468509,-0.00186774348468509,0.00589871207554302
14.1717804897526,0,0.027255899623745,0,14.1717804897526,0.027255899623745,0.027255899623745,0.027255899623745,0.0438772018708798
11.3171115233183,0,-0.0301299566297987,0,11.3171115233183,-0.0301299566297987,-0.0301299566297987,-0.0301299566297987,0.0549217163119364
12.491172371433,0,0.00616174807970621,0,12.491172371433,0.00616174807970621,0.00616174807970621,0.00616174807970621,0.0405245193389735
26.705767275507,0,-0.098143737211913,0,26.705767275507,-0.098143737211913,-0.098143737211913,-0.098143737211913,0.0957453613360952
23.3384346785706,0,0.0173424537425691,0,23.3384346785706,0.0173424537425691,0.0173424537425691,0.0173424537425691,0.0189266195413323
21.0471310356801,0,0.0617673658141888,0,21.0471310356801,0.0617673658141888,0.0617673658141888,0.0617673658141888,0.047052745863464
16.8846431378076,0,0.0592246738975235,0,16.8846431378076,0.0592246738975235,0.0592246738975235,0.0592246738975235,0.0580511049145327
142.027144302285,0,0.0480428181832702,0,142.027144302285,0.0480428181832702,0.0480428181832702,0.0480428181832702,0.0151652887885014
10.8384906759069,0,-0.00221059163205814,0,10.8384906759069,-0.00221059163205814,-0.00221059163205814,-0.00221059163205814,0.0251376149245104
5.36034284274372,0,0.0126214961722838,0,5.36034284274372,0.0126214961722838,0.0126214961722838,0.0126214961722838,0.0439400124984659
14.6925462604222,0,-0.00458452472707301,0,14.6925462604222,-0.00458452472707301,-0.00458452472707301,-0.00458452472707301,0.0444254697733256
12.5310366569707,0,0.0109739413789005,0,12.5310366569707,0.0109739413789005,0.0109739413789005,0.0109739413789005,0.0301771491611757
11.0161041029769,0,-0.0031766917676102,0,11.0161041029769,-0.0031766917676102,-0.0031766917676102,-0.0031766917676102,0.0522005254908412
12.612078023469,0,-0.0597088928688878,0,12.612078023469,-0.0597088928688878,-0.0597088928688878,-0.0597088928688878,0.0322576765582896
27.9381463268887,0,-0.0196646199066465,0,27.9381463268887,-0.0196646199066465,-0.0196646199066465,-0.0196646199066465,0.0266030945529787
28.4056044215739,0,-0.0234835133541325,0,28.4056044215739,-0.0234835133541325,-0.0234835133541325,-0.0234835133541325,0.0460235649191708
13.4368696617468,0,0.0535402362440232,0,13.4368696617468,0.0535402362440232,0.0535402362440232,0.0535402362440232,0.0282079903838013
14.3373106913918,0,-0.0165868652445846,0,14.3373106913918,-0.0165868652445846,-0.0165868652445846,-0.0165868652445846,0.0475684856482902
25.9320346135502,0,-0.0232712391594247,0,25.9320346135502,-0.0232712391594247,-0.0232712391594247,-0.0232712391594247,0.0300519735078187
NA,NA,NA,NA,NA,NA,NA,NA,NA
3.48138260502119,0,-0.0431716232209931,0,3.48138260502119,-0.0431716232209931,-0.0431716232209931,-0.0431716232209931,0.0321818721032191
5.59197431763262,0,-0.0578220526680145,0,5.59197431763262,-0.0578220526680145,-0.0578220526680145,-0.0578220526680145,0.0290843221745671
7.10118523761685,0,-0.0285278978712163,0,7.10118523761685,-0.0285278978712163,-0.0285278978712163,-0.0285278978712163,0.0595492352872805
8.39406695268219,0,0.0167837864563465,0,8.39406695268219,0.0167837864563465,0.0167837864563465,0.0167837864563465,0.0322473662392579
6.68163411954067,0,0.0399525800720857,0,6.68163411954067,0.0399525800720857,0.0399525800720857,0.0399525800720857,0.0632642521725607
10.9419857642508,0,-0.0876235523401562,0,10.9419857642508,-0.0876235523401562,-0.0876235523401562,-0.0876235523401562,0.0336377588977628
9.567453602661,0,-0.0130573193727359,0,9.567453602661,-0.0130573193727359,-0.0130573193727359,-0.0130573193727359,0.0264340771076804
9.56764954052794,0,-0.00578932875863998,0,9.56764954052794,-0.00578932875863998,-0.00578932875863998,-0.00578932875863998,0.0288617279537588
9.58796747981615,0,0.00725905880614161,0,9.58796747981615,0.00725905880614161,0.00725905880614161,0.00725905880614161,0.0422687684348916
10.3415882006709,0,-0.0979591311963027,0,10.3415882006709,-0.0979591311963027,-0.0979591311963027,-0.0979591311963027,0.0379022425227411
9.03381024943225,0,-0.0258591277728825,0,9.03381024943225,-0.0258591277728825,-0.0258591277728825,-0.0258591277728825,0.0210013285642308
7.292171244769,0,0.0214216184583366,0,7.292171244769,0.0214216184583366,0.0214216184583366,0.0214216184583366,0.00787016036700002
10.6567948708008,0,0.0203455428827325,0,10.6567948708008,0.0203455428827325,0.0203455428827325,0.0203455428827325,0.0367174068081082
15.83958844307,0,0.0399832495665445,0,15.83958844307,0.0399832495665445,0.0399832495665445,0.0399832495665445,0.0130470310288665
17.7014293147066,0,0.0234372077444364,0,17.7014293147066,0.0234372077444364,0.0234372077444364,0.0234372077444364,0.0323786122878216
18.1343346159182,0,-0.039038202552074,0,18.1343346159182,-0.039038202552074,-0.039038202552074,-0.039038202552074,0.0164122723756369
13.5036026382197,0,0.0260526179813793,0,13.5036026382197,0.0260526179813793,0.0260526179813793,0.0260526179813793,0.0175137052055195
13.9836050997556,0,-0.0596374353307077,0,13.9836050997556,-0.0596374353307077,-0.0596374353307077,-0.0596374353307077,0.0260159424457815
11.3110693140974,0,0.00982781565554414,0,11.3110693140974,0.00982781565554414,0.00982781565554414,0.00982781565554414,0.0152975413868066
20.6083384757102,0,-0.0196913974375486,0,20.6083384757102,-0.0196913974375486,-0.0196913974375486,-0.0196913974375486,0.0564075951702511
12.3671082351961,0,0.0210231372322994,0,12.3671082351961,0.0210231372322994,0.0210231372322994,0.0210231372322994,0.0160828742749283
12.3654554745313,0,-0.0686880413546458,0,12.3654554745313,-0.0686880413546458,-0.0686880413546458,-0.0686880413546458,0.0513325050706189
19.2556223171704,0,0.0285945738844167,0,19.2556223171704,0.0285945738844167,0.0285945738844167,0.0285945738844167,0.0139726523520546
34.7312424253189,0,0.00360906084633839,0,34.7312424253189,0.00360906084633839,0.00360906084633839,0.00360906084633839,0.017575833019559
54.7209102152747,0,0.0196726221291343,0,54.7209102152747,0.0196726221291343,0.0196726221291343,0.0196726221291343,0.0109274670854921
9.76552332936977,0,0.00564706861610557,0,9.76552332936977,0.00564706861610557,0.00564706861610557,0.00564706861610557,0.022210163633412
8.22166390729103,0,0.0200227074138689,0,8.22166390729103,0.0200227074138689,0.0200227074138689,0.0200227074138689,0.0889316774406693
11.7030101268542,0,0.0664031592294417,0,11.7030101268542,0.0664031592294417,0.0664031592294417,0.0664031592294417,0.0318702419669784
7.36539602284415,0,-0.0247872150245361,0,7.36539602284415,-0.0247872150245361,-0.0247872150245361,-0.0247872150245361,0.114121672795408
9.34902839864339,0,-0.0319037471830898,0,9.34902839864339,-0.0319037471830898,-0.0319037471830898,-0.0319037471830898,0.0353702402159913
12.5616640281909,0,0.00441577973083164,0,12.5616640281909,0.00441577973083164,0.00441577973083164,0.00441577973083164,0.0138459086615911
9.90269087384876,0,-0.0238997733934269,0,9.90269087384876,-0.0238997733934269,-0.0238997733934269,-0.0238997733934269,0.140365006537693
10.8363107906744,0,-0.028098390818107,0,10.8363107906744,-0.028098390818107,-0.028098390818107,-0.028098390818107,0.071926050301895
11.7003583105711,0,-0.00186774348468509,0,11.7003583105711,-0.00186774348468509,-0.00186774348468509,-0.00186774348468509,0.00589871207554302
14.1717804897526,0,0.027255899623745,0,14.1717804897526,0.027255899623745,0.027255899623745,0.027255899623745,0.0438772018708798
11.3171115233183,0,-0.0301299566297987,0,11.3171115233183,-0.0301299566297987,-0.0301299566297987,-0.0301299566297987,0.0549217163119364
12.491172371433,0,0.00616174807970621,0,12.491172371433,0.00616174807970621,0.00616174807970621,0.00616174807970621,0.0405245193389735
26.705767275507,0,-0.098143737211913,0,26.705767275507,-0.098143737211913,-0.098143737211913,-0.098143737211913,0.0957453613360952
23.3384346785706,0,0.0173424537425691,0,23.3384346785706,0.0173424537425691,0.0173424537425691,0.0173424537425691,0.0189266195413323
21.0471310356801,0,0.0617673658141888,0,21.0471310356801,0.0617673658141888,0.0617673658141888,0.0617673658141888,0.047052745863464
16.8846431378076,0,0.0592246738975235,0,16.8846431378076,0.0592246738975235,0.0592246738975235,0.0592246738975235,0.0580511049145327
142.027144302285,0,0.0480428181832702,0,142.027144302285,0.0480428181832702,0.0480428181832702,0.0480428181832702,0.0151652887885014
10.8384906759069,0,-0.00221059163205814,0,10.8384906759069,-0.00221059163205814,-0.00221059163205814,-0.00221059163205814,0.0251376149245104
5.36034284274372,0,0.0126214961722838,0,5.36034284274372,0.0126214961722838,0.0126214961722838,0.0126214961722838,0.0439400124984659
14.6925462604222,0,-0.00458452472707301,0,14.6925462604222,-0.00458452472707301,-0.00458452472707301,-0.00458452472707301,0.0444254697733256
12.5310366569707,0,0.0109739413789005,0,12.5310366569707,0.0109739413789005,0.0109739413789005,0.0109739413789005,0.0301771491611757
11.0161041029769,0,-0.0031766917676102,0,11.0161041029769,-0.0031766917676102,-0.0031766917676102,-0.0031766917676102,0.0522005254908412
12.612078023469,0,-0.0597088928688878,0,12.612078023469,-0.0597088928688878,-0.0597088928688878,-0.0597088928688878,0.0322576765582896
27.9381463268887,0,-0.0196646199066465,0,27.9381463268887,-0.0196646199066465,-0.0196646199066465,-0.0196646199066465,0.0266030945529787
28.4056044215739,0,-0.0234835133541325,0,28.4056044215739,-0.0234835133541325,-0.0234835133541325,-0.0234835133541325,0.0460235649191708
13.4368696617468,0,0.0535402362440232,0,13.4368696617468,0.0535402362440232,0.0535402362440232,0.0535402362440232,0.0282079903838013
14.3373106913918,0,-0.0165868652445846,0,14.3373106913918,-0.0165868652445846,-0.0165868652445846,-0.0165868652445846,0.0475684856482902
25.9320346135502,0,-0.0232712391594247,0,25.9320346135502,-0.0232712391594247,-0.0232712391594247,-0.0232712391594247,0.0300519735078187
NA,NA,NA,NA,NA,NA,NA,NA,NA
3.48138260502119,0,-0.0431716232209931,0,3.48138260502119,-0.0431716232209931,-0.0431716232209931,-0.0431716232209931,0.0321818721032191
5.59197431763262,0,-0.0578220526680145,0,5.59197431763262,-0.0578220526680145,-0.0578220526680145,-0.0578220526680145,0.0290843221745671
7.10118523761685,0,-0.0285278978712163,0,7.10118523761685,-0.0285278978712163,-0.0285278978712163,-0.0285278978712163,0.0595492352872805
8.39406695268219,0,0.0167837864563465,0,8.39406695268219,0.0167837864563465,0.0167837864563465,0.0167837864563465,0.0322473662392579
6.68163411954067,0,0.0399525800720857,0,6.68163411954067,0.0399525800720857,0.0399525800720857,0.0399525800720857,0.0632642521725607
10.9419857642508,0,-0.0876235523401562,0,10.9419857642508,-0.0876235523401562,-0.0876235523401562,-0.0876235523401562,0.0336377588977628
9.567453602661,0,-0.0130573193727359,0,9.567453602661,-0.0130573193727359,-0.0130573193727359,-0.0130573193727359,0.0264340771076804
9.56764954052794,0,-0.00578932875863998,0,9.56764954052794,-0.00578932875863998,-0.00578932875863998,-0.00578932875863998,0.0288617279537588
9.58796747981615,0,0.00725905880614161,0,9.58796747981615,0.00725905880614161,0.00725905880614161,0.00725905880614161,0.0422687684348916
10.3415882006709,0,-0.0979591311963027,0,10.3415882006709,-0.0979591311963027,-0.0979591311963027,-0.0979591311963027,0.0379022425227411
9.03381024943225,0,-0.0258591277728825,0,9.03381024943225,-0.0258591277728825,-0.0258591277728825,-0.0258591277728825,0.0210013285642308
7.292171244769,0,0.0214216184583366,0,7.292171244769,0.0214216184583366,0.0214216184583366,0.0214216184583366,0.00787016036700002
10.6567948708008,0,0.0203455428827325,0,10.6567948708008,0.0203455428827325,0.0203455428827325,0.0203455428827325,0.0367174068081082
15.83958844307,0,0.0399832495665445,0,15.83958844307,0.0399832495665445,0.0399832495665445,0.0399832495665445,0.0130470310288665
17.7014293147066,0,0.0234372077444364,0,17.7014293147066,0.0234372077444364,0.0234372077444364,0.0234372077444364,0.0323786122878216
18.1343346159182,0,-0.039038202552074,0,18.1343346159182,-0.039038202552074,-0.039038202552074,-0.039038202552074,0.0164122723756369
13.5036026382197,0,0.0260526179813793,0,13.5036026382197,0.0260526179813793,0.0260526179813793,0.0260526179813793,0.0175137052055195
13.9836050997556,0,-0.0596374353307077,0,13.9836050997556,-0.0596374353307077,-0.0596374353307077,-0.0596374353307077,0.0260159424457815
11.3110693140974,0,0.00982781565554414,0,11.3110693140974,0.00982781565554414,0.00982781565554414,0.00982781565554414,0.0152975413868066
20.6083384757102,0,-0.0196913974375486,0,20.6083384757102,-0.0196913974375486,-0.0196913974375486,-0.0196913974375486,0.0564075951702511
12.3671082351961,0,0.0210231372322994,0,12.3671082351961,0.0210231372322994,0.0210231372322994,0.0210231372322994,0.0160828742749283
12.3654554745313,0,-0.0686880413546458,0,12.3654554745313,-0.0686880413546458,-0.0686880413546458,-0.0686880413546458,0.0513325050706189
19.2556223171704,0,0.0285945738844167,0,19.2556223171704,0.0285945738844167,0.0285945738844167,0.0285945738844167,0.0139726523520546
34.7312424253189,0,0.00360906084633839,0,34.7312424253189,0.00360906084633839,0.00360906084633839,0.00360906084633839,0.017575833019559
54.7209102152747,0,0.0196726221291343,0,54.7209102152747,0.0196726221291343,0.0196726221291343,0.0196726221291343,0.0109274670854921
9.76552332936977,0,0.00564706861610557,0,9.76552332936977,0.00564706861610557,0.00564706861610557,0.00564706861610557,0.022210163633412
8.22166390729103,0,0.0200227074138689,0,8.22166390729103,0.0200227074138689,0.0200227074138689,0.0200227074138689,0.0889316774406693
11.7030101268542,0,0.0664031592294417,0,11.7030101268542,0.0664031592294417,0.0664031592294417,0.0664031592294417,0.0318702419669784
7.36539602284415,0,-0.0247872150245361,0,7.36539602284415,-0.0247872150245361,-0.0247872150245361,-0.0247872150245361,0.114121672795408
9.34902839864339,0,-0.0319037471830898,0,9.34902839864339,-0.0319037471830898,-0.0319037471830898,-0.0319037471830898,0.0353702402159913
12.5616640281909,0,0.00441577973083164,0,12.5616640281909,0.00441577973083164,0.00441577973083164,0.00441577973083164,0.0138459086615911
9.90269087384876,0,-0.0238997733934269,0,9.90269087384876,-0.0238997733934269,-0.0238997733934269,-0.0238997733934269,0.140365006537693
10.8363107906744,0,-0.028098390818107,0,10.8363107906744,-0.028098390818107,-0.028098390818107,-0.028098390818107,0.071926050301895
11.7003583105711,0,-0.00186774348468509,0,11.7003583105711,-0.00186774348468509,-0.00186774348468509,-0.00186774348468509,0.00589871207554302
14.1717804897526,0,0.027255899623745,0,14.1717804897526,0.027255899623745,0.027255899623745,0.027255899623745,0.0438772018708798
11.3171115233183,0,-0.0301299566297987,0,11.3171115233183,-0.0301299566297987,-0.0301299566297987,-0.0301299566297987,0.0549217163119364
12.491172371433,0,0.00616174807970621,0,12.491172371433,0.00616174807970621,0.00616174807970621,0.00616174807970621,0.0405245193389735
26.705767275507,0,-0.098143737211913,0,26.705767275507,-0.098143737211913,-0.098143737211913,-0.098143737211913,0.0957453613360952
23.3384346785706,0,0.0173424537425691,0,23.3384346785706,0.0173424537425691,0.0173424537425691,0.0173424537425691,0.0189266195413323
21.0471310356801,0,0.0617673658141888,0,21.0471310356801,0.0617673658141888,0.0617673658141888,0.0617673658141888,0.047052745863464
16.8846431378076,0,0.0592246738975235,0,16.8846431378076,0.0592246738975235,0.0592246738975235,0.0592246738975235,0.0580511049145327
142.027144302285,0,0.0480428181832702,0,142.027144302285,0.0480428181832702,0.0480428181832702,0.0480428181832702,0.0151652887885014
10.8384906759069,0,-0.00221059163205814,0,10.8384906759069,-0.00221059163205814,-0.00221059163205814,-0.00221059163205814,0.0251376149245104
5.36034284274372,0,0.0126214961722838,0,5.36034284274372,0.0126214961722838,0.0126214961722838,0.0126214961722838,0.0439400124984659
14.6925462604222,0,-0.00458452472707301,0,14.6925462604222,-0.00458452472707301,-0.00458452472707301,-0.00458452472707301,0.0444254697733256
12.5310366569707,0,0.0109739413789005,0,12.5310366569707,0.0109739413789005,0.0109739413789005,0.0109739413789005,0.0301771491611757
11.0161041029769,0,-0.0031766917676102,0,11.0161041029769,-0.0031766917676102,-0.0031766917676102,-0.0031766917676102,0.0522005254908412
12.612078023469,0,-0.0597088928688878,0,12.612078023469,-0.0597088928688878,-0.0597088928688878,-0.0597088928688878,0.0322576765582896
27.9381463268887,0,-0.0196646199066465,0,27.9381463268887,-0.0196646199066465,-0.0196646199066465,-0.0196646199066465,0.0266030945529787
28.4056044215739,0,-0.0234835133541325,0,28.4056044215739,-0.0234835133541325,-0.0234835133541325,-0.0234835133541325,0.0460235649191708
13.4368696617468,0,0.0535402362440232,0,13.4368696617468,0.0535402362440232,0.0535402362440232,0.0535402362440232,0.0282079903838013
14.3373106913918,0,-0.0165868652445846,0,14.3373106913918,-0.0165868652445846,-0.0165868652445846,-0.0165868652445846,0.0475684856482902
25.9320346135502,0,-0.0232712391594247,0,25.9320346135502,-0.0232712391594247,-0.0232712391594247,-0.0232712391594247,0.0300519735078187
NA,NA,NA,NA,NA,NA,NA,NA,NA
3.48138260502119,0,-0.0431716232209931,0,3.48138260502119,-0.0431716232209931,-0.0431716232209931,-0.0431716232209931,0.0321818721032191
5.59197431763262,0,-0.0578220526680145,0,5.59197431763262,-0.0578220526680145,-0.0578220526680145,-0.0578220526680145,0.0290843221745671
7.10118523761685,0,-0.0285278978712163,0,7.10118523761685,-0.0285278978712163,-0.0285278978712163,-0.0285278978712163,0.0595492352872805
8.39406695268219,0,0.0167837864563465,0,8.39406695268219,0.0167837864563465,0.0167837864563465,0.0167837864563465,0.0322473662392579
6.68163411954067,0,0.0399525800720857,0,6.68163411954067,0.0399525800720857,0.0399525800720857,0.0399525800720857,0.0632642521725607
10.9419857642508,0,-0.0876235523401562,0,10.9419857642508,-0.0876235523401562,-0.0876235523401562,-0.0876235523401562,0.0336377588977628
9.567453602661,0,-0.0130573193727359,0,9.567453602661,-0.0130573193727359,-0.0130573193727359,-0.0130573193727359,0.0264340771076804
9.56764954052794,0,-0.00578932875863998,0,9.56764954052794,-0.00578932875863998,-0.00578932875863998,-0.00578932875863998,0.0288617279537588
9.58796747981615,0,0.00725905880614161,0,9.58796747981615,0.00725905880614161,0.00725905880614161,0.00725905880614161,0.0422687684348916
10.3415882006709,0,-0.0979591311963027,0,10.3415882006709,-0.0979591311963027,-0.0979591311963027,-0.0979591311963027,0.0379022425227411
9.03381024943225,0,-0.0258591277728825,0,9.03381024943225,-0.0258591277728825,-0.0258591277728825,-0.0258591277728825,0.0210013285642308
7.292171244769,0,0.0214216184583366,0,7.292171244769,0.0214216184583366,0.0214216184583366,0.0214216184583366,0.00787016036700002
10.6567948708008,0,0.0203455428827325,0,10.6567948708008,0.0203455428827325,0.0203455428827325,0.0203455428827325,0.0367174068081082
15.83958844307,0,0.0399832495665445,0,15.83958844307,0.0399832495665445,0.0399832495665445,0.0399832495665445,0.0130470310288665
17.7014293147066,0,0.0234372077444364,0,17.7014293147066,0.0234372077444364,0.0234372077444364,0.0234372077444364,0.0323786122878216
18.1343346159182,0,-0.039038202552074,0,18.1343346159182,-0.039038202552074,-0.039038202552074,-0.039038202552074,0.0164122723756369
13.5036026382197,0,0.0260526179813793,0,13.5036026382197,0.0260526179813793,0.0260526179813793,0.0260526179813793,0.0175137052055195
13.9836050997556,0,-0.0596374353307077,0,13.9836050997556,-0.0596374353307077,-0.0596374353307077,-0.0596374353307077,0.0260159424457815
11.3110693140974,0,0.00982781565554414,0,11.3110693140974,0.00982781565554414,0.00982781565554414,0.00982781565554414,0.0152975413868066
20.6083384757102,0,-0.0196913974375486,0,20.6083384757102,-0.0196913974375486,-0.0196913974375486,-0.0196913974375486,0.0564075951702511
12.3671082351961,0,0.0210231372322994,0,12.3671082351961,0.0210231372322994,0.0210231372322994,0.0210231372322994,0.0160828742749283
12.3654554745313,0,-0.0686880413546458,0,12.3654554745313,-0.0686880413546458,-0.0686880413546458,-0.0686880413546458,0.0513325050706189
19.2556223171704,0,0.0285945738844167,0,19.2556223171704,0.0285945738844167,0.0285945738844167,0.0285945738844167,0.0139726523520546
34.7312424253189,0,0.00360906084633839,0,34.7312424253189,0.00360906084633839,0.00360906084633839,0.00360906084633839,0.017575833019559
54.7209102152747,0,0.0196726221291343,0,54.7209102152747,0.0196726221291343,0.0196726221291343,0.0196726221291343,0.0109274670854921
9.76552332936977,0,0.00564706861610557,0,9.76552332936977,0.00564706861610557,0.00564706861610557,0.00564706861610557,0.022210163633412
8.22166390729103,0,0.0200227074138689,0,8.22166390729103,0.0200227074138689,0.0200227074138689,0.0200227074138689,0.0889316774406693
11.7030101268542,0,0.0664031592294417,0,11.7030101268542,0.0664031592294417,0.0664031592294417,0.0664031592294417,0.0318702419669784
7.36539602284415,0,-0.0247872150245361,0,7.36539602284415,-0.0247872150245361,-0.0247872150245361,-0.0247872150245361,0.114121672795408
9.34902839864339,0,-0.0319037471830898,0,9.34902839864339,-0.0319037471830898,-0.0319037471830898,-0.0319037471830898,0.0353702402159913
12.5616640281909,0,0.00441577973083164,0,12.5616640281909,0.00441577973083164,0.00441577973083164,0.00441577973083164,0.0138459086615911
9.90269087384876,0,-0.0238997733934269,0,9.90269087384876,-0.0238997733934269,-0.0238997733934269,-0.0238997733934269,0.140365006537693
10.8363107906744,0,-0.028098390818107,0,10.8363107906744,-0.028098390818107,-0.028098390818107,-0.028098390818107,0.071926050301895
11.7003583105711,0,-0.00186774348468509,0,11.7003583105711,-0.00186774348468509,-0.00186774348468509,-0.00186774348468509,0.00589871207554302
14.1717804897526,0,0.027255899623745,0,14.1717804897526,0.027255899623745,0.027255899623745,0.027255899623745,0.0438772018708798
11.3171115233183,0,-0.0301299566297987,0,11.3171115233183,-0.0301299566297987,-0.0301299566297987,-0.0301299566297987,0.0549217163119364
12.491172371433,0,0.00616174807970621,0,12.491172371433,0.00616174807970621,0.00616174807970621,0.00616174807970621,0.0405245193389735
26.705767275507,0,-0.098143737211913,0,26.705767275507,-0.098143737211913,-0.098143737211913,-0.098143737211913,0.0957453613360952
23.3384346785706,0,0.0173424537425691,0,23.3384346785706,0.0173424537425691,0.0173424537425691,0.0173424537425691,0.0189266195413323
21.0471310356801,0,0.0617673658141888,0,21.0471310356801,0.0617673658141888,0.0617673658141888,0.0617673658141888,0.047052745863464
16.8846431378076,0,0.0592246738975235,0,16.8846431378076,0.0592246738975235,0.0592246738975235,0.0592246738975235,0.0580511049145327
142.027144302285,0,0.0480428181832702,0,142.027144302285,0.0480428181832702,0.0480428181832702,0.0480428181832702,0.0151652887885014
10.8384906759069,0,-0.00221059163205814,0,10.8384906759069,-0.00221059163205814,-0.00221059163205814,-0.00221059163205814,0.0251376149245104
5.36034284274372,0,0.0126214961722838,0,5.36034284274372,0.0126214961722838,0.0126214961722838,0.0126214961722838,0.0439400124984659
14.6925462604222,0,-0.00458452472707301,0,14.6925462604222,-0.00458452472707301,-0.00458452472707301,-0.00458452472707301,0.0444254697733256
12.5310366569707,0,0.0109739413789005,0,12.5310366569707,0.0109739413789005,0.0109739413789005,0.0109739413789005,0.0301771491611757
11.0161041029769,0,-0.0031766917676102,0,11.0161041029769,-0.0031766917676102,-0.0031766917676102,-0.0031766917676102,0.0522005254908412
12.612078023469,0,-0.0597088928688878,0,12.612078023469,-0.0597088928688878,-0.0597088928688878,-0.0597088928688878,0.0322576765582896
27.9381463268887,0,-0.0196646199066465,0,27.9381463268887,-0.0196646199066465,-0.0196646199066465,-0.0196646199066465,0.0266030945529787
28.4056044215739,0,-0.0234835133541325,0,28.4056044215739,-0.0234835133541325,-0.0234835133541325,-0.0234835133541325,0.0460235649191708
13.4368696617468,0,0.0535402362440232,0,13.4368696617468,0.0535402362440232,0.0535402362440232,0.0535402362440232,0.0282079903838013
14.3373106913918,0,-0.0165868652445846,0,14.3373106913918,-0.0165868652445846,-0.0165868652445846,-0.0165868652445846,0.0475684856482902
25.9320346135502,0,-0.0232712391594247,0,25.9320346135502,-0.0232712391594247,-0.0232712391594247,-0.0232712391594247,0.0300519735078187
NA,NA,NA,NA,NA,NA,NA,NA,NA
3.48138260502119,0,-0.0431716232209931,0,3.48138260502119,-0.0431716232209931,-0.0431716232209931,-0.0431716232209931,0.0321818721032191
5.59197431763262,0,-0.0578220526680145,0,5.59197431763262,-0.0578220526680145,-0.0578220526680145,-0.0578220526680145,0.0290843221745671
7.10118523761685,0,-0.0285278978712163,0,7.10118523761685,-0.0285278978712163,-0.0285278978712163,-0.0285278978712163,0.0595492352872805
8.39406695268219,0,0.0167837864563465,0,8.39406695268219,0.0167837864563465,0.0167837864563465,0.0167837864563465,0.0322473662392579
6.68163411954067,0,0.0399525800720857,0,6.68163411954067,0.0399525800720857,0.0399525800720857,0.0399525800720857,0.0632642521725607
10.9419857642508,0,-0.0876235523401562,0,10.9419857642508,-0.0876235523401562,-0.0876235523401562,-0.0876235523401562,0.0336377588977628
9.567453602661,0,-0.0130573193727359,0,9.567453602661,-0.0130573193727359,-0.0130573193727359,-0.0130573193727359,0.0264340771076804
9.56764954052794,0,-0.00578932875863998,0,9.56764954052794,-0.00578932875863998,-0.00578932875863998,-0.00578932875863998,0.0288617279537588
9.58796747981615,0,0.00725905880614161,0,9.58796747981615,0.00725905880614161,0.00725905880614161,0.00725905880614161,0.0422687684348916
10.3415882006709,0,-0.0979591311963027,0,10.3415882006709,-0.0979591311963027,-0.0979591311963027,-0.0979591311963027,0.0379022425227411
9.03381024943225,0,-0.0258591277728825,0,9.03381024943225,-0.0258591277728825,-0.0258591277728825,-0.0258591277728825,0.0210013285642308
7.292171244769,0,0.0214216184583366,0,7.292171244769,0.0214216184583366,0.0214216184583366,0.0214216184583366,0.00787016036700002
10.6567948708008,0,0.0203455428827325,0,10.6567948708008,0.0203455428827325,0.0203455428827325,0.0203455428827325,0.0367174068081082
15.83958844307,0,0.0399832495665445,0,15.83958844307,0.0399832495665445,0.0399832495665445,0.0399832495665445,0.0130470310288665
17.7014293147066,0,0.0234372077444364,0,17.7014293147066,0.0234372077444364,0.0234372077444364,0.0234372077444364,0.0323786122878216
18.1343346159182,0,-0.039038202552074,0,18.1343346159182,-0.039038202552074,-0.039038202552074,-0.039038202552074,0.0164122723756369
13.5036026382197,0,0.0260526179813793,0,13.5036026382197,0.0260526179813793,0.0260526179813793,0.0260526179813793,0.0175137052055195
13.9836050997556,0,-0.0596374353307077,0,13.9836050997556,-0.0596374353307077,-0.0596374353307077,-0.0596374353307077,0.0260159424457815
11.3110693140974,0,0.00982781565554414,0,11.3110693140974,0.00982781565554414,0.00982781565554414,0.00982781565554414,0.0152975413868066
20.6083384757102,0,-0.0196913974375486,0,20.6083384757102,-0.0196913974375486,-0.0196913974375486,-0.0196913974375486,0.0564075951702511
12.3671082351961,0,0.0210231372322994,0,12.3671082351961,0.0210231372322994,0.0210231372322994,0.0210231372322994,0.0160828742749283
12.3654554745313,0,-0.0686880413546458,0,12.3654554745313,-0.0686880413546458,-0.0686880413546458,-0.0686880413546458,0.0513325050706189
19.2556223171704,0,0.0285945738844167,0,19.2556223171704,0.0285945738844167,0.0285945738844167,0.0285945738844167,0.0139726523520546
34.7312424253189,0,0.00360906084633839,0,34.7312424253189,0.00360906084633839,0.00360906084633839,0.00360906084633839,0.017575833019559
54.7209102152747,0,0.0196726221291343,0,54.7209102152747,0.0196726221291343,0.0196726221291343,0.0196726221291343,0.0109274670854921
9.76552332936977,0,0.00564706861610557,0,9.76552332936977,0.00564706861610557,0.00564706861610557,0.00564706861610557,0.022210163633412
8.22166390729103,0,0.0200227074138689,0,8.22166390729103,0.0200227074138689,0.0200227074138689,0.0200227074138689,0.0889316774406693
11.7030101268542,0,0.0664031592294417,0,11.7030101268542,0.0664031592294417,0.0664031592294417,0.0664031592294417,0.0318702419669784
7.36539602284415,0,-0.0247872150245361,0,7.36539602284415,-0.0247872150245361,-0.0247872150245361,-0.0247872150245361,0.114121672795408
9.34902839864339,0,-0.0319037471830898,0,9.34902839864339,-0.0319037471830898,-0.0319037471830898,-0.0319037471830898,0.0353702402159913
12.5616640281909,0,0.00441577973083164,0,12.5616640281909,0.00441577973083164,0.00441577973083164,0.00441577973083164,0.0138459086615911
9.90269087384876,0,-0.0238997733934269,0,9.90269087384876,-0.0238997733934269,-0.0238997733934269,-0.0238997733934269,0.140365006537693
10.8363107906744,0,-0.028098390818107,0,10.8363107906744,-0.028098390818107,-0.028098390818107,-0.028098390818107,0.071926050301895
11.7003583105711,0,-0.00186774348468509,0,11.7003583105711,-0.00186774348468509,-0.00186774348468509,-0.00186774348468509,0.00589871207554302
14.1717804897526,0,0.027255899623745,0,14.1717804897526,0.027255899623745,0.027255899623745,0.027255899623745,0.0438772018708798
11.3171115233183,0,-0.0301299566297987,0,11.3171115233183,-0.0301299566297987,-0.0301299566297987,-0.0301299566297987,0.0549217163119364
12.491172371433,0,0.00616174807970621,0,12.491172371433,0.00616174807970621,0.00616174807970621,0.00616174807970621,0.0405245193389735
26.705767275507,0,-0.098143737211913,0,26.705767275507,-0.098143737211913,-0.098143737211913,-0.098143737211913,0.0957453613360952
23.3384346785706,0,0.0173424537425691,0,23.3384346785706,0.0173424537425691,0.0173424537425691,0.0173424537425691,0.0189266195413323
21.0471310356801,0,0.0617673658141888,0,21.0471310356801,0.0617673658141888,0.0617673658141888,0.0617673658141888,0.047052745863464
16.8846431378076,0,0.0592246738975235,0,16.8846431378076,0.0592246738975235,0.0592246738975235,0.0592246738975235,0.0580511049145327
142.027144302285,0,0.0480428181832702,0,142.027144302285,0.0480428181832702,0.0480428181832702,0.0480428181832702,0.0151652887885014
10.8384906759069,0,-0.00221059163205814,0,10.8384906759069,-0.00221059163205814,-0.00221059163205814,-0.00221059163205814,0.0251376149245104
5.36034284274372,0,0.0126214961722838,0,5.36034284274372,0.0126214961722838,0.0126214961722838,0.0126214961722838,0.0439400124984659
14.6925462604222,0,-0.00458452472707301,0,14.6925462604222,-0.00458452472707301,-0.00458452472707301,-0.00458452472707301,0.0444254697733256
12.5310366569707,0,0.0109739413789005,0,12.5310366569707,0.0109739413789005,0.0109739413789005,0.0109739413789005,0.0301771491611757
11.0161041029769,0,-0.0031766917676102,0,11.0161041029769,-0.0031766917676102,-0.0031766917676102,-0.0031766917676102,0.0522005254908412
12.612078023469,0,-0.0597088928688878,0,12.612078023469,-0.0597088928688878,-0.0597088928688878,-0.0597088928688878,0.0322576765582896
27.9381463268887,0,-0.0196646199066465,0,27.9381463268887,-0.0196646199066465,-0.0196646199066465,-0.0196646199066465,0.0266030945529787
28.4056044215739,0,-0.0234835133541325,0,28.4056044215739,-0.0234835133541325,-0.0234835133541325,-0.0234835133541325,0.0460235649191708
13.4368696617468,0,0.0535402362440232,0,13.4368696617468,0.0535402362440232,0.0535402362440232,0.0535402362440232,0.0282079903838013
14.3373106913918,0,-0.0165868652445846,0,14.3373106913918,-0.0165868652445846,-0.0165868652445846,-0.0165868652445846,0.0475684856482902
25.9320346135502,0,-0.0232712391594247,0,25.9320346135502,-0.0232712391594247,-0.0232712391594247,-0.0232712391594247,0.0300519735078187
NA,NA,NA,NA,NA,NA,NA,NA,NA
3.48138260502119,0,-0.0431716232209931,0,3.48138260502119,-0.0431716232209931,-0.0431716232209931,-0.0431716232209931,0.0321818721032191
5.59197431763262,0,-0.0578220526680145,0,5.59197431763262,-0.0578220526680145,-0.0578220526680145,-0.0578220526680145,0.0290843221745671
7.10118523761685,0,-0.0285278978712163,0,7.10118523761685,-0.0285278978712163,-0.0285278978712163,-0.0285278978712163,0.0595492352872805
8.39406695268219,0,0.0167837864563465,0,8.39406695268219,0.0167837864563465,0.0167837864563465,0.0167837864563465,0.0322473662392579
6.68163411954067,0,0.0399525800720857,0,6.68163411954067,0.0399525800720857,0.0399525800720857,0.0399525800720857,0.0632642521725607
10.9419857642508,0,-0.0876235523401562,0,10.9419857642508,-0.0876235523401562,-0.0876235523401562,-0.0876235523401562,0.0336377588977628
9.567453602661,0,-0.0130573193727359,0,9.567453602661,-0.0130573193727359,-0.0130573193727359,-0.0130573193727359,0.0264340771076804
9.56764954052794,0,-0.00578932875863998,0,9.56764954052794,-0.00578932875863998,-0.00578932875863998,-0.00578932875863998,0.0288617279537588
9.58796747981615,0,0.00725905880614161,0,9.58796747981615,0.00725905880614161,0.00725905880614161,0.00725905880614161,0.0422687684348916
10.3415882006709,0,-0.0979591311963027,0,10.3415882006709,-0.0979591311963027,-0.0979591311963027,-0.0979591311963027,0.0379022425227411
9.03381024943225,0,-0.0258591277728825,0,9.03381024943225,-0.0258591277728825,-0.0258591277728825,-0.0258591277728825,0.0210013285642308
7.292171244769,0,0.0214216184583366,0,7.292171244769,0.0214216184583366,0.0214216184583366,0.0214216184583366,0.00787016036700002
10.6567948708008,0,0.0203455428827325,0,10.6567948708008,0.0203455428827325,0.0203455428827325,0.0203455428827325,0.0367174068081082
15.83958844307,0,0.0399832495665445,0,15.83958844307,0.0399832495665445,0.0399832495665445,0.0399832495665445,0.0130470310288665
17.7014293147066,0,0.0234372077444364,0,17.7014293147066,0.0234372077444364,0.0234372077444364,0.0234372077444364,0.0323786122878216
18.1343346159182,0,-0.039038202552074,0,18.1343346159182,-0.039038202552074,-0.039038202552074,-0.039038202552074,0.0164122723756369
13.5036026382197,0,0.0260526179813793,0,13.5036026382197,0.0260526179813793,0.0260526179813793,0.0260526179813793,0.0175137052055195
13.9836050997556,0,-0.0596374353307077,0,13.9836050997556,-0.0596374353307077,-0.0596374353307077,-0.0596374353307077,0.0260159424457815
11.3110693140974,0,0.00982781565554414,0,11.3110693140974,0.00982781565554414,0.00982781565554414,0.00982781565554414,0.0152975413868066
20.6083384757102,0,-0.0196913974375486,0,20.6083384757102,-0.0196913974375486,-0.0196913974375486,-0.0196913974375486,0.0564075951702511
12.3671082351961,0,0.0210231372322994,0,12.3671082351961,0.0210231372322994,0.0210231372322994,0.0210231372322994,0.0160828742749283
12.3654554745313,0,-0.0686880413546458,0,12.3654554745313,-0.0686880413546458,-0.0686880413546458,-0.0686880413546458,0.0513325050706189
19.2556223171704,0,0.0285945738844167,0,19.2556223171704,0.0285945738844167,0.0285945738844167,0.0285945738844167,0.0139726523520546
34.7312424253189,0,0.00360906084633839,0,34.7312424253189,0.00360906084633839,0.00360906084633839,0.00360906084633839,0.017575833019559
54.7209102152747,0,0.0196726221291343,0,54.7209102152747,0.0196726221291343,0.0196726221291343,0.0196726221291343,0.0109274670854921
9.76552332936977,0,0.00564706861610557,0,9.76552332936977,0.00564706861610557,0.00564706861610557,0.00564706861610557,0.022210163633412
8.22166390729103,0,0.0200227074138689,0,8.22166390729103,0.0200227074138689,0.0200227074138689,0.0200227074138689,0.0889316774406693
11.7030101268542,0,0.0664031592294417,0,11.7030101268542,0.0664031592294417,0.0664031592294417,0.0664031592294417,0.0318702419669784
7.36539602284415,0,-0.0247872150245361,0,7.36539602284415,-0.0247872150245361,-0.0247872150245361,-0.0247872150245361,0.114121672795408
9.34902839864339,0,-0.0319037471830898,0,9.34902839864339,-0.0319037471830898,-0.0319037471830898,-0.0319037471830898,0.0353702402159913
12.5616640281909,0,0.00441577973083164,0,12.5616640281909,0.00441577973083164,0.00441577973083164,0.00441577973083164,0.0138459086615911
9.90269087384876,0,-0.0238997733934269,0,9.90269087384876,-0.0238997733934269,-0.0238997733934269,-0.0238997733934269,0.140365006537693
10.8363107906744,0,-0.028098390818107,0,10.8363107906744,-0.028098390818107,-0.028098390818107,-0.028098390818107,0.071926050301895
11.7003583105711,0,-0.00186774348468509,0,11.7003583105711,-0.00186774348468509,-0.00186774348468509,-0.00186774348468509,0.00589871207554302
14.1717804897526,0,0.027255899623745,0,14.1717804897526,0.027255899623745,0.027255899623745,0.027255899623745,0.0438772018708798
11.3171115233183,0,-0.0301299566297987,0,11.3171115233183,-0.0301299566297987,-0.0301299566297987,-0.0301299566297987,0.0549217163119364
12.491172371433,0,0.00616174807970621,0,12.491172371433,0.00616174807970621,0.00616174807970621,0.00616174807970621,0.0405245193389735
26.705767275507,0,-0.098143737211913,0,26.705767275507,-0.098143737211913,-0.098143737211913,-0.098143737211913,0.0957453613360952
23.3384346785706,0,0.0173424537425691,0,23.3384346785706,0.0173424537425691,0.0173424537425691,0.0173424537425691,0.0189266195413323
21.0471310356801,0,0.0617673658141888,0,21.0471310356801,0.0617673658141888,0.0617673658141888,0.0617673658141888,0.047052745863464
16.8846431378076,0,0.0592246738975235,0,16.8846431378076,0.0592246738975235,0.0592246738975235,0.0592246738975235,0.0580511049145327
142.027144302285,0,0.0480428181832702,0,142.027144302285,0.0480428181832702,0.0480428181832702,0.0480428181832702,0.0151652887885014
10.8384906759069,0,-0.00221059163205814,0,10.8384906759069,-0.00221059163205814,-0.00221059163205814,-0.00221059163205814,0.0251376149245104
5.36034284274372,0,0.0126214961722838,0,5.36034284274372,0.0126214961722838,0.0126214961722838,0.0126214961722838,0.0439400124984659
14.6925462604222,0,-0.00458452472707301,0,14.6925462604222,-0.00458452472707301,-0.00458452472707301,-0.00458452472707301,0.0444254697733256
12.5310366569707,0,0.0109739413789005,0,12.5310366569707,0.0109739413789005,0.0109739413789005,0.0109739413789005,0.0301771491611757
11.0161041029769,0,-0.0031766917676102,0,11.0161041029769,-0.0031766917676102,-0.0031766917676102,-0.0031766917676102,0.0522005254908412
12.612078023469,0,-0.0597088928688878,0,12.612078023469,-0.0597088928688878,-0.0597088928688878,-0.0597088928688878,0.0322576765582896
27.9381463268887,0,-0.0196646199066465,0,27.9381463268887,-0.0196646199066465,-0.0196646199066465,-0.0196646199066465,0.0266030945529787
28.4056044215739,0,-0.0234835133541325,0,28.4056044215739,-0.0234835133541325,-0.0234835133541325,-0.0234835133541325,0.0460235649191708
13.4368696617468,0,0.0535402362440232,0,13.4368696617468,0.0535402362440232,0.0535402362440232,0.0535402362440232,0.0282079903838013
14.3373106913918,0,-0.0165868652445846,0,14.3373106913918,-0.0165868652445846,-0.0165868652445846,-0.0165868652445846,0.0475684856482902
25.9320346135502,0,-0.0232712391594247,0,25.9320346135502,-0.0232712391594247,-0.0232712391594247,-0.0232712391594247,0.0300519735078187
NA,NA,NA,NA,NA,NA,NA,NA,NA
3.48138260502119,0,-0.0431716232209931,0,3.48138260502119,-0.0431716232209931,-0.0431716232209931,-0.0431716232209931,0.0321818721032191
5.59197431763262,0,-0.0578220526680145,0,5.59197431763262,-0.0578220526680145,-0.0578220526680145,-0.0578220526680145,0.0290843221745671
7.10118523761685,0,-0.0285278978712163,0,7.10118523761685,-0.0285278978712163,-0.0285278978712163,-0.0285278978712163,0.0595492352872805
8.39406695268219,0,0.0167837864563465,0,8.39406695268219,0.0167837864563465,0.0167837864563465,0.0167837864563465,0.0322473662392579
6.68163411954067,0,0.0399525800720857,0,6.68163411954067,0.0399525800720857,0.0399525800720857,0.0399525800720857,0.0632642521725607
10.9419857642508,0,-0.0876235523401562,0,10.9419857642508,-0.0876235523401562,-0.0876235523401562,-0.0876235523401562,0.0336377588977628
9.567453602661,0,-0.0130573193727359,0,9.567453602661,-0.0130573193727359,-0.0130573193727359,-0.0130573193727359,0.0264340771076804
9.56764954052794,0,-0.00578932875863998,0,9.56764954052794,-0.00578932875863998,-0.00578932875863998,-0.00578932875863998,0.0288617279537588
9.58796747981615,0,0.00725905880614161,0,9.58796747981615,0.00725905880614161,0.00725905880614161,0.00725905880614161,0.0422687684348916
10.3415882006709,0,-0.0979591311963027,0,10.3415882006709,-0.0979591311963027,-0.0979591311963027,-0.0979591311963027,0.0379022425227411
9.03381024943225,0,-0.0258591277728825,0,9.03381024943225,-0.0258591277728825,-0.0258591277728825,-0.0258591277728825,0.0210013285642308
7.292171244769,0,0.0214216184583366,0,7.292171244769,0.0214216184583366,0.0214216184583366,0.0214216184583366,0.00787016036700002
10.6567948708008,0,0.0203455428827325,0,10.6567948708008,0.0203455428827325,0.0203455428827325,0.0203455428827325,0.0367174068081082
15.83958844307,0,0.0399832495665445,0,15.83958844307,0.0399832495665445,0.0399832495665445,0.0399832495665445,0.0130470310288665
17.7014293147066,0,0.0234372077444364,0,17.7014293147066,0.0234372077444364,0.0234372077444364,0.0234372077444364,0.0323786122878216
18.1343346159182,0,-0.039038202552074,0,18.1343346159182,-0.039038202552074,-0.039038202552074,-0.039038202552074,0.0164122723756369
13.5036026382197,0,0.0260526179813793,0,13.5036026382197,0.0260526179813793,0.0260526179813793,0.0260526179813793,0.0175137052055195
13.9836050997556,0,-0.0596374353307077,0,13.9836050997556,-0.0596374353307077,-0.0596374353307077,-0.0596374353307077,0.0260159424457815
11.3110693140974,0,0.00982781565554414,0,11.3110693140974,0.00982781565554414,0.00982781565554414,0.00982781565554414,0.0152975413868066
20.6083384757102,0,-0.0196913974375486,0,20.6083384757102,-0.0196913974375486,-0.0196913974375486,-0.0196913974375486,0.0564075951702511
12.3671082351961,0,0.0210231372322994,0,12.3671082351961,0.0210231372322994,0.0210231372322994,0.0210231372322994,0.0160828742749283
12.3654554745313,0,-0.0686880413546458,0,12.3654554745313,-0.0686880413546458,-0.0686880413546458,-0.0686880413546458,0.0513325050706189
19.2556223171704,0,0.0285945738844167,0,19.2556223171704,0.0285945738844167,0.0285945738844167,0.0285945738844167,0.0139726523520546
34.7312424253189,0,0.00360906084633839,0,34.7312424253189,0.00360906084633839,0.00360906084633839,0.00360906084633839,0.017575833019559
54.7209102152747,0,0.0196726221291343,0,54.7209102152747,0.0196726221291343,0.0196726221291343,0.0196726221291343,0.0109274670854921
9.76552332936977,0,0.00564706861610557,0,9.76552332936977,0.00564706861610557,0.00564706861610557,0.00564706861610557,0.022210163633412
8.22166390729103,0,0.0200227074138689,0,8.22166390729103,0.0200227074138689,0.0200227074138689,0.0200227074138689,0.0889316774406693
11.7030101268542,0,0.0664031592294417,0,11.7030101268542,0.0664031592294417,0.0664031592294417,0.0664031592294417,0.0318702419669784
7.36539602284415,0,-0.0247872150245361,0,7.36539602284415,-0.0247872150245361,-0.0247872150245361,-0.0247872150245361,0.114121672795408
9.34902839864339,0,-0.0319037471830898,0,9.34902839864339,-0.0319037471830898,-0.0319037471830898,-0.0319037471830898,0.0353702402159913
12.5616640281909,0,0.00441577973083164,0,12.5616640281909,0.00441577973083164,0.00441577973083164,0.00441577973083164,0.0138459086615911
9.90269087384876,0,-0.0238997733934269,0,9.90269087384876,-0.0238997733934269,-0.0238997733934269,-0.0238997733934269,0.140365006537693
10.8363107906744,0,-0.028098390818107,0,10.8363107906744,-0.028098390818107,-0.028098390818107,-0.028098390818107,0.071926050301895
11.7003583105711,0,-0.00186774348468509,0,11.7003583105711,-0.00186774348468509,-0.00186774348468509,-0.00186774348468509,0.00589871207554302
14.1717804897526,0,0.027255899623745,0,14.1717804897526,0.027255899623745,0.027255899623745,0.027255899623745,0.0438772018708798
11.3171115233183,0,-0.0301299566297987,0,11.3171115233183,-0.0301299566297987,-0.0301299566297987,-0.0301299566297987,0.0549217163119364
12.491172371433,0,0.00616174807970621,0,12.491172371433,0.00616174807970621,0.00616174807970621,0.00616174807970621,0.0405245193389735
26.705767275507,0,-0.098143737211913,0,26.705767275507,-0.098143737211913,-0.098143737211913,-0.098143737211913,0.0957453613360952
23.3384346785706,0,0.0173424537425691,0,23.3384346785706,0.0173424537425691,0.0173424537425691,0.0173424537425691,0.0189266195413323
21.0471310356801,0,0.0617673658141888,0,21.0471310356801,0.0617673658141888,0.0617673658141888,0.0617673658141888,0.047052745863464
16.8846431378076,0,0.0592246738975235,0,16.8846431378076,0.0592246738975235,0.0592246738975235,0.0592246738975235,0.0580511049145327
142.027144302285,0,0.0480428181832702,0,142.027144302285,0.0480428181832702,0.0480428181832702,0.0480428181832702,0.0151652887885014
10.8384906759069,0,-0.00221059163205814,0,10.8384906759069,-0.00221059163205814,-0.00221059163205814,-0.00221059163205814,0.0251376149245104
5.36034284274372,0,0.0126214961722838,0,5.36034284274372,0.0126214961722838,0.0126214961722838,0.0126214961722838,0.0439400124984659
14.6925462604222,0,-0.00458452472707301,0,14.6925462604222,-0.00458452472707301,-0.00458452472707301,-0.00458452472707301,0.0444254697733256
12.5310366569707,0,0.0109739413789005,0,12.5310366569707,0.0109739413789005,0.0109739413789005,0.0109739413789005,0.0301771491611757
11.0161041029769,0,-0.0031766917676102,0,11.0161041029769,-0.0031766917676102,-0.0031766917676102,-0.0031766917676102,0.0522005254908412
12.612078023469,0,-0.0597088928688878,0,12.612078023469,-0.0597088928688878,-0.0597088928688878,-0.0597088928688878,0.0322576765582896
27.9381463268887,0,-0.0196646199066465,0,27.9381463268887,-0.0196646199066465,-0.0196646199066465,-0.0196646199066465,0.0266030945529787
28.4056044215739,0,-0.0234835133541325,0,28.4056044215739,-0.0234835133541325,-0.0234835133541325,-0.0234835133541325,0.0460235649191708
13.4368696617468,0,0.0535402362440232,0,13.4368696617468,0.0535402362440232,0.0535402362440232,0.0535402362440232,0.0282079903838013
14.3373106913918,0,-0.0165868652445846,0,14.3373106913918,-0.0165868652445846,-0.0165868652445846,-0.0165868652445846,0.0475684856482902
25.9320346135502,0,-0.0232712391594247,0,25.9320346135502,-0.0232712391594247,-0.0232712391594247,-0.0232712391594247,0.0300519735078187
NA,NA,NA,NA,NA,NA,NA,NA,NA
3.48138260502119,0,-0.0431716232209931,0,3.48138260502119,-0.0431716232209931,-0.0431716232209931,-0.0431716232209931,0.0321818721032191
5.59197431763262,0,-0.0578220526680145,0,5.59197431763262,-0.0578220526680145,-0.0578220526680145,-0.0578220526680145,0.0290843221745671
7.10118523761685,0,-0.0285278978712163,0,7.10118523761685,-0.0285278978712163,-0.0285278978712163,-0.0285278978712163,0.0595492352872805
8.39406695268219,0,0.0167837864563465,0,8.39406695268219,0.0167837864563465,0.0167837864563465,0.0167837864563465,0.0322473662392579
6.68163411954067,0,0.0399525800720857,0,6.68163411954067,0.0399525800720857,0.0399525800720857,0.0399525800720857,0.0632642521725607
10.9419857642508,0,-0.0876235523401562,0,10.9419857642508,-0.0876235523401562,-0.0876235523401562,-0.0876235523401562,0.0336377588977628
9.567453602661,0,-0.0130573193727359,0,9.567453602661,-0.0130573193727359,-0.0130573193727359,-0.0130573193727359,0.0264340771076804
9.56764954052794,0,-0.00578932875863998,0,9.56764954052794,-0.00578932875863998,-0.00578932875863998,-0.00578932875863998,0.0288617279537588
9.58796747981615,0,0.00725905880614161,0,9.58796747981615,0.00725905880614161,0.00725905880614161,0.00725905880614161,0.0422687684348916
10.3415882006709,0,-0.0979591311963027,0,10.3415882006709,-0.0979591311963027,-0.0979591311963027,-0.0979591311963027,0.0379022425227411
9.03381024943225,0,-0.0258591277728825,0,9.03381024943225,-0.0258591277728825,-0.0258591277728825,-0.0258591277728825,0.0210013285642308
7.292171244769,0,0.0214216184583366,0,7.292171244769,0.0214216184583366,0.0214216184583366,0.0214216184583366,0.00787016036700002
10.6567948708008,0,0.0203455428827325,0,10.6567948708008,0.0203455428827325,0.0203455428827325,0.0203455428827325,0.0367174068081082
15.83958844307,0,0.0399832495665445,0,15.83958844307,0.0399832495665445,0.0399832495665445,0.0399832495665445,0.0130470310288665
17.7014293147066,0,0.0234372077444364,0,17.7014293147066,0.0234372077444364,0.0234372077444364,0.0234372077444364,0.0323786122878216
18.1343346159182,0,-0.039038202552074,0,18.1343346159182,-0.039038202552074,-0.039038202552074,-0.039038202552074,0.0164122723756369
13.5036026382197,0,0.0260526179813793,0,13.5036026382197,0.0260526179813793,0.0260526179813793,0.0260526179813793,0.0175137052055195
13.9836050997556,0,-0.0596374353307077,0,13.9836050997556,-0.0596374353307077,-0.0596374353307077,-0.0596374353307077,0.0260159424457815
11.3110693140974,0,0.00982781565554414,0,11.3110693140974,0.00982781565554414,0.00982781565554414,0.00982781565554414,0.0152975413868066
20.6083384757102,0,-0.0196913974375486,0,20.6083384757102,-0.0196913974375486,-0.0196913974375486,-0.0196913974375486,0.0564075951702511
12.3671082351961,0,0.0210231372322994,0,12.3671082351961,0.0210231372322994,0.0210231372322994,0.0210231372322994,0.0160828742749283
12.3654554745313,0,-0.0686880413546458,0,12.3654554745313,-0.0686880413546458,-0.0686880413546458,-0.0686880413546458,0.0513325050706189
19.2556223171704,0,0.0285945738844167,0,19.2556223171704,0.0285945738844167,0.0285945738844167,0.0285945738844167,0.0139726523520546
34.7312424253189,0,0.00360906084633839,0,34.7312424253189,0.00360906084633839,0.00360906084633839,0.00360906084633839,0.017575833019559
54.7209102152747,0,0.0196726221291343,0,54.7209102152747,0.0196726221291343,0.0196726221291343,0.0196726221291343,0.0109274670854921
9.76552332936977,0,0.00564706861610557,0,9.76552332936977,0.00564706861610557,0.00564706861610557,0.00564706861610557,0.022210163633412
8.22166390729103,0,0.0200227074138689,0,8.22166390729103,0.0200227074138689,0.0200227074138689,0.0200227074138689,0.0889316774406693
11.7030101268542,0,0.0664031592294417,0,11.7030101268542,0.0664031592294417,0.0664031592294417,0.0664031592294417,0.0318702419669784
7.36539602284415,0,-0.0247872150245361,0,7.36539602284415,-0.0247872150245361,-0.0247872150245361,-0.0247872150245361,0.114121672795408
9.34902839864339,0,-0.0319037471830898,0,9.34902839864339,-0.0319037471830898,-0.0319037471830898,-0.0319037471830898,0.0353702402159913
12.5616640281909,0,0.00441577973083164,0,12.5616640281909,0.00441577973083164,0.00441577973083164,0.00441577973083164,0.0138459086615911
9.90269087384876,0,-0.0238997733934269,0,9.90269087384876,-0.0238997733934269,-0.0238997733934269,-0.0238997733934269,0.140365006537693
10.8363107906744,0,-0.028098390818107,0,10.8363107906744,-0.028098390818107,-0.028098390818107,-0.028098390818107,0.071926050301895
11.7003583105711,0,-0.00186774348468509,0,11.7003583105711,-0.00186774348468509,-0.00186774348468509,-0.00186774348468509,0.00589871207554302
14.1717804897526,0,0.027255899623745,0,14.1717804897526,0.027255899623745,0.027255899623745,0.027255899623745,0.0438772018708798
11.3171115233183,0,-0.0301299566297987,0,11.3171115233183,-0.0301299566297987,-0.0301299566297987,-0.0301299566297987,0.0549217163119364
12.491172371433,0,0.00616174807970621,0,12.491172371433,0.00616174807970621,0.00616174807970621,0.00616174807970621,0.0405245193389735
26.705767275507,0,-0.098143737211913,0,26.705767275507,-0.098143737211913,-0.098143737211913,-0.098143737211913,0.0957453613360952
23.3384346785706,0,0.0173424537425691,0,23.3384346785706,0.0173424537425691,0.0173424537425691,0.0173424537425691,0.0189266195413323
21.0471310356801,0,0.0617673658141888,0,21.0471310356801,0.0617673658141888,0.0617673658141888,0.0617673658141888,0.047052745863464
16.8846431378076,0,0.0592246738975235,0,16.8846431378076,0.0592246738975235,0.0592246738975235,0.0592246738975235,0.0580511049145327
142.027144302285,0,0.0480428181832702,0,142.027144302285,0.0480428181832702,0.0480428181832702,0.0480428181832702,0.0151652887885014
10.8384906759069,0,-0.00221059163205814,0,10.8384906759069,-0.00221059163205814,-0.00221059163205814,-0.00221059163205814,0.0251376149245104
5.36034284274372,0,0.0126214961722838,0,5.36034284274372,0.0126214961722838,0.0126214961722838,0.0126214961722838,0.0439400124984659
14.6925462604222,0,-0.00458452472707301,0,14.6925462604222,-0.00458452472707301,-0.00458452472707301,-0.00458452472707301,0.0444254697733256
12.5310366569707,0,0.0109739413789005,0,12.5310366569707,0.0109739413789005,0.0109739413789005,0.0109739413789005,0.0301771491611757
11.0161041029769,0,-0.0031766917676102,0,11.0161041029769,-0.0031766917676102,-0.0031766917676102,-0.0031766917676102,0.0522005254908412
12.612078023469,0,-0.0597088928688878,0,12.612078023469,-0.0597088928688878,-0.0597088928688878,-0.0597088928688878,0.0322576765582896
27.9381463268887,0,-0.0196646199066465,0,27.9381463268887,-0.0196646199066465,-0.0196646199066465,-0.0196646199066465,0.0266030945529787
28.4056044215739,0,-0.0234835133541325,0,28.4056044215739,-0.0234835133541325,-0.0234835133541325,-0.0234835133541325,0.0460235649191708
13.4368696617468,0,0.0535402362440232,0,13.4368696617468,0.0535402362440232,0.0535402362440232,0.0535402362440232,0.0282079903838013
14.3373106913918,0,-0.0165868652445846,0,14.3373106913918,-0.0165868652445846,-0.0165868652445846,-0.0165868652445846,0.0475684856482902
25.9320346135502,0,-0.0232712391594247,0,25.9320346135502,-0.0232712391594247,-0.0232712391594247,-0.0232712391594247,0.0300519735078187
NA,NA,NA,NA,NA,NA,NA,NA,NA
3.48138260502119,0,-0.0431716232209931,0,3.48138260502119,-0.0431716232209931,-0.0431716232209931,-0.0431716232209931,0.0321818721032191
5.59197431763262,0,-0.0578220526680145,0,5.59197431763262,-0.0578220526680145,-0.0578220526680145,-0.0578220526680145,0.0290843221745671
7.10118523761685,0,-0.0285278978712163,0,7.10118523761685,-0.0285278978712163,-0.0285278978712163,-0.0285278978712163,0.0595492352872805
8.39406695268219,0,0.0167837864563465,0,8.39406695268219,0.0167837864563465,0.0167837864563465,0.0167837864563465,0.0322473662392579
6.68163411954067,0,0.0399525800720857,0,6.68163411954067,0.0399525800720857,0.0399525800720857,0.0399525800720857,0.0632642521725607
10.9419857642508,0,-0.0876235523401562,0,10.9419857642508,-0.0876235523401562,-0.0876235523401562,-0.0876235523401562,0.0336377588977628
9.567453602661,0,-0.0130573193727359,0,9.567453602661,-0.0130573193727359,-0.0130573193727359,-0.0130573193727359,0.0264340771076804
9.56764954052794,0,-0.00578932875863998,0,9.56764954052794,-0.00578932875863998,-0.00578932875863998,-0.00578932875863998,0.0288617279537588
9.58796747981615,0,0.00725905880614161,0,9.58796747981615,0.00725905880614161,0.00725905880614161,0.00725905880614161,0.0422687684348916
10.3415882006709,0,-0.0979591311963027,0,10.3415882006709,-0.0979591311963027,-0.0979591311963027,-0.0979591311963027,0.0379022425227411
9.03381024943225,0,-0.0258591277728825,0,9.03381024943225,-0.0258591277728825,-0.0258591277728825,-0.0258591277728825,0.0210013285642308
7.292171244769,0,0.0214216184583366,0,7.292171244769,0.0214216184583366,0.0214216184583366,0.0214216184583366,0.00787016036700002
10.6567948708008,0,0.0203455428827325,0,10.6567948708008,0.0203455428827325,0.0203455428827325,0.0203455428827325,0.0367174068081082
15.83958844307,0,0.0399832495665445,0,15.83958844307,0.0399832495665445,0.0399832495665445,0.0399832495665445,0.0130470310288665
17.7014293147066,0,0.0234372077444364,0,17.7014293147066,0.0234372077444364,0.0234372077444364,0.0234372077444364,0.0323786122878216
18.1343346159182,0,-0.039038202552074,0,18.1343346159182,-0.039038202552074,-0.039038202552074,-0.039038202552074,0.0164122723756369
13.5036026382197,0,0.0260526179813793,0,13.5036026382197,0.0260526179813793,0.0260526179813793,0.0260526179813793,0.0175137052055195
13.9836050997556,0,-0.0596374353307077,0,13.9836050997556,-0.0596374353307077,-0.0596374353307077,-0.0596374353307077,0.0260159424457815
11.3110693140974,0,0.00982781565554414,0,11.3110693140974,0.00982781565554414,0.00982781565554414,0.00982781565554414,0.0152975413868066
20.6083384757102,0,-0.0196913974375486,0,20.6083384757102,-0.0196913974375486,-0.0196913974375486,-0.0196913974375486,0.0564075951702511
12.3671082351961,0,0.0210231372322994,0,12.3671082351961,0.0210231372322994,0.0210231372322994,0.0210231372322994,0.0160828742749283
12.3654554745313,0,-0.0686880413546458,0,12.3654554745313,-0.0686880413546458,-0.0686880413546458,-0.0686880413546458,0.0513325050706189
19.2556223171704,0,0.0285945738844167,0,19.2556223171704,0.0285945738844167,0.0285945738844167,0.0285945738844167,0.0139726523520546
34.7312424253189,0,0.00360906084633839,0,34.7312424253189,0.00360906084633839,0.00360906084633839,0.00360906084633839,0.017575833019559
54.7209102152747,0,0.0196726221291343,0,54.7209102152747,0.0196726221291343,0.0196726221291343,0.0196726221291343,0.0109274670854921
9.76552332936977,0,0.00564706861610557,0,9.76552332936977,0.00564706861610557,0.00564706861610557,0.00564706861610557,0.022210163633412
8.22166390729103,0,0.0200227074138689,0,8.22166390729103,0.0200227074138689,0.0200227074138689,0.0200227074138689,0.0889316774406693
11.7030101268542,0,0.0664031592294417,0,11.7030101268542,0.0664031592294417,0.0664031592294417,0.0664031592294417,0.0318702419669784
7.36539602284415,0,-0.0247872150245361,0,7.36539602284415,-0.0247872150245361,-0.0247872150245361,-0.0247872150245361,0.114121672795408
9.34902839864339,0,-0.0319037471830898,0,9.34902839864339,-0.0319037471830898,-0.0319037471830898,-0.0319037471830898,0.0353702402159913
12.5616640281909,0,0.00441577973083164,0,12.5616640281909,0.00441577973083164,0.00441577973083164,0.00441577973083164,0.0138459086615911
9.90269087384876,0,-0.0238997733934269,0,9.90269087384876,-0.0238997733934269,-0.0238997733934269,-0.0238997733934269,0.140365006537693
10.8363107906744,0,-0.028098390818107,0,10.8363107906744,-0.028098390818107,-0.028098390818107,-0.028098390818107,0.071926050301895
11.7003583105711,0,-0.00186774348468509,0,11.7003583105711,-0.00186774348468509,-0.00186774348468509,-0.00186774348468509,0.00589871207554302
14.1717804897526,0,0.027255899623745,0,14.1717804897526,0.027255899623745,0.027255899623745,0.027255899623745,0.0438772018708798
11.3171115233183,0,-0.0301299566297987,0,11.3171115233183,-0.0301299566297987,-0.0301299566297987,-0.0301299566297987,0.0549217163119364
12.491172371433,0,0.00616174807970621,0,12.491172371433,0.00616174807970621,0.00616174807970621,0.00616174807970621,0.0405245193389735
26.705767275507,0,-0.098143737211913,0,26.705767275507,-0.098143737211913,-0.098143737211913,-0.098143737211913,0.0957453613360952
23.3384346785706,0,0.0173424537425691,0,23.3384346785706,0.0173424537425691,0.0173424537425691,0.0173424537425691,0.0189266195413323
21.0471310356801,0,0.0617673658141888,0,21.0471310356801,0.0617673658141888,0.0617673658141888,0.0617673658141888,0.047052745863464
16.8846431378076,0,0.0592246738975235,0,16.8846431378076,0.0592246738975235,0.0592246738975235,0.0592246738975235,0.0580511049145327
142.027144302285,0,0.0480428181832702,0,142.027144302285,0.0480428181832702,0.0480428181832702,0.0480428181832702,0.0151652887885014
10.8384906759069,0,-0.00221059163205814,0,10.8384906759069,-0.00221059163205814,-0.00221059163205814,-0.00221059163205814,0.0251376149245104
5.36034284274372,0,0.0126214961722838,0,5.36034284274372,0.0126214961722838,0.0126214961722838,0.0126214961722838,0.0439400124984659
14.6925462604222,0,-0.00458452472707301,0,14.6925462604222,-0.00458452472707301,-0.00458452472707301,-0.00458452472707301,0.0444254697733256
12.5310366569707,0,0.0109739413789005,0,12.5310366569707,0.0109739413789005,0.0109739413789005,0.0109739413789005,0.0301771491611757
11.0161041029769,0,-0.0031766917676102,0,11.0161041029769,-0.0031766917676102,-0.0031766917676102,-0.0031766917676102,0.0522005254908412
12.612078023469,0,-0.0597088928688878,0,12.612078023469,-0.0597088928688878,-0.0597088928688878,-0.0597088928688878,0.0322576765582896
27.9381463268887,0,-0.0196646199066465,0,27.9381463268887,-0.0196646199066465,-0.0196646199066465,-0.0196646199066465,0.0266030945529787
28.4056044215739,0,-0.0234835133541325,0,28.4056044215739,-0.0234835133541325,-0.0234835133541325,-0.0234835133541325,0.0460235649191708
13.4368696617468,0,0.0535402362440232,0,13.4368696617468,0.0535402362440232,0.0535402362440232,0.0535402362440232,0.0282079903838013
14.3373106913918,0,-0.0165868652445846,0,14.3373106913918,-0.0165868652445846,-0.0165868652445846,-0.0165868652445846,0.0475684856482902
25.9320346135502,0,-0.0232712391594247,0,25.9320346135502,-0.0232712391594247,-0.0232712391594247,-0.0232712391594247,0.0300519735078187
NA,NA,NA,NA,NA,NA,NA,NA,NA
3.48138260502119,0,-0.0431716232209931,0,3.48138260502119,-0.0431716232209931,-0.0431716232209931,-0.0431716232209931,0.0321818721032191
5.59197431763262,0,-0.0578220526680145,0,5.59197431763262,-0.0578220526680145,-0.0578220526680145,-0.0578220526680145,0.0290843221745671
7.10118523761685,0,-0.0285278978712163,0,7.10118523761685,-0.0285278978712163,-0.0285278978712163,-0.0285278978712163,0.0595492352872805
8.39406695268219,0,0.0167837864563465,0,8.39406695268219,0.0167837864563465,0.0167837864563465,0.0167837864563465,0.0322473662392579
6.68163411954067,0,0.0399525800720857,0,6.68163411954067,0.0399525800720857,0.0399525800720857,0.0399525800720857,0.0632642521725607
10.9419857642508,0,-0.0876235523401562,0,10.9419857642508,-0.0876235523401562,-0.0876235523401562,-0.0876235523401562,0.0336377588977628
9.567453602661,0,-0.0130573193727359,0,9.567453602661,-0.0130573193727359,-0.0130573193727359,-0.0130573193727359,0.0264340771076804
9.56764954052794,0,-0.00578932875863998,0,9.56764954052794,-0.00578932875863998,-0.00578932875863998,-0.00578932875863998,0.0288617279537588
9.58796747981615,0,0.00725905880614161,0,9.58796747981615,0.00725905880614161,0.00725905880614161,0.00725905880614161,0.0422687684348916
10.3415882006709,0,-0.0979591311963027,0,10.3415882006709,-0.0979591311963027,-0.0979591311963027,-0.0979591311963027,0.0379022425227411
9.03381024943225,0,-0.0258591277728825,0,9.03381024943225,-0.0258591277728825,-0.0258591277728825,-0.0258591277728825,0.0210013285642308
7.292171244769,0,0.0214216184583366,0,7.292171244769,0.0214216184583366,0.0214216184583366,0.0214216184583366,0.00787016036700002
10.6567948708008,0,0.0203455428827325,0,10.6567948708008,0.0203455428827325,0.0203455428827325,0.0203455428827325,0.0367174068081082
15.83958844307,0,0.0399832495665445,0,15.83958844307,0.0399832495665445,0.0399832495665445,0.0399832495665445,0.0130470310288665
17.7014293147066,0,0.0234372077444364,0,17.7014293147066,0.0234372077444364,0.0234372077444364,0.0234372077444364,0.0323786122878216
18.1343346159182,0,-0.039038202552074,0,18.1343346159182,-0.039038202552074,-0.039038202552074,-0.039038202552074,0.0164122723756369
13.5036026382197,0,0.0260526179813793,0,13.5036026382197,0.0260526179813793,0.0260526179813793,0.0260526179813793,0.0175137052055195
13.9836050997556,0,-0.0596374353307077,0,13.9836050997556,-0.0596374353307077,-0.0596374353307077,-0.0596374353307077,0.0260159424457815
11.3110693140974,0,0.00982781565554414,0,11.3110693140974,0.00982781565554414,0.00982781565554414,0.00982781565554414,0.0152975413868066
20.6083384757102,0,-0.0196913974375486,0,20.6083384757102,-0.0196913974375486,-0.0196913974375486,-0.0196913974375486,0.0564075951702511
12.3671082351961,0,0.0210231372322994,0,12.3671082351961,0.0210231372322994,0.0210231372322994,0.0210231372322994,0.0160828742749283
12.3654554745313,0,-0.0686880413546458,0,12.3654554745313,-0.0686880413546458,-0.0686880413546458,-0.0686880413546458,0.0513325050706189
19.2556223171704,0,0.0285945738844167,0,19.2556223171704,0.0285945738844167,0.0285945738844167,0.0285945738844167,0.0139726523520546
34.7312424253189,0,0.00360906084633839,0,34.7312424253189,0.00360906084633839,0.00360906084633839,0.00360906084633839,0.017575833019559
54.7209102152747,0,0.0196726221291343,0,54.7209102152747,0.0196726221291343,0.0196726221291343,0.0196726221291343,0.0109274670854921
9.76552332936977,0,0.00564706861610557,0,9.76552332936977,0.00564706861610557,0.00564706861610557,0.00564706861610557,0.022210163633412
8.22166390729103,0,0.0200227074138689,0,8.22166390729103,0.0200227074138689,0.0200227074138689,0.0200227074138689,0.0889316774406693
11.7030101268542,0,0.0664031592294417,0,11.7030101268542,0.0664031592294417,0.0664031592294417,0.0664031592294417,0.0318702419669784
7.36539602284415,0,-0.0247872150245361,0,7.36539602284415,-0.0247872150245361,-0.0247872150245361,-0.0247872150245361,0.114121672795408
9.34902839864339,0,-0.0319037471830898,0,9.34902839864339,-0.0319037471830898,-0.0319037471830898,-0.0319037471830898,0.0353702402159913
12.5616640281909,0,0.00441577973083164,0,12.5616640281909,0.00441577973083164,0.00441577973083164,0.00441577973083164,0.0138459086615911
9.90269087384876,0,-0.0238997733934269,0,9.90269087384876,-0.0238997733934269,-0.0238997733934269,-0.0238997733934269,0.140365006537693
10.8363107906744,0,-0.028098390818107,0,10.8363107906744,-0.028098390818107,-0.028098390818107,-0.028098390818107,0.071926050301895
11.7003583105711,0,-0.00186774348468509,0,11.7003583105711,-0.00186774348468509,-0.00186774348468509,-0.00186774348468509,0.00589871207554302
14.1717804897526,0,0.027255899623745,0,14.1717804897526,0.027255899623745,0.027255899623745,0.027255899623745,0.0438772018708798
11.3171115233183,0,-0.0301299566297987,0,11.3171115233183,-0.0301299566297987,-0.0301299566297987,-0.0301299566297987,0.0549217163119364
12.491172371433,0,0.00616174807970621,0,12.491172371433,0.00616174807970621,0.00616174807970621,0.00616174807970621,0.0405245193389735
26.705767275507,0,-0.098143737211913,0,26.705767275507,-0.098143737211913,-0.098143737211913,-0.098143737211913,0.0957453613360952
23.3384346785706,0,0.0173424537425691,0,23.3384346785706,0.0173424537425691,0.0173424537425691,0.0173424537425691,0.0189266195413323
21.0471310356801,0,0.0617673658141888,0,21.0471310356801,0.0617673658141888,0.0617673658141888,0.0617673658141888,0.047052745863464
16.8846431378076,0,0.0592246738975235,0,16.8846431378076,0.0592246738975235,0.0592246738975235,0.0592246738975235,0.0580511049145327
142.027144302285,0,0.0480428181832702,0,142.027144302285,0.0480428181832702,0.0480428181832702,0.0480428181832702,0.0151652887885014
10.8384906759069,0,-0.00221059163205814,0,10.8384906759069,-0.00221059163205814,-0.00221059163205814,-0.00221059163205814,0.0251376149245104
5.36034284274372,0,0.0126214961722838,0,5.36034284274372,0.0126214961722838,0.0126214961722838,0.0126214961722838,0.0439400124984659
14.6925462604222,0,-0.00458452472707301,0,14.6925462604222,-0.00458452472707301,-0.00458452472707301,-0.00458452472707301,0.0444254697733256
12.5310366569707,0,0.0109739413789005,0,12.5310366569707,0.0109739413789005,0.0109739413789005,0.0109739413789005,0.0301771491611757
11.0161041029769,0,-0.0031766917676102,0,11.0161041029769,-0.0031766917676102,-0.0031766917676102,-0.0031766917676102,0.0522005254908412
12.612078023469,0,-0.0597088928688878,0,12.612078023469,-0.0597088928688878,-0.0597088928688878,-0.0597088928688878,0.0322576765582896
27.9381463268887,0,-0.0196646199066465,0,27.9381463268887,-0.0196646199066465,-0.0196646199066465,-0.0196646199066465,0.0266030945529787
28.4056044215739,0,-0.0234835133541325,0,28.4056044215739,-0.0234835133541325,-0.0234835133541325,-0.0234835133541325,0.0460235649191708
13.4368696617468,0,0.0535402362440232,0,13.4368696617468,0.0535402362440232,0.0535402362440232,0.0535402362440232,0.0282079903838013
14.3373106913918,0,-0.0165868652445846,0,14.3373106913918,-0.0165868652445846,-0.0165868652445846,-0.0165868652445846,0.0475684856482902
25.9320346135502,0,-0.0232712391594247,0,25.9320346135502,-0.0232712391594247,-0.0232712391594247,-0.0232712391594247,0.0300519735078187
NA,NA,NA,NA,NA,NA,NA,NA,NA
3.48138260502119,0,-0.0431716232209931,0,3.48138260502119,-0.0431716232209931,-0.0431716232209931,-0.0431716232209931,0.0321818721032191
5.59197431763262,0,-0.0578220526680145,0,5.59197431763262,-0.0578220526680145,-0.0578220526680145,-0.0578220526680145,0.0290843221745671
7.10118523761685,0,-0.0285278978712163,0,7.10118523761685,-0.0285278978712163,-0.0285278978712163,-0.0285278978712163,0.0595492352872805
8.39406695268219,0,0.0167837864563465,0,8.39406695268219,0.0167837864563465,0.0167837864563465,0.0167837864563465,0.0322473662392579
6.68163411954067,0,0.0399525800720857,0,6.68163411954067,0.0399525800720857,0.0399525800720857,0.0399525800720857,0.0632642521725607
10.9419857642508,0,-0.0876235523401562,0,10.9419857642508,-0.0876235523401562,-0.0876235523401562,-0.0876235523401562,0.0336377588977628
9.567453602661,0,-0.0130573193727359,0,9.567453602661,-0.0130573193727359,-0.0130573193727359,-0.0130573193727359,0.0264340771076804
9.56764954052794,0,-0.00578932875863998,0,9.56764954052794,-0.00578932875863998,-0.00578932875863998,-0.00578932875863998,0.0288617279537588
9.58796747981615,0,0.00725905880614161,0,9.58796747981615,0.00725905880614161,0.00725905880614161,0.00725905880614161,0.0422687684348916
10.3415882006709,0,-0.0979591311963027,0,10.3415882006709,-0.0979591311963027,-0.0979591311963027,-0.0979591311963027,0.0379022425227411
9.03381024943225,0,-0.0258591277728825,0,9.03381024943225,-0.0258591277728825,-0.0258591277728825,-0.0258591277728825,0.0210013285642308
7.292171244769,0,0.0214216184583366,0,7.292171244769,0.0214216184583366,0.0214216184583366,0.0214216184583366,0.00787016036700002
10.6567948708008,0,0.0203455428827325,0,10.6567948708008,0.0203455428827325,0.0203455428827325,0.0203455428827325,0.0367174068081082
15.83958844307,0,0.0399832495665445,0,15.83958844307,0.0399832495665445,0.0399832495665445,0.0399832495665445,0.0130470310288665
17.7014293147066,0,0.0234372077444364,0,17.7014293147066,0.0234372077444364,0.0234372077444364,0.0234372077444364,0.0323786122878216
18.1343346159182,0,-0.039038202552074,0,18.1343346159182,-0.039038202552074,-0.039038202552074,-0.039038202552074,0.0164122723756369
13.5036026382197,0,0.0260526179813793,0,13.5036026382197,0.0260526179813793,0.0260526179813793,0.0260526179813793,0.0175137052055195
13.9836050997556,0,-0.0596374353307077,0,13.9836050997556,-0.0596374353307077,-0.0596374353307077,-0.0596374353307077,0.0260159424457815
11.3110693140974,0,0.00982781565554414,0,11.3110693140974,0.00982781565554414,0.00982781565554414,0.00982781565554414,0.0152975413868066
20.6083384757102,0,-0.0196913974375486,0,20.6083384757102,-0.0196913974375486,-0.0196913974375486,-0.0196913974375486,0.0564075951702511
12.3671082351961,0,0.0210231372322994,0,12.3671082351961,0.0210231372322994,0.0210231372322994,0.0210231372322994,0.0160828742749283
12.3654554745313,0,-0.0686880413546458,0,12.3654554745313,-0.0686880413546458,-0.0686880413546458,-0.0686880413546458,0.0513325050706189
19.2556223171704,0,0.0285945738844167,0,19.2556223171704,0.0285945738844167,0.0285945738844167,0.0285945738844167,0.0139726523520546
34.7312424253189,0,0.00360906084633839,0,34.7312424253189,0.00360906084633839,0.00360906084633839,0.00360906084633839,0.017575833019559
54.7209102152747,0,0.0196726221291343,0,54.7209102152747,0.0196726221291343,0.0196726221291343,0.0196726221291343,0.0109274670854921
9.76552332936977,0,0.00564706861610557,0,9.76552332936977,0.00564706861610557,0.00564706861610557,0.00564706861610557,0.022210163633412
8.22166390729103,0,0.0200227074138689,0,8.22166390729103,0.0200227074138689,0.0200227074138689,0.0200227074138689,0.0889316774406693
9.93767446410684,0,-0.0799049140762041,0,9.93767446410684,-0.0799049140762041,-0.0799049140762041,-0.0799049140762041,0.101288434497172
7.36539602284415,0,-0.0247872150245361,0,7.36539602284415,-0.0247872150245361,-0.0247872150245361,-0.0247872150245361,0.114121672795408
9.34902839864339,0,-0.0319037471830898,0,9.34902839864339,-0.0319037471830898,-0.0319037471830898,-0.0319037471830898,0.0353702402159913
12.5616640281909,0,0.00441577973083164,0,12.5616640281909,0.00441577973083164,0.00441577973083164,0.00441577973083164,0.0138459086615911
9.90269087384876,0,-0.0238997733934269,0,9.90269087384876,-0.0238997733934269,-0.0238997733934269,-0.0238997733934269,0.140365006537693
10.8363107906744,0,-0.028098390818107,0,10.8363107906744,-0.028098390818107,-0.028098390818107,-0.028098390818107,0.071926050301895
11.7003583105711,0,-0.00186774348468509,0,11.7003583105711,-0.00186774348468509,-0.00186774348468509,-0.00186774348468509,0.00589871207554302
14.1717804897526,0,0.027255899623745,0,14.1717804897526,0.027255899623745,0.027255899623745,0.027255899623745,0.0438772018708798
11.3171115233183,0,-0.0301299566297987,0,11.3171115233183,-0.0301299566297987,-0.0301299566297987,-0.0301299566297987,0.0549217163119364
12.491172371433,0,0.00616174807970621,0,12.491172371433,0.00616174807970621,0.00616174807970621,0.00616174807970621,0.0405245193389735
15.2952591478408,0,-0.0301074875319639,0,15.2952591478408,-0.0301074875319639,-0.0301074875319639,-0.0301074875319639,0.0413728621057451
23.3384346785706,0,0.0173424537425691,0,23.3384346785706,0.0173424537425691,0.0173424537425691,0.0173424537425691,0.0189266195413323
21.0471310356801,0,0.0617673658141888,0,21.0471310356801,0.0617673658141888,0.0617673658141888,0.0617673658141888,0.047052745863464
16.8846431378076,0,0.0592246738975235,0,16.8846431378076,0.0592246738975235,0.0592246738975235,0.0592246738975235,0.0580511049145327
142.027144302285,0,0.0480428181832702,0,142.027144302285,0.0480428181832702,0.0480428181832702,0.0480428181832702,0.0151652887885014
10.8384906759069,0,-0.00221059163205814,0,10.8384906759069,-0.00221059163205814,-0.00221059163205814,-0.00221059163205814,0.0251376149245104
5.36034284274372,0,0.0126214961722838,0,5.36034284274372,0.0126214961722838,0.0126214961722838,0.0126214961722838,0.0439400124984659
14.6925462604222,0,-0.00458452472707301,0,14.6925462604222,-0.00458452472707301,-0.00458452472707301,-0.00458452472707301,0.0444254697733256
12.5310366569707,0,0.0109739413789005,0,12.5310366569707,0.0109739413789005,0.0109739413789005,0.0109739413789005,0.0301771491611757
11.0161041029769,0,-0.0031766917676102,0,11.0161041029769,-0.0031766917676102,-0.0031766917676102,-0.0031766917676102,0.0522005254908412
12.612078023469,0,-0.0597088928688878,0,12.612078023469,-0.0597088928688878,-0.0597088928688878,-0.0597088928688878,0.0322576765582896
26.705767275507,0,-0.098143737211913,0,26.705767275507,-0.098143737211913,-0.098143737211913,-0.098143737211913,0.0957453613360952
27.9381463268887,0,-0.0196646199066465,0,27.9381463268887,-0.0196646199066465,-0.0196646199066465,-0.0196646199066465,0.0266030945529787
28.4056044215739,0,-0.0234835133541325,0,28.4056044215739,-0.0234835133541325,-0.0234835133541325,-0.0234835133541325,0.0460235649191708
13.4368696617468,0,0.0535402362440232,0,13.4368696617468,0.0535402362440232,0.0535402362440232,0.0535402362440232,0.0282079903838013
14.3373106913918,0,-0.0165868652445846,0,14.3373106913918,-0.0165868652445846,-0.0165868652445846,-0.0165868652445846,0.0475684856482902
25.9320346135502,0,-0.0232712391594247,0,25.9320346135502,-0.0232712391594247,-0.0232712391594247,-0.0232712391594247,0.0300519735078187
NA,NA,NA,NA,NA,NA,NA,NA,NA
3.48138260502119,0,-0.0431716232209931,0,3.48138260502119,-0.0431716232209931,-0.0431716232209931,-0.0431716232209931,0.0321818721032191
5.59197431763262,0,-0.0578220526680145,0,5.59197431763262,-0.0578220526680145,-0.0578220526680145,-0.0578220526680145,0.0290843221745671
7.10118523761685,0,-0.0285278978712163,0,7.10118523761685,-0.0285278978712163,-0.0285278978712163,-0.0285278978712163,0.0595492352872805
8.39406695268219,0,0.0167837864563465,0,8.39406695268219,0.0167837864563465,0.0167837864563465,0.0167837864563465,0.0322473662392579
6.68163411954067,0,0.0399525800720857,0,6.68163411954067,0.0399525800720857,0.0399525800720857,0.0399525800720857,0.0632642521725607
10.9419857642508,0,-0.0876235523401562,0,10.9419857642508,-0.0876235523401562,-0.0876235523401562,-0.0876235523401562,0.0336377588977628
9.567453602661,0,-0.0130573193727359,0,9.567453602661,-0.0130573193727359,-0.0130573193727359,-0.0130573193727359,0.0264340771076804
9.56764954052794,0,-0.00578932875863998,0,9.56764954052794,-0.00578932875863998,-0.00578932875863998,-0.00578932875863998,0.0288617279537588
9.58796747981615,0,0.00725905880614161,0,9.58796747981615,0.00725905880614161,0.00725905880614161,0.00725905880614161,0.0422687684348916
10.3415882006709,0,-0.0979591311963027,0,10.3415882006709,-0.0979591311963027,-0.0979591311963027,-0.0979591311963027,0.0379022425227411
9.03381024943225,0,-0.0258591277728825,0,9.03381024943225,-0.0258591277728825,-0.0258591277728825,-0.0258591277728825,0.0210013285642308
7.292171244769,0,0.0214216184583366,0,7.292171244769,0.0214216184583366,0.0214216184583366,0.0214216184583366,0.00787016036700002
10.6567948708008,0,0.0203455428827325,0,10.6567948708008,0.0203455428827325,0.0203455428827325,0.0203455428827325,0.0367174068081082
15.83958844307,0,0.0399832495665445,0,15.83958844307,0.0399832495665445,0.0399832495665445,0.0399832495665445,0.0130470310288665
17.7014293147066,0,0.0234372077444364,0,17.7014293147066,0.0234372077444364,0.0234372077444364,0.0234372077444364,0.0323786122878216
18.1343346159182,0,-0.039038202552074,0,18.1343346159182,-0.039038202552074,-0.039038202552074,-0.039038202552074,0.0164122723756369
13.5036026382197,0,0.0260526179813793,0,13.5036026382197,0.0260526179813793,0.0260526179813793,0.0260526179813793,0.0175137052055195
13.9836050997556,0,-0.0596374353307077,0,13.9836050997556,-0.0596374353307077,-0.0596374353307077,-0.0596374353307077,0.0260159424457815
11.3110693140974,0,0.00982781565554414,0,11.3110693140974,0.00982781565554414,0.00982781565554414,0.00982781565554414,0.0152975413868066
20.6083384757102,0,-0.0196913974375486,0,20.6083384757102,-0.0196913974375486,-0.0196913974375486,-0.0196913974375486,0.0564075951702511
12.3671082351961,0,0.0210231372322994,0,12.3671082351961,0.0210231372322994,0.0210231372322994,0.0210231372322994,0.0160828742749283
12.3654554745313,0,-0.0686880413546458,0,12.3654554745313,-0.0686880413546458,-0.0686880413546458,-0.0686880413546458,0.0513325050706189
19.2556223171704,0,0.0285945738844167,0,19.2556223171704,0.0285945738844167,0.0285945738844167,0.0285945738844167,0.0139726523520546
34.7312424253189,0,0.00360906084633839,0,34.7312424253189,0.00360906084633839,0.00360906084633839,0.00360906084633839,0.017575833019559
54.7209102152747,0,0.0196726221291343,0,54.7209102152747,0.0196726221291343,0.0196726221291343,0.0196726221291343,0.0109274670854921
9.76552332936977,0,0.00564706861610557,0,9.76552332936977,0.00564706861610557,0.00564706861610557,0.00564706861610557,0.022210163633412
8.22166390729103,0,0.0200227074138689,0,8.22166390729103,0.0200227074138689,0.0200227074138689,0.0200227074138689,0.0889316774406693
9.93767446410684,0,-0.0799049140762041,0,9.93767446410684,-0.0799049140762041,-0.0799049140762041,-0.0799049140762041,0.101288434497172
7.36539602284415,0,-0.0247872150245361,0,7.36539602284415,-0.0247872150245361,-0.0247872150245361,-0.0247872150245361,0.114121672795408
9.34902839864339,0,-0.0319037471830898,0,9.34902839864339,-0.0319037471830898,-0.0319037471830898,-0.0319037471830898,0.0353702402159913
12.5616640281909,0,0.00441577973083164,0,12.5616640281909,0.00441577973083164,0.00441577973083164,0.00441577973083164,0.0138459086615911
9.90269087384876,0,-0.0238997733934269,0,9.90269087384876,-0.0238997733934269,-0.0238997733934269,-0.0238997733934269,0.140365006537693
10.8363107906744,0,-0.028098390818107,0,10.8363107906744,-0.028098390818107,-0.028098390818107,-0.028098390818107,0.071926050301895
11.7003583105711,0,-0.00186774348468509,0,11.7003583105711,-0.00186774348468509,-0.00186774348468509,-0.00186774348468509,0.00589871207554302
14.1717804897526,0,0.027255899623745,0,14.1717804897526,0.027255899623745,0.027255899623745,0.027255899623745,0.0438772018708798
11.3171115233183,0,-0.0301299566297987,0,11.3171115233183,-0.0301299566297987,-0.0301299566297987,-0.0301299566297987,0.0549217163119364
12.491172371433,0,0.00616174807970621,0,12.491172371433,0.00616174807970621,0.00616174807970621,0.00616174807970621,0.0405245193389735
15.2952591478408,0,-0.0301074875319639,0,15.2952591478408,-0.0301074875319639,-0.0301074875319639,-0.0301074875319639,0.0413728621057451
23.3384346785706,0,0.0173424537425691,0,23.3384346785706,0.0173424537425691,0.0173424537425691,0.0173424537425691,0.0189266195413323
21.0471310356801,0,0.0617673658141888,0,21.0471310356801,0.0617673658141888,0.0617673658141888,0.0617673658141888,0.047052745863464
16.8846431378076,0,0.0592246738975235,0,16.8846431378076,0.0592246738975235,0.0592246738975235,0.0592246738975235,0.0580511049145327
142.027144302285,0,0.0480428181832702,0,142.027144302285,0.0480428181832702,0.0480428181832702,0.0480428181832702,0.0151652887885014
10.8384906759069,0,-0.00221059163205814,0,10.8384906759069,-0.00221059163205814,-0.00221059163205814,-0.00221059163205814,0.0251376149245104
5.36034284274372,0,0.0126214961722838,0,5.36034284274372,0.0126214961722838,0.0126214961722838,0.0126214961722838,0.0439400124984659
14.6925462604222,0,-0.00458452472707301,0,14.6925462604222,-0.00458452472707301,-0.00458452472707301,-0.00458452472707301,0.0444254697733256
12.5310366569707,0,0.0109739413789005,0,12.5310366569707,0.0109739413789005,0.0109739413789005,0.0109739413789005,0.0301771491611757
11.0161041029769,0,-0.0031766917676102,0,11.0161041029769,-0.0031766917676102,-0.0031766917676102,-0.0031766917676102,0.0522005254908412
12.612078023469,0,-0.0597088928688878,0,12.612078023469,-0.0597088928688878,-0.0597088928688878,-0.0597088928688878,0.0322576765582896
27.9381463268887,0,-0.0196646199066465,0,27.9381463268887,-0.0196646199066465,-0.0196646199066465,-0.0196646199066465,0.0266030945529787
28.4056044215739,0,-0.0234835133541325,0,28.4056044215739,-0.0234835133541325,-0.0234835133541325,-0.0234835133541325,0.0460235649191708
13.4368696617468,0,0.0535402362440232,0,13.4368696617468,0.0535402362440232,0.0535402362440232,0.0535402362440232,0.0282079903838013
14.3373106913918,0,-0.0165868652445846,0,14.3373106913918,-0.0165868652445846,-0.0165868652445846,-0.0165868652445846,0.0475684856482902
25.9320346135502,0,-0.0232712391594247,0,25.9320346135502,-0.0232712391594247,-0.0232712391594247,-0.0232712391594247,0.0300519735078187
NA,NA,NA,NA,NA,NA,NA,NA,NA
3.48138260502119,0,-0.0431716232209931,0,3.48138260502119,-0.0431716232209931,-0.0431716232209931,-0.0431716232209931,0.0321818721032191
5.59197431763262,0,-0.0578220526680145,0,5.59197431763262,-0.0578220526680145,-0.0578220526680145,-0.0578220526680145,0.0290843221745671
7.10118523761685,0,-0.0285278978712163,0,7.10118523761685,-0.0285278978712163,-0.0285278978712163,-0.0285278978712163,0.0595492352872805
8.39406695268219,0,0.0167837864563465,0,8.39406695268219,0.0167837864563465,0.0167837864563465,0.0167837864563465,0.0322473662392579
6.68163411954067,0,0.0399525800720857,0,6.68163411954067,0.0399525800720857,0.0399525800720857,0.0399525800720857,0.0632642521725607
10.9419857642508,0,-0.0876235523401562,0,10.9419857642508,-0.0876235523401562,-0.0876235523401562,-0.0876235523401562,0.0336377588977628
9.567453602661,0,-0.0130573193727359,0,9.567453602661,-0.0130573193727359,-0.0130573193727359,-0.0130573193727359,0.0264340771076804
9.56764954052794,0,-0.00578932875863998,0,9.56764954052794,-0.00578932875863998,-0.00578932875863998,-0.00578932875863998,0.0288617279537588
9.58796747981615,0,0.00725905880614161,0,9.58796747981615,0.00725905880614161,0.00725905880614161,0.00725905880614161,0.0422687684348916
10.3415882006709,0,-0.0979591311963027,0,10.3415882006709,-0.0979591311963027,-0.0979591311963027,-0.0979591311963027,0.0379022425227411
9.03381024943225,0,-0.0258591277728825,0,9.03381024943225,-0.0258591277728825,-0.0258591277728825,-0.0258591277728825,0.0210013285642308
7.292171244769,0,0.0214216184583366,0,7.292171244769,0.0214216184583366,0.0214216184583366,0.0214216184583366,0.00787016036700002
10.6567948708008,0,0.0203455428827325,0,10.6567948708008,0.0203455428827325,0.0203455428827325,0.0203455428827325,0.0367174068081082
15.83958844307,0,0.0399832495665445,0,15.83958844307,0.0399832495665445,0.0399832495665445,0.0399832495665445,0.0130470310288665
17.7014293147066,0,0.0234372077444364,0,17.7014293147066,0.0234372077444364,0.0234372077444364,0.0234372077444364,0.0323786122878216
18.1343346159182,0,-0.039038202552074,0,18.1343346159182,-0.039038202552074,-0.039038202552074,-0.039038202552074,0.0164122723756369
13.5036026382197,0,0.0260526179813793,0,13.5036026382197,0.0260526179813793,0.0260526179813793,0.0260526179813793,0.0175137052055195
13.9836050997556,0,-0.0596374353307077,0,13.9836050997556,-0.0596374353307077,-0.0596374353307077,-0.0596374353307077,0.0260159424457815
11.3110693140974,0,0.00982781565554414,0,11.3110693140974,0.00982781565554414,0.00982781565554414,0.00982781565554414,0.0152975413868066
20.6083384757102,0,-0.0196913974375486,0,20.6083384757102,-0.0196913974375486,-0.0196913974375486,-0.0196913974375486,0.0564075951702511
12.3671082351961,0,0.0210231372322994,0,12.3671082351961,0.0210231372322994,0.0210231372322994,0.0210231372322994,0.0160828742749283
12.3654554745313,0,-0.0686880413546458,0,12.3654554745313,-0.0686880413546458,-0.0686880413546458,-0.0686880413546458,0.0513325050706189
19.2556223171704,0,0.0285945738844167,0,19.2556223171704,0.0285945738844167,0.0285945738844167,0.0285945738844167,0.0139726523520546
34.7312424253189,0,0.00360906084633839,0,34.7312424253189,0.00360906084633839,0.00360906084633839,0.00360906084633839,0.017575833019559
54.7209102152747,0,0.0196726221291343,0,54.7209102152747,0.0196726221291343,0.0196726221291343,0.0196726221291343,0.0109274670854921
9.76552332936977,0,0.00564706861610557,0,9.76552332936977,0.00564706861610557,0.00564706861610557,0.00564706861610557,0.022210163633412
8.22166390729103,0,0.0200227074138689,0,8.22166390729103,0.0200227074138689,0.0200227074138689,0.0200227074138689,0.0889316774406693
9.93767446410684,0,-0.0799049140762041,0,9.93767446410684,-0.0799049140762041,-0.0799049140762041,-0.0799049140762041,0.101288434497172
7.36539602284415,0,-0.0247872150245361,0,7.36539602284415,-0.0247872150245361,-0.0247872150245361,-0.0247872150245361,0.114121672795408
9.34902839864339,0,-0.0319037471830898,0,9.34902839864339,-0.0319037471830898,-0.0319037471830898,-0.0319037471830898,0.0353702402159913
12.5616640281909,0,0.00441577973083164,0,12.5616640281909,0.00441577973083164,0.00441577973083164,0.00441577973083164,0.0138459086615911
9.90269087384876,0,-0.0238997733934269,0,9.90269087384876,-0.0238997733934269,-0.0238997733934269,-0.0238997733934269,0.140365006537693
10.8363107906744,0,-0.028098390818107,0,10.8363107906744,-0.028098390818107,-0.028098390818107,-0.028098390818107,0.071926050301895
11.7003583105711,0,-0.00186774348468509,0,11.7003583105711,-0.00186774348468509,-0.00186774348468509,-0.00186774348468509,0.00589871207554302
14.1717804897526,0,0.027255899623745,0,14.1717804897526,0.027255899623745,0.027255899623745,0.027255899623745,0.0438772018708798
11.3171115233183,0,-0.0301299566297987,0,11.3171115233183,-0.0301299566297987,-0.0301299566297987,-0.0301299566297987,0.0549217163119364
12.491172371433,0,0.00616174807970621,0,12.491172371433,0.00616174807970621,0.00616174807970621,0.00616174807970621,0.0405245193389735
15.2952591478408,0,-0.0301074875319639,0,15.2952591478408,-0.0301074875319639,-0.0301074875319639,-0.0301074875319639,0.0413728621057451
23.3384346785706,0,0.0173424537425691,0,23.3384346785706,0.0173424537425691,0.0173424537425691,0.0173424537425691,0.0189266195413323
21.0471310356801,0,0.0617673658141888,0,21.0471310356801,0.0617673658141888,0.0617673658141888,0.0617673658141888,0.047052745863464
16.8846431378076,0,0.0592246738975235,0,16.8846431378076,0.0592246738975235,0.0592246738975235,0.0592246738975235,0.0580511049145327
142.027144302285,0,0.0480428181832702,0,142.027144302285,0.0480428181832702,0.0480428181832702,0.0480428181832702,0.0151652887885014
10.8384906759069,0,-0.00221059163205814,0,10.8384906759069,-0.00221059163205814,-0.00221059163205814,-0.00221059163205814,0.0251376149245104
5.36034284274372,0,0.0126214961722838,0,5.36034284274372,0.0126214961722838,0.0126214961722838,0.0126214961722838,0.0439400124984659
14.6925462604222,0,-0.00458452472707301,0,14.6925462604222,-0.00458452472707301,-0.00458452472707301,-0.00458452472707301,0.0444254697733256
12.5310366569707,0,0.0109739413789005,0,12.5310366569707,0.0109739413789005,0.0109739413789005,0.0109739413789005,0.0301771491611757
11.0161041029769,0,-0.0031766917676102,0,11.0161041029769,-0.0031766917676102,-0.0031766917676102,-0.0031766917676102,0.0522005254908412
12.612078023469,0,-0.0597088928688878,0,12.612078023469,-0.0597088928688878,-0.0597088928688878,-0.0597088928688878,0.0322576765582896
27.9381463268887,0,-0.0196646199066465,0,27.9381463268887,-0.0196646199066465,-0.0196646199066465,-0.0196646199066465,0.0266030945529787
28.4056044215739,0,-0.0234835133541325,0,28.4056044215739,-0.0234835133541325,-0.0234835133541325,-0.0234835133541325,0.0460235649191708
13.4368696617468,0,0.0535402362440232,0,13.4368696617468,0.0535402362440232,0.0535402362440232,0.0535402362440232,0.0282079903838013
14.3373106913918,0,-0.0165868652445846,0,14.3373106913918,-0.0165868652445846,-0.0165868652445846,-0.0165868652445846,0.0475684856482902
25.9320346135502,0,-0.0232712391594247,0,25.9320346135502,-0.0232712391594247,-0.0232712391594247,-0.0232712391594247,0.0300519735078187
NA,NA,NA,NA,NA,NA,NA,NA,NA
3.48138260502119,0,-0.0431716232209931,0,3.48138260502119,-0.0431716232209931,-0.0431716232209931,-0.0431716232209931,0.0321818721032191
5.59197431763262,0,-0.0578220526680145,0,5.59197431763262,-0.0578220526680145,-0.0578220526680145,-0.0578220526680145,0.0290843221745671
7.10118523761685,0,-0.0285278978712163,0,7.10118523761685,-0.0285278978712163,-0.0285278978712163,-0.0285278978712163,0.0595492352872805
8.39406695268219,0,0.0167837864563465,0,8.39406695268219,0.0167837864563465,0.0167837864563465,0.0167837864563465,0.0322473662392579
6.68163411954067,0,0.0399525800720857,0,6.68163411954067,0.0399525800720857,0.0399525800720857,0.0399525800720857,0.0632642521725607
10.9419857642508,0,-0.0876235523401562,0,10.9419857642508,-0.0876235523401562,-0.0876235523401562,-0.0876235523401562,0.0336377588977628
9.567453602661,0,-0.0130573193727359,0,9.567453602661,-0.0130573193727359,-0.0130573193727359,-0.0130573193727359,0.0264340771076804
9.56764954052794,0,-0.00578932875863998,0,9.56764954052794,-0.00578932875863998,-0.00578932875863998,-0.00578932875863998,0.0288617279537588
9.58796747981615,0,0.00725905880614161,0,9.58796747981615,0.00725905880614161,0.00725905880614161,0.00725905880614161,0.0422687684348916
10.3415882006709,0,-0.0979591311963027,0,10.3415882006709,-0.0979591311963027,-0.0979591311963027,-0.0979591311963027,0.0379022425227411
9.03381024943225,0,-0.0258591277728825,0,9.03381024943225,-0.0258591277728825,-0.0258591277728825,-0.0258591277728825,0.0210013285642308
7.292171244769,0,0.0214216184583366,0,7.292171244769,0.0214216184583366,0.0214216184583366,0.0214216184583366,0.00787016036700002
10.6567948708008,0,0.0203455428827325,0,10.6567948708008,0.0203455428827325,0.0203455428827325,0.0203455428827325,0.0367174068081082
15.83958844307,0,0.0399832495665445,0,15.83958844307,0.0399832495665445,0.0399832495665445,0.0399832495665445,0.0130470310288665
17.7014293147066,0,0.0234372077444364,0,17.7014293147066,0.0234372077444364,0.0234372077444364,0.0234372077444364,0.0323786122878216
18.1343346159182,0,-0.039038202552074,0,18.1343346159182,-0.039038202552074,-0.039038202552074,-0.039038202552074,0.0164122723756369
13.5036026382197,0,0.0260526179813793,0,13.5036026382197,0.0260526179813793,0.0260526179813793,0.0260526179813793,0.0175137052055195
13.9836050997556,0,-0.0596374353307077,0,13.9836050997556,-0.0596374353307077,-0.0596374353307077,-0.0596374353307077,0.0260159424457815
11.3110693140974,0,0.00982781565554414,0,11.3110693140974,0.00982781565554414,0.00982781565554414,0.00982781565554414,0.0152975413868066
20.6083384757102,0,-0.0196913974375486,0,20.6083384757102,-0.0196913974375486,-0.0196913974375486,-0.0196913974375486,0.0564075951702511
12.3671082351961,0,0.0210231372322994,0,12.3671082351961,0.0210231372322994,0.0210231372322994,0.0210231372322994,0.0160828742749283
12.3654554745313,0,-0.0686880413546458,0,12.3654554745313,-0.0686880413546458,-0.0686880413546458,-0.0686880413546458,0.0513325050706189
19.2556223171704,0,0.0285945738844167,0,19.2556223171704,0.0285945738844167,0.0285945738844167,0.0285945738844167,0.0139726523520546
34.7312424253189,0,0.00360906084633839,0,34.7312424253189,0.00360906084633839,0.00360906084633839,0.00360906084633839,0.017575833019559
54.7209102152747,0,0.0196726221291343,0,54.7209102152747,0.0196726221291343,0.0196726221291343,0.0196726221291343,0.0109274670854921
9.76552332936977,0,0.00564706861610557,0,9.76552332936977,0.00564706861610557,0.00564706861610557,0.00564706861610557,0.022210163633412
8.22166390729103,0,0.0200227074138689,0,8.22166390729103,0.0200227074138689,0.0200227074138689,0.0200227074138689,0.0889316774406693
9.93767446410684,0,-0.0799049140762041,0,9.93767446410684,-0.0799049140762041,-0.0799049140762041,-0.0799049140762041,0.101288434497172
7.36539602284415,0,-0.0247872150245361,0,7.36539602284415,-0.0247872150245361,-0.0247872150245361,-0.0247872150245361,0.114121672795408
9.34902839864339,0,-0.0319037471830898,0,9.34902839864339,-0.0319037471830898,-0.0319037471830898,-0.0319037471830898,0.0353702402159913
12.5616640281909,0,0.00441577973083164,0,12.5616640281909,0.00441577973083164,0.00441577973083164,0.00441577973083164,0.0138459086615911
9.90269087384876,0,-0.0238997733934269,0,9.90269087384876,-0.0238997733934269,-0.0238997733934269,-0.0238997733934269,0.140365006537693
10.8363107906744,0,-0.028098390818107,0,10.8363107906744,-0.028098390818107,-0.028098390818107,-0.028098390818107,0.071926050301895
11.7003583105711,0,-0.00186774348468509,0,11.7003583105711,-0.00186774348468509,-0.00186774348468509,-0.00186774348468509,0.00589871207554302
14.1717804897526,0,0.027255899623745,0,14.1717804897526,0.027255899623745,0.027255899623745,0.027255899623745,0.0438772018708798
11.3171115233183,0,-0.0301299566297987,0,11.3171115233183,-0.0301299566297987,-0.0301299566297987,-0.0301299566297987,0.0549217163119364
12.491172371433,0,0.00616174807970621,0,12.491172371433,0.00616174807970621,0.00616174807970621,0.00616174807970621,0.0405245193389735
15.2952591478408,0,-0.0301074875319639,0,15.2952591478408,-0.0301074875319639,-0.0301074875319639,-0.0301074875319639,0.0413728621057451
23.3384346785706,0,0.0173424537425691,0,23.3384346785706,0.0173424537425691,0.0173424537425691,0.0173424537425691,0.0189266195413323
21.0471310356801,0,0.0617673658141888,0,21.0471310356801,0.0617673658141888,0.0617673658141888,0.0617673658141888,0.047052745863464
16.8846431378076,0,0.0592246738975235,0,16.8846431378076,0.0592246738975235,0.0592246738975235,0.0592246738975235,0.0580511049145327
142.027144302285,0,0.0480428181832702,0,142.027144302285,0.0480428181832702,0.0480428181832702,0.0480428181832702,0.0151652887885014
10.8384906759069,0,-0.00221059163205814,0,10.8384906759069,-0.00221059163205814,-0.00221059163205814,-0.00221059163205814,0.0251376149245104
5.36034284274372,0,0.0126214961722838,0,5.36034284274372,0.0126214961722838,0.0126214961722838,0.0126214961722838,0.0439400124984659
14.6925462604222,0,-0.00458452472707301,0,14.6925462604222,-0.00458452472707301,-0.00458452472707301,-0.00458452472707301,0.0444254697733256
12.5310366569707,0,0.0109739413789005,0,12.5310366569707,0.0109739413789005,0.0109739413789005,0.0109739413789005,0.0301771491611757
11.0161041029769,0,-0.0031766917676102,0,11.0161041029769,-0.0031766917676102,-0.0031766917676102,-0.0031766917676102,0.0522005254908412
12.612078023469,0,-0.0597088928688878,0,12.612078023469,-0.0597088928688878,-0.0597088928688878,-0.0597088928688878,0.0322576765582896
27.9381463268887,0,-0.0196646199066465,0,27.9381463268887,-0.0196646199066465,-0.0196646199066465,-0.0196646199066465,0.0266030945529787
28.4056044215739,0,-0.0234835133541325,0,28.4056044215739,-0.0234835133541325,-0.0234835133541325,-0.0234835133541325,0.0460235649191708
13.4368696617468,0,0.0535402362440232,0,13.4368696617468,0.0535402362440232,0.0535402362440232,0.0535402362440232,0.0282079903838013
14.3373106913918,0,-0.0165868652445846,0,14.3373106913918,-0.0165868652445846,-0.0165868652445846,-0.0165868652445846,0.0475684856482902
25.9320346135502,0,-0.0232712391594247,0,25.9320346135502,-0.0232712391594247,-0.0232712391594247,-0.0232712391594247,0.0300519735078187
NA,NA,NA,NA,NA,NA,NA,NA,NA
3.48138260502119,0,-0.0431716232209931,0,3.48138260502119,-0.0431716232209931,-0.0431716232209931,-0.0431716232209931,0.0321818721032191
5.59197431763262,0,-0.0578220526680145,0,5.59197431763262,-0.0578220526680145,-0.0578220526680145,-0.0578220526680145,0.0290843221745671
7.10118523761685,0,-0.0285278978712163,0,7.10118523761685,-0.0285278978712163,-0.0285278978712163,-0.0285278978712163,0.0595492352872805
8.39406695268219,0,0.0167837864563465,0,8.39406695268219,0.0167837864563465,0.0167837864563465,0.0167837864563465,0.0322473662392579
6.68163411954067,0,0.0399525800720857,0,6.68163411954067,0.0399525800720857,0.0399525800720857,0.0399525800720857,0.0632642521725607
10.9419857642508,0,-0.0876235523401562,0,10.9419857642508,-0.0876235523401562,-0.0876235523401562,-0.0876235523401562,0.0336377588977628
9.567453602661,0,-0.0130573193727359,0,9.567453602661,-0.0130573193727359,-0.0130573193727359,-0.0130573193727359,0.0264340771076804
9.56764954052794,0,-0.00578932875863998,0,9.56764954052794,-0.00578932875863998,-0.00578932875863998,-0.00578932875863998,0.0288617279537588
9.58796747981615,0,0.00725905880614161,0,9.58796747981615,0.00725905880614161,0.00725905880614161,0.00725905880614161,0.0422687684348916
10.3415882006709,0,-0.0979591311963027,0,10.3415882006709,-0.0979591311963027,-0.0979591311963027,-0.0979591311963027,0.0379022425227411
9.03381024943225,0,-0.0258591277728825,0,9.03381024943225,-0.0258591277728825,-0.0258591277728825,-0.0258591277728825,0.0210013285642308
7.292171244769,0,0.0214216184583366,0,7.292171244769,0.0214216184583366,0.0214216184583366,0.0214216184583366,0.00787016036700002
10.6567948708008,0,0.0203455428827325,0,10.6567948708008,0.0203455428827325,0.0203455428827325,0.0203455428827325,0.0367174068081082
15.83958844307,0,0.0399832495665445,0,15.83958844307,0.0399832495665445,0.0399832495665445,0.0399832495665445,0.0130470310288665
17.7014293147066,0,0.0234372077444364,0,17.7014293147066,0.0234372077444364,0.0234372077444364,0.0234372077444364,0.0323786122878216
18.1343346159182,0,-0.039038202552074,0,18.1343346159182,-0.039038202552074,-0.039038202552074,-0.039038202552074,0.0164122723756369
13.5036026382197,0,0.0260526179813793,0,13.5036026382197,0.0260526179813793,0.0260526179813793,0.0260526179813793,0.0175137052055195
13.9836050997556,0,-0.0596374353307077,0,13.9836050997556,-0.0596374353307077,-0.0596374353307077,-0.0596374353307077,0.0260159424457815
11.3110693140974,0,0.00982781565554414,0,11.3110693140974,0.00982781565554414,0.00982781565554414,0.00982781565554414,0.0152975413868066
20.6083384757102,0,-0.0196913974375486,0,20.6083384757102,-0.0196913974375486,-0.0196913974375486,-0.0196913974375486,0.0564075951702511
12.3671082351961,0,0.0210231372322994,0,12.3671082351961,0.0210231372322994,0.0210231372322994,0.0210231372322994,0.0160828742749283
12.3654554745313,0,-0.0686880413546458,0,12.3654554745313,-0.0686880413546458,-0.0686880413546458,-0.0686880413546458,0.0513325050706189
19.2556223171704,0,0.0285945738844167,0,19.2556223171704,0.0285945738844167,0.0285945738844167,0.0285945738844167,0.0139726523520546
34.7312424253189,0,0.00360906084633839,0,34.7312424253189,0.00360906084633839,0.00360906084633839,0.00360906084633839,0.017575833019559
54.7209102152747,0,0.0196726221291343,0,54.7209102152747,0.0196726221291343,0.0196726221291343,0.0196726221291343,0.0109274670854921
9.76552332936977,0,0.00564706861610557,0,9.76552332936977,0.00564706861610557,0.00564706861610557,0.00564706861610557,0.022210163633412
8.22166390729103,0,0.0200227074138689,0,8.22166390729103,0.0200227074138689,0.0200227074138689,0.0200227074138689,0.0889316774406693
9.93767446410684,0,-0.0799049140762041,0,9.93767446410684,-0.0799049140762041,-0.0799049140762041,-0.0799049140762041,0.101288434497172
7.36539602284415,0,-0.0247872150245361,0,7.36539602284415,-0.0247872150245361,-0.0247872150245361,-0.0247872150245361,0.114121672795408
9.34902839864339,0,-0.0319037471830898,0,9.34902839864339,-0.0319037471830898,-0.0319037471830898,-0.0319037471830898,0.0353702402159913
12.5616640281909,0,0.00441577973083164,0,12.5616640281909,0.00441577973083164,0.00441577973083164,0.00441577973083164,0.0138459086615911
9.90269087384876,0,-0.0238997733934269,0,9.90269087384876,-0.0238997733934269,-0.0238997733934269,-0.0238997733934269,0.140365006537693
10.8363107906744,0,-0.028098390818107,0,10.8363107906744,-0.028098390818107,-0.028098390818107,-0.028098390818107,0.071926050301895
11.7003583105711,0,-0.00186774348468509,0,11.7003583105711,-0.00186774348468509,-0.00186774348468509,-0.00186774348468509,0.00589871207554302
14.1717804897526,0,0.027255899623745,0,14.1717804897526,0.027255899623745,0.027255899623745,0.027255899623745,0.0438772018708798
11.3171115233183,0,-0.0301299566297987,0,11.3171115233183,-0.0301299566297987,-0.0301299566297987,-0.0301299566297987,0.0549217163119364
12.491172371433,0,0.00616174807970621,0,12.491172371433,0.00616174807970621,0.00616174807970621,0.00616174807970621,0.0405245193389735
15.2952591478408,0,-0.0301074875319639,0,15.2952591478408,-0.0301074875319639,-0.0301074875319639,-0.0301074875319639,0.0413728621057451
23.3384346785706,0,0.0173424537425691,0,23.3384346785706,0.0173424537425691,0.0173424537425691,0.0173424537425691,0.0189266195413323
21.0471310356801,0,0.0617673658141888,0,21.0471310356801,0.0617673658141888,0.0617673658141888,0.0617673658141888,0.047052745863464
16.8846431378076,0,0.0592246738975235,0,16.8846431378076,0.0592246738975235,0.0592246738975235,0.0592246738975235,0.0580511049145327
142.027144302285,0,0.0480428181832702,0,142.027144302285,0.0480428181832702,0.0480428181832702,0.0480428181832702,0.0151652887885014
10.8384906759069,0,-0.00221059163205814,0,10.8384906759069,-0.00221059163205814,-0.00221059163205814,-0.00221059163205814,0.0251376149245104
5.36034284274372,0,0.0126214961722838,0,5.36034284274372,0.0126214961722838,0.0126214961722838,0.0126214961722838,0.0439400124984659
14.6925462604222,0,-0.00458452472707301,0,14.6925462604222,-0.00458452472707301,-0.00458452472707301,-0.00458452472707301,0.0444254697733256
12.5310366569707,0,0.0109739413789005,0,12.5310366569707,0.0109739413789005,0.0109739413789005,0.0109739413789005,0.0301771491611757
11.0161041029769,0,-0.0031766917676102,0,11.0161041029769,-0.0031766917676102,-0.0031766917676102,-0.0031766917676102,0.0522005254908412
12.612078023469,0,-0.0597088928688878,0,12.612078023469,-0.0597088928688878,-0.0597088928688878,-0.0597088928688878,0.0322576765582896
27.9381463268887,0,-0.0196646199066465,0,27.9381463268887,-0.0196646199066465,-0.0196646199066465,-0.0196646199066465,0.0266030945529787
28.4056044215739,0,-0.0234835133541325,0,28.4056044215739,-0.0234835133541325,-0.0234835133541325,-0.0234835133541325,0.0460235649191708
13.4368696617468,0,0.0535402362440232,0,13.4368696617468,0.0535402362440232,0.0535402362440232,0.0535402362440232,0.0282079903838013
14.3373106913918,0,-0.0165868652445846,0,14.3373106913918,-0.0165868652445846,-0.0165868652445846,-0.0165868652445846,0.0475684856482902
25.9320346135502,0,-0.0232712391594247,0,25.9320346135502,-0.0232712391594247,-0.0232712391594247,-0.0232712391594247,0.0300519735078187
NA,NA,NA,NA,NA,NA,NA,NA,NA
3.48138260502119,0,-0.0431716232209931,0,3.48138260502119,-0.0431716232209931,-0.0431716232209931,-0.0431716232209931,0.0321818721032191
5.59197431763262,0,-0.0578220526680145,0,5.59197431763262,-0.0578220526680145,-0.0578220526680145,-0.0578220526680145,0.0290843221745671
7.10118523761685,0,-0.0285278978712163,0,7.10118523761685,-0.0285278978712163,-0.0285278978712163,-0.0285278978712163,0.0595492352872805
8.39406695268219,0,0.0167837864563465,0,8.39406695268219,0.0167837864563465,0.0167837864563465,0.0167837864563465,0.0322473662392579
6.68163411954067,0,0.0399525800720857,0,6.68163411954067,0.0399525800720857,0.0399525800720857,0.0399525800720857,0.0632642521725607
10.9419857642508,0,-0.0876235523401562,0,10.9419857642508,-0.0876235523401562,-0.0876235523401562,-0.0876235523401562,0.0336377588977628
9.567453602661,0,-0.0130573193727359,0,9.567453602661,-0.0130573193727359,-0.0130573193727359,-0.0130573193727359,0.0264340771076804
9.56764954052794,0,-0.00578932875863998,0,9.56764954052794,-0.00578932875863998,-0.00578932875863998,-0.00578932875863998,0.0288617279537588
9.58796747981615,0,0.00725905880614161,0,9.58796747981615,0.00725905880614161,0.00725905880614161,0.00725905880614161,0.0422687684348916
10.3415882006709,0,-0.0979591311963027,0,10.3415882006709,-0.0979591311963027,-0.0979591311963027,-0.0979591311963027,0.0379022425227411
9.03381024943225,0,-0.0258591277728825,0,9.03381024943225,-0.0258591277728825,-0.0258591277728825,-0.0258591277728825,0.0210013285642308
7.292171244769,0,0.0214216184583366,0,7.292171244769,0.0214216184583366,0.0214216184583366,0.0214216184583366,0.00787016036700002
10.6567948708008,0,0.0203455428827325,0,10.6567948708008,0.0203455428827325,0.0203455428827325,0.0203455428827325,0.0367174068081082
15.83958844307,0,0.0399832495665445,0,15.83958844307,0.0399832495665445,0.0399832495665445,0.0399832495665445,0.0130470310288665
17.7014293147066,0,0.0234372077444364,0,17.7014293147066,0.0234372077444364,0.0234372077444364,0.0234372077444364,0.0323786122878216
18.1343346159182,0,-0.039038202552074,0,18.1343346159182,-0.039038202552074,-0.039038202552074,-0.039038202552074,0.0164122723756369
13.5036026382197,0,0.0260526179813793,0,13.5036026382197,0.0260526179813793,0.0260526179813793,0.0260526179813793,0.0175137052055195
13.9836050997556,0,-0.0596374353307077,0,13.9836050997556,-0.0596374353307077,-0.0596374353307077,-0.0596374353307077,0.0260159424457815
11.3110693140974,0,0.00982781565554414,0,11.3110693140974,0.00982781565554414,0.00982781565554414,0.00982781565554414,0.0152975413868066
20.6083384757102,0,-0.0196913974375486,0,20.6083384757102,-0.0196913974375486,-0.0196913974375486,-0.0196913974375486,0.0564075951702511
12.3671082351961,0,0.0210231372322994,0,12.3671082351961,0.0210231372322994,0.0210231372322994,0.0210231372322994,0.0160828742749283
12.3654554745313,0,-0.0686880413546458,0,12.3654554745313,-0.0686880413546458,-0.0686880413546458,-0.0686880413546458,0.0513325050706189
19.2556223171704,0,0.0285945738844167,0,19.2556223171704,0.0285945738844167,0.0285945738844167,0.0285945738844167,0.0139726523520546
34.7312424253189,0,0.00360906084633839,0,34.7312424253189,0.00360906084633839,0.00360906084633839,0.00360906084633839,0.017575833019559
54.7209102152747,0,0.0196726221291343,0,54.7209102152747,0.0196726221291343,0.0196726221291343,0.0196726221291343,0.0109274670854921
9.76552332936977,0,0.00564706861610557,0,9.76552332936977,0.00564706861610557,0.00564706861610557,0.00564706861610557,0.022210163633412
8.22166390729103,0,0.0200227074138689,0,8.22166390729103,0.0200227074138689,0.0200227074138689,0.0200227074138689,0.0889316774406693
9.93767446410684,0,-0.0799049140762041,0,9.93767446410684,-0.0799049140762041,-0.0799049140762041,-0.0799049140762041,0.101288434497172
7.36539602284415,0,-0.0247872150245361,0,7.36539602284415,-0.0247872150245361,-0.0247872150245361,-0.0247872150245361,0.114121672795408
9.34902839864339,0,-0.0319037471830898,0,9.34902839864339,-0.0319037471830898,-0.0319037471830898,-0.0319037471830898,0.0353702402159913
12.5616640281909,0,0.00441577973083164,0,12.5616640281909,0.00441577973083164,0.00441577973083164,0.00441577973083164,0.0138459086615911
9.90269087384876,0,-0.0238997733934269,0,9.90269087384876,-0.0238997733934269,-0.0238997733934269,-0.0238997733934269,0.140365006537693
10.8363107906744,0,-0.028098390818107,0,10.8363107906744,-0.028098390818107,-0.028098390818107,-0.028098390818107,0.071926050301895
11.7003583105711,0,-0.00186774348468509,0,11.7003583105711,-0.00186774348468509,-0.00186774348468509,-0.00186774348468509,0.00589871207554302
14.1717804897526,0,0.027255899623745,0,14.1717804897526,0.027255899623745,0.027255899623745,0.027255899623745,0.0438772018708798
11.3171115233183,0,-0.0301299566297987,0,11.3171115233183,-0.0301299566297987,-0.0301299566297987,-0.0301299566297987,0.0549217163119364
12.491172371433,0,0.00616174807970621,0,12.491172371433,0.00616174807970621,0.00616174807970621,0.00616174807970621,0.0405245193389735
15.2952591478408,0,-0.0301074875319639,0,15.2952591478408,-0.0301074875319639,-0.0301074875319639,-0.0301074875319639,0.0413728621057451
23.3384346785706,0,0.0173424537425691,0,23.3384346785706,0.0173424537425691,0.0173424537425691,0.0173424537425691,0.0189266195413323
21.0471310356801,0,0.0617673658141888,0,21.0471310356801,0.0617673658141888,0.0617673658141888,0.0617673658141888,0.047052745863464
16.8846431378076,0,0.0592246738975235,0,16.8846431378076,0.0592246738975235,0.0592246738975235,0.0592246738975235,0.0580511049145327
142.027144302285,0,0.0480428181832702,0,142.027144302285,0.0480428181832702,0.0480428181832702,0.0480428181832702,0.0151652887885014
10.8384906759069,0,-0.00221059163205814,0,10.8384906759069,-0.00221059163205814,-0.00221059163205814,-0.00221059163205814,0.0251376149245104
5.36034284274372,0,0.0126214961722838,0,5.36034284274372,0.0126214961722838,0.0126214961722838,0.0126214961722838,0.0439400124984659
14.6925462604222,0,-0.00458452472707301,0,14.6925462604222,-0.00458452472707301,-0.00458452472707301,-0.00458452472707301,0.0444254697733256
12.5310366569707,0,0.0109739413789005,0,12.5310366569707,0.0109739413789005,0.0109739413789005,0.0109739413789005,0.0301771491611757
11.0161041029769,0,-0.0031766917676102,0,11.0161041029769,-0.0031766917676102,-0.0031766917676102,-0.0031766917676102,0.0522005254908412
12.612078023469,0,-0.0597088928688878,0,12.612078023469,-0.0597088928688878,-0.0597088928688878,-0.0597088928688878,0.0322576765582896
27.9381463268887,0,-0.0196646199066465,0,27.9381463268887,-0.0196646199066465,-0.0196646199066465,-0.0196646199066465,0.0266030945529787
28.4056044215739,0,-0.0234835133541325,0,28.4056044215739,-0.0234835133541325,-0.0234835133541325,-0.0234835133541325,0.0460235649191708
13.4368696617468,0,0.0535402362440232,0,13.4368696617468,0.0535402362440232,0.0535402362440232,0.0535402362440232,0.0282079903838013
14.3373106913918,0,-0.0165868652445846,0,14.3373106913918,-0.0165868652445846,-0.0165868652445846,-0.0165868652445846,0.0475684856482902
25.9320346135502,0,-0.0232712391594247,0,25.9320346135502,-0.0232712391594247,-0.0232712391594247,-0.0232712391594247,0.0300519735078187
NA,NA,NA,NA,NA,NA,NA,NA,NA
3.48138260502119,0,-0.0431716232209931,0,3.48138260502119,-0.0431716232209931,-0.0431716232209931,-0.0431716232209931,0.0321818721032191
5.59197431763262,0,-0.0578220526680145,0,5.59197431763262,-0.0578220526680145,-0.0578220526680145,-0.0578220526680145,0.0290843221745671
7.10118523761685,0,-0.0285278978712163,0,7.10118523761685,-0.0285278978712163,-0.0285278978712163,-0.0285278978712163,0.0595492352872805
8.39406695268219,0,0.0167837864563465,0,8.39406695268219,0.0167837864563465,0.0167837864563465,0.0167837864563465,0.0322473662392579
6.68163411954067,0,0.0399525800720857,0,6.68163411954067,0.0399525800720857,0.0399525800720857,0.0399525800720857,0.0632642521725607
10.9419857642508,0,-0.0876235523401562,0,10.9419857642508,-0.0876235523401562,-0.0876235523401562,-0.0876235523401562,0.0336377588977628
9.567453602661,0,-0.0130573193727359,0,9.567453602661,-0.0130573193727359,-0.0130573193727359,-0.0130573193727359,0.0264340771076804
9.56764954052794,0,-0.00578932875863998,0,9.56764954052794,-0.00578932875863998,-0.00578932875863998,-0.00578932875863998,0.0288617279537588
9.58796747981615,0,0.00725905880614161,0,9.58796747981615,0.00725905880614161,0.00725905880614161,0.00725905880614161,0.0422687684348916
10.3415882006709,0,-0.0979591311963027,0,10.3415882006709,-0.0979591311963027,-0.0979591311963027,-0.0979591311963027,0.0379022425227411
9.03381024943225,0,-0.0258591277728825,0,9.03381024943225,-0.0258591277728825,-0.0258591277728825,-0.0258591277728825,0.0210013285642308
7.292171244769,0,0.0214216184583366,0,7.292171244769,0.0214216184583366,0.0214216184583366,0.0214216184583366,0.00787016036700002
10.6567948708008,0,0.0203455428827325,0,10.6567948708008,0.0203455428827325,0.0203455428827325,0.0203455428827325,0.0367174068081082
15.83958844307,0,0.0399832495665445,0,15.83958844307,0.0399832495665445,0.0399832495665445,0.0399832495665445,0.0130470310288665
17.7014293147066,0,0.0234372077444364,0,17.7014293147066,0.0234372077444364,0.0234372077444364,0.0234372077444364,0.0323786122878216
18.1343346159182,0,-0.039038202552074,0,18.1343346159182,-0.039038202552074,-0.039038202552074,-0.039038202552074,0.0164122723756369
13.5036026382197,0,0.0260526179813793,0,13.5036026382197,0.0260526179813793,0.0260526179813793,0.0260526179813793,0.0175137052055195
13.9836050997556,0,-0.0596374353307077,0,13.9836050997556,-0.0596374353307077,-0.0596374353307077,-0.0596374353307077,0.0260159424457815
11.3110693140974,0,0.00982781565554414,0,11.3110693140974,0.00982781565554414,0.00982781565554414,0.00982781565554414,0.0152975413868066
20.6083384757102,0,-0.0196913974375486,0,20.6083384757102,-0.0196913974375486,-0.0196913974375486,-0.0196913974375486,0.0564075951702511
12.3671082351961,0,0.0210231372322994,0,12.3671082351961,0.0210231372322994,0.0210231372322994,0.0210231372322994,0.0160828742749283
12.3654554745313,0,-0.0686880413546458,0,12.3654554745313,-0.0686880413546458,-0.0686880413546458,-0.0686880413546458,0.0513325050706189
19.2556223171704,0,0.0285945738844167,0,19.2556223171704,0.0285945738844167,0.0285945738844167,0.0285945738844167,0.0139726523520546
34.7312424253189,0,0.00360906084633839,0,34.7312424253189,0.00360906084633839,0.00360906084633839,0.00360906084633839,0.017575833019559
54.7209102152747,0,0.0196726221291343,0,54.7209102152747,0.0196726221291343,0.0196726221291343,0.0196726221291343,0.0109274670854921
9.76552332936977,0,0.00564706861610557,0,9.76552332936977,0.00564706861610557,0.00564706861610557,0.00564706861610557,0.022210163633412
8.22166390729103,0,0.0200227074138689,0,8.22166390729103,0.0200227074138689,0.0200227074138689,0.0200227074138689,0.0889316774406693
9.93767446410684,0,-0.0799049140762041,0,9.93767446410684,-0.0799049140762041,-0.0799049140762041,-0.0799049140762041,0.101288434497172
7.36539602284415,0,-0.0247872150245361,0,7.36539602284415,-0.0247872150245361,-0.0247872150245361,-0.0247872150245361,0.114121672795408
9.34902839864339,0,-0.0319037471830898,0,9.34902839864339,-0.0319037471830898,-0.0319037471830898,-0.0319037471830898,0.0353702402159913
12.5616640281909,0,0.00441577973083164,0,12.5616640281909,0.00441577973083164,0.00441577973083164,0.00441577973083164,0.0138459086615911
9.90269087384876,0,-0.0238997733934269,0,9.90269087384876,-0.0238997733934269,-0.0238997733934269,-0.0238997733934269,0.140365006537693
10.8363107906744,0,-0.028098390818107,0,10.8363107906744,-0.028098390818107,-0.028098390818107,-0.028098390818107,0.071926050301895
11.7003583105711,0,-0.00186774348468509,0,11.7003583105711,-0.00186774348468509,-0.00186774348468509,-0.00186774348468509,0.00589871207554302
14.1717804897526,0,0.027255899623745,0,14.1717804897526,0.027255899623745,0.027255899623745,0.027255899623745,0.0438772018708798
11.3171115233183,0,-0.0301299566297987,0,11.3171115233183,-0.0301299566297987,-0.0301299566297987,-0.0301299566297987,0.0549217163119364
12.491172371433,0,0.00616174807970621,0,12.491172371433,0.00616174807970621,0.00616174807970621,0.00616174807970621,0.0405245193389735
15.2952591478408,0,-0.0301074875319639,0,15.2952591478408,-0.0301074875319639,-0.0301074875319639,-0.0301074875319639,0.0413728621057451
23.3384346785706,0,0.0173424537425691,0,23.3384346785706,0.0173424537425691,0.0173424537425691,0.0173424537425691,0.0189266195413323
21.0471310356801,0,0.0617673658141888,0,21.0471310356801,0.0617673658141888,0.0617673658141888,0.0617673658141888,0.047052745863464
16.8846431378076,0,0.0592246738975235,0,16.8846431378076,0.0592246738975235,0.0592246738975235,0.0592246738975235,0.0580511049145327
142.027144302285,0,0.0480428181832702,0,142.027144302285,0.0480428181832702,0.0480428181832702,0.0480428181832702,0.0151652887885014
10.8384906759069,0,-0.00221059163205814,0,10.8384906759069,-0.00221059163205814,-0.00221059163205814,-0.00221059163205814,0.0251376149245104
5.36034284274372,0,0.0126214961722838,0,5.36034284274372,0.0126214961722838,0.0126214961722838,0.0126214961722838,0.0439400124984659
14.6925462604222,0,-0.00458452472707301,0,14.6925462604222,-0.00458452472707301,-0.00458452472707301,-0.00458452472707301,0.0444254697733256
12.5310366569707,0,0.0109739413789005,0,12.5310366569707,0.0109739413789005,0.0109739413789005,0.0109739413789005,0.0301771491611757
11.0161041029769,0,-0.0031766917676102,0,11.0161041029769,-0.0031766917676102,-0.0031766917676102,-0.0031766917676102,0.0522005254908412
12.612078023469,0,-0.0597088928688878,0,12.612078023469,-0.0597088928688878,-0.0597088928688878,-0.0597088928688878,0.0322576765582896
27.9381463268887,0,-0.0196646199066465,0,27.9381463268887,-0.0196646199066465,-0.0196646199066465,-0.0196646199066465,0.0266030945529787
28.4056044215739,0,-0.0234835133541325,0,28.4056044215739,-0.0234835133541325,-0.0234835133541325,-0.0234835133541325,0.0460235649191708
13.4368696617468,0,0.0535402362440232,0,13.4368696617468,0.0535402362440232,0.0535402362440232,0.0535402362440232,0.0282079903838013
14.3373106913918,0,-0.0165868652445846,0,14.3373106913918,-0.0165868652445846,-0.0165868652445846,-0.0165868652445846,0.0475684856482902
25.9320346135502,0,-0.0232712391594247,0,25.9320346135502,-0.0232712391594247,-0.0232712391594247,-0.0232712391594247,0.0300519735078187
NA,NA,NA,NA,NA,NA,NA,NA,NA
3.48138260502119,0,-0.0431716232209931,0,3.48138260502119,-0.0431716232209931,-0.0431716232209931,-0.0431716232209931,0.0321818721032191
5.59197431763262,0,-0.0578220526680145,0,5.59197431763262,-0.0578220526680145,-0.0578220526680145,-0.0578220526680145,0.0290843221745671
7.10118523761685,0,-0.0285278978712163,0,7.10118523761685,-0.0285278978712163,-0.0285278978712163,-0.0285278978712163,0.0595492352872805
8.39406695268219,0,0.0167837864563465,0,8.39406695268219,0.0167837864563465,0.0167837864563465,0.0167837864563465,0.0322473662392579
6.68163411954067,0,0.0399525800720857,0,6.68163411954067,0.0399525800720857,0.0399525800720857,0.0399525800720857,0.0632642521725607
10.9419857642508,0,-0.0876235523401562,0,10.9419857642508,-0.0876235523401562,-0.0876235523401562,-0.0876235523401562,0.0336377588977628
9.567453602661,0,-0.0130573193727359,0,9.567453602661,-0.0130573193727359,-0.0130573193727359,-0.0130573193727359,0.0264340771076804
9.56764954052794,0,-0.00578932875863998,0,9.56764954052794,-0.00578932875863998,-0.00578932875863998,-0.00578932875863998,0.0288617279537588
9.58796747981615,0,0.00725905880614161,0,9.58796747981615,0.00725905880614161,0.00725905880614161,0.00725905880614161,0.0422687684348916
10.3415882006709,0,-0.0979591311963027,0,10.3415882006709,-0.0979591311963027,-0.0979591311963027,-0.0979591311963027,0.0379022425227411
9.03381024943225,0,-0.0258591277728825,0,9.03381024943225,-0.0258591277728825,-0.0258591277728825,-0.0258591277728825,0.0210013285642308
7.292171244769,0,0.0214216184583366,0,7.292171244769,0.0214216184583366,0.0214216184583366,0.0214216184583366,0.00787016036700002
10.6567948708008,0,0.0203455428827325,0,10.6567948708008,0.0203455428827325,0.0203455428827325,0.0203455428827325,0.0367174068081082
15.83958844307,0,0.0399832495665445,0,15.83958844307,0.0399832495665445,0.0399832495665445,0.0399832495665445,0.0130470310288665
17.7014293147066,0,0.0234372077444364,0,17.7014293147066,0.0234372077444364,0.0234372077444364,0.0234372077444364,0.0323786122878216
18.1343346159182,0,-0.039038202552074,0,18.1343346159182,-0.039038202552074,-0.039038202552074,-0.039038202552074,0.0164122723756369
13.5036026382197,0,0.0260526179813793,0,13.5036026382197,0.0260526179813793,0.0260526179813793,0.0260526179813793,0.0175137052055195
13.9836050997556,0,-0.0596374353307077,0,13.9836050997556,-0.0596374353307077,-0.0596374353307077,-0.0596374353307077,0.0260159424457815
11.3110693140974,0,0.00982781565554414,0,11.3110693140974,0.00982781565554414,0.00982781565554414,0.00982781565554414,0.0152975413868066
20.6083384757102,0,-0.0196913974375486,0,20.6083384757102,-0.0196913974375486,-0.0196913974375486,-0.0196913974375486,0.0564075951702511
12.3671082351961,0,0.0210231372322994,0,12.3671082351961,0.0210231372322994,0.0210231372322994,0.0210231372322994,0.0160828742749283
12.3654554745313,0,-0.0686880413546458,0,12.3654554745313,-0.0686880413546458,-0.0686880413546458,-0.0686880413546458,0.0513325050706189
19.2556223171704,0,0.0285945738844167,0,19.2556223171704,0.0285945738844167,0.0285945738844167,0.0285945738844167,0.0139726523520546
34.7312424253189,0,0.00360906084633839,0,34.7312424253189,0.00360906084633839,0.00360906084633839,0.00360906084633839,0.017575833019559
54.7209102152747,0,0.0196726221291343,0,54.7209102152747,0.0196726221291343,0.0196726221291343,0.0196726221291343,0.0109274670854921
9.76552332936977,0,0.00564706861610557,0,9.76552332936977,0.00564706861610557,0.00564706861610557,0.00564706861610557,0.022210163633412
8.22166390729103,0,0.0200227074138689,0,8.22166390729103,0.0200227074138689,0.0200227074138689,0.0200227074138689,0.0889316774406693
9.93767446410684,0,-0.0799049140762041,0,9.93767446410684,-0.0799049140762041,-0.0799049140762041,-0.0799049140762041,0.101288434497172
7.36539602284415,0,-0.0247872150245361,0,7.36539602284415,-0.0247872150245361,-0.0247872150245361,-0.0247872150245361,0.114121672795408
9.34902839864339,0,-0.0319037471830898,0,9.34902839864339,-0.0319037471830898,-0.0319037471830898,-0.0319037471830898,0.0353702402159913
12.5616640281909,0,0.00441577973083164,0,12.5616640281909,0.00441577973083164,0.00441577973083164,0.00441577973083164,0.0138459086615911
9.90269087384876,0,-0.0238997733934269,0,9.90269087384876,-0.0238997733934269,-0.0238997733934269,-0.0238997733934269,0.140365006537693
10.8363107906744,0,-0.028098390818107,0,10.8363107906744,-0.028098390818107,-0.028098390818107,-0.028098390818107,0.071926050301895
11.7003583105711,0,-0.00186774348468509,0,11.7003583105711,-0.00186774348468509,-0.00186774348468509,-0.00186774348468509,0.00589871207554302
14.1717804897526,0,0.027255899623745,0,14.1717804897526,0.027255899623745,0.027255899623745,0.027255899623745,0.0438772018708798
11.3171115233183,0,-0.0301299566297987,0,11.3171115233183,-0.0301299566297987,-0.0301299566297987,-0.0301299566297987,0.0549217163119364
12.491172371433,0,0.00616174807970621,0,12.491172371433,0.00616174807970621,0.00616174807970621,0.00616174807970621,0.0405245193389735
15.2952591478408,0,-0.0301074875319639,0,15.2952591478408,-0.0301074875319639,-0.0301074875319639,-0.0301074875319639,0.0413728621057451
23.3384346785706,0,0.0173424537425691,0,23.3384346785706,0.0173424537425691,0.0173424537425691,0.0173424537425691,0.0189266195413323
21.0471310356801,0,0.0617673658141888,0,21.0471310356801,0.0617673658141888,0.0617673658141888,0.0617673658141888,0.047052745863464
16.8846431378076,0,0.0592246738975235,0,16.8846431378076,0.0592246738975235,0.0592246738975235,0.0592246738975235,0.0580511049145327
142.027144302285,0,0.0480428181832702,0,142.027144302285,0.0480428181832702,0.0480428181832702,0.0480428181832702,0.0151652887885014
10.8384906759069,0,-0.00221059163205814,0,10.8384906759069,-0.00221059163205814,-0.00221059163205814,-0.00221059163205814,0.0251376149245104
5.36034284274372,0,0.0126214961722838,0,5.36034284274372,0.0126214961722838,0.0126214961722838,0.0126214961722838,0.0439400124984659
14.6925462604222,0,-0.00458452472707301,0,14.6925462604222,-0.00458452472707301,-0.00458452472707301,-0.00458452472707301,0.0444254697733256
12.5310366569707,0,0.0109739413789005,0,12.5310366569707,0.0109739413789005,0.0109739413789005,0.0109739413789005,0.0301771491611757
11.0161041029769,0,-0.0031766917676102,0,11.0161041029769,-0.0031766917676102,-0.0031766917676102,-0.0031766917676102,0.0522005254908412
12.612078023469,0,-0.0597088928688878,0,12.612078023469,-0.0597088928688878,-0.0597088928688878,-0.0597088928688878,0.0322576765582896
27.9381463268887,0,-0.0196646199066465,0,27.9381463268887,-0.0196646199066465,-0.0196646199066465,-0.0196646199066465,0.0266030945529787
28.4056044215739,0,-0.0234835133541325,0,28.4056044215739,-0.0234835133541325,-0.0234835133541325,-0.0234835133541325,0.0460235649191708
13.4368696617468,0,0.0535402362440232,0,13.4368696617468,0.0535402362440232,0.0535402362440232,0.0535402362440232,0.0282079903838013
14.3373106913918,0,-0.0165868652445846,0,14.3373106913918,-0.0165868652445846,-0.0165868652445846,-0.0165868652445846,0.0475684856482902
25.9320346135502,0,-0.0232712391594247,0,25.9320346135502,-0.0232712391594247,-0.0232712391594247,-0.0232712391594247,0.0300519735078187
NA,NA,NA,NA,NA,NA,NA,NA,NA
3.48138260502119,0,-0.0431716232209931,0,3.48138260502119,-0.0431716232209931,-0.0431716232209931,-0.0431716232209931,0.0321818721032191
5.59197431763262,0,-0.0578220526680145,0,5.59197431763262,-0.0578220526680145,-0.0578220526680145,-0.0578220526680145,0.0290843221745671
7.10118523761685,0,-0.0285278978712163,0,7.10118523761685,-0.0285278978712163,-0.0285278978712163,-0.0285278978712163,0.0595492352872805
8.39406695268219,0,0.0167837864563465,0,8.39406695268219,0.0167837864563465,0.0167837864563465,0.0167837864563465,0.0322473662392579
6.68163411954067,0,0.0399525800720857,0,6.68163411954067,0.0399525800720857,0.0399525800720857,0.0399525800720857,0.0632642521725607
10.9419857642508,0,-0.0876235523401562,0,10.9419857642508,-0.0876235523401562,-0.0876235523401562,-0.0876235523401562,0.0336377588977628
9.567453602661,0,-0.0130573193727359,0,9.567453602661,-0.0130573193727359,-0.0130573193727359,-0.0130573193727359,0.0264340771076804
9.56764954052794,0,-0.00578932875863998,0,9.56764954052794,-0.00578932875863998,-0.00578932875863998,-0.00578932875863998,0.0288617279537588
9.58796747981615,0,0.00725905880614161,0,9.58796747981615,0.00725905880614161,0.00725905880614161,0.00725905880614161,0.0422687684348916
10.3415882006709,0,-0.0979591311963027,0,10.3415882006709,-0.0979591311963027,-0.0979591311963027,-0.0979591311963027,0.0379022425227411
9.03381024943225,0,-0.0258591277728825,0,9.03381024943225,-0.0258591277728825,-0.0258591277728825,-0.0258591277728825,0.0210013285642308
7.292171244769,0,0.0214216184583366,0,7.292171244769,0.0214216184583366,0.0214216184583366,0.0214216184583366,0.00787016036700002
10.6567948708008,0,0.0203455428827325,0,10.6567948708008,0.0203455428827325,0.0203455428827325,0.0203455428827325,0.0367174068081082
15.83958844307,0,0.0399832495665445,0,15.83958844307,0.0399832495665445,0.0399832495665445,0.0399832495665445,0.0130470310288665
17.7014293147066,0,0.0234372077444364,0,17.7014293147066,0.0234372077444364,0.0234372077444364,0.0234372077444364,0.0323786122878216
18.1343346159182,0,-0.039038202552074,0,18.1343346159182,-0.039038202552074,-0.039038202552074,-0.039038202552074,0.0164122723756369
13.5036026382197,0,0.0260526179813793,0,13.5036026382197,0.0260526179813793,0.0260526179813793,0.0260526179813793,0.0175137052055195
13.9836050997556,0,-0.0596374353307077,0,13.9836050997556,-0.0596374353307077,-0.0596374353307077,-0.0596374353307077,0.0260159424457815
11.3110693140974,0,0.00982781565554414,0,11.3110693140974,0.00982781565554414,0.00982781565554414,0.00982781565554414,0.0152975413868066
20.6083384757102,0,-0.0196913974375486,0,20.6083384757102,-0.0196913974375486,-0.0196913974375486,-0.0196913974375486,0.0564075951702511
12.3671082351961,0,0.0210231372322994,0,12.3671082351961,0.0210231372322994,0.0210231372322994,0.0210231372322994,0.0160828742749283
12.3654554745313,0,-0.0686880413546458,0,12.3654554745313,-0.0686880413546458,-0.0686880413546458,-0.0686880413546458,0.0513325050706189
19.2556223171704,0,0.0285945738844167,0,19.2556223171704,0.0285945738844167,0.0285945738844167,0.0285945738844167,0.0139726523520546
34.7312424253189,0,0.00360906084633839,0,34.7312424253189,0.00360906084633839,0.00360906084633839,0.00360906084633839,0.017575833019559
54.7209102152747,0,0.0196726221291343,0,54.7209102152747,0.0196726221291343,0.0196726221291343,0.0196726221291343,0.0109274670854921
9.76552332936977,0,0.00564706861610557,0,9.76552332936977,0.00564706861610557,0.00564706861610557,0.00564706861610557,0.022210163633412
8.22166390729103,0,0.0200227074138689,0,8.22166390729103,0.0200227074138689,0.0200227074138689,0.0200227074138689,0.0889316774406693
9.93767446410684,0,-0.0799049140762041,0,9.93767446410684,-0.0799049140762041,-0.0799049140762041,-0.0799049140762041,0.101288434497172
7.36539602284415,0,-0.0247872150245361,0,7.36539602284415,-0.0247872150245361,-0.0247872150245361,-0.0247872150245361,0.114121672795408
9.34902839864339,0,-0.0319037471830898,0,9.34902839864339,-0.0319037471830898,-0.0319037471830898,-0.0319037471830898,0.0353702402159913
12.5616640281909,0,0.00441577973083164,0,12.5616640281909,0.00441577973083164,0.00441577973083164,0.00441577973083164,0.0138459086615911
9.90269087384876,0,-0.0238997733934269,0,9.90269087384876,-0.0238997733934269,-0.0238997733934269,-0.0238997733934269,0.140365006537693
10.8363107906744,0,-0.028098390818107,0,10.8363107906744,-0.028098390818107,-0.028098390818107,-0.028098390818107,0.071926050301895
11.7003583105711,0,-0.00186774348468509,0,11.7003583105711,-0.00186774348468509,-0.00186774348468509,-0.00186774348468509,0.00589871207554302
14.1717804897526,0,0.027255899623745,0,14.1717804897526,0.027255899623745,0.027255899623745,0.027255899623745,0.0438772018708798
11.3171115233183,0,-0.0301299566297987,0,11.3171115233183,-0.0301299566297987,-0.0301299566297987,-0.0301299566297987,0.0549217163119364
12.491172371433,0,0.00616174807970621,0,12.491172371433,0.00616174807970621,0.00616174807970621,0.00616174807970621,0.0405245193389735
15.2952591478408,0,-0.0301074875319639,0,15.2952591478408,-0.0301074875319639,-0.0301074875319639,-0.0301074875319639,0.0413728621057451
23.3384346785706,0,0.0173424537425691,0,23.3384346785706,0.0173424537425691,0.0173424537425691,0.0173424537425691,0.0189266195413323
21.0471310356801,0,0.0617673658141888,0,21.0471310356801,0.0617673658141888,0.0617673658141888,0.0617673658141888,0.047052745863464
16.8846431378076,0,0.0592246738975235,0,16.8846431378076,0.0592246738975235,0.0592246738975235,0.0592246738975235,0.0580511049145327
142.027144302285,0,0.0480428181832702,0,142.027144302285,0.0480428181832702,0.0480428181832702,0.0480428181832702,0.0151652887885014
10.8384906759069,0,-0.00221059163205814,0,10.8384906759069,-0.00221059163205814,-0.00221059163205814,-0.00221059163205814,0.0251376149245104
5.36034284274372,0,0.0126214961722838,0,5.36034284274372,0.0126214961722838,0.0126214961722838,0.0126214961722838,0.0439400124984659
14.6925462604222,0,-0.00458452472707301,0,14.6925462604222,-0.00458452472707301,-0.00458452472707301,-0.00458452472707301,0.0444254697733256
12.5310366569707,0,0.0109739413789005,0,12.5310366569707,0.0109739413789005,0.0109739413789005,0.0109739413789005,0.0301771491611757
11.0161041029769,0,-0.0031766917676102,0,11.0161041029769,-0.0031766917676102,-0.0031766917676102,-0.0031766917676102,0.0522005254908412
12.612078023469,0,-0.0597088928688878,0,12.612078023469,-0.0597088928688878,-0.0597088928688878,-0.0597088928688878,0.0322576765582896
27.9381463268887,0,-0.0196646199066465,0,27.9381463268887,-0.0196646199066465,-0.0196646199066465,-0.0196646199066465,0.0266030945529787
28.4056044215739,0,-0.0234835133541325,0,28.4056044215739,-0.0234835133541325,-0.0234835133541325,-0.0234835133541325,0.0460235649191708
13.4368696617468,0,0.0535402362440232,0,13.4368696617468,0.0535402362440232,0.0535402362440232,0.0535402362440232,0.0282079903838013
14.3373106913918,0,-0.0165868652445846,0,14.3373106913918,-0.0165868652445846,-0.0165868652445846,-0.0165868652445846,0.0475684856482902
25.9320346135502,0,-0.0232712391594247,0,25.9320346135502,-0.0232712391594247,-0.0232712391594247,-0.0232712391594247,0.0300519735078187
NA,NA,NA,NA,NA,NA,NA,NA,NA
3.48138260502119,0,-0.0431716232209931,0,3.48138260502119,-0.0431716232209931,-0.0431716232209931,-0.0431716232209931,0.0321818721032191
5.59197431763262,0,-0.0578220526680145,0,5.59197431763262,-0.0578220526680145,-0.0578220526680145,-0.0578220526680145,0.0290843221745671
7.10118523761685,0,-0.0285278978712163,0,7.10118523761685,-0.0285278978712163,-0.0285278978712163,-0.0285278978712163,0.0595492352872805
8.39406695268219,0,0.0167837864563465,0,8.39406695268219,0.0167837864563465,0.0167837864563465,0.0167837864563465,0.0322473662392579
6.68163411954067,0,0.0399525800720857,0,6.68163411954067,0.0399525800720857,0.0399525800720857,0.0399525800720857,0.0632642521725607
10.9419857642508,0,-0.0876235523401562,0,10.9419857642508,-0.0876235523401562,-0.0876235523401562,-0.0876235523401562,0.0336377588977628
9.567453602661,0,-0.0130573193727359,0,9.567453602661,-0.0130573193727359,-0.0130573193727359,-0.0130573193727359,0.0264340771076804
9.56764954052794,0,-0.00578932875863998,0,9.56764954052794,-0.00578932875863998,-0.00578932875863998,-0.00578932875863998,0.0288617279537588
9.58796747981615,0,0.00725905880614161,0,9.58796747981615,0.00725905880614161,0.00725905880614161,0.00725905880614161,0.0422687684348916
10.3415882006709,0,-0.0979591311963027,0,10.3415882006709,-0.0979591311963027,-0.0979591311963027,-0.0979591311963027,0.0379022425227411
9.03381024943225,0,-0.0258591277728825,0,9.03381024943225,-0.0258591277728825,-0.0258591277728825,-0.0258591277728825,0.0210013285642308
7.292171244769,0,0.0214216184583366,0,7.292171244769,0.0214216184583366,0.0214216184583366,0.0214216184583366,0.00787016036700002
10.6567948708008,0,0.0203455428827325,0,10.6567948708008,0.0203455428827325,0.0203455428827325,0.0203455428827325,0.0367174068081082
15.83958844307,0,0.0399832495665445,0,15.83958844307,0.0399832495665445,0.0399832495665445,0.0399832495665445,0.0130470310288665
17.7014293147066,0,0.0234372077444364,0,17.7014293147066,0.0234372077444364,0.0234372077444364,0.0234372077444364,0.0323786122878216
18.1343346159182,0,-0.039038202552074,0,18.1343346159182,-0.039038202552074,-0.039038202552074,-0.039038202552074,0.0164122723756369
13.5036026382197,0,0.0260526179813793,0,13.5036026382197,0.0260526179813793,0.0260526179813793,0.0260526179813793,0.0175137052055195
13.9836050997556,0,-0.0596374353307077,0,13.9836050997556,-0.0596374353307077,-0.0596374353307077,-0.0596374353307077,0.0260159424457815
11.3110693140974,0,0.00982781565554414,0,11.3110693140974,0.00982781565554414,0.00982781565554414,0.00982781565554414,0.0152975413868066
20.6083384757102,0,-0.0196913974375486,0,20.6083384757102,-0.0196913974375486,-0.0196913974375486,-0.0196913974375486,0.0564075951702511
12.3671082351961,0,0.0210231372322994,0,12.3671082351961,0.0210231372322994,0.0210231372322994,0.0210231372322994,0.0160828742749283
12.3654554745313,0,-0.0686880413546458,0,12.3654554745313,-0.0686880413546458,-0.0686880413546458,-0.0686880413546458,0.0513325050706189
19.2556223171704,0,0.0285945738844167,0,19.2556223171704,0.0285945738844167,0.0285945738844167,0.0285945738844167,0.0139726523520546
34.7312424253189,0,0.00360906084633839,0,34.7312424253189,0.00360906084633839,0.00360906084633839,0.00360906084633839,0.017575833019559
54.7209102152747,0,0.0196726221291343,0,54.7209102152747,0.0196726221291343,0.0196726221291343,0.0196726221291343,0.0109274670854921
9.76552332936977,0,0.00564706861610557,0,9.76552332936977,0.00564706861610557,0.00564706861610557,0.00564706861610557,0.022210163633412
8.22166390729103,0,0.0200227074138689,0,8.22166390729103,0.0200227074138689,0.0200227074138689,0.0200227074138689,0.0889316774406693
9.93767446410684,0,-0.0799049140762041,0,9.93767446410684,-0.0799049140762041,-0.0799049140762041,-0.0799049140762041,0.101288434497172
7.36539602284415,0,-0.0247872150245361,0,7.36539602284415,-0.0247872150245361,-0.0247872150245361,-0.0247872150245361,0.114121672795408
9.34902839864339,0,-0.0319037471830898,0,9.34902839864339,-0.0319037471830898,-0.0319037471830898,-0.0319037471830898,0.0353702402159913
12.5616640281909,0,0.00441577973083164,0,12.5616640281909,0.00441577973083164,0.00441577973083164,0.00441577973083164,0.0138459086615911
9.90269087384876,0,-0.0238997733934269,0,9.90269087384876,-0.0238997733934269,-0.0238997733934269,-0.0238997733934269,0.140365006537693
10.8363107906744,0,-0.028098390818107,0,10.8363107906744,-0.028098390818107,-0.028098390818107,-0.028098390818107,0.071926050301895
11.7003583105711,0,-0.00186774348468509,0,11.7003583105711,-0.00186774348468509,-0.00186774348468509,-0.00186774348468509,0.00589871207554302
14.1717804897526,0,0.027255899623745,0,14.1717804897526,0.027255899623745,0.027255899623745,0.027255899623745,0.0438772018708798
11.3171115233183,0,-0.0301299566297987,0,11.3171115233183,-0.0301299566297987,-0.0301299566297987,-0.0301299566297987,0.0549217163119364
12.491172371433,0,0.00616174807970621,0,12.491172371433,0.00616174807970621,0.00616174807970621,0.00616174807970621,0.0405245193389735
15.2952591478408,0,-0.0301074875319639,0,15.2952591478408,-0.0301074875319639,-0.0301074875319639,-0.0301074875319639,0.0413728621057451
23.3384346785706,0,0.0173424537425691,0,23.3384346785706,0.0173424537425691,0.0173424537425691,0.0173424537425691,0.0189266195413323
21.0471310356801,0,0.0617673658141888,0,21.0471310356801,0.0617673658141888,0.0617673658141888,0.0617673658141888,0.047052745863464
16.8846431378076,0,0.0592246738975235,0,16.8846431378076,0.0592246738975235,0.0592246738975235,0.0592246738975235,0.0580511049145327
142.027144302285,0,0.0480428181832702,0,142.027144302285,0.0480428181832702,0.0480428181832702,0.0480428181832702,0.0151652887885014
10.8384906759069,0,-0.00221059163205814,0,10.8384906759069,-0.00221059163205814,-0.00221059163205814,-0.00221059163205814,0.0251376149245104
5.36034284274372,0,0.0126214961722838,0,5.36034284274372,0.0126214961722838,0.0126214961722838,0.0126214961722838,0.0439400124984659
14.6925462604222,0,-0.00458452472707301,0,14.6925462604222,-0.00458452472707301,-0.00458452472707301,-0.00458452472707301,0.0444254697733256
12.5310366569707,0,0.0109739413789005,0,12.5310366569707,0.0109739413789005,0.0109739413789005,0.0109739413789005,0.0301771491611757
11.0161041029769,0,-0.0031766917676102,0,11.0161041029769,-0.0031766917676102,-0.0031766917676102,-0.0031766917676102,0.0522005254908412
12.612078023469,0,-0.0597088928688878,0,12.612078023469,-0.0597088928688878,-0.0597088928688878,-0.0597088928688878,0.0322576765582896
27.9381463268887,0,-0.0196646199066465,0,27.9381463268887,-0.0196646199066465,-0.0196646199066465,-0.0196646199066465,0.0266030945529787
28.4056044215739,0,-0.0234835133541325,0,28.4056044215739,-0.0234835133541325,-0.0234835133541325,-0.0234835133541325,0.0460235649191708
13.4368696617468,0,0.0535402362440232,0,13.4368696617468,0.0535402362440232,0.0535402362440232,0.0535402362440232,0.0282079903838013
14.3373106913918,0,-0.0165868652445846,0,14.3373106913918,-0.0165868652445846,-0.0165868652445846,-0.0165868652445846,0.0475684856482902
25.9320346135502,0,-0.0232712391594247,0,25.9320346135502,-0.0232712391594247,-0.0232712391594247,-0.0232712391594247,0.0300519735078187
NA,NA,NA,NA,NA,NA,NA,NA,NA
3.48138260502119,0,-0.0431716232209931,0,3.48138260502119,-0.0431716232209931,-0.0431716232209931,-0.0431716232209931,0.0321818721032191
5.59197431763262,0,-0.0578220526680145,0,5.59197431763262,-0.0578220526680145,-0.0578220526680145,-0.0578220526680145,0.0290843221745671
7.10118523761685,0,-0.0285278978712163,0,7.10118523761685,-0.0285278978712163,-0.0285278978712163,-0.0285278978712163,0.0595492352872805
8.39406695268219,0,0.0167837864563465,0,8.39406695268219,0.0167837864563465,0.0167837864563465,0.0167837864563465,0.0322473662392579
6.68163411954067,0,0.0399525800720857,0,6.68163411954067,0.0399525800720857,0.0399525800720857,0.0399525800720857,0.0632642521725607
10.9419857642508,0,-0.0876235523401562,0,10.9419857642508,-0.0876235523401562,-0.0876235523401562,-0.0876235523401562,0.0336377588977628
9.567453602661,0,-0.0130573193727359,0,9.567453602661,-0.0130573193727359,-0.0130573193727359,-0.0130573193727359,0.0264340771076804
9.56764954052794,0,-0.00578932875863998,0,9.56764954052794,-0.00578932875863998,-0.00578932875863998,-0.00578932875863998,0.0288617279537588
9.58796747981615,0,0.00725905880614161,0,9.58796747981615,0.00725905880614161,0.00725905880614161,0.00725905880614161,0.0422687684348916
10.3415882006709,0,-0.0979591311963027,0,10.3415882006709,-0.0979591311963027,-0.0979591311963027,-0.0979591311963027,0.0379022425227411
9.03381024943225,0,-0.0258591277728825,0,9.03381024943225,-0.0258591277728825,-0.0258591277728825,-0.0258591277728825,0.0210013285642308
7.292171244769,0,0.0214216184583366,0,7.292171244769,0.0214216184583366,0.0214216184583366,0.0214216184583366,0.00787016036700002
10.6567948708008,0,0.0203455428827325,0,10.6567948708008,0.0203455428827325,0.0203455428827325,0.0203455428827325,0.0367174068081082
15.83958844307,0,0.0399832495665445,0,15.83958844307,0.0399832495665445,0.0399832495665445,0.0399832495665445,0.0130470310288665
17.7014293147066,0,0.0234372077444364,0,17.7014293147066,0.0234372077444364,0.0234372077444364,0.0234372077444364,0.0323786122878216
18.1343346159182,0,-0.039038202552074,0,18.1343346159182,-0.039038202552074,-0.039038202552074,-0.039038202552074,0.0164122723756369
13.5036026382197,0,0.0260526179813793,0,13.5036026382197,0.0260526179813793,0.0260526179813793,0.0260526179813793,0.0175137052055195
13.9836050997556,0,-0.0596374353307077,0,13.9836050997556,-0.0596374353307077,-0.0596374353307077,-0.0596374353307077,0.0260159424457815
11.3110693140974,0,0.00982781565554414,0,11.3110693140974,0.00982781565554414,0.00982781565554414,0.00982781565554414,0.0152975413868066
20.6083384757102,0,-0.0196913974375486,0,20.6083384757102,-0.0196913974375486,-0.0196913974375486,-0.0196913974375486,0.0564075951702511
12.3671082351961,0,0.0210231372322994,0,12.3671082351961,0.0210231372322994,0.0210231372322994,0.0210231372322994,0.0160828742749283
12.3654554745313,0,-0.0686880413546458,0,12.3654554745313,-0.0686880413546458,-0.0686880413546458,-0.0686880413546458,0.0513325050706189
19.2556223171704,0,0.0285945738844167,0,19.2556223171704,0.0285945738844167,0.0285945738844167,0.0285945738844167,0.0139726523520546
34.7312424253189,0,0.00360906084633839,0,34.7312424253189,0.00360906084633839,0.00360906084633839,0.00360906084633839,0.017575833019559
54.7209102152747,0,0.0196726221291343,0,54.7209102152747,0.0196726221291343,0.0196726221291343,0.0196726221291343,0.0109274670854921
9.76552332936977,0,0.00564706861610557,0,9.76552332936977,0.00564706861610557,0.00564706861610557,0.00564706861610557,0.022210163633412
8.22166390729103,0,0.0200227074138689,0,8.22166390729103,0.0200227074138689,0.0200227074138689,0.0200227074138689,0.0889316774406693
9.93767446410684,0,-0.0799049140762041,0,9.93767446410684,-0.0799049140762041,-0.0799049140762041,-0.0799049140762041,0.101288434497172
7.36539602284415,0,-0.0247872150245361,0,7.36539602284415,-0.0247872150245361,-0.0247872150245361,-0.0247872150245361,0.114121672795408
9.34902839864339,0,-0.0319037471830898,0,9.34902839864339,-0.0319037471830898,-0.0319037471830898,-0.0319037471830898,0.0353702402159913
12.5616640281909,0,0.00441577973083164,0,12.5616640281909,0.00441577973083164,0.00441577973083164,0.00441577973083164,0.0138459086615911
9.90269087384876,0,-0.0238997733934269,0,9.90269087384876,-0.0238997733934269,-0.0238997733934269,-0.0238997733934269,0.140365006537693
10.8363107906744,0,-0.028098390818107,0,10.8363107906744,-0.028098390818107,-0.028098390818107,-0.028098390818107,0.071926050301895
11.7003583105711,0,-0.00186774348468509,0,11.7003583105711,-0.00186774348468509,-0.00186774348468509,-0.00186774348468509,0.00589871207554302
14.1717804897526,0,0.027255899623745,0,14.1717804897526,0.027255899623745,0.027255899623745,0.027255899623745,0.0438772018708798
11.3171115233183,0,-0.0301299566297987,0,11.3171115233183,-0.0301299566297987,-0.0301299566297987,-0.0301299566297987,0.0549217163119364
12.491172371433,0,0.00616174807970621,0,12.491172371433,0.00616174807970621,0.00616174807970621,0.00616174807970621,0.0405245193389735
15.2952591478408,0,-0.0301074875319639,0,15.2952591478408,-0.0301074875319639,-0.0301074875319639,-0.0301074875319639,0.0413728621057451
23.3384346785706,0,0.0173424537425691,0,23.3384346785706,0.0173424537425691,0.0173424537425691,0.0173424537425691,0.0189266195413323
21.0471310356801,0,0.0617673658141888,0,21.0471310356801,0.0617673658141888,0.0617673658141888,0.0617673658141888,0.047052745863464
16.8846431378076,0,0.0592246738975235,0,16.8846431378076,0.0592246738975235,0.0592246738975235,0.0592246738975235,0.0580511049145327
142.027144302285,0,0.0480428181832702,0,142.027144302285,0.0480428181832702,0.0480428181832702,0.0480428181832702,0.0151652887885014
10.8384906759069,0,-0.00221059163205814,0,10.8384906759069,-0.00221059163205814,-0.00221059163205814,-0.00221059163205814,0.0251376149245104
5.36034284274372,0,0.0126214961722838,0,5.36034284274372,0.0126214961722838,0.0126214961722838,0.0126214961722838,0.0439400124984659
14.6925462604222,0,-0.00458452472707301,0,14.6925462604222,-0.00458452472707301,-0.00458452472707301,-0.00458452472707301,0.0444254697733256
12.5310366569707,0,0.0109739413789005,0,12.5310366569707,0.0109739413789005,0.0109739413789005,0.0109739413789005,0.0301771491611757
11.0161041029769,0,-0.0031766917676102,0,11.0161041029769,-0.0031766917676102,-0.0031766917676102,-0.0031766917676102,0.0522005254908412
12.612078023469,0,-0.0597088928688878,0,12.612078023469,-0.0597088928688878,-0.0597088928688878,-0.0597088928688878,0.0322576765582896
27.9381463268887,0,-0.0196646199066465,0,27.9381463268887,-0.0196646199066465,-0.0196646199066465,-0.0196646199066465,0.0266030945529787
28.4056044215739,0,-0.0234835133541325,0,28.4056044215739,-0.0234835133541325,-0.0234835133541325,-0.0234835133541325,0.0460235649191708
13.4368696617468,0,0.0535402362440232,0,13.4368696617468,0.0535402362440232,0.0535402362440232,0.0535402362440232,0.0282079903838013
14.3373106913918,0,-0.0165868652445846,0,14.3373106913918,-0.0165868652445846,-0.0165868652445846,-0.0165868652445846,0.0475684856482902
25.9320346135502,0,-0.0232712391594247,0,25.9320346135502,-0.0232712391594247,-0.0232712391594247,-0.0232712391594247,0.0300519735078187
13.7309985799619,0,-0.0363284985501186,0,13.7309985799619,-0.0363284985501186,-0.0363284985501186,-0.0363284985501186,0.0318684805272735
NA,NA,NA,NA,NA,NA,NA,NA,NA
3.48138260502119,0,-0.0431716232209931,0,3.48138260502119,-0.0431716232209931,-0.0431716232209931,-0.0431716232209931,0.0321818721032191
5.59197431763262,0,-0.0578220526680145,0,5.59197431763262,-0.0578220526680145,-0.0578220526680145,-0.0578220526680145,0.0290843221745671
7.10118523761685,0,-0.0285278978712163,0,7.10118523761685,-0.0285278978712163,-0.0285278978712163,-0.0285278978712163,0.0595492352872805
8.39406695268219,0,0.0167837864563465,0,8.39406695268219,0.0167837864563465,0.0167837864563465,0.0167837864563465,0.0322473662392579
6.68163411954067,0,0.0399525800720857,0,6.68163411954067,0.0399525800720857,0.0399525800720857,0.0399525800720857,0.0632642521725607
10.9419857642508,0,-0.0876235523401562,0,10.9419857642508,-0.0876235523401562,-0.0876235523401562,-0.0876235523401562,0.0336377588977628
9.567453602661,0,-0.0130573193727359,0,9.567453602661,-0.0130573193727359,-0.0130573193727359,-0.0130573193727359,0.0264340771076804
9.56764954052794,0,-0.00578932875863998,0,9.56764954052794,-0.00578932875863998,-0.00578932875863998,-0.00578932875863998,0.0288617279537588
9.58796747981615,0,0.00725905880614161,0,9.58796747981615,0.00725905880614161,0.00725905880614161,0.00725905880614161,0.0422687684348916
10.3415882006709,0,-0.0979591311963027,0,10.3415882006709,-0.0979591311963027,-0.0979591311963027,-0.0979591311963027,0.0379022425227411
9.03381024943225,0,-0.0258591277728825,0,9.03381024943225,-0.0258591277728825,-0.0258591277728825,-0.0258591277728825,0.0210013285642308
7.292171244769,0,0.0214216184583366,0,7.292171244769,0.0214216184583366,0.0214216184583366,0.0214216184583366,0.00787016036700002
10.6567948708008,0,0.0203455428827325,0,10.6567948708008,0.0203455428827325,0.0203455428827325,0.0203455428827325,0.0367174068081082
15.83958844307,0,0.0399832495665445,0,15.83958844307,0.0399832495665445,0.0399832495665445,0.0399832495665445,0.0130470310288665
17.7014293147066,0,0.0234372077444364,0,17.7014293147066,0.0234372077444364,0.0234372077444364,0.0234372077444364,0.0323786122878216
18.1343346159182,0,-0.039038202552074,0,18.1343346159182,-0.039038202552074,-0.039038202552074,-0.039038202552074,0.0164122723756369
13.5036026382197,0,0.0260526179813793,0,13.5036026382197,0.0260526179813793,0.0260526179813793,0.0260526179813793,0.0175137052055195
13.9836050997556,0,-0.0596374353307077,0,13.9836050997556,-0.0596374353307077,-0.0596374353307077,-0.0596374353307077,0.0260159424457815
11.3110693140974,0,0.00982781565554414,0,11.3110693140974,0.00982781565554414,0.00982781565554414,0.00982781565554414,0.0152975413868066
20.6083384757102,0,-0.0196913974375486,0,20.6083384757102,-0.0196913974375486,-0.0196913974375486,-0.0196913974375486,0.0564075951702511
12.3671082351961,0,0.0210231372322994,0,12.3671082351961,0.0210231372322994,0.0210231372322994,0.0210231372322994,0.0160828742749283
12.3654554745313,0,-0.0686880413546458,0,12.3654554745313,-0.0686880413546458,-0.0686880413546458,-0.0686880413546458,0.0513325050706189
19.2556223171704,0,0.0285945738844167,0,19.2556223171704,0.0285945738844167,0.0285945738844167,0.0285945738844167,0.0139726523520546
34.7312424253189,0,0.00360906084633839,0,34.7312424253189,0.00360906084633839,0.00360906084633839,0.00360906084633839,0.017575833019559
54.7209102152747,0,0.0196726221291343,0,54.7209102152747,0.0196726221291343,0.0196726221291343,0.0196726221291343,0.0109274670854921
9.76552332936977,0,0.00564706861610557,0,9.76552332936977,0.00564706861610557,0.00564706861610557,0.00564706861610557,0.022210163633412
8.22166390729103,0,0.0200227074138689,0,8.22166390729103,0.0200227074138689,0.0200227074138689,0.0200227074138689,0.0889316774406693
9.93767446410684,0,-0.0799049140762041,0,9.93767446410684,-0.0799049140762041,-0.0799049140762041,-0.0799049140762041,0.101288434497172
7.36539602284415,0,-0.0247872150245361,0,7.36539602284415,-0.0247872150245361,-0.0247872150245361,-0.0247872150245361,0.114121672795408
9.34902839864339,0,-0.0319037471830898,0,9.34902839864339,-0.0319037471830898,-0.0319037471830898,-0.0319037471830898,0.0353702402159913
12.5616640281909,0,0.00441577973083164,0,12.5616640281909,0.00441577973083164,0.00441577973083164,0.00441577973083164,0.0138459086615911
9.90269087384876,0,-0.0238997733934269,0,9.90269087384876,-0.0238997733934269,-0.0238997733934269,-0.0238997733934269,0.140365006537693
10.8363107906744,0,-0.028098390818107,0,10.8363107906744,-0.028098390818107,-0.028098390818107,-0.028098390818107,0.071926050301895
11.7003583105711,0,-0.00186774348468509,0,11.7003583105711,-0.00186774348468509,-0.00186774348468509,-0.00186774348468509,0.00589871207554302
14.1717804897526,0,0.027255899623745,0,14.1717804897526,0.027255899623745,0.027255899623745,0.027255899623745,0.0438772018708798
11.3171115233183,0,-0.0301299566297987,0,11.3171115233183,-0.0301299566297987,-0.0301299566297987,-0.0301299566297987,0.0549217163119364
12.491172371433,0,0.00616174807970621,0,12.491172371433,0.00616174807970621,0.00616174807970621,0.00616174807970621,0.0405245193389735
15.2952591478408,0,-0.0301074875319639,0,15.2952591478408,-0.0301074875319639,-0.0301074875319639,-0.0301074875319639,0.0413728621057451
23.3384346785706,0,0.0173424537425691,0,23.3384346785706,0.0173424537425691,0.0173424537425691,0.0173424537425691,0.0189266195413323
21.0471310356801,0,0.0617673658141888,0,21.0471310356801,0.0617673658141888,0.0617673658141888,0.0617673658141888,0.047052745863464
16.8846431378076,0,0.0592246738975235,0,16.8846431378076,0.0592246738975235,0.0592246738975235,0.0592246738975235,0.0580511049145327
142.027144302285,0,0.0480428181832702,0,142.027144302285,0.0480428181832702,0.0480428181832702,0.0480428181832702,0.0151652887885014
10.8384906759069,0,-0.00221059163205814,0,10.8384906759069,-0.00221059163205814,-0.00221059163205814,-0.00221059163205814,0.0251376149245104
5.36034284274372,0,0.0126214961722838,0,5.36034284274372,0.0126214961722838,0.0126214961722838,0.0126214961722838,0.0439400124984659
14.6925462604222,0,-0.00458452472707301,0,14.6925462604222,-0.00458452472707301,-0.00458452472707301,-0.00458452472707301,0.0444254697733256
12.5310366569707,0,0.0109739413789005,0,12.5310366569707,0.0109739413789005,0.0109739413789005,0.0109739413789005,0.0301771491611757
11.0161041029769,0,-0.0031766917676102,0,11.0161041029769,-0.0031766917676102,-0.0031766917676102,-0.0031766917676102,0.0522005254908412
12.612078023469,0,-0.0597088928688878,0,12.612078023469,-0.0597088928688878,-0.0597088928688878,-0.0597088928688878,0.0322576765582896
27.9381463268887,0,-0.0196646199066465,0,27.9381463268887,-0.0196646199066465,-0.0196646199066465,-0.0196646199066465,0.0266030945529787
28.4056044215739,0,-0.0234835133541325,0,28.4056044215739,-0.0234835133541325,-0.0234835133541325,-0.0234835133541325,0.0460235649191708
13.4368696617468,0,0.0535402362440232,0,13.4368696617468,0.0535402362440232,0.0535402362440232,0.0535402362440232,0.0282079903838013
14.3373106913918,0,-0.0165868652445846,0,14.3373106913918,-0.0165868652445846,-0.0165868652445846,-0.0165868652445846,0.0475684856482902
25.9320346135502,0,-0.0232712391594247,0,25.9320346135502,-0.0232712391594247,-0.0232712391594247,-0.0232712391594247,0.0300519735078187
NA,NA,NA,NA,NA,NA,NA,NA,NA
3.48138260502119,0,-0.0431716232209931,0,3.48138260502119,-0.0431716232209931,-0.0431716232209931,-0.0431716232209931,0.0321818721032191
5.59197431763262,0,-0.0578220526680145,0,5.59197431763262,-0.0578220526680145,-0.0578220526680145,-0.0578220526680145,0.0290843221745671
7.10118523761685,0,-0.0285278978712163,0,7.10118523761685,-0.0285278978712163,-0.0285278978712163,-0.0285278978712163,0.0595492352872805
8.39406695268219,0,0.0167837864563465,0,8.39406695268219,0.0167837864563465,0.0167837864563465,0.0167837864563465,0.0322473662392579
6.68163411954067,0,0.0399525800720857,0,6.68163411954067,0.0399525800720857,0.0399525800720857,0.0399525800720857,0.0632642521725607
10.9419857642508,0,-0.0876235523401562,0,10.9419857642508,-0.0876235523401562,-0.0876235523401562,-0.0876235523401562,0.0336377588977628
9.567453602661,0,-0.0130573193727359,0,9.567453602661,-0.0130573193727359,-0.0130573193727359,-0.0130573193727359,0.0264340771076804
9.56764954052794,0,-0.00578932875863998,0,9.56764954052794,-0.00578932875863998,-0.00578932875863998,-0.00578932875863998,0.0288617279537588
9.58796747981615,0,0.00725905880614161,0,9.58796747981615,0.00725905880614161,0.00725905880614161,0.00725905880614161,0.0422687684348916
10.3415882006709,0,-0.0979591311963027,0,10.3415882006709,-0.0979591311963027,-0.0979591311963027,-0.0979591311963027,0.0379022425227411
9.03381024943225,0,-0.0258591277728825,0,9.03381024943225,-0.0258591277728825,-0.0258591277728825,-0.0258591277728825,0.0210013285642308
7.292171244769,0,0.0214216184583366,0,7.292171244769,0.0214216184583366,0.0214216184583366,0.0214216184583366,0.00787016036700002
10.6567948708008,0,0.0203455428827325,0,10.6567948708008,0.0203455428827325,0.0203455428827325,0.0203455428827325,0.0367174068081082
15.83958844307,0,0.0399832495665445,0,15.83958844307,0.0399832495665445,0.0399832495665445,0.0399832495665445,0.0130470310288665
17.7014293147066,0,0.0234372077444364,0,17.7014293147066,0.0234372077444364,0.0234372077444364,0.0234372077444364,0.0323786122878216
18.1343346159182,0,-0.039038202552074,0,18.1343346159182,-0.039038202552074,-0.039038202552074,-0.039038202552074,0.0164122723756369
13.5036026382197,0,0.0260526179813793,0,13.5036026382197,0.0260526179813793,0.0260526179813793,0.0260526179813793,0.0175137052055195
13.9836050997556,0,-0.0596374353307077,0,13.9836050997556,-0.0596374353307077,-0.0596374353307077,-0.0596374353307077,0.0260159424457815
11.3110693140974,0,0.00982781565554414,0,11.3110693140974,0.00982781565554414,0.00982781565554414,0.00982781565554414,0.0152975413868066
20.6083384757102,0,-0.0196913974375486,0,20.6083384757102,-0.0196913974375486,-0.0196913974375486,-0.0196913974375486,0.0564075951702511
12.3671082351961,0,0.0210231372322994,0,12.3671082351961,0.0210231372322994,0.0210231372322994,0.0210231372322994,0.0160828742749283
12.3654554745313,0,-0.0686880413546458,0,12.3654554745313,-0.0686880413546458,-0.0686880413546458,-0.0686880413546458,0.0513325050706189
19.2556223171704,0,0.0285945738844167,0,19.2556223171704,0.0285945738844167,0.0285945738844167,0.0285945738844167,0.0139726523520546
34.7312424253189,0,0.00360906084633839,0,34.7312424253189,0.00360906084633839,0.00360906084633839,0.00360906084633839,0.017575833019559
54.7209102152747,0,0.0196726221291343,0,54.7209102152747,0.0196726221291343,0.0196726221291343,0.0196726221291343,0.0109274670854921
9.76552332936977,0,0.00564706861610557,0,9.76552332936977,0.00564706861610557,0.00564706861610557,0.00564706861610557,0.022210163633412
8.22166390729103,0,0.0200227074138689,0,8.22166390729103,0.0200227074138689,0.0200227074138689,0.0200227074138689,0.0889316774406693
9.93767446410684,0,-0.0799049140762041,0,9.93767446410684,-0.0799049140762041,-0.0799049140762041,-0.0799049140762041,0.101288434497172
7.36539602284415,0,-0.0247872150245361,0,7.36539602284415,-0.0247872150245361,-0.0247872150245361,-0.0247872150245361,0.114121672795408
9.34902839864339,0,-0.0319037471830898,0,9.34902839864339,-0.0319037471830898,-0.0319037471830898,-0.0319037471830898,0.0353702402159913
12.5616640281909,0,0.00441577973083164,0,12.5616640281909,0.00441577973083164,0.00441577973083164,0.00441577973083164,0.0138459086615911
9.90269087384876,0,-0.0238997733934269,0,9.90269087384876,-0.0238997733934269,-0.0238997733934269,-0.0238997733934269,0.140365006537693
10.8363107906744,0,-0.028098390818107,0,10.8363107906744,-0.028098390818107,-0.028098390818107,-0.028098390818107,0.071926050301895
11.7003583105711,0,-0.00186774348468509,0,11.7003583105711,-0.00186774348468509,-0.00186774348468509,-0.00186774348468509,0.00589871207554302
14.1717804897526,0,0.027255899623745,0,14.1717804897526,0.027255899623745,0.027255899623745,0.027255899623745,0.0438772018708798
11.3171115233183,0,-0.0301299566297987,0,11.3171115233183,-0.0301299566297987,-0.0301299566297987,-0.0301299566297987,0.0549217163119364
12.491172371433,0,0.00616174807970621,0,12.491172371433,0.00616174807970621,0.00616174807970621,0.00616174807970621,0.0405245193389735
15.2952591478408,0,-0.0301074875319639,0,15.2952591478408,-0.0301074875319639,-0.0301074875319639,-0.0301074875319639,0.0413728621057451
23.3384346785706,0,0.0173424537425691,0,23.3384346785706,0.0173424537425691,0.0173424537425691,0.0173424537425691,0.0189266195413323
21.0471310356801,0,0.0617673658141888,0,21.0471310356801,0.0617673658141888,0.0617673658141888,0.0617673658141888,0.047052745863464
16.8846431378076,0,0.0592246738975235,0,16.8846431378076,0.0592246738975235,0.0592246738975235,0.0592246738975235,0.0580511049145327
142.027144302285,0,0.0480428181832702,0,142.027144302285,0.0480428181832702,0.0480428181832702,0.0480428181832702,0.0151652887885014
10.8384906759069,0,-0.00221059163205814,0,10.8384906759069,-0.00221059163205814,-0.00221059163205814,-0.00221059163205814,0.0251376149245104
5.36034284274372,0,0.0126214961722838,0,5.36034284274372,0.0126214961722838,0.0126214961722838,0.0126214961722838,0.0439400124984659
14.6925462604222,0,-0.00458452472707301,0,14.6925462604222,-0.00458452472707301,-0.00458452472707301,-0.00458452472707301,0.0444254697733256
10.1224985979203,0,0.0586251020164886,0,10.1224985979203,0.0586251020164886,0.0586251020164886,0.0586251020164886,0.0539536891600329
11.0161041029769,0,-0.0031766917676102,0,11.0161041029769,-0.0031766917676102,-0.0031766917676102,-0.0031766917676102,0.0522005254908412
12.612078023469,0,-0.0597088928688878,0,12.612078023469,-0.0597088928688878,-0.0597088928688878,-0.0597088928688878,0.0322576765582896
27.9381463268887,0,-0.0196646199066465,0,27.9381463268887,-0.0196646199066465,-0.0196646199066465,-0.0196646199066465,0.0266030945529787
28.4056044215739,0,-0.0234835133541325,0,28.4056044215739,-0.0234835133541325,-0.0234835133541325,-0.0234835133541325,0.0460235649191708
13.4368696617468,0,0.0535402362440232,0,13.4368696617468,0.0535402362440232,0.0535402362440232,0.0535402362440232,0.0282079903838013
14.3373106913918,0,-0.0165868652445846,0,14.3373106913918,-0.0165868652445846,-0.0165868652445846,-0.0165868652445846,0.0475684856482902
25.9320346135502,0,-0.0232712391594247,0,25.9320346135502,-0.0232712391594247,-0.0232712391594247,-0.0232712391594247,0.0300519735078187
NA,NA,NA,NA,NA,NA,NA,NA,NA
3.48138260502119,0,-0.0431716232209931,0,3.48138260502119,-0.0431716232209931,-0.0431716232209931,-0.0431716232209931,0.0321818721032191
5.59197431763262,0,-0.0578220526680145,0,5.59197431763262,-0.0578220526680145,-0.0578220526680145,-0.0578220526680145,0.0290843221745671
7.10118523761685,0,-0.0285278978712163,0,7.10118523761685,-0.0285278978712163,-0.0285278978712163,-0.0285278978712163,0.0595492352872805
8.39406695268219,0,0.0167837864563465,0,8.39406695268219,0.0167837864563465,0.0167837864563465,0.0167837864563465,0.0322473662392579
6.68163411954067,0,0.0399525800720857,0,6.68163411954067,0.0399525800720857,0.0399525800720857,0.0399525800720857,0.0632642521725607
10.9419857642508,0,-0.0876235523401562,0,10.9419857642508,-0.0876235523401562,-0.0876235523401562,-0.0876235523401562,0.0336377588977628
9.567453602661,0,-0.0130573193727359,0,9.567453602661,-0.0130573193727359,-0.0130573193727359,-0.0130573193727359,0.0264340771076804
9.56764954052794,0,-0.00578932875863998,0,9.56764954052794,-0.00578932875863998,-0.00578932875863998,-0.00578932875863998,0.0288617279537588
9.58796747981615,0,0.00725905880614161,0,9.58796747981615,0.00725905880614161,0.00725905880614161,0.00725905880614161,0.0422687684348916
10.3415882006709,0,-0.0979591311963027,0,10.3415882006709,-0.0979591311963027,-0.0979591311963027,-0.0979591311963027,0.0379022425227411
9.03381024943225,0,-0.0258591277728825,0,9.03381024943225,-0.0258591277728825,-0.0258591277728825,-0.0258591277728825,0.0210013285642308
7.292171244769,0,0.0214216184583366,0,7.292171244769,0.0214216184583366,0.0214216184583366,0.0214216184583366,0.00787016036700002
10.6567948708008,0,0.0203455428827325,0,10.6567948708008,0.0203455428827325,0.0203455428827325,0.0203455428827325,0.0367174068081082
15.83958844307,0,0.0399832495665445,0,15.83958844307,0.0399832495665445,0.0399832495665445,0.0399832495665445,0.0130470310288665
17.7014293147066,0,0.0234372077444364,0,17.7014293147066,0.0234372077444364,0.0234372077444364,0.0234372077444364,0.0323786122878216
18.1343346159182,0,-0.039038202552074,0,18.1343346159182,-0.039038202552074,-0.039038202552074,-0.039038202552074,0.0164122723756369
13.5036026382197,0,0.0260526179813793,0,13.5036026382197,0.0260526179813793,0.0260526179813793,0.0260526179813793,0.0175137052055195
13.9836050997556,0,-0.0596374353307077,0,13.9836050997556,-0.0596374353307077,-0.0596374353307077,-0.0596374353307077,0.0260159424457815
11.3110693140974,0,0.00982781565554414,0,11.3110693140974,0.00982781565554414,0.00982781565554414,0.00982781565554414,0.0152975413868066
20.6083384757102,0,-0.0196913974375486,0,20.6083384757102,-0.0196913974375486,-0.0196913974375486,-0.0196913974375486,0.0564075951702511
12.3671082351961,0,0.0210231372322994,0,12.3671082351961,0.0210231372322994,0.0210231372322994,0.0210231372322994,0.0160828742749283
12.3654554745313,0,-0.0686880413546458,0,12.3654554745313,-0.0686880413546458,-0.0686880413546458,-0.0686880413546458,0.0513325050706189
19.2556223171704,0,0.0285945738844167,0,19.2556223171704,0.0285945738844167,0.0285945738844167,0.0285945738844167,0.0139726523520546
34.7312424253189,0,0.00360906084633839,0,34.7312424253189,0.00360906084633839,0.00360906084633839,0.00360906084633839,0.017575833019559
54.7209102152747,0,0.0196726221291343,0,54.7209102152747,0.0196726221291343,0.0196726221291343,0.0196726221291343,0.0109274670854921
9.76552332936977,0,0.00564706861610557,0,9.76552332936977,0.00564706861610557,0.00564706861610557,0.00564706861610557,0.022210163633412
8.22166390729103,0,0.0200227074138689,0,8.22166390729103,0.0200227074138689,0.0200227074138689,0.0200227074138689,0.0889316774406693
9.93767446410684,0,-0.0799049140762041,0,9.93767446410684,-0.0799049140762041,-0.0799049140762041,-0.0799049140762041,0.101288434497172
7.36539602284415,0,-0.0247872150245361,0,7.36539602284415,-0.0247872150245361,-0.0247872150245361,-0.0247872150245361,0.114121672795408
9.34902839864339,0,-0.0319037471830898,0,9.34902839864339,-0.0319037471830898,-0.0319037471830898,-0.0319037471830898,0.0353702402159913
12.5616640281909,0,0.00441577973083164,0,12.5616640281909,0.00441577973083164,0.00441577973083164,0.00441577973083164,0.0138459086615911
9.90269087384876,0,-0.0238997733934269,0,9.90269087384876,-0.0238997733934269,-0.0238997733934269,-0.0238997733934269,0.140365006537693
10.8363107906744,0,-0.028098390818107,0,10.8363107906744,-0.028098390818107,-0.028098390818107,-0.028098390818107,0.071926050301895
11.7003583105711,0,-0.00186774348468509,0,11.7003583105711,-0.00186774348468509,-0.00186774348468509,-0.00186774348468509,0.00589871207554302
14.1717804897526,0,0.027255899623745,0,14.1717804897526,0.027255899623745,0.027255899623745,0.027255899623745,0.0438772018708798
11.3171115233183,0,-0.0301299566297987,0,11.3171115233183,-0.0301299566297987,-0.0301299566297987,-0.0301299566297987,0.0549217163119364
12.491172371433,0,0.00616174807970621,0,12.491172371433,0.00616174807970621,0.00616174807970621,0.00616174807970621,0.0405245193389735
15.2952591478408,0,-0.0301074875319639,0,15.2952591478408,-0.0301074875319639,-0.0301074875319639,-0.0301074875319639,0.0413728621057451
23.3384346785706,0,0.0173424537425691,0,23.3384346785706,0.0173424537425691,0.0173424537425691,0.0173424537425691,0.0189266195413323
21.0471310356801,0,0.0617673658141888,0,21.0471310356801,0.0617673658141888,0.0617673658141888,0.0617673658141888,0.047052745863464
16.8846431378076,0,0.0592246738975235,0,16.8846431378076,0.0592246738975235,0.0592246738975235,0.0592246738975235,0.0580511049145327
142.027144302285,0,0.0480428181832702,0,142.027144302285,0.0480428181832702,0.0480428181832702,0.0480428181832702,0.0151652887885014
10.8384906759069,0,-0.00221059163205814,0,10.8384906759069,-0.00221059163205814,-0.00221059163205814,-0.00221059163205814,0.0251376149245104
5.36034284274372,0,0.0126214961722838,0,5.36034284274372,0.0126214961722838,0.0126214961722838,0.0126214961722838,0.0439400124984659
14.6925462604222,0,-0.00458452472707301,0,14.6925462604222,-0.00458452472707301,-0.00458452472707301,-0.00458452472707301,0.0444254697733256
10.1224985979203,0,0.0586251020164886,0,10.1224985979203,0.0586251020164886,0.0586251020164886,0.0586251020164886,0.0539536891600329
11.0161041029769,0,-0.0031766917676102,0,11.0161041029769,-0.0031766917676102,-0.0031766917676102,-0.0031766917676102,0.0522005254908412
12.612078023469,0,-0.0597088928688878,0,12.612078023469,-0.0597088928688878,-0.0597088928688878,-0.0597088928688878,0.0322576765582896
27.9381463268887,0,-0.0196646199066465,0,27.9381463268887,-0.0196646199066465,-0.0196646199066465,-0.0196646199066465,0.0266030945529787
28.4056044215739,0,-0.0234835133541325,0,28.4056044215739,-0.0234835133541325,-0.0234835133541325,-0.0234835133541325,0.0460235649191708
13.4368696617468,0,0.0535402362440232,0,13.4368696617468,0.0535402362440232,0.0535402362440232,0.0535402362440232,0.0282079903838013
14.3373106913918,0,-0.0165868652445846,0,14.3373106913918,-0.0165868652445846,-0.0165868652445846,-0.0165868652445846,0.0475684856482902
25.9320346135502,0,-0.0232712391594247,0,25.9320346135502,-0.0232712391594247,-0.0232712391594247,-0.0232712391594247,0.0300519735078187
NA,NA,NA,NA,NA,NA,NA,NA,NA
3.48138260502119,0,-0.0431716232209931,0,3.48138260502119,-0.0431716232209931,-0.0431716232209931,-0.0431716232209931,0.0321818721032191
5.59197431763262,0,-0.0578220526680145,0,5.59197431763262,-0.0578220526680145,-0.0578220526680145,-0.0578220526680145,0.0290843221745671
7.10118523761685,0,-0.0285278978712163,0,7.10118523761685,-0.0285278978712163,-0.0285278978712163,-0.0285278978712163,0.0595492352872805
8.39406695268219,0,0.0167837864563465,0,8.39406695268219,0.0167837864563465,0.0167837864563465,0.0167837864563465,0.0322473662392579
6.68163411954067,0,0.0399525800720857,0,6.68163411954067,0.0399525800720857,0.0399525800720857,0.0399525800720857,0.0632642521725607
10.9419857642508,0,-0.0876235523401562,0,10.9419857642508,-0.0876235523401562,-0.0876235523401562,-0.0876235523401562,0.0336377588977628
9.567453602661,0,-0.0130573193727359,0,9.567453602661,-0.0130573193727359,-0.0130573193727359,-0.0130573193727359,0.0264340771076804
9.56764954052794,0,-0.00578932875863998,0,9.56764954052794,-0.00578932875863998,-0.00578932875863998,-0.00578932875863998,0.0288617279537588
9.58796747981615,0,0.00725905880614161,0,9.58796747981615,0.00725905880614161,0.00725905880614161,0.00725905880614161,0.0422687684348916
10.3415882006709,0,-0.0979591311963027,0,10.3415882006709,-0.0979591311963027,-0.0979591311963027,-0.0979591311963027,0.0379022425227411
9.03381024943225,0,-0.0258591277728825,0,9.03381024943225,-0.0258591277728825,-0.0258591277728825,-0.0258591277728825,0.0210013285642308
7.292171244769,0,0.0214216184583366,0,7.292171244769,0.0214216184583366,0.0214216184583366,0.0214216184583366,0.00787016036700002
10.6567948708008,0,0.0203455428827325,0,10.6567948708008,0.0203455428827325,0.0203455428827325,0.0203455428827325,0.0367174068081082
15.83958844307,0,0.0399832495665445,0,15.83958844307,0.0399832495665445,0.0399832495665445,0.0399832495665445,0.0130470310288665
17.7014293147066,0,0.0234372077444364,0,17.7014293147066,0.0234372077444364,0.0234372077444364,0.0234372077444364,0.0323786122878216
18.1343346159182,0,-0.039038202552074,0,18.1343346159182,-0.039038202552074,-0.039038202552074,-0.039038202552074,0.0164122723756369
13.5036026382197,0,0.0260526179813793,0,13.5036026382197,0.0260526179813793,0.0260526179813793,0.0260526179813793,0.0175137052055195
13.9836050997556,0,-0.0596374353307077,0,13.9836050997556,-0.0596374353307077,-0.0596374353307077,-0.0596374353307077,0.0260159424457815
11.3110693140974,0,0.00982781565554414,0,11.3110693140974,0.00982781565554414,0.00982781565554414,0.00982781565554414,0.0152975413868066
20.6083384757102,0,-0.0196913974375486,0,20.6083384757102,-0.0196913974375486,-0.0196913974375486,-0.0196913974375486,0.0564075951702511
12.3671082351961,0,0.0210231372322994,0,12.3671082351961,0.0210231372322994,0.0210231372322994,0.0210231372322994,0.0160828742749283
12.3654554745313,0,-0.0686880413546458,0,12.3654554745313,-0.0686880413546458,-0.0686880413546458,-0.0686880413546458,0.0513325050706189
19.2556223171704,0,0.0285945738844167,0,19.2556223171704,0.0285945738844167,0.0285945738844167,0.0285945738844167,0.0139726523520546
34.7312424253189,0,0.00360906084633839,0,34.7312424253189,0.00360906084633839,0.00360906084633839,0.00360906084633839,0.017575833019559
54.7209102152747,0,0.0196726221291343,0,54.7209102152747,0.0196726221291343,0.0196726221291343,0.0196726221291343,0.0109274670854921
9.76552332936977,0,0.00564706861610557,0,9.76552332936977,0.00564706861610557,0.00564706861610557,0.00564706861610557,0.022210163633412
8.22166390729103,0,0.0200227074138689,0,8.22166390729103,0.0200227074138689,0.0200227074138689,0.0200227074138689,0.0889316774406693
9.93767446410684,0,-0.0799049140762041,0,9.93767446410684,-0.0799049140762041,-0.0799049140762041,-0.0799049140762041,0.101288434497172
7.36539602284415,0,-0.0247872150245361,0,7.36539602284415,-0.0247872150245361,-0.0247872150245361,-0.0247872150245361,0.114121672795408
9.34902839864339,0,-0.0319037471830898,0,9.34902839864339,-0.0319037471830898,-0.0319037471830898,-0.0319037471830898,0.0353702402159913
12.5616640281909,0,0.00441577973083164,0,12.5616640281909,0.00441577973083164,0.00441577973083164,0.00441577973083164,0.0138459086615911
9.90269087384876,0,-0.0238997733934269,0,9.90269087384876,-0.0238997733934269,-0.0238997733934269,-0.0238997733934269,0.140365006537693
10.8363107906744,0,-0.028098390818107,0,10.8363107906744,-0.028098390818107,-0.028098390818107,-0.028098390818107,0.071926050301895
11.7003583105711,0,-0.00186774348468509,0,11.7003583105711,-0.00186774348468509,-0.00186774348468509,-0.00186774348468509,0.00589871207554302
14.1717804897526,0,0.027255899623745,0,14.1717804897526,0.027255899623745,0.027255899623745,0.027255899623745,0.0438772018708798
11.3171115233183,0,-0.0301299566297987,0,11.3171115233183,-0.0301299566297987,-0.0301299566297987,-0.0301299566297987,0.0549217163119364
12.491172371433,0,0.00616174807970621,0,12.491172371433,0.00616174807970621,0.00616174807970621,0.00616174807970621,0.0405245193389735
15.2952591478408,0,-0.0301074875319639,0,15.2952591478408,-0.0301074875319639,-0.0301074875319639,-0.0301074875319639,0.0413728621057451
23.3384346785706,0,0.0173424537425691,0,23.3384346785706,0.0173424537425691,0.0173424537425691,0.0173424537425691,0.0189266195413323
21.0471310356801,0,0.0617673658141888,0,21.0471310356801,0.0617673658141888,0.0617673658141888,0.0617673658141888,0.047052745863464
16.8846431378076,0,0.0592246738975235,0,16.8846431378076,0.0592246738975235,0.0592246738975235,0.0592246738975235,0.0580511049145327
142.027144302285,0,0.0480428181832702,0,142.027144302285,0.0480428181832702,0.0480428181832702,0.0480428181832702,0.0151652887885014
10.8384906759069,0,-0.00221059163205814,0,10.8384906759069,-0.00221059163205814,-0.00221059163205814,-0.00221059163205814,0.0251376149245104
5.36034284274372,0,0.0126214961722838,0,5.36034284274372,0.0126214961722838,0.0126214961722838,0.0126214961722838,0.0439400124984659
14.6925462604222,0,-0.00458452472707301,0,14.6925462604222,-0.00458452472707301,-0.00458452472707301,-0.00458452472707301,0.0444254697733256
10.1224985979203,0,0.0586251020164886,0,10.1224985979203,0.0586251020164886,0.0586251020164886,0.0586251020164886,0.0539536891600329
11.0161041029769,0,-0.0031766917676102,0,11.0161041029769,-0.0031766917676102,-0.0031766917676102,-0.0031766917676102,0.0522005254908412
12.612078023469,0,-0.0597088928688878,0,12.612078023469,-0.0597088928688878,-0.0597088928688878,-0.0597088928688878,0.0322576765582896
27.9381463268887,0,-0.0196646199066465,0,27.9381463268887,-0.0196646199066465,-0.0196646199066465,-0.0196646199066465,0.0266030945529787
28.4056044215739,0,-0.0234835133541325,0,28.4056044215739,-0.0234835133541325,-0.0234835133541325,-0.0234835133541325,0.0460235649191708
13.4368696617468,0,0.0535402362440232,0,13.4368696617468,0.0535402362440232,0.0535402362440232,0.0535402362440232,0.0282079903838013
14.3373106913918,0,-0.0165868652445846,0,14.3373106913918,-0.0165868652445846,-0.0165868652445846,-0.0165868652445846,0.0475684856482902
25.9320346135502,0,-0.0232712391594247,0,25.9320346135502,-0.0232712391594247,-0.0232712391594247,-0.0232712391594247,0.0300519735078187
NA,NA,NA,NA,NA,NA,NA,NA,NA
3.48138260502119,0,-0.0431716232209931,0,3.48138260502119,-0.0431716232209931,-0.0431716232209931,-0.0431716232209931,0.0321818721032191
5.59197431763262,0,-0.0578220526680145,0,5.59197431763262,-0.0578220526680145,-0.0578220526680145,-0.0578220526680145,0.0290843221745671
7.10118523761685,0,-0.0285278978712163,0,7.10118523761685,-0.0285278978712163,-0.0285278978712163,-0.0285278978712163,0.0595492352872805
8.39406695268219,0,0.0167837864563465,0,8.39406695268219,0.0167837864563465,0.0167837864563465,0.0167837864563465,0.0322473662392579
6.68163411954067,0,0.0399525800720857,0,6.68163411954067,0.0399525800720857,0.0399525800720857,0.0399525800720857,0.0632642521725607
10.9419857642508,0,-0.0876235523401562,0,10.9419857642508,-0.0876235523401562,-0.0876235523401562,-0.0876235523401562,0.0336377588977628
9.567453602661,0,-0.0130573193727359,0,9.567453602661,-0.0130573193727359,-0.0130573193727359,-0.0130573193727359,0.0264340771076804
9.56764954052794,0,-0.00578932875863998,0,9.56764954052794,-0.00578932875863998,-0.00578932875863998,-0.00578932875863998,0.0288617279537588
9.58796747981615,0,0.00725905880614161,0,9.58796747981615,0.00725905880614161,0.00725905880614161,0.00725905880614161,0.0422687684348916
10.3415882006709,0,-0.0979591311963027,0,10.3415882006709,-0.0979591311963027,-0.0979591311963027,-0.0979591311963027,0.0379022425227411
9.03381024943225,0,-0.0258591277728825,0,9.03381024943225,-0.0258591277728825,-0.0258591277728825,-0.0258591277728825,0.0210013285642308
7.292171244769,0,0.0214216184583366,0,7.292171244769,0.0214216184583366,0.0214216184583366,0.0214216184583366,0.00787016036700002
10.6567948708008,0,0.0203455428827325,0,10.6567948708008,0.0203455428827325,0.0203455428827325,0.0203455428827325,0.0367174068081082
15.83958844307,0,0.0399832495665445,0,15.83958844307,0.0399832495665445,0.0399832495665445,0.0399832495665445,0.0130470310288665
17.7014293147066,0,0.0234372077444364,0,17.7014293147066,0.0234372077444364,0.0234372077444364,0.0234372077444364,0.0323786122878216
18.1343346159182,0,-0.039038202552074,0,18.1343346159182,-0.039038202552074,-0.039038202552074,-0.039038202552074,0.0164122723756369
13.5036026382197,0,0.0260526179813793,0,13.5036026382197,0.0260526179813793,0.0260526179813793,0.0260526179813793,0.0175137052055195
13.9836050997556,0,-0.0596374353307077,0,13.9836050997556,-0.0596374353307077,-0.0596374353307077,-0.0596374353307077,0.0260159424457815
11.3110693140974,0,0.00982781565554414,0,11.3110693140974,0.00982781565554414,0.00982781565554414,0.00982781565554414,0.0152975413868066
20.6083384757102,0,-0.0196913974375486,0,20.6083384757102,-0.0196913974375486,-0.0196913974375486,-0.0196913974375486,0.0564075951702511
12.3671082351961,0,0.0210231372322994,0,12.3671082351961,0.0210231372322994,0.0210231372322994,0.0210231372322994,0.0160828742749283
12.3654554745313,0,-0.0686880413546458,0,12.3654554745313,-0.0686880413546458,-0.0686880413546458,-0.0686880413546458,0.0513325050706189
19.2556223171704,0,0.0285945738844167,0,19.2556223171704,0.0285945738844167,0.0285945738844167,0.0285945738844167,0.0139726523520546
34.7312424253189,0,0.00360906084633839,0,34.7312424253189,0.00360906084633839,0.00360906084633839,0.00360906084633839,0.017575833019559
54.7209102152747,0,0.0196726221291343,0,54.7209102152747,0.0196726221291343,0.0196726221291343,0.0196726221291343,0.0109274670854921
9.76552332936977,0,0.00564706861610557,0,9.76552332936977,0.00564706861610557,0.00564706861610557,0.00564706861610557,0.022210163633412
8.22166390729103,0,0.0200227074138689,0,8.22166390729103,0.0200227074138689,0.0200227074138689,0.0200227074138689,0.0889316774406693
9.93767446410684,0,-0.0799049140762041,0,9.93767446410684,-0.0799049140762041,-0.0799049140762041,-0.0799049140762041,0.101288434497172
7.36539602284415,0,-0.0247872150245361,0,7.36539602284415,-0.0247872150245361,-0.0247872150245361,-0.0247872150245361,0.114121672795408
9.34902839864339,0,-0.0319037471830898,0,9.34902839864339,-0.0319037471830898,-0.0319037471830898,-0.0319037471830898,0.0353702402159913
12.5616640281909,0,0.00441577973083164,0,12.5616640281909,0.00441577973083164,0.00441577973083164,0.00441577973083164,0.0138459086615911
9.90269087384876,0,-0.0238997733934269,0,9.90269087384876,-0.0238997733934269,-0.0238997733934269,-0.0238997733934269,0.140365006537693
10.8363107906744,0,-0.028098390818107,0,10.8363107906744,-0.028098390818107,-0.028098390818107,-0.028098390818107,0.071926050301895
11.7003583105711,0,-0.00186774348468509,0,11.7003583105711,-0.00186774348468509,-0.00186774348468509,-0.00186774348468509,0.00589871207554302
14.1717804897526,0,0.027255899623745,0,14.1717804897526,0.027255899623745,0.027255899623745,0.027255899623745,0.0438772018708798
11.3171115233183,0,-0.0301299566297987,0,11.3171115233183,-0.0301299566297987,-0.0301299566297987,-0.0301299566297987,0.0549217163119364
12.491172371433,0,0.00616174807970621,0,12.491172371433,0.00616174807970621,0.00616174807970621,0.00616174807970621,0.0405245193389735
15.2952591478408,0,-0.0301074875319639,0,15.2952591478408,-0.0301074875319639,-0.0301074875319639,-0.0301074875319639,0.0413728621057451
23.3384346785706,0,0.0173424537425691,0,23.3384346785706,0.0173424537425691,0.0173424537425691,0.0173424537425691,0.0189266195413323
21.0471310356801,0,0.0617673658141888,0,21.0471310356801,0.0617673658141888,0.0617673658141888,0.0617673658141888,0.047052745863464
16.8846431378076,0,0.0592246738975235,0,16.8846431378076,0.0592246738975235,0.0592246738975235,0.0592246738975235,0.0580511049145327
142.027144302285,0,0.0480428181832702,0,142.027144302285,0.0480428181832702,0.0480428181832702,0.0480428181832702,0.0151652887885014
10.8384906759069,0,-0.00221059163205814,0,10.8384906759069,-0.00221059163205814,-0.00221059163205814,-0.00221059163205814,0.0251376149245104
5.36034284274372,0,0.0126214961722838,0,5.36034284274372,0.0126214961722838,0.0126214961722838,0.0126214961722838,0.0439400124984659
14.6925462604222,0,-0.00458452472707301,0,14.6925462604222,-0.00458452472707301,-0.00458452472707301,-0.00458452472707301,0.0444254697733256
10.1224985979203,0,0.0586251020164886,0,10.1224985979203,0.0586251020164886,0.0586251020164886,0.0586251020164886,0.0539536891600329
11.0161041029769,0,-0.0031766917676102,0,11.0161041029769,-0.0031766917676102,-0.0031766917676102,-0.0031766917676102,0.0522005254908412
12.612078023469,0,-0.0597088928688878,0,12.612078023469,-0.0597088928688878,-0.0597088928688878,-0.0597088928688878,0.0322576765582896
27.9381463268887,0,-0.0196646199066465,0,27.9381463268887,-0.0196646199066465,-0.0196646199066465,-0.0196646199066465,0.0266030945529787
28.4056044215739,0,-0.0234835133541325,0,28.4056044215739,-0.0234835133541325,-0.0234835133541325,-0.0234835133541325,0.0460235649191708
13.4368696617468,0,0.0535402362440232,0,13.4368696617468,0.0535402362440232,0.0535402362440232,0.0535402362440232,0.0282079903838013
14.3373106913918,0,-0.0165868652445846,0,14.3373106913918,-0.0165868652445846,-0.0165868652445846,-0.0165868652445846,0.0475684856482902
25.9320346135502,0,-0.0232712391594247,0,25.9320346135502,-0.0232712391594247,-0.0232712391594247,-0.0232712391594247,0.0300519735078187
NA,NA,NA,NA,NA,NA,NA,NA,NA
3.48138260502119,0,-0.0431716232209931,0,3.48138260502119,-0.0431716232209931,-0.0431716232209931,-0.0431716232209931,0.0321818721032191
5.59197431763262,0,-0.0578220526680145,0,5.59197431763262,-0.0578220526680145,-0.0578220526680145,-0.0578220526680145,0.0290843221745671
7.10118523761685,0,-0.0285278978712163,0,7.10118523761685,-0.0285278978712163,-0.0285278978712163,-0.0285278978712163,0.0595492352872805
8.39406695268219,0,0.0167837864563465,0,8.39406695268219,0.0167837864563465,0.0167837864563465,0.0167837864563465,0.0322473662392579
6.68163411954067,0,0.0399525800720857,0,6.68163411954067,0.0399525800720857,0.0399525800720857,0.0399525800720857,0.0632642521725607
10.9419857642508,0,-0.0876235523401562,0,10.9419857642508,-0.0876235523401562,-0.0876235523401562,-0.0876235523401562,0.0336377588977628
9.567453602661,0,-0.0130573193727359,0,9.567453602661,-0.0130573193727359,-0.0130573193727359,-0.0130573193727359,0.0264340771076804
9.56764954052794,0,-0.00578932875863998,0,9.56764954052794,-0.00578932875863998,-0.00578932875863998,-0.00578932875863998,0.0288617279537588
9.58796747981615,0,0.00725905880614161,0,9.58796747981615,0.00725905880614161,0.00725905880614161,0.00725905880614161,0.0422687684348916
10.3415882006709,0,-0.0979591311963027,0,10.3415882006709,-0.0979591311963027,-0.0979591311963027,-0.0979591311963027,0.0379022425227411
9.03381024943225,0,-0.0258591277728825,0,9.03381024943225,-0.0258591277728825,-0.0258591277728825,-0.0258591277728825,0.0210013285642308
7.292171244769,0,0.0214216184583366,0,7.292171244769,0.0214216184583366,0.0214216184583366,0.0214216184583366,0.00787016036700002
10.6567948708008,0,0.0203455428827325,0,10.6567948708008,0.0203455428827325,0.0203455428827325,0.0203455428827325,0.0367174068081082
15.83958844307,0,0.0399832495665445,0,15.83958844307,0.0399832495665445,0.0399832495665445,0.0399832495665445,0.0130470310288665
17.7014293147066,0,0.0234372077444364,0,17.7014293147066,0.0234372077444364,0.0234372077444364,0.0234372077444364,0.0323786122878216
18.1343346159182,0,-0.039038202552074,0,18.1343346159182,-0.039038202552074,-0.039038202552074,-0.039038202552074,0.0164122723756369
13.5036026382197,0,0.0260526179813793,0,13.5036026382197,0.0260526179813793,0.0260526179813793,0.0260526179813793,0.0175137052055195
13.9836050997556,0,-0.0596374353307077,0,13.9836050997556,-0.0596374353307077,-0.0596374353307077,-0.0596374353307077,0.0260159424457815
11.3110693140974,0,0.00982781565554414,0,11.3110693140974,0.00982781565554414,0.00982781565554414,0.00982781565554414,0.0152975413868066
20.6083384757102,0,-0.0196913974375486,0,20.6083384757102,-0.0196913974375486,-0.0196913974375486,-0.0196913974375486,0.0564075951702511
12.3671082351961,0,0.0210231372322994,0,12.3671082351961,0.0210231372322994,0.0210231372322994,0.0210231372322994,0.0160828742749283
12.3654554745313,0,-0.0686880413546458,0,12.3654554745313,-0.0686880413546458,-0.0686880413546458,-0.0686880413546458,0.0513325050706189
19.2556223171704,0,0.0285945738844167,0,19.2556223171704,0.0285945738844167,0.0285945738844167,0.0285945738844167,0.0139726523520546
34.7312424253189,0,0.00360906084633839,0,34.7312424253189,0.00360906084633839,0.00360906084633839,0.00360906084633839,0.017575833019559
54.7209102152747,0,0.0196726221291343,0,54.7209102152747,0.0196726221291343,0.0196726221291343,0.0196726221291343,0.0109274670854921
9.76552332936977,0,0.00564706861610557,0,9.76552332936977,0.00564706861610557,0.00564706861610557,0.00564706861610557,0.022210163633412
8.22166390729103,0,0.0200227074138689,0,8.22166390729103,0.0200227074138689,0.0200227074138689,0.0200227074138689,0.0889316774406693
9.93767446410684,0,-0.0799049140762041,0,9.93767446410684,-0.0799049140762041,-0.0799049140762041,-0.0799049140762041,0.101288434497172
7.36539602284415,0,-0.0247872150245361,0,7.36539602284415,-0.0247872150245361,-0.0247872150245361,-0.0247872150245361,0.114121672795408
9.34902839864339,0,-0.0319037471830898,0,9.34902839864339,-0.0319037471830898,-0.0319037471830898,-0.0319037471830898,0.0353702402159913
12.5616640281909,0,0.00441577973083164,0,12.5616640281909,0.00441577973083164,0.00441577973083164,0.00441577973083164,0.0138459086615911
9.90269087384876,0,-0.0238997733934269,0,9.90269087384876,-0.0238997733934269,-0.0238997733934269,-0.0238997733934269,0.140365006537693
10.8363107906744,0,-0.028098390818107,0,10.8363107906744,-0.028098390818107,-0.028098390818107,-0.028098390818107,0.071926050301895
11.7003583105711,0,-0.00186774348468509,0,11.7003583105711,-0.00186774348468509,-0.00186774348468509,-0.00186774348468509,0.00589871207554302
14.1717804897526,0,0.027255899623745,0,14.1717804897526,0.027255899623745,0.027255899623745,0.027255899623745,0.0438772018708798
11.3171115233183,0,-0.0301299566297987,0,11.3171115233183,-0.0301299566297987,-0.0301299566297987,-0.0301299566297987,0.0549217163119364
12.491172371433,0,0.00616174807970621,0,12.491172371433,0.00616174807970621,0.00616174807970621,0.00616174807970621,0.0405245193389735
15.2952591478408,0,-0.0301074875319639,0,15.2952591478408,-0.0301074875319639,-0.0301074875319639,-0.0301074875319639,0.0413728621057451
23.3384346785706,0,0.0173424537425691,0,23.3384346785706,0.0173424537425691,0.0173424537425691,0.0173424537425691,0.0189266195413323
21.0471310356801,0,0.0617673658141888,0,21.0471310356801,0.0617673658141888,0.0617673658141888,0.0617673658141888,0.047052745863464
16.8846431378076,0,0.0592246738975235,0,16.8846431378076,0.0592246738975235,0.0592246738975235,0.0592246738975235,0.0580511049145327
142.027144302285,0,0.0480428181832702,0,142.027144302285,0.0480428181832702,0.0480428181832702,0.0480428181832702,0.0151652887885014
10.8384906759069,0,-0.00221059163205814,0,10.8384906759069,-0.00221059163205814,-0.00221059163205814,-0.00221059163205814,0.0251376149245104
5.36034284274372,0,0.0126214961722838,0,5.36034284274372,0.0126214961722838,0.0126214961722838,0.0126214961722838,0.0439400124984659
14.6925462604222,0,-0.00458452472707301,0,14.6925462604222,-0.00458452472707301,-0.00458452472707301,-0.00458452472707301,0.0444254697733256
10.1224985979203,0,0.0586251020164886,0,10.1224985979203,0.0586251020164886,0.0586251020164886,0.0586251020164886,0.0539536891600329
11.0161041029769,0,-0.0031766917676102,0,11.0161041029769,-0.0031766917676102,-0.0031766917676102,-0.0031766917676102,0.0522005254908412
12.612078023469,0,-0.0597088928688878,0,12.612078023469,-0.0597088928688878,-0.0597088928688878,-0.0597088928688878,0.0322576765582896
27.9381463268887,0,-0.0196646199066465,0,27.9381463268887,-0.0196646199066465,-0.0196646199066465,-0.0196646199066465,0.0266030945529787
28.4056044215739,0,-0.0234835133541325,0,28.4056044215739,-0.0234835133541325,-0.0234835133541325,-0.0234835133541325,0.0460235649191708
13.4368696617468,0,0.0535402362440232,0,13.4368696617468,0.0535402362440232,0.0535402362440232,0.0535402362440232,0.0282079903838013
14.3373106913918,0,-0.0165868652445846,0,14.3373106913918,-0.0165868652445846,-0.0165868652445846,-0.0165868652445846,0.0475684856482902
25.9320346135502,0,-0.0232712391594247,0,25.9320346135502,-0.0232712391594247,-0.0232712391594247,-0.0232712391594247,0.0300519735078187
NA,NA,NA,NA,NA,NA,NA,NA,NA
3.48138260502119,0,-0.0431716232209931,0,3.48138260502119,-0.0431716232209931,-0.0431716232209931,-0.0431716232209931,0.0321818721032191
5.59197431763262,0,-0.0578220526680145,0,5.59197431763262,-0.0578220526680145,-0.0578220526680145,-0.0578220526680145,0.0290843221745671
7.10118523761685,0,-0.0285278978712163,0,7.10118523761685,-0.0285278978712163,-0.0285278978712163,-0.0285278978712163,0.0595492352872805
8.39406695268219,0,0.0167837864563465,0,8.39406695268219,0.0167837864563465,0.0167837864563465,0.0167837864563465,0.0322473662392579
6.68163411954067,0,0.0399525800720857,0,6.68163411954067,0.0399525800720857,0.0399525800720857,0.0399525800720857,0.0632642521725607
10.9419857642508,0,-0.0876235523401562,0,10.9419857642508,-0.0876235523401562,-0.0876235523401562,-0.0876235523401562,0.0336377588977628
9.567453602661,0,-0.0130573193727359,0,9.567453602661,-0.0130573193727359,-0.0130573193727359,-0.0130573193727359,0.0264340771076804
9.56764954052794,0,-0.00578932875863998,0,9.56764954052794,-0.00578932875863998,-0.00578932875863998,-0.00578932875863998,0.0288617279537588
9.58796747981615,0,0.00725905880614161,0,9.58796747981615,0.00725905880614161,0.00725905880614161,0.00725905880614161,0.0422687684348916
10.3415882006709,0,-0.0979591311963027,0,10.3415882006709,-0.0979591311963027,-0.0979591311963027,-0.0979591311963027,0.0379022425227411
9.03381024943225,0,-0.0258591277728825,0,9.03381024943225,-0.0258591277728825,-0.0258591277728825,-0.0258591277728825,0.0210013285642308
7.292171244769,0,0.0214216184583366,0,7.292171244769,0.0214216184583366,0.0214216184583366,0.0214216184583366,0.00787016036700002
10.6567948708008,0,0.0203455428827325,0,10.6567948708008,0.0203455428827325,0.0203455428827325,0.0203455428827325,0.0367174068081082
15.83958844307,0,0.0399832495665445,0,15.83958844307,0.0399832495665445,0.0399832495665445,0.0399832495665445,0.0130470310288665
17.7014293147066,0,0.0234372077444364,0,17.7014293147066,0.0234372077444364,0.0234372077444364,0.0234372077444364,0.0323786122878216
18.5230702558348,0,-0.00995709768556392,0,18.5230702558348,-0.00995709768556392,-0.00995709768556392,-0.00995709768556392,0.0596686324209322
13.5036026382197,0,0.0260526179813793,0,13.5036026382197,0.0260526179813793,0.0260526179813793,0.0260526179813793,0.0175137052055195
13.9836050997556,0,-0.0596374353307077,0,13.9836050997556,-0.0596374353307077,-0.0596374353307077,-0.0596374353307077,0.0260159424457815
11.3110693140974,0,0.00982781565554414,0,11.3110693140974,0.00982781565554414,0.00982781565554414,0.00982781565554414,0.0152975413868066
20.6083384757102,0,-0.0196913974375486,0,20.6083384757102,-0.0196913974375486,-0.0196913974375486,-0.0196913974375486,0.0564075951702511
12.3671082351961,0,0.0210231372322994,0,12.3671082351961,0.0210231372322994,0.0210231372322994,0.0210231372322994,0.0160828742749283
12.3654554745313,0,-0.0686880413546458,0,12.3654554745313,-0.0686880413546458,-0.0686880413546458,-0.0686880413546458,0.0513325050706189
19.2556223171704,0,0.0285945738844167,0,19.2556223171704,0.0285945738844167,0.0285945738844167,0.0285945738844167,0.0139726523520546
34.7312424253189,0,0.00360906084633839,0,34.7312424253189,0.00360906084633839,0.00360906084633839,0.00360906084633839,0.017575833019559
54.7209102152747,0,0.0196726221291343,0,54.7209102152747,0.0196726221291343,0.0196726221291343,0.0196726221291343,0.0109274670854921
9.76552332936977,0,0.00564706861610557,0,9.76552332936977,0.00564706861610557,0.00564706861610557,0.00564706861610557,0.022210163633412
8.22166390729103,0,0.0200227074138689,0,8.22166390729103,0.0200227074138689,0.0200227074138689,0.0200227074138689,0.0889316774406693
9.93767446410684,0,-0.0799049140762041,0,9.93767446410684,-0.0799049140762041,-0.0799049140762041,-0.0799049140762041,0.101288434497172
7.36539602284415,0,-0.0247872150245361,0,7.36539602284415,-0.0247872150245361,-0.0247872150245361,-0.0247872150245361,0.114121672795408
9.34902839864339,0,-0.0319037471830898,0,9.34902839864339,-0.0319037471830898,-0.0319037471830898,-0.0319037471830898,0.0353702402159913
12.5616640281909,0,0.00441577973083164,0,12.5616640281909,0.00441577973083164,0.00441577973083164,0.00441577973083164,0.0138459086615911
9.90269087384876,0,-0.0238997733934269,0,9.90269087384876,-0.0238997733934269,-0.0238997733934269,-0.0238997733934269,0.140365006537693
10.8363107906744,0,-0.028098390818107,0,10.8363107906744,-0.028098390818107,-0.028098390818107,-0.028098390818107,0.071926050301895
11.7003583105711,0,-0.00186774348468509,0,11.7003583105711,-0.00186774348468509,-0.00186774348468509,-0.00186774348468509,0.00589871207554302
14.1717804897526,0,0.027255899623745,0,14.1717804897526,0.027255899623745,0.027255899623745,0.027255899623745,0.0438772018708798
11.3171115233183,0,-0.0301299566297987,0,11.3171115233183,-0.0301299566297987,-0.0301299566297987,-0.0301299566297987,0.0549217163119364
12.491172371433,0,0.00616174807970621,0,12.491172371433,0.00616174807970621,0.00616174807970621,0.00616174807970621,0.0405245193389735
15.2952591478408,0,-0.0301074875319639,0,15.2952591478408,-0.0301074875319639,-0.0301074875319639,-0.0301074875319639,0.0413728621057451
23.3384346785706,0,0.0173424537425691,0,23.3384346785706,0.0173424537425691,0.0173424537425691,0.0173424537425691,0.0189266195413323
21.0471310356801,0,0.0617673658141888,0,21.0471310356801,0.0617673658141888,0.0617673658141888,0.0617673658141888,0.047052745863464
16.8846431378076,0,0.0592246738975235,0,16.8846431378076,0.0592246738975235,0.0592246738975235,0.0592246738975235,0.0580511049145327
142.027144302285,0,0.0480428181832702,0,142.027144302285,0.0480428181832702,0.0480428181832702,0.0480428181832702,0.0151652887885014
10.8384906759069,0,-0.00221059163205814,0,10.8384906759069,-0.00221059163205814,-0.00221059163205814,-0.00221059163205814,0.0251376149245104
5.36034284274372,0,0.0126214961722838,0,5.36034284274372,0.0126214961722838,0.0126214961722838,0.0126214961722838,0.0439400124984659
14.6925462604222,0,-0.00458452472707301,0,14.6925462604222,-0.00458452472707301,-0.00458452472707301,-0.00458452472707301,0.0444254697733256
10.1224985979203,0,0.0586251020164886,0,10.1224985979203,0.0586251020164886,0.0586251020164886,0.0586251020164886,0.0539536891600329
11.0161041029769,0,-0.0031766917676102,0,11.0161041029769,-0.0031766917676102,-0.0031766917676102,-0.0031766917676102,0.0522005254908412
12.612078023469,0,-0.0597088928688878,0,12.612078023469,-0.0597088928688878,-0.0597088928688878,-0.0597088928688878,0.0322576765582896
27.9381463268887,0,-0.0196646199066465,0,27.9381463268887,-0.0196646199066465,-0.0196646199066465,-0.0196646199066465,0.0266030945529787
28.4056044215739,0,-0.0234835133541325,0,28.4056044215739,-0.0234835133541325,-0.0234835133541325,-0.0234835133541325,0.0460235649191708
13.4368696617468,0,0.0535402362440232,0,13.4368696617468,0.0535402362440232,0.0535402362440232,0.0535402362440232,0.0282079903838013
14.3373106913918,0,-0.0165868652445846,0,14.3373106913918,-0.0165868652445846,-0.0165868652445846,-0.0165868652445846,0.0475684856482902
25.9320346135502,0,-0.0232712391594247,0,25.9320346135502,-0.0232712391594247,-0.0232712391594247,-0.0232712391594247,0.0300519735078187
NA,NA,NA,NA,NA,NA,NA,NA,NA
3.48138260502119,0,-0.0431716232209931,0,3.48138260502119,-0.0431716232209931,-0.0431716232209931,-0.0431716232209931,0.0321818721032191
5.59197431763262,0,-0.0578220526680145,0,5.59197431763262,-0.0578220526680145,-0.0578220526680145,-0.0578220526680145,0.0290843221745671
7.10118523761685,0,-0.0285278978712163,0,7.10118523761685,-0.0285278978712163,-0.0285278978712163,-0.0285278978712163,0.0595492352872805
8.39406695268219,0,0.0167837864563465,0,8.39406695268219,0.0167837864563465,0.0167837864563465,0.0167837864563465,0.0322473662392579
6.68163411954067,0,0.0399525800720857,0,6.68163411954067,0.0399525800720857,0.0399525800720857,0.0399525800720857,0.0632642521725607
10.9419857642508,0,-0.0876235523401562,0,10.9419857642508,-0.0876235523401562,-0.0876235523401562,-0.0876235523401562,0.0336377588977628
9.567453602661,0,-0.0130573193727359,0,9.567453602661,-0.0130573193727359,-0.0130573193727359,-0.0130573193727359,0.0264340771076804
9.56764954052794,0,-0.00578932875863998,0,9.56764954052794,-0.00578932875863998,-0.00578932875863998,-0.00578932875863998,0.0288617279537588
9.58796747981615,0,0.00725905880614161,0,9.58796747981615,0.00725905880614161,0.00725905880614161,0.00725905880614161,0.0422687684348916
10.3415882006709,0,-0.0979591311963027,0,10.3415882006709,-0.0979591311963027,-0.0979591311963027,-0.0979591311963027,0.0379022425227411
9.03381024943225,0,-0.0258591277728825,0,9.03381024943225,-0.0258591277728825,-0.0258591277728825,-0.0258591277728825,0.0210013285642308
7.292171244769,0,0.0214216184583366,0,7.292171244769,0.0214216184583366,0.0214216184583366,0.0214216184583366,0.00787016036700002
10.6567948708008,0,0.0203455428827325,0,10.6567948708008,0.0203455428827325,0.0203455428827325,0.0203455428827325,0.0367174068081082
15.83958844307,0,0.0399832495665445,0,15.83958844307,0.0399832495665445,0.0399832495665445,0.0399832495665445,0.0130470310288665
17.7014293147066,0,0.0234372077444364,0,17.7014293147066,0.0234372077444364,0.0234372077444364,0.0234372077444364,0.0323786122878216
18.5230702558348,0,-0.00995709768556392,0,18.5230702558348,-0.00995709768556392,-0.00995709768556392,-0.00995709768556392,0.0596686324209322
13.5036026382197,0,0.0260526179813793,0,13.5036026382197,0.0260526179813793,0.0260526179813793,0.0260526179813793,0.0175137052055195
13.9836050997556,0,-0.0596374353307077,0,13.9836050997556,-0.0596374353307077,-0.0596374353307077,-0.0596374353307077,0.0260159424457815
11.3110693140974,0,0.00982781565554414,0,11.3110693140974,0.00982781565554414,0.00982781565554414,0.00982781565554414,0.0152975413868066
20.6083384757102,0,-0.0196913974375486,0,20.6083384757102,-0.0196913974375486,-0.0196913974375486,-0.0196913974375486,0.0564075951702511
12.3671082351961,0,0.0210231372322994,0,12.3671082351961,0.0210231372322994,0.0210231372322994,0.0210231372322994,0.0160828742749283
12.3654554745313,0,-0.0686880413546458,0,12.3654554745313,-0.0686880413546458,-0.0686880413546458,-0.0686880413546458,0.0513325050706189
19.2556223171704,0,0.0285945738844167,0,19.2556223171704,0.0285945738844167,0.0285945738844167,0.0285945738844167,0.0139726523520546
34.7312424253189,0,0.00360906084633839,0,34.7312424253189,0.00360906084633839,0.00360906084633839,0.00360906084633839,0.017575833019559
54.7209102152747,0,0.0196726221291343,0,54.7209102152747,0.0196726221291343,0.0196726221291343,0.0196726221291343,0.0109274670854921
9.76552332936977,0,0.00564706861610557,0,9.76552332936977,0.00564706861610557,0.00564706861610557,0.00564706861610557,0.022210163633412
8.22166390729103,0,0.0200227074138689,0,8.22166390729103,0.0200227074138689,0.0200227074138689,0.0200227074138689,0.0889316774406693
9.93767446410684,0,-0.0799049140762041,0,9.93767446410684,-0.0799049140762041,-0.0799049140762041,-0.0799049140762041,0.101288434497172
7.36539602284415,0,-0.0247872150245361,0,7.36539602284415,-0.0247872150245361,-0.0247872150245361,-0.0247872150245361,0.114121672795408
9.34902839864339,0,-0.0319037471830898,0,9.34902839864339,-0.0319037471830898,-0.0319037471830898,-0.0319037471830898,0.0353702402159913
12.5616640281909,0,0.00441577973083164,0,12.5616640281909,0.00441577973083164,0.00441577973083164,0.00441577973083164,0.0138459086615911
9.90269087384876,0,-0.0238997733934269,0,9.90269087384876,-0.0238997733934269,-0.0238997733934269,-0.0238997733934269,0.140365006537693
10.8363107906744,0,-0.028098390818107,0,10.8363107906744,-0.028098390818107,-0.028098390818107,-0.028098390818107,0.071926050301895
11.7003583105711,0,-0.00186774348468509,0,11.7003583105711,-0.00186774348468509,-0.00186774348468509,-0.00186774348468509,0.00589871207554302
14.1717804897526,0,0.027255899623745,0,14.1717804897526,0.027255899623745,0.027255899623745,0.027255899623745,0.0438772018708798
11.3171115233183,0,-0.0301299566297987,0,11.3171115233183,-0.0301299566297987,-0.0301299566297987,-0.0301299566297987,0.0549217163119364
12.491172371433,0,0.00616174807970621,0,12.491172371433,0.00616174807970621,0.00616174807970621,0.00616174807970621,0.0405245193389735
15.2952591478408,0,-0.0301074875319639,0,15.2952591478408,-0.0301074875319639,-0.0301074875319639,-0.0301074875319639,0.0413728621057451
23.3384346785706,0,0.0173424537425691,0,23.3384346785706,0.0173424537425691,0.0173424537425691,0.0173424537425691,0.0189266195413323
21.0471310356801,0,0.0617673658141888,0,21.0471310356801,0.0617673658141888,0.0617673658141888,0.0617673658141888,0.047052745863464
16.8846431378076,0,0.0592246738975235,0,16.8846431378076,0.0592246738975235,0.0592246738975235,0.0592246738975235,0.0580511049145327
142.027144302285,0,0.0480428181832702,0,142.027144302285,0.0480428181832702,0.0480428181832702,0.0480428181832702,0.0151652887885014
10.8384906759069,0,-0.00221059163205814,0,10.8384906759069,-0.00221059163205814,-0.00221059163205814,-0.00221059163205814,0.0251376149245104
5.36034284274372,0,0.0126214961722838,0,5.36034284274372,0.0126214961722838,0.0126214961722838,0.0126214961722838,0.0439400124984659
14.6925462604222,0,-0.00458452472707301,0,14.6925462604222,-0.00458452472707301,-0.00458452472707301,-0.00458452472707301,0.0444254697733256
10.1224985979203,0,0.0586251020164886,0,10.1224985979203,0.0586251020164886,0.0586251020164886,0.0586251020164886,0.0539536891600329
11.0161041029769,0,-0.0031766917676102,0,11.0161041029769,-0.0031766917676102,-0.0031766917676102,-0.0031766917676102,0.0522005254908412
12.612078023469,0,-0.0597088928688878,0,12.612078023469,-0.0597088928688878,-0.0597088928688878,-0.0597088928688878,0.0322576765582896
27.9381463268887,0,-0.0196646199066465,0,27.9381463268887,-0.0196646199066465,-0.0196646199066465,-0.0196646199066465,0.0266030945529787
28.4056044215739,0,-0.0234835133541325,0,28.4056044215739,-0.0234835133541325,-0.0234835133541325,-0.0234835133541325,0.0460235649191708
13.4368696617468,0,0.0535402362440232,0,13.4368696617468,0.0535402362440232,0.0535402362440232,0.0535402362440232,0.0282079903838013
14.3373106913918,0,-0.0165868652445846,0,14.3373106913918,-0.0165868652445846,-0.0165868652445846,-0.0165868652445846,0.0475684856482902
25.9320346135502,0,-0.0232712391594247,0,25.9320346135502,-0.0232712391594247,-0.0232712391594247,-0.0232712391594247,0.0300519735078187
NA,NA,NA,NA,NA,NA,NA,NA,NA
3.48138260502119,0,-0.0431716232209931,0,3.48138260502119,-0.0431716232209931,-0.0431716232209931,-0.0431716232209931,0.0321818721032191
5.59197431763262,0,-0.0578220526680145,0,5.59197431763262,-0.0578220526680145,-0.0578220526680145,-0.0578220526680145,0.0290843221745671
7.10118523761685,0,-0.0285278978712163,0,7.10118523761685,-0.0285278978712163,-0.0285278978712163,-0.0285278978712163,0.0595492352872805
8.39406695268219,0,0.0167837864563465,0,8.39406695268219,0.0167837864563465,0.0167837864563465,0.0167837864563465,0.0322473662392579
6.68163411954067,0,0.0399525800720857,0,6.68163411954067,0.0399525800720857,0.0399525800720857,0.0399525800720857,0.0632642521725607
10.9419857642508,0,-0.0876235523401562,0,10.9419857642508,-0.0876235523401562,-0.0876235523401562,-0.0876235523401562,0.0336377588977628
9.567453602661,0,-0.0130573193727359,0,9.567453602661,-0.0130573193727359,-0.0130573193727359,-0.0130573193727359,0.0264340771076804
9.56764954052794,0,-0.00578932875863998,0,9.56764954052794,-0.00578932875863998,-0.00578932875863998,-0.00578932875863998,0.0288617279537588
9.58796747981615,0,0.00725905880614161,0,9.58796747981615,0.00725905880614161,0.00725905880614161,0.00725905880614161,0.0422687684348916
10.3415882006709,0,-0.0979591311963027,0,10.3415882006709,-0.0979591311963027,-0.0979591311963027,-0.0979591311963027,0.0379022425227411
9.03381024943225,0,-0.0258591277728825,0,9.03381024943225,-0.0258591277728825,-0.0258591277728825,-0.0258591277728825,0.0210013285642308
7.292171244769,0,0.0214216184583366,0,7.292171244769,0.0214216184583366,0.0214216184583366,0.0214216184583366,0.00787016036700002
10.6567948708008,0,0.0203455428827325,0,10.6567948708008,0.0203455428827325,0.0203455428827325,0.0203455428827325,0.0367174068081082
15.83958844307,0,0.0399832495665445,0,15.83958844307,0.0399832495665445,0.0399832495665445,0.0399832495665445,0.0130470310288665
17.7014293147066,0,0.0234372077444364,0,17.7014293147066,0.0234372077444364,0.0234372077444364,0.0234372077444364,0.0323786122878216
18.5230702558348,0,-0.00995709768556392,0,18.5230702558348,-0.00995709768556392,-0.00995709768556392,-0.00995709768556392,0.0596686324209322
13.5036026382197,0,0.0260526179813793,0,13.5036026382197,0.0260526179813793,0.0260526179813793,0.0260526179813793,0.0175137052055195
13.9836050997556,0,-0.0596374353307077,0,13.9836050997556,-0.0596374353307077,-0.0596374353307077,-0.0596374353307077,0.0260159424457815
11.3110693140974,0,0.00982781565554414,0,11.3110693140974,0.00982781565554414,0.00982781565554414,0.00982781565554414,0.0152975413868066
20.6083384757102,0,-0.0196913974375486,0,20.6083384757102,-0.0196913974375486,-0.0196913974375486,-0.0196913974375486,0.0564075951702511
12.3671082351961,0,0.0210231372322994,0,12.3671082351961,0.0210231372322994,0.0210231372322994,0.0210231372322994,0.0160828742749283
12.3654554745313,0,-0.0686880413546458,0,12.3654554745313,-0.0686880413546458,-0.0686880413546458,-0.0686880413546458,0.0513325050706189
19.2556223171704,0,0.0285945738844167,0,19.2556223171704,0.0285945738844167,0.0285945738844167,0.0285945738844167,0.0139726523520546
34.7312424253189,0,0.00360906084633839,0,34.7312424253189,0.00360906084633839,0.00360906084633839,0.00360906084633839,0.017575833019559
54.7209102152747,0,0.0196726221291343,0,54.7209102152747,0.0196726221291343,0.0196726221291343,0.0196726221291343,0.0109274670854921
9.76552332936977,0,0.00564706861610557,0,9.76552332936977,0.00564706861610557,0.00564706861610557,0.00564706861610557,0.022210163633412
8.22166390729103,0,0.0200227074138689,0,8.22166390729103,0.0200227074138689,0.0200227074138689,0.0200227074138689,0.0889316774406693
9.93767446410684,0,-0.0799049140762041,0,9.93767446410684,-0.0799049140762041,-0.0799049140762041,-0.0799049140762041,0.101288434497172
7.36539602284415,0,-0.0247872150245361,0,7.36539602284415,-0.0247872150245361,-0.0247872150245361,-0.0247872150245361,0.114121672795408
9.34902839864339,0,-0.0319037471830898,0,9.34902839864339,-0.0319037471830898,-0.0319037471830898,-0.0319037471830898,0.0353702402159913
12.5616640281909,0,0.00441577973083164,0,12.5616640281909,0.00441577973083164,0.00441577973083164,0.00441577973083164,0.0138459086615911
9.90269087384876,0,-0.0238997733934269,0,9.90269087384876,-0.0238997733934269,-0.0238997733934269,-0.0238997733934269,0.140365006537693
10.8363107906744,0,-0.028098390818107,0,10.8363107906744,-0.028098390818107,-0.028098390818107,-0.028098390818107,0.071926050301895
11.7003583105711,0,-0.00186774348468509,0,11.7003583105711,-0.00186774348468509,-0.00186774348468509,-0.00186774348468509,0.00589871207554302
14.1717804897526,0,0.027255899623745,0,14.1717804897526,0.027255899623745,0.027255899623745,0.027255899623745,0.0438772018708798
11.3171115233183,0,-0.0301299566297987,0,11.3171115233183,-0.0301299566297987,-0.0301299566297987,-0.0301299566297987,0.0549217163119364
12.491172371433,0,0.00616174807970621,0,12.491172371433,0.00616174807970621,0.00616174807970621,0.00616174807970621,0.0405245193389735
15.2952591478408,0,-0.0301074875319639,0,15.2952591478408,-0.0301074875319639,-0.0301074875319639,-0.0301074875319639,0.0413728621057451
23.3384346785706,0,0.0173424537425691,0,23.3384346785706,0.0173424537425691,0.0173424537425691,0.0173424537425691,0.0189266195413323
21.0471310356801,0,0.0617673658141888,0,21.0471310356801,0.0617673658141888,0.0617673658141888,0.0617673658141888,0.047052745863464
16.8846431378076,0,0.0592246738975235,0,16.8846431378076,0.0592246738975235,0.0592246738975235,0.0592246738975235,0.0580511049145327
140.778871317907,0,0.0554812237912711,0,140.778871317907,0.0554812237912711,0.0554812237912711,0.0554812237912711,0.0428661394520242
10.8384906759069,0,-0.00221059163205814,0,10.8384906759069,-0.00221059163205814,-0.00221059163205814,-0.00221059163205814,0.0251376149245104
5.36034284274372,0,0.0126214961722838,0,5.36034284274372,0.0126214961722838,0.0126214961722838,0.0126214961722838,0.0439400124984659
14.6925462604222,0,-0.00458452472707301,0,14.6925462604222,-0.00458452472707301,-0.00458452472707301,-0.00458452472707301,0.0444254697733256
10.1224985979203,0,0.0586251020164886,0,10.1224985979203,0.0586251020164886,0.0586251020164886,0.0586251020164886,0.0539536891600329
11.0161041029769,0,-0.0031766917676102,0,11.0161041029769,-0.0031766917676102,-0.0031766917676102,-0.0031766917676102,0.0522005254908412
12.612078023469,0,-0.0597088928688878,0,12.612078023469,-0.0597088928688878,-0.0597088928688878,-0.0597088928688878,0.0322576765582896
27.9381463268887,0,-0.0196646199066465,0,27.9381463268887,-0.0196646199066465,-0.0196646199066465,-0.0196646199066465,0.0266030945529787
28.4056044215739,0,-0.0234835133541325,0,28.4056044215739,-0.0234835133541325,-0.0234835133541325,-0.0234835133541325,0.0460235649191708
13.4368696617468,0,0.0535402362440232,0,13.4368696617468,0.0535402362440232,0.0535402362440232,0.0535402362440232,0.0282079903838013
14.3373106913918,0,-0.0165868652445846,0,14.3373106913918,-0.0165868652445846,-0.0165868652445846,-0.0165868652445846,0.0475684856482902
25.9320346135502,0,-0.0232712391594247,0,25.9320346135502,-0.0232712391594247,-0.0232712391594247,-0.0232712391594247,0.0300519735078187
NA,NA,NA,NA,NA,NA,NA,NA,NA
3.48138260502119,0,-0.0431716232209931,0,3.48138260502119,-0.0431716232209931,-0.0431716232209931,-0.0431716232209931,0.0321818721032191
5.59197431763262,0,-0.0578220526680145,0,5.59197431763262,-0.0578220526680145,-0.0578220526680145,-0.0578220526680145,0.0290843221745671
7.10118523761685,0,-0.0285278978712163,0,7.10118523761685,-0.0285278978712163,-0.0285278978712163,-0.0285278978712163,0.0595492352872805
8.39406695268219,0,0.0167837864563465,0,8.39406695268219,0.0167837864563465,0.0167837864563465,0.0167837864563465,0.0322473662392579
6.68163411954067,0,0.0399525800720857,0,6.68163411954067,0.0399525800720857,0.0399525800720857,0.0399525800720857,0.0632642521725607
10.9419857642508,0,-0.0876235523401562,0,10.9419857642508,-0.0876235523401562,-0.0876235523401562,-0.0876235523401562,0.0336377588977628
9.567453602661,0,-0.0130573193727359,0,9.567453602661,-0.0130573193727359,-0.0130573193727359,-0.0130573193727359,0.0264340771076804
9.56764954052794,0,-0.00578932875863998,0,9.56764954052794,-0.00578932875863998,-0.00578932875863998,-0.00578932875863998,0.0288617279537588
9.58796747981615,0,0.00725905880614161,0,9.58796747981615,0.00725905880614161,0.00725905880614161,0.00725905880614161,0.0422687684348916
10.3415882006709,0,-0.0979591311963027,0,10.3415882006709,-0.0979591311963027,-0.0979591311963027,-0.0979591311963027,0.0379022425227411
9.03381024943225,0,-0.0258591277728825,0,9.03381024943225,-0.0258591277728825,-0.0258591277728825,-0.0258591277728825,0.0210013285642308
7.292171244769,0,0.0214216184583366,0,7.292171244769,0.0214216184583366,0.0214216184583366,0.0214216184583366,0.00787016036700002
10.6567948708008,0,0.0203455428827325,0,10.6567948708008,0.0203455428827325,0.0203455428827325,0.0203455428827325,0.0367174068081082
15.83958844307,0,0.0399832495665445,0,15.83958844307,0.0399832495665445,0.0399832495665445,0.0399832495665445,0.0130470310288665
17.7014293147066,0,0.0234372077444364,0,17.7014293147066,0.0234372077444364,0.0234372077444364,0.0234372077444364,0.0323786122878216
18.5230702558348,0,-0.00995709768556392,0,18.5230702558348,-0.00995709768556392,-0.00995709768556392,-0.00995709768556392,0.0596686324209322
13.5036026382197,0,0.0260526179813793,0,13.5036026382197,0.0260526179813793,0.0260526179813793,0.0260526179813793,0.0175137052055195
13.9836050997556,0,-0.0596374353307077,0,13.9836050997556,-0.0596374353307077,-0.0596374353307077,-0.0596374353307077,0.0260159424457815
11.3110693140974,0,0.00982781565554414,0,11.3110693140974,0.00982781565554414,0.00982781565554414,0.00982781565554414,0.0152975413868066
20.6083384757102,0,-0.0196913974375486,0,20.6083384757102,-0.0196913974375486,-0.0196913974375486,-0.0196913974375486,0.0564075951702511
12.3671082351961,0,0.0210231372322994,0,12.3671082351961,0.0210231372322994,0.0210231372322994,0.0210231372322994,0.0160828742749283
12.3654554745313,0,-0.0686880413546458,0,12.3654554745313,-0.0686880413546458,-0.0686880413546458,-0.0686880413546458,0.0513325050706189
19.2556223171704,0,0.0285945738844167,0,19.2556223171704,0.0285945738844167,0.0285945738844167,0.0285945738844167,0.0139726523520546
34.7312424253189,0,0.00360906084633839,0,34.7312424253189,0.00360906084633839,0.00360906084633839,0.00360906084633839,0.017575833019559
54.7209102152747,0,0.0196726221291343,0,54.7209102152747,0.0196726221291343,0.0196726221291343,0.0196726221291343,0.0109274670854921
9.76552332936977,0,0.00564706861610557,0,9.76552332936977,0.00564706861610557,0.00564706861610557,0.00564706861610557,0.022210163633412
8.22166390729103,0,0.0200227074138689,0,8.22166390729103,0.0200227074138689,0.0200227074138689,0.0200227074138689,0.0889316774406693
9.93767446410684,0,-0.0799049140762041,0,9.93767446410684,-0.0799049140762041,-0.0799049140762041,-0.0799049140762041,0.101288434497172
7.36539602284415,0,-0.0247872150245361,0,7.36539602284415,-0.0247872150245361,-0.0247872150245361,-0.0247872150245361,0.114121672795408
9.34902839864339,0,-0.0319037471830898,0,9.34902839864339,-0.0319037471830898,-0.0319037471830898,-0.0319037471830898,0.0353702402159913
12.5616640281909,0,0.00441577973083164,0,12.5616640281909,0.00441577973083164,0.00441577973083164,0.00441577973083164,0.0138459086615911
9.90269087384876,0,-0.0238997733934269,0,9.90269087384876,-0.0238997733934269,-0.0238997733934269,-0.0238997733934269,0.140365006537693
10.8363107906744,0,-0.028098390818107,0,10.8363107906744,-0.028098390818107,-0.028098390818107,-0.028098390818107,0.071926050301895
11.7003583105711,0,-0.00186774348468509,0,11.7003583105711,-0.00186774348468509,-0.00186774348468509,-0.00186774348468509,0.00589871207554302
14.1717804897526,0,0.027255899623745,0,14.1717804897526,0.027255899623745,0.027255899623745,0.027255899623745,0.0438772018708798
11.3171115233183,0,-0.0301299566297987,0,11.3171115233183,-0.0301299566297987,-0.0301299566297987,-0.0301299566297987,0.0549217163119364
12.491172371433,0,0.00616174807970621,0,12.491172371433,0.00616174807970621,0.00616174807970621,0.00616174807970621,0.0405245193389735
15.2952591478408,0,-0.0301074875319639,0,15.2952591478408,-0.0301074875319639,-0.0301074875319639,-0.0301074875319639,0.0413728621057451
23.3384346785706,0,0.0173424537425691,0,23.3384346785706,0.0173424537425691,0.0173424537425691,0.0173424537425691,0.0189266195413323
21.0471310356801,0,0.0617673658141888,0,21.0471310356801,0.0617673658141888,0.0617673658141888,0.0617673658141888,0.047052745863464
16.8846431378076,0,0.0592246738975235,0,16.8846431378076,0.0592246738975235,0.0592246738975235,0.0592246738975235,0.0580511049145327
140.778871317907,0,0.0554812237912711,0,140.778871317907,0.0554812237912711,0.0554812237912711,0.0554812237912711,0.0428661394520242
10.8384906759069,0,-0.00221059163205814,0,10.8384906759069,-0.00221059163205814,-0.00221059163205814,-0.00221059163205814,0.0251376149245104
5.36034284274372,0,0.0126214961722838,0,5.36034284274372,0.0126214961722838,0.0126214961722838,0.0126214961722838,0.0439400124984659
14.6925462604222,0,-0.00458452472707301,0,14.6925462604222,-0.00458452472707301,-0.00458452472707301,-0.00458452472707301,0.0444254697733256
10.1224985979203,0,0.0586251020164886,0,10.1224985979203,0.0586251020164886,0.0586251020164886,0.0586251020164886,0.0539536891600329
11.0161041029769,0,-0.0031766917676102,0,11.0161041029769,-0.0031766917676102,-0.0031766917676102,-0.0031766917676102,0.0522005254908412
12.612078023469,0,-0.0597088928688878,0,12.612078023469,-0.0597088928688878,-0.0597088928688878,-0.0597088928688878,0.0322576765582896
27.9381463268887,0,-0.0196646199066465,0,27.9381463268887,-0.0196646199066465,-0.0196646199066465,-0.0196646199066465,0.0266030945529787
28.4056044215739,0,-0.0234835133541325,0,28.4056044215739,-0.0234835133541325,-0.0234835133541325,-0.0234835133541325,0.0460235649191708
13.4368696617468,0,0.0535402362440232,0,13.4368696617468,0.0535402362440232,0.0535402362440232,0.0535402362440232,0.0282079903838013
14.3373106913918,0,-0.0165868652445846,0,14.3373106913918,-0.0165868652445846,-0.0165868652445846,-0.0165868652445846,0.0475684856482902
25.9320346135502,0,-0.0232712391594247,0,25.9320346135502,-0.0232712391594247,-0.0232712391594247,-0.0232712391594247,0.0300519735078187
NA,NA,NA,NA,NA,NA,NA,NA,NA
3.48138260502119,0,-0.0431716232209931,0,3.48138260502119,-0.0431716232209931,-0.0431716232209931,-0.0431716232209931,0.0321818721032191
5.59197431763262,0,-0.0578220526680145,0,5.59197431763262,-0.0578220526680145,-0.0578220526680145,-0.0578220526680145,0.0290843221745671
7.10118523761685,0,-0.0285278978712163,0,7.10118523761685,-0.0285278978712163,-0.0285278978712163,-0.0285278978712163,0.0595492352872805
8.39406695268219,0,0.0167837864563465,0,8.39406695268219,0.0167837864563465,0.0167837864563465,0.0167837864563465,0.0322473662392579
6.68163411954067,0,0.0399525800720857,0,6.68163411954067,0.0399525800720857,0.0399525800720857,0.0399525800720857,0.0632642521725607
10.9419857642508,0,-0.0876235523401562,0,10.9419857642508,-0.0876235523401562,-0.0876235523401562,-0.0876235523401562,0.0336377588977628
9.567453602661,0,-0.0130573193727359,0,9.567453602661,-0.0130573193727359,-0.0130573193727359,-0.0130573193727359,0.0264340771076804
9.56764954052794,0,-0.00578932875863998,0,9.56764954052794,-0.00578932875863998,-0.00578932875863998,-0.00578932875863998,0.0288617279537588
9.58796747981615,0,0.00725905880614161,0,9.58796747981615,0.00725905880614161,0.00725905880614161,0.00725905880614161,0.0422687684348916
10.3415882006709,0,-0.0979591311963027,0,10.3415882006709,-0.0979591311963027,-0.0979591311963027,-0.0979591311963027,0.0379022425227411
9.03381024943225,0,-0.0258591277728825,0,9.03381024943225,-0.0258591277728825,-0.0258591277728825,-0.0258591277728825,0.0210013285642308
7.292171244769,0,0.0214216184583366,0,7.292171244769,0.0214216184583366,0.0214216184583366,0.0214216184583366,0.00787016036700002
10.6567948708008,0,0.0203455428827325,0,10.6567948708008,0.0203455428827325,0.0203455428827325,0.0203455428827325,0.0367174068081082
15.83958844307,0,0.0399832495665445,0,15.83958844307,0.0399832495665445,0.0399832495665445,0.0399832495665445,0.0130470310288665
17.7014293147066,0,0.0234372077444364,0,17.7014293147066,0.0234372077444364,0.0234372077444364,0.0234372077444364,0.0323786122878216
18.5230702558348,0,-0.00995709768556392,0,18.5230702558348,-0.00995709768556392,-0.00995709768556392,-0.00995709768556392,0.0596686324209322
13.5036026382197,0,0.0260526179813793,0,13.5036026382197,0.0260526179813793,0.0260526179813793,0.0260526179813793,0.0175137052055195
13.9836050997556,0,-0.0596374353307077,0,13.9836050997556,-0.0596374353307077,-0.0596374353307077,-0.0596374353307077,0.0260159424457815
11.3110693140974,0,0.00982781565554414,0,11.3110693140974,0.00982781565554414,0.00982781565554414,0.00982781565554414,0.0152975413868066
20.6083384757102,0,-0.0196913974375486,0,20.6083384757102,-0.0196913974375486,-0.0196913974375486,-0.0196913974375486,0.0564075951702511
12.3671082351961,0,0.0210231372322994,0,12.3671082351961,0.0210231372322994,0.0210231372322994,0.0210231372322994,0.0160828742749283
12.3654554745313,0,-0.0686880413546458,0,12.3654554745313,-0.0686880413546458,-0.0686880413546458,-0.0686880413546458,0.0513325050706189
19.2556223171704,0,0.0285945738844167,0,19.2556223171704,0.0285945738844167,0.0285945738844167,0.0285945738844167,0.0139726523520546
34.7312424253189,0,0.00360906084633839,0,34.7312424253189,0.00360906084633839,0.00360906084633839,0.00360906084633839,0.017575833019559
54.7209102152747,0,0.0196726221291343,0,54.7209102152747,0.0196726221291343,0.0196726221291343,0.0196726221291343,0.0109274670854921
9.76552332936977,0,0.00564706861610557,0,9.76552332936977,0.00564706861610557,0.00564706861610557,0.00564706861610557,0.022210163633412
8.22166390729103,0,0.0200227074138689,0,8.22166390729103,0.0200227074138689,0.0200227074138689,0.0200227074138689,0.0889316774406693
9.93767446410684,0,-0.0799049140762041,0,9.93767446410684,-0.0799049140762041,-0.0799049140762041,-0.0799049140762041,0.101288434497172
7.36539602284415,0,-0.0247872150245361,0,7.36539602284415,-0.0247872150245361,-0.0247872150245361,-0.0247872150245361,0.114121672795408
9.34902839864339,0,-0.0319037471830898,0,9.34902839864339,-0.0319037471830898,-0.0319037471830898,-0.0319037471830898,0.0353702402159913
12.5616640281909,0,0.00441577973083164,0,12.5616640281909,0.00441577973083164,0.00441577973083164,0.00441577973083164,0.0138459086615911
9.90269087384876,0,-0.0238997733934269,0,9.90269087384876,-0.0238997733934269,-0.0238997733934269,-0.0238997733934269,0.140365006537693
10.8363107906744,0,-0.028098390818107,0,10.8363107906744,-0.028098390818107,-0.028098390818107,-0.028098390818107,0.071926050301895
11.7003583105711,0,-0.00186774348468509,0,11.7003583105711,-0.00186774348468509,-0.00186774348468509,-0.00186774348468509,0.00589871207554302
14.1717804897526,0,0.027255899623745,0,14.1717804897526,0.027255899623745,0.027255899623745,0.027255899623745,0.0438772018708798
11.3171115233183,0,-0.0301299566297987,0,11.3171115233183,-0.0301299566297987,-0.0301299566297987,-0.0301299566297987,0.0549217163119364
12.491172371433,0,0.00616174807970621,0,12.491172371433,0.00616174807970621,0.00616174807970621,0.00616174807970621,0.0405245193389735
17.7574754531964,0,-0.0364542682670167,0,17.7574754531964,-0.0364542682670167,-0.0364542682670167,-0.0364542682670167,0.0437339114285826
23.3384346785706,0,0.0173424537425691,0,23.3384346785706,0.0173424537425691,0.0173424537425691,0.0173424537425691,0.0189266195413323
21.0471310356801,0,0.0617673658141888,0,21.0471310356801,0.0617673658141888,0.0617673658141888,0.0617673658141888,0.047052745863464
16.8846431378076,0,0.0592246738975235,0,16.8846431378076,0.0592246738975235,0.0592246738975235,0.0592246738975235,0.0580511049145327
140.778871317907,0,0.0554812237912711,0,140.778871317907,0.0554812237912711,0.0554812237912711,0.0554812237912711,0.0428661394520242
10.8384906759069,0,-0.00221059163205814,0,10.8384906759069,-0.00221059163205814,-0.00221059163205814,-0.00221059163205814,0.0251376149245104
5.36034284274372,0,0.0126214961722838,0,5.36034284274372,0.0126214961722838,0.0126214961722838,0.0126214961722838,0.0439400124984659
14.6925462604222,0,-0.00458452472707301,0,14.6925462604222,-0.00458452472707301,-0.00458452472707301,-0.00458452472707301,0.0444254697733256
10.1224985979203,0,0.0586251020164886,0,10.1224985979203,0.0586251020164886,0.0586251020164886,0.0586251020164886,0.0539536891600329
11.0161041029769,0,-0.0031766917676102,0,11.0161041029769,-0.0031766917676102,-0.0031766917676102,-0.0031766917676102,0.0522005254908412
12.612078023469,0,-0.0597088928688878,0,12.612078023469,-0.0597088928688878,-0.0597088928688878,-0.0597088928688878,0.0322576765582896
27.9381463268887,0,-0.0196646199066465,0,27.9381463268887,-0.0196646199066465,-0.0196646199066465,-0.0196646199066465,0.0266030945529787
28.4056044215739,0,-0.0234835133541325,0,28.4056044215739,-0.0234835133541325,-0.0234835133541325,-0.0234835133541325,0.0460235649191708
13.4368696617468,0,0.0535402362440232,0,13.4368696617468,0.0535402362440232,0.0535402362440232,0.0535402362440232,0.0282079903838013
14.3373106913918,0,-0.0165868652445846,0,14.3373106913918,-0.0165868652445846,-0.0165868652445846,-0.0165868652445846,0.0475684856482902
25.9320346135502,0,-0.0232712391594247,0,25.9320346135502,-0.0232712391594247,-0.0232712391594247,-0.0232712391594247,0.0300519735078187
NA,NA,NA,NA,NA,NA,NA,NA,NA
3.48138260502119,0,-0.0431716232209931,0,3.48138260502119,-0.0431716232209931,-0.0431716232209931,-0.0431716232209931,0.0321818721032191
5.59197431763262,0,-0.0578220526680145,0,5.59197431763262,-0.0578220526680145,-0.0578220526680145,-0.0578220526680145,0.0290843221745671
7.10118523761685,0,-0.0285278978712163,0,7.10118523761685,-0.0285278978712163,-0.0285278978712163,-0.0285278978712163,0.0595492352872805
8.39406695268219,0,0.0167837864563465,0,8.39406695268219,0.0167837864563465,0.0167837864563465,0.0167837864563465,0.0322473662392579
6.68163411954067,0,0.0399525800720857,0,6.68163411954067,0.0399525800720857,0.0399525800720857,0.0399525800720857,0.0632642521725607
10.9419857642508,0,-0.0876235523401562,0,10.9419857642508,-0.0876235523401562,-0.0876235523401562,-0.0876235523401562,0.0336377588977628
9.567453602661,0,-0.0130573193727359,0,9.567453602661,-0.0130573193727359,-0.0130573193727359,-0.0130573193727359,0.0264340771076804
9.56764954052794,0,-0.00578932875863998,0,9.56764954052794,-0.00578932875863998,-0.00578932875863998,-0.00578932875863998,0.0288617279537588
9.58796747981615,0,0.00725905880614161,0,9.58796747981615,0.00725905880614161,0.00725905880614161,0.00725905880614161,0.0422687684348916
10.3415882006709,0,-0.0979591311963027,0,10.3415882006709,-0.0979591311963027,-0.0979591311963027,-0.0979591311963027,0.0379022425227411
9.03381024943225,0,-0.0258591277728825,0,9.03381024943225,-0.0258591277728825,-0.0258591277728825,-0.0258591277728825,0.0210013285642308
7.292171244769,0,0.0214216184583366,0,7.292171244769,0.0214216184583366,0.0214216184583366,0.0214216184583366,0.00787016036700002
10.6567948708008,0,0.0203455428827325,0,10.6567948708008,0.0203455428827325,0.0203455428827325,0.0203455428827325,0.0367174068081082
15.83958844307,0,0.0399832495665445,0,15.83958844307,0.0399832495665445,0.0399832495665445,0.0399832495665445,0.0130470310288665
17.7014293147066,0,0.0234372077444364,0,17.7014293147066,0.0234372077444364,0.0234372077444364,0.0234372077444364,0.0323786122878216
18.5230702558348,0,-0.00995709768556392,0,18.5230702558348,-0.00995709768556392,-0.00995709768556392,-0.00995709768556392,0.0596686324209322
13.5036026382197,0,0.0260526179813793,0,13.5036026382197,0.0260526179813793,0.0260526179813793,0.0260526179813793,0.0175137052055195
13.9836050997556,0,-0.0596374353307077,0,13.9836050997556,-0.0596374353307077,-0.0596374353307077,-0.0596374353307077,0.0260159424457815
11.3110693140974,0,0.00982781565554414,0,11.3110693140974,0.00982781565554414,0.00982781565554414,0.00982781565554414,0.0152975413868066
20.6083384757102,0,-0.0196913974375486,0,20.6083384757102,-0.0196913974375486,-0.0196913974375486,-0.0196913974375486,0.0564075951702511
12.3671082351961,0,0.0210231372322994,0,12.3671082351961,0.0210231372322994,0.0210231372322994,0.0210231372322994,0.0160828742749283
12.3654554745313,0,-0.0686880413546458,0,12.3654554745313,-0.0686880413546458,-0.0686880413546458,-0.0686880413546458,0.0513325050706189
19.2556223171704,0,0.0285945738844167,0,19.2556223171704,0.0285945738844167,0.0285945738844167,0.0285945738844167,0.0139726523520546
34.7312424253189,0,0.00360906084633839,0,34.7312424253189,0.00360906084633839,0.00360906084633839,0.00360906084633839,0.017575833019559
54.7209102152747,0,0.0196726221291343,0,54.7209102152747,0.0196726221291343,0.0196726221291343,0.0196726221291343,0.0109274670854921
9.76552332936977,0,0.00564706861610557,0,9.76552332936977,0.00564706861610557,0.00564706861610557,0.00564706861610557,0.022210163633412
8.22166390729103,0,0.0200227074138689,0,8.22166390729103,0.0200227074138689,0.0200227074138689,0.0200227074138689,0.0889316774406693
9.93767446410684,0,-0.0799049140762041,0,9.93767446410684,-0.0799049140762041,-0.0799049140762041,-0.0799049140762041,0.101288434497172
7.36539602284415,0,-0.0247872150245361,0,7.36539602284415,-0.0247872150245361,-0.0247872150245361,-0.0247872150245361,0.114121672795408
9.34902839864339,0,-0.0319037471830898,0,9.34902839864339,-0.0319037471830898,-0.0319037471830898,-0.0319037471830898,0.0353702402159913
12.5616640281909,0,0.00441577973083164,0,12.5616640281909,0.00441577973083164,0.00441577973083164,0.00441577973083164,0.0138459086615911
9.90269087384876,0,-0.0238997733934269,0,9.90269087384876,-0.0238997733934269,-0.0238997733934269,-0.0238997733934269,0.140365006537693
10.8363107906744,0,-0.028098390818107,0,10.8363107906744,-0.028098390818107,-0.028098390818107,-0.028098390818107,0.071926050301895
11.7003583105711,0,-0.00186774348468509,0,11.7003583105711,-0.00186774348468509,-0.00186774348468509,-0.00186774348468509,0.00589871207554302
14.1717804897526,0,0.027255899623745,0,14.1717804897526,0.027255899623745,0.027255899623745,0.027255899623745,0.0438772018708798
11.3171115233183,0,-0.0301299566297987,0,11.3171115233183,-0.0301299566297987,-0.0301299566297987,-0.0301299566297987,0.0549217163119364
12.491172371433,0,0.00616174807970621,0,12.491172371433,0.00616174807970621,0.00616174807970621,0.00616174807970621,0.0405245193389735
17.7574754531964,0,-0.0364542682670167,0,17.7574754531964,-0.0364542682670167,-0.0364542682670167,-0.0364542682670167,0.0437339114285826
23.3384346785706,0,0.0173424537425691,0,23.3384346785706,0.0173424537425691,0.0173424537425691,0.0173424537425691,0.0189266195413323
21.0471310356801,0,0.0617673658141888,0,21.0471310356801,0.0617673658141888,0.0617673658141888,0.0617673658141888,0.047052745863464
16.8846431378076,0,0.0592246738975235,0,16.8846431378076,0.0592246738975235,0.0592246738975235,0.0592246738975235,0.0580511049145327
140.778871317907,0,0.0554812237912711,0,140.778871317907,0.0554812237912711,0.0554812237912711,0.0554812237912711,0.0428661394520242
10.8384906759069,0,-0.00221059163205814,0,10.8384906759069,-0.00221059163205814,-0.00221059163205814,-0.00221059163205814,0.0251376149245104
5.36034284274372,0,0.0126214961722838,0,5.36034284274372,0.0126214961722838,0.0126214961722838,0.0126214961722838,0.0439400124984659
14.6925462604222,0,-0.00458452472707301,0,14.6925462604222,-0.00458452472707301,-0.00458452472707301,-0.00458452472707301,0.0444254697733256
10.1224985979203,0,0.0586251020164886,0,10.1224985979203,0.0586251020164886,0.0586251020164886,0.0586251020164886,0.0539536891600329
11.0161041029769,0,-0.0031766917676102,0,11.0161041029769,-0.0031766917676102,-0.0031766917676102,-0.0031766917676102,0.0522005254908412
12.612078023469,0,-0.0597088928688878,0,12.612078023469,-0.0597088928688878,-0.0597088928688878,-0.0597088928688878,0.0322576765582896
27.9381463268887,0,-0.0196646199066465,0,27.9381463268887,-0.0196646199066465,-0.0196646199066465,-0.0196646199066465,0.0266030945529787
28.4056044215739,0,-0.0234835133541325,0,28.4056044215739,-0.0234835133541325,-0.0234835133541325,-0.0234835133541325,0.0460235649191708
13.4368696617468,0,0.0535402362440232,0,13.4368696617468,0.0535402362440232,0.0535402362440232,0.0535402362440232,0.0282079903838013
14.3373106913918,0,-0.0165868652445846,0,14.3373106913918,-0.0165868652445846,-0.0165868652445846,-0.0165868652445846,0.0475684856482902
25.9320346135502,0,-0.0232712391594247,0,25.9320346135502,-0.0232712391594247,-0.0232712391594247,-0.0232712391594247,0.0300519735078187
NA,NA,NA,NA,NA,NA,NA,NA,NA
3.48138260502119,0,-0.0431716232209931,0,3.48138260502119,-0.0431716232209931,-0.0431716232209931,-0.0431716232209931,0.0321818721032191
5.59197431763262,0,-0.0578220526680145,0,5.59197431763262,-0.0578220526680145,-0.0578220526680145,-0.0578220526680145,0.0290843221745671
7.10118523761685,0,-0.0285278978712163,0,7.10118523761685,-0.0285278978712163,-0.0285278978712163,-0.0285278978712163,0.0595492352872805
8.39406695268219,0,0.0167837864563465,0,8.39406695268219,0.0167837864563465,0.0167837864563465,0.0167837864563465,0.0322473662392579
6.68163411954067,0,0.0399525800720857,0,6.68163411954067,0.0399525800720857,0.0399525800720857,0.0399525800720857,0.0632642521725607
10.9419857642508,0,-0.0876235523401562,0,10.9419857642508,-0.0876235523401562,-0.0876235523401562,-0.0876235523401562,0.0336377588977628
9.567453602661,0,-0.0130573193727359,0,9.567453602661,-0.0130573193727359,-0.0130573193727359,-0.0130573193727359,0.0264340771076804
9.56764954052794,0,-0.00578932875863998,0,9.56764954052794,-0.00578932875863998,-0.00578932875863998,-0.00578932875863998,0.0288617279537588
9.58796747981615,0,0.00725905880614161,0,9.58796747981615,0.00725905880614161,0.00725905880614161,0.00725905880614161,0.0422687684348916
10.3415882006709,0,-0.0979591311963027,0,10.3415882006709,-0.0979591311963027,-0.0979591311963027,-0.0979591311963027,0.0379022425227411
9.03381024943225,0,-0.0258591277728825,0,9.03381024943225,-0.0258591277728825,-0.0258591277728825,-0.0258591277728825,0.0210013285642308
7.292171244769,0,0.0214216184583366,0,7.292171244769,0.0214216184583366,0.0214216184583366,0.0214216184583366,0.00787016036700002
10.6567948708008,0,0.0203455428827325,0,10.6567948708008,0.0203455428827325,0.0203455428827325,0.0203455428827325,0.0367174068081082
15.83958844307,0,0.0399832495665445,0,15.83958844307,0.0399832495665445,0.0399832495665445,0.0399832495665445,0.0130470310288665
17.7014293147066,0,0.0234372077444364,0,17.7014293147066,0.0234372077444364,0.0234372077444364,0.0234372077444364,0.0323786122878216
18.5230702558348,0,-0.00995709768556392,0,18.5230702558348,-0.00995709768556392,-0.00995709768556392,-0.00995709768556392,0.0596686324209322
13.5036026382197,0,0.0260526179813793,0,13.5036026382197,0.0260526179813793,0.0260526179813793,0.0260526179813793,0.0175137052055195
13.9836050997556,0,-0.0596374353307077,0,13.9836050997556,-0.0596374353307077,-0.0596374353307077,-0.0596374353307077,0.0260159424457815
11.3110693140974,0,0.00982781565554414,0,11.3110693140974,0.00982781565554414,0.00982781565554414,0.00982781565554414,0.0152975413868066
20.6083384757102,0,-0.0196913974375486,0,20.6083384757102,-0.0196913974375486,-0.0196913974375486,-0.0196913974375486,0.0564075951702511
12.3671082351961,0,0.0210231372322994,0,12.3671082351961,0.0210231372322994,0.0210231372322994,0.0210231372322994,0.0160828742749283
12.3654554745313,0,-0.0686880413546458,0,12.3654554745313,-0.0686880413546458,-0.0686880413546458,-0.0686880413546458,0.0513325050706189
19.2556223171704,0,0.0285945738844167,0,19.2556223171704,0.0285945738844167,0.0285945738844167,0.0285945738844167,0.0139726523520546
34.7312424253189,0,0.00360906084633839,0,34.7312424253189,0.00360906084633839,0.00360906084633839,0.00360906084633839,0.017575833019559
54.7209102152747,0,0.0196726221291343,0,54.7209102152747,0.0196726221291343,0.0196726221291343,0.0196726221291343,0.0109274670854921
9.76552332936977,0,0.00564706861610557,0,9.76552332936977,0.00564706861610557,0.00564706861610557,0.00564706861610557,0.022210163633412
8.22166390729103,0,0.0200227074138689,0,8.22166390729103,0.0200227074138689,0.0200227074138689,0.0200227074138689,0.0889316774406693
8.77216358100521,0,0.0699261224100448,0,8.77216358100521,0.0699261224100448,0.0699261224100448,0.0699261224100448,0.0441440604084047
7.36539602284415,0,-0.0247872150245361,0,7.36539602284415,-0.0247872150245361,-0.0247872150245361,-0.0247872150245361,0.114121672795408
9.34902839864339,0,-0.0319037471830898,0,9.34902839864339,-0.0319037471830898,-0.0319037471830898,-0.0319037471830898,0.0353702402159913
12.5616640281909,0,0.00441577973083164,0,12.5616640281909,0.00441577973083164,0.00441577973083164,0.00441577973083164,0.0138459086615911
9.90269087384876,0,-0.0238997733934269,0,9.90269087384876,-0.0238997733934269,-0.0238997733934269,-0.0238997733934269,0.140365006537693
10.8363107906744,0,-0.028098390818107,0,10.8363107906744,-0.028098390818107,-0.028098390818107,-0.028098390818107,0.071926050301895
11.7003583105711,0,-0.00186774348468509,0,11.7003583105711,-0.00186774348468509,-0.00186774348468509,-0.00186774348468509,0.00589871207554302
14.1717804897526,0,0.027255899623745,0,14.1717804897526,0.027255899623745,0.027255899623745,0.027255899623745,0.0438772018708798
11.3171115233183,0,-0.0301299566297987,0,11.3171115233183,-0.0301299566297987,-0.0301299566297987,-0.0301299566297987,0.0549217163119364
12.491172371433,0,0.00616174807970621,0,12.491172371433,0.00616174807970621,0.00616174807970621,0.00616174807970621,0.0405245193389735
17.7574754531964,0,-0.0364542682670167,0,17.7574754531964,-0.0364542682670167,-0.0364542682670167,-0.0364542682670167,0.0437339114285826
23.3384346785706,0,0.0173424537425691,0,23.3384346785706,0.0173424537425691,0.0173424537425691,0.0173424537425691,0.0189266195413323
21.0471310356801,0,0.0617673658141888,0,21.0471310356801,0.0617673658141888,0.0617673658141888,0.0617673658141888,0.047052745863464
16.8846431378076,0,0.0592246738975235,0,16.8846431378076,0.0592246738975235,0.0592246738975235,0.0592246738975235,0.0580511049145327
140.778871317907,0,0.0554812237912711,0,140.778871317907,0.0554812237912711,0.0554812237912711,0.0554812237912711,0.0428661394520242
10.8384906759069,0,-0.00221059163205814,0,10.8384906759069,-0.00221059163205814,-0.00221059163205814,-0.00221059163205814,0.0251376149245104
5.36034284274372,0,0.0126214961722838,0,5.36034284274372,0.0126214961722838,0.0126214961722838,0.0126214961722838,0.0439400124984659
14.6925462604222,0,-0.00458452472707301,0,14.6925462604222,-0.00458452472707301,-0.00458452472707301,-0.00458452472707301,0.0444254697733256
10.1224985979203,0,0.0586251020164886,0,10.1224985979203,0.0586251020164886,0.0586251020164886,0.0586251020164886,0.0539536891600329
11.0161041029769,0,-0.0031766917676102,0,11.0161041029769,-0.0031766917676102,-0.0031766917676102,-0.0031766917676102,0.0522005254908412
12.612078023469,0,-0.0597088928688878,0,12.612078023469,-0.0597088928688878,-0.0597088928688878,-0.0597088928688878,0.0322576765582896
27.9381463268887,0,-0.0196646199066465,0,27.9381463268887,-0.0196646199066465,-0.0196646199066465,-0.0196646199066465,0.0266030945529787
28.4056044215739,0,-0.0234835133541325,0,28.4056044215739,-0.0234835133541325,-0.0234835133541325,-0.0234835133541325,0.0460235649191708
13.4368696617468,0,0.0535402362440232,0,13.4368696617468,0.0535402362440232,0.0535402362440232,0.0535402362440232,0.0282079903838013
14.3373106913918,0,-0.0165868652445846,0,14.3373106913918,-0.0165868652445846,-0.0165868652445846,-0.0165868652445846,0.0475684856482902
25.9320346135502,0,-0.0232712391594247,0,25.9320346135502,-0.0232712391594247,-0.0232712391594247,-0.0232712391594247,0.0300519735078187
NA,NA,NA,NA,NA,NA,NA,NA,NA
3.48138260502119,0,-0.0431716232209931,0,3.48138260502119,-0.0431716232209931,-0.0431716232209931,-0.0431716232209931,0.0321818721032191
5.59197431763262,0,-0.0578220526680145,0,5.59197431763262,-0.0578220526680145,-0.0578220526680145,-0.0578220526680145,0.0290843221745671
7.10118523761685,0,-0.0285278978712163,0,7.10118523761685,-0.0285278978712163,-0.0285278978712163,-0.0285278978712163,0.0595492352872805
8.39406695268219,0,0.0167837864563465,0,8.39406695268219,0.0167837864563465,0.0167837864563465,0.0167837864563465,0.0322473662392579
6.68163411954067,0,0.0399525800720857,0,6.68163411954067,0.0399525800720857,0.0399525800720857,0.0399525800720857,0.0632642521725607
10.9419857642508,0,-0.0876235523401562,0,10.9419857642508,-0.0876235523401562,-0.0876235523401562,-0.0876235523401562,0.0336377588977628
9.567453602661,0,-0.0130573193727359,0,9.567453602661,-0.0130573193727359,-0.0130573193727359,-0.0130573193727359,0.0264340771076804
9.56764954052794,0,-0.00578932875863998,0,9.56764954052794,-0.00578932875863998,-0.00578932875863998,-0.00578932875863998,0.0288617279537588
9.58796747981615,0,0.00725905880614161,0,9.58796747981615,0.00725905880614161,0.00725905880614161,0.00725905880614161,0.0422687684348916
10.3415882006709,0,-0.0979591311963027,0,10.3415882006709,-0.0979591311963027,-0.0979591311963027,-0.0979591311963027,0.0379022425227411
9.03381024943225,0,-0.0258591277728825,0,9.03381024943225,-0.0258591277728825,-0.0258591277728825,-0.0258591277728825,0.0210013285642308
7.292171244769,0,0.0214216184583366,0,7.292171244769,0.0214216184583366,0.0214216184583366,0.0214216184583366,0.00787016036700002
10.6567948708008,0,0.0203455428827325,0,10.6567948708008,0.0203455428827325,0.0203455428827325,0.0203455428827325,0.0367174068081082
15.83958844307,0,0.0399832495665445,0,15.83958844307,0.0399832495665445,0.0399832495665445,0.0399832495665445,0.0130470310288665
17.7014293147066,0,0.0234372077444364,0,17.7014293147066,0.0234372077444364,0.0234372077444364,0.0234372077444364,0.0323786122878216
18.5230702558348,0,-0.00995709768556392,0,18.5230702558348,-0.00995709768556392,-0.00995709768556392,-0.00995709768556392,0.0596686324209322
13.5036026382197,0,0.0260526179813793,0,13.5036026382197,0.0260526179813793,0.0260526179813793,0.0260526179813793,0.0175137052055195
13.9836050997556,0,-0.0596374353307077,0,13.9836050997556,-0.0596374353307077,-0.0596374353307077,-0.0596374353307077,0.0260159424457815
11.3110693140974,0,0.00982781565554414,0,11.3110693140974,0.00982781565554414,0.00982781565554414,0.00982781565554414,0.0152975413868066
20.6083384757102,0,-0.0196913974375486,0,20.6083384757102,-0.0196913974375486,-0.0196913974375486,-0.0196913974375486,0.0564075951702511
12.3671082351961,0,0.0210231372322994,0,12.3671082351961,0.0210231372322994,0.0210231372322994,0.0210231372322994,0.0160828742749283
12.3654554745313,0,-0.0686880413546458,0,12.3654554745313,-0.0686880413546458,-0.0686880413546458,-0.0686880413546458,0.0513325050706189
19.2556223171704,0,0.0285945738844167,0,19.2556223171704,0.0285945738844167,0.0285945738844167,0.0285945738844167,0.0139726523520546
34.7312424253189,0,0.00360906084633839,0,34.7312424253189,0.00360906084633839,0.00360906084633839,0.00360906084633839,0.017575833019559
54.7209102152747,0,0.0196726221291343,0,54.7209102152747,0.0196726221291343,0.0196726221291343,0.0196726221291343,0.0109274670854921
9.76552332936977,0,0.00564706861610557,0,9.76552332936977,0.00564706861610557,0.00564706861610557,0.00564706861610557,0.022210163633412
8.22166390729103,0,0.0200227074138689,0,8.22166390729103,0.0200227074138689,0.0200227074138689,0.0200227074138689,0.0889316774406693
8.77216358100521,0,0.0699261224100448,0,8.77216358100521,0.0699261224100448,0.0699261224100448,0.0699261224100448,0.0441440604084047
7.36539602284415,0,-0.0247872150245361,0,7.36539602284415,-0.0247872150245361,-0.0247872150245361,-0.0247872150245361,0.114121672795408
9.34902839864339,0,-0.0319037471830898,0,9.34902839864339,-0.0319037471830898,-0.0319037471830898,-0.0319037471830898,0.0353702402159913
12.5616640281909,0,0.00441577973083164,0,12.5616640281909,0.00441577973083164,0.00441577973083164,0.00441577973083164,0.0138459086615911
9.90269087384876,0,-0.0238997733934269,0,9.90269087384876,-0.0238997733934269,-0.0238997733934269,-0.0238997733934269,0.140365006537693
10.8363107906744,0,-0.028098390818107,0,10.8363107906744,-0.028098390818107,-0.028098390818107,-0.028098390818107,0.071926050301895
11.7003583105711,0,-0.00186774348468509,0,11.7003583105711,-0.00186774348468509,-0.00186774348468509,-0.00186774348468509,0.00589871207554302
14.1717804897526,0,0.027255899623745,0,14.1717804897526,0.027255899623745,0.027255899623745,0.027255899623745,0.0438772018708798
11.3171115233183,0,-0.0301299566297987,0,11.3171115233183,-0.0301299566297987,-0.0301299566297987,-0.0301299566297987,0.0549217163119364
12.491172371433,0,0.00616174807970621,0,12.491172371433,0.00616174807970621,0.00616174807970621,0.00616174807970621,0.0405245193389735
17.7574754531964,0,-0.0364542682670167,0,17.7574754531964,-0.0364542682670167,-0.0364542682670167,-0.0364542682670167,0.0437339114285826
23.3384346785706,0,0.0173424537425691,0,23.3384346785706,0.0173424537425691,0.0173424537425691,0.0173424537425691,0.0189266195413323
21.0471310356801,0,0.0617673658141888,0,21.0471310356801,0.0617673658141888,0.0617673658141888,0.0617673658141888,0.047052745863464
16.8846431378076,0,0.0592246738975235,0,16.8846431378076,0.0592246738975235,0.0592246738975235,0.0592246738975235,0.0580511049145327
140.778871317907,0,0.0554812237912711,0,140.778871317907,0.0554812237912711,0.0554812237912711,0.0554812237912711,0.0428661394520242
10.8384906759069,0,-0.00221059163205814,0,10.8384906759069,-0.00221059163205814,-0.00221059163205814,-0.00221059163205814,0.0251376149245104
5.36034284274372,0,0.0126214961722838,0,5.36034284274372,0.0126214961722838,0.0126214961722838,0.0126214961722838,0.0439400124984659
14.6925462604222,0,-0.00458452472707301,0,14.6925462604222,-0.00458452472707301,-0.00458452472707301,-0.00458452472707301,0.0444254697733256
10.1224985979203,0,0.0586251020164886,0,10.1224985979203,0.0586251020164886,0.0586251020164886,0.0586251020164886,0.0539536891600329
11.0161041029769,0,-0.0031766917676102,0,11.0161041029769,-0.0031766917676102,-0.0031766917676102,-0.0031766917676102,0.0522005254908412
12.612078023469,0,-0.0597088928688878,0,12.612078023469,-0.0597088928688878,-0.0597088928688878,-0.0597088928688878,0.0322576765582896
27.9381463268887,0,-0.0196646199066465,0,27.9381463268887,-0.0196646199066465,-0.0196646199066465,-0.0196646199066465,0.0266030945529787
28.4056044215739,0,-0.0234835133541325,0,28.4056044215739,-0.0234835133541325,-0.0234835133541325,-0.0234835133541325,0.0460235649191708
13.4368696617468,0,0.0535402362440232,0,13.4368696617468,0.0535402362440232,0.0535402362440232,0.0535402362440232,0.0282079903838013
14.3373106913918,0,-0.0165868652445846,0,14.3373106913918,-0.0165868652445846,-0.0165868652445846,-0.0165868652445846,0.0475684856482902
25.9320346135502,0,-0.0232712391594247,0,25.9320346135502,-0.0232712391594247,-0.0232712391594247,-0.0232712391594247,0.0300519735078187
NA,NA,NA,NA,NA,NA,NA,NA,NA
3.48138260502119,0,-0.0431716232209931,0,3.48138260502119,-0.0431716232209931,-0.0431716232209931,-0.0431716232209931,0.0321818721032191
5.59197431763262,0,-0.0578220526680145,0,5.59197431763262,-0.0578220526680145,-0.0578220526680145,-0.0578220526680145,0.0290843221745671
7.10118523761685,0,-0.0285278978712163,0,7.10118523761685,-0.0285278978712163,-0.0285278978712163,-0.0285278978712163,0.0595492352872805
8.39406695268219,0,0.0167837864563465,0,8.39406695268219,0.0167837864563465,0.0167837864563465,0.0167837864563465,0.0322473662392579
6.68163411954067,0,0.0399525800720857,0,6.68163411954067,0.0399525800720857,0.0399525800720857,0.0399525800720857,0.0632642521725607
10.9419857642508,0,-0.0876235523401562,0,10.9419857642508,-0.0876235523401562,-0.0876235523401562,-0.0876235523401562,0.0336377588977628
9.567453602661,0,-0.0130573193727359,0,9.567453602661,-0.0130573193727359,-0.0130573193727359,-0.0130573193727359,0.0264340771076804
9.56764954052794,0,-0.00578932875863998,0,9.56764954052794,-0.00578932875863998,-0.00578932875863998,-0.00578932875863998,0.0288617279537588
9.58796747981615,0,0.00725905880614161,0,9.58796747981615,0.00725905880614161,0.00725905880614161,0.00725905880614161,0.0422687684348916
10.3415882006709,0,-0.0979591311963027,0,10.3415882006709,-0.0979591311963027,-0.0979591311963027,-0.0979591311963027,0.0379022425227411
9.03381024943225,0,-0.0258591277728825,0,9.03381024943225,-0.0258591277728825,-0.0258591277728825,-0.0258591277728825,0.0210013285642308
7.292171244769,0,0.0214216184583366,0,7.292171244769,0.0214216184583366,0.0214216184583366,0.0214216184583366,0.00787016036700002
10.6567948708008,0,0.0203455428827325,0,10.6567948708008,0.0203455428827325,0.0203455428827325,0.0203455428827325,0.0367174068081082
15.83958844307,0,0.0399832495665445,0,15.83958844307,0.0399832495665445,0.0399832495665445,0.0399832495665445,0.0130470310288665
17.7014293147066,0,0.0234372077444364,0,17.7014293147066,0.0234372077444364,0.0234372077444364,0.0234372077444364,0.0323786122878216
18.5230702558348,0,-0.00995709768556392,0,18.5230702558348,-0.00995709768556392,-0.00995709768556392,-0.00995709768556392,0.0596686324209322
13.5036026382197,0,0.0260526179813793,0,13.5036026382197,0.0260526179813793,0.0260526179813793,0.0260526179813793,0.0175137052055195
13.9836050997556,0,-0.0596374353307077,0,13.9836050997556,-0.0596374353307077,-0.0596374353307077,-0.0596374353307077,0.0260159424457815
11.3110693140974,0,0.00982781565554414,0,11.3110693140974,0.00982781565554414,0.00982781565554414,0.00982781565554414,0.0152975413868066
20.6083384757102,0,-0.0196913974375486,0,20.6083384757102,-0.0196913974375486,-0.0196913974375486,-0.0196913974375486,0.0564075951702511
12.3671082351961,0,0.0210231372322994,0,12.3671082351961,0.0210231372322994,0.0210231372322994,0.0210231372322994,0.0160828742749283
12.3654554745313,0,-0.0686880413546458,0,12.3654554745313,-0.0686880413546458,-0.0686880413546458,-0.0686880413546458,0.0513325050706189
19.2556223171704,0,0.0285945738844167,0,19.2556223171704,0.0285945738844167,0.0285945738844167,0.0285945738844167,0.0139726523520546
34.7312424253189,0,0.00360906084633839,0,34.7312424253189,0.00360906084633839,0.00360906084633839,0.00360906084633839,0.017575833019559
54.7209102152747,0,0.0196726221291343,0,54.7209102152747,0.0196726221291343,0.0196726221291343,0.0196726221291343,0.0109274670854921
9.76552332936977,0,0.00564706861610557,0,9.76552332936977,0.00564706861610557,0.00564706861610557,0.00564706861610557,0.022210163633412
8.22166390729103,0,0.0200227074138689,0,8.22166390729103,0.0200227074138689,0.0200227074138689,0.0200227074138689,0.0889316774406693
8.77216358100521,0,0.0699261224100448,0,8.77216358100521,0.0699261224100448,0.0699261224100448,0.0699261224100448,0.0441440604084047
7.36539602284415,0,-0.0247872150245361,0,7.36539602284415,-0.0247872150245361,-0.0247872150245361,-0.0247872150245361,0.114121672795408
9.34902839864339,0,-0.0319037471830898,0,9.34902839864339,-0.0319037471830898,-0.0319037471830898,-0.0319037471830898,0.0353702402159913
12.5616640281909,0,0.00441577973083164,0,12.5616640281909,0.00441577973083164,0.00441577973083164,0.00441577973083164,0.0138459086615911
9.90269087384876,0,-0.0238997733934269,0,9.90269087384876,-0.0238997733934269,-0.0238997733934269,-0.0238997733934269,0.140365006537693
10.8363107906744,0,-0.028098390818107,0,10.8363107906744,-0.028098390818107,-0.028098390818107,-0.028098390818107,0.071926050301895
11.7003583105711,0,-0.00186774348468509,0,11.7003583105711,-0.00186774348468509,-0.00186774348468509,-0.00186774348468509,0.00589871207554302
14.1717804897526,0,0.027255899623745,0,14.1717804897526,0.027255899623745,0.027255899623745,0.027255899623745,0.0438772018708798
11.3171115233183,0,-0.0301299566297987,0,11.3171115233183,-0.0301299566297987,-0.0301299566297987,-0.0301299566297987,0.0549217163119364
12.491172371433,0,0.00616174807970621,0,12.491172371433,0.00616174807970621,0.00616174807970621,0.00616174807970621,0.0405245193389735
17.7574754531964,0,-0.0364542682670167,0,17.7574754531964,-0.0364542682670167,-0.0364542682670167,-0.0364542682670167,0.0437339114285826
23.3384346785706,0,0.0173424537425691,0,23.3384346785706,0.0173424537425691,0.0173424537425691,0.0173424537425691,0.0189266195413323
21.0471310356801,0,0.0617673658141888,0,21.0471310356801,0.0617673658141888,0.0617673658141888,0.0617673658141888,0.047052745863464
16.8846431378076,0,0.0592246738975235,0,16.8846431378076,0.0592246738975235,0.0592246738975235,0.0592246738975235,0.0580511049145327
140.778871317907,0,0.0554812237912711,0,140.778871317907,0.0554812237912711,0.0554812237912711,0.0554812237912711,0.0428661394520242
10.8384906759069,0,-0.00221059163205814,0,10.8384906759069,-0.00221059163205814,-0.00221059163205814,-0.00221059163205814,0.0251376149245104
5.36034284274372,0,0.0126214961722838,0,5.36034284274372,0.0126214961722838,0.0126214961722838,0.0126214961722838,0.0439400124984659
14.6925462604222,0,-0.00458452472707301,0,14.6925462604222,-0.00458452472707301,-0.00458452472707301,-0.00458452472707301,0.0444254697733256
10.1224985979203,0,0.0586251020164886,0,10.1224985979203,0.0586251020164886,0.0586251020164886,0.0586251020164886,0.0539536891600329
11.0161041029769,0,-0.0031766917676102,0,11.0161041029769,-0.0031766917676102,-0.0031766917676102,-0.0031766917676102,0.0522005254908412
12.612078023469,0,-0.0597088928688878,0,12.612078023469,-0.0597088928688878,-0.0597088928688878,-0.0597088928688878,0.0322576765582896
27.9381463268887,0,-0.0196646199066465,0,27.9381463268887,-0.0196646199066465,-0.0196646199066465,-0.0196646199066465,0.0266030945529787
28.4056044215739,0,-0.0234835133541325,0,28.4056044215739,-0.0234835133541325,-0.0234835133541325,-0.0234835133541325,0.0460235649191708
13.4368696617468,0,0.0535402362440232,0,13.4368696617468,0.0535402362440232,0.0535402362440232,0.0535402362440232,0.0282079903838013
14.3373106913918,0,-0.0165868652445846,0,14.3373106913918,-0.0165868652445846,-0.0165868652445846,-0.0165868652445846,0.0475684856482902
25.9320346135502,0,-0.0232712391594247,0,25.9320346135502,-0.0232712391594247,-0.0232712391594247,-0.0232712391594247,0.0300519735078187
NA,NA,NA,NA,NA,NA,NA,NA,NA
3.48138260502119,0,-0.0431716232209931,0,3.48138260502119,-0.0431716232209931,-0.0431716232209931,-0.0431716232209931,0.0321818721032191
5.59197431763262,0,-0.0578220526680145,0,5.59197431763262,-0.0578220526680145,-0.0578220526680145,-0.0578220526680145,0.0290843221745671
7.10118523761685,0,-0.0285278978712163,0,7.10118523761685,-0.0285278978712163,-0.0285278978712163,-0.0285278978712163,0.0595492352872805
8.39406695268219,0,0.0167837864563465,0,8.39406695268219,0.0167837864563465,0.0167837864563465,0.0167837864563465,0.0322473662392579
6.68163411954067,0,0.0399525800720857,0,6.68163411954067,0.0399525800720857,0.0399525800720857,0.0399525800720857,0.0632642521725607
10.9419857642508,0,-0.0876235523401562,0,10.9419857642508,-0.0876235523401562,-0.0876235523401562,-0.0876235523401562,0.0336377588977628
9.567453602661,0,-0.0130573193727359,0,9.567453602661,-0.0130573193727359,-0.0130573193727359,-0.0130573193727359,0.0264340771076804
9.56764954052794,0,-0.00578932875863998,0,9.56764954052794,-0.00578932875863998,-0.00578932875863998,-0.00578932875863998,0.0288617279537588
9.58796747981615,0,0.00725905880614161,0,9.58796747981615,0.00725905880614161,0.00725905880614161,0.00725905880614161,0.0422687684348916
10.3415882006709,0,-0.0979591311963027,0,10.3415882006709,-0.0979591311963027,-0.0979591311963027,-0.0979591311963027,0.0379022425227411
9.03381024943225,0,-0.0258591277728825,0,9.03381024943225,-0.0258591277728825,-0.0258591277728825,-0.0258591277728825,0.0210013285642308
7.292171244769,0,0.0214216184583366,0,7.292171244769,0.0214216184583366,0.0214216184583366,0.0214216184583366,0.00787016036700002
10.6567948708008,0,0.0203455428827325,0,10.6567948708008,0.0203455428827325,0.0203455428827325,0.0203455428827325,0.0367174068081082
15.83958844307,0,0.0399832495665445,0,15.83958844307,0.0399832495665445,0.0399832495665445,0.0399832495665445,0.0130470310288665
17.7014293147066,0,0.0234372077444364,0,17.7014293147066,0.0234372077444364,0.0234372077444364,0.0234372077444364,0.0323786122878216
18.5230702558348,0,-0.00995709768556392,0,18.5230702558348,-0.00995709768556392,-0.00995709768556392,-0.00995709768556392,0.0596686324209322
13.5036026382197,0,0.0260526179813793,0,13.5036026382197,0.0260526179813793,0.0260526179813793,0.0260526179813793,0.0175137052055195
13.9836050997556,0,-0.0596374353307077,0,13.9836050997556,-0.0596374353307077,-0.0596374353307077,-0.0596374353307077,0.0260159424457815
11.3110693140974,0,0.00982781565554414,0,11.3110693140974,0.00982781565554414,0.00982781565554414,0.00982781565554414,0.0152975413868066
20.6083384757102,0,-0.0196913974375486,0,20.6083384757102,-0.0196913974375486,-0.0196913974375486,-0.0196913974375486,0.0564075951702511
12.3671082351961,0,0.0210231372322994,0,12.3671082351961,0.0210231372322994,0.0210231372322994,0.0210231372322994,0.0160828742749283
12.3654554745313,0,-0.0686880413546458,0,12.3654554745313,-0.0686880413546458,-0.0686880413546458,-0.0686880413546458,0.0513325050706189
19.2556223171704,0,0.0285945738844167,0,19.2556223171704,0.0285945738844167,0.0285945738844167,0.0285945738844167,0.0139726523520546
34.7312424253189,0,0.00360906084633839,0,34.7312424253189,0.00360906084633839,0.00360906084633839,0.00360906084633839,0.017575833019559
54.7209102152747,0,0.0196726221291343,0,54.7209102152747,0.0196726221291343,0.0196726221291343,0.0196726221291343,0.0109274670854921
9.76552332936977,0,0.00564706861610557,0,9.76552332936977,0.00564706861610557,0.00564706861610557,0.00564706861610557,0.022210163633412
8.22166390729103,0,0.0200227074138689,0,8.22166390729103,0.0200227074138689,0.0200227074138689,0.0200227074138689,0.0889316774406693
8.77216358100521,0,0.0699261224100448,0,8.77216358100521,0.0699261224100448,0.0699261224100448,0.0699261224100448,0.0441440604084047
7.36539602284415,0,-0.0247872150245361,0,7.36539602284415,-0.0247872150245361,-0.0247872150245361,-0.0247872150245361,0.114121672795408
9.34902839864339,0,-0.0319037471830898,0,9.34902839864339,-0.0319037471830898,-0.0319037471830898,-0.0319037471830898,0.0353702402159913
12.5616640281909,0,0.00441577973083164,0,12.5616640281909,0.00441577973083164,0.00441577973083164,0.00441577973083164,0.0138459086615911
9.90269087384876,0,-0.0238997733934269,0,9.90269087384876,-0.0238997733934269,-0.0238997733934269,-0.0238997733934269,0.140365006537693
10.8363107906744,0,-0.028098390818107,0,10.8363107906744,-0.028098390818107,-0.028098390818107,-0.028098390818107,0.071926050301895
11.7003583105711,0,-0.00186774348468509,0,11.7003583105711,-0.00186774348468509,-0.00186774348468509,-0.00186774348468509,0.00589871207554302
14.1717804897526,0,0.027255899623745,0,14.1717804897526,0.027255899623745,0.027255899623745,0.027255899623745,0.0438772018708798
11.3171115233183,0,-0.0301299566297987,0,11.3171115233183,-0.0301299566297987,-0.0301299566297987,-0.0301299566297987,0.0549217163119364
12.491172371433,0,0.00616174807970621,0,12.491172371433,0.00616174807970621,0.00616174807970621,0.00616174807970621,0.0405245193389735
17.7574754531964,0,-0.0364542682670167,0,17.7574754531964,-0.0364542682670167,-0.0364542682670167,-0.0364542682670167,0.0437339114285826
23.3384346785706,0,0.0173424537425691,0,23.3384346785706,0.0173424537425691,0.0173424537425691,0.0173424537425691,0.0189266195413323
21.0471310356801,0,0.0617673658141888,0,21.0471310356801,0.0617673658141888,0.0617673658141888,0.0617673658141888,0.047052745863464
16.8846431378076,0,0.0592246738975235,0,16.8846431378076,0.0592246738975235,0.0592246738975235,0.0592246738975235,0.0580511049145327
140.778871317907,0,0.0554812237912711,0,140.778871317907,0.0554812237912711,0.0554812237912711,0.0554812237912711,0.0428661394520242
10.8384906759069,0,-0.00221059163205814,0,10.8384906759069,-0.00221059163205814,-0.00221059163205814,-0.00221059163205814,0.0251376149245104
5.36034284274372,0,0.0126214961722838,0,5.36034284274372,0.0126214961722838,0.0126214961722838,0.0126214961722838,0.0439400124984659
14.6925462604222,0,-0.00458452472707301,0,14.6925462604222,-0.00458452472707301,-0.00458452472707301,-0.00458452472707301,0.0444254697733256
10.1224985979203,0,0.0586251020164886,0,10.1224985979203,0.0586251020164886,0.0586251020164886,0.0586251020164886,0.0539536891600329
11.0161041029769,0,-0.0031766917676102,0,11.0161041029769,-0.0031766917676102,-0.0031766917676102,-0.0031766917676102,0.0522005254908412
12.612078023469,0,-0.0597088928688878,0,12.612078023469,-0.0597088928688878,-0.0597088928688878,-0.0597088928688878,0.0322576765582896
27.9381463268887,0,-0.0196646199066465,0,27.9381463268887,-0.0196646199066465,-0.0196646199066465,-0.0196646199066465,0.0266030945529787
28.4056044215739,0,-0.0234835133541325,0,28.4056044215739,-0.0234835133541325,-0.0234835133541325,-0.0234835133541325,0.0460235649191708
13.4368696617468,0,0.0535402362440232,0,13.4368696617468,0.0535402362440232,0.0535402362440232,0.0535402362440232,0.0282079903838013
14.3373106913918,0,-0.0165868652445846,0,14.3373106913918,-0.0165868652445846,-0.0165868652445846,-0.0165868652445846,0.0475684856482902
25.9320346135502,0,-0.0232712391594247,0,25.9320346135502,-0.0232712391594247,-0.0232712391594247,-0.0232712391594247,0.0300519735078187
NA,NA,NA,NA,NA,NA,NA,NA,NA
3.48138260502119,0,-0.0431716232209931,0,3.48138260502119,-0.0431716232209931,-0.0431716232209931,-0.0431716232209931,0.0321818721032191
5.59197431763262,0,-0.0578220526680145,0,5.59197431763262,-0.0578220526680145,-0.0578220526680145,-0.0578220526680145,0.0290843221745671
7.10118523761685,0,-0.0285278978712163,0,7.10118523761685,-0.0285278978712163,-0.0285278978712163,-0.0285278978712163,0.0595492352872805
8.39406695268219,0,0.0167837864563465,0,8.39406695268219,0.0167837864563465,0.0167837864563465,0.0167837864563465,0.0322473662392579
6.68163411954067,0,0.0399525800720857,0,6.68163411954067,0.0399525800720857,0.0399525800720857,0.0399525800720857,0.0632642521725607
10.9419857642508,0,-0.0876235523401562,0,10.9419857642508,-0.0876235523401562,-0.0876235523401562,-0.0876235523401562,0.0336377588977628
9.567453602661,0,-0.0130573193727359,0,9.567453602661,-0.0130573193727359,-0.0130573193727359,-0.0130573193727359,0.0264340771076804
9.56764954052794,0,-0.00578932875863998,0,9.56764954052794,-0.00578932875863998,-0.00578932875863998,-0.00578932875863998,0.0288617279537588
9.58796747981615,0,0.00725905880614161,0,9.58796747981615,0.00725905880614161,0.00725905880614161,0.00725905880614161,0.0422687684348916
10.3415882006709,0,-0.0979591311963027,0,10.3415882006709,-0.0979591311963027,-0.0979591311963027,-0.0979591311963027,0.0379022425227411
9.03381024943225,0,-0.0258591277728825,0,9.03381024943225,-0.0258591277728825,-0.0258591277728825,-0.0258591277728825,0.0210013285642308
7.292171244769,0,0.0214216184583366,0,7.292171244769,0.0214216184583366,0.0214216184583366,0.0214216184583366,0.00787016036700002
10.6567948708008,0,0.0203455428827325,0,10.6567948708008,0.0203455428827325,0.0203455428827325,0.0203455428827325,0.0367174068081082
15.83958844307,0,0.0399832495665445,0,15.83958844307,0.0399832495665445,0.0399832495665445,0.0399832495665445,0.0130470310288665
17.7014293147066,0,0.0234372077444364,0,17.7014293147066,0.0234372077444364,0.0234372077444364,0.0234372077444364,0.0323786122878216
18.5230702558348,0,-0.00995709768556392,0,18.5230702558348,-0.00995709768556392,-0.00995709768556392,-0.00995709768556392,0.0596686324209322
13.5036026382197,0,0.0260526179813793,0,13.5036026382197,0.0260526179813793,0.0260526179813793,0.0260526179813793,0.0175137052055195
13.9836050997556,0,-0.0596374353307077,0,13.9836050997556,-0.0596374353307077,-0.0596374353307077,-0.0596374353307077,0.0260159424457815
11.3110693140974,0,0.00982781565554414,0,11.3110693140974,0.00982781565554414,0.00982781565554414,0.00982781565554414,0.0152975413868066
20.6083384757102,0,-0.0196913974375486,0,20.6083384757102,-0.0196913974375486,-0.0196913974375486,-0.0196913974375486,0.0564075951702511
12.3671082351961,0,0.0210231372322994,0,12.3671082351961,0.0210231372322994,0.0210231372322994,0.0210231372322994,0.0160828742749283
12.3654554745313,0,-0.0686880413546458,0,12.3654554745313,-0.0686880413546458,-0.0686880413546458,-0.0686880413546458,0.0513325050706189
19.2556223171704,0,0.0285945738844167,0,19.2556223171704,0.0285945738844167,0.0285945738844167,0.0285945738844167,0.0139726523520546
34.7312424253189,0,0.00360906084633839,0,34.7312424253189,0.00360906084633839,0.00360906084633839,0.00360906084633839,0.017575833019559
54.7209102152747,0,0.0196726221291343,0,54.7209102152747,0.0196726221291343,0.0196726221291343,0.0196726221291343,0.0109274670854921
9.76552332936977,0,0.00564706861610557,0,9.76552332936977,0.00564706861610557,0.00564706861610557,0.00564706861610557,0.022210163633412
8.22166390729103,0,0.0200227074138689,0,8.22166390729103,0.0200227074138689,0.0200227074138689,0.0200227074138689,0.0889316774406693
8.77216358100521,0,0.0699261224100448,0,8.77216358100521,0.0699261224100448,0.0699261224100448,0.0699261224100448,0.0441440604084047
7.36539602284415,0,-0.0247872150245361,0,7.36539602284415,-0.0247872150245361,-0.0247872150245361,-0.0247872150245361,0.114121672795408
9.34902839864339,0,-0.0319037471830898,0,9.34902839864339,-0.0319037471830898,-0.0319037471830898,-0.0319037471830898,0.0353702402159913
12.5616640281909,0,0.00441577973083164,0,12.5616640281909,0.00441577973083164,0.00441577973083164,0.00441577973083164,0.0138459086615911
9.90269087384876,0,-0.0238997733934269,0,9.90269087384876,-0.0238997733934269,-0.0238997733934269,-0.0238997733934269,0.140365006537693
10.8363107906744,0,-0.028098390818107,0,10.8363107906744,-0.028098390818107,-0.028098390818107,-0.028098390818107,0.071926050301895
11.7003583105711,0,-0.00186774348468509,0,11.7003583105711,-0.00186774348468509,-0.00186774348468509,-0.00186774348468509,0.00589871207554302
14.1717804897526,0,0.027255899623745,0,14.1717804897526,0.027255899623745,0.027255899623745,0.027255899623745,0.0438772018708798
11.3171115233183,0,-0.0301299566297987,0,11.3171115233183,-0.0301299566297987,-0.0301299566297987,-0.0301299566297987,0.0549217163119364
12.491172371433,0,0.00616174807970621,0,12.491172371433,0.00616174807970621,0.00616174807970621,0.00616174807970621,0.0405245193389735
17.7574754531964,0,-0.0364542682670167,0,17.7574754531964,-0.0364542682670167,-0.0364542682670167,-0.0364542682670167,0.0437339114285826
23.3384346785706,0,0.0173424537425691,0,23.3384346785706,0.0173424537425691,0.0173424537425691,0.0173424537425691,0.0189266195413323
21.0471310356801,0,0.0617673658141888,0,21.0471310356801,0.0617673658141888,0.0617673658141888,0.0617673658141888,0.047052745863464
16.8846431378076,0,0.0592246738975235,0,16.8846431378076,0.0592246738975235,0.0592246738975235,0.0592246738975235,0.0580511049145327
140.778871317907,0,0.0554812237912711,0,140.778871317907,0.0554812237912711,0.0554812237912711,0.0554812237912711,0.0428661394520242
10.8384906759069,0,-0.00221059163205814,0,10.8384906759069,-0.00221059163205814,-0.00221059163205814,-0.00221059163205814,0.0251376149245104
5.36034284274372,0,0.0126214961722838,0,5.36034284274372,0.0126214961722838,0.0126214961722838,0.0126214961722838,0.0439400124984659
14.6925462604222,0,-0.00458452472707301,0,14.6925462604222,-0.00458452472707301,-0.00458452472707301,-0.00458452472707301,0.0444254697733256
12.6985002447189,0,0.0156151615690587,0,12.6985002447189,0.0156151615690587,0.0156151615690587,0.0156151615690587,0.0344296478282526
11.0161041029769,0,-0.0031766917676102,0,11.0161041029769,-0.0031766917676102,-0.0031766917676102,-0.0031766917676102,0.0522005254908412
12.612078023469,0,-0.0597088928688878,0,12.612078023469,-0.0597088928688878,-0.0597088928688878,-0.0597088928688878,0.0322576765582896
27.9381463268887,0,-0.0196646199066465,0,27.9381463268887,-0.0196646199066465,-0.0196646199066465,-0.0196646199066465,0.0266030945529787
28.4056044215739,0,-0.0234835133541325,0,28.4056044215739,-0.0234835133541325,-0.0234835133541325,-0.0234835133541325,0.0460235649191708
13.4368696617468,0,0.0535402362440232,0,13.4368696617468,0.0535402362440232,0.0535402362440232,0.0535402362440232,0.0282079903838013
14.3373106913918,0,-0.0165868652445846,0,14.3373106913918,-0.0165868652445846,-0.0165868652445846,-0.0165868652445846,0.0475684856482902
25.9320346135502,0,-0.0232712391594247,0,25.9320346135502,-0.0232712391594247,-0.0232712391594247,-0.0232712391594247,0.0300519735078187
NA,NA,NA,NA,NA,NA,NA,NA,NA
3.48138260502119,0,-0.0431716232209931,0,3.48138260502119,-0.0431716232209931,-0.0431716232209931,-0.0431716232209931,0.0321818721032191
5.59197431763262,0,-0.0578220526680145,0,5.59197431763262,-0.0578220526680145,-0.0578220526680145,-0.0578220526680145,0.0290843221745671
7.10118523761685,0,-0.0285278978712163,0,7.10118523761685,-0.0285278978712163,-0.0285278978712163,-0.0285278978712163,0.0595492352872805
8.39406695268219,0,0.0167837864563465,0,8.39406695268219,0.0167837864563465,0.0167837864563465,0.0167837864563465,0.0322473662392579
6.68163411954067,0,0.0399525800720857,0,6.68163411954067,0.0399525800720857,0.0399525800720857,0.0399525800720857,0.0632642521725607
10.9419857642508,0,-0.0876235523401562,0,10.9419857642508,-0.0876235523401562,-0.0876235523401562,-0.0876235523401562,0.0336377588977628
9.567453602661,0,-0.0130573193727359,0,9.567453602661,-0.0130573193727359,-0.0130573193727359,-0.0130573193727359,0.0264340771076804
9.56764954052794,0,-0.00578932875863998,0,9.56764954052794,-0.00578932875863998,-0.00578932875863998,-0.00578932875863998,0.0288617279537588
9.58796747981615,0,0.00725905880614161,0,9.58796747981615,0.00725905880614161,0.00725905880614161,0.00725905880614161,0.0422687684348916
10.3415882006709,0,-0.0979591311963027,0,10.3415882006709,-0.0979591311963027,-0.0979591311963027,-0.0979591311963027,0.0379022425227411
9.03381024943225,0,-0.0258591277728825,0,9.03381024943225,-0.0258591277728825,-0.0258591277728825,-0.0258591277728825,0.0210013285642308
7.292171244769,0,0.0214216184583366,0,7.292171244769,0.0214216184583366,0.0214216184583366,0.0214216184583366,0.00787016036700002
10.6567948708008,0,0.0203455428827325,0,10.6567948708008,0.0203455428827325,0.0203455428827325,0.0203455428827325,0.0367174068081082
15.83958844307,0,0.0399832495665445,0,15.83958844307,0.0399832495665445,0.0399832495665445,0.0399832495665445,0.0130470310288665
17.7014293147066,0,0.0234372077444364,0,17.7014293147066,0.0234372077444364,0.0234372077444364,0.0234372077444364,0.0323786122878216
18.5230702558348,0,-0.00995709768556392,0,18.5230702558348,-0.00995709768556392,-0.00995709768556392,-0.00995709768556392,0.0596686324209322
13.5036026382197,0,0.0260526179813793,0,13.5036026382197,0.0260526179813793,0.0260526179813793,0.0260526179813793,0.0175137052055195
13.9836050997556,0,-0.0596374353307077,0,13.9836050997556,-0.0596374353307077,-0.0596374353307077,-0.0596374353307077,0.0260159424457815
11.3110693140974,0,0.00982781565554414,0,11.3110693140974,0.00982781565554414,0.00982781565554414,0.00982781565554414,0.0152975413868066
20.6083384757102,0,-0.0196913974375486,0,20.6083384757102,-0.0196913974375486,-0.0196913974375486,-0.0196913974375486,0.0564075951702511
12.3671082351961,0,0.0210231372322994,0,12.3671082351961,0.0210231372322994,0.0210231372322994,0.0210231372322994,0.0160828742749283
12.3654554745313,0,-0.0686880413546458,0,12.3654554745313,-0.0686880413546458,-0.0686880413546458,-0.0686880413546458,0.0513325050706189
19.2556223171704,0,0.0285945738844167,0,19.2556223171704,0.0285945738844167,0.0285945738844167,0.0285945738844167,0.0139726523520546
34.7312424253189,0,0.00360906084633839,0,34.7312424253189,0.00360906084633839,0.00360906084633839,0.00360906084633839,0.017575833019559
54.7209102152747,0,0.0196726221291343,0,54.7209102152747,0.0196726221291343,0.0196726221291343,0.0196726221291343,0.0109274670854921
9.76552332936977,0,0.00564706861610557,0,9.76552332936977,0.00564706861610557,0.00564706861610557,0.00564706861610557,0.022210163633412
8.22166390729103,0,0.0200227074138689,0,8.22166390729103,0.0200227074138689,0.0200227074138689,0.0200227074138689,0.0889316774406693
8.77216358100521,0,0.0699261224100448,0,8.77216358100521,0.0699261224100448,0.0699261224100448,0.0699261224100448,0.0441440604084047
7.36539602284415,0,-0.0247872150245361,0,7.36539602284415,-0.0247872150245361,-0.0247872150245361,-0.0247872150245361,0.114121672795408
9.34902839864339,0,-0.0319037471830898,0,9.34902839864339,-0.0319037471830898,-0.0319037471830898,-0.0319037471830898,0.0353702402159913
12.5616640281909,0,0.00441577973083164,0,12.5616640281909,0.00441577973083164,0.00441577973083164,0.00441577973083164,0.0138459086615911
9.90269087384876,0,-0.0238997733934269,0,9.90269087384876,-0.0238997733934269,-0.0238997733934269,-0.0238997733934269,0.140365006537693
10.8363107906744,0,-0.028098390818107,0,10.8363107906744,-0.028098390818107,-0.028098390818107,-0.028098390818107,0.071926050301895
11.7003583105711,0,-0.00186774348468509,0,11.7003583105711,-0.00186774348468509,-0.00186774348468509,-0.00186774348468509,0.00589871207554302
14.1717804897526,0,0.027255899623745,0,14.1717804897526,0.027255899623745,0.027255899623745,0.027255899623745,0.0438772018708798
11.3171115233183,0,-0.0301299566297987,0,11.3171115233183,-0.0301299566297987,-0.0301299566297987,-0.0301299566297987,0.0549217163119364
12.491172371433,0,0.00616174807970621,0,12.491172371433,0.00616174807970621,0.00616174807970621,0.00616174807970621,0.0405245193389735
17.7574754531964,0,-0.0364542682670167,0,17.7574754531964,-0.0364542682670167,-0.0364542682670167,-0.0364542682670167,0.0437339114285826
23.3384346785706,0,0.0173424537425691,0,23.3384346785706,0.0173424537425691,0.0173424537425691,0.0173424537425691,0.0189266195413323
21.0471310356801,0,0.0617673658141888,0,21.0471310356801,0.0617673658141888,0.0617673658141888,0.0617673658141888,0.047052745863464
16.8846431378076,0,0.0592246738975235,0,16.8846431378076,0.0592246738975235,0.0592246738975235,0.0592246738975235,0.0580511049145327
140.778871317907,0,0.0554812237912711,0,140.778871317907,0.0554812237912711,0.0554812237912711,0.0554812237912711,0.0428661394520242
10.8384906759069,0,-0.00221059163205814,0,10.8384906759069,-0.00221059163205814,-0.00221059163205814,-0.00221059163205814,0.0251376149245104
5.36034284274372,0,0.0126214961722838,0,5.36034284274372,0.0126214961722838,0.0126214961722838,0.0126214961722838,0.0439400124984659
14.6925462604222,0,-0.00458452472707301,0,14.6925462604222,-0.00458452472707301,-0.00458452472707301,-0.00458452472707301,0.0444254697733256
12.6985002447189,0,0.0156151615690587,0,12.6985002447189,0.0156151615690587,0.0156151615690587,0.0156151615690587,0.0344296478282526
11.0161041029769,0,-0.0031766917676102,0,11.0161041029769,-0.0031766917676102,-0.0031766917676102,-0.0031766917676102,0.0522005254908412
12.612078023469,0,-0.0597088928688878,0,12.612078023469,-0.0597088928688878,-0.0597088928688878,-0.0597088928688878,0.0322576765582896
27.9381463268887,0,-0.0196646199066465,0,27.9381463268887,-0.0196646199066465,-0.0196646199066465,-0.0196646199066465,0.0266030945529787
28.4056044215739,0,-0.0234835133541325,0,28.4056044215739,-0.0234835133541325,-0.0234835133541325,-0.0234835133541325,0.0460235649191708
13.4368696617468,0,0.0535402362440232,0,13.4368696617468,0.0535402362440232,0.0535402362440232,0.0535402362440232,0.0282079903838013
14.3373106913918,0,-0.0165868652445846,0,14.3373106913918,-0.0165868652445846,-0.0165868652445846,-0.0165868652445846,0.0475684856482902
25.9320346135502,0,-0.0232712391594247,0,25.9320346135502,-0.0232712391594247,-0.0232712391594247,-0.0232712391594247,0.0300519735078187
NA,NA,NA,NA,NA,NA,NA,NA,NA
3.48138260502119,0,-0.0431716232209931,0,3.48138260502119,-0.0431716232209931,-0.0431716232209931,-0.0431716232209931,0.0321818721032191
5.59197431763262,0,-0.0578220526680145,0,5.59197431763262,-0.0578220526680145,-0.0578220526680145,-0.0578220526680145,0.0290843221745671
7.10118523761685,0,-0.0285278978712163,0,7.10118523761685,-0.0285278978712163,-0.0285278978712163,-0.0285278978712163,0.0595492352872805
8.39406695268219,0,0.0167837864563465,0,8.39406695268219,0.0167837864563465,0.0167837864563465,0.0167837864563465,0.0322473662392579
6.68163411954067,0,0.0399525800720857,0,6.68163411954067,0.0399525800720857,0.0399525800720857,0.0399525800720857,0.0632642521725607
10.9419857642508,0,-0.0876235523401562,0,10.9419857642508,-0.0876235523401562,-0.0876235523401562,-0.0876235523401562,0.0336377588977628
9.567453602661,0,-0.0130573193727359,0,9.567453602661,-0.0130573193727359,-0.0130573193727359,-0.0130573193727359,0.0264340771076804
9.56764954052794,0,-0.00578932875863998,0,9.56764954052794,-0.00578932875863998,-0.00578932875863998,-0.00578932875863998,0.0288617279537588
9.58796747981615,0,0.00725905880614161,0,9.58796747981615,0.00725905880614161,0.00725905880614161,0.00725905880614161,0.0422687684348916
10.3415882006709,0,-0.0979591311963027,0,10.3415882006709,-0.0979591311963027,-0.0979591311963027,-0.0979591311963027,0.0379022425227411
9.03381024943225,0,-0.0258591277728825,0,9.03381024943225,-0.0258591277728825,-0.0258591277728825,-0.0258591277728825,0.0210013285642308
7.292171244769,0,0.0214216184583366,0,7.292171244769,0.0214216184583366,0.0214216184583366,0.0214216184583366,0.00787016036700002
10.6567948708008,0,0.0203455428827325,0,10.6567948708008,0.0203455428827325,0.0203455428827325,0.0203455428827325,0.0367174068081082
15.83958844307,0,0.0399832495665445,0,15.83958844307,0.0399832495665445,0.0399832495665445,0.0399832495665445,0.0130470310288665
17.7014293147066,0,0.0234372077444364,0,17.7014293147066,0.0234372077444364,0.0234372077444364,0.0234372077444364,0.0323786122878216
18.5230702558348,0,-0.00995709768556392,0,18.5230702558348,-0.00995709768556392,-0.00995709768556392,-0.00995709768556392,0.0596686324209322
13.5036026382197,0,0.0260526179813793,0,13.5036026382197,0.0260526179813793,0.0260526179813793,0.0260526179813793,0.0175137052055195
13.9836050997556,0,-0.0596374353307077,0,13.9836050997556,-0.0596374353307077,-0.0596374353307077,-0.0596374353307077,0.0260159424457815
11.3110693140974,0,0.00982781565554414,0,11.3110693140974,0.00982781565554414,0.00982781565554414,0.00982781565554414,0.0152975413868066
20.6083384757102,0,-0.0196913974375486,0,20.6083384757102,-0.0196913974375486,-0.0196913974375486,-0.0196913974375486,0.0564075951702511
12.3671082351961,0,0.0210231372322994,0,12.3671082351961,0.0210231372322994,0.0210231372322994,0.0210231372322994,0.0160828742749283
12.3654554745313,0,-0.0686880413546458,0,12.3654554745313,-0.0686880413546458,-0.0686880413546458,-0.0686880413546458,0.0513325050706189
19.2556223171704,0,0.0285945738844167,0,19.2556223171704,0.0285945738844167,0.0285945738844167,0.0285945738844167,0.0139726523520546
34.7312424253189,0,0.00360906084633839,0,34.7312424253189,0.00360906084633839,0.00360906084633839,0.00360906084633839,0.017575833019559
54.7209102152747,0,0.0196726221291343,0,54.7209102152747,0.0196726221291343,0.0196726221291343,0.0196726221291343,0.0109274670854921
9.76552332936977,0,0.00564706861610557,0,9.76552332936977,0.00564706861610557,0.00564706861610557,0.00564706861610557,0.022210163633412
8.22166390729103,0,0.0200227074138689,0,8.22166390729103,0.0200227074138689,0.0200227074138689,0.0200227074138689,0.0889316774406693
8.77216358100521,0,0.0699261224100448,0,8.77216358100521,0.0699261224100448,0.0699261224100448,0.0699261224100448,0.0441440604084047
7.36539602284415,0,-0.0247872150245361,0,7.36539602284415,-0.0247872150245361,-0.0247872150245361,-0.0247872150245361,0.114121672795408
9.34902839864339,0,-0.0319037471830898,0,9.34902839864339,-0.0319037471830898,-0.0319037471830898,-0.0319037471830898,0.0353702402159913
12.5616640281909,0,0.00441577973083164,0,12.5616640281909,0.00441577973083164,0.00441577973083164,0.00441577973083164,0.0138459086615911
9.90269087384876,0,-0.0238997733934269,0,9.90269087384876,-0.0238997733934269,-0.0238997733934269,-0.0238997733934269,0.140365006537693
10.8363107906744,0,-0.028098390818107,0,10.8363107906744,-0.028098390818107,-0.028098390818107,-0.028098390818107,0.071926050301895
11.7003583105711,0,-0.00186774348468509,0,11.7003583105711,-0.00186774348468509,-0.00186774348468509,-0.00186774348468509,0.00589871207554302
14.1717804897526,0,0.027255899623745,0,14.1717804897526,0.027255899623745,0.027255899623745,0.027255899623745,0.0438772018708798
11.3171115233183,0,-0.0301299566297987,0,11.3171115233183,-0.0301299566297987,-0.0301299566297987,-0.0301299566297987,0.0549217163119364
12.491172371433,0,0.00616174807970621,0,12.491172371433,0.00616174807970621,0.00616174807970621,0.00616174807970621,0.0405245193389735
17.7574754531964,0,-0.0364542682670167,0,17.7574754531964,-0.0364542682670167,-0.0364542682670167,-0.0364542682670167,0.0437339114285826
23.3384346785706,0,0.0173424537425691,0,23.3384346785706,0.0173424537425691,0.0173424537425691,0.0173424537425691,0.0189266195413323
21.0471310356801,0,0.0617673658141888,0,21.0471310356801,0.0617673658141888,0.0617673658141888,0.0617673658141888,0.047052745863464
16.8846431378076,0,0.0592246738975235,0,16.8846431378076,0.0592246738975235,0.0592246738975235,0.0592246738975235,0.0580511049145327
140.778871317907,0,0.0554812237912711,0,140.778871317907,0.0554812237912711,0.0554812237912711,0.0554812237912711,0.0428661394520242
10.8384906759069,0,-0.00221059163205814,0,10.8384906759069,-0.00221059163205814,-0.00221059163205814,-0.00221059163205814,0.0251376149245104
5.36034284274372,0,0.0126214961722838,0,5.36034284274372,0.0126214961722838,0.0126214961722838,0.0126214961722838,0.0439400124984659
14.6925462604222,0,-0.00458452472707301,0,14.6925462604222,-0.00458452472707301,-0.00458452472707301,-0.00458452472707301,0.0444254697733256
12.6985002447189,0,0.0156151615690587,0,12.6985002447189,0.0156151615690587,0.0156151615690587,0.0156151615690587,0.0344296478282526
11.0161041029769,0,-0.0031766917676102,0,11.0161041029769,-0.0031766917676102,-0.0031766917676102,-0.0031766917676102,0.0522005254908412
12.612078023469,0,-0.0597088928688878,0,12.612078023469,-0.0597088928688878,-0.0597088928688878,-0.0597088928688878,0.0322576765582896
27.9381463268887,0,-0.0196646199066465,0,27.9381463268887,-0.0196646199066465,-0.0196646199066465,-0.0196646199066465,0.0266030945529787
28.4056044215739,0,-0.0234835133541325,0,28.4056044215739,-0.0234835133541325,-0.0234835133541325,-0.0234835133541325,0.0460235649191708
13.4368696617468,0,0.0535402362440232,0,13.4368696617468,0.0535402362440232,0.0535402362440232,0.0535402362440232,0.0282079903838013
14.3373106913918,0,-0.0165868652445846,0,14.3373106913918,-0.0165868652445846,-0.0165868652445846,-0.0165868652445846,0.0475684856482902
25.9320346135502,0,-0.0232712391594247,0,25.9320346135502,-0.0232712391594247,-0.0232712391594247,-0.0232712391594247,0.0300519735078187
NA,NA,NA,NA,NA,NA,NA,NA,NA
3.48138260502119,0,-0.0431716232209931,0,3.48138260502119,-0.0431716232209931,-0.0431716232209931,-0.0431716232209931,0.0321818721032191
5.59197431763262,0,-0.0578220526680145,0,5.59197431763262,-0.0578220526680145,-0.0578220526680145,-0.0578220526680145,0.0290843221745671
7.10118523761685,0,-0.0285278978712163,0,7.10118523761685,-0.0285278978712163,-0.0285278978712163,-0.0285278978712163,0.0595492352872805
8.39406695268219,0,0.0167837864563465,0,8.39406695268219,0.0167837864563465,0.0167837864563465,0.0167837864563465,0.0322473662392579
6.68163411954067,0,0.0399525800720857,0,6.68163411954067,0.0399525800720857,0.0399525800720857,0.0399525800720857,0.0632642521725607
10.9419857642508,0,-0.0876235523401562,0,10.9419857642508,-0.0876235523401562,-0.0876235523401562,-0.0876235523401562,0.0336377588977628
9.567453602661,0,-0.0130573193727359,0,9.567453602661,-0.0130573193727359,-0.0130573193727359,-0.0130573193727359,0.0264340771076804
9.56764954052794,0,-0.00578932875863998,0,9.56764954052794,-0.00578932875863998,-0.00578932875863998,-0.00578932875863998,0.0288617279537588
9.58796747981615,0,0.00725905880614161,0,9.58796747981615,0.00725905880614161,0.00725905880614161,0.00725905880614161,0.0422687684348916
10.3415882006709,0,-0.0979591311963027,0,10.3415882006709,-0.0979591311963027,-0.0979591311963027,-0.0979591311963027,0.0379022425227411
9.03381024943225,0,-0.0258591277728825,0,9.03381024943225,-0.0258591277728825,-0.0258591277728825,-0.0258591277728825,0.0210013285642308
7.292171244769,0,0.0214216184583366,0,7.292171244769,0.0214216184583366,0.0214216184583366,0.0214216184583366,0.00787016036700002
10.6567948708008,0,0.0203455428827325,0,10.6567948708008,0.0203455428827325,0.0203455428827325,0.0203455428827325,0.0367174068081082
15.83958844307,0,0.0399832495665445,0,15.83958844307,0.0399832495665445,0.0399832495665445,0.0399832495665445,0.0130470310288665
17.7014293147066,0,0.0234372077444364,0,17.7014293147066,0.0234372077444364,0.0234372077444364,0.0234372077444364,0.0323786122878216
18.5230702558348,0,-0.00995709768556392,0,18.5230702558348,-0.00995709768556392,-0.00995709768556392,-0.00995709768556392,0.0596686324209322
13.5036026382197,0,0.0260526179813793,0,13.5036026382197,0.0260526179813793,0.0260526179813793,0.0260526179813793,0.0175137052055195
13.9836050997556,0,-0.0596374353307077,0,13.9836050997556,-0.0596374353307077,-0.0596374353307077,-0.0596374353307077,0.0260159424457815
11.3110693140974,0,0.00982781565554414,0,11.3110693140974,0.00982781565554414,0.00982781565554414,0.00982781565554414,0.0152975413868066
20.6083384757102,0,-0.0196913974375486,0,20.6083384757102,-0.0196913974375486,-0.0196913974375486,-0.0196913974375486,0.0564075951702511
12.3671082351961,0,0.0210231372322994,0,12.3671082351961,0.0210231372322994,0.0210231372322994,0.0210231372322994,0.0160828742749283
12.3654554745313,0,-0.0686880413546458,0,12.3654554745313,-0.0686880413546458,-0.0686880413546458,-0.0686880413546458,0.0513325050706189
19.2556223171704,0,0.0285945738844167,0,19.2556223171704,0.0285945738844167,0.0285945738844167,0.0285945738844167,0.0139726523520546
34.7312424253189,0,0.00360906084633839,0,34.7312424253189,0.00360906084633839,0.00360906084633839,0.00360906084633839,0.017575833019559
54.7209102152747,0,0.0196726221291343,0,54.7209102152747,0.0196726221291343,0.0196726221291343,0.0196726221291343,0.0109274670854921
9.76552332936977,0,0.00564706861610557,0,9.76552332936977,0.00564706861610557,0.00564706861610557,0.00564706861610557,0.022210163633412
8.22166390729103,0,0.0200227074138689,0,8.22166390729103,0.0200227074138689,0.0200227074138689,0.0200227074138689,0.0889316774406693
8.77216358100521,0,0.0699261224100448,0,8.77216358100521,0.0699261224100448,0.0699261224100448,0.0699261224100448,0.0441440604084047
7.36539602284415,0,-0.0247872150245361,0,7.36539602284415,-0.0247872150245361,-0.0247872150245361,-0.0247872150245361,0.114121672795408
9.34902839864339,0,-0.0319037471830898,0,9.34902839864339,-0.0319037471830898,-0.0319037471830898,-0.0319037471830898,0.0353702402159913
12.5616640281909,0,0.00441577973083164,0,12.5616640281909,0.00441577973083164,0.00441577973083164,0.00441577973083164,0.0138459086615911
9.90269087384876,0,-0.0238997733934269,0,9.90269087384876,-0.0238997733934269,-0.0238997733934269,-0.0238997733934269,0.140365006537693
10.8363107906744,0,-0.028098390818107,0,10.8363107906744,-0.028098390818107,-0.028098390818107,-0.028098390818107,0.071926050301895
11.7003583105711,0,-0.00186774348468509,0,11.7003583105711,-0.00186774348468509,-0.00186774348468509,-0.00186774348468509,0.00589871207554302
14.1717804897526,0,0.027255899623745,0,14.1717804897526,0.027255899623745,0.027255899623745,0.027255899623745,0.0438772018708798
11.3171115233183,0,-0.0301299566297987,0,11.3171115233183,-0.0301299566297987,-0.0301299566297987,-0.0301299566297987,0.0549217163119364
12.491172371433,0,0.00616174807970621,0,12.491172371433,0.00616174807970621,0.00616174807970621,0.00616174807970621,0.0405245193389735
17.7574754531964,0,-0.0364542682670167,0,17.7574754531964,-0.0364542682670167,-0.0364542682670167,-0.0364542682670167,0.0437339114285826
23.3384346785706,0,0.0173424537425691,0,23.3384346785706,0.0173424537425691,0.0173424537425691,0.0173424537425691,0.0189266195413323
21.0471310356801,0,0.0617673658141888,0,21.0471310356801,0.0617673658141888,0.0617673658141888,0.0617673658141888,0.047052745863464
16.8846431378076,0,0.0592246738975235,0,16.8846431378076,0.0592246738975235,0.0592246738975235,0.0592246738975235,0.0580511049145327
140.778871317907,0,0.0554812237912711,0,140.778871317907,0.0554812237912711,0.0554812237912711,0.0554812237912711,0.0428661394520242
10.8384906759069,0,-0.00221059163205814,0,10.8384906759069,-0.00221059163205814,-0.00221059163205814,-0.00221059163205814,0.0251376149245104
5.36034284274372,0,0.0126214961722838,0,5.36034284274372,0.0126214961722838,0.0126214961722838,0.0126214961722838,0.0439400124984659
14.6925462604222,0,-0.00458452472707301,0,14.6925462604222,-0.00458452472707301,-0.00458452472707301,-0.00458452472707301,0.0444254697733256
12.6985002447189,0,0.0156151615690587,0,12.6985002447189,0.0156151615690587,0.0156151615690587,0.0156151615690587,0.0344296478282526
11.0161041029769,0,-0.0031766917676102,0,11.0161041029769,-0.0031766917676102,-0.0031766917676102,-0.0031766917676102,0.0522005254908412
12.612078023469,0,-0.0597088928688878,0,12.612078023469,-0.0597088928688878,-0.0597088928688878,-0.0597088928688878,0.0322576765582896
27.9381463268887,0,-0.0196646199066465,0,27.9381463268887,-0.0196646199066465,-0.0196646199066465,-0.0196646199066465,0.0266030945529787
28.4056044215739,0,-0.0234835133541325,0,28.4056044215739,-0.0234835133541325,-0.0234835133541325,-0.0234835133541325,0.0460235649191708
13.4368696617468,0,0.0535402362440232,0,13.4368696617468,0.0535402362440232,0.0535402362440232,0.0535402362440232,0.0282079903838013
14.3373106913918,0,-0.0165868652445846,0,14.3373106913918,-0.0165868652445846,-0.0165868652445846,-0.0165868652445846,0.0475684856482902
25.9320346135502,0,-0.0232712391594247,0,25.9320346135502,-0.0232712391594247,-0.0232712391594247,-0.0232712391594247,0.0300519735078187
NA,NA,NA,NA,NA,NA,NA,NA,NA
3.48138260502119,0,-0.0431716232209931,0,3.48138260502119,-0.0431716232209931,-0.0431716232209931,-0.0431716232209931,0.0321818721032191
5.59197431763262,0,-0.0578220526680145,0,5.59197431763262,-0.0578220526680145,-0.0578220526680145,-0.0578220526680145,0.0290843221745671
7.10118523761685,0,-0.0285278978712163,0,7.10118523761685,-0.0285278978712163,-0.0285278978712163,-0.0285278978712163,0.0595492352872805
8.39406695268219,0,0.0167837864563465,0,8.39406695268219,0.0167837864563465,0.0167837864563465,0.0167837864563465,0.0322473662392579
6.68163411954067,0,0.0399525800720857,0,6.68163411954067,0.0399525800720857,0.0399525800720857,0.0399525800720857,0.0632642521725607
10.9419857642508,0,-0.0876235523401562,0,10.9419857642508,-0.0876235523401562,-0.0876235523401562,-0.0876235523401562,0.0336377588977628
9.567453602661,0,-0.0130573193727359,0,9.567453602661,-0.0130573193727359,-0.0130573193727359,-0.0130573193727359,0.0264340771076804
9.56764954052794,0,-0.00578932875863998,0,9.56764954052794,-0.00578932875863998,-0.00578932875863998,-0.00578932875863998,0.0288617279537588
9.58796747981615,0,0.00725905880614161,0,9.58796747981615,0.00725905880614161,0.00725905880614161,0.00725905880614161,0.0422687684348916
10.3415882006709,0,-0.0979591311963027,0,10.3415882006709,-0.0979591311963027,-0.0979591311963027,-0.0979591311963027,0.0379022425227411
9.03381024943225,0,-0.0258591277728825,0,9.03381024943225,-0.0258591277728825,-0.0258591277728825,-0.0258591277728825,0.0210013285642308
7.292171244769,0,0.0214216184583366,0,7.292171244769,0.0214216184583366,0.0214216184583366,0.0214216184583366,0.00787016036700002
10.6567948708008,0,0.0203455428827325,0,10.6567948708008,0.0203455428827325,0.0203455428827325,0.0203455428827325,0.0367174068081082
15.83958844307,0,0.0399832495665445,0,15.83958844307,0.0399832495665445,0.0399832495665445,0.0399832495665445,0.0130470310288665
17.7014293147066,0,0.0234372077444364,0,17.7014293147066,0.0234372077444364,0.0234372077444364,0.0234372077444364,0.0323786122878216
18.5230702558348,0,-0.00995709768556392,0,18.5230702558348,-0.00995709768556392,-0.00995709768556392,-0.00995709768556392,0.0596686324209322
13.5036026382197,0,0.0260526179813793,0,13.5036026382197,0.0260526179813793,0.0260526179813793,0.0260526179813793,0.0175137052055195
13.9836050997556,0,-0.0596374353307077,0,13.9836050997556,-0.0596374353307077,-0.0596374353307077,-0.0596374353307077,0.0260159424457815
11.3110693140974,0,0.00982781565554414,0,11.3110693140974,0.00982781565554414,0.00982781565554414,0.00982781565554414,0.0152975413868066
20.6083384757102,0,-0.0196913974375486,0,20.6083384757102,-0.0196913974375486,-0.0196913974375486,-0.0196913974375486,0.0564075951702511
12.3671082351961,0,0.0210231372322994,0,12.3671082351961,0.0210231372322994,0.0210231372322994,0.0210231372322994,0.0160828742749283
12.3654554745313,0,-0.0686880413546458,0,12.3654554745313,-0.0686880413546458,-0.0686880413546458,-0.0686880413546458,0.0513325050706189
19.2556223171704,0,0.0285945738844167,0,19.2556223171704,0.0285945738844167,0.0285945738844167,0.0285945738844167,0.0139726523520546
34.7312424253189,0,0.00360906084633839,0,34.7312424253189,0.00360906084633839,0.00360906084633839,0.00360906084633839,0.017575833019559
54.7209102152747,0,0.0196726221291343,0,54.7209102152747,0.0196726221291343,0.0196726221291343,0.0196726221291343,0.0109274670854921
9.76552332936977,0,0.00564706861610557,0,9.76552332936977,0.00564706861610557,0.00564706861610557,0.00564706861610557,0.022210163633412
8.22166390729103,0,0.0200227074138689,0,8.22166390729103,0.0200227074138689,0.0200227074138689,0.0200227074138689,0.0889316774406693
8.77216358100521,0,0.0699261224100448,0,8.77216358100521,0.0699261224100448,0.0699261224100448,0.0699261224100448,0.0441440604084047
7.36539602284415,0,-0.0247872150245361,0,7.36539602284415,-0.0247872150245361,-0.0247872150245361,-0.0247872150245361,0.114121672795408
9.34902839864339,0,-0.0319037471830898,0,9.34902839864339,-0.0319037471830898,-0.0319037471830898,-0.0319037471830898,0.0353702402159913
12.5616640281909,0,0.00441577973083164,0,12.5616640281909,0.00441577973083164,0.00441577973083164,0.00441577973083164,0.0138459086615911
9.90269087384876,0,-0.0238997733934269,0,9.90269087384876,-0.0238997733934269,-0.0238997733934269,-0.0238997733934269,0.140365006537693
10.8363107906744,0,-0.028098390818107,0,10.8363107906744,-0.028098390818107,-0.028098390818107,-0.028098390818107,0.071926050301895
11.7003583105711,0,-0.00186774348468509,0,11.7003583105711,-0.00186774348468509,-0.00186774348468509,-0.00186774348468509,0.00589871207554302
14.1717804897526,0,0.027255899623745,0,14.1717804897526,0.027255899623745,0.027255899623745,0.027255899623745,0.0438772018708798
11.3171115233183,0,-0.0301299566297987,0,11.3171115233183,-0.0301299566297987,-0.0301299566297987,-0.0301299566297987,0.0549217163119364
12.491172371433,0,0.00616174807970621,0,12.491172371433,0.00616174807970621,0.00616174807970621,0.00616174807970621,0.0405245193389735
17.7574754531964,0,-0.0364542682670167,0,17.7574754531964,-0.0364542682670167,-0.0364542682670167,-0.0364542682670167,0.0437339114285826
23.3384346785706,0,0.0173424537425691,0,23.3384346785706,0.0173424537425691,0.0173424537425691,0.0173424537425691,0.0189266195413323
21.0471310356801,0,0.0617673658141888,0,21.0471310356801,0.0617673658141888,0.0617673658141888,0.0617673658141888,0.047052745863464
16.8846431378076,0,0.0592246738975235,0,16.8846431378076,0.0592246738975235,0.0592246738975235,0.0592246738975235,0.0580511049145327
140.778871317907,0,0.0554812237912711,0,140.778871317907,0.0554812237912711,0.0554812237912711,0.0554812237912711,0.0428661394520242
10.8384906759069,0,-0.00221059163205814,0,10.8384906759069,-0.00221059163205814,-0.00221059163205814,-0.00221059163205814,0.0251376149245104
5.36034284274372,0,0.0126214961722838,0,5.36034284274372,0.0126214961722838,0.0126214961722838,0.0126214961722838,0.0439400124984659
14.6925462604222,0,-0.00458452472707301,0,14.6925462604222,-0.00458452472707301,-0.00458452472707301,-0.00458452472707301,0.0444254697733256
12.6985002447189,0,0.0156151615690587,0,12.6985002447189,0.0156151615690587,0.0156151615690587,0.0156151615690587,0.0344296478282526
11.0161041029769,0,-0.0031766917676102,0,11.0161041029769,-0.0031766917676102,-0.0031766917676102,-0.0031766917676102,0.0522005254908412
12.612078023469,0,-0.0597088928688878,0,12.612078023469,-0.0597088928688878,-0.0597088928688878,-0.0597088928688878,0.0322576765582896
27.9381463268887,0,-0.0196646199066465,0,27.9381463268887,-0.0196646199066465,-0.0196646199066465,-0.0196646199066465,0.0266030945529787
28.4056044215739,0,-0.0234835133541325,0,28.4056044215739,-0.0234835133541325,-0.0234835133541325,-0.0234835133541325,0.0460235649191708
13.4368696617468,0,0.0535402362440232,0,13.4368696617468,0.0535402362440232,0.0535402362440232,0.0535402362440232,0.0282079903838013
14.3373106913918,0,-0.0165868652445846,0,14.3373106913918,-0.0165868652445846,-0.0165868652445846,-0.0165868652445846,0.0475684856482902
25.9320346135502,0,-0.0232712391594247,0,25.9320346135502,-0.0232712391594247,-0.0232712391594247,-0.0232712391594247,0.0300519735078187
NA,NA,NA,NA,NA,NA,NA,NA,NA
3.48138260502119,0,-0.0431716232209931,0,3.48138260502119,-0.0431716232209931,-0.0431716232209931,-0.0431716232209931,0.0321818721032191
5.59197431763262,0,-0.0578220526680145,0,5.59197431763262,-0.0578220526680145,-0.0578220526680145,-0.0578220526680145,0.0290843221745671
7.10118523761685,0,-0.0285278978712163,0,7.10118523761685,-0.0285278978712163,-0.0285278978712163,-0.0285278978712163,0.0595492352872805
8.39406695268219,0,0.0167837864563465,0,8.39406695268219,0.0167837864563465,0.0167837864563465,0.0167837864563465,0.0322473662392579
6.68163411954067,0,0.0399525800720857,0,6.68163411954067,0.0399525800720857,0.0399525800720857,0.0399525800720857,0.0632642521725607
10.9419857642508,0,-0.0876235523401562,0,10.9419857642508,-0.0876235523401562,-0.0876235523401562,-0.0876235523401562,0.0336377588977628
9.567453602661,0,-0.0130573193727359,0,9.567453602661,-0.0130573193727359,-0.0130573193727359,-0.0130573193727359,0.0264340771076804
9.56764954052794,0,-0.00578932875863998,0,9.56764954052794,-0.00578932875863998,-0.00578932875863998,-0.00578932875863998,0.0288617279537588
9.58796747981615,0,0.00725905880614161,0,9.58796747981615,0.00725905880614161,0.00725905880614161,0.00725905880614161,0.0422687684348916
10.3415882006709,0,-0.0979591311963027,0,10.3415882006709,-0.0979591311963027,-0.0979591311963027,-0.0979591311963027,0.0379022425227411
9.03381024943225,0,-0.0258591277728825,0,9.03381024943225,-0.0258591277728825,-0.0258591277728825,-0.0258591277728825,0.0210013285642308
7.292171244769,0,0.0214216184583366,0,7.292171244769,0.0214216184583366,0.0214216184583366,0.0214216184583366,0.00787016036700002
10.6567948708008,0,0.0203455428827325,0,10.6567948708008,0.0203455428827325,0.0203455428827325,0.0203455428827325,0.0367174068081082
15.83958844307,0,0.0399832495665445,0,15.83958844307,0.0399832495665445,0.0399832495665445,0.0399832495665445,0.0130470310288665
17.7014293147066,0,0.0234372077444364,0,17.7014293147066,0.0234372077444364,0.0234372077444364,0.0234372077444364,0.0323786122878216
18.5230702558348,0,-0.00995709768556392,0,18.5230702558348,-0.00995709768556392,-0.00995709768556392,-0.00995709768556392,0.0596686324209322
13.5036026382197,0,0.0260526179813793,0,13.5036026382197,0.0260526179813793,0.0260526179813793,0.0260526179813793,0.0175137052055195
13.9836050997556,0,-0.0596374353307077,0,13.9836050997556,-0.0596374353307077,-0.0596374353307077,-0.0596374353307077,0.0260159424457815
11.3110693140974,0,0.00982781565554414,0,11.3110693140974,0.00982781565554414,0.00982781565554414,0.00982781565554414,0.0152975413868066
20.6083384757102,0,-0.0196913974375486,0,20.6083384757102,-0.0196913974375486,-0.0196913974375486,-0.0196913974375486,0.0564075951702511
12.3671082351961,0,0.0210231372322994,0,12.3671082351961,0.0210231372322994,0.0210231372322994,0.0210231372322994,0.0160828742749283
12.3654554745313,0,-0.0686880413546458,0,12.3654554745313,-0.0686880413546458,-0.0686880413546458,-0.0686880413546458,0.0513325050706189
19.2556223171704,0,0.0285945738844167,0,19.2556223171704,0.0285945738844167,0.0285945738844167,0.0285945738844167,0.0139726523520546
34.7312424253189,0,0.00360906084633839,0,34.7312424253189,0.00360906084633839,0.00360906084633839,0.00360906084633839,0.017575833019559
54.7209102152747,0,0.0196726221291343,0,54.7209102152747,0.0196726221291343,0.0196726221291343,0.0196726221291343,0.0109274670854921
9.76552332936977,0,0.00564706861610557,0,9.76552332936977,0.00564706861610557,0.00564706861610557,0.00564706861610557,0.022210163633412
8.22166390729103,0,0.0200227074138689,0,8.22166390729103,0.0200227074138689,0.0200227074138689,0.0200227074138689,0.0889316774406693
8.77216358100521,0,0.0699261224100448,0,8.77216358100521,0.0699261224100448,0.0699261224100448,0.0699261224100448,0.0441440604084047
7.36539602284415,0,-0.0247872150245361,0,7.36539602284415,-0.0247872150245361,-0.0247872150245361,-0.0247872150245361,0.114121672795408
9.34902839864339,0,-0.0319037471830898,0,9.34902839864339,-0.0319037471830898,-0.0319037471830898,-0.0319037471830898,0.0353702402159913
12.5616640281909,0,0.00441577973083164,0,12.5616640281909,0.00441577973083164,0.00441577973083164,0.00441577973083164,0.0138459086615911
9.90269087384876,0,-0.0238997733934269,0,9.90269087384876,-0.0238997733934269,-0.0238997733934269,-0.0238997733934269,0.140365006537693
10.8363107906744,0,-0.028098390818107,0,10.8363107906744,-0.028098390818107,-0.028098390818107,-0.028098390818107,0.071926050301895
11.7003583105711,0,-0.00186774348468509,0,11.7003583105711,-0.00186774348468509,-0.00186774348468509,-0.00186774348468509,0.00589871207554302
14.1717804897526,0,0.027255899623745,0,14.1717804897526,0.027255899623745,0.027255899623745,0.027255899623745,0.0438772018708798
11.3171115233183,0,-0.0301299566297987,0,11.3171115233183,-0.0301299566297987,-0.0301299566297987,-0.0301299566297987,0.0549217163119364
12.491172371433,0,0.00616174807970621,0,12.491172371433,0.00616174807970621,0.00616174807970621,0.00616174807970621,0.0405245193389735
17.7574754531964,0,-0.0364542682670167,0,17.7574754531964,-0.0364542682670167,-0.0364542682670167,-0.0364542682670167,0.0437339114285826
23.3384346785706,0,0.0173424537425691,0,23.3384346785706,0.0173424537425691,0.0173424537425691,0.0173424537425691,0.0189266195413323
21.0471310356801,0,0.0617673658141888,0,21.0471310356801,0.0617673658141888,0.0617673658141888,0.0617673658141888,0.047052745863464
16.8846431378076,0,0.0592246738975235,0,16.8846431378076,0.0592246738975235,0.0592246738975235,0.0592246738975235,0.0580511049145327
140.778871317907,0,0.0554812237912711,0,140.778871317907,0.0554812237912711,0.0554812237912711,0.0554812237912711,0.0428661394520242
10.8384906759069,0,-0.00221059163205814,0,10.8384906759069,-0.00221059163205814,-0.00221059163205814,-0.00221059163205814,0.0251376149245104
5.36034284274372,0,0.0126214961722838,0,5.36034284274372,0.0126214961722838,0.0126214961722838,0.0126214961722838,0.0439400124984659
14.6925462604222,0,-0.00458452472707301,0,14.6925462604222,-0.00458452472707301,-0.00458452472707301,-0.00458452472707301,0.0444254697733256
12.6985002447189,0,0.0156151615690587,0,12.6985002447189,0.0156151615690587,0.0156151615690587,0.0156151615690587,0.0344296478282526
11.0161041029769,0,-0.0031766917676102,0,11.0161041029769,-0.0031766917676102,-0.0031766917676102,-0.0031766917676102,0.0522005254908412
12.612078023469,0,-0.0597088928688878,0,12.612078023469,-0.0597088928688878,-0.0597088928688878,-0.0597088928688878,0.0322576765582896
27.9381463268887,0,-0.0196646199066465,0,27.9381463268887,-0.0196646199066465,-0.0196646199066465,-0.0196646199066465,0.0266030945529787
28.4056044215739,0,-0.0234835133541325,0,28.4056044215739,-0.0234835133541325,-0.0234835133541325,-0.0234835133541325,0.0460235649191708
13.4368696617468,0,0.0535402362440232,0,13.4368696617468,0.0535402362440232,0.0535402362440232,0.0535402362440232,0.0282079903838013
14.3373106913918,0,-0.0165868652445846,0,14.3373106913918,-0.0165868652445846,-0.0165868652445846,-0.0165868652445846,0.0475684856482902
25.9320346135502,0,-0.0232712391594247,0,25.9320346135502,-0.0232712391594247,-0.0232712391594247,-0.0232712391594247,0.0300519735078187
NA,NA,NA,NA,NA,NA,NA,NA,NA
3.48138260502119,0,-0.0431716232209931,0,3.48138260502119,-0.0431716232209931,-0.0431716232209931,-0.0431716232209931,0.0321818721032191
5.59197431763262,0,-0.0578220526680145,0,5.59197431763262,-0.0578220526680145,-0.0578220526680145,-0.0578220526680145,0.0290843221745671
7.10118523761685,0,-0.0285278978712163,0,7.10118523761685,-0.0285278978712163,-0.0285278978712163,-0.0285278978712163,0.0595492352872805
8.39406695268219,0,0.0167837864563465,0,8.39406695268219,0.0167837864563465,0.0167837864563465,0.0167837864563465,0.0322473662392579
6.68163411954067,0,0.0399525800720857,0,6.68163411954067,0.0399525800720857,0.0399525800720857,0.0399525800720857,0.0632642521725607
10.9419857642508,0,-0.0876235523401562,0,10.9419857642508,-0.0876235523401562,-0.0876235523401562,-0.0876235523401562,0.0336377588977628
9.567453602661,0,-0.0130573193727359,0,9.567453602661,-0.0130573193727359,-0.0130573193727359,-0.0130573193727359,0.0264340771076804
9.56764954052794,0,-0.00578932875863998,0,9.56764954052794,-0.00578932875863998,-0.00578932875863998,-0.00578932875863998,0.0288617279537588
9.58796747981615,0,0.00725905880614161,0,9.58796747981615,0.00725905880614161,0.00725905880614161,0.00725905880614161,0.0422687684348916
10.3415882006709,0,-0.0979591311963027,0,10.3415882006709,-0.0979591311963027,-0.0979591311963027,-0.0979591311963027,0.0379022425227411
9.03381024943225,0,-0.0258591277728825,0,9.03381024943225,-0.0258591277728825,-0.0258591277728825,-0.0258591277728825,0.0210013285642308
7.292171244769,0,0.0214216184583366,0,7.292171244769,0.0214216184583366,0.0214216184583366,0.0214216184583366,0.00787016036700002
10.6567948708008,0,0.0203455428827325,0,10.6567948708008,0.0203455428827325,0.0203455428827325,0.0203455428827325,0.0367174068081082
15.83958844307,0,0.0399832495665445,0,15.83958844307,0.0399832495665445,0.0399832495665445,0.0399832495665445,0.0130470310288665
17.7014293147066,0,0.0234372077444364,0,17.7014293147066,0.0234372077444364,0.0234372077444364,0.0234372077444364,0.0323786122878216
18.5230702558348,0,-0.00995709768556392,0,18.5230702558348,-0.00995709768556392,-0.00995709768556392,-0.00995709768556392,0.0596686324209322
13.5036026382197,0,0.0260526179813793,0,13.5036026382197,0.0260526179813793,0.0260526179813793,0.0260526179813793,0.0175137052055195
13.9836050997556,0,-0.0596374353307077,0,13.9836050997556,-0.0596374353307077,-0.0596374353307077,-0.0596374353307077,0.0260159424457815
11.3110693140974,0,0.00982781565554414,0,11.3110693140974,0.00982781565554414,0.00982781565554414,0.00982781565554414,0.0152975413868066
20.6083384757102,0,-0.0196913974375486,0,20.6083384757102,-0.0196913974375486,-0.0196913974375486,-0.0196913974375486,0.0564075951702511
12.3671082351961,0,0.0210231372322994,0,12.3671082351961,0.0210231372322994,0.0210231372322994,0.0210231372322994,0.0160828742749283
12.3654554745313,0,-0.0686880413546458,0,12.3654554745313,-0.0686880413546458,-0.0686880413546458,-0.0686880413546458,0.0513325050706189
19.2556223171704,0,0.0285945738844167,0,19.2556223171704,0.0285945738844167,0.0285945738844167,0.0285945738844167,0.0139726523520546
34.7312424253189,0,0.00360906084633839,0,34.7312424253189,0.00360906084633839,0.00360906084633839,0.00360906084633839,0.017575833019559
54.7209102152747,0,0.0196726221291343,0,54.7209102152747,0.0196726221291343,0.0196726221291343,0.0196726221291343,0.0109274670854921
9.76552332936977,0,0.00564706861610557,0,9.76552332936977,0.00564706861610557,0.00564706861610557,0.00564706861610557,0.022210163633412
8.22166390729103,0,0.0200227074138689,0,8.22166390729103,0.0200227074138689,0.0200227074138689,0.0200227074138689,0.0889316774406693
8.77216358100521,0,0.0699261224100448,0,8.77216358100521,0.0699261224100448,0.0699261224100448,0.0699261224100448,0.0441440604084047
7.36539602284415,0,-0.0247872150245361,0,7.36539602284415,-0.0247872150245361,-0.0247872150245361,-0.0247872150245361,0.114121672795408
9.34902839864339,0,-0.0319037471830898,0,9.34902839864339,-0.0319037471830898,-0.0319037471830898,-0.0319037471830898,0.0353702402159913
12.5616640281909,0,0.00441577973083164,0,12.5616640281909,0.00441577973083164,0.00441577973083164,0.00441577973083164,0.0138459086615911
9.90269087384876,0,-0.0238997733934269,0,9.90269087384876,-0.0238997733934269,-0.0238997733934269,-0.0238997733934269,0.140365006537693
10.8363107906744,0,-0.028098390818107,0,10.8363107906744,-0.028098390818107,-0.028098390818107,-0.028098390818107,0.071926050301895
11.7003583105711,0,-0.00186774348468509,0,11.7003583105711,-0.00186774348468509,-0.00186774348468509,-0.00186774348468509,0.00589871207554302
14.1717804897526,0,0.027255899623745,0,14.1717804897526,0.027255899623745,0.027255899623745,0.027255899623745,0.0438772018708798
11.3171115233183,0,-0.0301299566297987,0,11.3171115233183,-0.0301299566297987,-0.0301299566297987,-0.0301299566297987,0.0549217163119364
12.491172371433,0,0.00616174807970621,0,12.491172371433,0.00616174807970621,0.00616174807970621,0.00616174807970621,0.0405245193389735
17.7574754531964,0,-0.0364542682670167,0,17.7574754531964,-0.0364542682670167,-0.0364542682670167,-0.0364542682670167,0.0437339114285826
23.3384346785706,0,0.0173424537425691,0,23.3384346785706,0.0173424537425691,0.0173424537425691,0.0173424537425691,0.0189266195413323
21.0471310356801,0,0.0617673658141888,0,21.0471310356801,0.0617673658141888,0.0617673658141888,0.0617673658141888,0.047052745863464
16.8846431378076,0,0.0592246738975235,0,16.8846431378076,0.0592246738975235,0.0592246738975235,0.0592246738975235,0.0580511049145327
140.778871317907,0,0.0554812237912711,0,140.778871317907,0.0554812237912711,0.0554812237912711,0.0554812237912711,0.0428661394520242
10.8384906759069,0,-0.00221059163205814,0,10.8384906759069,-0.00221059163205814,-0.00221059163205814,-0.00221059163205814,0.0251376149245104
5.36034284274372,0,0.0126214961722838,0,5.36034284274372,0.0126214961722838,0.0126214961722838,0.0126214961722838,0.0439400124984659
14.6925462604222,0,-0.00458452472707301,0,14.6925462604222,-0.00458452472707301,-0.00458452472707301,-0.00458452472707301,0.0444254697733256
12.6985002447189,0,0.0156151615690587,0,12.6985002447189,0.0156151615690587,0.0156151615690587,0.0156151615690587,0.0344296478282526
11.0161041029769,0,-0.0031766917676102,0,11.0161041029769,-0.0031766917676102,-0.0031766917676102,-0.0031766917676102,0.0522005254908412
12.612078023469,0,-0.0597088928688878,0,12.612078023469,-0.0597088928688878,-0.0597088928688878,-0.0597088928688878,0.0322576765582896
27.9381463268887,0,-0.0196646199066465,0,27.9381463268887,-0.0196646199066465,-0.0196646199066465,-0.0196646199066465,0.0266030945529787
28.4056044215739,0,-0.0234835133541325,0,28.4056044215739,-0.0234835133541325,-0.0234835133541325,-0.0234835133541325,0.0460235649191708
13.4368696617468,0,0.0535402362440232,0,13.4368696617468,0.0535402362440232,0.0535402362440232,0.0535402362440232,0.0282079903838013
14.3373106913918,0,-0.0165868652445846,0,14.3373106913918,-0.0165868652445846,-0.0165868652445846,-0.0165868652445846,0.0475684856482902
25.9320346135502,0,-0.0232712391594247,0,25.9320346135502,-0.0232712391594247,-0.0232712391594247,-0.0232712391594247,0.0300519735078187
NA,NA,NA,NA,NA,NA,NA,NA,NA
3.48138260502119,0,-0.0431716232209931,0,3.48138260502119,-0.0431716232209931,-0.0431716232209931,-0.0431716232209931,0.0321818721032191
5.59197431763262,0,-0.0578220526680145,0,5.59197431763262,-0.0578220526680145,-0.0578220526680145,-0.0578220526680145,0.0290843221745671
7.10118523761685,0,-0.0285278978712163,0,7.10118523761685,-0.0285278978712163,-0.0285278978712163,-0.0285278978712163,0.0595492352872805
8.39406695268219,0,0.0167837864563465,0,8.39406695268219,0.0167837864563465,0.0167837864563465,0.0167837864563465,0.0322473662392579
6.68163411954067,0,0.0399525800720857,0,6.68163411954067,0.0399525800720857,0.0399525800720857,0.0399525800720857,0.0632642521725607
10.9419857642508,0,-0.0876235523401562,0,10.9419857642508,-0.0876235523401562,-0.0876235523401562,-0.0876235523401562,0.0336377588977628
9.567453602661,0,-0.0130573193727359,0,9.567453602661,-0.0130573193727359,-0.0130573193727359,-0.0130573193727359,0.0264340771076804
9.56764954052794,0,-0.00578932875863998,0,9.56764954052794,-0.00578932875863998,-0.00578932875863998,-0.00578932875863998,0.0288617279537588
9.58796747981615,0,0.00725905880614161,0,9.58796747981615,0.00725905880614161,0.00725905880614161,0.00725905880614161,0.0422687684348916
10.3415882006709,0,-0.0979591311963027,0,10.3415882006709,-0.0979591311963027,-0.0979591311963027,-0.0979591311963027,0.0379022425227411
9.03381024943225,0,-0.0258591277728825,0,9.03381024943225,-0.0258591277728825,-0.0258591277728825,-0.0258591277728825,0.0210013285642308
7.292171244769,0,0.0214216184583366,0,7.292171244769,0.0214216184583366,0.0214216184583366,0.0214216184583366,0.00787016036700002
10.6567948708008,0,0.0203455428827325,0,10.6567948708008,0.0203455428827325,0.0203455428827325,0.0203455428827325,0.0367174068081082
15.83958844307,0,0.0399832495665445,0,15.83958844307,0.0399832495665445,0.0399832495665445,0.0399832495665445,0.0130470310288665
17.7014293147066,0,0.0234372077444364,0,17.7014293147066,0.0234372077444364,0.0234372077444364,0.0234372077444364,0.0323786122878216
18.5230702558348,0,-0.00995709768556392,0,18.5230702558348,-0.00995709768556392,-0.00995709768556392,-0.00995709768556392,0.0596686324209322
13.5036026382197,0,0.0260526179813793,0,13.5036026382197,0.0260526179813793,0.0260526179813793,0.0260526179813793,0.0175137052055195
13.9836050997556,0,-0.0596374353307077,0,13.9836050997556,-0.0596374353307077,-0.0596374353307077,-0.0596374353307077,0.0260159424457815
11.3110693140974,0,0.00982781565554414,0,11.3110693140974,0.00982781565554414,0.00982781565554414,0.00982781565554414,0.0152975413868066
20.6083384757102,0,-0.0196913974375486,0,20.6083384757102,-0.0196913974375486,-0.0196913974375486,-0.0196913974375486,0.0564075951702511
12.3671082351961,0,0.0210231372322994,0,12.3671082351961,0.0210231372322994,0.0210231372322994,0.0210231372322994,0.0160828742749283
12.3654554745313,0,-0.0686880413546458,0,12.3654554745313,-0.0686880413546458,-0.0686880413546458,-0.0686880413546458,0.0513325050706189
19.2556223171704,0,0.0285945738844167,0,19.2556223171704,0.0285945738844167,0.0285945738844167,0.0285945738844167,0.0139726523520546
34.7312424253189,0,0.00360906084633839,0,34.7312424253189,0.00360906084633839,0.00360906084633839,0.00360906084633839,0.017575833019559
54.7209102152747,0,0.0196726221291343,0,54.7209102152747,0.0196726221291343,0.0196726221291343,0.0196726221291343,0.0109274670854921
9.76552332936977,0,0.00564706861610557,0,9.76552332936977,0.00564706861610557,0.00564706861610557,0.00564706861610557,0.022210163633412
8.22166390729103,0,0.0200227074138689,0,8.22166390729103,0.0200227074138689,0.0200227074138689,0.0200227074138689,0.0889316774406693
8.77216358100521,0,0.0699261224100448,0,8.77216358100521,0.0699261224100448,0.0699261224100448,0.0699261224100448,0.0441440604084047
7.36539602284415,0,-0.0247872150245361,0,7.36539602284415,-0.0247872150245361,-0.0247872150245361,-0.0247872150245361,0.114121672795408
9.34902839864339,0,-0.0319037471830898,0,9.34902839864339,-0.0319037471830898,-0.0319037471830898,-0.0319037471830898,0.0353702402159913
12.5616640281909,0,0.00441577973083164,0,12.5616640281909,0.00441577973083164,0.00441577973083164,0.00441577973083164,0.0138459086615911
9.90269087384876,0,-0.0238997733934269,0,9.90269087384876,-0.0238997733934269,-0.0238997733934269,-0.0238997733934269,0.140365006537693
10.8363107906744,0,-0.028098390818107,0,10.8363107906744,-0.028098390818107,-0.028098390818107,-0.028098390818107,0.071926050301895
11.7003583105711,0,-0.00186774348468509,0,11.7003583105711,-0.00186774348468509,-0.00186774348468509,-0.00186774348468509,0.00589871207554302
14.1717804897526,0,0.027255899623745,0,14.1717804897526,0.027255899623745,0.027255899623745,0.027255899623745,0.0438772018708798
11.3171115233183,0,-0.0301299566297987,0,11.3171115233183,-0.0301299566297987,-0.0301299566297987,-0.0301299566297987,0.0549217163119364
12.491172371433,0,0.00616174807970621,0,12.491172371433,0.00616174807970621,0.00616174807970621,0.00616174807970621,0.0405245193389735
17.7574754531964,0,-0.0364542682670167,0,17.7574754531964,-0.0364542682670167,-0.0364542682670167,-0.0364542682670167,0.0437339114285826
23.3384346785706,0,0.0173424537425691,0,23.3384346785706,0.0173424537425691,0.0173424537425691,0.0173424537425691,0.0189266195413323
21.0471310356801,0,0.0617673658141888,0,21.0471310356801,0.0617673658141888,0.0617673658141888,0.0617673658141888,0.047052745863464
16.8846431378076,0,0.0592246738975235,0,16.8846431378076,0.0592246738975235,0.0592246738975235,0.0592246738975235,0.0580511049145327
140.778871317907,0,0.0554812237912711,0,140.778871317907,0.0554812237912711,0.0554812237912711,0.0554812237912711,0.0428661394520242
10.8384906759069,0,-0.00221059163205814,0,10.8384906759069,-0.00221059163205814,-0.00221059163205814,-0.00221059163205814,0.0251376149245104
5.36034284274372,0,0.0126214961722838,0,5.36034284274372,0.0126214961722838,0.0126214961722838,0.0126214961722838,0.0439400124984659
14.6925462604222,0,-0.00458452472707301,0,14.6925462604222,-0.00458452472707301,-0.00458452472707301,-0.00458452472707301,0.0444254697733256
12.6985002447189,0,0.0156151615690587,0,12.6985002447189,0.0156151615690587,0.0156151615690587,0.0156151615690587,0.0344296478282526
11.0161041029769,0,-0.0031766917676102,0,11.0161041029769,-0.0031766917676102,-0.0031766917676102,-0.0031766917676102,0.0522005254908412
12.612078023469,0,-0.0597088928688878,0,12.612078023469,-0.0597088928688878,-0.0597088928688878,-0.0597088928688878,0.0322576765582896
27.9381463268887,0,-0.0196646199066465,0,27.9381463268887,-0.0196646199066465,-0.0196646199066465,-0.0196646199066465,0.0266030945529787
28.4056044215739,0,-0.0234835133541325,0,28.4056044215739,-0.0234835133541325,-0.0234835133541325,-0.0234835133541325,0.0460235649191708
13.4368696617468,0,0.0535402362440232,0,13.4368696617468,0.0535402362440232,0.0535402362440232,0.0535402362440232,0.0282079903838013
14.3373106913918,0,-0.0165868652445846,0,14.3373106913918,-0.0165868652445846,-0.0165868652445846,-0.0165868652445846,0.0475684856482902
25.9320346135502,0,-0.0232712391594247,0,25.9320346135502,-0.0232712391594247,-0.0232712391594247,-0.0232712391594247,0.0300519735078187
NA,NA,NA,NA,NA,NA,NA,NA,NA
3.48138260502119,0,-0.0431716232209931,0,3.48138260502119,-0.0431716232209931,-0.0431716232209931,-0.0431716232209931,0.0321818721032191
5.59197431763262,0,-0.0578220526680145,0,5.59197431763262,-0.0578220526680145,-0.0578220526680145,-0.0578220526680145,0.0290843221745671
7.10118523761685,0,-0.0285278978712163,0,7.10118523761685,-0.0285278978712163,-0.0285278978712163,-0.0285278978712163,0.0595492352872805
8.39406695268219,0,0.0167837864563465,0,8.39406695268219,0.0167837864563465,0.0167837864563465,0.0167837864563465,0.0322473662392579
6.68163411954067,0,0.0399525800720857,0,6.68163411954067,0.0399525800720857,0.0399525800720857,0.0399525800720857,0.0632642521725607
10.9419857642508,0,-0.0876235523401562,0,10.9419857642508,-0.0876235523401562,-0.0876235523401562,-0.0876235523401562,0.0336377588977628
9.567453602661,0,-0.0130573193727359,0,9.567453602661,-0.0130573193727359,-0.0130573193727359,-0.0130573193727359,0.0264340771076804
9.56764954052794,0,-0.00578932875863998,0,9.56764954052794,-0.00578932875863998,-0.00578932875863998,-0.00578932875863998,0.0288617279537588
9.58796747981615,0,0.00725905880614161,0,9.58796747981615,0.00725905880614161,0.00725905880614161,0.00725905880614161,0.0422687684348916
10.3415882006709,0,-0.0979591311963027,0,10.3415882006709,-0.0979591311963027,-0.0979591311963027,-0.0979591311963027,0.0379022425227411
9.03381024943225,0,-0.0258591277728825,0,9.03381024943225,-0.0258591277728825,-0.0258591277728825,-0.0258591277728825,0.0210013285642308
7.292171244769,0,0.0214216184583366,0,7.292171244769,0.0214216184583366,0.0214216184583366,0.0214216184583366,0.00787016036700002
10.6567948708008,0,0.0203455428827325,0,10.6567948708008,0.0203455428827325,0.0203455428827325,0.0203455428827325,0.0367174068081082
15.83958844307,0,0.0399832495665445,0,15.83958844307,0.0399832495665445,0.0399832495665445,0.0399832495665445,0.0130470310288665
17.7014293147066,0,0.0234372077444364,0,17.7014293147066,0.0234372077444364,0.0234372077444364,0.0234372077444364,0.0323786122878216
18.5230702558348,0,-0.00995709768556392,0,18.5230702558348,-0.00995709768556392,-0.00995709768556392,-0.00995709768556392,0.0596686324209322
13.5036026382197,0,0.0260526179813793,0,13.5036026382197,0.0260526179813793,0.0260526179813793,0.0260526179813793,0.0175137052055195
13.9836050997556,0,-0.0596374353307077,0,13.9836050997556,-0.0596374353307077,-0.0596374353307077,-0.0596374353307077,0.0260159424457815
11.3110693140974,0,0.00982781565554414,0,11.3110693140974,0.00982781565554414,0.00982781565554414,0.00982781565554414,0.0152975413868066
20.6083384757102,0,-0.0196913974375486,0,20.6083384757102,-0.0196913974375486,-0.0196913974375486,-0.0196913974375486,0.0564075951702511
12.3671082351961,0,0.0210231372322994,0,12.3671082351961,0.0210231372322994,0.0210231372322994,0.0210231372322994,0.0160828742749283
12.3654554745313,0,-0.0686880413546458,0,12.3654554745313,-0.0686880413546458,-0.0686880413546458,-0.0686880413546458,0.0513325050706189
19.2556223171704,0,0.0285945738844167,0,19.2556223171704,0.0285945738844167,0.0285945738844167,0.0285945738844167,0.0139726523520546
34.7312424253189,0,0.00360906084633839,0,34.7312424253189,0.00360906084633839,0.00360906084633839,0.00360906084633839,0.017575833019559
54.7209102152747,0,0.0196726221291343,0,54.7209102152747,0.0196726221291343,0.0196726221291343,0.0196726221291343,0.0109274670854921
9.76552332936977,0,0.00564706861610557,0,9.76552332936977,0.00564706861610557,0.00564706861610557,0.00564706861610557,0.022210163633412
8.22166390729103,0,0.0200227074138689,0,8.22166390729103,0.0200227074138689,0.0200227074138689,0.0200227074138689,0.0889316774406693
8.77216358100521,0,0.0699261224100448,0,8.77216358100521,0.0699261224100448,0.0699261224100448,0.0699261224100448,0.0441440604084047
7.36539602284415,0,-0.0247872150245361,0,7.36539602284415,-0.0247872150245361,-0.0247872150245361,-0.0247872150245361,0.114121672795408
9.34902839864339,0,-0.0319037471830898,0,9.34902839864339,-0.0319037471830898,-0.0319037471830898,-0.0319037471830898,0.0353702402159913
12.5616640281909,0,0.00441577973083164,0,12.5616640281909,0.00441577973083164,0.00441577973083164,0.00441577973083164,0.0138459086615911
9.90269087384876,0,-0.0238997733934269,0,9.90269087384876,-0.0238997733934269,-0.0238997733934269,-0.0238997733934269,0.140365006537693
10.8363107906744,0,-0.028098390818107,0,10.8363107906744,-0.028098390818107,-0.028098390818107,-0.028098390818107,0.071926050301895
11.7003583105711,0,-0.00186774348468509,0,11.7003583105711,-0.00186774348468509,-0.00186774348468509,-0.00186774348468509,0.00589871207554302
14.1717804897526,0,0.027255899623745,0,14.1717804897526,0.027255899623745,0.027255899623745,0.027255899623745,0.0438772018708798
11.3171115233183,0,-0.0301299566297987,0,11.3171115233183,-0.0301299566297987,-0.0301299566297987,-0.0301299566297987,0.0549217163119364
12.491172371433,0,0.00616174807970621,0,12.491172371433,0.00616174807970621,0.00616174807970621,0.00616174807970621,0.0405245193389735
17.7574754531964,0,-0.0364542682670167,0,17.7574754531964,-0.0364542682670167,-0.0364542682670167,-0.0364542682670167,0.0437339114285826
23.3384346785706,0,0.0173424537425691,0,23.3384346785706,0.0173424537425691,0.0173424537425691,0.0173424537425691,0.0189266195413323
21.0471310356801,0,0.0617673658141888,0,21.0471310356801,0.0617673658141888,0.0617673658141888,0.0617673658141888,0.047052745863464
16.8846431378076,0,0.0592246738975235,0,16.8846431378076,0.0592246738975235,0.0592246738975235,0.0592246738975235,0.0580511049145327
140.778871317907,0,0.0554812237912711,0,140.778871317907,0.0554812237912711,0.0554812237912711,0.0554812237912711,0.0428661394520242
10.8384906759069,0,-0.00221059163205814,0,10.8384906759069,-0.00221059163205814,-0.00221059163205814,-0.00221059163205814,0.0251376149245104
5.36034284274372,0,0.0126214961722838,0,5.36034284274372,0.0126214961722838,0.0126214961722838,0.0126214961722838,0.0439400124984659
14.6925462604222,0,-0.00458452472707301,0,14.6925462604222,-0.00458452472707301,-0.00458452472707301,-0.00458452472707301,0.0444254697733256
12.6985002447189,0,0.0156151615690587,0,12.6985002447189,0.0156151615690587,0.0156151615690587,0.0156151615690587,0.0344296478282526
11.0161041029769,0,-0.0031766917676102,0,11.0161041029769,-0.0031766917676102,-0.0031766917676102,-0.0031766917676102,0.0522005254908412
12.612078023469,0,-0.0597088928688878,0,12.612078023469,-0.0597088928688878,-0.0597088928688878,-0.0597088928688878,0.0322576765582896
27.9381463268887,0,-0.0196646199066465,0,27.9381463268887,-0.0196646199066465,-0.0196646199066465,-0.0196646199066465,0.0266030945529787
28.4056044215739,0,-0.0234835133541325,0,28.4056044215739,-0.0234835133541325,-0.0234835133541325,-0.0234835133541325,0.0460235649191708
13.4368696617468,0,0.0535402362440232,0,13.4368696617468,0.0535402362440232,0.0535402362440232,0.0535402362440232,0.0282079903838013
14.3373106913918,0,-0.0165868652445846,0,14.3373106913918,-0.0165868652445846,-0.0165868652445846,-0.0165868652445846,0.0475684856482902
25.9320346135502,0,-0.0232712391594247,0,25.9320346135502,-0.0232712391594247,-0.0232712391594247,-0.0232712391594247,0.0300519735078187
NA,NA,NA,NA,NA,NA,NA,NA,NA
3.48138260502119,0,-0.0431716232209931,0,3.48138260502119,-0.0431716232209931,-0.0431716232209931,-0.0431716232209931,0.0321818721032191
5.59197431763262,0,-0.0578220526680145,0,5.59197431763262,-0.0578220526680145,-0.0578220526680145,-0.0578220526680145,0.0290843221745671
7.10118523761685,0,-0.0285278978712163,0,7.10118523761685,-0.0285278978712163,-0.0285278978712163,-0.0285278978712163,0.0595492352872805
8.39406695268219,0,0.0167837864563465,0,8.39406695268219,0.0167837864563465,0.0167837864563465,0.0167837864563465,0.0322473662392579
6.68163411954067,0,0.0399525800720857,0,6.68163411954067,0.0399525800720857,0.0399525800720857,0.0399525800720857,0.0632642521725607
10.9419857642508,0,-0.0876235523401562,0,10.9419857642508,-0.0876235523401562,-0.0876235523401562,-0.0876235523401562,0.0336377588977628
9.567453602661,0,-0.0130573193727359,0,9.567453602661,-0.0130573193727359,-0.0130573193727359,-0.0130573193727359,0.0264340771076804
9.56764954052794,0,-0.00578932875863998,0,9.56764954052794,-0.00578932875863998,-0.00578932875863998,-0.00578932875863998,0.0288617279537588
9.58796747981615,0,0.00725905880614161,0,9.58796747981615,0.00725905880614161,0.00725905880614161,0.00725905880614161,0.0422687684348916
10.3415882006709,0,-0.0979591311963027,0,10.3415882006709,-0.0979591311963027,-0.0979591311963027,-0.0979591311963027,0.0379022425227411
9.03381024943225,0,-0.0258591277728825,0,9.03381024943225,-0.0258591277728825,-0.0258591277728825,-0.0258591277728825,0.0210013285642308
7.292171244769,0,0.0214216184583366,0,7.292171244769,0.0214216184583366,0.0214216184583366,0.0214216184583366,0.00787016036700002
10.6567948708008,0,0.0203455428827325,0,10.6567948708008,0.0203455428827325,0.0203455428827325,0.0203455428827325,0.0367174068081082
15.83958844307,0,0.0399832495665445,0,15.83958844307,0.0399832495665445,0.0399832495665445,0.0399832495665445,0.0130470310288665
17.7014293147066,0,0.0234372077444364,0,17.7014293147066,0.0234372077444364,0.0234372077444364,0.0234372077444364,0.0323786122878216
18.5230702558348,0,-0.00995709768556392,0,18.5230702558348,-0.00995709768556392,-0.00995709768556392,-0.00995709768556392,0.0596686324209322
13.5036026382197,0,0.0260526179813793,0,13.5036026382197,0.0260526179813793,0.0260526179813793,0.0260526179813793,0.0175137052055195
13.9836050997556,0,-0.0596374353307077,0,13.9836050997556,-0.0596374353307077,-0.0596374353307077,-0.0596374353307077,0.0260159424457815
11.3110693140974,0,0.00982781565554414,0,11.3110693140974,0.00982781565554414,0.00982781565554414,0.00982781565554414,0.0152975413868066
20.6083384757102,0,-0.0196913974375486,0,20.6083384757102,-0.0196913974375486,-0.0196913974375486,-0.0196913974375486,0.0564075951702511
12.3671082351961,0,0.0210231372322994,0,12.3671082351961,0.0210231372322994,0.0210231372322994,0.0210231372322994,0.0160828742749283
12.3654554745313,0,-0.0686880413546458,0,12.3654554745313,-0.0686880413546458,-0.0686880413546458,-0.0686880413546458,0.0513325050706189
19.2556223171704,0,0.0285945738844167,0,19.2556223171704,0.0285945738844167,0.0285945738844167,0.0285945738844167,0.0139726523520546
34.7312424253189,0,0.00360906084633839,0,34.7312424253189,0.00360906084633839,0.00360906084633839,0.00360906084633839,0.017575833019559
54.7209102152747,0,0.0196726221291343,0,54.7209102152747,0.0196726221291343,0.0196726221291343,0.0196726221291343,0.0109274670854921
9.76552332936977,0,0.00564706861610557,0,9.76552332936977,0.00564706861610557,0.00564706861610557,0.00564706861610557,0.022210163633412
8.22166390729103,0,0.0200227074138689,0,8.22166390729103,0.0200227074138689,0.0200227074138689,0.0200227074138689,0.0889316774406693
8.77216358100521,0,0.0699261224100448,0,8.77216358100521,0.0699261224100448,0.0699261224100448,0.0699261224100448,0.0441440604084047
7.36539602284415,0,-0.0247872150245361,0,7.36539602284415,-0.0247872150245361,-0.0247872150245361,-0.0247872150245361,0.114121672795408
9.34902839864339,0,-0.0319037471830898,0,9.34902839864339,-0.0319037471830898,-0.0319037471830898,-0.0319037471830898,0.0353702402159913
12.5616640281909,0,0.00441577973083164,0,12.5616640281909,0.00441577973083164,0.00441577973083164,0.00441577973083164,0.0138459086615911
9.90269087384876,0,-0.0238997733934269,0,9.90269087384876,-0.0238997733934269,-0.0238997733934269,-0.0238997733934269,0.140365006537693
10.8363107906744,0,-0.028098390818107,0,10.8363107906744,-0.028098390818107,-0.028098390818107,-0.028098390818107,0.071926050301895
11.7003583105711,0,-0.00186774348468509,0,11.7003583105711,-0.00186774348468509,-0.00186774348468509,-0.00186774348468509,0.00589871207554302
14.1717804897526,0,0.027255899623745,0,14.1717804897526,0.027255899623745,0.027255899623745,0.027255899623745,0.0438772018708798
11.3171115233183,0,-0.0301299566297987,0,11.3171115233183,-0.0301299566297987,-0.0301299566297987,-0.0301299566297987,0.0549217163119364
12.491172371433,0,0.00616174807970621,0,12.491172371433,0.00616174807970621,0.00616174807970621,0.00616174807970621,0.0405245193389735
17.7574754531964,0,-0.0364542682670167,0,17.7574754531964,-0.0364542682670167,-0.0364542682670167,-0.0364542682670167,0.0437339114285826
23.3384346785706,0,0.0173424537425691,0,23.3384346785706,0.0173424537425691,0.0173424537425691,0.0173424537425691,0.0189266195413323
21.0471310356801,0,0.0617673658141888,0,21.0471310356801,0.0617673658141888,0.0617673658141888,0.0617673658141888,0.047052745863464
16.8846431378076,0,0.0592246738975235,0,16.8846431378076,0.0592246738975235,0.0592246738975235,0.0592246738975235,0.0580511049145327
140.778871317907,0,0.0554812237912711,0,140.778871317907,0.0554812237912711,0.0554812237912711,0.0554812237912711,0.0428661394520242
10.8384906759069,0,-0.00221059163205814,0,10.8384906759069,-0.00221059163205814,-0.00221059163205814,-0.00221059163205814,0.0251376149245104
5.36034284274372,0,0.0126214961722838,0,5.36034284274372,0.0126214961722838,0.0126214961722838,0.0126214961722838,0.0439400124984659
14.6925462604222,0,-0.00458452472707301,0,14.6925462604222,-0.00458452472707301,-0.00458452472707301,-0.00458452472707301,0.0444254697733256
12.6985002447189,0,0.0156151615690587,0,12.6985002447189,0.0156151615690587,0.0156151615690587,0.0156151615690587,0.0344296478282526
11.0161041029769,0,-0.0031766917676102,0,11.0161041029769,-0.0031766917676102,-0.0031766917676102,-0.0031766917676102,0.0522005254908412
12.612078023469,0,-0.0597088928688878,0,12.612078023469,-0.0597088928688878,-0.0597088928688878,-0.0597088928688878,0.0322576765582896
27.9381463268887,0,-0.0196646199066465,0,27.9381463268887,-0.0196646199066465,-0.0196646199066465,-0.0196646199066465,0.0266030945529787
28.4056044215739,0,-0.0234835133541325,0,28.4056044215739,-0.0234835133541325,-0.0234835133541325,-0.0234835133541325,0.0460235649191708
13.4368696617468,0,0.0535402362440232,0,13.4368696617468,0.0535402362440232,0.0535402362440232,0.0535402362440232,0.0282079903838013
14.3373106913918,0,-0.0165868652445846,0,14.3373106913918,-0.0165868652445846,-0.0165868652445846,-0.0165868652445846,0.0475684856482902
25.9320346135502,0,-0.0232712391594247,0,25.9320346135502,-0.0232712391594247,-0.0232712391594247,-0.0232712391594247,0.0300519735078187
NA,NA,NA,NA,NA,NA,NA,NA,NA
3.48138260502119,0,-0.0431716232209931,0,3.48138260502119,-0.0431716232209931,-0.0431716232209931,-0.0431716232209931,0.0321818721032191
5.59197431763262,0,-0.0578220526680145,0,5.59197431763262,-0.0578220526680145,-0.0578220526680145,-0.0578220526680145,0.0290843221745671
7.10118523761685,0,-0.0285278978712163,0,7.10118523761685,-0.0285278978712163,-0.0285278978712163,-0.0285278978712163,0.0595492352872805
8.39406695268219,0,0.0167837864563465,0,8.39406695268219,0.0167837864563465,0.0167837864563465,0.0167837864563465,0.0322473662392579
6.68163411954067,0,0.0399525800720857,0,6.68163411954067,0.0399525800720857,0.0399525800720857,0.0399525800720857,0.0632642521725607
10.9419857642508,0,-0.0876235523401562,0,10.9419857642508,-0.0876235523401562,-0.0876235523401562,-0.0876235523401562,0.0336377588977628
9.567453602661,0,-0.0130573193727359,0,9.567453602661,-0.0130573193727359,-0.0130573193727359,-0.0130573193727359,0.0264340771076804
9.56764954052794,0,-0.00578932875863998,0,9.56764954052794,-0.00578932875863998,-0.00578932875863998,-0.00578932875863998,0.0288617279537588
9.58796747981615,0,0.00725905880614161,0,9.58796747981615,0.00725905880614161,0.00725905880614161,0.00725905880614161,0.0422687684348916
10.3415882006709,0,-0.0979591311963027,0,10.3415882006709,-0.0979591311963027,-0.0979591311963027,-0.0979591311963027,0.0379022425227411
9.03381024943225,0,-0.0258591277728825,0,9.03381024943225,-0.0258591277728825,-0.0258591277728825,-0.0258591277728825,0.0210013285642308
7.292171244769,0,0.0214216184583366,0,7.292171244769,0.0214216184583366,0.0214216184583366,0.0214216184583366,0.00787016036700002
10.6567948708008,0,0.0203455428827325,0,10.6567948708008,0.0203455428827325,0.0203455428827325,0.0203455428827325,0.0367174068081082
15.83958844307,0,0.0399832495665445,0,15.83958844307,0.0399832495665445,0.0399832495665445,0.0399832495665445,0.0130470310288665
17.7014293147066,0,0.0234372077444364,0,17.7014293147066,0.0234372077444364,0.0234372077444364,0.0234372077444364,0.0323786122878216
18.5230702558348,0,-0.00995709768556392,0,18.5230702558348,-0.00995709768556392,-0.00995709768556392,-0.00995709768556392,0.0596686324209322
13.5036026382197,0,0.0260526179813793,0,13.5036026382197,0.0260526179813793,0.0260526179813793,0.0260526179813793,0.0175137052055195
13.9836050997556,0,-0.0596374353307077,0,13.9836050997556,-0.0596374353307077,-0.0596374353307077,-0.0596374353307077,0.0260159424457815
11.3110693140974,0,0.00982781565554414,0,11.3110693140974,0.00982781565554414,0.00982781565554414,0.00982781565554414,0.0152975413868066
20.6083384757102,0,-0.0196913974375486,0,20.6083384757102,-0.0196913974375486,-0.0196913974375486,-0.0196913974375486,0.0564075951702511
12.3671082351961,0,0.0210231372322994,0,12.3671082351961,0.0210231372322994,0.0210231372322994,0.0210231372322994,0.0160828742749283
12.3654554745313,0,-0.0686880413546458,0,12.3654554745313,-0.0686880413546458,-0.0686880413546458,-0.0686880413546458,0.0513325050706189
19.2556223171704,0,0.0285945738844167,0,19.2556223171704,0.0285945738844167,0.0285945738844167,0.0285945738844167,0.0139726523520546
34.7312424253189,0,0.00360906084633839,0,34.7312424253189,0.00360906084633839,0.00360906084633839,0.00360906084633839,0.017575833019559
54.7209102152747,0,0.0196726221291343,0,54.7209102152747,0.0196726221291343,0.0196726221291343,0.0196726221291343,0.0109274670854921
9.76552332936977,0,0.00564706861610557,0,9.76552332936977,0.00564706861610557,0.00564706861610557,0.00564706861610557,0.022210163633412
8.22166390729103,0,0.0200227074138689,0,8.22166390729103,0.0200227074138689,0.0200227074138689,0.0200227074138689,0.0889316774406693
8.77216358100521,0,0.0699261224100448,0,8.77216358100521,0.0699261224100448,0.0699261224100448,0.0699261224100448,0.0441440604084047
7.36539602284415,0,-0.0247872150245361,0,7.36539602284415,-0.0247872150245361,-0.0247872150245361,-0.0247872150245361,0.114121672795408
9.34902839864339,0,-0.0319037471830898,0,9.34902839864339,-0.0319037471830898,-0.0319037471830898,-0.0319037471830898,0.0353702402159913
12.5616640281909,0,0.00441577973083164,0,12.5616640281909,0.00441577973083164,0.00441577973083164,0.00441577973083164,0.0138459086615911
9.90269087384876,0,-0.0238997733934269,0,9.90269087384876,-0.0238997733934269,-0.0238997733934269,-0.0238997733934269,0.140365006537693
10.8363107906744,0,-0.028098390818107,0,10.8363107906744,-0.028098390818107,-0.028098390818107,-0.028098390818107,0.071926050301895
11.7003583105711,0,-0.00186774348468509,0,11.7003583105711,-0.00186774348468509,-0.00186774348468509,-0.00186774348468509,0.00589871207554302
14.1717804897526,0,0.027255899623745,0,14.1717804897526,0.027255899623745,0.027255899623745,0.027255899623745,0.0438772018708798
11.3171115233183,0,-0.0301299566297987,0,11.3171115233183,-0.0301299566297987,-0.0301299566297987,-0.0301299566297987,0.0549217163119364
12.491172371433,0,0.00616174807970621,0,12.491172371433,0.00616174807970621,0.00616174807970621,0.00616174807970621,0.0405245193389735
17.7574754531964,0,-0.0364542682670167,0,17.7574754531964,-0.0364542682670167,-0.0364542682670167,-0.0364542682670167,0.0437339114285826
23.3384346785706,0,0.0173424537425691,0,23.3384346785706,0.0173424537425691,0.0173424537425691,0.0173424537425691,0.0189266195413323
21.0471310356801,0,0.0617673658141888,0,21.0471310356801,0.0617673658141888,0.0617673658141888,0.0617673658141888,0.047052745863464
16.8846431378076,0,0.0592246738975235,0,16.8846431378076,0.0592246738975235,0.0592246738975235,0.0592246738975235,0.0580511049145327
140.778871317907,0,0.0554812237912711,0,140.778871317907,0.0554812237912711,0.0554812237912711,0.0554812237912711,0.0428661394520242
10.8384906759069,0,-0.00221059163205814,0,10.8384906759069,-0.00221059163205814,-0.00221059163205814,-0.00221059163205814,0.0251376149245104
5.36034284274372,0,0.0126214961722838,0,5.36034284274372,0.0126214961722838,0.0126214961722838,0.0126214961722838,0.0439400124984659
14.6925462604222,0,-0.00458452472707301,0,14.6925462604222,-0.00458452472707301,-0.00458452472707301,-0.00458452472707301,0.0444254697733256
12.6985002447189,0,0.0156151615690587,0,12.6985002447189,0.0156151615690587,0.0156151615690587,0.0156151615690587,0.0344296478282526
11.0161041029769,0,-0.0031766917676102,0,11.0161041029769,-0.0031766917676102,-0.0031766917676102,-0.0031766917676102,0.0522005254908412
12.612078023469,0,-0.0597088928688878,0,12.612078023469,-0.0597088928688878,-0.0597088928688878,-0.0597088928688878,0.0322576765582896
27.9381463268887,0,-0.0196646199066465,0,27.9381463268887,-0.0196646199066465,-0.0196646199066465,-0.0196646199066465,0.0266030945529787
28.4056044215739,0,-0.0234835133541325,0,28.4056044215739,-0.0234835133541325,-0.0234835133541325,-0.0234835133541325,0.0460235649191708
13.4368696617468,0,0.0535402362440232,0,13.4368696617468,0.0535402362440232,0.0535402362440232,0.0535402362440232,0.0282079903838013
14.3373106913918,0,-0.0165868652445846,0,14.3373106913918,-0.0165868652445846,-0.0165868652445846,-0.0165868652445846,0.0475684856482902
25.9320346135502,0,-0.0232712391594247,0,25.9320346135502,-0.0232712391594247,-0.0232712391594247,-0.0232712391594247,0.0300519735078187
NA,NA,NA,NA,NA,NA,NA,NA,NA
3.48138260502119,0,-0.0431716232209931,0,3.48138260502119,-0.0431716232209931,-0.0431716232209931,-0.0431716232209931,0.0321818721032191
5.59197431763262,0,-0.0578220526680145,0,5.59197431763262,-0.0578220526680145,-0.0578220526680145,-0.0578220526680145,0.0290843221745671
7.10118523761685,0,-0.0285278978712163,0,7.10118523761685,-0.0285278978712163,-0.0285278978712163,-0.0285278978712163,0.0595492352872805
8.39406695268219,0,0.0167837864563465,0,8.39406695268219,0.0167837864563465,0.0167837864563465,0.0167837864563465,0.0322473662392579
6.68163411954067,0,0.0399525800720857,0,6.68163411954067,0.0399525800720857,0.0399525800720857,0.0399525800720857,0.0632642521725607
10.9419857642508,0,-0.0876235523401562,0,10.9419857642508,-0.0876235523401562,-0.0876235523401562,-0.0876235523401562,0.0336377588977628
9.567453602661,0,-0.0130573193727359,0,9.567453602661,-0.0130573193727359,-0.0130573193727359,-0.0130573193727359,0.0264340771076804
9.56764954052794,0,-0.00578932875863998,0,9.56764954052794,-0.00578932875863998,-0.00578932875863998,-0.00578932875863998,0.0288617279537588
9.58796747981615,0,0.00725905880614161,0,9.58796747981615,0.00725905880614161,0.00725905880614161,0.00725905880614161,0.0422687684348916
10.3415882006709,0,-0.0979591311963027,0,10.3415882006709,-0.0979591311963027,-0.0979591311963027,-0.0979591311963027,0.0379022425227411
9.03381024943225,0,-0.0258591277728825,0,9.03381024943225,-0.0258591277728825,-0.0258591277728825,-0.0258591277728825,0.0210013285642308
7.292171244769,0,0.0214216184583366,0,7.292171244769,0.0214216184583366,0.0214216184583366,0.0214216184583366,0.00787016036700002
10.6567948708008,0,0.0203455428827325,0,10.6567948708008,0.0203455428827325,0.0203455428827325,0.0203455428827325,0.0367174068081082
15.83958844307,0,0.0399832495665445,0,15.83958844307,0.0399832495665445,0.0399832495665445,0.0399832495665445,0.0130470310288665
17.7014293147066,0,0.0234372077444364,0,17.7014293147066,0.0234372077444364,0.0234372077444364,0.0234372077444364,0.0323786122878216
18.5230702558348,0,-0.00995709768556392,0,18.5230702558348,-0.00995709768556392,-0.00995709768556392,-0.00995709768556392,0.0596686324209322
13.5036026382197,0,0.0260526179813793,0,13.5036026382197,0.0260526179813793,0.0260526179813793,0.0260526179813793,0.0175137052055195
13.9836050997556,0,-0.0596374353307077,0,13.9836050997556,-0.0596374353307077,-0.0596374353307077,-0.0596374353307077,0.0260159424457815
11.3110693140974,0,0.00982781565554414,0,11.3110693140974,0.00982781565554414,0.00982781565554414,0.00982781565554414,0.0152975413868066
20.6083384757102,0,-0.0196913974375486,0,20.6083384757102,-0.0196913974375486,-0.0196913974375486,-0.0196913974375486,0.0564075951702511
12.3671082351961,0,0.0210231372322994,0,12.3671082351961,0.0210231372322994,0.0210231372322994,0.0210231372322994,0.0160828742749283
12.3654554745313,0,-0.0686880413546458,0,12.3654554745313,-0.0686880413546458,-0.0686880413546458,-0.0686880413546458,0.0513325050706189
19.2556223171704,0,0.0285945738844167,0,19.2556223171704,0.0285945738844167,0.0285945738844167,0.0285945738844167,0.0139726523520546
34.7312424253189,0,0.00360906084633839,0,34.7312424253189,0.00360906084633839,0.00360906084633839,0.00360906084633839,0.017575833019559
54.7209102152747,0,0.0196726221291343,0,54.7209102152747,0.0196726221291343,0.0196726221291343,0.0196726221291343,0.0109274670854921
9.76552332936977,0,0.00564706861610557,0,9.76552332936977,0.00564706861610557,0.00564706861610557,0.00564706861610557,0.022210163633412
8.22166390729103,0,0.0200227074138689,0,8.22166390729103,0.0200227074138689,0.0200227074138689,0.0200227074138689,0.0889316774406693
8.77216358100521,0,0.0699261224100448,0,8.77216358100521,0.0699261224100448,0.0699261224100448,0.0699261224100448,0.0441440604084047
7.36539602284415,0,-0.0247872150245361,0,7.36539602284415,-0.0247872150245361,-0.0247872150245361,-0.0247872150245361,0.114121672795408
9.34902839864339,0,-0.0319037471830898,0,9.34902839864339,-0.0319037471830898,-0.0319037471830898,-0.0319037471830898,0.0353702402159913
12.5616640281909,0,0.00441577973083164,0,12.5616640281909,0.00441577973083164,0.00441577973083164,0.00441577973083164,0.0138459086615911
9.90269087384876,0,-0.0238997733934269,0,9.90269087384876,-0.0238997733934269,-0.0238997733934269,-0.0238997733934269,0.140365006537693
10.8363107906744,0,-0.028098390818107,0,10.8363107906744,-0.028098390818107,-0.028098390818107,-0.028098390818107,0.071926050301895
11.7003583105711,0,-0.00186774348468509,0,11.7003583105711,-0.00186774348468509,-0.00186774348468509,-0.00186774348468509,0.00589871207554302
14.1717804897526,0,0.027255899623745,0,14.1717804897526,0.027255899623745,0.027255899623745,0.027255899623745,0.0438772018708798
11.3171115233183,0,-0.0301299566297987,0,11.3171115233183,-0.0301299566297987,-0.0301299566297987,-0.0301299566297987,0.0549217163119364
12.491172371433,0,0.00616174807970621,0,12.491172371433,0.00616174807970621,0.00616174807970621,0.00616174807970621,0.0405245193389735
17.7574754531964,0,-0.0364542682670167,0,17.7574754531964,-0.0364542682670167,-0.0364542682670167,-0.0364542682670167,0.0437339114285826
23.3384346785706,0,0.0173424537425691,0,23.3384346785706,0.0173424537425691,0.0173424537425691,0.0173424537425691,0.0189266195413323
21.0471310356801,0,0.0617673658141888,0,21.0471310356801,0.0617673658141888,0.0617673658141888,0.0617673658141888,0.047052745863464
16.8846431378076,0,0.0592246738975235,0,16.8846431378076,0.0592246738975235,0.0592246738975235,0.0592246738975235,0.0580511049145327
140.778871317907,0,0.0554812237912711,0,140.778871317907,0.0554812237912711,0.0554812237912711,0.0554812237912711,0.0428661394520242
10.8384906759069,0,-0.00221059163205814,0,10.8384906759069,-0.00221059163205814,-0.00221059163205814,-0.00221059163205814,0.0251376149245104
5.36034284274372,0,0.0126214961722838,0,5.36034284274372,0.0126214961722838,0.0126214961722838,0.0126214961722838,0.0439400124984659
14.6925462604222,0,-0.00458452472707301,0,14.6925462604222,-0.00458452472707301,-0.00458452472707301,-0.00458452472707301,0.0444254697733256
12.6985002447189,0,0.0156151615690587,0,12.6985002447189,0.0156151615690587,0.0156151615690587,0.0156151615690587,0.0344296478282526
11.0161041029769,0,-0.0031766917676102,0,11.0161041029769,-0.0031766917676102,-0.0031766917676102,-0.0031766917676102,0.0522005254908412
12.612078023469,0,-0.0597088928688878,0,12.612078023469,-0.0597088928688878,-0.0597088928688878,-0.0597088928688878,0.0322576765582896
27.9381463268887,0,-0.0196646199066465,0,27.9381463268887,-0.0196646199066465,-0.0196646199066465,-0.0196646199066465,0.0266030945529787
28.4056044215739,0,-0.0234835133541325,0,28.4056044215739,-0.0234835133541325,-0.0234835133541325,-0.0234835133541325,0.0460235649191708
13.4368696617468,0,0.0535402362440232,0,13.4368696617468,0.0535402362440232,0.0535402362440232,0.0535402362440232,0.0282079903838013
14.3373106913918,0,-0.0165868652445846,0,14.3373106913918,-0.0165868652445846,-0.0165868652445846,-0.0165868652445846,0.0475684856482902
25.9320346135502,0,-0.0232712391594247,0,25.9320346135502,-0.0232712391594247,-0.0232712391594247,-0.0232712391594247,0.0300519735078187
NA,NA,NA,NA,NA,NA,NA,NA,NA
3.48138260502119,0,-0.0431716232209931,0,3.48138260502119,-0.0431716232209931,-0.0431716232209931,-0.0431716232209931,0.0321818721032191
5.59197431763262,0,-0.0578220526680145,0,5.59197431763262,-0.0578220526680145,-0.0578220526680145,-0.0578220526680145,0.0290843221745671
7.10118523761685,0,-0.0285278978712163,0,7.10118523761685,-0.0285278978712163,-0.0285278978712163,-0.0285278978712163,0.0595492352872805
8.39406695268219,0,0.0167837864563465,0,8.39406695268219,0.0167837864563465,0.0167837864563465,0.0167837864563465,0.0322473662392579
6.68163411954067,0,0.0399525800720857,0,6.68163411954067,0.0399525800720857,0.0399525800720857,0.0399525800720857,0.0632642521725607
10.9419857642508,0,-0.0876235523401562,0,10.9419857642508,-0.0876235523401562,-0.0876235523401562,-0.0876235523401562,0.0336377588977628
9.567453602661,0,-0.0130573193727359,0,9.567453602661,-0.0130573193727359,-0.0130573193727359,-0.0130573193727359,0.0264340771076804
9.56764954052794,0,-0.00578932875863998,0,9.56764954052794,-0.00578932875863998,-0.00578932875863998,-0.00578932875863998,0.0288617279537588
9.58796747981615,0,0.00725905880614161,0,9.58796747981615,0.00725905880614161,0.00725905880614161,0.00725905880614161,0.0422687684348916
10.3415882006709,0,-0.0979591311963027,0,10.3415882006709,-0.0979591311963027,-0.0979591311963027,-0.0979591311963027,0.0379022425227411
9.03381024943225,0,-0.0258591277728825,0,9.03381024943225,-0.0258591277728825,-0.0258591277728825,-0.0258591277728825,0.0210013285642308
7.292171244769,0,0.0214216184583366,0,7.292171244769,0.0214216184583366,0.0214216184583366,0.0214216184583366,0.00787016036700002
10.6567948708008,0,0.0203455428827325,0,10.6567948708008,0.0203455428827325,0.0203455428827325,0.0203455428827325,0.0367174068081082
15.83958844307,0,0.0399832495665445,0,15.83958844307,0.0399832495665445,0.0399832495665445,0.0399832495665445,0.0130470310288665
17.7014293147066,0,0.0234372077444364,0,17.7014293147066,0.0234372077444364,0.0234372077444364,0.0234372077444364,0.0323786122878216
18.5230702558348,0,-0.00995709768556392,0,18.5230702558348,-0.00995709768556392,-0.00995709768556392,-0.00995709768556392,0.0596686324209322
13.5036026382197,0,0.0260526179813793,0,13.5036026382197,0.0260526179813793,0.0260526179813793,0.0260526179813793,0.0175137052055195
13.9836050997556,0,-0.0596374353307077,0,13.9836050997556,-0.0596374353307077,-0.0596374353307077,-0.0596374353307077,0.0260159424457815
11.3110693140974,0,0.00982781565554414,0,11.3110693140974,0.00982781565554414,0.00982781565554414,0.00982781565554414,0.0152975413868066
20.6083384757102,0,-0.0196913974375486,0,20.6083384757102,-0.0196913974375486,-0.0196913974375486,-0.0196913974375486,0.0564075951702511
12.3671082351961,0,0.0210231372322994,0,12.3671082351961,0.0210231372322994,0.0210231372322994,0.0210231372322994,0.0160828742749283
12.3654554745313,0,-0.0686880413546458,0,12.3654554745313,-0.0686880413546458,-0.0686880413546458,-0.0686880413546458,0.0513325050706189
19.2556223171704,0,0.0285945738844167,0,19.2556223171704,0.0285945738844167,0.0285945738844167,0.0285945738844167,0.0139726523520546
34.7312424253189,0,0.00360906084633839,0,34.7312424253189,0.00360906084633839,0.00360906084633839,0.00360906084633839,0.017575833019559
54.7209102152747,0,0.0196726221291343,0,54.7209102152747,0.0196726221291343,0.0196726221291343,0.0196726221291343,0.0109274670854921
9.76552332936977,0,0.00564706861610557,0,9.76552332936977,0.00564706861610557,0.00564706861610557,0.00564706861610557,0.022210163633412
8.22166390729103,0,0.0200227074138689,0,8.22166390729103,0.0200227074138689,0.0200227074138689,0.0200227074138689,0.0889316774406693
8.77216358100521,0,0.0699261224100448,0,8.77216358100521,0.0699261224100448,0.0699261224100448,0.0699261224100448,0.0441440604084047
7.36539602284415,0,-0.0247872150245361,0,7.36539602284415,-0.0247872150245361,-0.0247872150245361,-0.0247872150245361,0.114121672795408
9.34902839864339,0,-0.0319037471830898,0,9.34902839864339,-0.0319037471830898,-0.0319037471830898,-0.0319037471830898,0.0353702402159913
12.5616640281909,0,0.00441577973083164,0,12.5616640281909,0.00441577973083164,0.00441577973083164,0.00441577973083164,0.0138459086615911
9.90269087384876,0,-0.0238997733934269,0,9.90269087384876,-0.0238997733934269,-0.0238997733934269,-0.0238997733934269,0.140365006537693
10.8363107906744,0,-0.028098390818107,0,10.8363107906744,-0.028098390818107,-0.028098390818107,-0.028098390818107,0.071926050301895
11.7003583105711,0,-0.00186774348468509,0,11.7003583105711,-0.00186774348468509,-0.00186774348468509,-0.00186774348468509,0.00589871207554302
14.1717804897526,0,0.027255899623745,0,14.1717804897526,0.027255899623745,0.027255899623745,0.027255899623745,0.0438772018708798
11.3171115233183,0,-0.0301299566297987,0,11.3171115233183,-0.0301299566297987,-0.0301299566297987,-0.0301299566297987,0.0549217163119364
12.491172371433,0,0.00616174807970621,0,12.491172371433,0.00616174807970621,0.00616174807970621,0.00616174807970621,0.0405245193389735
17.7574754531964,0,-0.0364542682670167,0,17.7574754531964,-0.0364542682670167,-0.0364542682670167,-0.0364542682670167,0.0437339114285826
23.3384346785706,0,0.0173424537425691,0,23.3384346785706,0.0173424537425691,0.0173424537425691,0.0173424537425691,0.0189266195413323
21.0471310356801,0,0.0617673658141888,0,21.0471310356801,0.0617673658141888,0.0617673658141888,0.0617673658141888,0.047052745863464
16.8846431378076,0,0.0592246738975235,0,16.8846431378076,0.0592246738975235,0.0592246738975235,0.0592246738975235,0.0580511049145327
140.778871317907,0,0.0554812237912711,0,140.778871317907,0.0554812237912711,0.0554812237912711,0.0554812237912711,0.0428661394520242
10.8384906759069,0,-0.00221059163205814,0,10.8384906759069,-0.00221059163205814,-0.00221059163205814,-0.00221059163205814,0.0251376149245104
5.36034284274372,0,0.0126214961722838,0,5.36034284274372,0.0126214961722838,0.0126214961722838,0.0126214961722838,0.0439400124984659
14.6925462604222,0,-0.00458452472707301,0,14.6925462604222,-0.00458452472707301,-0.00458452472707301,-0.00458452472707301,0.0444254697733256
12.6985002447189,0,0.0156151615690587,0,12.6985002447189,0.0156151615690587,0.0156151615690587,0.0156151615690587,0.0344296478282526
11.0161041029769,0,-0.0031766917676102,0,11.0161041029769,-0.0031766917676102,-0.0031766917676102,-0.0031766917676102,0.0522005254908412
12.612078023469,0,-0.0597088928688878,0,12.612078023469,-0.0597088928688878,-0.0597088928688878,-0.0597088928688878,0.0322576765582896
27.9381463268887,0,-0.0196646199066465,0,27.9381463268887,-0.0196646199066465,-0.0196646199066465,-0.0196646199066465,0.0266030945529787
28.4056044215739,0,-0.0234835133541325,0,28.4056044215739,-0.0234835133541325,-0.0234835133541325,-0.0234835133541325,0.0460235649191708
13.4368696617468,0,0.0535402362440232,0,13.4368696617468,0.0535402362440232,0.0535402362440232,0.0535402362440232,0.0282079903838013
14.3373106913918,0,-0.0165868652445846,0,14.3373106913918,-0.0165868652445846,-0.0165868652445846,-0.0165868652445846,0.0475684856482902
25.9320346135502,0,-0.0232712391594247,0,25.9320346135502,-0.0232712391594247,-0.0232712391594247,-0.0232712391594247,0.0300519735078187
NA,NA,NA,NA,NA,NA,NA,NA,NA
3.48138260502119,0,-0.0431716232209931,0,3.48138260502119,-0.0431716232209931,-0.0431716232209931,-0.0431716232209931,0.0321818721032191
5.59197431763262,0,-0.0578220526680145,0,5.59197431763262,-0.0578220526680145,-0.0578220526680145,-0.0578220526680145,0.0290843221745671
7.10118523761685,0,-0.0285278978712163,0,7.10118523761685,-0.0285278978712163,-0.0285278978712163,-0.0285278978712163,0.0595492352872805
8.39406695268219,0,0.0167837864563465,0,8.39406695268219,0.0167837864563465,0.0167837864563465,0.0167837864563465,0.0322473662392579
6.68163411954067,0,0.0399525800720857,0,6.68163411954067,0.0399525800720857,0.0399525800720857,0.0399525800720857,0.0632642521725607
10.9419857642508,0,-0.0876235523401562,0,10.9419857642508,-0.0876235523401562,-0.0876235523401562,-0.0876235523401562,0.0336377588977628
9.567453602661,0,-0.0130573193727359,0,9.567453602661,-0.0130573193727359,-0.0130573193727359,-0.0130573193727359,0.0264340771076804
9.56764954052794,0,-0.00578932875863998,0,9.56764954052794,-0.00578932875863998,-0.00578932875863998,-0.00578932875863998,0.0288617279537588
9.58796747981615,0,0.00725905880614161,0,9.58796747981615,0.00725905880614161,0.00725905880614161,0.00725905880614161,0.0422687684348916
10.3415882006709,0,-0.0979591311963027,0,10.3415882006709,-0.0979591311963027,-0.0979591311963027,-0.0979591311963027,0.0379022425227411
9.03381024943225,0,-0.0258591277728825,0,9.03381024943225,-0.0258591277728825,-0.0258591277728825,-0.0258591277728825,0.0210013285642308
7.292171244769,0,0.0214216184583366,0,7.292171244769,0.0214216184583366,0.0214216184583366,0.0214216184583366,0.00787016036700002
10.6567948708008,0,0.0203455428827325,0,10.6567948708008,0.0203455428827325,0.0203455428827325,0.0203455428827325,0.0367174068081082
15.83958844307,0,0.0399832495665445,0,15.83958844307,0.0399832495665445,0.0399832495665445,0.0399832495665445,0.0130470310288665
17.7014293147066,0,0.0234372077444364,0,17.7014293147066,0.0234372077444364,0.0234372077444364,0.0234372077444364,0.0323786122878216
18.5230702558348,0,-0.00995709768556392,0,18.5230702558348,-0.00995709768556392,-0.00995709768556392,-0.00995709768556392,0.0596686324209322
13.5036026382197,0,0.0260526179813793,0,13.5036026382197,0.0260526179813793,0.0260526179813793,0.0260526179813793,0.0175137052055195
13.9836050997556,0,-0.0596374353307077,0,13.9836050997556,-0.0596374353307077,-0.0596374353307077,-0.0596374353307077,0.0260159424457815
11.3110693140974,0,0.00982781565554414,0,11.3110693140974,0.00982781565554414,0.00982781565554414,0.00982781565554414,0.0152975413868066
20.6083384757102,0,-0.0196913974375486,0,20.6083384757102,-0.0196913974375486,-0.0196913974375486,-0.0196913974375486,0.0564075951702511
12.3671082351961,0,0.0210231372322994,0,12.3671082351961,0.0210231372322994,0.0210231372322994,0.0210231372322994,0.0160828742749283
12.3654554745313,0,-0.0686880413546458,0,12.3654554745313,-0.0686880413546458,-0.0686880413546458,-0.0686880413546458,0.0513325050706189
19.2556223171704,0,0.0285945738844167,0,19.2556223171704,0.0285945738844167,0.0285945738844167,0.0285945738844167,0.0139726523520546
34.7312424253189,0,0.00360906084633839,0,34.7312424253189,0.00360906084633839,0.00360906084633839,0.00360906084633839,0.017575833019559
54.7209102152747,0,0.0196726221291343,0,54.7209102152747,0.0196726221291343,0.0196726221291343,0.0196726221291343,0.0109274670854921
9.76552332936977,0,0.00564706861610557,0,9.76552332936977,0.00564706861610557,0.00564706861610557,0.00564706861610557,0.022210163633412
8.22166390729103,0,0.0200227074138689,0,8.22166390729103,0.0200227074138689,0.0200227074138689,0.0200227074138689,0.0889316774406693
8.77216358100521,0,0.0699261224100448,0,8.77216358100521,0.0699261224100448,0.0699261224100448,0.0699261224100448,0.0441440604084047
7.36539602284415,0,-0.0247872150245361,0,7.36539602284415,-0.0247872150245361,-0.0247872150245361,-0.0247872150245361,0.114121672795408
9.34902839864339,0,-0.0319037471830898,0,9.34902839864339,-0.0319037471830898,-0.0319037471830898,-0.0319037471830898,0.0353702402159913
12.5616640281909,0,0.00441577973083164,0,12.5616640281909,0.00441577973083164,0.00441577973083164,0.00441577973083164,0.0138459086615911
9.90269087384876,0,-0.0238997733934269,0,9.90269087384876,-0.0238997733934269,-0.0238997733934269,-0.0238997733934269,0.140365006537693
10.8363107906744,0,-0.028098390818107,0,10.8363107906744,-0.028098390818107,-0.028098390818107,-0.028098390818107,0.071926050301895
11.7003583105711,0,-0.00186774348468509,0,11.7003583105711,-0.00186774348468509,-0.00186774348468509,-0.00186774348468509,0.00589871207554302
14.1717804897526,0,0.027255899623745,0,14.1717804897526,0.027255899623745,0.027255899623745,0.027255899623745,0.0438772018708798
11.3171115233183,0,-0.0301299566297987,0,11.3171115233183,-0.0301299566297987,-0.0301299566297987,-0.0301299566297987,0.0549217163119364
12.491172371433,0,0.00616174807970621,0,12.491172371433,0.00616174807970621,0.00616174807970621,0.00616174807970621,0.0405245193389735
17.7574754531964,0,-0.0364542682670167,0,17.7574754531964,-0.0364542682670167,-0.0364542682670167,-0.0364542682670167,0.0437339114285826
23.3384346785706,0,0.0173424537425691,0,23.3384346785706,0.0173424537425691,0.0173424537425691,0.0173424537425691,0.0189266195413323
21.0471310356801,0,0.0617673658141888,0,21.0471310356801,0.0617673658141888,0.0617673658141888,0.0617673658141888,0.047052745863464
16.8846431378076,0,0.0592246738975235,0,16.8846431378076,0.0592246738975235,0.0592246738975235,0.0592246738975235,0.0580511049145327
140.778871317907,0,0.0554812237912711,0,140.778871317907,0.0554812237912711,0.0554812237912711,0.0554812237912711,0.0428661394520242
10.8384906759069,0,-0.00221059163205814,0,10.8384906759069,-0.00221059163205814,-0.00221059163205814,-0.00221059163205814,0.0251376149245104
5.36034284274372,0,0.0126214961722838,0,5.36034284274372,0.0126214961722838,0.0126214961722838,0.0126214961722838,0.0439400124984659
14.6925462604222,0,-0.00458452472707301,0,14.6925462604222,-0.00458452472707301,-0.00458452472707301,-0.00458452472707301,0.0444254697733256
12.6985002447189,0,0.0156151615690587,0,12.6985002447189,0.0156151615690587,0.0156151615690587,0.0156151615690587,0.0344296478282526
11.0161041029769,0,-0.0031766917676102,0,11.0161041029769,-0.0031766917676102,-0.0031766917676102,-0.0031766917676102,0.0522005254908412
12.612078023469,0,-0.0597088928688878,0,12.612078023469,-0.0597088928688878,-0.0597088928688878,-0.0597088928688878,0.0322576765582896
27.9381463268887,0,-0.0196646199066465,0,27.9381463268887,-0.0196646199066465,-0.0196646199066465,-0.0196646199066465,0.0266030945529787
28.4056044215739,0,-0.0234835133541325,0,28.4056044215739,-0.0234835133541325,-0.0234835133541325,-0.0234835133541325,0.0460235649191708
13.4368696617468,0,0.0535402362440232,0,13.4368696617468,0.0535402362440232,0.0535402362440232,0.0535402362440232,0.0282079903838013
14.3373106913918,0,-0.0165868652445846,0,14.3373106913918,-0.0165868652445846,-0.0165868652445846,-0.0165868652445846,0.0475684856482902
25.9320346135502,0,-0.0232712391594247,0,25.9320346135502,-0.0232712391594247,-0.0232712391594247,-0.0232712391594247,0.0300519735078187
NA,NA,NA,NA,NA,NA,NA,NA,NA
3.48138260502119,0,-0.0431716232209931,0,3.48138260502119,-0.0431716232209931,-0.0431716232209931,-0.0431716232209931,0.0321818721032191
5.59197431763262,0,-0.0578220526680145,0,5.59197431763262,-0.0578220526680145,-0.0578220526680145,-0.0578220526680145,0.0290843221745671
7.10118523761685,0,-0.0285278978712163,0,7.10118523761685,-0.0285278978712163,-0.0285278978712163,-0.0285278978712163,0.0595492352872805
8.39406695268219,0,0.0167837864563465,0,8.39406695268219,0.0167837864563465,0.0167837864563465,0.0167837864563465,0.0322473662392579
6.68163411954067,0,0.0399525800720857,0,6.68163411954067,0.0399525800720857,0.0399525800720857,0.0399525800720857,0.0632642521725607
10.9419857642508,0,-0.0876235523401562,0,10.9419857642508,-0.0876235523401562,-0.0876235523401562,-0.0876235523401562,0.0336377588977628
9.567453602661,0,-0.0130573193727359,0,9.567453602661,-0.0130573193727359,-0.0130573193727359,-0.0130573193727359,0.0264340771076804
9.56764954052794,0,-0.00578932875863998,0,9.56764954052794,-0.00578932875863998,-0.00578932875863998,-0.00578932875863998,0.0288617279537588
9.58796747981615,0,0.00725905880614161,0,9.58796747981615,0.00725905880614161,0.00725905880614161,0.00725905880614161,0.0422687684348916
10.3415882006709,0,-0.0979591311963027,0,10.3415882006709,-0.0979591311963027,-0.0979591311963027,-0.0979591311963027,0.0379022425227411
9.03381024943225,0,-0.0258591277728825,0,9.03381024943225,-0.0258591277728825,-0.0258591277728825,-0.0258591277728825,0.0210013285642308
7.292171244769,0,0.0214216184583366,0,7.292171244769,0.0214216184583366,0.0214216184583366,0.0214216184583366,0.00787016036700002
10.6567948708008,0,0.0203455428827325,0,10.6567948708008,0.0203455428827325,0.0203455428827325,0.0203455428827325,0.0367174068081082
15.83958844307,0,0.0399832495665445,0,15.83958844307,0.0399832495665445,0.0399832495665445,0.0399832495665445,0.0130470310288665
17.7014293147066,0,0.0234372077444364,0,17.7014293147066,0.0234372077444364,0.0234372077444364,0.0234372077444364,0.0323786122878216
18.5230702558348,0,-0.00995709768556392,0,18.5230702558348,-0.00995709768556392,-0.00995709768556392,-0.00995709768556392,0.0596686324209322
13.5036026382197,0,0.0260526179813793,0,13.5036026382197,0.0260526179813793,0.0260526179813793,0.0260526179813793,0.0175137052055195
13.9836050997556,0,-0.0596374353307077,0,13.9836050997556,-0.0596374353307077,-0.0596374353307077,-0.0596374353307077,0.0260159424457815
11.3110693140974,0,0.00982781565554414,0,11.3110693140974,0.00982781565554414,0.00982781565554414,0.00982781565554414,0.0152975413868066
20.6083384757102,0,-0.0196913974375486,0,20.6083384757102,-0.0196913974375486,-0.0196913974375486,-0.0196913974375486,0.0564075951702511
12.3671082351961,0,0.0210231372322994,0,12.3671082351961,0.0210231372322994,0.0210231372322994,0.0210231372322994,0.0160828742749283
12.3654554745313,0,-0.0686880413546458,0,12.3654554745313,-0.0686880413546458,-0.0686880413546458,-0.0686880413546458,0.0513325050706189
19.2556223171704,0,0.0285945738844167,0,19.2556223171704,0.0285945738844167,0.0285945738844167,0.0285945738844167,0.0139726523520546
34.7312424253189,0,0.00360906084633839,0,34.7312424253189,0.00360906084633839,0.00360906084633839,0.00360906084633839,0.017575833019559
54.7209102152747,0,0.0196726221291343,0,54.7209102152747,0.0196726221291343,0.0196726221291343,0.0196726221291343,0.0109274670854921
9.76552332936977,0,0.00564706861610557,0,9.76552332936977,0.00564706861610557,0.00564706861610557,0.00564706861610557,0.022210163633412
8.22166390729103,0,0.0200227074138689,0,8.22166390729103,0.0200227074138689,0.0200227074138689,0.0200227074138689,0.0889316774406693
8.77216358100521,0,0.0699261224100448,0,8.77216358100521,0.0699261224100448,0.0699261224100448,0.0699261224100448,0.0441440604084047
7.36539602284415,0,-0.0247872150245361,0,7.36539602284415,-0.0247872150245361,-0.0247872150245361,-0.0247872150245361,0.114121672795408
9.34902839864339,0,-0.0319037471830898,0,9.34902839864339,-0.0319037471830898,-0.0319037471830898,-0.0319037471830898,0.0353702402159913
12.5616640281909,0,0.00441577973083164,0,12.5616640281909,0.00441577973083164,0.00441577973083164,0.00441577973083164,0.0138459086615911
9.90269087384876,0,-0.0238997733934269,0,9.90269087384876,-0.0238997733934269,-0.0238997733934269,-0.0238997733934269,0.140365006537693
10.8363107906744,0,-0.028098390818107,0,10.8363107906744,-0.028098390818107,-0.028098390818107,-0.028098390818107,0.071926050301895
11.7003583105711,0,-0.00186774348468509,0,11.7003583105711,-0.00186774348468509,-0.00186774348468509,-0.00186774348468509,0.00589871207554302
14.1717804897526,0,0.027255899623745,0,14.1717804897526,0.027255899623745,0.027255899623745,0.027255899623745,0.0438772018708798
11.3171115233183,0,-0.0301299566297987,0,11.3171115233183,-0.0301299566297987,-0.0301299566297987,-0.0301299566297987,0.0549217163119364
12.491172371433,0,0.00616174807970621,0,12.491172371433,0.00616174807970621,0.00616174807970621,0.00616174807970621,0.0405245193389735
17.7574754531964,0,-0.0364542682670167,0,17.7574754531964,-0.0364542682670167,-0.0364542682670167,-0.0364542682670167,0.0437339114285826
23.3384346785706,0,0.0173424537425691,0,23.3384346785706,0.0173424537425691,0.0173424537425691,0.0173424537425691,0.0189266195413323
21.0471310356801,0,0.0617673658141888,0,21.0471310356801,0.0617673658141888,0.0617673658141888,0.0617673658141888,0.047052745863464
16.8846431378076,0,0.0592246738975235,0,16.8846431378076,0.0592246738975235,0.0592246738975235,0.0592246738975235,0.0580511049145327
140.778871317907,0,0.0554812237912711,0,140.778871317907,0.0554812237912711,0.0554812237912711,0.0554812237912711,0.0428661394520242
10.8384906759069,0,-0.00221059163205814,0,10.8384906759069,-0.00221059163205814,-0.00221059163205814,-0.00221059163205814,0.0251376149245104
5.36034284274372,0,0.0126214961722838,0,5.36034284274372,0.0126214961722838,0.0126214961722838,0.0126214961722838,0.0439400124984659
14.6925462604222,0,-0.00458452472707301,0,14.6925462604222,-0.00458452472707301,-0.00458452472707301,-0.00458452472707301,0.0444254697733256
12.6985002447189,0,0.0156151615690587,0,12.6985002447189,0.0156151615690587,0.0156151615690587,0.0156151615690587,0.0344296478282526
11.0161041029769,0,-0.0031766917676102,0,11.0161041029769,-0.0031766917676102,-0.0031766917676102,-0.0031766917676102,0.0522005254908412
12.612078023469,0,-0.0597088928688878,0,12.612078023469,-0.0597088928688878,-0.0597088928688878,-0.0597088928688878,0.0322576765582896
27.9381463268887,0,-0.0196646199066465,0,27.9381463268887,-0.0196646199066465,-0.0196646199066465,-0.0196646199066465,0.0266030945529787
28.4056044215739,0,-0.0234835133541325,0,28.4056044215739,-0.0234835133541325,-0.0234835133541325,-0.0234835133541325,0.0460235649191708
13.4368696617468,0,0.0535402362440232,0,13.4368696617468,0.0535402362440232,0.0535402362440232,0.0535402362440232,0.0282079903838013
14.3373106913918,0,-0.0165868652445846,0,14.3373106913918,-0.0165868652445846,-0.0165868652445846,-0.0165868652445846,0.0475684856482902
25.9320346135502,0,-0.0232712391594247,0,25.9320346135502,-0.0232712391594247,-0.0232712391594247,-0.0232712391594247,0.0300519735078187
NA,NA,NA,NA,NA,NA,NA,NA,NA
3.48138260502119,0,-0.0431716232209931,0,3.48138260502119,-0.0431716232209931,-0.0431716232209931,-0.0431716232209931,0.0321818721032191
5.59197431763262,0,-0.0578220526680145,0,5.59197431763262,-0.0578220526680145,-0.0578220526680145,-0.0578220526680145,0.0290843221745671
7.10118523761685,0,-0.0285278978712163,0,7.10118523761685,-0.0285278978712163,-0.0285278978712163,-0.0285278978712163,0.0595492352872805
8.39406695268219,0,0.0167837864563465,0,8.39406695268219,0.0167837864563465,0.0167837864563465,0.0167837864563465,0.0322473662392579
6.68163411954067,0,0.0399525800720857,0,6.68163411954067,0.0399525800720857,0.0399525800720857,0.0399525800720857,0.0632642521725607
10.9419857642508,0,-0.0876235523401562,0,10.9419857642508,-0.0876235523401562,-0.0876235523401562,-0.0876235523401562,0.0336377588977628
9.567453602661,0,-0.0130573193727359,0,9.567453602661,-0.0130573193727359,-0.0130573193727359,-0.0130573193727359,0.0264340771076804
9.56764954052794,0,-0.00578932875863998,0,9.56764954052794,-0.00578932875863998,-0.00578932875863998,-0.00578932875863998,0.0288617279537588
9.58796747981615,0,0.00725905880614161,0,9.58796747981615,0.00725905880614161,0.00725905880614161,0.00725905880614161,0.0422687684348916
10.3415882006709,0,-0.0979591311963027,0,10.3415882006709,-0.0979591311963027,-0.0979591311963027,-0.0979591311963027,0.0379022425227411
9.03381024943225,0,-0.0258591277728825,0,9.03381024943225,-0.0258591277728825,-0.0258591277728825,-0.0258591277728825,0.0210013285642308
7.292171244769,0,0.0214216184583366,0,7.292171244769,0.0214216184583366,0.0214216184583366,0.0214216184583366,0.00787016036700002
10.6567948708008,0,0.0203455428827325,0,10.6567948708008,0.0203455428827325,0.0203455428827325,0.0203455428827325,0.0367174068081082
15.83958844307,0,0.0399832495665445,0,15.83958844307,0.0399832495665445,0.0399832495665445,0.0399832495665445,0.0130470310288665
17.7014293147066,0,0.0234372077444364,0,17.7014293147066,0.0234372077444364,0.0234372077444364,0.0234372077444364,0.0323786122878216
18.5230702558348,0,-0.00995709768556392,0,18.5230702558348,-0.00995709768556392,-0.00995709768556392,-0.00995709768556392,0.0596686324209322
13.5036026382197,0,0.0260526179813793,0,13.5036026382197,0.0260526179813793,0.0260526179813793,0.0260526179813793,0.0175137052055195
13.9836050997556,0,-0.0596374353307077,0,13.9836050997556,-0.0596374353307077,-0.0596374353307077,-0.0596374353307077,0.0260159424457815
11.3110693140974,0,0.00982781565554414,0,11.3110693140974,0.00982781565554414,0.00982781565554414,0.00982781565554414,0.0152975413868066
20.6083384757102,0,-0.0196913974375486,0,20.6083384757102,-0.0196913974375486,-0.0196913974375486,-0.0196913974375486,0.0564075951702511
12.3671082351961,0,0.0210231372322994,0,12.3671082351961,0.0210231372322994,0.0210231372322994,0.0210231372322994,0.0160828742749283
12.3654554745313,0,-0.0686880413546458,0,12.3654554745313,-0.0686880413546458,-0.0686880413546458,-0.0686880413546458,0.0513325050706189
19.2556223171704,0,0.0285945738844167,0,19.2556223171704,0.0285945738844167,0.0285945738844167,0.0285945738844167,0.0139726523520546
34.7312424253189,0,0.00360906084633839,0,34.7312424253189,0.00360906084633839,0.00360906084633839,0.00360906084633839,0.017575833019559
54.7209102152747,0,0.0196726221291343,0,54.7209102152747,0.0196726221291343,0.0196726221291343,0.0196726221291343,0.0109274670854921
9.76552332936977,0,0.00564706861610557,0,9.76552332936977,0.00564706861610557,0.00564706861610557,0.00564706861610557,0.022210163633412
8.22166390729103,0,0.0200227074138689,0,8.22166390729103,0.0200227074138689,0.0200227074138689,0.0200227074138689,0.0889316774406693
8.77216358100521,0,0.0699261224100448,0,8.77216358100521,0.0699261224100448,0.0699261224100448,0.0699261224100448,0.0441440604084047
7.36539602284415,0,-0.0247872150245361,0,7.36539602284415,-0.0247872150245361,-0.0247872150245361,-0.0247872150245361,0.114121672795408
9.34902839864339,0,-0.0319037471830898,0,9.34902839864339,-0.0319037471830898,-0.0319037471830898,-0.0319037471830898,0.0353702402159913
12.5616640281909,0,0.00441577973083164,0,12.5616640281909,0.00441577973083164,0.00441577973083164,0.00441577973083164,0.0138459086615911
9.90269087384876,0,-0.0238997733934269,0,9.90269087384876,-0.0238997733934269,-0.0238997733934269,-0.0238997733934269,0.140365006537693
10.8363107906744,0,-0.028098390818107,0,10.8363107906744,-0.028098390818107,-0.028098390818107,-0.028098390818107,0.071926050301895
11.7003583105711,0,-0.00186774348468509,0,11.7003583105711,-0.00186774348468509,-0.00186774348468509,-0.00186774348468509,0.00589871207554302
14.1717804897526,0,0.027255899623745,0,14.1717804897526,0.027255899623745,0.027255899623745,0.027255899623745,0.0438772018708798
11.3171115233183,0,-0.0301299566297987,0,11.3171115233183,-0.0301299566297987,-0.0301299566297987,-0.0301299566297987,0.0549217163119364
12.491172371433,0,0.00616174807970621,0,12.491172371433,0.00616174807970621,0.00616174807970621,0.00616174807970621,0.0405245193389735
17.7574754531964,0,-0.0364542682670167,0,17.7574754531964,-0.0364542682670167,-0.0364542682670167,-0.0364542682670167,0.0437339114285826
23.3384346785706,0,0.0173424537425691,0,23.3384346785706,0.0173424537425691,0.0173424537425691,0.0173424537425691,0.0189266195413323
21.0471310356801,0,0.0617673658141888,0,21.0471310356801,0.0617673658141888,0.0617673658141888,0.0617673658141888,0.047052745863464
16.8846431378076,0,0.0592246738975235,0,16.8846431378076,0.0592246738975235,0.0592246738975235,0.0592246738975235,0.0580511049145327
140.778871317907,0,0.0554812237912711,0,140.778871317907,0.0554812237912711,0.0554812237912711,0.0554812237912711,0.0428661394520242
10.8384906759069,0,-0.00221059163205814,0,10.8384906759069,-0.00221059163205814,-0.00221059163205814,-0.00221059163205814,0.0251376149245104
5.36034284274372,0,0.0126214961722838,0,5.36034284274372,0.0126214961722838,0.0126214961722838,0.0126214961722838,0.0439400124984659
14.6925462604222,0,-0.00458452472707301,0,14.6925462604222,-0.00458452472707301,-0.00458452472707301,-0.00458452472707301,0.0444254697733256
12.6985002447189,0,0.0156151615690587,0,12.6985002447189,0.0156151615690587,0.0156151615690587,0.0156151615690587,0.0344296478282526
11.0161041029769,0,-0.0031766917676102,0,11.0161041029769,-0.0031766917676102,-0.0031766917676102,-0.0031766917676102,0.0522005254908412
12.612078023469,0,-0.0597088928688878,0,12.612078023469,-0.0597088928688878,-0.0597088928688878,-0.0597088928688878,0.0322576765582896
27.9381463268887,0,-0.0196646199066465,0,27.9381463268887,-0.0196646199066465,-0.0196646199066465,-0.0196646199066465,0.0266030945529787
28.4056044215739,0,-0.0234835133541325,0,28.4056044215739,-0.0234835133541325,-0.0234835133541325,-0.0234835133541325,0.0460235649191708
13.4368696617468,0,0.0535402362440232,0,13.4368696617468,0.0535402362440232,0.0535402362440232,0.0535402362440232,0.0282079903838013
14.3373106913918,0,-0.0165868652445846,0,14.3373106913918,-0.0165868652445846,-0.0165868652445846,-0.0165868652445846,0.0475684856482902
25.9320346135502,0,-0.0232712391594247,0,25.9320346135502,-0.0232712391594247,-0.0232712391594247,-0.0232712391594247,0.0300519735078187
NA,NA,NA,NA,NA,NA,NA,NA,NA
3.48138260502119,0,-0.0431716232209931,0,3.48138260502119,-0.0431716232209931,-0.0431716232209931,-0.0431716232209931,0.0321818721032191
5.59197431763262,0,-0.0578220526680145,0,5.59197431763262,-0.0578220526680145,-0.0578220526680145,-0.0578220526680145,0.0290843221745671
7.10118523761685,0,-0.0285278978712163,0,7.10118523761685,-0.0285278978712163,-0.0285278978712163,-0.0285278978712163,0.0595492352872805
8.39406695268219,0,0.0167837864563465,0,8.39406695268219,0.0167837864563465,0.0167837864563465,0.0167837864563465,0.0322473662392579
6.68163411954067,0,0.0399525800720857,0,6.68163411954067,0.0399525800720857,0.0399525800720857,0.0399525800720857,0.0632642521725607
10.9419857642508,0,-0.0876235523401562,0,10.9419857642508,-0.0876235523401562,-0.0876235523401562,-0.0876235523401562,0.0336377588977628
9.567453602661,0,-0.0130573193727359,0,9.567453602661,-0.0130573193727359,-0.0130573193727359,-0.0130573193727359,0.0264340771076804
9.56764954052794,0,-0.00578932875863998,0,9.56764954052794,-0.00578932875863998,-0.00578932875863998,-0.00578932875863998,0.0288617279537588
9.58796747981615,0,0.00725905880614161,0,9.58796747981615,0.00725905880614161,0.00725905880614161,0.00725905880614161,0.0422687684348916
10.3415882006709,0,-0.0979591311963027,0,10.3415882006709,-0.0979591311963027,-0.0979591311963027,-0.0979591311963027,0.0379022425227411
9.03381024943225,0,-0.0258591277728825,0,9.03381024943225,-0.0258591277728825,-0.0258591277728825,-0.0258591277728825,0.0210013285642308
7.292171244769,0,0.0214216184583366,0,7.292171244769,0.0214216184583366,0.0214216184583366,0.0214216184583366,0.00787016036700002
10.6567948708008,0,0.0203455428827325,0,10.6567948708008,0.0203455428827325,0.0203455428827325,0.0203455428827325,0.0367174068081082
15.83958844307,0,0.0399832495665445,0,15.83958844307,0.0399832495665445,0.0399832495665445,0.0399832495665445,0.0130470310288665
17.7014293147066,0,0.0234372077444364,0,17.7014293147066,0.0234372077444364,0.0234372077444364,0.0234372077444364,0.0323786122878216
18.5230702558348,0,-0.00995709768556392,0,18.5230702558348,-0.00995709768556392,-0.00995709768556392,-0.00995709768556392,0.0596686324209322
13.5036026382197,0,0.0260526179813793,0,13.5036026382197,0.0260526179813793,0.0260526179813793,0.0260526179813793,0.0175137052055195
13.9836050997556,0,-0.0596374353307077,0,13.9836050997556,-0.0596374353307077,-0.0596374353307077,-0.0596374353307077,0.0260159424457815
11.3110693140974,0,0.00982781565554414,0,11.3110693140974,0.00982781565554414,0.00982781565554414,0.00982781565554414,0.0152975413868066
20.6083384757102,0,-0.0196913974375486,0,20.6083384757102,-0.0196913974375486,-0.0196913974375486,-0.0196913974375486,0.0564075951702511
12.3671082351961,0,0.0210231372322994,0,12.3671082351961,0.0210231372322994,0.0210231372322994,0.0210231372322994,0.0160828742749283
12.3654554745313,0,-0.0686880413546458,0,12.3654554745313,-0.0686880413546458,-0.0686880413546458,-0.0686880413546458,0.0513325050706189
19.2556223171704,0,0.0285945738844167,0,19.2556223171704,0.0285945738844167,0.0285945738844167,0.0285945738844167,0.0139726523520546
34.7312424253189,0,0.00360906084633839,0,34.7312424253189,0.00360906084633839,0.00360906084633839,0.00360906084633839,0.017575833019559
54.7209102152747,0,0.0196726221291343,0,54.7209102152747,0.0196726221291343,0.0196726221291343,0.0196726221291343,0.0109274670854921
9.76552332936977,0,0.00564706861610557,0,9.76552332936977,0.00564706861610557,0.00564706861610557,0.00564706861610557,0.022210163633412
8.22166390729103,0,0.0200227074138689,0,8.22166390729103,0.0200227074138689,0.0200227074138689,0.0200227074138689,0.0889316774406693
8.77216358100521,0,0.0699261224100448,0,8.77216358100521,0.0699261224100448,0.0699261224100448,0.0699261224100448,0.0441440604084047
7.36539602284415,0,-0.0247872150245361,0,7.36539602284415,-0.0247872150245361,-0.0247872150245361,-0.0247872150245361,0.114121672795408
9.34902839864339,0,-0.0319037471830898,0,9.34902839864339,-0.0319037471830898,-0.0319037471830898,-0.0319037471830898,0.0353702402159913
12.5616640281909,0,0.00441577973083164,0,12.5616640281909,0.00441577973083164,0.00441577973083164,0.00441577973083164,0.0138459086615911
9.90269087384876,0,-0.0238997733934269,0,9.90269087384876,-0.0238997733934269,-0.0238997733934269,-0.0238997733934269,0.140365006537693
10.8363107906744,0,-0.028098390818107,0,10.8363107906744,-0.028098390818107,-0.028098390818107,-0.028098390818107,0.071926050301895
11.7003583105711,0,-0.00186774348468509,0,11.7003583105711,-0.00186774348468509,-0.00186774348468509,-0.00186774348468509,0.00589871207554302
14.1717804897526,0,0.027255899623745,0,14.1717804897526,0.027255899623745,0.027255899623745,0.027255899623745,0.0438772018708798
11.3171115233183,0,-0.0301299566297987,0,11.3171115233183,-0.0301299566297987,-0.0301299566297987,-0.0301299566297987,0.0549217163119364
12.491172371433,0,0.00616174807970621,0,12.491172371433,0.00616174807970621,0.00616174807970621,0.00616174807970621,0.0405245193389735
17.7574754531964,0,-0.0364542682670167,0,17.7574754531964,-0.0364542682670167,-0.0364542682670167,-0.0364542682670167,0.0437339114285826
23.3384346785706,0,0.0173424537425691,0,23.3384346785706,0.0173424537425691,0.0173424537425691,0.0173424537425691,0.0189266195413323
21.0471310356801,0,0.0617673658141888,0,21.0471310356801,0.0617673658141888,0.0617673658141888,0.0617673658141888,0.047052745863464
16.8846431378076,0,0.0592246738975235,0,16.8846431378076,0.0592246738975235,0.0592246738975235,0.0592246738975235,0.0580511049145327
140.778871317907,0,0.0554812237912711,0,140.778871317907,0.0554812237912711,0.0554812237912711,0.0554812237912711,0.0428661394520242
10.8384906759069,0,-0.00221059163205814,0,10.8384906759069,-0.00221059163205814,-0.00221059163205814,-0.00221059163205814,0.0251376149245104
5.36034284274372,0,0.0126214961722838,0,5.36034284274372,0.0126214961722838,0.0126214961722838,0.0126214961722838,0.0439400124984659
14.6925462604222,0,-0.00458452472707301,0,14.6925462604222,-0.00458452472707301,-0.00458452472707301,-0.00458452472707301,0.0444254697733256
12.6985002447189,0,0.0156151615690587,0,12.6985002447189,0.0156151615690587,0.0156151615690587,0.0156151615690587,0.0344296478282526
11.0161041029769,0,-0.0031766917676102,0,11.0161041029769,-0.0031766917676102,-0.0031766917676102,-0.0031766917676102,0.0522005254908412
12.612078023469,0,-0.0597088928688878,0,12.612078023469,-0.0597088928688878,-0.0597088928688878,-0.0597088928688878,0.0322576765582896
27.9381463268887,0,-0.0196646199066465,0,27.9381463268887,-0.0196646199066465,-0.0196646199066465,-0.0196646199066465,0.0266030945529787
28.4056044215739,0,-0.0234835133541325,0,28.4056044215739,-0.0234835133541325,-0.0234835133541325,-0.0234835133541325,0.0460235649191708
13.4368696617468,0,0.0535402362440232,0,13.4368696617468,0.0535402362440232,0.0535402362440232,0.0535402362440232,0.0282079903838013
14.3373106913918,0,-0.0165868652445846,0,14.3373106913918,-0.0165868652445846,-0.0165868652445846,-0.0165868652445846,0.0475684856482902
25.9320346135502,0,-0.0232712391594247,0,25.9320346135502,-0.0232712391594247,-0.0232712391594247,-0.0232712391594247,0.0300519735078187
NA,NA,NA,NA,NA,NA,NA,NA,NA
3.48138260502119,0,-0.0431716232209931,0,3.48138260502119,-0.0431716232209931,-0.0431716232209931,-0.0431716232209931,0.0321818721032191
5.59197431763262,0,-0.0578220526680145,0,5.59197431763262,-0.0578220526680145,-0.0578220526680145,-0.0578220526680145,0.0290843221745671
7.10118523761685,0,-0.0285278978712163,0,7.10118523761685,-0.0285278978712163,-0.0285278978712163,-0.0285278978712163,0.0595492352872805
8.39406695268219,0,0.0167837864563465,0,8.39406695268219,0.0167837864563465,0.0167837864563465,0.0167837864563465,0.0322473662392579
6.68163411954067,0,0.0399525800720857,0,6.68163411954067,0.0399525800720857,0.0399525800720857,0.0399525800720857,0.0632642521725607
10.9419857642508,0,-0.0876235523401562,0,10.9419857642508,-0.0876235523401562,-0.0876235523401562,-0.0876235523401562,0.0336377588977628
9.567453602661,0,-0.0130573193727359,0,9.567453602661,-0.0130573193727359,-0.0130573193727359,-0.0130573193727359,0.0264340771076804
9.56764954052794,0,-0.00578932875863998,0,9.56764954052794,-0.00578932875863998,-0.00578932875863998,-0.00578932875863998,0.0288617279537588
9.58796747981615,0,0.00725905880614161,0,9.58796747981615,0.00725905880614161,0.00725905880614161,0.00725905880614161,0.0422687684348916
10.3415882006709,0,-0.0979591311963027,0,10.3415882006709,-0.0979591311963027,-0.0979591311963027,-0.0979591311963027,0.0379022425227411
9.03381024943225,0,-0.0258591277728825,0,9.03381024943225,-0.0258591277728825,-0.0258591277728825,-0.0258591277728825,0.0210013285642308
7.292171244769,0,0.0214216184583366,0,7.292171244769,0.0214216184583366,0.0214216184583366,0.0214216184583366,0.00787016036700002
10.6567948708008,0,0.0203455428827325,0,10.6567948708008,0.0203455428827325,0.0203455428827325,0.0203455428827325,0.0367174068081082
15.83958844307,0,0.0399832495665445,0,15.83958844307,0.0399832495665445,0.0399832495665445,0.0399832495665445,0.0130470310288665
17.7014293147066,0,0.0234372077444364,0,17.7014293147066,0.0234372077444364,0.0234372077444364,0.0234372077444364,0.0323786122878216
18.5230702558348,0,-0.00995709768556392,0,18.5230702558348,-0.00995709768556392,-0.00995709768556392,-0.00995709768556392,0.0596686324209322
13.5036026382197,0,0.0260526179813793,0,13.5036026382197,0.0260526179813793,0.0260526179813793,0.0260526179813793,0.0175137052055195
13.9836050997556,0,-0.0596374353307077,0,13.9836050997556,-0.0596374353307077,-0.0596374353307077,-0.0596374353307077,0.0260159424457815
11.3110693140974,0,0.00982781565554414,0,11.3110693140974,0.00982781565554414,0.00982781565554414,0.00982781565554414,0.0152975413868066
20.6083384757102,0,-0.0196913974375486,0,20.6083384757102,-0.0196913974375486,-0.0196913974375486,-0.0196913974375486,0.0564075951702511
12.3671082351961,0,0.0210231372322994,0,12.3671082351961,0.0210231372322994,0.0210231372322994,0.0210231372322994,0.0160828742749283
12.3654554745313,0,-0.0686880413546458,0,12.3654554745313,-0.0686880413546458,-0.0686880413546458,-0.0686880413546458,0.0513325050706189
19.2556223171704,0,0.0285945738844167,0,19.2556223171704,0.0285945738844167,0.0285945738844167,0.0285945738844167,0.0139726523520546
34.7312424253189,0,0.00360906084633839,0,34.7312424253189,0.00360906084633839,0.00360906084633839,0.00360906084633839,0.017575833019559
54.7209102152747,0,0.0196726221291343,0,54.7209102152747,0.0196726221291343,0.0196726221291343,0.0196726221291343,0.0109274670854921
9.76552332936977,0,0.00564706861610557,0,9.76552332936977,0.00564706861610557,0.00564706861610557,0.00564706861610557,0.022210163633412
8.22166390729103,0,0.0200227074138689,0,8.22166390729103,0.0200227074138689,0.0200227074138689,0.0200227074138689,0.0889316774406693
8.77216358100521,0,0.0699261224100448,0,8.77216358100521,0.0699261224100448,0.0699261224100448,0.0699261224100448,0.0441440604084047
7.36539602284415,0,-0.0247872150245361,0,7.36539602284415,-0.0247872150245361,-0.0247872150245361,-0.0247872150245361,0.114121672795408
9.34902839864339,0,-0.0319037471830898,0,9.34902839864339,-0.0319037471830898,-0.0319037471830898,-0.0319037471830898,0.0353702402159913
12.5616640281909,0,0.00441577973083164,0,12.5616640281909,0.00441577973083164,0.00441577973083164,0.00441577973083164,0.0138459086615911
9.90269087384876,0,-0.0238997733934269,0,9.90269087384876,-0.0238997733934269,-0.0238997733934269,-0.0238997733934269,0.140365006537693
10.8363107906744,0,-0.028098390818107,0,10.8363107906744,-0.028098390818107,-0.028098390818107,-0.028098390818107,0.071926050301895
11.7003583105711,0,-0.00186774348468509,0,11.7003583105711,-0.00186774348468509,-0.00186774348468509,-0.00186774348468509,0.00589871207554302
14.1717804897526,0,0.027255899623745,0,14.1717804897526,0.027255899623745,0.027255899623745,0.027255899623745,0.0438772018708798
11.3171115233183,0,-0.0301299566297987,0,11.3171115233183,-0.0301299566297987,-0.0301299566297987,-0.0301299566297987,0.0549217163119364
12.491172371433,0,0.00616174807970621,0,12.491172371433,0.00616174807970621,0.00616174807970621,0.00616174807970621,0.0405245193389735
17.7574754531964,0,-0.0364542682670167,0,17.7574754531964,-0.0364542682670167,-0.0364542682670167,-0.0364542682670167,0.0437339114285826
23.3384346785706,0,0.0173424537425691,0,23.3384346785706,0.0173424537425691,0.0173424537425691,0.0173424537425691,0.0189266195413323
21.0471310356801,0,0.0617673658141888,0,21.0471310356801,0.0617673658141888,0.0617673658141888,0.0617673658141888,0.047052745863464
16.8846431378076,0,0.0592246738975235,0,16.8846431378076,0.0592246738975235,0.0592246738975235,0.0592246738975235,0.0580511049145327
140.778871317907,0,0.0554812237912711,0,140.778871317907,0.0554812237912711,0.0554812237912711,0.0554812237912711,0.0428661394520242
10.8384906759069,0,-0.00221059163205814,0,10.8384906759069,-0.00221059163205814,-0.00221059163205814,-0.00221059163205814,0.0251376149245104
5.36034284274372,0,0.0126214961722838,0,5.36034284274372,0.0126214961722838,0.0126214961722838,0.0126214961722838,0.0439400124984659
14.6925462604222,0,-0.00458452472707301,0,14.6925462604222,-0.00458452472707301,-0.00458452472707301,-0.00458452472707301,0.0444254697733256
12.6985002447189,0,0.0156151615690587,0,12.6985002447189,0.0156151615690587,0.0156151615690587,0.0156151615690587,0.0344296478282526
11.0161041029769,0,-0.0031766917676102,0,11.0161041029769,-0.0031766917676102,-0.0031766917676102,-0.0031766917676102,0.0522005254908412
12.612078023469,0,-0.0597088928688878,0,12.612078023469,-0.0597088928688878,-0.0597088928688878,-0.0597088928688878,0.0322576765582896
27.9381463268887,0,-0.0196646199066465,0,27.9381463268887,-0.0196646199066465,-0.0196646199066465,-0.0196646199066465,0.0266030945529787
28.4056044215739,0,-0.0234835133541325,0,28.4056044215739,-0.0234835133541325,-0.0234835133541325,-0.0234835133541325,0.0460235649191708
13.4368696617468,0,0.0535402362440232,0,13.4368696617468,0.0535402362440232,0.0535402362440232,0.0535402362440232,0.0282079903838013
14.3373106913918,0,-0.0165868652445846,0,14.3373106913918,-0.0165868652445846,-0.0165868652445846,-0.0165868652445846,0.0475684856482902
25.9320346135502,0,-0.0232712391594247,0,25.9320346135502,-0.0232712391594247,-0.0232712391594247,-0.0232712391594247,0.0300519735078187
NA,NA,NA,NA,NA,NA,NA,NA,NA
3.48138260502119,0,-0.0431716232209931,0,3.48138260502119,-0.0431716232209931,-0.0431716232209931,-0.0431716232209931,0.0321818721032191
5.59197431763262,0,-0.0578220526680145,0,5.59197431763262,-0.0578220526680145,-0.0578220526680145,-0.0578220526680145,0.0290843221745671
7.10118523761685,0,-0.0285278978712163,0,7.10118523761685,-0.0285278978712163,-0.0285278978712163,-0.0285278978712163,0.0595492352872805
8.39406695268219,0,0.0167837864563465,0,8.39406695268219,0.0167837864563465,0.0167837864563465,0.0167837864563465,0.0322473662392579
6.68163411954067,0,0.0399525800720857,0,6.68163411954067,0.0399525800720857,0.0399525800720857,0.0399525800720857,0.0632642521725607
10.9419857642508,0,-0.0876235523401562,0,10.9419857642508,-0.0876235523401562,-0.0876235523401562,-0.0876235523401562,0.0336377588977628
9.567453602661,0,-0.0130573193727359,0,9.567453602661,-0.0130573193727359,-0.0130573193727359,-0.0130573193727359,0.0264340771076804
9.56764954052794,0,-0.00578932875863998,0,9.56764954052794,-0.00578932875863998,-0.00578932875863998,-0.00578932875863998,0.0288617279537588
9.58796747981615,0,0.00725905880614161,0,9.58796747981615,0.00725905880614161,0.00725905880614161,0.00725905880614161,0.0422687684348916
10.3415882006709,0,-0.0979591311963027,0,10.3415882006709,-0.0979591311963027,-0.0979591311963027,-0.0979591311963027,0.0379022425227411
9.03381024943225,0,-0.0258591277728825,0,9.03381024943225,-0.0258591277728825,-0.0258591277728825,-0.0258591277728825,0.0210013285642308
7.292171244769,0,0.0214216184583366,0,7.292171244769,0.0214216184583366,0.0214216184583366,0.0214216184583366,0.00787016036700002
10.6567948708008,0,0.0203455428827325,0,10.6567948708008,0.0203455428827325,0.0203455428827325,0.0203455428827325,0.0367174068081082
15.83958844307,0,0.0399832495665445,0,15.83958844307,0.0399832495665445,0.0399832495665445,0.0399832495665445,0.0130470310288665
17.7014293147066,0,0.0234372077444364,0,17.7014293147066,0.0234372077444364,0.0234372077444364,0.0234372077444364,0.0323786122878216
18.5230702558348,0,-0.00995709768556392,0,18.5230702558348,-0.00995709768556392,-0.00995709768556392,-0.00995709768556392,0.0596686324209322
13.5036026382197,0,0.0260526179813793,0,13.5036026382197,0.0260526179813793,0.0260526179813793,0.0260526179813793,0.0175137052055195
13.9836050997556,0,-0.0596374353307077,0,13.9836050997556,-0.0596374353307077,-0.0596374353307077,-0.0596374353307077,0.0260159424457815
11.3110693140974,0,0.00982781565554414,0,11.3110693140974,0.00982781565554414,0.00982781565554414,0.00982781565554414,0.0152975413868066
20.6083384757102,0,-0.0196913974375486,0,20.6083384757102,-0.0196913974375486,-0.0196913974375486,-0.0196913974375486,0.0564075951702511
12.3671082351961,0,0.0210231372322994,0,12.3671082351961,0.0210231372322994,0.0210231372322994,0.0210231372322994,0.0160828742749283
12.3654554745313,0,-0.0686880413546458,0,12.3654554745313,-0.0686880413546458,-0.0686880413546458,-0.0686880413546458,0.0513325050706189
19.2556223171704,0,0.0285945738844167,0,19.2556223171704,0.0285945738844167,0.0285945738844167,0.0285945738844167,0.0139726523520546
34.7312424253189,0,0.00360906084633839,0,34.7312424253189,0.00360906084633839,0.00360906084633839,0.00360906084633839,0.017575833019559
54.7209102152747,0,0.0196726221291343,0,54.7209102152747,0.0196726221291343,0.0196726221291343,0.0196726221291343,0.0109274670854921
9.76552332936977,0,0.00564706861610557,0,9.76552332936977,0.00564706861610557,0.00564706861610557,0.00564706861610557,0.022210163633412
8.22166390729103,0,0.0200227074138689,0,8.22166390729103,0.0200227074138689,0.0200227074138689,0.0200227074138689,0.0889316774406693
8.77216358100521,0,0.0699261224100448,0,8.77216358100521,0.0699261224100448,0.0699261224100448,0.0699261224100448,0.0441440604084047
7.36539602284415,0,-0.0247872150245361,0,7.36539602284415,-0.0247872150245361,-0.0247872150245361,-0.0247872150245361,0.114121672795408
9.34902839864339,0,-0.0319037471830898,0,9.34902839864339,-0.0319037471830898,-0.0319037471830898,-0.0319037471830898,0.0353702402159913
12.5616640281909,0,0.00441577973083164,0,12.5616640281909,0.00441577973083164,0.00441577973083164,0.00441577973083164,0.0138459086615911
10.5411867057519,0,-0.0885790708954701,0,10.5411867057519,-0.0885790708954701,-0.0885790708954701,-0.0885790708954701,0.0320565633703811
10.8363107906744,0,-0.028098390818107,0,10.8363107906744,-0.028098390818107,-0.028098390818107,-0.028098390818107,0.071926050301895
11.7003583105711,0,-0.00186774348468509,0,11.7003583105711,-0.00186774348468509,-0.00186774348468509,-0.00186774348468509,0.00589871207554302
14.1717804897526,0,0.027255899623745,0,14.1717804897526,0.027255899623745,0.027255899623745,0.027255899623745,0.0438772018708798
11.3171115233183,0,-0.0301299566297987,0,11.3171115233183,-0.0301299566297987,-0.0301299566297987,-0.0301299566297987,0.0549217163119364
12.491172371433,0,0.00616174807970621,0,12.491172371433,0.00616174807970621,0.00616174807970621,0.00616174807970621,0.0405245193389735
17.7574754531964,0,-0.0364542682670167,0,17.7574754531964,-0.0364542682670167,-0.0364542682670167,-0.0364542682670167,0.0437339114285826
23.3384346785706,0,0.0173424537425691,0,23.3384346785706,0.0173424537425691,0.0173424537425691,0.0173424537425691,0.0189266195413323
21.0471310356801,0,0.0617673658141888,0,21.0471310356801,0.0617673658141888,0.0617673658141888,0.0617673658141888,0.047052745863464
16.8846431378076,0,0.0592246738975235,0,16.8846431378076,0.0592246738975235,0.0592246738975235,0.0592246738975235,0.0580511049145327
140.778871317907,0,0.0554812237912711,0,140.778871317907,0.0554812237912711,0.0554812237912711,0.0554812237912711,0.0428661394520242
10.8384906759069,0,-0.00221059163205814,0,10.8384906759069,-0.00221059163205814,-0.00221059163205814,-0.00221059163205814,0.0251376149245104
5.36034284274372,0,0.0126214961722838,0,5.36034284274372,0.0126214961722838,0.0126214961722838,0.0126214961722838,0.0439400124984659
14.6925462604222,0,-0.00458452472707301,0,14.6925462604222,-0.00458452472707301,-0.00458452472707301,-0.00458452472707301,0.0444254697733256
12.6985002447189,0,0.0156151615690587,0,12.6985002447189,0.0156151615690587,0.0156151615690587,0.0156151615690587,0.0344296478282526
11.0161041029769,0,-0.0031766917676102,0,11.0161041029769,-0.0031766917676102,-0.0031766917676102,-0.0031766917676102,0.0522005254908412
12.612078023469,0,-0.0597088928688878,0,12.612078023469,-0.0597088928688878,-0.0597088928688878,-0.0597088928688878,0.0322576765582896
27.9381463268887,0,-0.0196646199066465,0,27.9381463268887,-0.0196646199066465,-0.0196646199066465,-0.0196646199066465,0.0266030945529787
28.4056044215739,0,-0.0234835133541325,0,28.4056044215739,-0.0234835133541325,-0.0234835133541325,-0.0234835133541325,0.0460235649191708
13.4368696617468,0,0.0535402362440232,0,13.4368696617468,0.0535402362440232,0.0535402362440232,0.0535402362440232,0.0282079903838013
14.3373106913918,0,-0.0165868652445846,0,14.3373106913918,-0.0165868652445846,-0.0165868652445846,-0.0165868652445846,0.0475684856482902
25.9320346135502,0,-0.0232712391594247,0,25.9320346135502,-0.0232712391594247,-0.0232712391594247,-0.0232712391594247,0.0300519735078187
NA,NA,NA,NA,NA,NA,NA,NA,NA
3.48138260502119,0,-0.0431716232209931,0,3.48138260502119,-0.0431716232209931,-0.0431716232209931,-0.0431716232209931,0.0321818721032191
5.59197431763262,0,-0.0578220526680145,0,5.59197431763262,-0.0578220526680145,-0.0578220526680145,-0.0578220526680145,0.0290843221745671
7.10118523761685,0,-0.0285278978712163,0,7.10118523761685,-0.0285278978712163,-0.0285278978712163,-0.0285278978712163,0.0595492352872805
8.39406695268219,0,0.0167837864563465,0,8.39406695268219,0.0167837864563465,0.0167837864563465,0.0167837864563465,0.0322473662392579
6.68163411954067,0,0.0399525800720857,0,6.68163411954067,0.0399525800720857,0.0399525800720857,0.0399525800720857,0.0632642521725607
10.9419857642508,0,-0.0876235523401562,0,10.9419857642508,-0.0876235523401562,-0.0876235523401562,-0.0876235523401562,0.0336377588977628
9.567453602661,0,-0.0130573193727359,0,9.567453602661,-0.0130573193727359,-0.0130573193727359,-0.0130573193727359,0.0264340771076804
9.56764954052794,0,-0.00578932875863998,0,9.56764954052794,-0.00578932875863998,-0.00578932875863998,-0.00578932875863998,0.0288617279537588
9.58796747981615,0,0.00725905880614161,0,9.58796747981615,0.00725905880614161,0.00725905880614161,0.00725905880614161,0.0422687684348916
10.3415882006709,0,-0.0979591311963027,0,10.3415882006709,-0.0979591311963027,-0.0979591311963027,-0.0979591311963027,0.0379022425227411
9.03381024943225,0,-0.0258591277728825,0,9.03381024943225,-0.0258591277728825,-0.0258591277728825,-0.0258591277728825,0.0210013285642308
7.292171244769,0,0.0214216184583366,0,7.292171244769,0.0214216184583366,0.0214216184583366,0.0214216184583366,0.00787016036700002
10.6567948708008,0,0.0203455428827325,0,10.6567948708008,0.0203455428827325,0.0203455428827325,0.0203455428827325,0.0367174068081082
15.83958844307,0,0.0399832495665445,0,15.83958844307,0.0399832495665445,0.0399832495665445,0.0399832495665445,0.0130470310288665
17.7014293147066,0,0.0234372077444364,0,17.7014293147066,0.0234372077444364,0.0234372077444364,0.0234372077444364,0.0323786122878216
18.5230702558348,0,-0.00995709768556392,0,18.5230702558348,-0.00995709768556392,-0.00995709768556392,-0.00995709768556392,0.0596686324209322
13.5036026382197,0,0.0260526179813793,0,13.5036026382197,0.0260526179813793,0.0260526179813793,0.0260526179813793,0.0175137052055195
13.9836050997556,0,-0.0596374353307077,0,13.9836050997556,-0.0596374353307077,-0.0596374353307077,-0.0596374353307077,0.0260159424457815
11.3110693140974,0,0.00982781565554414,0,11.3110693140974,0.00982781565554414,0.00982781565554414,0.00982781565554414,0.0152975413868066
20.6083384757102,0,-0.0196913974375486,0,20.6083384757102,-0.0196913974375486,-0.0196913974375486,-0.0196913974375486,0.0564075951702511
12.3671082351961,0,0.0210231372322994,0,12.3671082351961,0.0210231372322994,0.0210231372322994,0.0210231372322994,0.0160828742749283
12.3654554745313,0,-0.0686880413546458,0,12.3654554745313,-0.0686880413546458,-0.0686880413546458,-0.0686880413546458,0.0513325050706189
19.2556223171704,0,0.0285945738844167,0,19.2556223171704,0.0285945738844167,0.0285945738844167,0.0285945738844167,0.0139726523520546
34.7312424253189,0,0.00360906084633839,0,34.7312424253189,0.00360906084633839,0.00360906084633839,0.00360906084633839,0.017575833019559
54.7209102152747,0,0.0196726221291343,0,54.7209102152747,0.0196726221291343,0.0196726221291343,0.0196726221291343,0.0109274670854921
9.76552332936977,0,0.00564706861610557,0,9.76552332936977,0.00564706861610557,0.00564706861610557,0.00564706861610557,0.022210163633412
8.22166390729103,0,0.0200227074138689,0,8.22166390729103,0.0200227074138689,0.0200227074138689,0.0200227074138689,0.0889316774406693
8.77216358100521,0,0.0699261224100448,0,8.77216358100521,0.0699261224100448,0.0699261224100448,0.0699261224100448,0.0441440604084047
7.36539602284415,0,-0.0247872150245361,0,7.36539602284415,-0.0247872150245361,-0.0247872150245361,-0.0247872150245361,0.114121672795408
9.34902839864339,0,-0.0319037471830898,0,9.34902839864339,-0.0319037471830898,-0.0319037471830898,-0.0319037471830898,0.0353702402159913
12.5616640281909,0,0.00441577973083164,0,12.5616640281909,0.00441577973083164,0.00441577973083164,0.00441577973083164,0.0138459086615911
10.5411867057519,0,-0.0885790708954701,0,10.5411867057519,-0.0885790708954701,-0.0885790708954701,-0.0885790708954701,0.0320565633703811
10.8363107906744,0,-0.028098390818107,0,10.8363107906744,-0.028098390818107,-0.028098390818107,-0.028098390818107,0.071926050301895
11.7003583105711,0,-0.00186774348468509,0,11.7003583105711,-0.00186774348468509,-0.00186774348468509,-0.00186774348468509,0.00589871207554302
14.1717804897526,0,0.027255899623745,0,14.1717804897526,0.027255899623745,0.027255899623745,0.027255899623745,0.0438772018708798
11.3171115233183,0,-0.0301299566297987,0,11.3171115233183,-0.0301299566297987,-0.0301299566297987,-0.0301299566297987,0.0549217163119364
12.491172371433,0,0.00616174807970621,0,12.491172371433,0.00616174807970621,0.00616174807970621,0.00616174807970621,0.0405245193389735
17.7574754531964,0,-0.0364542682670167,0,17.7574754531964,-0.0364542682670167,-0.0364542682670167,-0.0364542682670167,0.0437339114285826
23.3384346785706,0,0.0173424537425691,0,23.3384346785706,0.0173424537425691,0.0173424537425691,0.0173424537425691,0.0189266195413323
21.0471310356801,0,0.0617673658141888,0,21.0471310356801,0.0617673658141888,0.0617673658141888,0.0617673658141888,0.047052745863464
16.8846431378076,0,0.0592246738975235,0,16.8846431378076,0.0592246738975235,0.0592246738975235,0.0592246738975235,0.0580511049145327
140.778871317907,0,0.0554812237912711,0,140.778871317907,0.0554812237912711,0.0554812237912711,0.0554812237912711,0.0428661394520242
10.8384906759069,0,-0.00221059163205814,0,10.8384906759069,-0.00221059163205814,-0.00221059163205814,-0.00221059163205814,0.0251376149245104
5.36034284274372,0,0.0126214961722838,0,5.36034284274372,0.0126214961722838,0.0126214961722838,0.0126214961722838,0.0439400124984659
14.6925462604222,0,-0.00458452472707301,0,14.6925462604222,-0.00458452472707301,-0.00458452472707301,-0.00458452472707301,0.0444254697733256
12.6985002447189,0,0.0156151615690587,0,12.6985002447189,0.0156151615690587,0.0156151615690587,0.0156151615690587,0.0344296478282526
11.0161041029769,0,-0.0031766917676102,0,11.0161041029769,-0.0031766917676102,-0.0031766917676102,-0.0031766917676102,0.0522005254908412
12.612078023469,0,-0.0597088928688878,0,12.612078023469,-0.0597088928688878,-0.0597088928688878,-0.0597088928688878,0.0322576765582896
27.9381463268887,0,-0.0196646199066465,0,27.9381463268887,-0.0196646199066465,-0.0196646199066465,-0.0196646199066465,0.0266030945529787
28.4056044215739,0,-0.0234835133541325,0,28.4056044215739,-0.0234835133541325,-0.0234835133541325,-0.0234835133541325,0.0460235649191708
13.4368696617468,0,0.0535402362440232,0,13.4368696617468,0.0535402362440232,0.0535402362440232,0.0535402362440232,0.0282079903838013
14.3373106913918,0,-0.0165868652445846,0,14.3373106913918,-0.0165868652445846,-0.0165868652445846,-0.0165868652445846,0.0475684856482902
25.9320346135502,0,-0.0232712391594247,0,25.9320346135502,-0.0232712391594247,-0.0232712391594247,-0.0232712391594247,0.0300519735078187
NA,NA,NA,NA,NA,NA,NA,NA,NA
3.48138260502119,0,-0.0431716232209931,0,3.48138260502119,-0.0431716232209931,-0.0431716232209931,-0.0431716232209931,0.0321818721032191
5.59197431763262,0,-0.0578220526680145,0,5.59197431763262,-0.0578220526680145,-0.0578220526680145,-0.0578220526680145,0.0290843221745671
7.10118523761685,0,-0.0285278978712163,0,7.10118523761685,-0.0285278978712163,-0.0285278978712163,-0.0285278978712163,0.0595492352872805
8.39406695268219,0,0.0167837864563465,0,8.39406695268219,0.0167837864563465,0.0167837864563465,0.0167837864563465,0.0322473662392579
6.68163411954067,0,0.0399525800720857,0,6.68163411954067,0.0399525800720857,0.0399525800720857,0.0399525800720857,0.0632642521725607
10.9419857642508,0,-0.0876235523401562,0,10.9419857642508,-0.0876235523401562,-0.0876235523401562,-0.0876235523401562,0.0336377588977628
9.567453602661,0,-0.0130573193727359,0,9.567453602661,-0.0130573193727359,-0.0130573193727359,-0.0130573193727359,0.0264340771076804
9.56764954052794,0,-0.00578932875863998,0,9.56764954052794,-0.00578932875863998,-0.00578932875863998,-0.00578932875863998,0.0288617279537588
9.58796747981615,0,0.00725905880614161,0,9.58796747981615,0.00725905880614161,0.00725905880614161,0.00725905880614161,0.0422687684348916
10.3415882006709,0,-0.0979591311963027,0,10.3415882006709,-0.0979591311963027,-0.0979591311963027,-0.0979591311963027,0.0379022425227411
9.03381024943225,0,-0.0258591277728825,0,9.03381024943225,-0.0258591277728825,-0.0258591277728825,-0.0258591277728825,0.0210013285642308
7.292171244769,0,0.0214216184583366,0,7.292171244769,0.0214216184583366,0.0214216184583366,0.0214216184583366,0.00787016036700002
10.6567948708008,0,0.0203455428827325,0,10.6567948708008,0.0203455428827325,0.0203455428827325,0.0203455428827325,0.0367174068081082
15.83958844307,0,0.0399832495665445,0,15.83958844307,0.0399832495665445,0.0399832495665445,0.0399832495665445,0.0130470310288665
17.7014293147066,0,0.0234372077444364,0,17.7014293147066,0.0234372077444364,0.0234372077444364,0.0234372077444364,0.0323786122878216
18.5230702558348,0,-0.00995709768556392,0,18.5230702558348,-0.00995709768556392,-0.00995709768556392,-0.00995709768556392,0.0596686324209322
13.5036026382197,0,0.0260526179813793,0,13.5036026382197,0.0260526179813793,0.0260526179813793,0.0260526179813793,0.0175137052055195
13.9836050997556,0,-0.0596374353307077,0,13.9836050997556,-0.0596374353307077,-0.0596374353307077,-0.0596374353307077,0.0260159424457815
11.3110693140974,0,0.00982781565554414,0,11.3110693140974,0.00982781565554414,0.00982781565554414,0.00982781565554414,0.0152975413868066
20.6083384757102,0,-0.0196913974375486,0,20.6083384757102,-0.0196913974375486,-0.0196913974375486,-0.0196913974375486,0.0564075951702511
12.3671082351961,0,0.0210231372322994,0,12.3671082351961,0.0210231372322994,0.0210231372322994,0.0210231372322994,0.0160828742749283
12.3654554745313,0,-0.0686880413546458,0,12.3654554745313,-0.0686880413546458,-0.0686880413546458,-0.0686880413546458,0.0513325050706189
19.2556223171704,0,0.0285945738844167,0,19.2556223171704,0.0285945738844167,0.0285945738844167,0.0285945738844167,0.0139726523520546
34.7312424253189,0,0.00360906084633839,0,34.7312424253189,0.00360906084633839,0.00360906084633839,0.00360906084633839,0.017575833019559
54.7209102152747,0,0.0196726221291343,0,54.7209102152747,0.0196726221291343,0.0196726221291343,0.0196726221291343,0.0109274670854921
9.76552332936977,0,0.00564706861610557,0,9.76552332936977,0.00564706861610557,0.00564706861610557,0.00564706861610557,0.022210163633412
8.22166390729103,0,0.0200227074138689,0,8.22166390729103,0.0200227074138689,0.0200227074138689,0.0200227074138689,0.0889316774406693
8.77216358100521,0,0.0699261224100448,0,8.77216358100521,0.0699261224100448,0.0699261224100448,0.0699261224100448,0.0441440604084047
7.36539602284415,0,-0.0247872150245361,0,7.36539602284415,-0.0247872150245361,-0.0247872150245361,-0.0247872150245361,0.114121672795408
9.34902839864339,0,-0.0319037471830898,0,9.34902839864339,-0.0319037471830898,-0.0319037471830898,-0.0319037471830898,0.0353702402159913
12.5616640281909,0,0.00441577973083164,0,12.5616640281909,0.00441577973083164,0.00441577973083164,0.00441577973083164,0.0138459086615911
10.5411867057519,0,-0.0885790708954701,0,10.5411867057519,-0.0885790708954701,-0.0885790708954701,-0.0885790708954701,0.0320565633703811
10.8363107906744,0,-0.028098390818107,0,10.8363107906744,-0.028098390818107,-0.028098390818107,-0.028098390818107,0.071926050301895
11.7003583105711,0,-0.00186774348468509,0,11.7003583105711,-0.00186774348468509,-0.00186774348468509,-0.00186774348468509,0.00589871207554302
14.1717804897526,0,0.027255899623745,0,14.1717804897526,0.027255899623745,0.027255899623745,0.027255899623745,0.0438772018708798
11.3171115233183,0,-0.0301299566297987,0,11.3171115233183,-0.0301299566297987,-0.0301299566297987,-0.0301299566297987,0.0549217163119364
12.491172371433,0,0.00616174807970621,0,12.491172371433,0.00616174807970621,0.00616174807970621,0.00616174807970621,0.0405245193389735
17.7574754531964,0,-0.0364542682670167,0,17.7574754531964,-0.0364542682670167,-0.0364542682670167,-0.0364542682670167,0.0437339114285826
23.3384346785706,0,0.0173424537425691,0,23.3384346785706,0.0173424537425691,0.0173424537425691,0.0173424537425691,0.0189266195413323
21.0471310356801,0,0.0617673658141888,0,21.0471310356801,0.0617673658141888,0.0617673658141888,0.0617673658141888,0.047052745863464
16.8846431378076,0,0.0592246738975235,0,16.8846431378076,0.0592246738975235,0.0592246738975235,0.0592246738975235,0.0580511049145327
140.778871317907,0,0.0554812237912711,0,140.778871317907,0.0554812237912711,0.0554812237912711,0.0554812237912711,0.0428661394520242
10.8384906759069,0,-0.00221059163205814,0,10.8384906759069,-0.00221059163205814,-0.00221059163205814,-0.00221059163205814,0.0251376149245104
5.36034284274372,0,0.0126214961722838,0,5.36034284274372,0.0126214961722838,0.0126214961722838,0.0126214961722838,0.0439400124984659
14.6925462604222,0,-0.00458452472707301,0,14.6925462604222,-0.00458452472707301,-0.00458452472707301,-0.00458452472707301,0.0444254697733256
12.6985002447189,0,0.0156151615690587,0,12.6985002447189,0.0156151615690587,0.0156151615690587,0.0156151615690587,0.0344296478282526
11.0161041029769,0,-0.0031766917676102,0,11.0161041029769,-0.0031766917676102,-0.0031766917676102,-0.0031766917676102,0.0522005254908412
12.612078023469,0,-0.0597088928688878,0,12.612078023469,-0.0597088928688878,-0.0597088928688878,-0.0597088928688878,0.0322576765582896
27.9381463268887,0,-0.0196646199066465,0,27.9381463268887,-0.0196646199066465,-0.0196646199066465,-0.0196646199066465,0.0266030945529787
28.4056044215739,0,-0.0234835133541325,0,28.4056044215739,-0.0234835133541325,-0.0234835133541325,-0.0234835133541325,0.0460235649191708
13.4368696617468,0,0.0535402362440232,0,13.4368696617468,0.0535402362440232,0.0535402362440232,0.0535402362440232,0.0282079903838013
14.3373106913918,0,-0.0165868652445846,0,14.3373106913918,-0.0165868652445846,-0.0165868652445846,-0.0165868652445846,0.0475684856482902
25.9320346135502,0,-0.0232712391594247,0,25.9320346135502,-0.0232712391594247,-0.0232712391594247,-0.0232712391594247,0.0300519735078187
NA,NA,NA,NA,NA,NA,NA,NA,NA
3.48138260502119,0,-0.0431716232209931,0,3.48138260502119,-0.0431716232209931,-0.0431716232209931,-0.0431716232209931,0.0321818721032191
5.59197431763262,0,-0.0578220526680145,0,5.59197431763262,-0.0578220526680145,-0.0578220526680145,-0.0578220526680145,0.0290843221745671
7.10118523761685,0,-0.0285278978712163,0,7.10118523761685,-0.0285278978712163,-0.0285278978712163,-0.0285278978712163,0.0595492352872805
8.39406695268219,0,0.0167837864563465,0,8.39406695268219,0.0167837864563465,0.0167837864563465,0.0167837864563465,0.0322473662392579
6.68163411954067,0,0.0399525800720857,0,6.68163411954067,0.0399525800720857,0.0399525800720857,0.0399525800720857,0.0632642521725607
10.9419857642508,0,-0.0876235523401562,0,10.9419857642508,-0.0876235523401562,-0.0876235523401562,-0.0876235523401562,0.0336377588977628
9.567453602661,0,-0.0130573193727359,0,9.567453602661,-0.0130573193727359,-0.0130573193727359,-0.0130573193727359,0.0264340771076804
9.56764954052794,0,-0.00578932875863998,0,9.56764954052794,-0.00578932875863998,-0.00578932875863998,-0.00578932875863998,0.0288617279537588
9.58796747981615,0,0.00725905880614161,0,9.58796747981615,0.00725905880614161,0.00725905880614161,0.00725905880614161,0.0422687684348916
10.3415882006709,0,-0.0979591311963027,0,10.3415882006709,-0.0979591311963027,-0.0979591311963027,-0.0979591311963027,0.0379022425227411
9.03381024943225,0,-0.0258591277728825,0,9.03381024943225,-0.0258591277728825,-0.0258591277728825,-0.0258591277728825,0.0210013285642308
7.292171244769,0,0.0214216184583366,0,7.292171244769,0.0214216184583366,0.0214216184583366,0.0214216184583366,0.00787016036700002
10.6567948708008,0,0.0203455428827325,0,10.6567948708008,0.0203455428827325,0.0203455428827325,0.0203455428827325,0.0367174068081082
15.83958844307,0,0.0399832495665445,0,15.83958844307,0.0399832495665445,0.0399832495665445,0.0399832495665445,0.0130470310288665
17.7014293147066,0,0.0234372077444364,0,17.7014293147066,0.0234372077444364,0.0234372077444364,0.0234372077444364,0.0323786122878216
18.5230702558348,0,-0.00995709768556392,0,18.5230702558348,-0.00995709768556392,-0.00995709768556392,-0.00995709768556392,0.0596686324209322
13.5036026382197,0,0.0260526179813793,0,13.5036026382197,0.0260526179813793,0.0260526179813793,0.0260526179813793,0.0175137052055195
13.9836050997556,0,-0.0596374353307077,0,13.9836050997556,-0.0596374353307077,-0.0596374353307077,-0.0596374353307077,0.0260159424457815
11.3110693140974,0,0.00982781565554414,0,11.3110693140974,0.00982781565554414,0.00982781565554414,0.00982781565554414,0.0152975413868066
20.6083384757102,0,-0.0196913974375486,0,20.6083384757102,-0.0196913974375486,-0.0196913974375486,-0.0196913974375486,0.0564075951702511
12.3671082351961,0,0.0210231372322994,0,12.3671082351961,0.0210231372322994,0.0210231372322994,0.0210231372322994,0.0160828742749283
12.3654554745313,0,-0.0686880413546458,0,12.3654554745313,-0.0686880413546458,-0.0686880413546458,-0.0686880413546458,0.0513325050706189
19.2556223171704,0,0.0285945738844167,0,19.2556223171704,0.0285945738844167,0.0285945738844167,0.0285945738844167,0.0139726523520546
34.7312424253189,0,0.00360906084633839,0,34.7312424253189,0.00360906084633839,0.00360906084633839,0.00360906084633839,0.017575833019559
54.7209102152747,0,0.0196726221291343,0,54.7209102152747,0.0196726221291343,0.0196726221291343,0.0196726221291343,0.0109274670854921
9.76552332936977,0,0.00564706861610557,0,9.76552332936977,0.00564706861610557,0.00564706861610557,0.00564706861610557,0.022210163633412
8.22166390729103,0,0.0200227074138689,0,8.22166390729103,0.0200227074138689,0.0200227074138689,0.0200227074138689,0.0889316774406693
8.77216358100521,0,0.0699261224100448,0,8.77216358100521,0.0699261224100448,0.0699261224100448,0.0699261224100448,0.0441440604084047
7.36539602284415,0,-0.0247872150245361,0,7.36539602284415,-0.0247872150245361,-0.0247872150245361,-0.0247872150245361,0.114121672795408
9.34902839864339,0,-0.0319037471830898,0,9.34902839864339,-0.0319037471830898,-0.0319037471830898,-0.0319037471830898,0.0353702402159913
12.5616640281909,0,0.00441577973083164,0,12.5616640281909,0.00441577973083164,0.00441577973083164,0.00441577973083164,0.0138459086615911
10.5411867057519,0,-0.0885790708954701,0,10.5411867057519,-0.0885790708954701,-0.0885790708954701,-0.0885790708954701,0.0320565633703811
10.8363107906744,0,-0.028098390818107,0,10.8363107906744,-0.028098390818107,-0.028098390818107,-0.028098390818107,0.071926050301895
11.7003583105711,0,-0.00186774348468509,0,11.7003583105711,-0.00186774348468509,-0.00186774348468509,-0.00186774348468509,0.00589871207554302
14.1717804897526,0,0.027255899623745,0,14.1717804897526,0.027255899623745,0.027255899623745,0.027255899623745,0.0438772018708798
11.3171115233183,0,-0.0301299566297987,0,11.3171115233183,-0.0301299566297987,-0.0301299566297987,-0.0301299566297987,0.0549217163119364
12.491172371433,0,0.00616174807970621,0,12.491172371433,0.00616174807970621,0.00616174807970621,0.00616174807970621,0.0405245193389735
17.7574754531964,0,-0.0364542682670167,0,17.7574754531964,-0.0364542682670167,-0.0364542682670167,-0.0364542682670167,0.0437339114285826
23.3384346785706,0,0.0173424537425691,0,23.3384346785706,0.0173424537425691,0.0173424537425691,0.0173424537425691,0.0189266195413323
21.0471310356801,0,0.0617673658141888,0,21.0471310356801,0.0617673658141888,0.0617673658141888,0.0617673658141888,0.047052745863464
16.8846431378076,0,0.0592246738975235,0,16.8846431378076,0.0592246738975235,0.0592246738975235,0.0592246738975235,0.0580511049145327
140.778871317907,0,0.0554812237912711,0,140.778871317907,0.0554812237912711,0.0554812237912711,0.0554812237912711,0.0428661394520242
10.8384906759069,0,-0.00221059163205814,0,10.8384906759069,-0.00221059163205814,-0.00221059163205814,-0.00221059163205814,0.0251376149245104
5.36034284274372,0,0.0126214961722838,0,5.36034284274372,0.0126214961722838,0.0126214961722838,0.0126214961722838,0.0439400124984659
14.6925462604222,0,-0.00458452472707301,0,14.6925462604222,-0.00458452472707301,-0.00458452472707301,-0.00458452472707301,0.0444254697733256
12.6985002447189,0,0.0156151615690587,0,12.6985002447189,0.0156151615690587,0.0156151615690587,0.0156151615690587,0.0344296478282526
11.0161041029769,0,-0.0031766917676102,0,11.0161041029769,-0.0031766917676102,-0.0031766917676102,-0.0031766917676102,0.0522005254908412
12.612078023469,0,-0.0597088928688878,0,12.612078023469,-0.0597088928688878,-0.0597088928688878,-0.0597088928688878,0.0322576765582896
27.9381463268887,0,-0.0196646199066465,0,27.9381463268887,-0.0196646199066465,-0.0196646199066465,-0.0196646199066465,0.0266030945529787
28.4056044215739,0,-0.0234835133541325,0,28.4056044215739,-0.0234835133541325,-0.0234835133541325,-0.0234835133541325,0.0460235649191708
13.4368696617468,0,0.0535402362440232,0,13.4368696617468,0.0535402362440232,0.0535402362440232,0.0535402362440232,0.0282079903838013
14.3373106913918,0,-0.0165868652445846,0,14.3373106913918,-0.0165868652445846,-0.0165868652445846,-0.0165868652445846,0.0475684856482902
25.9320346135502,0,-0.0232712391594247,0,25.9320346135502,-0.0232712391594247,-0.0232712391594247,-0.0232712391594247,0.0300519735078187
NA,NA,NA,NA,NA,NA,NA,NA,NA
3.48138260502119,0,-0.0431716232209931,0,3.48138260502119,-0.0431716232209931,-0.0431716232209931,-0.0431716232209931,0.0321818721032191
5.59197431763262,0,-0.0578220526680145,0,5.59197431763262,-0.0578220526680145,-0.0578220526680145,-0.0578220526680145,0.0290843221745671
7.10118523761685,0,-0.0285278978712163,0,7.10118523761685,-0.0285278978712163,-0.0285278978712163,-0.0285278978712163,0.0595492352872805
8.39406695268219,0,0.0167837864563465,0,8.39406695268219,0.0167837864563465,0.0167837864563465,0.0167837864563465,0.0322473662392579
6.68163411954067,0,0.0399525800720857,0,6.68163411954067,0.0399525800720857,0.0399525800720857,0.0399525800720857,0.0632642521725607
10.9419857642508,0,-0.0876235523401562,0,10.9419857642508,-0.0876235523401562,-0.0876235523401562,-0.0876235523401562,0.0336377588977628
9.567453602661,0,-0.0130573193727359,0,9.567453602661,-0.0130573193727359,-0.0130573193727359,-0.0130573193727359,0.0264340771076804
9.56764954052794,0,-0.00578932875863998,0,9.56764954052794,-0.00578932875863998,-0.00578932875863998,-0.00578932875863998,0.0288617279537588
9.58796747981615,0,0.00725905880614161,0,9.58796747981615,0.00725905880614161,0.00725905880614161,0.00725905880614161,0.0422687684348916
10.3415882006709,0,-0.0979591311963027,0,10.3415882006709,-0.0979591311963027,-0.0979591311963027,-0.0979591311963027,0.0379022425227411
9.03381024943225,0,-0.0258591277728825,0,9.03381024943225,-0.0258591277728825,-0.0258591277728825,-0.0258591277728825,0.0210013285642308
7.292171244769,0,0.0214216184583366,0,7.292171244769,0.0214216184583366,0.0214216184583366,0.0214216184583366,0.00787016036700002
10.6567948708008,0,0.0203455428827325,0,10.6567948708008,0.0203455428827325,0.0203455428827325,0.0203455428827325,0.0367174068081082
15.83958844307,0,0.0399832495665445,0,15.83958844307,0.0399832495665445,0.0399832495665445,0.0399832495665445,0.0130470310288665
17.7014293147066,0,0.0234372077444364,0,17.7014293147066,0.0234372077444364,0.0234372077444364,0.0234372077444364,0.0323786122878216
18.5230702558348,0,-0.00995709768556392,0,18.5230702558348,-0.00995709768556392,-0.00995709768556392,-0.00995709768556392,0.0596686324209322
13.5036026382197,0,0.0260526179813793,0,13.5036026382197,0.0260526179813793,0.0260526179813793,0.0260526179813793,0.0175137052055195
13.9836050997556,0,-0.0596374353307077,0,13.9836050997556,-0.0596374353307077,-0.0596374353307077,-0.0596374353307077,0.0260159424457815
11.3110693140974,0,0.00982781565554414,0,11.3110693140974,0.00982781565554414,0.00982781565554414,0.00982781565554414,0.0152975413868066
20.6083384757102,0,-0.0196913974375486,0,20.6083384757102,-0.0196913974375486,-0.0196913974375486,-0.0196913974375486,0.0564075951702511
12.3671082351961,0,0.0210231372322994,0,12.3671082351961,0.0210231372322994,0.0210231372322994,0.0210231372322994,0.0160828742749283
12.3654554745313,0,-0.0686880413546458,0,12.3654554745313,-0.0686880413546458,-0.0686880413546458,-0.0686880413546458,0.0513325050706189
19.2556223171704,0,0.0285945738844167,0,19.2556223171704,0.0285945738844167,0.0285945738844167,0.0285945738844167,0.0139726523520546
34.7312424253189,0,0.00360906084633839,0,34.7312424253189,0.00360906084633839,0.00360906084633839,0.00360906084633839,0.017575833019559
54.7209102152747,0,0.0196726221291343,0,54.7209102152747,0.0196726221291343,0.0196726221291343,0.0196726221291343,0.0109274670854921
9.76552332936977,0,0.00564706861610557,0,9.76552332936977,0.00564706861610557,0.00564706861610557,0.00564706861610557,0.022210163633412
8.22166390729103,0,0.0200227074138689,0,8.22166390729103,0.0200227074138689,0.0200227074138689,0.0200227074138689,0.0889316774406693
8.77216358100521,0,0.0699261224100448,0,8.77216358100521,0.0699261224100448,0.0699261224100448,0.0699261224100448,0.0441440604084047
7.36539602284415,0,-0.0247872150245361,0,7.36539602284415,-0.0247872150245361,-0.0247872150245361,-0.0247872150245361,0.114121672795408
9.34902839864339,0,-0.0319037471830898,0,9.34902839864339,-0.0319037471830898,-0.0319037471830898,-0.0319037471830898,0.0353702402159913
12.5616640281909,0,0.00441577973083164,0,12.5616640281909,0.00441577973083164,0.00441577973083164,0.00441577973083164,0.0138459086615911
10.5411867057519,0,-0.0885790708954701,0,10.5411867057519,-0.0885790708954701,-0.0885790708954701,-0.0885790708954701,0.0320565633703811
10.8363107906744,0,-0.028098390818107,0,10.8363107906744,-0.028098390818107,-0.028098390818107,-0.028098390818107,0.071926050301895
11.7003583105711,0,-0.00186774348468509,0,11.7003583105711,-0.00186774348468509,-0.00186774348468509,-0.00186774348468509,0.00589871207554302
14.1717804897526,0,0.027255899623745,0,14.1717804897526,0.027255899623745,0.027255899623745,0.027255899623745,0.0438772018708798
11.3171115233183,0,-0.0301299566297987,0,11.3171115233183,-0.0301299566297987,-0.0301299566297987,-0.0301299566297987,0.0549217163119364
12.491172371433,0,0.00616174807970621,0,12.491172371433,0.00616174807970621,0.00616174807970621,0.00616174807970621,0.0405245193389735
17.7574754531964,0,-0.0364542682670167,0,17.7574754531964,-0.0364542682670167,-0.0364542682670167,-0.0364542682670167,0.0437339114285826
23.3384346785706,0,0.0173424537425691,0,23.3384346785706,0.0173424537425691,0.0173424537425691,0.0173424537425691,0.0189266195413323
21.0471310356801,0,0.0617673658141888,0,21.0471310356801,0.0617673658141888,0.0617673658141888,0.0617673658141888,0.047052745863464
16.8846431378076,0,0.0592246738975235,0,16.8846431378076,0.0592246738975235,0.0592246738975235,0.0592246738975235,0.0580511049145327
140.778871317907,0,0.0554812237912711,0,140.778871317907,0.0554812237912711,0.0554812237912711,0.0554812237912711,0.0428661394520242
10.8384906759069,0,-0.00221059163205814,0,10.8384906759069,-0.00221059163205814,-0.00221059163205814,-0.00221059163205814,0.0251376149245104
5.36034284274372,0,0.0126214961722838,0,5.36034284274372,0.0126214961722838,0.0126214961722838,0.0126214961722838,0.0439400124984659
14.6925462604222,0,-0.00458452472707301,0,14.6925462604222,-0.00458452472707301,-0.00458452472707301,-0.00458452472707301,0.0444254697733256
12.6985002447189,0,0.0156151615690587,0,12.6985002447189,0.0156151615690587,0.0156151615690587,0.0156151615690587,0.0344296478282526
11.0161041029769,0,-0.0031766917676102,0,11.0161041029769,-0.0031766917676102,-0.0031766917676102,-0.0031766917676102,0.0522005254908412
12.612078023469,0,-0.0597088928688878,0,12.612078023469,-0.0597088928688878,-0.0597088928688878,-0.0597088928688878,0.0322576765582896
27.9381463268887,0,-0.0196646199066465,0,27.9381463268887,-0.0196646199066465,-0.0196646199066465,-0.0196646199066465,0.0266030945529787
28.4056044215739,0,-0.0234835133541325,0,28.4056044215739,-0.0234835133541325,-0.0234835133541325,-0.0234835133541325,0.0460235649191708
13.4368696617468,0,0.0535402362440232,0,13.4368696617468,0.0535402362440232,0.0535402362440232,0.0535402362440232,0.0282079903838013
14.3373106913918,0,-0.0165868652445846,0,14.3373106913918,-0.0165868652445846,-0.0165868652445846,-0.0165868652445846,0.0475684856482902
25.9320346135502,0,-0.0232712391594247,0,25.9320346135502,-0.0232712391594247,-0.0232712391594247,-0.0232712391594247,0.0300519735078187
NA,NA,NA,NA,NA,NA,NA,NA,NA
3.48138260502119,0,-0.0431716232209931,0,3.48138260502119,-0.0431716232209931,-0.0431716232209931,-0.0431716232209931,0.0321818721032191
5.59197431763262,0,-0.0578220526680145,0,5.59197431763262,-0.0578220526680145,-0.0578220526680145,-0.0578220526680145,0.0290843221745671
7.10118523761685,0,-0.0285278978712163,0,7.10118523761685,-0.0285278978712163,-0.0285278978712163,-0.0285278978712163,0.0595492352872805
8.39406695268219,0,0.0167837864563465,0,8.39406695268219,0.0167837864563465,0.0167837864563465,0.0167837864563465,0.0322473662392579
6.68163411954067,0,0.0399525800720857,0,6.68163411954067,0.0399525800720857,0.0399525800720857,0.0399525800720857,0.0632642521725607
10.9419857642508,0,-0.0876235523401562,0,10.9419857642508,-0.0876235523401562,-0.0876235523401562,-0.0876235523401562,0.0336377588977628
9.567453602661,0,-0.0130573193727359,0,9.567453602661,-0.0130573193727359,-0.0130573193727359,-0.0130573193727359,0.0264340771076804
9.56764954052794,0,-0.00578932875863998,0,9.56764954052794,-0.00578932875863998,-0.00578932875863998,-0.00578932875863998,0.0288617279537588
9.58796747981615,0,0.00725905880614161,0,9.58796747981615,0.00725905880614161,0.00725905880614161,0.00725905880614161,0.0422687684348916
10.3415882006709,0,-0.0979591311963027,0,10.3415882006709,-0.0979591311963027,-0.0979591311963027,-0.0979591311963027,0.0379022425227411
9.03381024943225,0,-0.0258591277728825,0,9.03381024943225,-0.0258591277728825,-0.0258591277728825,-0.0258591277728825,0.0210013285642308
7.292171244769,0,0.0214216184583366,0,7.292171244769,0.0214216184583366,0.0214216184583366,0.0214216184583366,0.00787016036700002
10.6567948708008,0,0.0203455428827325,0,10.6567948708008,0.0203455428827325,0.0203455428827325,0.0203455428827325,0.0367174068081082
15.83958844307,0,0.0399832495665445,0,15.83958844307,0.0399832495665445,0.0399832495665445,0.0399832495665445,0.0130470310288665
17.7014293147066,0,0.0234372077444364,0,17.7014293147066,0.0234372077444364,0.0234372077444364,0.0234372077444364,0.0323786122878216
18.5230702558348,0,-0.00995709768556392,0,18.5230702558348,-0.00995709768556392,-0.00995709768556392,-0.00995709768556392,0.0596686324209322
13.5036026382197,0,0.0260526179813793,0,13.5036026382197,0.0260526179813793,0.0260526179813793,0.0260526179813793,0.0175137052055195
13.9836050997556,0,-0.0596374353307077,0,13.9836050997556,-0.0596374353307077,-0.0596374353307077,-0.0596374353307077,0.0260159424457815
11.3110693140974,0,0.00982781565554414,0,11.3110693140974,0.00982781565554414,0.00982781565554414,0.00982781565554414,0.0152975413868066
20.6083384757102,0,-0.0196913974375486,0,20.6083384757102,-0.0196913974375486,-0.0196913974375486,-0.0196913974375486,0.0564075951702511
12.3671082351961,0,0.0210231372322994,0,12.3671082351961,0.0210231372322994,0.0210231372322994,0.0210231372322994,0.0160828742749283
12.3654554745313,0,-0.0686880413546458,0,12.3654554745313,-0.0686880413546458,-0.0686880413546458,-0.0686880413546458,0.0513325050706189
19.2556223171704,0,0.0285945738844167,0,19.2556223171704,0.0285945738844167,0.0285945738844167,0.0285945738844167,0.0139726523520546
34.7312424253189,0,0.00360906084633839,0,34.7312424253189,0.00360906084633839,0.00360906084633839,0.00360906084633839,0.017575833019559
54.7209102152747,0,0.0196726221291343,0,54.7209102152747,0.0196726221291343,0.0196726221291343,0.0196726221291343,0.0109274670854921
9.76552332936977,0,0.00564706861610557,0,9.76552332936977,0.00564706861610557,0.00564706861610557,0.00564706861610557,0.022210163633412
8.22166390729103,0,0.0200227074138689,0,8.22166390729103,0.0200227074138689,0.0200227074138689,0.0200227074138689,0.0889316774406693
8.77216358100521,0,0.0699261224100448,0,8.77216358100521,0.0699261224100448,0.0699261224100448,0.0699261224100448,0.0441440604084047
7.36539602284415,0,-0.0247872150245361,0,7.36539602284415,-0.0247872150245361,-0.0247872150245361,-0.0247872150245361,0.114121672795408
9.34902839864339,0,-0.0319037471830898,0,9.34902839864339,-0.0319037471830898,-0.0319037471830898,-0.0319037471830898,0.0353702402159913
12.5616640281909,0,0.00441577973083164,0,12.5616640281909,0.00441577973083164,0.00441577973083164,0.00441577973083164,0.0138459086615911
10.5411867057519,0,-0.0885790708954701,0,10.5411867057519,-0.0885790708954701,-0.0885790708954701,-0.0885790708954701,0.0320565633703811
10.8363107906744,0,-0.028098390818107,0,10.8363107906744,-0.028098390818107,-0.028098390818107,-0.028098390818107,0.071926050301895
11.7003583105711,0,-0.00186774348468509,0,11.7003583105711,-0.00186774348468509,-0.00186774348468509,-0.00186774348468509,0.00589871207554302
14.1717804897526,0,0.027255899623745,0,14.1717804897526,0.027255899623745,0.027255899623745,0.027255899623745,0.0438772018708798
11.3171115233183,0,-0.0301299566297987,0,11.3171115233183,-0.0301299566297987,-0.0301299566297987,-0.0301299566297987,0.0549217163119364
12.491172371433,0,0.00616174807970621,0,12.491172371433,0.00616174807970621,0.00616174807970621,0.00616174807970621,0.0405245193389735
17.7574754531964,0,-0.0364542682670167,0,17.7574754531964,-0.0364542682670167,-0.0364542682670167,-0.0364542682670167,0.0437339114285826
23.3384346785706,0,0.0173424537425691,0,23.3384346785706,0.0173424537425691,0.0173424537425691,0.0173424537425691,0.0189266195413323
21.0471310356801,0,0.0617673658141888,0,21.0471310356801,0.0617673658141888,0.0617673658141888,0.0617673658141888,0.047052745863464
16.8846431378076,0,0.0592246738975235,0,16.8846431378076,0.0592246738975235,0.0592246738975235,0.0592246738975235,0.0580511049145327
140.778871317907,0,0.0554812237912711,0,140.778871317907,0.0554812237912711,0.0554812237912711,0.0554812237912711,0.0428661394520242
10.8384906759069,0,-0.00221059163205814,0,10.8384906759069,-0.00221059163205814,-0.00221059163205814,-0.00221059163205814,0.0251376149245104
5.36034284274372,0,0.0126214961722838,0,5.36034284274372,0.0126214961722838,0.0126214961722838,0.0126214961722838,0.0439400124984659
14.6925462604222,0,-0.00458452472707301,0,14.6925462604222,-0.00458452472707301,-0.00458452472707301,-0.00458452472707301,0.0444254697733256
12.6985002447189,0,0.0156151615690587,0,12.6985002447189,0.0156151615690587,0.0156151615690587,0.0156151615690587,0.0344296478282526
11.0161041029769,0,-0.0031766917676102,0,11.0161041029769,-0.0031766917676102,-0.0031766917676102,-0.0031766917676102,0.0522005254908412
12.612078023469,0,-0.0597088928688878,0,12.612078023469,-0.0597088928688878,-0.0597088928688878,-0.0597088928688878,0.0322576765582896
27.9381463268887,0,-0.0196646199066465,0,27.9381463268887,-0.0196646199066465,-0.0196646199066465,-0.0196646199066465,0.0266030945529787
28.4056044215739,0,-0.0234835133541325,0,28.4056044215739,-0.0234835133541325,-0.0234835133541325,-0.0234835133541325,0.0460235649191708
13.4368696617468,0,0.0535402362440232,0,13.4368696617468,0.0535402362440232,0.0535402362440232,0.0535402362440232,0.0282079903838013
14.3373106913918,0,-0.0165868652445846,0,14.3373106913918,-0.0165868652445846,-0.0165868652445846,-0.0165868652445846,0.0475684856482902
25.9320346135502,0,-0.0232712391594247,0,25.9320346135502,-0.0232712391594247,-0.0232712391594247,-0.0232712391594247,0.0300519735078187
NA,NA,NA,NA,NA,NA,NA,NA,NA
3.48138260502119,0,-0.0431716232209931,0,3.48138260502119,-0.0431716232209931,-0.0431716232209931,-0.0431716232209931,0.0321818721032191
5.59197431763262,0,-0.0578220526680145,0,5.59197431763262,-0.0578220526680145,-0.0578220526680145,-0.0578220526680145,0.0290843221745671
7.10118523761685,0,-0.0285278978712163,0,7.10118523761685,-0.0285278978712163,-0.0285278978712163,-0.0285278978712163,0.0595492352872805
8.39406695268219,0,0.0167837864563465,0,8.39406695268219,0.0167837864563465,0.0167837864563465,0.0167837864563465,0.0322473662392579
6.68163411954067,0,0.0399525800720857,0,6.68163411954067,0.0399525800720857,0.0399525800720857,0.0399525800720857,0.0632642521725607
10.9419857642508,0,-0.0876235523401562,0,10.9419857642508,-0.0876235523401562,-0.0876235523401562,-0.0876235523401562,0.0336377588977628
9.567453602661,0,-0.0130573193727359,0,9.567453602661,-0.0130573193727359,-0.0130573193727359,-0.0130573193727359,0.0264340771076804
9.56764954052794,0,-0.00578932875863998,0,9.56764954052794,-0.00578932875863998,-0.00578932875863998,-0.00578932875863998,0.0288617279537588
9.58796747981615,0,0.00725905880614161,0,9.58796747981615,0.00725905880614161,0.00725905880614161,0.00725905880614161,0.0422687684348916
10.3415882006709,0,-0.0979591311963027,0,10.3415882006709,-0.0979591311963027,-0.0979591311963027,-0.0979591311963027,0.0379022425227411
9.03381024943225,0,-0.0258591277728825,0,9.03381024943225,-0.0258591277728825,-0.0258591277728825,-0.0258591277728825,0.0210013285642308
7.292171244769,0,0.0214216184583366,0,7.292171244769,0.0214216184583366,0.0214216184583366,0.0214216184583366,0.00787016036700002
10.6567948708008,0,0.0203455428827325,0,10.6567948708008,0.0203455428827325,0.0203455428827325,0.0203455428827325,0.0367174068081082
15.83958844307,0,0.0399832495665445,0,15.83958844307,0.0399832495665445,0.0399832495665445,0.0399832495665445,0.0130470310288665
17.7014293147066,0,0.0234372077444364,0,17.7014293147066,0.0234372077444364,0.0234372077444364,0.0234372077444364,0.0323786122878216
18.5230702558348,0,-0.00995709768556392,0,18.5230702558348,-0.00995709768556392,-0.00995709768556392,-0.00995709768556392,0.0596686324209322
13.5036026382197,0,0.0260526179813793,0,13.5036026382197,0.0260526179813793,0.0260526179813793,0.0260526179813793,0.0175137052055195
13.9836050997556,0,-0.0596374353307077,0,13.9836050997556,-0.0596374353307077,-0.0596374353307077,-0.0596374353307077,0.0260159424457815
11.3110693140974,0,0.00982781565554414,0,11.3110693140974,0.00982781565554414,0.00982781565554414,0.00982781565554414,0.0152975413868066
20.6083384757102,0,-0.0196913974375486,0,20.6083384757102,-0.0196913974375486,-0.0196913974375486,-0.0196913974375486,0.0564075951702511
12.3671082351961,0,0.0210231372322994,0,12.3671082351961,0.0210231372322994,0.0210231372322994,0.0210231372322994,0.0160828742749283
12.3654554745313,0,-0.0686880413546458,0,12.3654554745313,-0.0686880413546458,-0.0686880413546458,-0.0686880413546458,0.0513325050706189
19.2556223171704,0,0.0285945738844167,0,19.2556223171704,0.0285945738844167,0.0285945738844167,0.0285945738844167,0.0139726523520546
34.7312424253189,0,0.00360906084633839,0,34.7312424253189,0.00360906084633839,0.00360906084633839,0.00360906084633839,0.017575833019559
54.7209102152747,0,0.0196726221291343,0,54.7209102152747,0.0196726221291343,0.0196726221291343,0.0196726221291343,0.0109274670854921
9.76552332936977,0,0.00564706861610557,0,9.76552332936977,0.00564706861610557,0.00564706861610557,0.00564706861610557,0.022210163633412
8.22166390729103,0,0.0200227074138689,0,8.22166390729103,0.0200227074138689,0.0200227074138689,0.0200227074138689,0.0889316774406693
8.77216358100521,0,0.0699261224100448,0,8.77216358100521,0.0699261224100448,0.0699261224100448,0.0699261224100448,0.0441440604084047
7.36539602284415,0,-0.0247872150245361,0,7.36539602284415,-0.0247872150245361,-0.0247872150245361,-0.0247872150245361,0.114121672795408
9.34902839864339,0,-0.0319037471830898,0,9.34902839864339,-0.0319037471830898,-0.0319037471830898,-0.0319037471830898,0.0353702402159913
12.5616640281909,0,0.00441577973083164,0,12.5616640281909,0.00441577973083164,0.00441577973083164,0.00441577973083164,0.0138459086615911
10.5411867057519,0,-0.0885790708954701,0,10.5411867057519,-0.0885790708954701,-0.0885790708954701,-0.0885790708954701,0.0320565633703811
10.8363107906744,0,-0.028098390818107,0,10.8363107906744,-0.028098390818107,-0.028098390818107,-0.028098390818107,0.071926050301895
11.7003583105711,0,-0.00186774348468509,0,11.7003583105711,-0.00186774348468509,-0.00186774348468509,-0.00186774348468509,0.00589871207554302
14.1717804897526,0,0.027255899623745,0,14.1717804897526,0.027255899623745,0.027255899623745,0.027255899623745,0.0438772018708798
11.3171115233183,0,-0.0301299566297987,0,11.3171115233183,-0.0301299566297987,-0.0301299566297987,-0.0301299566297987,0.0549217163119364
12.491172371433,0,0.00616174807970621,0,12.491172371433,0.00616174807970621,0.00616174807970621,0.00616174807970621,0.0405245193389735
17.7574754531964,0,-0.0364542682670167,0,17.7574754531964,-0.0364542682670167,-0.0364542682670167,-0.0364542682670167,0.0437339114285826
23.3384346785706,0,0.0173424537425691,0,23.3384346785706,0.0173424537425691,0.0173424537425691,0.0173424537425691,0.0189266195413323
21.0471310356801,0,0.0617673658141888,0,21.0471310356801,0.0617673658141888,0.0617673658141888,0.0617673658141888,0.047052745863464
16.8846431378076,0,0.0592246738975235,0,16.8846431378076,0.0592246738975235,0.0592246738975235,0.0592246738975235,0.0580511049145327
144.898873550211,0,0.152472628260226,0,144.898873550211,0.152472628260226,0.152472628260226,0.152472628260226,0.0124843951464072
10.8384906759069,0,-0.00221059163205814,0,10.8384906759069,-0.00221059163205814,-0.00221059163205814,-0.00221059163205814,0.0251376149245104
5.36034284274372,0,0.0126214961722838,0,5.36034284274372,0.0126214961722838,0.0126214961722838,0.0126214961722838,0.0439400124984659
14.6925462604222,0,-0.00458452472707301,0,14.6925462604222,-0.00458452472707301,-0.00458452472707301,-0.00458452472707301,0.0444254697733256
12.6985002447189,0,0.0156151615690587,0,12.6985002447189,0.0156151615690587,0.0156151615690587,0.0156151615690587,0.0344296478282526
11.0161041029769,0,-0.0031766917676102,0,11.0161041029769,-0.0031766917676102,-0.0031766917676102,-0.0031766917676102,0.0522005254908412
12.612078023469,0,-0.0597088928688878,0,12.612078023469,-0.0597088928688878,-0.0597088928688878,-0.0597088928688878,0.0322576765582896
27.9381463268887,0,-0.0196646199066465,0,27.9381463268887,-0.0196646199066465,-0.0196646199066465,-0.0196646199066465,0.0266030945529787
28.4056044215739,0,-0.0234835133541325,0,28.4056044215739,-0.0234835133541325,-0.0234835133541325,-0.0234835133541325,0.0460235649191708
13.4368696617468,0,0.0535402362440232,0,13.4368696617468,0.0535402362440232,0.0535402362440232,0.0535402362440232,0.0282079903838013
14.3373106913918,0,-0.0165868652445846,0,14.3373106913918,-0.0165868652445846,-0.0165868652445846,-0.0165868652445846,0.0475684856482902
25.9320346135502,0,-0.0232712391594247,0,25.9320346135502,-0.0232712391594247,-0.0232712391594247,-0.0232712391594247,0.0300519735078187
NA,NA,NA,NA,NA,NA,NA,NA,NA
3.48138260502119,0,-0.0431716232209931,0,3.48138260502119,-0.0431716232209931,-0.0431716232209931,-0.0431716232209931,0.0321818721032191
5.59197431763262,0,-0.0578220526680145,0,5.59197431763262,-0.0578220526680145,-0.0578220526680145,-0.0578220526680145,0.0290843221745671
7.10118523761685,0,-0.0285278978712163,0,7.10118523761685,-0.0285278978712163,-0.0285278978712163,-0.0285278978712163,0.0595492352872805
8.39406695268219,0,0.0167837864563465,0,8.39406695268219,0.0167837864563465,0.0167837864563465,0.0167837864563465,0.0322473662392579
6.68163411954067,0,0.0399525800720857,0,6.68163411954067,0.0399525800720857,0.0399525800720857,0.0399525800720857,0.0632642521725607
10.9419857642508,0,-0.0876235523401562,0,10.9419857642508,-0.0876235523401562,-0.0876235523401562,-0.0876235523401562,0.0336377588977628
9.567453602661,0,-0.0130573193727359,0,9.567453602661,-0.0130573193727359,-0.0130573193727359,-0.0130573193727359,0.0264340771076804
9.56764954052794,0,-0.00578932875863998,0,9.56764954052794,-0.00578932875863998,-0.00578932875863998,-0.00578932875863998,0.0288617279537588
9.58796747981615,0,0.00725905880614161,0,9.58796747981615,0.00725905880614161,0.00725905880614161,0.00725905880614161,0.0422687684348916
10.3415882006709,0,-0.0979591311963027,0,10.3415882006709,-0.0979591311963027,-0.0979591311963027,-0.0979591311963027,0.0379022425227411
9.03381024943225,0,-0.0258591277728825,0,9.03381024943225,-0.0258591277728825,-0.0258591277728825,-0.0258591277728825,0.0210013285642308
7.292171244769,0,0.0214216184583366,0,7.292171244769,0.0214216184583366,0.0214216184583366,0.0214216184583366,0.00787016036700002
10.6567948708008,0,0.0203455428827325,0,10.6567948708008,0.0203455428827325,0.0203455428827325,0.0203455428827325,0.0367174068081082
15.83958844307,0,0.0399832495665445,0,15.83958844307,0.0399832495665445,0.0399832495665445,0.0399832495665445,0.0130470310288665
17.7014293147066,0,0.0234372077444364,0,17.7014293147066,0.0234372077444364,0.0234372077444364,0.0234372077444364,0.0323786122878216
18.5230702558348,0,-0.00995709768556392,0,18.5230702558348,-0.00995709768556392,-0.00995709768556392,-0.00995709768556392,0.0596686324209322
13.5036026382197,0,0.0260526179813793,0,13.5036026382197,0.0260526179813793,0.0260526179813793,0.0260526179813793,0.0175137052055195
13.9836050997556,0,-0.0596374353307077,0,13.9836050997556,-0.0596374353307077,-0.0596374353307077,-0.0596374353307077,0.0260159424457815
11.3110693140974,0,0.00982781565554414,0,11.3110693140974,0.00982781565554414,0.00982781565554414,0.00982781565554414,0.0152975413868066
20.6083384757102,0,-0.0196913974375486,0,20.6083384757102,-0.0196913974375486,-0.0196913974375486,-0.0196913974375486,0.0564075951702511
12.3671082351961,0,0.0210231372322994,0,12.3671082351961,0.0210231372322994,0.0210231372322994,0.0210231372322994,0.0160828742749283
12.3654554745313,0,-0.0686880413546458,0,12.3654554745313,-0.0686880413546458,-0.0686880413546458,-0.0686880413546458,0.0513325050706189
19.2556223171704,0,0.0285945738844167,0,19.2556223171704,0.0285945738844167,0.0285945738844167,0.0285945738844167,0.0139726523520546
34.7312424253189,0,0.00360906084633839,0,34.7312424253189,0.00360906084633839,0.00360906084633839,0.00360906084633839,0.017575833019559
54.7209102152747,0,0.0196726221291343,0,54.7209102152747,0.0196726221291343,0.0196726221291343,0.0196726221291343,0.0109274670854921
9.76552332936977,0,0.00564706861610557,0,9.76552332936977,0.00564706861610557,0.00564706861610557,0.00564706861610557,0.022210163633412
8.22166390729103,0,0.0200227074138689,0,8.22166390729103,0.0200227074138689,0.0200227074138689,0.0200227074138689,0.0889316774406693
8.77216358100521,0,0.0699261224100448,0,8.77216358100521,0.0699261224100448,0.0699261224100448,0.0699261224100448,0.0441440604084047
7.36539602284415,0,-0.0247872150245361,0,7.36539602284415,-0.0247872150245361,-0.0247872150245361,-0.0247872150245361,0.114121672795408
9.34902839864339,0,-0.0319037471830898,0,9.34902839864339,-0.0319037471830898,-0.0319037471830898,-0.0319037471830898,0.0353702402159913
12.5616640281909,0,0.00441577973083164,0,12.5616640281909,0.00441577973083164,0.00441577973083164,0.00441577973083164,0.0138459086615911
10.5411867057519,0,-0.0885790708954701,0,10.5411867057519,-0.0885790708954701,-0.0885790708954701,-0.0885790708954701,0.0320565633703811
10.8363107906744,0,-0.028098390818107,0,10.8363107906744,-0.028098390818107,-0.028098390818107,-0.028098390818107,0.071926050301895
11.7003583105711,0,-0.00186774348468509,0,11.7003583105711,-0.00186774348468509,-0.00186774348468509,-0.00186774348468509,0.00589871207554302
14.1717804897526,0,0.027255899623745,0,14.1717804897526,0.027255899623745,0.027255899623745,0.027255899623745,0.0438772018708798
11.3171115233183,0,-0.0301299566297987,0,11.3171115233183,-0.0301299566297987,-0.0301299566297987,-0.0301299566297987,0.0549217163119364
12.491172371433,0,0.00616174807970621,0,12.491172371433,0.00616174807970621,0.00616174807970621,0.00616174807970621,0.0405245193389735
17.7574754531964,0,-0.0364542682670167,0,17.7574754531964,-0.0364542682670167,-0.0364542682670167,-0.0364542682670167,0.0437339114285826
23.3384346785706,0,0.0173424537425691,0,23.3384346785706,0.0173424537425691,0.0173424537425691,0.0173424537425691,0.0189266195413323
21.0471310356801,0,0.0617673658141888,0,21.0471310356801,0.0617673658141888,0.0617673658141888,0.0617673658141888,0.047052745863464
16.8846431378076,0,0.0592246738975235,0,16.8846431378076,0.0592246738975235,0.0592246738975235,0.0592246738975235,0.0580511049145327
144.898873550211,0,0.152472628260226,0,144.898873550211,0.152472628260226,0.152472628260226,0.152472628260226,0.0124843951464072
10.8384906759069,0,-0.00221059163205814,0,10.8384906759069,-0.00221059163205814,-0.00221059163205814,-0.00221059163205814,0.0251376149245104
5.36034284274372,0,0.0126214961722838,0,5.36034284274372,0.0126214961722838,0.0126214961722838,0.0126214961722838,0.0439400124984659
14.6925462604222,0,-0.00458452472707301,0,14.6925462604222,-0.00458452472707301,-0.00458452472707301,-0.00458452472707301,0.0444254697733256
12.6985002447189,0,0.0156151615690587,0,12.6985002447189,0.0156151615690587,0.0156151615690587,0.0156151615690587,0.0344296478282526
11.0161041029769,0,-0.0031766917676102,0,11.0161041029769,-0.0031766917676102,-0.0031766917676102,-0.0031766917676102,0.0522005254908412
12.612078023469,0,-0.0597088928688878,0,12.612078023469,-0.0597088928688878,-0.0597088928688878,-0.0597088928688878,0.0322576765582896
27.9381463268887,0,-0.0196646199066465,0,27.9381463268887,-0.0196646199066465,-0.0196646199066465,-0.0196646199066465,0.0266030945529787
28.4056044215739,0,-0.0234835133541325,0,28.4056044215739,-0.0234835133541325,-0.0234835133541325,-0.0234835133541325,0.0460235649191708
13.4368696617468,0,0.0535402362440232,0,13.4368696617468,0.0535402362440232,0.0535402362440232,0.0535402362440232,0.0282079903838013
14.3373106913918,0,-0.0165868652445846,0,14.3373106913918,-0.0165868652445846,-0.0165868652445846,-0.0165868652445846,0.0475684856482902
25.9320346135502,0,-0.0232712391594247,0,25.9320346135502,-0.0232712391594247,-0.0232712391594247,-0.0232712391594247,0.0300519735078187
NA,NA,NA,NA,NA,NA,NA,NA,NA
3.48138260502119,0,-0.0431716232209931,0,3.48138260502119,-0.0431716232209931,-0.0431716232209931,-0.0431716232209931,0.0321818721032191
5.59197431763262,0,-0.0578220526680145,0,5.59197431763262,-0.0578220526680145,-0.0578220526680145,-0.0578220526680145,0.0290843221745671
7.10118523761685,0,-0.0285278978712163,0,7.10118523761685,-0.0285278978712163,-0.0285278978712163,-0.0285278978712163,0.0595492352872805
8.39406695268219,0,0.0167837864563465,0,8.39406695268219,0.0167837864563465,0.0167837864563465,0.0167837864563465,0.0322473662392579
6.68163411954067,0,0.0399525800720857,0,6.68163411954067,0.0399525800720857,0.0399525800720857,0.0399525800720857,0.0632642521725607
10.9419857642508,0,-0.0876235523401562,0,10.9419857642508,-0.0876235523401562,-0.0876235523401562,-0.0876235523401562,0.0336377588977628
9.567453602661,0,-0.0130573193727359,0,9.567453602661,-0.0130573193727359,-0.0130573193727359,-0.0130573193727359,0.0264340771076804
9.56764954052794,0,-0.00578932875863998,0,9.56764954052794,-0.00578932875863998,-0.00578932875863998,-0.00578932875863998,0.0288617279537588
9.58796747981615,0,0.00725905880614161,0,9.58796747981615,0.00725905880614161,0.00725905880614161,0.00725905880614161,0.0422687684348916
10.3415882006709,0,-0.0979591311963027,0,10.3415882006709,-0.0979591311963027,-0.0979591311963027,-0.0979591311963027,0.0379022425227411
9.03381024943225,0,-0.0258591277728825,0,9.03381024943225,-0.0258591277728825,-0.0258591277728825,-0.0258591277728825,0.0210013285642308
7.292171244769,0,0.0214216184583366,0,7.292171244769,0.0214216184583366,0.0214216184583366,0.0214216184583366,0.00787016036700002
10.6567948708008,0,0.0203455428827325,0,10.6567948708008,0.0203455428827325,0.0203455428827325,0.0203455428827325,0.0367174068081082
15.83958844307,0,0.0399832495665445,0,15.83958844307,0.0399832495665445,0.0399832495665445,0.0399832495665445,0.0130470310288665
17.7014293147066,0,0.0234372077444364,0,17.7014293147066,0.0234372077444364,0.0234372077444364,0.0234372077444364,0.0323786122878216
18.5230702558348,0,-0.00995709768556392,0,18.5230702558348,-0.00995709768556392,-0.00995709768556392,-0.00995709768556392,0.0596686324209322
13.5036026382197,0,0.0260526179813793,0,13.5036026382197,0.0260526179813793,0.0260526179813793,0.0260526179813793,0.0175137052055195
13.9836050997556,0,-0.0596374353307077,0,13.9836050997556,-0.0596374353307077,-0.0596374353307077,-0.0596374353307077,0.0260159424457815
11.3110693140974,0,0.00982781565554414,0,11.3110693140974,0.00982781565554414,0.00982781565554414,0.00982781565554414,0.0152975413868066
20.6083384757102,0,-0.0196913974375486,0,20.6083384757102,-0.0196913974375486,-0.0196913974375486,-0.0196913974375486,0.0564075951702511
12.3671082351961,0,0.0210231372322994,0,12.3671082351961,0.0210231372322994,0.0210231372322994,0.0210231372322994,0.0160828742749283
12.3654554745313,0,-0.0686880413546458,0,12.3654554745313,-0.0686880413546458,-0.0686880413546458,-0.0686880413546458,0.0513325050706189
19.2556223171704,0,0.0285945738844167,0,19.2556223171704,0.0285945738844167,0.0285945738844167,0.0285945738844167,0.0139726523520546
34.7312424253189,0,0.00360906084633839,0,34.7312424253189,0.00360906084633839,0.00360906084633839,0.00360906084633839,0.017575833019559
54.7209102152747,0,0.0196726221291343,0,54.7209102152747,0.0196726221291343,0.0196726221291343,0.0196726221291343,0.0109274670854921
9.76552332936977,0,0.00564706861610557,0,9.76552332936977,0.00564706861610557,0.00564706861610557,0.00564706861610557,0.022210163633412
8.22166390729103,0,0.0200227074138689,0,8.22166390729103,0.0200227074138689,0.0200227074138689,0.0200227074138689,0.0889316774406693
8.77216358100521,0,0.0699261224100448,0,8.77216358100521,0.0699261224100448,0.0699261224100448,0.0699261224100448,0.0441440604084047
7.36539602284415,0,-0.0247872150245361,0,7.36539602284415,-0.0247872150245361,-0.0247872150245361,-0.0247872150245361,0.114121672795408
9.34902839864339,0,-0.0319037471830898,0,9.34902839864339,-0.0319037471830898,-0.0319037471830898,-0.0319037471830898,0.0353702402159913
12.5616640281909,0,0.00441577973083164,0,12.5616640281909,0.00441577973083164,0.00441577973083164,0.00441577973083164,0.0138459086615911
10.5411867057519,0,-0.0885790708954701,0,10.5411867057519,-0.0885790708954701,-0.0885790708954701,-0.0885790708954701,0.0320565633703811
10.8363107906744,0,-0.028098390818107,0,10.8363107906744,-0.028098390818107,-0.028098390818107,-0.028098390818107,0.071926050301895
11.7003583105711,0,-0.00186774348468509,0,11.7003583105711,-0.00186774348468509,-0.00186774348468509,-0.00186774348468509,0.00589871207554302
14.1717804897526,0,0.027255899623745,0,14.1717804897526,0.027255899623745,0.027255899623745,0.027255899623745,0.0438772018708798
11.3171115233183,0,-0.0301299566297987,0,11.3171115233183,-0.0301299566297987,-0.0301299566297987,-0.0301299566297987,0.0549217163119364
12.491172371433,0,0.00616174807970621,0,12.491172371433,0.00616174807970621,0.00616174807970621,0.00616174807970621,0.0405245193389735
17.7574754531964,0,-0.0364542682670167,0,17.7574754531964,-0.0364542682670167,-0.0364542682670167,-0.0364542682670167,0.0437339114285826
23.3384346785706,0,0.0173424537425691,0,23.3384346785706,0.0173424537425691,0.0173424537425691,0.0173424537425691,0.0189266195413323
21.0471310356801,0,0.0617673658141888,0,21.0471310356801,0.0617673658141888,0.0617673658141888,0.0617673658141888,0.047052745863464
16.8846431378076,0,0.0592246738975235,0,16.8846431378076,0.0592246738975235,0.0592246738975235,0.0592246738975235,0.0580511049145327
144.898873550211,0,0.152472628260226,0,144.898873550211,0.152472628260226,0.152472628260226,0.152472628260226,0.0124843951464072
10.8384906759069,0,-0.00221059163205814,0,10.8384906759069,-0.00221059163205814,-0.00221059163205814,-0.00221059163205814,0.0251376149245104
5.36034284274372,0,0.0126214961722838,0,5.36034284274372,0.0126214961722838,0.0126214961722838,0.0126214961722838,0.0439400124984659
14.6925462604222,0,-0.00458452472707301,0,14.6925462604222,-0.00458452472707301,-0.00458452472707301,-0.00458452472707301,0.0444254697733256
12.6985002447189,0,0.0156151615690587,0,12.6985002447189,0.0156151615690587,0.0156151615690587,0.0156151615690587,0.0344296478282526
11.0161041029769,0,-0.0031766917676102,0,11.0161041029769,-0.0031766917676102,-0.0031766917676102,-0.0031766917676102,0.0522005254908412
12.612078023469,0,-0.0597088928688878,0,12.612078023469,-0.0597088928688878,-0.0597088928688878,-0.0597088928688878,0.0322576765582896
27.9381463268887,0,-0.0196646199066465,0,27.9381463268887,-0.0196646199066465,-0.0196646199066465,-0.0196646199066465,0.0266030945529787
28.4056044215739,0,-0.0234835133541325,0,28.4056044215739,-0.0234835133541325,-0.0234835133541325,-0.0234835133541325,0.0460235649191708
13.4368696617468,0,0.0535402362440232,0,13.4368696617468,0.0535402362440232,0.0535402362440232,0.0535402362440232,0.0282079903838013
14.3373106913918,0,-0.0165868652445846,0,14.3373106913918,-0.0165868652445846,-0.0165868652445846,-0.0165868652445846,0.0475684856482902
25.9320346135502,0,-0.0232712391594247,0,25.9320346135502,-0.0232712391594247,-0.0232712391594247,-0.0232712391594247,0.0300519735078187
NA,NA,NA,NA,NA,NA,NA,NA,NA
3.48138260502119,0,-0.0431716232209931,0,3.48138260502119,-0.0431716232209931,-0.0431716232209931,-0.0431716232209931,0.0321818721032191
5.59197431763262,0,-0.0578220526680145,0,5.59197431763262,-0.0578220526680145,-0.0578220526680145,-0.0578220526680145,0.0290843221745671
7.10118523761685,0,-0.0285278978712163,0,7.10118523761685,-0.0285278978712163,-0.0285278978712163,-0.0285278978712163,0.0595492352872805
8.39406695268219,0,0.0167837864563465,0,8.39406695268219,0.0167837864563465,0.0167837864563465,0.0167837864563465,0.0322473662392579
6.68163411954067,0,0.0399525800720857,0,6.68163411954067,0.0399525800720857,0.0399525800720857,0.0399525800720857,0.0632642521725607
10.9419857642508,0,-0.0876235523401562,0,10.9419857642508,-0.0876235523401562,-0.0876235523401562,-0.0876235523401562,0.0336377588977628
9.567453602661,0,-0.0130573193727359,0,9.567453602661,-0.0130573193727359,-0.0130573193727359,-0.0130573193727359,0.0264340771076804
9.56764954052794,0,-0.00578932875863998,0,9.56764954052794,-0.00578932875863998,-0.00578932875863998,-0.00578932875863998,0.0288617279537588
9.58796747981615,0,0.00725905880614161,0,9.58796747981615,0.00725905880614161,0.00725905880614161,0.00725905880614161,0.0422687684348916
10.3415882006709,0,-0.0979591311963027,0,10.3415882006709,-0.0979591311963027,-0.0979591311963027,-0.0979591311963027,0.0379022425227411
9.03381024943225,0,-0.0258591277728825,0,9.03381024943225,-0.0258591277728825,-0.0258591277728825,-0.0258591277728825,0.0210013285642308
7.292171244769,0,0.0214216184583366,0,7.292171244769,0.0214216184583366,0.0214216184583366,0.0214216184583366,0.00787016036700002
10.6567948708008,0,0.0203455428827325,0,10.6567948708008,0.0203455428827325,0.0203455428827325,0.0203455428827325,0.0367174068081082
15.83958844307,0,0.0399832495665445,0,15.83958844307,0.0399832495665445,0.0399832495665445,0.0399832495665445,0.0130470310288665
17.7014293147066,0,0.0234372077444364,0,17.7014293147066,0.0234372077444364,0.0234372077444364,0.0234372077444364,0.0323786122878216
18.5230702558348,0,-0.00995709768556392,0,18.5230702558348,-0.00995709768556392,-0.00995709768556392,-0.00995709768556392,0.0596686324209322
13.5036026382197,0,0.0260526179813793,0,13.5036026382197,0.0260526179813793,0.0260526179813793,0.0260526179813793,0.0175137052055195
13.9836050997556,0,-0.0596374353307077,0,13.9836050997556,-0.0596374353307077,-0.0596374353307077,-0.0596374353307077,0.0260159424457815
11.3110693140974,0,0.00982781565554414,0,11.3110693140974,0.00982781565554414,0.00982781565554414,0.00982781565554414,0.0152975413868066
20.6083384757102,0,-0.0196913974375486,0,20.6083384757102,-0.0196913974375486,-0.0196913974375486,-0.0196913974375486,0.0564075951702511
12.3671082351961,0,0.0210231372322994,0,12.3671082351961,0.0210231372322994,0.0210231372322994,0.0210231372322994,0.0160828742749283
12.3654554745313,0,-0.0686880413546458,0,12.3654554745313,-0.0686880413546458,-0.0686880413546458,-0.0686880413546458,0.0513325050706189
19.2556223171704,0,0.0285945738844167,0,19.2556223171704,0.0285945738844167,0.0285945738844167,0.0285945738844167,0.0139726523520546
34.7312424253189,0,0.00360906084633839,0,34.7312424253189,0.00360906084633839,0.00360906084633839,0.00360906084633839,0.017575833019559
54.7209102152747,0,0.0196726221291343,0,54.7209102152747,0.0196726221291343,0.0196726221291343,0.0196726221291343,0.0109274670854921
9.76552332936977,0,0.00564706861610557,0,9.76552332936977,0.00564706861610557,0.00564706861610557,0.00564706861610557,0.022210163633412
8.22166390729103,0,0.0200227074138689,0,8.22166390729103,0.0200227074138689,0.0200227074138689,0.0200227074138689,0.0889316774406693
8.77216358100521,0,0.0699261224100448,0,8.77216358100521,0.0699261224100448,0.0699261224100448,0.0699261224100448,0.0441440604084047
7.36539602284415,0,-0.0247872150245361,0,7.36539602284415,-0.0247872150245361,-0.0247872150245361,-0.0247872150245361,0.114121672795408
9.34902839864339,0,-0.0319037471830898,0,9.34902839864339,-0.0319037471830898,-0.0319037471830898,-0.0319037471830898,0.0353702402159913
12.5616640281909,0,0.00441577973083164,0,12.5616640281909,0.00441577973083164,0.00441577973083164,0.00441577973083164,0.0138459086615911
10.5411867057519,0,-0.0885790708954701,0,10.5411867057519,-0.0885790708954701,-0.0885790708954701,-0.0885790708954701,0.0320565633703811
10.8363107906744,0,-0.028098390818107,0,10.8363107906744,-0.028098390818107,-0.028098390818107,-0.028098390818107,0.071926050301895
11.7003583105711,0,-0.00186774348468509,0,11.7003583105711,-0.00186774348468509,-0.00186774348468509,-0.00186774348468509,0.00589871207554302
14.1717804897526,0,0.027255899623745,0,14.1717804897526,0.027255899623745,0.027255899623745,0.027255899623745,0.0438772018708798
11.3171115233183,0,-0.0301299566297987,0,11.3171115233183,-0.0301299566297987,-0.0301299566297987,-0.0301299566297987,0.0549217163119364
12.491172371433,0,0.00616174807970621,0,12.491172371433,0.00616174807970621,0.00616174807970621,0.00616174807970621,0.0405245193389735
17.7574754531964,0,-0.0364542682670167,0,17.7574754531964,-0.0364542682670167,-0.0364542682670167,-0.0364542682670167,0.0437339114285826
23.3384346785706,0,0.0173424537425691,0,23.3384346785706,0.0173424537425691,0.0173424537425691,0.0173424537425691,0.0189266195413323
21.0471310356801,0,0.0617673658141888,0,21.0471310356801,0.0617673658141888,0.0617673658141888,0.0617673658141888,0.047052745863464
16.8846431378076,0,0.0592246738975235,0,16.8846431378076,0.0592246738975235,0.0592246738975235,0.0592246738975235,0.0580511049145327
144.898873550211,0,0.152472628260226,0,144.898873550211,0.152472628260226,0.152472628260226,0.152472628260226,0.0124843951464072
10.8384906759069,0,-0.00221059163205814,0,10.8384906759069,-0.00221059163205814,-0.00221059163205814,-0.00221059163205814,0.0251376149245104
5.36034284274372,0,0.0126214961722838,0,5.36034284274372,0.0126214961722838,0.0126214961722838,0.0126214961722838,0.0439400124984659
14.6925462604222,0,-0.00458452472707301,0,14.6925462604222,-0.00458452472707301,-0.00458452472707301,-0.00458452472707301,0.0444254697733256
12.6985002447189,0,0.0156151615690587,0,12.6985002447189,0.0156151615690587,0.0156151615690587,0.0156151615690587,0.0344296478282526
11.0161041029769,0,-0.0031766917676102,0,11.0161041029769,-0.0031766917676102,-0.0031766917676102,-0.0031766917676102,0.0522005254908412
12.612078023469,0,-0.0597088928688878,0,12.612078023469,-0.0597088928688878,-0.0597088928688878,-0.0597088928688878,0.0322576765582896
27.9381463268887,0,-0.0196646199066465,0,27.9381463268887,-0.0196646199066465,-0.0196646199066465,-0.0196646199066465,0.0266030945529787
28.4056044215739,0,-0.0234835133541325,0,28.4056044215739,-0.0234835133541325,-0.0234835133541325,-0.0234835133541325,0.0460235649191708
13.4368696617468,0,0.0535402362440232,0,13.4368696617468,0.0535402362440232,0.0535402362440232,0.0535402362440232,0.0282079903838013
14.3373106913918,0,-0.0165868652445846,0,14.3373106913918,-0.0165868652445846,-0.0165868652445846,-0.0165868652445846,0.0475684856482902
25.9320346135502,0,-0.0232712391594247,0,25.9320346135502,-0.0232712391594247,-0.0232712391594247,-0.0232712391594247,0.0300519735078187
NA,NA,NA,NA,NA,NA,NA,NA,NA
3.48138260502119,0,-0.0431716232209931,0,3.48138260502119,-0.0431716232209931,-0.0431716232209931,-0.0431716232209931,0.0321818721032191
5.59197431763262,0,-0.0578220526680145,0,5.59197431763262,-0.0578220526680145,-0.0578220526680145,-0.0578220526680145,0.0290843221745671
7.10118523761685,0,-0.0285278978712163,0,7.10118523761685,-0.0285278978712163,-0.0285278978712163,-0.0285278978712163,0.0595492352872805
8.39406695268219,0,0.0167837864563465,0,8.39406695268219,0.0167837864563465,0.0167837864563465,0.0167837864563465,0.0322473662392579
6.68163411954067,0,0.0399525800720857,0,6.68163411954067,0.0399525800720857,0.0399525800720857,0.0399525800720857,0.0632642521725607
10.9419857642508,0,-0.0876235523401562,0,10.9419857642508,-0.0876235523401562,-0.0876235523401562,-0.0876235523401562,0.0336377588977628
9.567453602661,0,-0.0130573193727359,0,9.567453602661,-0.0130573193727359,-0.0130573193727359,-0.0130573193727359,0.0264340771076804
9.56764954052794,0,-0.00578932875863998,0,9.56764954052794,-0.00578932875863998,-0.00578932875863998,-0.00578932875863998,0.0288617279537588
9.58796747981615,0,0.00725905880614161,0,9.58796747981615,0.00725905880614161,0.00725905880614161,0.00725905880614161,0.0422687684348916
10.3415882006709,0,-0.0979591311963027,0,10.3415882006709,-0.0979591311963027,-0.0979591311963027,-0.0979591311963027,0.0379022425227411
9.03381024943225,0,-0.0258591277728825,0,9.03381024943225,-0.0258591277728825,-0.0258591277728825,-0.0258591277728825,0.0210013285642308
7.292171244769,0,0.0214216184583366,0,7.292171244769,0.0214216184583366,0.0214216184583366,0.0214216184583366,0.00787016036700002
10.6567948708008,0,0.0203455428827325,0,10.6567948708008,0.0203455428827325,0.0203455428827325,0.0203455428827325,0.0367174068081082
15.83958844307,0,0.0399832495665445,0,15.83958844307,0.0399832495665445,0.0399832495665445,0.0399832495665445,0.0130470310288665
17.7014293147066,0,0.0234372077444364,0,17.7014293147066,0.0234372077444364,0.0234372077444364,0.0234372077444364,0.0323786122878216
18.5230702558348,0,-0.00995709768556392,0,18.5230702558348,-0.00995709768556392,-0.00995709768556392,-0.00995709768556392,0.0596686324209322
13.5036026382197,0,0.0260526179813793,0,13.5036026382197,0.0260526179813793,0.0260526179813793,0.0260526179813793,0.0175137052055195
13.9836050997556,0,-0.0596374353307077,0,13.9836050997556,-0.0596374353307077,-0.0596374353307077,-0.0596374353307077,0.0260159424457815
11.3110693140974,0,0.00982781565554414,0,11.3110693140974,0.00982781565554414,0.00982781565554414,0.00982781565554414,0.0152975413868066
20.6083384757102,0,-0.0196913974375486,0,20.6083384757102,-0.0196913974375486,-0.0196913974375486,-0.0196913974375486,0.0564075951702511
12.3671082351961,0,0.0210231372322994,0,12.3671082351961,0.0210231372322994,0.0210231372322994,0.0210231372322994,0.0160828742749283
12.3654554745313,0,-0.0686880413546458,0,12.3654554745313,-0.0686880413546458,-0.0686880413546458,-0.0686880413546458,0.0513325050706189
19.2556223171704,0,0.0285945738844167,0,19.2556223171704,0.0285945738844167,0.0285945738844167,0.0285945738844167,0.0139726523520546
34.7312424253189,0,0.00360906084633839,0,34.7312424253189,0.00360906084633839,0.00360906084633839,0.00360906084633839,0.017575833019559
54.7209102152747,0,0.0196726221291343,0,54.7209102152747,0.0196726221291343,0.0196726221291343,0.0196726221291343,0.0109274670854921
9.76552332936977,0,0.00564706861610557,0,9.76552332936977,0.00564706861610557,0.00564706861610557,0.00564706861610557,0.022210163633412
8.22166390729103,0,0.0200227074138689,0,8.22166390729103,0.0200227074138689,0.0200227074138689,0.0200227074138689,0.0889316774406693
8.77216358100521,0,0.0699261224100448,0,8.77216358100521,0.0699261224100448,0.0699261224100448,0.0699261224100448,0.0441440604084047
7.36539602284415,0,-0.0247872150245361,0,7.36539602284415,-0.0247872150245361,-0.0247872150245361,-0.0247872150245361,0.114121672795408
9.34902839864339,0,-0.0319037471830898,0,9.34902839864339,-0.0319037471830898,-0.0319037471830898,-0.0319037471830898,0.0353702402159913
12.5616640281909,0,0.00441577973083164,0,12.5616640281909,0.00441577973083164,0.00441577973083164,0.00441577973083164,0.0138459086615911
10.5411867057519,0,-0.0885790708954701,0,10.5411867057519,-0.0885790708954701,-0.0885790708954701,-0.0885790708954701,0.0320565633703811
10.8363107906744,0,-0.028098390818107,0,10.8363107906744,-0.028098390818107,-0.028098390818107,-0.028098390818107,0.071926050301895
11.7003583105711,0,-0.00186774348468509,0,11.7003583105711,-0.00186774348468509,-0.00186774348468509,-0.00186774348468509,0.00589871207554302
14.1717804897526,0,0.027255899623745,0,14.1717804897526,0.027255899623745,0.027255899623745,0.027255899623745,0.0438772018708798
11.3171115233183,0,-0.0301299566297987,0,11.3171115233183,-0.0301299566297987,-0.0301299566297987,-0.0301299566297987,0.0549217163119364
12.491172371433,0,0.00616174807970621,0,12.491172371433,0.00616174807970621,0.00616174807970621,0.00616174807970621,0.0405245193389735
17.7574754531964,0,-0.0364542682670167,0,17.7574754531964,-0.0364542682670167,-0.0364542682670167,-0.0364542682670167,0.0437339114285826
23.3384346785706,0,0.0173424537425691,0,23.3384346785706,0.0173424537425691,0.0173424537425691,0.0173424537425691,0.0189266195413323
21.0471310356801,0,0.0617673658141888,0,21.0471310356801,0.0617673658141888,0.0617673658141888,0.0617673658141888,0.047052745863464
16.8846431378076,0,0.0592246738975235,0,16.8846431378076,0.0592246738975235,0.0592246738975235,0.0592246738975235,0.0580511049145327
144.898873550211,0,0.152472628260226,0,144.898873550211,0.152472628260226,0.152472628260226,0.152472628260226,0.0124843951464072
10.8384906759069,0,-0.00221059163205814,0,10.8384906759069,-0.00221059163205814,-0.00221059163205814,-0.00221059163205814,0.0251376149245104
5.36034284274372,0,0.0126214961722838,0,5.36034284274372,0.0126214961722838,0.0126214961722838,0.0126214961722838,0.0439400124984659
14.6925462604222,0,-0.00458452472707301,0,14.6925462604222,-0.00458452472707301,-0.00458452472707301,-0.00458452472707301,0.0444254697733256
12.6985002447189,0,0.0156151615690587,0,12.6985002447189,0.0156151615690587,0.0156151615690587,0.0156151615690587,0.0344296478282526
11.0161041029769,0,-0.0031766917676102,0,11.0161041029769,-0.0031766917676102,-0.0031766917676102,-0.0031766917676102,0.0522005254908412
12.612078023469,0,-0.0597088928688878,0,12.612078023469,-0.0597088928688878,-0.0597088928688878,-0.0597088928688878,0.0322576765582896
27.9381463268887,0,-0.0196646199066465,0,27.9381463268887,-0.0196646199066465,-0.0196646199066465,-0.0196646199066465,0.0266030945529787
28.4056044215739,0,-0.0234835133541325,0,28.4056044215739,-0.0234835133541325,-0.0234835133541325,-0.0234835133541325,0.0460235649191708
13.4368696617468,0,0.0535402362440232,0,13.4368696617468,0.0535402362440232,0.0535402362440232,0.0535402362440232,0.0282079903838013
14.3373106913918,0,-0.0165868652445846,0,14.3373106913918,-0.0165868652445846,-0.0165868652445846,-0.0165868652445846,0.0475684856482902
25.9320346135502,0,-0.0232712391594247,0,25.9320346135502,-0.0232712391594247,-0.0232712391594247,-0.0232712391594247,0.0300519735078187
NA,NA,NA,NA,NA,NA,NA,NA,NA
3.48138260502119,0,-0.0431716232209931,0,3.48138260502119,-0.0431716232209931,-0.0431716232209931,-0.0431716232209931,0.0321818721032191
5.59197431763262,0,-0.0578220526680145,0,5.59197431763262,-0.0578220526680145,-0.0578220526680145,-0.0578220526680145,0.0290843221745671
7.10118523761685,0,-0.0285278978712163,0,7.10118523761685,-0.0285278978712163,-0.0285278978712163,-0.0285278978712163,0.0595492352872805
8.39406695268219,0,0.0167837864563465,0,8.39406695268219,0.0167837864563465,0.0167837864563465,0.0167837864563465,0.0322473662392579
6.68163411954067,0,0.0399525800720857,0,6.68163411954067,0.0399525800720857,0.0399525800720857,0.0399525800720857,0.0632642521725607
10.9419857642508,0,-0.0876235523401562,0,10.9419857642508,-0.0876235523401562,-0.0876235523401562,-0.0876235523401562,0.0336377588977628
9.567453602661,0,-0.0130573193727359,0,9.567453602661,-0.0130573193727359,-0.0130573193727359,-0.0130573193727359,0.0264340771076804
9.56764954052794,0,-0.00578932875863998,0,9.56764954052794,-0.00578932875863998,-0.00578932875863998,-0.00578932875863998,0.0288617279537588
9.58796747981615,0,0.00725905880614161,0,9.58796747981615,0.00725905880614161,0.00725905880614161,0.00725905880614161,0.0422687684348916
5.73956504007167,0,0.0771542732091128,0,5.73956504007167,0.0771542732091128,0.0771542732091128,0.0771542732091128,0.0324136561885854
9.03381024943225,0,-0.0258591277728825,0,9.03381024943225,-0.0258591277728825,-0.0258591277728825,-0.0258591277728825,0.0210013285642308
7.292171244769,0,0.0214216184583366,0,7.292171244769,0.0214216184583366,0.0214216184583366,0.0214216184583366,0.00787016036700002
10.6567948708008,0,0.0203455428827325,0,10.6567948708008,0.0203455428827325,0.0203455428827325,0.0203455428827325,0.0367174068081082
15.83958844307,0,0.0399832495665445,0,15.83958844307,0.0399832495665445,0.0399832495665445,0.0399832495665445,0.0130470310288665
17.7014293147066,0,0.0234372077444364,0,17.7014293147066,0.0234372077444364,0.0234372077444364,0.0234372077444364,0.0323786122878216
18.5230702558348,0,-0.00995709768556392,0,18.5230702558348,-0.00995709768556392,-0.00995709768556392,-0.00995709768556392,0.0596686324209322
13.5036026382197,0,0.0260526179813793,0,13.5036026382197,0.0260526179813793,0.0260526179813793,0.0260526179813793,0.0175137052055195
13.9836050997556,0,-0.0596374353307077,0,13.9836050997556,-0.0596374353307077,-0.0596374353307077,-0.0596374353307077,0.0260159424457815
11.3110693140974,0,0.00982781565554414,0,11.3110693140974,0.00982781565554414,0.00982781565554414,0.00982781565554414,0.0152975413868066
20.6083384757102,0,-0.0196913974375486,0,20.6083384757102,-0.0196913974375486,-0.0196913974375486,-0.0196913974375486,0.0564075951702511
12.3671082351961,0,0.0210231372322994,0,12.3671082351961,0.0210231372322994,0.0210231372322994,0.0210231372322994,0.0160828742749283
12.3654554745313,0,-0.0686880413546458,0,12.3654554745313,-0.0686880413546458,-0.0686880413546458,-0.0686880413546458,0.0513325050706189
19.2556223171704,0,0.0285945738844167,0,19.2556223171704,0.0285945738844167,0.0285945738844167,0.0285945738844167,0.0139726523520546
34.7312424253189,0,0.00360906084633839,0,34.7312424253189,0.00360906084633839,0.00360906084633839,0.00360906084633839,0.017575833019559
54.7209102152747,0,0.0196726221291343,0,54.7209102152747,0.0196726221291343,0.0196726221291343,0.0196726221291343,0.0109274670854921
9.76552332936977,0,0.00564706861610557,0,9.76552332936977,0.00564706861610557,0.00564706861610557,0.00564706861610557,0.022210163633412
8.22166390729103,0,0.0200227074138689,0,8.22166390729103,0.0200227074138689,0.0200227074138689,0.0200227074138689,0.0889316774406693
8.77216358100521,0,0.0699261224100448,0,8.77216358100521,0.0699261224100448,0.0699261224100448,0.0699261224100448,0.0441440604084047
7.36539602284415,0,-0.0247872150245361,0,7.36539602284415,-0.0247872150245361,-0.0247872150245361,-0.0247872150245361,0.114121672795408
9.34902839864339,0,-0.0319037471830898,0,9.34902839864339,-0.0319037471830898,-0.0319037471830898,-0.0319037471830898,0.0353702402159913
12.5616640281909,0,0.00441577973083164,0,12.5616640281909,0.00441577973083164,0.00441577973083164,0.00441577973083164,0.0138459086615911
10.5411867057519,0,-0.0885790708954701,0,10.5411867057519,-0.0885790708954701,-0.0885790708954701,-0.0885790708954701,0.0320565633703811
10.8363107906744,0,-0.028098390818107,0,10.8363107906744,-0.028098390818107,-0.028098390818107,-0.028098390818107,0.071926050301895
11.7003583105711,0,-0.00186774348468509,0,11.7003583105711,-0.00186774348468509,-0.00186774348468509,-0.00186774348468509,0.00589871207554302
14.1717804897526,0,0.027255899623745,0,14.1717804897526,0.027255899623745,0.027255899623745,0.027255899623745,0.0438772018708798
11.3171115233183,0,-0.0301299566297987,0,11.3171115233183,-0.0301299566297987,-0.0301299566297987,-0.0301299566297987,0.0549217163119364
12.491172371433,0,0.00616174807970621,0,12.491172371433,0.00616174807970621,0.00616174807970621,0.00616174807970621,0.0405245193389735
17.7574754531964,0,-0.0364542682670167,0,17.7574754531964,-0.0364542682670167,-0.0364542682670167,-0.0364542682670167,0.0437339114285826
23.3384346785706,0,0.0173424537425691,0,23.3384346785706,0.0173424537425691,0.0173424537425691,0.0173424537425691,0.0189266195413323
21.0471310356801,0,0.0617673658141888,0,21.0471310356801,0.0617673658141888,0.0617673658141888,0.0617673658141888,0.047052745863464
16.8846431378076,0,0.0592246738975235,0,16.8846431378076,0.0592246738975235,0.0592246738975235,0.0592246738975235,0.0580511049145327
144.898873550211,0,0.152472628260226,0,144.898873550211,0.152472628260226,0.152472628260226,0.152472628260226,0.0124843951464072
10.8384906759069,0,-0.00221059163205814,0,10.8384906759069,-0.00221059163205814,-0.00221059163205814,-0.00221059163205814,0.0251376149245104
5.36034284274372,0,0.0126214961722838,0,5.36034284274372,0.0126214961722838,0.0126214961722838,0.0126214961722838,0.0439400124984659
14.6925462604222,0,-0.00458452472707301,0,14.6925462604222,-0.00458452472707301,-0.00458452472707301,-0.00458452472707301,0.0444254697733256
12.6985002447189,0,0.0156151615690587,0,12.6985002447189,0.0156151615690587,0.0156151615690587,0.0156151615690587,0.0344296478282526
11.0161041029769,0,-0.0031766917676102,0,11.0161041029769,-0.0031766917676102,-0.0031766917676102,-0.0031766917676102,0.0522005254908412
12.612078023469,0,-0.0597088928688878,0,12.612078023469,-0.0597088928688878,-0.0597088928688878,-0.0597088928688878,0.0322576765582896
27.9381463268887,0,-0.0196646199066465,0,27.9381463268887,-0.0196646199066465,-0.0196646199066465,-0.0196646199066465,0.0266030945529787
28.4056044215739,0,-0.0234835133541325,0,28.4056044215739,-0.0234835133541325,-0.0234835133541325,-0.0234835133541325,0.0460235649191708
13.4368696617468,0,0.0535402362440232,0,13.4368696617468,0.0535402362440232,0.0535402362440232,0.0535402362440232,0.0282079903838013
14.3373106913918,0,-0.0165868652445846,0,14.3373106913918,-0.0165868652445846,-0.0165868652445846,-0.0165868652445846,0.0475684856482902
25.9320346135502,0,-0.0232712391594247,0,25.9320346135502,-0.0232712391594247,-0.0232712391594247,-0.0232712391594247,0.0300519735078187
NA,NA,NA,NA,NA,NA,NA,NA,NA
3.48138260502119,0,-0.0431716232209931,0,3.48138260502119,-0.0431716232209931,-0.0431716232209931,-0.0431716232209931,0.0321818721032191
5.59197431763262,0,-0.0578220526680145,0,5.59197431763262,-0.0578220526680145,-0.0578220526680145,-0.0578220526680145,0.0290843221745671
7.10118523761685,0,-0.0285278978712163,0,7.10118523761685,-0.0285278978712163,-0.0285278978712163,-0.0285278978712163,0.0595492352872805
8.39406695268219,0,0.0167837864563465,0,8.39406695268219,0.0167837864563465,0.0167837864563465,0.0167837864563465,0.0322473662392579
6.68163411954067,0,0.0399525800720857,0,6.68163411954067,0.0399525800720857,0.0399525800720857,0.0399525800720857,0.0632642521725607
10.9419857642508,0,-0.0876235523401562,0,10.9419857642508,-0.0876235523401562,-0.0876235523401562,-0.0876235523401562,0.0336377588977628
9.567453602661,0,-0.0130573193727359,0,9.567453602661,-0.0130573193727359,-0.0130573193727359,-0.0130573193727359,0.0264340771076804
9.56764954052794,0,-0.00578932875863998,0,9.56764954052794,-0.00578932875863998,-0.00578932875863998,-0.00578932875863998,0.0288617279537588
9.58796747981615,0,0.00725905880614161,0,9.58796747981615,0.00725905880614161,0.00725905880614161,0.00725905880614161,0.0422687684348916
5.73956504007167,0,0.0771542732091128,0,5.73956504007167,0.0771542732091128,0.0771542732091128,0.0771542732091128,0.0324136561885854
9.03381024943225,0,-0.0258591277728825,0,9.03381024943225,-0.0258591277728825,-0.0258591277728825,-0.0258591277728825,0.0210013285642308
7.292171244769,0,0.0214216184583366,0,7.292171244769,0.0214216184583366,0.0214216184583366,0.0214216184583366,0.00787016036700002
10.6567948708008,0,0.0203455428827325,0,10.6567948708008,0.0203455428827325,0.0203455428827325,0.0203455428827325,0.0367174068081082
15.83958844307,0,0.0399832495665445,0,15.83958844307,0.0399832495665445,0.0399832495665445,0.0399832495665445,0.0130470310288665
17.7014293147066,0,0.0234372077444364,0,17.7014293147066,0.0234372077444364,0.0234372077444364,0.0234372077444364,0.0323786122878216
18.5230702558348,0,-0.00995709768556392,0,18.5230702558348,-0.00995709768556392,-0.00995709768556392,-0.00995709768556392,0.0596686324209322
13.5036026382197,0,0.0260526179813793,0,13.5036026382197,0.0260526179813793,0.0260526179813793,0.0260526179813793,0.0175137052055195
13.9836050997556,0,-0.0596374353307077,0,13.9836050997556,-0.0596374353307077,-0.0596374353307077,-0.0596374353307077,0.0260159424457815
11.3110693140974,0,0.00982781565554414,0,11.3110693140974,0.00982781565554414,0.00982781565554414,0.00982781565554414,0.0152975413868066
20.6083384757102,0,-0.0196913974375486,0,20.6083384757102,-0.0196913974375486,-0.0196913974375486,-0.0196913974375486,0.0564075951702511
12.3671082351961,0,0.0210231372322994,0,12.3671082351961,0.0210231372322994,0.0210231372322994,0.0210231372322994,0.0160828742749283
12.3654554745313,0,-0.0686880413546458,0,12.3654554745313,-0.0686880413546458,-0.0686880413546458,-0.0686880413546458,0.0513325050706189
19.2556223171704,0,0.0285945738844167,0,19.2556223171704,0.0285945738844167,0.0285945738844167,0.0285945738844167,0.0139726523520546
34.7312424253189,0,0.00360906084633839,0,34.7312424253189,0.00360906084633839,0.00360906084633839,0.00360906084633839,0.017575833019559
54.7209102152747,0,0.0196726221291343,0,54.7209102152747,0.0196726221291343,0.0196726221291343,0.0196726221291343,0.0109274670854921
9.76552332936977,0,0.00564706861610557,0,9.76552332936977,0.00564706861610557,0.00564706861610557,0.00564706861610557,0.022210163633412
8.22166390729103,0,0.0200227074138689,0,8.22166390729103,0.0200227074138689,0.0200227074138689,0.0200227074138689,0.0889316774406693
8.77216358100521,0,0.0699261224100448,0,8.77216358100521,0.0699261224100448,0.0699261224100448,0.0699261224100448,0.0441440604084047
7.36539602284415,0,-0.0247872150245361,0,7.36539602284415,-0.0247872150245361,-0.0247872150245361,-0.0247872150245361,0.114121672795408
9.34902839864339,0,-0.0319037471830898,0,9.34902839864339,-0.0319037471830898,-0.0319037471830898,-0.0319037471830898,0.0353702402159913
12.5616640281909,0,0.00441577973083164,0,12.5616640281909,0.00441577973083164,0.00441577973083164,0.00441577973083164,0.0138459086615911
10.5411867057519,0,-0.0885790708954701,0,10.5411867057519,-0.0885790708954701,-0.0885790708954701,-0.0885790708954701,0.0320565633703811
10.8363107906744,0,-0.028098390818107,0,10.8363107906744,-0.028098390818107,-0.028098390818107,-0.028098390818107,0.071926050301895
11.7003583105711,0,-0.00186774348468509,0,11.7003583105711,-0.00186774348468509,-0.00186774348468509,-0.00186774348468509,0.00589871207554302
14.1717804897526,0,0.027255899623745,0,14.1717804897526,0.027255899623745,0.027255899623745,0.027255899623745,0.0438772018708798
11.3171115233183,0,-0.0301299566297987,0,11.3171115233183,-0.0301299566297987,-0.0301299566297987,-0.0301299566297987,0.0549217163119364
12.491172371433,0,0.00616174807970621,0,12.491172371433,0.00616174807970621,0.00616174807970621,0.00616174807970621,0.0405245193389735
17.7574754531964,0,-0.0364542682670167,0,17.7574754531964,-0.0364542682670167,-0.0364542682670167,-0.0364542682670167,0.0437339114285826
23.3384346785706,0,0.0173424537425691,0,23.3384346785706,0.0173424537425691,0.0173424537425691,0.0173424537425691,0.0189266195413323
21.0471310356801,0,0.0617673658141888,0,21.0471310356801,0.0617673658141888,0.0617673658141888,0.0617673658141888,0.047052745863464
16.8846431378076,0,0.0592246738975235,0,16.8846431378076,0.0592246738975235,0.0592246738975235,0.0592246738975235,0.0580511049145327
144.898873550211,0,0.152472628260226,0,144.898873550211,0.152472628260226,0.152472628260226,0.152472628260226,0.0124843951464072
10.8384906759069,0,-0.00221059163205814,0,10.8384906759069,-0.00221059163205814,-0.00221059163205814,-0.00221059163205814,0.0251376149245104
5.36034284274372,0,0.0126214961722838,0,5.36034284274372,0.0126214961722838,0.0126214961722838,0.0126214961722838,0.0439400124984659
14.6925462604222,0,-0.00458452472707301,0,14.6925462604222,-0.00458452472707301,-0.00458452472707301,-0.00458452472707301,0.0444254697733256
12.6985002447189,0,0.0156151615690587,0,12.6985002447189,0.0156151615690587,0.0156151615690587,0.0156151615690587,0.0344296478282526
11.0161041029769,0,-0.0031766917676102,0,11.0161041029769,-0.0031766917676102,-0.0031766917676102,-0.0031766917676102,0.0522005254908412
12.612078023469,0,-0.0597088928688878,0,12.612078023469,-0.0597088928688878,-0.0597088928688878,-0.0597088928688878,0.0322576765582896
27.9381463268887,0,-0.0196646199066465,0,27.9381463268887,-0.0196646199066465,-0.0196646199066465,-0.0196646199066465,0.0266030945529787
28.4056044215739,0,-0.0234835133541325,0,28.4056044215739,-0.0234835133541325,-0.0234835133541325,-0.0234835133541325,0.0460235649191708
13.4368696617468,0,0.0535402362440232,0,13.4368696617468,0.0535402362440232,0.0535402362440232,0.0535402362440232,0.0282079903838013
14.3373106913918,0,-0.0165868652445846,0,14.3373106913918,-0.0165868652445846,-0.0165868652445846,-0.0165868652445846,0.0475684856482902
25.9320346135502,0,-0.0232712391594247,0,25.9320346135502,-0.0232712391594247,-0.0232712391594247,-0.0232712391594247,0.0300519735078187
NA,NA,NA,NA,NA,NA,NA,NA,NA
3.48138260502119,0,-0.0431716232209931,0,3.48138260502119,-0.0431716232209931,-0.0431716232209931,-0.0431716232209931,0.0321818721032191
5.59197431763262,0,-0.0578220526680145,0,5.59197431763262,-0.0578220526680145,-0.0578220526680145,-0.0578220526680145,0.0290843221745671
7.10118523761685,0,-0.0285278978712163,0,7.10118523761685,-0.0285278978712163,-0.0285278978712163,-0.0285278978712163,0.0595492352872805
8.39406695268219,0,0.0167837864563465,0,8.39406695268219,0.0167837864563465,0.0167837864563465,0.0167837864563465,0.0322473662392579
6.68163411954067,0,0.0399525800720857,0,6.68163411954067,0.0399525800720857,0.0399525800720857,0.0399525800720857,0.0632642521725607
10.9419857642508,0,-0.0876235523401562,0,10.9419857642508,-0.0876235523401562,-0.0876235523401562,-0.0876235523401562,0.0336377588977628
9.567453602661,0,-0.0130573193727359,0,9.567453602661,-0.0130573193727359,-0.0130573193727359,-0.0130573193727359,0.0264340771076804
9.56764954052794,0,-0.00578932875863998,0,9.56764954052794,-0.00578932875863998,-0.00578932875863998,-0.00578932875863998,0.0288617279537588
9.58796747981615,0,0.00725905880614161,0,9.58796747981615,0.00725905880614161,0.00725905880614161,0.00725905880614161,0.0422687684348916
5.73956504007167,0,0.0771542732091128,0,5.73956504007167,0.0771542732091128,0.0771542732091128,0.0771542732091128,0.0324136561885854
9.03381024943225,0,-0.0258591277728825,0,9.03381024943225,-0.0258591277728825,-0.0258591277728825,-0.0258591277728825,0.0210013285642308
7.292171244769,0,0.0214216184583366,0,7.292171244769,0.0214216184583366,0.0214216184583366,0.0214216184583366,0.00787016036700002
10.6567948708008,0,0.0203455428827325,0,10.6567948708008,0.0203455428827325,0.0203455428827325,0.0203455428827325,0.0367174068081082
15.83958844307,0,0.0399832495665445,0,15.83958844307,0.0399832495665445,0.0399832495665445,0.0399832495665445,0.0130470310288665
17.7014293147066,0,0.0234372077444364,0,17.7014293147066,0.0234372077444364,0.0234372077444364,0.0234372077444364,0.0323786122878216
18.5230702558348,0,-0.00995709768556392,0,18.5230702558348,-0.00995709768556392,-0.00995709768556392,-0.00995709768556392,0.0596686324209322
13.5036026382197,0,0.0260526179813793,0,13.5036026382197,0.0260526179813793,0.0260526179813793,0.0260526179813793,0.0175137052055195
13.9836050997556,0,-0.0596374353307077,0,13.9836050997556,-0.0596374353307077,-0.0596374353307077,-0.0596374353307077,0.0260159424457815
11.3110693140974,0,0.00982781565554414,0,11.3110693140974,0.00982781565554414,0.00982781565554414,0.00982781565554414,0.0152975413868066
20.6083384757102,0,-0.0196913974375486,0,20.6083384757102,-0.0196913974375486,-0.0196913974375486,-0.0196913974375486,0.0564075951702511
12.3671082351961,0,0.0210231372322994,0,12.3671082351961,0.0210231372322994,0.0210231372322994,0.0210231372322994,0.0160828742749283
12.3654554745313,0,-0.0686880413546458,0,12.3654554745313,-0.0686880413546458,-0.0686880413546458,-0.0686880413546458,0.0513325050706189
19.2556223171704,0,0.0285945738844167,0,19.2556223171704,0.0285945738844167,0.0285945738844167,0.0285945738844167,0.0139726523520546
34.7312424253189,0,0.00360906084633839,0,34.7312424253189,0.00360906084633839,0.00360906084633839,0.00360906084633839,0.017575833019559
54.7209102152747,0,0.0196726221291343,0,54.7209102152747,0.0196726221291343,0.0196726221291343,0.0196726221291343,0.0109274670854921
9.76552332936977,0,0.00564706861610557,0,9.76552332936977,0.00564706861610557,0.00564706861610557,0.00564706861610557,0.022210163633412
8.22166390729103,0,0.0200227074138689,0,8.22166390729103,0.0200227074138689,0.0200227074138689,0.0200227074138689,0.0889316774406693
8.77216358100521,0,0.0699261224100448,0,8.77216358100521,0.0699261224100448,0.0699261224100448,0.0699261224100448,0.0441440604084047
7.36539602284415,0,-0.0247872150245361,0,7.36539602284415,-0.0247872150245361,-0.0247872150245361,-0.0247872150245361,0.114121672795408
9.34902839864339,0,-0.0319037471830898,0,9.34902839864339,-0.0319037471830898,-0.0319037471830898,-0.0319037471830898,0.0353702402159913
12.5616640281909,0,0.00441577973083164,0,12.5616640281909,0.00441577973083164,0.00441577973083164,0.00441577973083164,0.0138459086615911
10.5411867057519,0,-0.0885790708954701,0,10.5411867057519,-0.0885790708954701,-0.0885790708954701,-0.0885790708954701,0.0320565633703811
10.8363107906744,0,-0.028098390818107,0,10.8363107906744,-0.028098390818107,-0.028098390818107,-0.028098390818107,0.071926050301895
11.7003583105711,0,-0.00186774348468509,0,11.7003583105711,-0.00186774348468509,-0.00186774348468509,-0.00186774348468509,0.00589871207554302
14.1717804897526,0,0.027255899623745,0,14.1717804897526,0.027255899623745,0.027255899623745,0.027255899623745,0.0438772018708798
11.3171115233183,0,-0.0301299566297987,0,11.3171115233183,-0.0301299566297987,-0.0301299566297987,-0.0301299566297987,0.0549217163119364
12.491172371433,0,0.00616174807970621,0,12.491172371433,0.00616174807970621,0.00616174807970621,0.00616174807970621,0.0405245193389735
17.7574754531964,0,-0.0364542682670167,0,17.7574754531964,-0.0364542682670167,-0.0364542682670167,-0.0364542682670167,0.0437339114285826
23.3384346785706,0,0.0173424537425691,0,23.3384346785706,0.0173424537425691,0.0173424537425691,0.0173424537425691,0.0189266195413323
21.0471310356801,0,0.0617673658141888,0,21.0471310356801,0.0617673658141888,0.0617673658141888,0.0617673658141888,0.047052745863464
16.8846431378076,0,0.0592246738975235,0,16.8846431378076,0.0592246738975235,0.0592246738975235,0.0592246738975235,0.0580511049145327
144.898873550211,0,0.152472628260226,0,144.898873550211,0.152472628260226,0.152472628260226,0.152472628260226,0.0124843951464072
10.8384906759069,0,-0.00221059163205814,0,10.8384906759069,-0.00221059163205814,-0.00221059163205814,-0.00221059163205814,0.0251376149245104
5.36034284274372,0,0.0126214961722838,0,5.36034284274372,0.0126214961722838,0.0126214961722838,0.0126214961722838,0.0439400124984659
14.6925462604222,0,-0.00458452472707301,0,14.6925462604222,-0.00458452472707301,-0.00458452472707301,-0.00458452472707301,0.0444254697733256
12.6985002447189,0,0.0156151615690587,0,12.6985002447189,0.0156151615690587,0.0156151615690587,0.0156151615690587,0.0344296478282526
11.0161041029769,0,-0.0031766917676102,0,11.0161041029769,-0.0031766917676102,-0.0031766917676102,-0.0031766917676102,0.0522005254908412
12.612078023469,0,-0.0597088928688878,0,12.612078023469,-0.0597088928688878,-0.0597088928688878,-0.0597088928688878,0.0322576765582896
27.9381463268887,0,-0.0196646199066465,0,27.9381463268887,-0.0196646199066465,-0.0196646199066465,-0.0196646199066465,0.0266030945529787
28.4056044215739,0,-0.0234835133541325,0,28.4056044215739,-0.0234835133541325,-0.0234835133541325,-0.0234835133541325,0.0460235649191708
13.4368696617468,0,0.0535402362440232,0,13.4368696617468,0.0535402362440232,0.0535402362440232,0.0535402362440232,0.0282079903838013
14.3373106913918,0,-0.0165868652445846,0,14.3373106913918,-0.0165868652445846,-0.0165868652445846,-0.0165868652445846,0.0475684856482902
25.9320346135502,0,-0.0232712391594247,0,25.9320346135502,-0.0232712391594247,-0.0232712391594247,-0.0232712391594247,0.0300519735078187
NA,NA,NA,NA,NA,NA,NA,NA,NA
3.48138260502119,0,-0.0431716232209931,0,3.48138260502119,-0.0431716232209931,-0.0431716232209931,-0.0431716232209931,0.0321818721032191
5.59197431763262,0,-0.0578220526680145,0,5.59197431763262,-0.0578220526680145,-0.0578220526680145,-0.0578220526680145,0.0290843221745671
7.10118523761685,0,-0.0285278978712163,0,7.10118523761685,-0.0285278978712163,-0.0285278978712163,-0.0285278978712163,0.0595492352872805
8.39406695268219,0,0.0167837864563465,0,8.39406695268219,0.0167837864563465,0.0167837864563465,0.0167837864563465,0.0322473662392579
6.68163411954067,0,0.0399525800720857,0,6.68163411954067,0.0399525800720857,0.0399525800720857,0.0399525800720857,0.0632642521725607
10.9419857642508,0,-0.0876235523401562,0,10.9419857642508,-0.0876235523401562,-0.0876235523401562,-0.0876235523401562,0.0336377588977628
9.567453602661,0,-0.0130573193727359,0,9.567453602661,-0.0130573193727359,-0.0130573193727359,-0.0130573193727359,0.0264340771076804
9.56764954052794,0,-0.00578932875863998,0,9.56764954052794,-0.00578932875863998,-0.00578932875863998,-0.00578932875863998,0.0288617279537588
9.58796747981615,0,0.00725905880614161,0,9.58796747981615,0.00725905880614161,0.00725905880614161,0.00725905880614161,0.0422687684348916
5.73956504007167,0,0.0771542732091128,0,5.73956504007167,0.0771542732091128,0.0771542732091128,0.0771542732091128,0.0324136561885854
9.03381024943225,0,-0.0258591277728825,0,9.03381024943225,-0.0258591277728825,-0.0258591277728825,-0.0258591277728825,0.0210013285642308
7.292171244769,0,0.0214216184583366,0,7.292171244769,0.0214216184583366,0.0214216184583366,0.0214216184583366,0.00787016036700002
10.6567948708008,0,0.0203455428827325,0,10.6567948708008,0.0203455428827325,0.0203455428827325,0.0203455428827325,0.0367174068081082
15.83958844307,0,0.0399832495665445,0,15.83958844307,0.0399832495665445,0.0399832495665445,0.0399832495665445,0.0130470310288665
17.7014293147066,0,0.0234372077444364,0,17.7014293147066,0.0234372077444364,0.0234372077444364,0.0234372077444364,0.0323786122878216
18.5230702558348,0,-0.00995709768556392,0,18.5230702558348,-0.00995709768556392,-0.00995709768556392,-0.00995709768556392,0.0596686324209322
13.5036026382197,0,0.0260526179813793,0,13.5036026382197,0.0260526179813793,0.0260526179813793,0.0260526179813793,0.0175137052055195
13.9836050997556,0,-0.0596374353307077,0,13.9836050997556,-0.0596374353307077,-0.0596374353307077,-0.0596374353307077,0.0260159424457815
11.3110693140974,0,0.00982781565554414,0,11.3110693140974,0.00982781565554414,0.00982781565554414,0.00982781565554414,0.0152975413868066
20.6083384757102,0,-0.0196913974375486,0,20.6083384757102,-0.0196913974375486,-0.0196913974375486,-0.0196913974375486,0.0564075951702511
12.3671082351961,0,0.0210231372322994,0,12.3671082351961,0.0210231372322994,0.0210231372322994,0.0210231372322994,0.0160828742749283
12.3654554745313,0,-0.0686880413546458,0,12.3654554745313,-0.0686880413546458,-0.0686880413546458,-0.0686880413546458,0.0513325050706189
19.2556223171704,0,0.0285945738844167,0,19.2556223171704,0.0285945738844167,0.0285945738844167,0.0285945738844167,0.0139726523520546
34.7312424253189,0,0.00360906084633839,0,34.7312424253189,0.00360906084633839,0.00360906084633839,0.00360906084633839,0.017575833019559
54.7209102152747,0,0.0196726221291343,0,54.7209102152747,0.0196726221291343,0.0196726221291343,0.0196726221291343,0.0109274670854921
9.76552332936977,0,0.00564706861610557,0,9.76552332936977,0.00564706861610557,0.00564706861610557,0.00564706861610557,0.022210163633412
8.22166390729103,0,0.0200227074138689,0,8.22166390729103,0.0200227074138689,0.0200227074138689,0.0200227074138689,0.0889316774406693
8.77216358100521,0,0.0699261224100448,0,8.77216358100521,0.0699261224100448,0.0699261224100448,0.0699261224100448,0.0441440604084047
7.36539602284415,0,-0.0247872150245361,0,7.36539602284415,-0.0247872150245361,-0.0247872150245361,-0.0247872150245361,0.114121672795408
9.34902839864339,0,-0.0319037471830898,0,9.34902839864339,-0.0319037471830898,-0.0319037471830898,-0.0319037471830898,0.0353702402159913
12.5616640281909,0,0.00441577973083164,0,12.5616640281909,0.00441577973083164,0.00441577973083164,0.00441577973083164,0.0138459086615911
10.5411867057519,0,-0.0885790708954701,0,10.5411867057519,-0.0885790708954701,-0.0885790708954701,-0.0885790708954701,0.0320565633703811
10.8363107906744,0,-0.028098390818107,0,10.8363107906744,-0.028098390818107,-0.028098390818107,-0.028098390818107,0.071926050301895
11.7003583105711,0,-0.00186774348468509,0,11.7003583105711,-0.00186774348468509,-0.00186774348468509,-0.00186774348468509,0.00589871207554302
14.1717804897526,0,0.027255899623745,0,14.1717804897526,0.027255899623745,0.027255899623745,0.027255899623745,0.0438772018708798
11.3171115233183,0,-0.0301299566297987,0,11.3171115233183,-0.0301299566297987,-0.0301299566297987,-0.0301299566297987,0.0549217163119364
12.491172371433,0,0.00616174807970621,0,12.491172371433,0.00616174807970621,0.00616174807970621,0.00616174807970621,0.0405245193389735
17.7574754531964,0,-0.0364542682670167,0,17.7574754531964,-0.0364542682670167,-0.0364542682670167,-0.0364542682670167,0.0437339114285826
23.3384346785706,0,0.0173424537425691,0,23.3384346785706,0.0173424537425691,0.0173424537425691,0.0173424537425691,0.0189266195413323
21.0471310356801,0,0.0617673658141888,0,21.0471310356801,0.0617673658141888,0.0617673658141888,0.0617673658141888,0.047052745863464
16.8846431378076,0,0.0592246738975235,0,16.8846431378076,0.0592246738975235,0.0592246738975235,0.0592246738975235,0.0580511049145327
144.898873550211,0,0.152472628260226,0,144.898873550211,0.152472628260226,0.152472628260226,0.152472628260226,0.0124843951464072
10.8384906759069,0,-0.00221059163205814,0,10.8384906759069,-0.00221059163205814,-0.00221059163205814,-0.00221059163205814,0.0251376149245104
5.36034284274372,0,0.0126214961722838,0,5.36034284274372,0.0126214961722838,0.0126214961722838,0.0126214961722838,0.0439400124984659
14.6925462604222,0,-0.00458452472707301,0,14.6925462604222,-0.00458452472707301,-0.00458452472707301,-0.00458452472707301,0.0444254697733256
12.6985002447189,0,0.0156151615690587,0,12.6985002447189,0.0156151615690587,0.0156151615690587,0.0156151615690587,0.0344296478282526
11.0161041029769,0,-0.0031766917676102,0,11.0161041029769,-0.0031766917676102,-0.0031766917676102,-0.0031766917676102,0.0522005254908412
12.612078023469,0,-0.0597088928688878,0,12.612078023469,-0.0597088928688878,-0.0597088928688878,-0.0597088928688878,0.0322576765582896
27.9381463268887,0,-0.0196646199066465,0,27.9381463268887,-0.0196646199066465,-0.0196646199066465,-0.0196646199066465,0.0266030945529787
28.4056044215739,0,-0.0234835133541325,0,28.4056044215739,-0.0234835133541325,-0.0234835133541325,-0.0234835133541325,0.0460235649191708
13.4368696617468,0,0.0535402362440232,0,13.4368696617468,0.0535402362440232,0.0535402362440232,0.0535402362440232,0.0282079903838013
14.3373106913918,0,-0.0165868652445846,0,14.3373106913918,-0.0165868652445846,-0.0165868652445846,-0.0165868652445846,0.0475684856482902
25.9320346135502,0,-0.0232712391594247,0,25.9320346135502,-0.0232712391594247,-0.0232712391594247,-0.0232712391594247,0.0300519735078187
NA,NA,NA,NA,NA,NA,NA,NA,NA
3.48138260502119,0,-0.0431716232209931,0,3.48138260502119,-0.0431716232209931,-0.0431716232209931,-0.0431716232209931,0.0321818721032191
5.59197431763262,0,-0.0578220526680145,0,5.59197431763262,-0.0578220526680145,-0.0578220526680145,-0.0578220526680145,0.0290843221745671
7.10118523761685,0,-0.0285278978712163,0,7.10118523761685,-0.0285278978712163,-0.0285278978712163,-0.0285278978712163,0.0595492352872805
8.39406695268219,0,0.0167837864563465,0,8.39406695268219,0.0167837864563465,0.0167837864563465,0.0167837864563465,0.0322473662392579
6.68163411954067,0,0.0399525800720857,0,6.68163411954067,0.0399525800720857,0.0399525800720857,0.0399525800720857,0.0632642521725607
10.9419857642508,0,-0.0876235523401562,0,10.9419857642508,-0.0876235523401562,-0.0876235523401562,-0.0876235523401562,0.0336377588977628
9.567453602661,0,-0.0130573193727359,0,9.567453602661,-0.0130573193727359,-0.0130573193727359,-0.0130573193727359,0.0264340771076804
9.56764954052794,0,-0.00578932875863998,0,9.56764954052794,-0.00578932875863998,-0.00578932875863998,-0.00578932875863998,0.0288617279537588
9.58796747981615,0,0.00725905880614161,0,9.58796747981615,0.00725905880614161,0.00725905880614161,0.00725905880614161,0.0422687684348916
5.73956504007167,0,0.0771542732091128,0,5.73956504007167,0.0771542732091128,0.0771542732091128,0.0771542732091128,0.0324136561885854
9.03381024943225,0,-0.0258591277728825,0,9.03381024943225,-0.0258591277728825,-0.0258591277728825,-0.0258591277728825,0.0210013285642308
7.292171244769,0,0.0214216184583366,0,7.292171244769,0.0214216184583366,0.0214216184583366,0.0214216184583366,0.00787016036700002
10.6567948708008,0,0.0203455428827325,0,10.6567948708008,0.0203455428827325,0.0203455428827325,0.0203455428827325,0.0367174068081082
15.83958844307,0,0.0399832495665445,0,15.83958844307,0.0399832495665445,0.0399832495665445,0.0399832495665445,0.0130470310288665
17.7014293147066,0,0.0234372077444364,0,17.7014293147066,0.0234372077444364,0.0234372077444364,0.0234372077444364,0.0323786122878216
18.5230702558348,0,-0.00995709768556392,0,18.5230702558348,-0.00995709768556392,-0.00995709768556392,-0.00995709768556392,0.0596686324209322
13.5036026382197,0,0.0260526179813793,0,13.5036026382197,0.0260526179813793,0.0260526179813793,0.0260526179813793,0.0175137052055195
13.9836050997556,0,-0.0596374353307077,0,13.9836050997556,-0.0596374353307077,-0.0596374353307077,-0.0596374353307077,0.0260159424457815
11.3110693140974,0,0.00982781565554414,0,11.3110693140974,0.00982781565554414,0.00982781565554414,0.00982781565554414,0.0152975413868066
20.6083384757102,0,-0.0196913974375486,0,20.6083384757102,-0.0196913974375486,-0.0196913974375486,-0.0196913974375486,0.0564075951702511
12.3671082351961,0,0.0210231372322994,0,12.3671082351961,0.0210231372322994,0.0210231372322994,0.0210231372322994,0.0160828742749283
12.3654554745313,0,-0.0686880413546458,0,12.3654554745313,-0.0686880413546458,-0.0686880413546458,-0.0686880413546458,0.0513325050706189
19.2556223171704,0,0.0285945738844167,0,19.2556223171704,0.0285945738844167,0.0285945738844167,0.0285945738844167,0.0139726523520546
34.7312424253189,0,0.00360906084633839,0,34.7312424253189,0.00360906084633839,0.00360906084633839,0.00360906084633839,0.017575833019559
54.7209102152747,0,0.0196726221291343,0,54.7209102152747,0.0196726221291343,0.0196726221291343,0.0196726221291343,0.0109274670854921
9.76552332936977,0,0.00564706861610557,0,9.76552332936977,0.00564706861610557,0.00564706861610557,0.00564706861610557,0.022210163633412
8.22166390729103,0,0.0200227074138689,0,8.22166390729103,0.0200227074138689,0.0200227074138689,0.0200227074138689,0.0889316774406693
8.77216358100521,0,0.0699261224100448,0,8.77216358100521,0.0699261224100448,0.0699261224100448,0.0699261224100448,0.0441440604084047
7.36539602284415,0,-0.0247872150245361,0,7.36539602284415,-0.0247872150245361,-0.0247872150245361,-0.0247872150245361,0.114121672795408
9.34902839864339,0,-0.0319037471830898,0,9.34902839864339,-0.0319037471830898,-0.0319037471830898,-0.0319037471830898,0.0353702402159913
12.5616640281909,0,0.00441577973083164,0,12.5616640281909,0.00441577973083164,0.00441577973083164,0.00441577973083164,0.0138459086615911
10.5411867057519,0,-0.0885790708954701,0,10.5411867057519,-0.0885790708954701,-0.0885790708954701,-0.0885790708954701,0.0320565633703811
10.8363107906744,0,-0.028098390818107,0,10.8363107906744,-0.028098390818107,-0.028098390818107,-0.028098390818107,0.071926050301895
11.7003583105711,0,-0.00186774348468509,0,11.7003583105711,-0.00186774348468509,-0.00186774348468509,-0.00186774348468509,0.00589871207554302
14.1717804897526,0,0.027255899623745,0,14.1717804897526,0.027255899623745,0.027255899623745,0.027255899623745,0.0438772018708798
11.3171115233183,0,-0.0301299566297987,0,11.3171115233183,-0.0301299566297987,-0.0301299566297987,-0.0301299566297987,0.0549217163119364
12.491172371433,0,0.00616174807970621,0,12.491172371433,0.00616174807970621,0.00616174807970621,0.00616174807970621,0.0405245193389735
17.7574754531964,0,-0.0364542682670167,0,17.7574754531964,-0.0364542682670167,-0.0364542682670167,-0.0364542682670167,0.0437339114285826
23.3384346785706,0,0.0173424537425691,0,23.3384346785706,0.0173424537425691,0.0173424537425691,0.0173424537425691,0.0189266195413323
21.0471310356801,0,0.0617673658141888,0,21.0471310356801,0.0617673658141888,0.0617673658141888,0.0617673658141888,0.047052745863464
16.8846431378076,0,0.0592246738975235,0,16.8846431378076,0.0592246738975235,0.0592246738975235,0.0592246738975235,0.0580511049145327
144.898873550211,0,0.152472628260226,0,144.898873550211,0.152472628260226,0.152472628260226,0.152472628260226,0.0124843951464072
10.8384906759069,0,-0.00221059163205814,0,10.8384906759069,-0.00221059163205814,-0.00221059163205814,-0.00221059163205814,0.0251376149245104
5.36034284274372,0,0.0126214961722838,0,5.36034284274372,0.0126214961722838,0.0126214961722838,0.0126214961722838,0.0439400124984659
14.6925462604222,0,-0.00458452472707301,0,14.6925462604222,-0.00458452472707301,-0.00458452472707301,-0.00458452472707301,0.0444254697733256
12.6985002447189,0,0.0156151615690587,0,12.6985002447189,0.0156151615690587,0.0156151615690587,0.0156151615690587,0.0344296478282526
11.0161041029769,0,-0.0031766917676102,0,11.0161041029769,-0.0031766917676102,-0.0031766917676102,-0.0031766917676102,0.0522005254908412
12.612078023469,0,-0.0597088928688878,0,12.612078023469,-0.0597088928688878,-0.0597088928688878,-0.0597088928688878,0.0322576765582896
27.9381463268887,0,-0.0196646199066465,0,27.9381463268887,-0.0196646199066465,-0.0196646199066465,-0.0196646199066465,0.0266030945529787
28.4056044215739,0,-0.0234835133541325,0,28.4056044215739,-0.0234835133541325,-0.0234835133541325,-0.0234835133541325,0.0460235649191708
13.4368696617468,0,0.0535402362440232,0,13.4368696617468,0.0535402362440232,0.0535402362440232,0.0535402362440232,0.0282079903838013
14.3373106913918,0,-0.0165868652445846,0,14.3373106913918,-0.0165868652445846,-0.0165868652445846,-0.0165868652445846,0.0475684856482902
25.9320346135502,0,-0.0232712391594247,0,25.9320346135502,-0.0232712391594247,-0.0232712391594247,-0.0232712391594247,0.0300519735078187
NA,NA,NA,NA,NA,NA,NA,NA,NA
3.48138260502119,0,-0.0431716232209931,0,3.48138260502119,-0.0431716232209931,-0.0431716232209931,-0.0431716232209931,0.0321818721032191
5.59197431763262,0,-0.0578220526680145,0,5.59197431763262,-0.0578220526680145,-0.0578220526680145,-0.0578220526680145,0.0290843221745671
7.10118523761685,0,-0.0285278978712163,0,7.10118523761685,-0.0285278978712163,-0.0285278978712163,-0.0285278978712163,0.0595492352872805
8.39406695268219,0,0.0167837864563465,0,8.39406695268219,0.0167837864563465,0.0167837864563465,0.0167837864563465,0.0322473662392579
6.68163411954067,0,0.0399525800720857,0,6.68163411954067,0.0399525800720857,0.0399525800720857,0.0399525800720857,0.0632642521725607
10.9419857642508,0,-0.0876235523401562,0,10.9419857642508,-0.0876235523401562,-0.0876235523401562,-0.0876235523401562,0.0336377588977628
9.567453602661,0,-0.0130573193727359,0,9.567453602661,-0.0130573193727359,-0.0130573193727359,-0.0130573193727359,0.0264340771076804
9.56764954052794,0,-0.00578932875863998,0,9.56764954052794,-0.00578932875863998,-0.00578932875863998,-0.00578932875863998,0.0288617279537588
9.58796747981615,0,0.00725905880614161,0,9.58796747981615,0.00725905880614161,0.00725905880614161,0.00725905880614161,0.0422687684348916
5.73956504007167,0,0.0771542732091128,0,5.73956504007167,0.0771542732091128,0.0771542732091128,0.0771542732091128,0.0324136561885854
9.03381024943225,0,-0.0258591277728825,0,9.03381024943225,-0.0258591277728825,-0.0258591277728825,-0.0258591277728825,0.0210013285642308
7.292171244769,0,0.0214216184583366,0,7.292171244769,0.0214216184583366,0.0214216184583366,0.0214216184583366,0.00787016036700002
10.6567948708008,0,0.0203455428827325,0,10.6567948708008,0.0203455428827325,0.0203455428827325,0.0203455428827325,0.0367174068081082
15.83958844307,0,0.0399832495665445,0,15.83958844307,0.0399832495665445,0.0399832495665445,0.0399832495665445,0.0130470310288665
17.7014293147066,0,0.0234372077444364,0,17.7014293147066,0.0234372077444364,0.0234372077444364,0.0234372077444364,0.0323786122878216
18.5230702558348,0,-0.00995709768556392,0,18.5230702558348,-0.00995709768556392,-0.00995709768556392,-0.00995709768556392,0.0596686324209322
13.5036026382197,0,0.0260526179813793,0,13.5036026382197,0.0260526179813793,0.0260526179813793,0.0260526179813793,0.0175137052055195
13.9836050997556,0,-0.0596374353307077,0,13.9836050997556,-0.0596374353307077,-0.0596374353307077,-0.0596374353307077,0.0260159424457815
11.3110693140974,0,0.00982781565554414,0,11.3110693140974,0.00982781565554414,0.00982781565554414,0.00982781565554414,0.0152975413868066
20.6083384757102,0,-0.0196913974375486,0,20.6083384757102,-0.0196913974375486,-0.0196913974375486,-0.0196913974375486,0.0564075951702511
12.3671082351961,0,0.0210231372322994,0,12.3671082351961,0.0210231372322994,0.0210231372322994,0.0210231372322994,0.0160828742749283
12.3654554745313,0,-0.0686880413546458,0,12.3654554745313,-0.0686880413546458,-0.0686880413546458,-0.0686880413546458,0.0513325050706189
19.2556223171704,0,0.0285945738844167,0,19.2556223171704,0.0285945738844167,0.0285945738844167,0.0285945738844167,0.0139726523520546
34.7312424253189,0,0.00360906084633839,0,34.7312424253189,0.00360906084633839,0.00360906084633839,0.00360906084633839,0.017575833019559
54.7209102152747,0,0.0196726221291343,0,54.7209102152747,0.0196726221291343,0.0196726221291343,0.0196726221291343,0.0109274670854921
9.76552332936977,0,0.00564706861610557,0,9.76552332936977,0.00564706861610557,0.00564706861610557,0.00564706861610557,0.022210163633412
8.22166390729103,0,0.0200227074138689,0,8.22166390729103,0.0200227074138689,0.0200227074138689,0.0200227074138689,0.0889316774406693
8.77216358100521,0,0.0699261224100448,0,8.77216358100521,0.0699261224100448,0.0699261224100448,0.0699261224100448,0.0441440604084047
7.36539602284415,0,-0.0247872150245361,0,7.36539602284415,-0.0247872150245361,-0.0247872150245361,-0.0247872150245361,0.114121672795408
9.34902839864339,0,-0.0319037471830898,0,9.34902839864339,-0.0319037471830898,-0.0319037471830898,-0.0319037471830898,0.0353702402159913
12.5616640281909,0,0.00441577973083164,0,12.5616640281909,0.00441577973083164,0.00441577973083164,0.00441577973083164,0.0138459086615911
10.5411867057519,0,-0.0885790708954701,0,10.5411867057519,-0.0885790708954701,-0.0885790708954701,-0.0885790708954701,0.0320565633703811
10.8363107906744,0,-0.028098390818107,0,10.8363107906744,-0.028098390818107,-0.028098390818107,-0.028098390818107,0.071926050301895
11.7003583105711,0,-0.00186774348468509,0,11.7003583105711,-0.00186774348468509,-0.00186774348468509,-0.00186774348468509,0.00589871207554302
14.1717804897526,0,0.027255899623745,0,14.1717804897526,0.027255899623745,0.027255899623745,0.027255899623745,0.0438772018708798
11.3171115233183,0,-0.0301299566297987,0,11.3171115233183,-0.0301299566297987,-0.0301299566297987,-0.0301299566297987,0.0549217163119364
12.491172371433,0,0.00616174807970621,0,12.491172371433,0.00616174807970621,0.00616174807970621,0.00616174807970621,0.0405245193389735
17.7574754531964,0,-0.0364542682670167,0,17.7574754531964,-0.0364542682670167,-0.0364542682670167,-0.0364542682670167,0.0437339114285826
23.3384346785706,0,0.0173424537425691,0,23.3384346785706,0.0173424537425691,0.0173424537425691,0.0173424537425691,0.0189266195413323
21.0471310356801,0,0.0617673658141888,0,21.0471310356801,0.0617673658141888,0.0617673658141888,0.0617673658141888,0.047052745863464
16.8846431378076,0,0.0592246738975235,0,16.8846431378076,0.0592246738975235,0.0592246738975235,0.0592246738975235,0.0580511049145327
144.898873550211,0,0.152472628260226,0,144.898873550211,0.152472628260226,0.152472628260226,0.152472628260226,0.0124843951464072
10.8384906759069,0,-0.00221059163205814,0,10.8384906759069,-0.00221059163205814,-0.00221059163205814,-0.00221059163205814,0.0251376149245104
5.36034284274372,0,0.0126214961722838,0,5.36034284274372,0.0126214961722838,0.0126214961722838,0.0126214961722838,0.0439400124984659
14.6925462604222,0,-0.00458452472707301,0,14.6925462604222,-0.00458452472707301,-0.00458452472707301,-0.00458452472707301,0.0444254697733256
12.6985002447189,0,0.0156151615690587,0,12.6985002447189,0.0156151615690587,0.0156151615690587,0.0156151615690587,0.0344296478282526
11.0161041029769,0,-0.0031766917676102,0,11.0161041029769,-0.0031766917676102,-0.0031766917676102,-0.0031766917676102,0.0522005254908412
12.612078023469,0,-0.0597088928688878,0,12.612078023469,-0.0597088928688878,-0.0597088928688878,-0.0597088928688878,0.0322576765582896
27.9381463268887,0,-0.0196646199066465,0,27.9381463268887,-0.0196646199066465,-0.0196646199066465,-0.0196646199066465,0.0266030945529787
28.4056044215739,0,-0.0234835133541325,0,28.4056044215739,-0.0234835133541325,-0.0234835133541325,-0.0234835133541325,0.0460235649191708
13.4368696617468,0,0.0535402362440232,0,13.4368696617468,0.0535402362440232,0.0535402362440232,0.0535402362440232,0.0282079903838013
14.3373106913918,0,-0.0165868652445846,0,14.3373106913918,-0.0165868652445846,-0.0165868652445846,-0.0165868652445846,0.0475684856482902
25.9320346135502,0,-0.0232712391594247,0,25.9320346135502,-0.0232712391594247,-0.0232712391594247,-0.0232712391594247,0.0300519735078187
NA,NA,NA,NA,NA,NA,NA,NA,NA
3.48138260502119,0,-0.0431716232209931,0,3.48138260502119,-0.0431716232209931,-0.0431716232209931,-0.0431716232209931,0.0321818721032191
5.59197431763262,0,-0.0578220526680145,0,5.59197431763262,-0.0578220526680145,-0.0578220526680145,-0.0578220526680145,0.0290843221745671
7.10118523761685,0,-0.0285278978712163,0,7.10118523761685,-0.0285278978712163,-0.0285278978712163,-0.0285278978712163,0.0595492352872805
8.39406695268219,0,0.0167837864563465,0,8.39406695268219,0.0167837864563465,0.0167837864563465,0.0167837864563465,0.0322473662392579
6.68163411954067,0,0.0399525800720857,0,6.68163411954067,0.0399525800720857,0.0399525800720857,0.0399525800720857,0.0632642521725607
10.9419857642508,0,-0.0876235523401562,0,10.9419857642508,-0.0876235523401562,-0.0876235523401562,-0.0876235523401562,0.0336377588977628
9.567453602661,0,-0.0130573193727359,0,9.567453602661,-0.0130573193727359,-0.0130573193727359,-0.0130573193727359,0.0264340771076804
9.56764954052794,0,-0.00578932875863998,0,9.56764954052794,-0.00578932875863998,-0.00578932875863998,-0.00578932875863998,0.0288617279537588
9.58796747981615,0,0.00725905880614161,0,9.58796747981615,0.00725905880614161,0.00725905880614161,0.00725905880614161,0.0422687684348916
5.73956504007167,0,0.0771542732091128,0,5.73956504007167,0.0771542732091128,0.0771542732091128,0.0771542732091128,0.0324136561885854
9.03381024943225,0,-0.0258591277728825,0,9.03381024943225,-0.0258591277728825,-0.0258591277728825,-0.0258591277728825,0.0210013285642308
7.292171244769,0,0.0214216184583366,0,7.292171244769,0.0214216184583366,0.0214216184583366,0.0214216184583366,0.00787016036700002
10.6567948708008,0,0.0203455428827325,0,10.6567948708008,0.0203455428827325,0.0203455428827325,0.0203455428827325,0.0367174068081082
15.83958844307,0,0.0399832495665445,0,15.83958844307,0.0399832495665445,0.0399832495665445,0.0399832495665445,0.0130470310288665
17.7014293147066,0,0.0234372077444364,0,17.7014293147066,0.0234372077444364,0.0234372077444364,0.0234372077444364,0.0323786122878216
18.5230702558348,0,-0.00995709768556392,0,18.5230702558348,-0.00995709768556392,-0.00995709768556392,-0.00995709768556392,0.0596686324209322
13.5036026382197,0,0.0260526179813793,0,13.5036026382197,0.0260526179813793,0.0260526179813793,0.0260526179813793,0.0175137052055195
13.9836050997556,0,-0.0596374353307077,0,13.9836050997556,-0.0596374353307077,-0.0596374353307077,-0.0596374353307077,0.0260159424457815
11.3110693140974,0,0.00982781565554414,0,11.3110693140974,0.00982781565554414,0.00982781565554414,0.00982781565554414,0.0152975413868066
20.6083384757102,0,-0.0196913974375486,0,20.6083384757102,-0.0196913974375486,-0.0196913974375486,-0.0196913974375486,0.0564075951702511
12.3671082351961,0,0.0210231372322994,0,12.3671082351961,0.0210231372322994,0.0210231372322994,0.0210231372322994,0.0160828742749283
12.3654554745313,0,-0.0686880413546458,0,12.3654554745313,-0.0686880413546458,-0.0686880413546458,-0.0686880413546458,0.0513325050706189
19.2556223171704,0,0.0285945738844167,0,19.2556223171704,0.0285945738844167,0.0285945738844167,0.0285945738844167,0.0139726523520546
34.7312424253189,0,0.00360906084633839,0,34.7312424253189,0.00360906084633839,0.00360906084633839,0.00360906084633839,0.017575833019559
54.7209102152747,0,0.0196726221291343,0,54.7209102152747,0.0196726221291343,0.0196726221291343,0.0196726221291343,0.0109274670854921
9.76552332936977,0,0.00564706861610557,0,9.76552332936977,0.00564706861610557,0.00564706861610557,0.00564706861610557,0.022210163633412
8.22166390729103,0,0.0200227074138689,0,8.22166390729103,0.0200227074138689,0.0200227074138689,0.0200227074138689,0.0889316774406693
8.77216358100521,0,0.0699261224100448,0,8.77216358100521,0.0699261224100448,0.0699261224100448,0.0699261224100448,0.0441440604084047
7.36539602284415,0,-0.0247872150245361,0,7.36539602284415,-0.0247872150245361,-0.0247872150245361,-0.0247872150245361,0.114121672795408
9.34902839864339,0,-0.0319037471830898,0,9.34902839864339,-0.0319037471830898,-0.0319037471830898,-0.0319037471830898,0.0353702402159913
12.5616640281909,0,0.00441577973083164,0,12.5616640281909,0.00441577973083164,0.00441577973083164,0.00441577973083164,0.0138459086615911
10.5411867057519,0,-0.0885790708954701,0,10.5411867057519,-0.0885790708954701,-0.0885790708954701,-0.0885790708954701,0.0320565633703811
10.8363107906744,0,-0.028098390818107,0,10.8363107906744,-0.028098390818107,-0.028098390818107,-0.028098390818107,0.071926050301895
11.7003583105711,0,-0.00186774348468509,0,11.7003583105711,-0.00186774348468509,-0.00186774348468509,-0.00186774348468509,0.00589871207554302
14.1717804897526,0,0.027255899623745,0,14.1717804897526,0.027255899623745,0.027255899623745,0.027255899623745,0.0438772018708798
11.3171115233183,0,-0.0301299566297987,0,11.3171115233183,-0.0301299566297987,-0.0301299566297987,-0.0301299566297987,0.0549217163119364
12.491172371433,0,0.00616174807970621,0,12.491172371433,0.00616174807970621,0.00616174807970621,0.00616174807970621,0.0405245193389735
17.7574754531964,0,-0.0364542682670167,0,17.7574754531964,-0.0364542682670167,-0.0364542682670167,-0.0364542682670167,0.0437339114285826
23.3384346785706,0,0.0173424537425691,0,23.3384346785706,0.0173424537425691,0.0173424537425691,0.0173424537425691,0.0189266195413323
21.0471310356801,0,0.0617673658141888,0,21.0471310356801,0.0617673658141888,0.0617673658141888,0.0617673658141888,0.047052745863464
16.8846431378076,0,0.0592246738975235,0,16.8846431378076,0.0592246738975235,0.0592246738975235,0.0592246738975235,0.0580511049145327
144.898873550211,0,0.152472628260226,0,144.898873550211,0.152472628260226,0.152472628260226,0.152472628260226,0.0124843951464072
10.8384906759069,0,-0.00221059163205814,0,10.8384906759069,-0.00221059163205814,-0.00221059163205814,-0.00221059163205814,0.0251376149245104
5.36034284274372,0,0.0126214961722838,0,5.36034284274372,0.0126214961722838,0.0126214961722838,0.0126214961722838,0.0439400124984659
14.6925462604222,0,-0.00458452472707301,0,14.6925462604222,-0.00458452472707301,-0.00458452472707301,-0.00458452472707301,0.0444254697733256
12.6985002447189,0,0.0156151615690587,0,12.6985002447189,0.0156151615690587,0.0156151615690587,0.0156151615690587,0.0344296478282526
11.0161041029769,0,-0.0031766917676102,0,11.0161041029769,-0.0031766917676102,-0.0031766917676102,-0.0031766917676102,0.0522005254908412
12.612078023469,0,-0.0597088928688878,0,12.612078023469,-0.0597088928688878,-0.0597088928688878,-0.0597088928688878,0.0322576765582896
27.9381463268887,0,-0.0196646199066465,0,27.9381463268887,-0.0196646199066465,-0.0196646199066465,-0.0196646199066465,0.0266030945529787
28.4056044215739,0,-0.0234835133541325,0,28.4056044215739,-0.0234835133541325,-0.0234835133541325,-0.0234835133541325,0.0460235649191708
13.4368696617468,0,0.0535402362440232,0,13.4368696617468,0.0535402362440232,0.0535402362440232,0.0535402362440232,0.0282079903838013
14.3373106913918,0,-0.0165868652445846,0,14.3373106913918,-0.0165868652445846,-0.0165868652445846,-0.0165868652445846,0.0475684856482902
25.9320346135502,0,-0.0232712391594247,0,25.9320346135502,-0.0232712391594247,-0.0232712391594247,-0.0232712391594247,0.0300519735078187
NA,NA,NA,NA,NA,NA,NA,NA,NA
3.48138260502119,0,-0.0431716232209931,0,3.48138260502119,-0.0431716232209931,-0.0431716232209931,-0.0431716232209931,0.0321818721032191
5.59197431763262,0,-0.0578220526680145,0,5.59197431763262,-0.0578220526680145,-0.0578220526680145,-0.0578220526680145,0.0290843221745671
7.10118523761685,0,-0.0285278978712163,0,7.10118523761685,-0.0285278978712163,-0.0285278978712163,-0.0285278978712163,0.0595492352872805
8.39406695268219,0,0.0167837864563465,0,8.39406695268219,0.0167837864563465,0.0167837864563465,0.0167837864563465,0.0322473662392579
6.68163411954067,0,0.0399525800720857,0,6.68163411954067,0.0399525800720857,0.0399525800720857,0.0399525800720857,0.0632642521725607
10.9419857642508,0,-0.0876235523401562,0,10.9419857642508,-0.0876235523401562,-0.0876235523401562,-0.0876235523401562,0.0336377588977628
9.567453602661,0,-0.0130573193727359,0,9.567453602661,-0.0130573193727359,-0.0130573193727359,-0.0130573193727359,0.0264340771076804
9.56764954052794,0,-0.00578932875863998,0,9.56764954052794,-0.00578932875863998,-0.00578932875863998,-0.00578932875863998,0.0288617279537588
9.58796747981615,0,0.00725905880614161,0,9.58796747981615,0.00725905880614161,0.00725905880614161,0.00725905880614161,0.0422687684348916
5.73956504007167,0,0.0771542732091128,0,5.73956504007167,0.0771542732091128,0.0771542732091128,0.0771542732091128,0.0324136561885854
9.03381024943225,0,-0.0258591277728825,0,9.03381024943225,-0.0258591277728825,-0.0258591277728825,-0.0258591277728825,0.0210013285642308
7.292171244769,0,0.0214216184583366,0,7.292171244769,0.0214216184583366,0.0214216184583366,0.0214216184583366,0.00787016036700002
10.6567948708008,0,0.0203455428827325,0,10.6567948708008,0.0203455428827325,0.0203455428827325,0.0203455428827325,0.0367174068081082
15.83958844307,0,0.0399832495665445,0,15.83958844307,0.0399832495665445,0.0399832495665445,0.0399832495665445,0.0130470310288665
17.7014293147066,0,0.0234372077444364,0,17.7014293147066,0.0234372077444364,0.0234372077444364,0.0234372077444364,0.0323786122878216
18.5230702558348,0,-0.00995709768556392,0,18.5230702558348,-0.00995709768556392,-0.00995709768556392,-0.00995709768556392,0.0596686324209322
13.5036026382197,0,0.0260526179813793,0,13.5036026382197,0.0260526179813793,0.0260526179813793,0.0260526179813793,0.0175137052055195
13.9836050997556,0,-0.0596374353307077,0,13.9836050997556,-0.0596374353307077,-0.0596374353307077,-0.0596374353307077,0.0260159424457815
11.3110693140974,0,0.00982781565554414,0,11.3110693140974,0.00982781565554414,0.00982781565554414,0.00982781565554414,0.0152975413868066
20.6083384757102,0,-0.0196913974375486,0,20.6083384757102,-0.0196913974375486,-0.0196913974375486,-0.0196913974375486,0.0564075951702511
12.3671082351961,0,0.0210231372322994,0,12.3671082351961,0.0210231372322994,0.0210231372322994,0.0210231372322994,0.0160828742749283
12.3654554745313,0,-0.0686880413546458,0,12.3654554745313,-0.0686880413546458,-0.0686880413546458,-0.0686880413546458,0.0513325050706189
19.2556223171704,0,0.0285945738844167,0,19.2556223171704,0.0285945738844167,0.0285945738844167,0.0285945738844167,0.0139726523520546
34.7312424253189,0,0.00360906084633839,0,34.7312424253189,0.00360906084633839,0.00360906084633839,0.00360906084633839,0.017575833019559
54.7209102152747,0,0.0196726221291343,0,54.7209102152747,0.0196726221291343,0.0196726221291343,0.0196726221291343,0.0109274670854921
9.76552332936977,0,0.00564706861610557,0,9.76552332936977,0.00564706861610557,0.00564706861610557,0.00564706861610557,0.022210163633412
8.22166390729103,0,0.0200227074138689,0,8.22166390729103,0.0200227074138689,0.0200227074138689,0.0200227074138689,0.0889316774406693
8.77216358100521,0,0.0699261224100448,0,8.77216358100521,0.0699261224100448,0.0699261224100448,0.0699261224100448,0.0441440604084047
7.36539602284415,0,-0.0247872150245361,0,7.36539602284415,-0.0247872150245361,-0.0247872150245361,-0.0247872150245361,0.114121672795408
9.34902839864339,0,-0.0319037471830898,0,9.34902839864339,-0.0319037471830898,-0.0319037471830898,-0.0319037471830898,0.0353702402159913
12.5616640281909,0,0.00441577973083164,0,12.5616640281909,0.00441577973083164,0.00441577973083164,0.00441577973083164,0.0138459086615911
10.5411867057519,0,-0.0885790708954701,0,10.5411867057519,-0.0885790708954701,-0.0885790708954701,-0.0885790708954701,0.0320565633703811
10.8363107906744,0,-0.028098390818107,0,10.8363107906744,-0.028098390818107,-0.028098390818107,-0.028098390818107,0.071926050301895
11.7003583105711,0,-0.00186774348468509,0,11.7003583105711,-0.00186774348468509,-0.00186774348468509,-0.00186774348468509,0.00589871207554302
14.1717804897526,0,0.027255899623745,0,14.1717804897526,0.027255899623745,0.027255899623745,0.027255899623745,0.0438772018708798
11.3171115233183,0,-0.0301299566297987,0,11.3171115233183,-0.0301299566297987,-0.0301299566297987,-0.0301299566297987,0.0549217163119364
12.491172371433,0,0.00616174807970621,0,12.491172371433,0.00616174807970621,0.00616174807970621,0.00616174807970621,0.0405245193389735
17.7574754531964,0,-0.0364542682670167,0,17.7574754531964,-0.0364542682670167,-0.0364542682670167,-0.0364542682670167,0.0437339114285826
23.3384346785706,0,0.0173424537425691,0,23.3384346785706,0.0173424537425691,0.0173424537425691,0.0173424537425691,0.0189266195413323
21.0471310356801,0,0.0617673658141888,0,21.0471310356801,0.0617673658141888,0.0617673658141888,0.0617673658141888,0.047052745863464
16.8846431378076,0,0.0592246738975235,0,16.8846431378076,0.0592246738975235,0.0592246738975235,0.0592246738975235,0.0580511049145327
144.898873550211,0,0.152472628260226,0,144.898873550211,0.152472628260226,0.152472628260226,0.152472628260226,0.0124843951464072
10.8384906759069,0,-0.00221059163205814,0,10.8384906759069,-0.00221059163205814,-0.00221059163205814,-0.00221059163205814,0.0251376149245104
5.36034284274372,0,0.0126214961722838,0,5.36034284274372,0.0126214961722838,0.0126214961722838,0.0126214961722838,0.0439400124984659
14.6925462604222,0,-0.00458452472707301,0,14.6925462604222,-0.00458452472707301,-0.00458452472707301,-0.00458452472707301,0.0444254697733256
12.6985002447189,0,0.0156151615690587,0,12.6985002447189,0.0156151615690587,0.0156151615690587,0.0156151615690587,0.0344296478282526
11.0161041029769,0,-0.0031766917676102,0,11.0161041029769,-0.0031766917676102,-0.0031766917676102,-0.0031766917676102,0.0522005254908412
12.612078023469,0,-0.0597088928688878,0,12.612078023469,-0.0597088928688878,-0.0597088928688878,-0.0597088928688878,0.0322576765582896
27.9381463268887,0,-0.0196646199066465,0,27.9381463268887,-0.0196646199066465,-0.0196646199066465,-0.0196646199066465,0.0266030945529787
28.4056044215739,0,-0.0234835133541325,0,28.4056044215739,-0.0234835133541325,-0.0234835133541325,-0.0234835133541325,0.0460235649191708
13.4368696617468,0,0.0535402362440232,0,13.4368696617468,0.0535402362440232,0.0535402362440232,0.0535402362440232,0.0282079903838013
14.3373106913918,0,-0.0165868652445846,0,14.3373106913918,-0.0165868652445846,-0.0165868652445846,-0.0165868652445846,0.0475684856482902
25.9320346135502,0,-0.0232712391594247,0,25.9320346135502,-0.0232712391594247,-0.0232712391594247,-0.0232712391594247,0.0300519735078187
NA,NA,NA,NA,NA,NA,NA,NA,NA
3.48138260502119,0,-0.0431716232209931,0,3.48138260502119,-0.0431716232209931,-0.0431716232209931,-0.0431716232209931,0.0321818721032191
5.59197431763262,0,-0.0578220526680145,0,5.59197431763262,-0.0578220526680145,-0.0578220526680145,-0.0578220526680145,0.0290843221745671
7.10118523761685,0,-0.0285278978712163,0,7.10118523761685,-0.0285278978712163,-0.0285278978712163,-0.0285278978712163,0.0595492352872805
8.39406695268219,0,0.0167837864563465,0,8.39406695268219,0.0167837864563465,0.0167837864563465,0.0167837864563465,0.0322473662392579
6.68163411954067,0,0.0399525800720857,0,6.68163411954067,0.0399525800720857,0.0399525800720857,0.0399525800720857,0.0632642521725607
10.9419857642508,0,-0.0876235523401562,0,10.9419857642508,-0.0876235523401562,-0.0876235523401562,-0.0876235523401562,0.0336377588977628
9.567453602661,0,-0.0130573193727359,0,9.567453602661,-0.0130573193727359,-0.0130573193727359,-0.0130573193727359,0.0264340771076804
9.56764954052794,0,-0.00578932875863998,0,9.56764954052794,-0.00578932875863998,-0.00578932875863998,-0.00578932875863998,0.0288617279537588
9.58796747981615,0,0.00725905880614161,0,9.58796747981615,0.00725905880614161,0.00725905880614161,0.00725905880614161,0.0422687684348916
5.73956504007167,0,0.0771542732091128,0,5.73956504007167,0.0771542732091128,0.0771542732091128,0.0771542732091128,0.0324136561885854
9.03381024943225,0,-0.0258591277728825,0,9.03381024943225,-0.0258591277728825,-0.0258591277728825,-0.0258591277728825,0.0210013285642308
7.292171244769,0,0.0214216184583366,0,7.292171244769,0.0214216184583366,0.0214216184583366,0.0214216184583366,0.00787016036700002
10.6567948708008,0,0.0203455428827325,0,10.6567948708008,0.0203455428827325,0.0203455428827325,0.0203455428827325,0.0367174068081082
15.83958844307,0,0.0399832495665445,0,15.83958844307,0.0399832495665445,0.0399832495665445,0.0399832495665445,0.0130470310288665
17.7014293147066,0,0.0234372077444364,0,17.7014293147066,0.0234372077444364,0.0234372077444364,0.0234372077444364,0.0323786122878216
18.5230702558348,0,-0.00995709768556392,0,18.5230702558348,-0.00995709768556392,-0.00995709768556392,-0.00995709768556392,0.0596686324209322
13.5036026382197,0,0.0260526179813793,0,13.5036026382197,0.0260526179813793,0.0260526179813793,0.0260526179813793,0.0175137052055195
13.9836050997556,0,-0.0596374353307077,0,13.9836050997556,-0.0596374353307077,-0.0596374353307077,-0.0596374353307077,0.0260159424457815
11.3110693140974,0,0.00982781565554414,0,11.3110693140974,0.00982781565554414,0.00982781565554414,0.00982781565554414,0.0152975413868066
20.6083384757102,0,-0.0196913974375486,0,20.6083384757102,-0.0196913974375486,-0.0196913974375486,-0.0196913974375486,0.0564075951702511
12.3671082351961,0,0.0210231372322994,0,12.3671082351961,0.0210231372322994,0.0210231372322994,0.0210231372322994,0.0160828742749283
12.3654554745313,0,-0.0686880413546458,0,12.3654554745313,-0.0686880413546458,-0.0686880413546458,-0.0686880413546458,0.0513325050706189
19.2556223171704,0,0.0285945738844167,0,19.2556223171704,0.0285945738844167,0.0285945738844167,0.0285945738844167,0.0139726523520546
34.7312424253189,0,0.00360906084633839,0,34.7312424253189,0.00360906084633839,0.00360906084633839,0.00360906084633839,0.017575833019559
54.7209102152747,0,0.0196726221291343,0,54.7209102152747,0.0196726221291343,0.0196726221291343,0.0196726221291343,0.0109274670854921
9.76552332936977,0,0.00564706861610557,0,9.76552332936977,0.00564706861610557,0.00564706861610557,0.00564706861610557,0.022210163633412
8.22166390729103,0,0.0200227074138689,0,8.22166390729103,0.0200227074138689,0.0200227074138689,0.0200227074138689,0.0889316774406693
8.77216358100521,0,0.0699261224100448,0,8.77216358100521,0.0699261224100448,0.0699261224100448,0.0699261224100448,0.0441440604084047
7.36539602284415,0,-0.0247872150245361,0,7.36539602284415,-0.0247872150245361,-0.0247872150245361,-0.0247872150245361,0.114121672795408
9.34902839864339,0,-0.0319037471830898,0,9.34902839864339,-0.0319037471830898,-0.0319037471830898,-0.0319037471830898,0.0353702402159913
12.5616640281909,0,0.00441577973083164,0,12.5616640281909,0.00441577973083164,0.00441577973083164,0.00441577973083164,0.0138459086615911
10.5411867057519,0,-0.0885790708954701,0,10.5411867057519,-0.0885790708954701,-0.0885790708954701,-0.0885790708954701,0.0320565633703811
10.8363107906744,0,-0.028098390818107,0,10.8363107906744,-0.028098390818107,-0.028098390818107,-0.028098390818107,0.071926050301895
11.7003583105711,0,-0.00186774348468509,0,11.7003583105711,-0.00186774348468509,-0.00186774348468509,-0.00186774348468509,0.00589871207554302
14.1717804897526,0,0.027255899623745,0,14.1717804897526,0.027255899623745,0.027255899623745,0.027255899623745,0.0438772018708798
11.3171115233183,0,-0.0301299566297987,0,11.3171115233183,-0.0301299566297987,-0.0301299566297987,-0.0301299566297987,0.0549217163119364
12.491172371433,0,0.00616174807970621,0,12.491172371433,0.00616174807970621,0.00616174807970621,0.00616174807970621,0.0405245193389735
17.7574754531964,0,-0.0364542682670167,0,17.7574754531964,-0.0364542682670167,-0.0364542682670167,-0.0364542682670167,0.0437339114285826
23.3384346785706,0,0.0173424537425691,0,23.3384346785706,0.0173424537425691,0.0173424537425691,0.0173424537425691,0.0189266195413323
21.0471310356801,0,0.0617673658141888,0,21.0471310356801,0.0617673658141888,0.0617673658141888,0.0617673658141888,0.047052745863464
16.8846431378076,0,0.0592246738975235,0,16.8846431378076,0.0592246738975235,0.0592246738975235,0.0592246738975235,0.0580511049145327
144.898873550211,0,0.152472628260226,0,144.898873550211,0.152472628260226,0.152472628260226,0.152472628260226,0.0124843951464072
10.8384906759069,0,-0.00221059163205814,0,10.8384906759069,-0.00221059163205814,-0.00221059163205814,-0.00221059163205814,0.0251376149245104
5.36034284274372,0,0.0126214961722838,0,5.36034284274372,0.0126214961722838,0.0126214961722838,0.0126214961722838,0.0439400124984659
14.6925462604222,0,-0.00458452472707301,0,14.6925462604222,-0.00458452472707301,-0.00458452472707301,-0.00458452472707301,0.0444254697733256
12.6985002447189,0,0.0156151615690587,0,12.6985002447189,0.0156151615690587,0.0156151615690587,0.0156151615690587,0.0344296478282526
11.0161041029769,0,-0.0031766917676102,0,11.0161041029769,-0.0031766917676102,-0.0031766917676102,-0.0031766917676102,0.0522005254908412
12.612078023469,0,-0.0597088928688878,0,12.612078023469,-0.0597088928688878,-0.0597088928688878,-0.0597088928688878,0.0322576765582896
27.9381463268887,0,-0.0196646199066465,0,27.9381463268887,-0.0196646199066465,-0.0196646199066465,-0.0196646199066465,0.0266030945529787
28.4056044215739,0,-0.0234835133541325,0,28.4056044215739,-0.0234835133541325,-0.0234835133541325,-0.0234835133541325,0.0460235649191708
13.4368696617468,0,0.0535402362440232,0,13.4368696617468,0.0535402362440232,0.0535402362440232,0.0535402362440232,0.0282079903838013
14.3373106913918,0,-0.0165868652445846,0,14.3373106913918,-0.0165868652445846,-0.0165868652445846,-0.0165868652445846,0.0475684856482902
25.9320346135502,0,-0.0232712391594247,0,25.9320346135502,-0.0232712391594247,-0.0232712391594247,-0.0232712391594247,0.0300519735078187
NA,NA,NA,NA,NA,NA,NA,NA,NA
3.48138260502119,0,-0.0431716232209931,0,3.48138260502119,-0.0431716232209931,-0.0431716232209931,-0.0431716232209931,0.0321818721032191
5.59197431763262,0,-0.0578220526680145,0,5.59197431763262,-0.0578220526680145,-0.0578220526680145,-0.0578220526680145,0.0290843221745671
7.10118523761685,0,-0.0285278978712163,0,7.10118523761685,-0.0285278978712163,-0.0285278978712163,-0.0285278978712163,0.0595492352872805
8.39406695268219,0,0.0167837864563465,0,8.39406695268219,0.0167837864563465,0.0167837864563465,0.0167837864563465,0.0322473662392579
6.68163411954067,0,0.0399525800720857,0,6.68163411954067,0.0399525800720857,0.0399525800720857,0.0399525800720857,0.0632642521725607
10.9419857642508,0,-0.0876235523401562,0,10.9419857642508,-0.0876235523401562,-0.0876235523401562,-0.0876235523401562,0.0336377588977628
9.567453602661,0,-0.0130573193727359,0,9.567453602661,-0.0130573193727359,-0.0130573193727359,-0.0130573193727359,0.0264340771076804
9.56764954052794,0,-0.00578932875863998,0,9.56764954052794,-0.00578932875863998,-0.00578932875863998,-0.00578932875863998,0.0288617279537588
9.58796747981615,0,0.00725905880614161,0,9.58796747981615,0.00725905880614161,0.00725905880614161,0.00725905880614161,0.0422687684348916
5.73956504007167,0,0.0771542732091128,0,5.73956504007167,0.0771542732091128,0.0771542732091128,0.0771542732091128,0.0324136561885854
9.03381024943225,0,-0.0258591277728825,0,9.03381024943225,-0.0258591277728825,-0.0258591277728825,-0.0258591277728825,0.0210013285642308
7.292171244769,0,0.0214216184583366,0,7.292171244769,0.0214216184583366,0.0214216184583366,0.0214216184583366,0.00787016036700002
10.6567948708008,0,0.0203455428827325,0,10.6567948708008,0.0203455428827325,0.0203455428827325,0.0203455428827325,0.0367174068081082
15.83958844307,0,0.0399832495665445,0,15.83958844307,0.0399832495665445,0.0399832495665445,0.0399832495665445,0.0130470310288665
17.7014293147066,0,0.0234372077444364,0,17.7014293147066,0.0234372077444364,0.0234372077444364,0.0234372077444364,0.0323786122878216
18.5230702558348,0,-0.00995709768556392,0,18.5230702558348,-0.00995709768556392,-0.00995709768556392,-0.00995709768556392,0.0596686324209322
13.5036026382197,0,0.0260526179813793,0,13.5036026382197,0.0260526179813793,0.0260526179813793,0.0260526179813793,0.0175137052055195
13.9836050997556,0,-0.0596374353307077,0,13.9836050997556,-0.0596374353307077,-0.0596374353307077,-0.0596374353307077,0.0260159424457815
11.3110693140974,0,0.00982781565554414,0,11.3110693140974,0.00982781565554414,0.00982781565554414,0.00982781565554414,0.0152975413868066
20.6083384757102,0,-0.0196913974375486,0,20.6083384757102,-0.0196913974375486,-0.0196913974375486,-0.0196913974375486,0.0564075951702511
12.3671082351961,0,0.0210231372322994,0,12.3671082351961,0.0210231372322994,0.0210231372322994,0.0210231372322994,0.0160828742749283
12.3654554745313,0,-0.0686880413546458,0,12.3654554745313,-0.0686880413546458,-0.0686880413546458,-0.0686880413546458,0.0513325050706189
19.2556223171704,0,0.0285945738844167,0,19.2556223171704,0.0285945738844167,0.0285945738844167,0.0285945738844167,0.0139726523520546
34.7312424253189,0,0.00360906084633839,0,34.7312424253189,0.00360906084633839,0.00360906084633839,0.00360906084633839,0.017575833019559
54.7209102152747,0,0.0196726221291343,0,54.7209102152747,0.0196726221291343,0.0196726221291343,0.0196726221291343,0.0109274670854921
9.76552332936977,0,0.00564706861610557,0,9.76552332936977,0.00564706861610557,0.00564706861610557,0.00564706861610557,0.022210163633412
8.22166390729103,0,0.0200227074138689,0,8.22166390729103,0.0200227074138689,0.0200227074138689,0.0200227074138689,0.0889316774406693
8.77216358100521,0,0.0699261224100448,0,8.77216358100521,0.0699261224100448,0.0699261224100448,0.0699261224100448,0.0441440604084047
7.36539602284415,0,-0.0247872150245361,0,7.36539602284415,-0.0247872150245361,-0.0247872150245361,-0.0247872150245361,0.114121672795408
9.34902839864339,0,-0.0319037471830898,0,9.34902839864339,-0.0319037471830898,-0.0319037471830898,-0.0319037471830898,0.0353702402159913
12.5616640281909,0,0.00441577973083164,0,12.5616640281909,0.00441577973083164,0.00441577973083164,0.00441577973083164,0.0138459086615911
10.5411867057519,0,-0.0885790708954701,0,10.5411867057519,-0.0885790708954701,-0.0885790708954701,-0.0885790708954701,0.0320565633703811
10.8363107906744,0,-0.028098390818107,0,10.8363107906744,-0.028098390818107,-0.028098390818107,-0.028098390818107,0.071926050301895
11.7003583105711,0,-0.00186774348468509,0,11.7003583105711,-0.00186774348468509,-0.00186774348468509,-0.00186774348468509,0.00589871207554302
14.1717804897526,0,0.027255899623745,0,14.1717804897526,0.027255899623745,0.027255899623745,0.027255899623745,0.0438772018708798
11.3171115233183,0,-0.0301299566297987,0,11.3171115233183,-0.0301299566297987,-0.0301299566297987,-0.0301299566297987,0.0549217163119364
12.491172371433,0,0.00616174807970621,0,12.491172371433,0.00616174807970621,0.00616174807970621,0.00616174807970621,0.0405245193389735
17.7574754531964,0,-0.0364542682670167,0,17.7574754531964,-0.0364542682670167,-0.0364542682670167,-0.0364542682670167,0.0437339114285826
23.3384346785706,0,0.0173424537425691,0,23.3384346785706,0.0173424537425691,0.0173424537425691,0.0173424537425691,0.0189266195413323
21.0471310356801,0,0.0617673658141888,0,21.0471310356801,0.0617673658141888,0.0617673658141888,0.0617673658141888,0.047052745863464
16.8846431378076,0,0.0592246738975235,0,16.8846431378076,0.0592246738975235,0.0592246738975235,0.0592246738975235,0.0580511049145327
144.898873550211,0,0.152472628260226,0,144.898873550211,0.152472628260226,0.152472628260226,0.152472628260226,0.0124843951464072
10.8384906759069,0,-0.00221059163205814,0,10.8384906759069,-0.00221059163205814,-0.00221059163205814,-0.00221059163205814,0.0251376149245104
5.36034284274372,0,0.0126214961722838,0,5.36034284274372,0.0126214961722838,0.0126214961722838,0.0126214961722838,0.0439400124984659
14.6925462604222,0,-0.00458452472707301,0,14.6925462604222,-0.00458452472707301,-0.00458452472707301,-0.00458452472707301,0.0444254697733256
12.6985002447189,0,0.0156151615690587,0,12.6985002447189,0.0156151615690587,0.0156151615690587,0.0156151615690587,0.0344296478282526
11.0161041029769,0,-0.0031766917676102,0,11.0161041029769,-0.0031766917676102,-0.0031766917676102,-0.0031766917676102,0.0522005254908412
12.612078023469,0,-0.0597088928688878,0,12.612078023469,-0.0597088928688878,-0.0597088928688878,-0.0597088928688878,0.0322576765582896
27.9381463268887,0,-0.0196646199066465,0,27.9381463268887,-0.0196646199066465,-0.0196646199066465,-0.0196646199066465,0.0266030945529787
28.4056044215739,0,-0.0234835133541325,0,28.4056044215739,-0.0234835133541325,-0.0234835133541325,-0.0234835133541325,0.0460235649191708
13.4368696617468,0,0.0535402362440232,0,13.4368696617468,0.0535402362440232,0.0535402362440232,0.0535402362440232,0.0282079903838013
14.3373106913918,0,-0.0165868652445846,0,14.3373106913918,-0.0165868652445846,-0.0165868652445846,-0.0165868652445846,0.0475684856482902
25.9320346135502,0,-0.0232712391594247,0,25.9320346135502,-0.0232712391594247,-0.0232712391594247,-0.0232712391594247,0.0300519735078187
NA,NA,NA,NA,NA,NA,NA,NA,NA
3.48138260502119,0,-0.0431716232209931,0,3.48138260502119,-0.0431716232209931,-0.0431716232209931,-0.0431716232209931,0.0321818721032191
5.59197431763262,0,-0.0578220526680145,0,5.59197431763262,-0.0578220526680145,-0.0578220526680145,-0.0578220526680145,0.0290843221745671
7.10118523761685,0,-0.0285278978712163,0,7.10118523761685,-0.0285278978712163,-0.0285278978712163,-0.0285278978712163,0.0595492352872805
8.39406695268219,0,0.0167837864563465,0,8.39406695268219,0.0167837864563465,0.0167837864563465,0.0167837864563465,0.0322473662392579
6.68163411954067,0,0.0399525800720857,0,6.68163411954067,0.0399525800720857,0.0399525800720857,0.0399525800720857,0.0632642521725607
10.9419857642508,0,-0.0876235523401562,0,10.9419857642508,-0.0876235523401562,-0.0876235523401562,-0.0876235523401562,0.0336377588977628
9.567453602661,0,-0.0130573193727359,0,9.567453602661,-0.0130573193727359,-0.0130573193727359,-0.0130573193727359,0.0264340771076804
9.56764954052794,0,-0.00578932875863998,0,9.56764954052794,-0.00578932875863998,-0.00578932875863998,-0.00578932875863998,0.0288617279537588
9.58796747981615,0,0.00725905880614161,0,9.58796747981615,0.00725905880614161,0.00725905880614161,0.00725905880614161,0.0422687684348916
5.73956504007167,0,0.0771542732091128,0,5.73956504007167,0.0771542732091128,0.0771542732091128,0.0771542732091128,0.0324136561885854
9.03381024943225,0,-0.0258591277728825,0,9.03381024943225,-0.0258591277728825,-0.0258591277728825,-0.0258591277728825,0.0210013285642308
7.292171244769,0,0.0214216184583366,0,7.292171244769,0.0214216184583366,0.0214216184583366,0.0214216184583366,0.00787016036700002
10.6567948708008,0,0.0203455428827325,0,10.6567948708008,0.0203455428827325,0.0203455428827325,0.0203455428827325,0.0367174068081082
15.83958844307,0,0.0399832495665445,0,15.83958844307,0.0399832495665445,0.0399832495665445,0.0399832495665445,0.0130470310288665
17.7014293147066,0,0.0234372077444364,0,17.7014293147066,0.0234372077444364,0.0234372077444364,0.0234372077444364,0.0323786122878216
18.5230702558348,0,-0.00995709768556392,0,18.5230702558348,-0.00995709768556392,-0.00995709768556392,-0.00995709768556392,0.0596686324209322
13.5036026382197,0,0.0260526179813793,0,13.5036026382197,0.0260526179813793,0.0260526179813793,0.0260526179813793,0.0175137052055195
13.9836050997556,0,-0.0596374353307077,0,13.9836050997556,-0.0596374353307077,-0.0596374353307077,-0.0596374353307077,0.0260159424457815
11.3110693140974,0,0.00982781565554414,0,11.3110693140974,0.00982781565554414,0.00982781565554414,0.00982781565554414,0.0152975413868066
20.6083384757102,0,-0.0196913974375486,0,20.6083384757102,-0.0196913974375486,-0.0196913974375486,-0.0196913974375486,0.0564075951702511
12.3671082351961,0,0.0210231372322994,0,12.3671082351961,0.0210231372322994,0.0210231372322994,0.0210231372322994,0.0160828742749283
12.3654554745313,0,-0.0686880413546458,0,12.3654554745313,-0.0686880413546458,-0.0686880413546458,-0.0686880413546458,0.0513325050706189
19.2556223171704,0,0.0285945738844167,0,19.2556223171704,0.0285945738844167,0.0285945738844167,0.0285945738844167,0.0139726523520546
34.7312424253189,0,0.00360906084633839,0,34.7312424253189,0.00360906084633839,0.00360906084633839,0.00360906084633839,0.017575833019559
54.7209102152747,0,0.0196726221291343,0,54.7209102152747,0.0196726221291343,0.0196726221291343,0.0196726221291343,0.0109274670854921
9.76552332936977,0,0.00564706861610557,0,9.76552332936977,0.00564706861610557,0.00564706861610557,0.00564706861610557,0.022210163633412
8.22166390729103,0,0.0200227074138689,0,8.22166390729103,0.0200227074138689,0.0200227074138689,0.0200227074138689,0.0889316774406693
8.77216358100521,0,0.0699261224100448,0,8.77216358100521,0.0699261224100448,0.0699261224100448,0.0699261224100448,0.0441440604084047
7.36539602284415,0,-0.0247872150245361,0,7.36539602284415,-0.0247872150245361,-0.0247872150245361,-0.0247872150245361,0.114121672795408
9.34902839864339,0,-0.0319037471830898,0,9.34902839864339,-0.0319037471830898,-0.0319037471830898,-0.0319037471830898,0.0353702402159913
12.5616640281909,0,0.00441577973083164,0,12.5616640281909,0.00441577973083164,0.00441577973083164,0.00441577973083164,0.0138459086615911
10.5411867057519,0,-0.0885790708954701,0,10.5411867057519,-0.0885790708954701,-0.0885790708954701,-0.0885790708954701,0.0320565633703811
10.8363107906744,0,-0.028098390818107,0,10.8363107906744,-0.028098390818107,-0.028098390818107,-0.028098390818107,0.071926050301895
11.7003583105711,0,-0.00186774348468509,0,11.7003583105711,-0.00186774348468509,-0.00186774348468509,-0.00186774348468509,0.00589871207554302
14.1717804897526,0,0.027255899623745,0,14.1717804897526,0.027255899623745,0.027255899623745,0.027255899623745,0.0438772018708798
11.3171115233183,0,-0.0301299566297987,0,11.3171115233183,-0.0301299566297987,-0.0301299566297987,-0.0301299566297987,0.0549217163119364
12.491172371433,0,0.00616174807970621,0,12.491172371433,0.00616174807970621,0.00616174807970621,0.00616174807970621,0.0405245193389735
17.7574754531964,0,-0.0364542682670167,0,17.7574754531964,-0.0364542682670167,-0.0364542682670167,-0.0364542682670167,0.0437339114285826
23.3384346785706,0,0.0173424537425691,0,23.3384346785706,0.0173424537425691,0.0173424537425691,0.0173424537425691,0.0189266195413323
21.0471310356801,0,0.0617673658141888,0,21.0471310356801,0.0617673658141888,0.0617673658141888,0.0617673658141888,0.047052745863464
16.8846431378076,0,0.0592246738975235,0,16.8846431378076,0.0592246738975235,0.0592246738975235,0.0592246738975235,0.0580511049145327
144.898873550211,0,0.152472628260226,0,144.898873550211,0.152472628260226,0.152472628260226,0.152472628260226,0.0124843951464072
10.8384906759069,0,-0.00221059163205814,0,10.8384906759069,-0.00221059163205814,-0.00221059163205814,-0.00221059163205814,0.0251376149245104
5.36034284274372,0,0.0126214961722838,0,5.36034284274372,0.0126214961722838,0.0126214961722838,0.0126214961722838,0.0439400124984659
14.6925462604222,0,-0.00458452472707301,0,14.6925462604222,-0.00458452472707301,-0.00458452472707301,-0.00458452472707301,0.0444254697733256
12.6985002447189,0,0.0156151615690587,0,12.6985002447189,0.0156151615690587,0.0156151615690587,0.0156151615690587,0.0344296478282526
11.0161041029769,0,-0.0031766917676102,0,11.0161041029769,-0.0031766917676102,-0.0031766917676102,-0.0031766917676102,0.0522005254908412
12.612078023469,0,-0.0597088928688878,0,12.612078023469,-0.0597088928688878,-0.0597088928688878,-0.0597088928688878,0.0322576765582896
27.9381463268887,0,-0.0196646199066465,0,27.9381463268887,-0.0196646199066465,-0.0196646199066465,-0.0196646199066465,0.0266030945529787
28.4056044215739,0,-0.0234835133541325,0,28.4056044215739,-0.0234835133541325,-0.0234835133541325,-0.0234835133541325,0.0460235649191708
13.4368696617468,0,0.0535402362440232,0,13.4368696617468,0.0535402362440232,0.0535402362440232,0.0535402362440232,0.0282079903838013
14.3373106913918,0,-0.0165868652445846,0,14.3373106913918,-0.0165868652445846,-0.0165868652445846,-0.0165868652445846,0.0475684856482902
25.9320346135502,0,-0.0232712391594247,0,25.9320346135502,-0.0232712391594247,-0.0232712391594247,-0.0232712391594247,0.0300519735078187
NA,NA,NA,NA,NA,NA,NA,NA,NA
3.48138260502119,0,-0.0431716232209931,0,3.48138260502119,-0.0431716232209931,-0.0431716232209931,-0.0431716232209931,0.0321818721032191
5.59197431763262,0,-0.0578220526680145,0,5.59197431763262,-0.0578220526680145,-0.0578220526680145,-0.0578220526680145,0.0290843221745671
7.10118523761685,0,-0.0285278978712163,0,7.10118523761685,-0.0285278978712163,-0.0285278978712163,-0.0285278978712163,0.0595492352872805
8.39406695268219,0,0.0167837864563465,0,8.39406695268219,0.0167837864563465,0.0167837864563465,0.0167837864563465,0.0322473662392579
6.68163411954067,0,0.0399525800720857,0,6.68163411954067,0.0399525800720857,0.0399525800720857,0.0399525800720857,0.0632642521725607
10.9419857642508,0,-0.0876235523401562,0,10.9419857642508,-0.0876235523401562,-0.0876235523401562,-0.0876235523401562,0.0336377588977628
9.567453602661,0,-0.0130573193727359,0,9.567453602661,-0.0130573193727359,-0.0130573193727359,-0.0130573193727359,0.0264340771076804
9.56764954052794,0,-0.00578932875863998,0,9.56764954052794,-0.00578932875863998,-0.00578932875863998,-0.00578932875863998,0.0288617279537588
9.58796747981615,0,0.00725905880614161,0,9.58796747981615,0.00725905880614161,0.00725905880614161,0.00725905880614161,0.0422687684348916
5.73956504007167,0,0.0771542732091128,0,5.73956504007167,0.0771542732091128,0.0771542732091128,0.0771542732091128,0.0324136561885854
9.03381024943225,0,-0.0258591277728825,0,9.03381024943225,-0.0258591277728825,-0.0258591277728825,-0.0258591277728825,0.0210013285642308
7.292171244769,0,0.0214216184583366,0,7.292171244769,0.0214216184583366,0.0214216184583366,0.0214216184583366,0.00787016036700002
10.6567948708008,0,0.0203455428827325,0,10.6567948708008,0.0203455428827325,0.0203455428827325,0.0203455428827325,0.0367174068081082
15.83958844307,0,0.0399832495665445,0,15.83958844307,0.0399832495665445,0.0399832495665445,0.0399832495665445,0.0130470310288665
17.7014293147066,0,0.0234372077444364,0,17.7014293147066,0.0234372077444364,0.0234372077444364,0.0234372077444364,0.0323786122878216
18.5230702558348,0,-0.00995709768556392,0,18.5230702558348,-0.00995709768556392,-0.00995709768556392,-0.00995709768556392,0.0596686324209322
13.5036026382197,0,0.0260526179813793,0,13.5036026382197,0.0260526179813793,0.0260526179813793,0.0260526179813793,0.0175137052055195
13.9836050997556,0,-0.0596374353307077,0,13.9836050997556,-0.0596374353307077,-0.0596374353307077,-0.0596374353307077,0.0260159424457815
11.3110693140974,0,0.00982781565554414,0,11.3110693140974,0.00982781565554414,0.00982781565554414,0.00982781565554414,0.0152975413868066
20.6083384757102,0,-0.0196913974375486,0,20.6083384757102,-0.0196913974375486,-0.0196913974375486,-0.0196913974375486,0.0564075951702511
12.3671082351961,0,0.0210231372322994,0,12.3671082351961,0.0210231372322994,0.0210231372322994,0.0210231372322994,0.0160828742749283
12.3654554745313,0,-0.0686880413546458,0,12.3654554745313,-0.0686880413546458,-0.0686880413546458,-0.0686880413546458,0.0513325050706189
19.2556223171704,0,0.0285945738844167,0,19.2556223171704,0.0285945738844167,0.0285945738844167,0.0285945738844167,0.0139726523520546
34.7312424253189,0,0.00360906084633839,0,34.7312424253189,0.00360906084633839,0.00360906084633839,0.00360906084633839,0.017575833019559
54.7209102152747,0,0.0196726221291343,0,54.7209102152747,0.0196726221291343,0.0196726221291343,0.0196726221291343,0.0109274670854921
9.76552332936977,0,0.00564706861610557,0,9.76552332936977,0.00564706861610557,0.00564706861610557,0.00564706861610557,0.022210163633412
8.22166390729103,0,0.0200227074138689,0,8.22166390729103,0.0200227074138689,0.0200227074138689,0.0200227074138689,0.0889316774406693
8.77216358100521,0,0.0699261224100448,0,8.77216358100521,0.0699261224100448,0.0699261224100448,0.0699261224100448,0.0441440604084047
7.36539602284415,0,-0.0247872150245361,0,7.36539602284415,-0.0247872150245361,-0.0247872150245361,-0.0247872150245361,0.114121672795408
9.34902839864339,0,-0.0319037471830898,0,9.34902839864339,-0.0319037471830898,-0.0319037471830898,-0.0319037471830898,0.0353702402159913
12.5616640281909,0,0.00441577973083164,0,12.5616640281909,0.00441577973083164,0.00441577973083164,0.00441577973083164,0.0138459086615911
10.5411867057519,0,-0.0885790708954701,0,10.5411867057519,-0.0885790708954701,-0.0885790708954701,-0.0885790708954701,0.0320565633703811
10.8363107906744,0,-0.028098390818107,0,10.8363107906744,-0.028098390818107,-0.028098390818107,-0.028098390818107,0.071926050301895
11.7003583105711,0,-0.00186774348468509,0,11.7003583105711,-0.00186774348468509,-0.00186774348468509,-0.00186774348468509,0.00589871207554302
14.1717804897526,0,0.027255899623745,0,14.1717804897526,0.027255899623745,0.027255899623745,0.027255899623745,0.0438772018708798
11.3171115233183,0,-0.0301299566297987,0,11.3171115233183,-0.0301299566297987,-0.0301299566297987,-0.0301299566297987,0.0549217163119364
12.491172371433,0,0.00616174807970621,0,12.491172371433,0.00616174807970621,0.00616174807970621,0.00616174807970621,0.0405245193389735
17.7574754531964,0,-0.0364542682670167,0,17.7574754531964,-0.0364542682670167,-0.0364542682670167,-0.0364542682670167,0.0437339114285826
23.3384346785706,0,0.0173424537425691,0,23.3384346785706,0.0173424537425691,0.0173424537425691,0.0173424537425691,0.0189266195413323
21.0471310356801,0,0.0617673658141888,0,21.0471310356801,0.0617673658141888,0.0617673658141888,0.0617673658141888,0.047052745863464
16.8846431378076,0,0.0592246738975235,0,16.8846431378076,0.0592246738975235,0.0592246738975235,0.0592246738975235,0.0580511049145327
144.898873550211,0,0.152472628260226,0,144.898873550211,0.152472628260226,0.152472628260226,0.152472628260226,0.0124843951464072
10.8384906759069,0,-0.00221059163205814,0,10.8384906759069,-0.00221059163205814,-0.00221059163205814,-0.00221059163205814,0.0251376149245104
5.36034284274372,0,0.0126214961722838,0,5.36034284274372,0.0126214961722838,0.0126214961722838,0.0126214961722838,0.0439400124984659
14.6925462604222,0,-0.00458452472707301,0,14.6925462604222,-0.00458452472707301,-0.00458452472707301,-0.00458452472707301,0.0444254697733256
12.6985002447189,0,0.0156151615690587,0,12.6985002447189,0.0156151615690587,0.0156151615690587,0.0156151615690587,0.0344296478282526
11.0161041029769,0,-0.0031766917676102,0,11.0161041029769,-0.0031766917676102,-0.0031766917676102,-0.0031766917676102,0.0522005254908412
12.612078023469,0,-0.0597088928688878,0,12.612078023469,-0.0597088928688878,-0.0597088928688878,-0.0597088928688878,0.0322576765582896
27.9381463268887,0,-0.0196646199066465,0,27.9381463268887,-0.0196646199066465,-0.0196646199066465,-0.0196646199066465,0.0266030945529787
28.4056044215739,0,-0.0234835133541325,0,28.4056044215739,-0.0234835133541325,-0.0234835133541325,-0.0234835133541325,0.0460235649191708
13.4368696617468,0,0.0535402362440232,0,13.4368696617468,0.0535402362440232,0.0535402362440232,0.0535402362440232,0.0282079903838013
14.3373106913918,0,-0.0165868652445846,0,14.3373106913918,-0.0165868652445846,-0.0165868652445846,-0.0165868652445846,0.0475684856482902
25.9320346135502,0,-0.0232712391594247,0,25.9320346135502,-0.0232712391594247,-0.0232712391594247,-0.0232712391594247,0.0300519735078187
NA,NA,NA,NA,NA,NA,NA,NA,NA
3.48138260502119,0,-0.0431716232209931,0,3.48138260502119,-0.0431716232209931,-0.0431716232209931,-0.0431716232209931,0.0321818721032191
5.59197431763262,0,-0.0578220526680145,0,5.59197431763262,-0.0578220526680145,-0.0578220526680145,-0.0578220526680145,0.0290843221745671
7.10118523761685,0,-0.0285278978712163,0,7.10118523761685,-0.0285278978712163,-0.0285278978712163,-0.0285278978712163,0.0595492352872805
8.39406695268219,0,0.0167837864563465,0,8.39406695268219,0.0167837864563465,0.0167837864563465,0.0167837864563465,0.0322473662392579
6.68163411954067,0,0.0399525800720857,0,6.68163411954067,0.0399525800720857,0.0399525800720857,0.0399525800720857,0.0632642521725607
10.9419857642508,0,-0.0876235523401562,0,10.9419857642508,-0.0876235523401562,-0.0876235523401562,-0.0876235523401562,0.0336377588977628
9.567453602661,0,-0.0130573193727359,0,9.567453602661,-0.0130573193727359,-0.0130573193727359,-0.0130573193727359,0.0264340771076804
9.56764954052794,0,-0.00578932875863998,0,9.56764954052794,-0.00578932875863998,-0.00578932875863998,-0.00578932875863998,0.0288617279537588
9.58796747981615,0,0.00725905880614161,0,9.58796747981615,0.00725905880614161,0.00725905880614161,0.00725905880614161,0.0422687684348916
5.73956504007167,0,0.0771542732091128,0,5.73956504007167,0.0771542732091128,0.0771542732091128,0.0771542732091128,0.0324136561885854
9.03381024943225,0,-0.0258591277728825,0,9.03381024943225,-0.0258591277728825,-0.0258591277728825,-0.0258591277728825,0.0210013285642308
7.292171244769,0,0.0214216184583366,0,7.292171244769,0.0214216184583366,0.0214216184583366,0.0214216184583366,0.00787016036700002
10.6567948708008,0,0.0203455428827325,0,10.6567948708008,0.0203455428827325,0.0203455428827325,0.0203455428827325,0.0367174068081082
15.83958844307,0,0.0399832495665445,0,15.83958844307,0.0399832495665445,0.0399832495665445,0.0399832495665445,0.0130470310288665
17.7014293147066,0,0.0234372077444364,0,17.7014293147066,0.0234372077444364,0.0234372077444364,0.0234372077444364,0.0323786122878216
18.5230702558348,0,-0.00995709768556392,0,18.5230702558348,-0.00995709768556392,-0.00995709768556392,-0.00995709768556392,0.0596686324209322
13.5036026382197,0,0.0260526179813793,0,13.5036026382197,0.0260526179813793,0.0260526179813793,0.0260526179813793,0.0175137052055195
13.9836050997556,0,-0.0596374353307077,0,13.9836050997556,-0.0596374353307077,-0.0596374353307077,-0.0596374353307077,0.0260159424457815
11.3110693140974,0,0.00982781565554414,0,11.3110693140974,0.00982781565554414,0.00982781565554414,0.00982781565554414,0.0152975413868066
20.6083384757102,0,-0.0196913974375486,0,20.6083384757102,-0.0196913974375486,-0.0196913974375486,-0.0196913974375486,0.0564075951702511
12.3671082351961,0,0.0210231372322994,0,12.3671082351961,0.0210231372322994,0.0210231372322994,0.0210231372322994,0.0160828742749283
12.3654554745313,0,-0.0686880413546458,0,12.3654554745313,-0.0686880413546458,-0.0686880413546458,-0.0686880413546458,0.0513325050706189
19.2556223171704,0,0.0285945738844167,0,19.2556223171704,0.0285945738844167,0.0285945738844167,0.0285945738844167,0.0139726523520546
34.7312424253189,0,0.00360906084633839,0,34.7312424253189,0.00360906084633839,0.00360906084633839,0.00360906084633839,0.017575833019559
54.7209102152747,0,0.0196726221291343,0,54.7209102152747,0.0196726221291343,0.0196726221291343,0.0196726221291343,0.0109274670854921
6.15335383446594,0,0.00868907833362001,0,6.15335383446594,0.00868907833362001,0.00868907833362001,0.00868907833362001,0.148956660150613
8.22166390729103,0,0.0200227074138689,0,8.22166390729103,0.0200227074138689,0.0200227074138689,0.0200227074138689,0.0889316774406693
8.77216358100521,0,0.0699261224100448,0,8.77216358100521,0.0699261224100448,0.0699261224100448,0.0699261224100448,0.0441440604084047
7.36539602284415,0,-0.0247872150245361,0,7.36539602284415,-0.0247872150245361,-0.0247872150245361,-0.0247872150245361,0.114121672795408
9.34902839864339,0,-0.0319037471830898,0,9.34902839864339,-0.0319037471830898,-0.0319037471830898,-0.0319037471830898,0.0353702402159913
12.5616640281909,0,0.00441577973083164,0,12.5616640281909,0.00441577973083164,0.00441577973083164,0.00441577973083164,0.0138459086615911
10.5411867057519,0,-0.0885790708954701,0,10.5411867057519,-0.0885790708954701,-0.0885790708954701,-0.0885790708954701,0.0320565633703811
10.8363107906744,0,-0.028098390818107,0,10.8363107906744,-0.028098390818107,-0.028098390818107,-0.028098390818107,0.071926050301895
11.7003583105711,0,-0.00186774348468509,0,11.7003583105711,-0.00186774348468509,-0.00186774348468509,-0.00186774348468509,0.00589871207554302
14.1717804897526,0,0.027255899623745,0,14.1717804897526,0.027255899623745,0.027255899623745,0.027255899623745,0.0438772018708798
11.3171115233183,0,-0.0301299566297987,0,11.3171115233183,-0.0301299566297987,-0.0301299566297987,-0.0301299566297987,0.0549217163119364
12.491172371433,0,0.00616174807970621,0,12.491172371433,0.00616174807970621,0.00616174807970621,0.00616174807970621,0.0405245193389735
17.7574754531964,0,-0.0364542682670167,0,17.7574754531964,-0.0364542682670167,-0.0364542682670167,-0.0364542682670167,0.0437339114285826
23.3384346785706,0,0.0173424537425691,0,23.3384346785706,0.0173424537425691,0.0173424537425691,0.0173424537425691,0.0189266195413323
21.0471310356801,0,0.0617673658141888,0,21.0471310356801,0.0617673658141888,0.0617673658141888,0.0617673658141888,0.047052745863464
16.8846431378076,0,0.0592246738975235,0,16.8846431378076,0.0592246738975235,0.0592246738975235,0.0592246738975235,0.0580511049145327
144.898873550211,0,0.152472628260226,0,144.898873550211,0.152472628260226,0.152472628260226,0.152472628260226,0.0124843951464072
10.8384906759069,0,-0.00221059163205814,0,10.8384906759069,-0.00221059163205814,-0.00221059163205814,-0.00221059163205814,0.0251376149245104
5.36034284274372,0,0.0126214961722838,0,5.36034284274372,0.0126214961722838,0.0126214961722838,0.0126214961722838,0.0439400124984659
14.6925462604222,0,-0.00458452472707301,0,14.6925462604222,-0.00458452472707301,-0.00458452472707301,-0.00458452472707301,0.0444254697733256
12.6985002447189,0,0.0156151615690587,0,12.6985002447189,0.0156151615690587,0.0156151615690587,0.0156151615690587,0.0344296478282526
11.0161041029769,0,-0.0031766917676102,0,11.0161041029769,-0.0031766917676102,-0.0031766917676102,-0.0031766917676102,0.0522005254908412
12.612078023469,0,-0.0597088928688878,0,12.612078023469,-0.0597088928688878,-0.0597088928688878,-0.0597088928688878,0.0322576765582896
27.9381463268887,0,-0.0196646199066465,0,27.9381463268887,-0.0196646199066465,-0.0196646199066465,-0.0196646199066465,0.0266030945529787
28.4056044215739,0,-0.0234835133541325,0,28.4056044215739,-0.0234835133541325,-0.0234835133541325,-0.0234835133541325,0.0460235649191708
13.4368696617468,0,0.0535402362440232,0,13.4368696617468,0.0535402362440232,0.0535402362440232,0.0535402362440232,0.0282079903838013
14.3373106913918,0,-0.0165868652445846,0,14.3373106913918,-0.0165868652445846,-0.0165868652445846,-0.0165868652445846,0.0475684856482902
25.9320346135502,0,-0.0232712391594247,0,25.9320346135502,-0.0232712391594247,-0.0232712391594247,-0.0232712391594247,0.0300519735078187
NA,NA,NA,NA,NA,NA,NA,NA,NA
3.48138260502119,0,-0.0431716232209931,0,3.48138260502119,-0.0431716232209931,-0.0431716232209931,-0.0431716232209931,0.0321818721032191
5.59197431763262,0,-0.0578220526680145,0,5.59197431763262,-0.0578220526680145,-0.0578220526680145,-0.0578220526680145,0.0290843221745671
7.10118523761685,0,-0.0285278978712163,0,7.10118523761685,-0.0285278978712163,-0.0285278978712163,-0.0285278978712163,0.0595492352872805
8.39406695268219,0,0.0167837864563465,0,8.39406695268219,0.0167837864563465,0.0167837864563465,0.0167837864563465,0.0322473662392579
6.68163411954067,0,0.0399525800720857,0,6.68163411954067,0.0399525800720857,0.0399525800720857,0.0399525800720857,0.0632642521725607
10.9419857642508,0,-0.0876235523401562,0,10.9419857642508,-0.0876235523401562,-0.0876235523401562,-0.0876235523401562,0.0336377588977628
9.567453602661,0,-0.0130573193727359,0,9.567453602661,-0.0130573193727359,-0.0130573193727359,-0.0130573193727359,0.0264340771076804
9.56764954052794,0,-0.00578932875863998,0,9.56764954052794,-0.00578932875863998,-0.00578932875863998,-0.00578932875863998,0.0288617279537588
9.58796747981615,0,0.00725905880614161,0,9.58796747981615,0.00725905880614161,0.00725905880614161,0.00725905880614161,0.0422687684348916
5.73956504007167,0,0.0771542732091128,0,5.73956504007167,0.0771542732091128,0.0771542732091128,0.0771542732091128,0.0324136561885854
9.03381024943225,0,-0.0258591277728825,0,9.03381024943225,-0.0258591277728825,-0.0258591277728825,-0.0258591277728825,0.0210013285642308
7.292171244769,0,0.0214216184583366,0,7.292171244769,0.0214216184583366,0.0214216184583366,0.0214216184583366,0.00787016036700002
10.6567948708008,0,0.0203455428827325,0,10.6567948708008,0.0203455428827325,0.0203455428827325,0.0203455428827325,0.0367174068081082
15.83958844307,0,0.0399832495665445,0,15.83958844307,0.0399832495665445,0.0399832495665445,0.0399832495665445,0.0130470310288665
17.7014293147066,0,0.0234372077444364,0,17.7014293147066,0.0234372077444364,0.0234372077444364,0.0234372077444364,0.0323786122878216
18.5230702558348,0,-0.00995709768556392,0,18.5230702558348,-0.00995709768556392,-0.00995709768556392,-0.00995709768556392,0.0596686324209322
13.5036026382197,0,0.0260526179813793,0,13.5036026382197,0.0260526179813793,0.0260526179813793,0.0260526179813793,0.0175137052055195
13.9836050997556,0,-0.0596374353307077,0,13.9836050997556,-0.0596374353307077,-0.0596374353307077,-0.0596374353307077,0.0260159424457815
11.3110693140974,0,0.00982781565554414,0,11.3110693140974,0.00982781565554414,0.00982781565554414,0.00982781565554414,0.0152975413868066
20.6083384757102,0,-0.0196913974375486,0,20.6083384757102,-0.0196913974375486,-0.0196913974375486,-0.0196913974375486,0.0564075951702511
12.3671082351961,0,0.0210231372322994,0,12.3671082351961,0.0210231372322994,0.0210231372322994,0.0210231372322994,0.0160828742749283
12.3654554745313,0,-0.0686880413546458,0,12.3654554745313,-0.0686880413546458,-0.0686880413546458,-0.0686880413546458,0.0513325050706189
19.2556223171704,0,0.0285945738844167,0,19.2556223171704,0.0285945738844167,0.0285945738844167,0.0285945738844167,0.0139726523520546
34.7312424253189,0,0.00360906084633839,0,34.7312424253189,0.00360906084633839,0.00360906084633839,0.00360906084633839,0.017575833019559
54.7209102152747,0,0.0196726221291343,0,54.7209102152747,0.0196726221291343,0.0196726221291343,0.0196726221291343,0.0109274670854921
6.15335383446594,0,0.00868907833362001,0,6.15335383446594,0.00868907833362001,0.00868907833362001,0.00868907833362001,0.148956660150613
8.22166390729103,0,0.0200227074138689,0,8.22166390729103,0.0200227074138689,0.0200227074138689,0.0200227074138689,0.0889316774406693
8.77216358100521,0,0.0699261224100448,0,8.77216358100521,0.0699261224100448,0.0699261224100448,0.0699261224100448,0.0441440604084047
7.36539602284415,0,-0.0247872150245361,0,7.36539602284415,-0.0247872150245361,-0.0247872150245361,-0.0247872150245361,0.114121672795408
9.34902839864339,0,-0.0319037471830898,0,9.34902839864339,-0.0319037471830898,-0.0319037471830898,-0.0319037471830898,0.0353702402159913
12.5616640281909,0,0.00441577973083164,0,12.5616640281909,0.00441577973083164,0.00441577973083164,0.00441577973083164,0.0138459086615911
10.5411867057519,0,-0.0885790708954701,0,10.5411867057519,-0.0885790708954701,-0.0885790708954701,-0.0885790708954701,0.0320565633703811
10.8363107906744,0,-0.028098390818107,0,10.8363107906744,-0.028098390818107,-0.028098390818107,-0.028098390818107,0.071926050301895
11.7003583105711,0,-0.00186774348468509,0,11.7003583105711,-0.00186774348468509,-0.00186774348468509,-0.00186774348468509,0.00589871207554302
14.1717804897526,0,0.027255899623745,0,14.1717804897526,0.027255899623745,0.027255899623745,0.027255899623745,0.0438772018708798
11.3171115233183,0,-0.0301299566297987,0,11.3171115233183,-0.0301299566297987,-0.0301299566297987,-0.0301299566297987,0.0549217163119364
12.491172371433,0,0.00616174807970621,0,12.491172371433,0.00616174807970621,0.00616174807970621,0.00616174807970621,0.0405245193389735
17.7574754531964,0,-0.0364542682670167,0,17.7574754531964,-0.0364542682670167,-0.0364542682670167,-0.0364542682670167,0.0437339114285826
23.3384346785706,0,0.0173424537425691,0,23.3384346785706,0.0173424537425691,0.0173424537425691,0.0173424537425691,0.0189266195413323
21.0471310356801,0,0.0617673658141888,0,21.0471310356801,0.0617673658141888,0.0617673658141888,0.0617673658141888,0.047052745863464
16.8846431378076,0,0.0592246738975235,0,16.8846431378076,0.0592246738975235,0.0592246738975235,0.0592246738975235,0.0580511049145327
144.898873550211,0,0.152472628260226,0,144.898873550211,0.152472628260226,0.152472628260226,0.152472628260226,0.0124843951464072
10.8384906759069,0,-0.00221059163205814,0,10.8384906759069,-0.00221059163205814,-0.00221059163205814,-0.00221059163205814,0.0251376149245104
5.36034284274372,0,0.0126214961722838,0,5.36034284274372,0.0126214961722838,0.0126214961722838,0.0126214961722838,0.0439400124984659
14.6925462604222,0,-0.00458452472707301,0,14.6925462604222,-0.00458452472707301,-0.00458452472707301,-0.00458452472707301,0.0444254697733256
12.6985002447189,0,0.0156151615690587,0,12.6985002447189,0.0156151615690587,0.0156151615690587,0.0156151615690587,0.0344296478282526
11.0161041029769,0,-0.0031766917676102,0,11.0161041029769,-0.0031766917676102,-0.0031766917676102,-0.0031766917676102,0.0522005254908412
12.612078023469,0,-0.0597088928688878,0,12.612078023469,-0.0597088928688878,-0.0597088928688878,-0.0597088928688878,0.0322576765582896
27.9381463268887,0,-0.0196646199066465,0,27.9381463268887,-0.0196646199066465,-0.0196646199066465,-0.0196646199066465,0.0266030945529787
28.4056044215739,0,-0.0234835133541325,0,28.4056044215739,-0.0234835133541325,-0.0234835133541325,-0.0234835133541325,0.0460235649191708
13.4368696617468,0,0.0535402362440232,0,13.4368696617468,0.0535402362440232,0.0535402362440232,0.0535402362440232,0.0282079903838013
14.3373106913918,0,-0.0165868652445846,0,14.3373106913918,-0.0165868652445846,-0.0165868652445846,-0.0165868652445846,0.0475684856482902
25.9320346135502,0,-0.0232712391594247,0,25.9320346135502,-0.0232712391594247,-0.0232712391594247,-0.0232712391594247,0.0300519735078187
NA,NA,NA,NA,NA,NA,NA,NA,NA
3.48138260502119,0,-0.0431716232209931,0,3.48138260502119,-0.0431716232209931,-0.0431716232209931,-0.0431716232209931,0.0321818721032191
5.59197431763262,0,-0.0578220526680145,0,5.59197431763262,-0.0578220526680145,-0.0578220526680145,-0.0578220526680145,0.0290843221745671
7.10118523761685,0,-0.0285278978712163,0,7.10118523761685,-0.0285278978712163,-0.0285278978712163,-0.0285278978712163,0.0595492352872805
8.39406695268219,0,0.0167837864563465,0,8.39406695268219,0.0167837864563465,0.0167837864563465,0.0167837864563465,0.0322473662392579
6.68163411954067,0,0.0399525800720857,0,6.68163411954067,0.0399525800720857,0.0399525800720857,0.0399525800720857,0.0632642521725607
10.9419857642508,0,-0.0876235523401562,0,10.9419857642508,-0.0876235523401562,-0.0876235523401562,-0.0876235523401562,0.0336377588977628
9.567453602661,0,-0.0130573193727359,0,9.567453602661,-0.0130573193727359,-0.0130573193727359,-0.0130573193727359,0.0264340771076804
9.56764954052794,0,-0.00578932875863998,0,9.56764954052794,-0.00578932875863998,-0.00578932875863998,-0.00578932875863998,0.0288617279537588
9.58796747981615,0,0.00725905880614161,0,9.58796747981615,0.00725905880614161,0.00725905880614161,0.00725905880614161,0.0422687684348916
5.73956504007167,0,0.0771542732091128,0,5.73956504007167,0.0771542732091128,0.0771542732091128,0.0771542732091128,0.0324136561885854
9.03381024943225,0,-0.0258591277728825,0,9.03381024943225,-0.0258591277728825,-0.0258591277728825,-0.0258591277728825,0.0210013285642308
7.292171244769,0,0.0214216184583366,0,7.292171244769,0.0214216184583366,0.0214216184583366,0.0214216184583366,0.00787016036700002
10.6567948708008,0,0.0203455428827325,0,10.6567948708008,0.0203455428827325,0.0203455428827325,0.0203455428827325,0.0367174068081082
15.83958844307,0,0.0399832495665445,0,15.83958844307,0.0399832495665445,0.0399832495665445,0.0399832495665445,0.0130470310288665
17.7014293147066,0,0.0234372077444364,0,17.7014293147066,0.0234372077444364,0.0234372077444364,0.0234372077444364,0.0323786122878216
18.5230702558348,0,-0.00995709768556392,0,18.5230702558348,-0.00995709768556392,-0.00995709768556392,-0.00995709768556392,0.0596686324209322
13.5036026382197,0,0.0260526179813793,0,13.5036026382197,0.0260526179813793,0.0260526179813793,0.0260526179813793,0.0175137052055195
13.9836050997556,0,-0.0596374353307077,0,13.9836050997556,-0.0596374353307077,-0.0596374353307077,-0.0596374353307077,0.0260159424457815
11.3110693140974,0,0.00982781565554414,0,11.3110693140974,0.00982781565554414,0.00982781565554414,0.00982781565554414,0.0152975413868066
20.6083384757102,0,-0.0196913974375486,0,20.6083384757102,-0.0196913974375486,-0.0196913974375486,-0.0196913974375486,0.0564075951702511
12.3671082351961,0,0.0210231372322994,0,12.3671082351961,0.0210231372322994,0.0210231372322994,0.0210231372322994,0.0160828742749283
12.3654554745313,0,-0.0686880413546458,0,12.3654554745313,-0.0686880413546458,-0.0686880413546458,-0.0686880413546458,0.0513325050706189
19.2556223171704,0,0.0285945738844167,0,19.2556223171704,0.0285945738844167,0.0285945738844167,0.0285945738844167,0.0139726523520546
34.7312424253189,0,0.00360906084633839,0,34.7312424253189,0.00360906084633839,0.00360906084633839,0.00360906084633839,0.017575833019559
54.7209102152747,0,0.0196726221291343,0,54.7209102152747,0.0196726221291343,0.0196726221291343,0.0196726221291343,0.0109274670854921
6.15335383446594,0,0.00868907833362001,0,6.15335383446594,0.00868907833362001,0.00868907833362001,0.00868907833362001,0.148956660150613
8.22166390729103,0,0.0200227074138689,0,8.22166390729103,0.0200227074138689,0.0200227074138689,0.0200227074138689,0.0889316774406693
8.77216358100521,0,0.0699261224100448,0,8.77216358100521,0.0699261224100448,0.0699261224100448,0.0699261224100448,0.0441440604084047
7.36539602284415,0,-0.0247872150245361,0,7.36539602284415,-0.0247872150245361,-0.0247872150245361,-0.0247872150245361,0.114121672795408
9.34902839864339,0,-0.0319037471830898,0,9.34902839864339,-0.0319037471830898,-0.0319037471830898,-0.0319037471830898,0.0353702402159913
12.5616640281909,0,0.00441577973083164,0,12.5616640281909,0.00441577973083164,0.00441577973083164,0.00441577973083164,0.0138459086615911
10.5411867057519,0,-0.0885790708954701,0,10.5411867057519,-0.0885790708954701,-0.0885790708954701,-0.0885790708954701,0.0320565633703811
10.8363107906744,0,-0.028098390818107,0,10.8363107906744,-0.028098390818107,-0.028098390818107,-0.028098390818107,0.071926050301895
7.60971237336999,0,0.0425196941211018,0,7.60971237336999,0.0425196941211018,0.0425196941211018,0.0425196941211018,0.0675431227803087
14.1717804897526,0,0.027255899623745,0,14.1717804897526,0.027255899623745,0.027255899623745,0.027255899623745,0.0438772018708798
11.3171115233183,0,-0.0301299566297987,0,11.3171115233183,-0.0301299566297987,-0.0301299566297987,-0.0301299566297987,0.0549217163119364
12.491172371433,0,0.00616174807970621,0,12.491172371433,0.00616174807970621,0.00616174807970621,0.00616174807970621,0.0405245193389735
17.7574754531964,0,-0.0364542682670167,0,17.7574754531964,-0.0364542682670167,-0.0364542682670167,-0.0364542682670167,0.0437339114285826
23.3384346785706,0,0.0173424537425691,0,23.3384346785706,0.0173424537425691,0.0173424537425691,0.0173424537425691,0.0189266195413323
21.0471310356801,0,0.0617673658141888,0,21.0471310356801,0.0617673658141888,0.0617673658141888,0.0617673658141888,0.047052745863464
16.8846431378076,0,0.0592246738975235,0,16.8846431378076,0.0592246738975235,0.0592246738975235,0.0592246738975235,0.0580511049145327
144.898873550211,0,0.152472628260226,0,144.898873550211,0.152472628260226,0.152472628260226,0.152472628260226,0.0124843951464072
10.8384906759069,0,-0.00221059163205814,0,10.8384906759069,-0.00221059163205814,-0.00221059163205814,-0.00221059163205814,0.0251376149245104
5.36034284274372,0,0.0126214961722838,0,5.36034284274372,0.0126214961722838,0.0126214961722838,0.0126214961722838,0.0439400124984659
14.6925462604222,0,-0.00458452472707301,0,14.6925462604222,-0.00458452472707301,-0.00458452472707301,-0.00458452472707301,0.0444254697733256
12.6985002447189,0,0.0156151615690587,0,12.6985002447189,0.0156151615690587,0.0156151615690587,0.0156151615690587,0.0344296478282526
11.0161041029769,0,-0.0031766917676102,0,11.0161041029769,-0.0031766917676102,-0.0031766917676102,-0.0031766917676102,0.0522005254908412
12.612078023469,0,-0.0597088928688878,0,12.612078023469,-0.0597088928688878,-0.0597088928688878,-0.0597088928688878,0.0322576765582896
27.9381463268887,0,-0.0196646199066465,0,27.9381463268887,-0.0196646199066465,-0.0196646199066465,-0.0196646199066465,0.0266030945529787
28.4056044215739,0,-0.0234835133541325,0,28.4056044215739,-0.0234835133541325,-0.0234835133541325,-0.0234835133541325,0.0460235649191708
13.4368696617468,0,0.0535402362440232,0,13.4368696617468,0.0535402362440232,0.0535402362440232,0.0535402362440232,0.0282079903838013
14.3373106913918,0,-0.0165868652445846,0,14.3373106913918,-0.0165868652445846,-0.0165868652445846,-0.0165868652445846,0.0475684856482902
25.9320346135502,0,-0.0232712391594247,0,25.9320346135502,-0.0232712391594247,-0.0232712391594247,-0.0232712391594247,0.0300519735078187
NA,NA,NA,NA,NA,NA,NA,NA,NA
3.48138260502119,0,-0.0431716232209931,0,3.48138260502119,-0.0431716232209931,-0.0431716232209931,-0.0431716232209931,0.0321818721032191
5.59197431763262,0,-0.0578220526680145,0,5.59197431763262,-0.0578220526680145,-0.0578220526680145,-0.0578220526680145,0.0290843221745671
7.10118523761685,0,-0.0285278978712163,0,7.10118523761685,-0.0285278978712163,-0.0285278978712163,-0.0285278978712163,0.0595492352872805
8.39406695268219,0,0.0167837864563465,0,8.39406695268219,0.0167837864563465,0.0167837864563465,0.0167837864563465,0.0322473662392579
6.68163411954067,0,0.0399525800720857,0,6.68163411954067,0.0399525800720857,0.0399525800720857,0.0399525800720857,0.0632642521725607
10.9419857642508,0,-0.0876235523401562,0,10.9419857642508,-0.0876235523401562,-0.0876235523401562,-0.0876235523401562,0.0336377588977628
9.567453602661,0,-0.0130573193727359,0,9.567453602661,-0.0130573193727359,-0.0130573193727359,-0.0130573193727359,0.0264340771076804
9.56764954052794,0,-0.00578932875863998,0,9.56764954052794,-0.00578932875863998,-0.00578932875863998,-0.00578932875863998,0.0288617279537588
9.58796747981615,0,0.00725905880614161,0,9.58796747981615,0.00725905880614161,0.00725905880614161,0.00725905880614161,0.0422687684348916
5.73956504007167,0,0.0771542732091128,0,5.73956504007167,0.0771542732091128,0.0771542732091128,0.0771542732091128,0.0324136561885854
9.03381024943225,0,-0.0258591277728825,0,9.03381024943225,-0.0258591277728825,-0.0258591277728825,-0.0258591277728825,0.0210013285642308
7.292171244769,0,0.0214216184583366,0,7.292171244769,0.0214216184583366,0.0214216184583366,0.0214216184583366,0.00787016036700002
10.6567948708008,0,0.0203455428827325,0,10.6567948708008,0.0203455428827325,0.0203455428827325,0.0203455428827325,0.0367174068081082
15.83958844307,0,0.0399832495665445,0,15.83958844307,0.0399832495665445,0.0399832495665445,0.0399832495665445,0.0130470310288665
17.7014293147066,0,0.0234372077444364,0,17.7014293147066,0.0234372077444364,0.0234372077444364,0.0234372077444364,0.0323786122878216
18.5230702558348,0,-0.00995709768556392,0,18.5230702558348,-0.00995709768556392,-0.00995709768556392,-0.00995709768556392,0.0596686324209322
13.5036026382197,0,0.0260526179813793,0,13.5036026382197,0.0260526179813793,0.0260526179813793,0.0260526179813793,0.0175137052055195
13.9836050997556,0,-0.0596374353307077,0,13.9836050997556,-0.0596374353307077,-0.0596374353307077,-0.0596374353307077,0.0260159424457815
11.3110693140974,0,0.00982781565554414,0,11.3110693140974,0.00982781565554414,0.00982781565554414,0.00982781565554414,0.0152975413868066
20.6083384757102,0,-0.0196913974375486,0,20.6083384757102,-0.0196913974375486,-0.0196913974375486,-0.0196913974375486,0.0564075951702511
12.3671082351961,0,0.0210231372322994,0,12.3671082351961,0.0210231372322994,0.0210231372322994,0.0210231372322994,0.0160828742749283
12.3654554745313,0,-0.0686880413546458,0,12.3654554745313,-0.0686880413546458,-0.0686880413546458,-0.0686880413546458,0.0513325050706189
19.2556223171704,0,0.0285945738844167,0,19.2556223171704,0.0285945738844167,0.0285945738844167,0.0285945738844167,0.0139726523520546
34.7312424253189,0,0.00360906084633839,0,34.7312424253189,0.00360906084633839,0.00360906084633839,0.00360906084633839,0.017575833019559
54.7209102152747,0,0.0196726221291343,0,54.7209102152747,0.0196726221291343,0.0196726221291343,0.0196726221291343,0.0109274670854921
6.15335383446594,0,0.00868907833362001,0,6.15335383446594,0.00868907833362001,0.00868907833362001,0.00868907833362001,0.148956660150613
8.22166390729103,0,0.0200227074138689,0,8.22166390729103,0.0200227074138689,0.0200227074138689,0.0200227074138689,0.0889316774406693
8.77216358100521,0,0.0699261224100448,0,8.77216358100521,0.0699261224100448,0.0699261224100448,0.0699261224100448,0.0441440604084047
7.36539602284415,0,-0.0247872150245361,0,7.36539602284415,-0.0247872150245361,-0.0247872150245361,-0.0247872150245361,0.114121672795408
9.34902839864339,0,-0.0319037471830898,0,9.34902839864339,-0.0319037471830898,-0.0319037471830898,-0.0319037471830898,0.0353702402159913
12.5616640281909,0,0.00441577973083164,0,12.5616640281909,0.00441577973083164,0.00441577973083164,0.00441577973083164,0.0138459086615911
10.5411867057519,0,-0.0885790708954701,0,10.5411867057519,-0.0885790708954701,-0.0885790708954701,-0.0885790708954701,0.0320565633703811
10.8363107906744,0,-0.028098390818107,0,10.8363107906744,-0.028098390818107,-0.028098390818107,-0.028098390818107,0.071926050301895
7.60971237336999,0,0.0425196941211018,0,7.60971237336999,0.0425196941211018,0.0425196941211018,0.0425196941211018,0.0675431227803087
14.1717804897526,0,0.027255899623745,0,14.1717804897526,0.027255899623745,0.027255899623745,0.027255899623745,0.0438772018708798
11.3171115233183,0,-0.0301299566297987,0,11.3171115233183,-0.0301299566297987,-0.0301299566297987,-0.0301299566297987,0.0549217163119364
12.491172371433,0,0.00616174807970621,0,12.491172371433,0.00616174807970621,0.00616174807970621,0.00616174807970621,0.0405245193389735
17.7574754531964,0,-0.0364542682670167,0,17.7574754531964,-0.0364542682670167,-0.0364542682670167,-0.0364542682670167,0.0437339114285826
23.3384346785706,0,0.0173424537425691,0,23.3384346785706,0.0173424537425691,0.0173424537425691,0.0173424537425691,0.0189266195413323
21.0471310356801,0,0.0617673658141888,0,21.0471310356801,0.0617673658141888,0.0617673658141888,0.0617673658141888,0.047052745863464
16.8846431378076,0,0.0592246738975235,0,16.8846431378076,0.0592246738975235,0.0592246738975235,0.0592246738975235,0.0580511049145327
144.898873550211,0,0.152472628260226,0,144.898873550211,0.152472628260226,0.152472628260226,0.152472628260226,0.0124843951464072
10.8384906759069,0,-0.00221059163205814,0,10.8384906759069,-0.00221059163205814,-0.00221059163205814,-0.00221059163205814,0.0251376149245104
5.36034284274372,0,0.0126214961722838,0,5.36034284274372,0.0126214961722838,0.0126214961722838,0.0126214961722838,0.0439400124984659
14.6925462604222,0,-0.00458452472707301,0,14.6925462604222,-0.00458452472707301,-0.00458452472707301,-0.00458452472707301,0.0444254697733256
12.6985002447189,0,0.0156151615690587,0,12.6985002447189,0.0156151615690587,0.0156151615690587,0.0156151615690587,0.0344296478282526
11.0161041029769,0,-0.0031766917676102,0,11.0161041029769,-0.0031766917676102,-0.0031766917676102,-0.0031766917676102,0.0522005254908412
12.612078023469,0,-0.0597088928688878,0,12.612078023469,-0.0597088928688878,-0.0597088928688878,-0.0597088928688878,0.0322576765582896
27.9381463268887,0,-0.0196646199066465,0,27.9381463268887,-0.0196646199066465,-0.0196646199066465,-0.0196646199066465,0.0266030945529787
28.4056044215739,0,-0.0234835133541325,0,28.4056044215739,-0.0234835133541325,-0.0234835133541325,-0.0234835133541325,0.0460235649191708
13.4368696617468,0,0.0535402362440232,0,13.4368696617468,0.0535402362440232,0.0535402362440232,0.0535402362440232,0.0282079903838013
14.3373106913918,0,-0.0165868652445846,0,14.3373106913918,-0.0165868652445846,-0.0165868652445846,-0.0165868652445846,0.0475684856482902
25.9320346135502,0,-0.0232712391594247,0,25.9320346135502,-0.0232712391594247,-0.0232712391594247,-0.0232712391594247,0.0300519735078187
NA,NA,NA,NA,NA,NA,NA,NA,NA
3.48138260502119,0,-0.0431716232209931,0,3.48138260502119,-0.0431716232209931,-0.0431716232209931,-0.0431716232209931,0.0321818721032191
5.59197431763262,0,-0.0578220526680145,0,5.59197431763262,-0.0578220526680145,-0.0578220526680145,-0.0578220526680145,0.0290843221745671
7.10118523761685,0,-0.0285278978712163,0,7.10118523761685,-0.0285278978712163,-0.0285278978712163,-0.0285278978712163,0.0595492352872805
8.39406695268219,0,0.0167837864563465,0,8.39406695268219,0.0167837864563465,0.0167837864563465,0.0167837864563465,0.0322473662392579
6.68163411954067,0,0.0399525800720857,0,6.68163411954067,0.0399525800720857,0.0399525800720857,0.0399525800720857,0.0632642521725607
10.9419857642508,0,-0.0876235523401562,0,10.9419857642508,-0.0876235523401562,-0.0876235523401562,-0.0876235523401562,0.0336377588977628
9.567453602661,0,-0.0130573193727359,0,9.567453602661,-0.0130573193727359,-0.0130573193727359,-0.0130573193727359,0.0264340771076804
9.56764954052794,0,-0.00578932875863998,0,9.56764954052794,-0.00578932875863998,-0.00578932875863998,-0.00578932875863998,0.0288617279537588
9.58796747981615,0,0.00725905880614161,0,9.58796747981615,0.00725905880614161,0.00725905880614161,0.00725905880614161,0.0422687684348916
5.73956504007167,0,0.0771542732091128,0,5.73956504007167,0.0771542732091128,0.0771542732091128,0.0771542732091128,0.0324136561885854
9.03381024943225,0,-0.0258591277728825,0,9.03381024943225,-0.0258591277728825,-0.0258591277728825,-0.0258591277728825,0.0210013285642308
7.292171244769,0,0.0214216184583366,0,7.292171244769,0.0214216184583366,0.0214216184583366,0.0214216184583366,0.00787016036700002
10.6567948708008,0,0.0203455428827325,0,10.6567948708008,0.0203455428827325,0.0203455428827325,0.0203455428827325,0.0367174068081082
15.83958844307,0,0.0399832495665445,0,15.83958844307,0.0399832495665445,0.0399832495665445,0.0399832495665445,0.0130470310288665
17.7014293147066,0,0.0234372077444364,0,17.7014293147066,0.0234372077444364,0.0234372077444364,0.0234372077444364,0.0323786122878216
18.5230702558348,0,-0.00995709768556392,0,18.5230702558348,-0.00995709768556392,-0.00995709768556392,-0.00995709768556392,0.0596686324209322
13.5036026382197,0,0.0260526179813793,0,13.5036026382197,0.0260526179813793,0.0260526179813793,0.0260526179813793,0.0175137052055195
13.9836050997556,0,-0.0596374353307077,0,13.9836050997556,-0.0596374353307077,-0.0596374353307077,-0.0596374353307077,0.0260159424457815
11.3110693140974,0,0.00982781565554414,0,11.3110693140974,0.00982781565554414,0.00982781565554414,0.00982781565554414,0.0152975413868066
20.6083384757102,0,-0.0196913974375486,0,20.6083384757102,-0.0196913974375486,-0.0196913974375486,-0.0196913974375486,0.0564075951702511
12.3671082351961,0,0.0210231372322994,0,12.3671082351961,0.0210231372322994,0.0210231372322994,0.0210231372322994,0.0160828742749283
12.3654554745313,0,-0.0686880413546458,0,12.3654554745313,-0.0686880413546458,-0.0686880413546458,-0.0686880413546458,0.0513325050706189
19.2556223171704,0,0.0285945738844167,0,19.2556223171704,0.0285945738844167,0.0285945738844167,0.0285945738844167,0.0139726523520546
34.7312424253189,0,0.00360906084633839,0,34.7312424253189,0.00360906084633839,0.00360906084633839,0.00360906084633839,0.017575833019559
54.7209102152747,0,0.0196726221291343,0,54.7209102152747,0.0196726221291343,0.0196726221291343,0.0196726221291343,0.0109274670854921
6.15335383446594,0,0.00868907833362001,0,6.15335383446594,0.00868907833362001,0.00868907833362001,0.00868907833362001,0.148956660150613
8.22166390729103,0,0.0200227074138689,0,8.22166390729103,0.0200227074138689,0.0200227074138689,0.0200227074138689,0.0889316774406693
8.77216358100521,0,0.0699261224100448,0,8.77216358100521,0.0699261224100448,0.0699261224100448,0.0699261224100448,0.0441440604084047
7.36539602284415,0,-0.0247872150245361,0,7.36539602284415,-0.0247872150245361,-0.0247872150245361,-0.0247872150245361,0.114121672795408
9.34902839864339,0,-0.0319037471830898,0,9.34902839864339,-0.0319037471830898,-0.0319037471830898,-0.0319037471830898,0.0353702402159913
12.5616640281909,0,0.00441577973083164,0,12.5616640281909,0.00441577973083164,0.00441577973083164,0.00441577973083164,0.0138459086615911
10.5411867057519,0,-0.0885790708954701,0,10.5411867057519,-0.0885790708954701,-0.0885790708954701,-0.0885790708954701,0.0320565633703811
10.8363107906744,0,-0.028098390818107,0,10.8363107906744,-0.028098390818107,-0.028098390818107,-0.028098390818107,0.071926050301895
7.60971237336999,0,0.0425196941211018,0,7.60971237336999,0.0425196941211018,0.0425196941211018,0.0425196941211018,0.0675431227803087
14.1717804897526,0,0.027255899623745,0,14.1717804897526,0.027255899623745,0.027255899623745,0.027255899623745,0.0438772018708798
11.3171115233183,0,-0.0301299566297987,0,11.3171115233183,-0.0301299566297987,-0.0301299566297987,-0.0301299566297987,0.0549217163119364
12.491172371433,0,0.00616174807970621,0,12.491172371433,0.00616174807970621,0.00616174807970621,0.00616174807970621,0.0405245193389735
17.7574754531964,0,-0.0364542682670167,0,17.7574754531964,-0.0364542682670167,-0.0364542682670167,-0.0364542682670167,0.0437339114285826
23.3384346785706,0,0.0173424537425691,0,23.3384346785706,0.0173424537425691,0.0173424537425691,0.0173424537425691,0.0189266195413323
21.0471310356801,0,0.0617673658141888,0,21.0471310356801,0.0617673658141888,0.0617673658141888,0.0617673658141888,0.047052745863464
16.8846431378076,0,0.0592246738975235,0,16.8846431378076,0.0592246738975235,0.0592246738975235,0.0592246738975235,0.0580511049145327
144.898873550211,0,0.152472628260226,0,144.898873550211,0.152472628260226,0.152472628260226,0.152472628260226,0.0124843951464072
10.8384906759069,0,-0.00221059163205814,0,10.8384906759069,-0.00221059163205814,-0.00221059163205814,-0.00221059163205814,0.0251376149245104
5.36034284274372,0,0.0126214961722838,0,5.36034284274372,0.0126214961722838,0.0126214961722838,0.0126214961722838,0.0439400124984659
14.6925462604222,0,-0.00458452472707301,0,14.6925462604222,-0.00458452472707301,-0.00458452472707301,-0.00458452472707301,0.0444254697733256
12.6985002447189,0,0.0156151615690587,0,12.6985002447189,0.0156151615690587,0.0156151615690587,0.0156151615690587,0.0344296478282526
11.0161041029769,0,-0.0031766917676102,0,11.0161041029769,-0.0031766917676102,-0.0031766917676102,-0.0031766917676102,0.0522005254908412
12.612078023469,0,-0.0597088928688878,0,12.612078023469,-0.0597088928688878,-0.0597088928688878,-0.0597088928688878,0.0322576765582896
27.9381463268887,0,-0.0196646199066465,0,27.9381463268887,-0.0196646199066465,-0.0196646199066465,-0.0196646199066465,0.0266030945529787
28.4056044215739,0,-0.0234835133541325,0,28.4056044215739,-0.0234835133541325,-0.0234835133541325,-0.0234835133541325,0.0460235649191708
13.4368696617468,0,0.0535402362440232,0,13.4368696617468,0.0535402362440232,0.0535402362440232,0.0535402362440232,0.0282079903838013
14.3373106913918,0,-0.0165868652445846,0,14.3373106913918,-0.0165868652445846,-0.0165868652445846,-0.0165868652445846,0.0475684856482902
25.9320346135502,0,-0.0232712391594247,0,25.9320346135502,-0.0232712391594247,-0.0232712391594247,-0.0232712391594247,0.0300519735078187
NA,NA,NA,NA,NA,NA,NA,NA,NA
3.48138260502119,0,-0.0431716232209931,0,3.48138260502119,-0.0431716232209931,-0.0431716232209931,-0.0431716232209931,0.0321818721032191
5.59197431763262,0,-0.0578220526680145,0,5.59197431763262,-0.0578220526680145,-0.0578220526680145,-0.0578220526680145,0.0290843221745671
7.10118523761685,0,-0.0285278978712163,0,7.10118523761685,-0.0285278978712163,-0.0285278978712163,-0.0285278978712163,0.0595492352872805
8.39406695268219,0,0.0167837864563465,0,8.39406695268219,0.0167837864563465,0.0167837864563465,0.0167837864563465,0.0322473662392579
6.68163411954067,0,0.0399525800720857,0,6.68163411954067,0.0399525800720857,0.0399525800720857,0.0399525800720857,0.0632642521725607
10.9419857642508,0,-0.0876235523401562,0,10.9419857642508,-0.0876235523401562,-0.0876235523401562,-0.0876235523401562,0.0336377588977628
9.567453602661,0,-0.0130573193727359,0,9.567453602661,-0.0130573193727359,-0.0130573193727359,-0.0130573193727359,0.0264340771076804
9.56764954052794,0,-0.00578932875863998,0,9.56764954052794,-0.00578932875863998,-0.00578932875863998,-0.00578932875863998,0.0288617279537588
9.58796747981615,0,0.00725905880614161,0,9.58796747981615,0.00725905880614161,0.00725905880614161,0.00725905880614161,0.0422687684348916
5.73956504007167,0,0.0771542732091128,0,5.73956504007167,0.0771542732091128,0.0771542732091128,0.0771542732091128,0.0324136561885854
9.03381024943225,0,-0.0258591277728825,0,9.03381024943225,-0.0258591277728825,-0.0258591277728825,-0.0258591277728825,0.0210013285642308
7.292171244769,0,0.0214216184583366,0,7.292171244769,0.0214216184583366,0.0214216184583366,0.0214216184583366,0.00787016036700002
10.6567948708008,0,0.0203455428827325,0,10.6567948708008,0.0203455428827325,0.0203455428827325,0.0203455428827325,0.0367174068081082
15.83958844307,0,0.0399832495665445,0,15.83958844307,0.0399832495665445,0.0399832495665445,0.0399832495665445,0.0130470310288665
17.7014293147066,0,0.0234372077444364,0,17.7014293147066,0.0234372077444364,0.0234372077444364,0.0234372077444364,0.0323786122878216
18.5230702558348,0,-0.00995709768556392,0,18.5230702558348,-0.00995709768556392,-0.00995709768556392,-0.00995709768556392,0.0596686324209322
13.5036026382197,0,0.0260526179813793,0,13.5036026382197,0.0260526179813793,0.0260526179813793,0.0260526179813793,0.0175137052055195
13.9836050997556,0,-0.0596374353307077,0,13.9836050997556,-0.0596374353307077,-0.0596374353307077,-0.0596374353307077,0.0260159424457815
11.3110693140974,0,0.00982781565554414,0,11.3110693140974,0.00982781565554414,0.00982781565554414,0.00982781565554414,0.0152975413868066
20.6083384757102,0,-0.0196913974375486,0,20.6083384757102,-0.0196913974375486,-0.0196913974375486,-0.0196913974375486,0.0564075951702511
12.3671082351961,0,0.0210231372322994,0,12.3671082351961,0.0210231372322994,0.0210231372322994,0.0210231372322994,0.0160828742749283
12.3654554745313,0,-0.0686880413546458,0,12.3654554745313,-0.0686880413546458,-0.0686880413546458,-0.0686880413546458,0.0513325050706189
19.2556223171704,0,0.0285945738844167,0,19.2556223171704,0.0285945738844167,0.0285945738844167,0.0285945738844167,0.0139726523520546
34.7312424253189,0,0.00360906084633839,0,34.7312424253189,0.00360906084633839,0.00360906084633839,0.00360906084633839,0.017575833019559
54.7209102152747,0,0.0196726221291343,0,54.7209102152747,0.0196726221291343,0.0196726221291343,0.0196726221291343,0.0109274670854921
6.15335383446594,0,0.00868907833362001,0,6.15335383446594,0.00868907833362001,0.00868907833362001,0.00868907833362001,0.148956660150613
8.22166390729103,0,0.0200227074138689,0,8.22166390729103,0.0200227074138689,0.0200227074138689,0.0200227074138689,0.0889316774406693
8.77216358100521,0,0.0699261224100448,0,8.77216358100521,0.0699261224100448,0.0699261224100448,0.0699261224100448,0.0441440604084047
7.36539602284415,0,-0.0247872150245361,0,7.36539602284415,-0.0247872150245361,-0.0247872150245361,-0.0247872150245361,0.114121672795408
9.34902839864339,0,-0.0319037471830898,0,9.34902839864339,-0.0319037471830898,-0.0319037471830898,-0.0319037471830898,0.0353702402159913
12.5616640281909,0,0.00441577973083164,0,12.5616640281909,0.00441577973083164,0.00441577973083164,0.00441577973083164,0.0138459086615911
10.5411867057519,0,-0.0885790708954701,0,10.5411867057519,-0.0885790708954701,-0.0885790708954701,-0.0885790708954701,0.0320565633703811
10.8363107906744,0,-0.028098390818107,0,10.8363107906744,-0.028098390818107,-0.028098390818107,-0.028098390818107,0.071926050301895
7.60971237336999,0,0.0425196941211018,0,7.60971237336999,0.0425196941211018,0.0425196941211018,0.0425196941211018,0.0675431227803087
14.1717804897526,0,0.027255899623745,0,14.1717804897526,0.027255899623745,0.027255899623745,0.027255899623745,0.0438772018708798
11.3171115233183,0,-0.0301299566297987,0,11.3171115233183,-0.0301299566297987,-0.0301299566297987,-0.0301299566297987,0.0549217163119364
12.491172371433,0,0.00616174807970621,0,12.491172371433,0.00616174807970621,0.00616174807970621,0.00616174807970621,0.0405245193389735
17.7574754531964,0,-0.0364542682670167,0,17.7574754531964,-0.0364542682670167,-0.0364542682670167,-0.0364542682670167,0.0437339114285826
23.3384346785706,0,0.0173424537425691,0,23.3384346785706,0.0173424537425691,0.0173424537425691,0.0173424537425691,0.0189266195413323
21.0471310356801,0,0.0617673658141888,0,21.0471310356801,0.0617673658141888,0.0617673658141888,0.0617673658141888,0.047052745863464
16.8846431378076,0,0.0592246738975235,0,16.8846431378076,0.0592246738975235,0.0592246738975235,0.0592246738975235,0.0580511049145327
144.898873550211,0,0.152472628260226,0,144.898873550211,0.152472628260226,0.152472628260226,0.152472628260226,0.0124843951464072
10.8384906759069,0,-0.00221059163205814,0,10.8384906759069,-0.00221059163205814,-0.00221059163205814,-0.00221059163205814,0.0251376149245104
5.36034284274372,0,0.0126214961722838,0,5.36034284274372,0.0126214961722838,0.0126214961722838,0.0126214961722838,0.0439400124984659
14.6925462604222,0,-0.00458452472707301,0,14.6925462604222,-0.00458452472707301,-0.00458452472707301,-0.00458452472707301,0.0444254697733256
12.6985002447189,0,0.0156151615690587,0,12.6985002447189,0.0156151615690587,0.0156151615690587,0.0156151615690587,0.0344296478282526
11.0161041029769,0,-0.0031766917676102,0,11.0161041029769,-0.0031766917676102,-0.0031766917676102,-0.0031766917676102,0.0522005254908412
12.612078023469,0,-0.0597088928688878,0,12.612078023469,-0.0597088928688878,-0.0597088928688878,-0.0597088928688878,0.0322576765582896
27.9381463268887,0,-0.0196646199066465,0,27.9381463268887,-0.0196646199066465,-0.0196646199066465,-0.0196646199066465,0.0266030945529787
28.4056044215739,0,-0.0234835133541325,0,28.4056044215739,-0.0234835133541325,-0.0234835133541325,-0.0234835133541325,0.0460235649191708
13.4368696617468,0,0.0535402362440232,0,13.4368696617468,0.0535402362440232,0.0535402362440232,0.0535402362440232,0.0282079903838013
14.3373106913918,0,-0.0165868652445846,0,14.3373106913918,-0.0165868652445846,-0.0165868652445846,-0.0165868652445846,0.0475684856482902
25.9320346135502,0,-0.0232712391594247,0,25.9320346135502,-0.0232712391594247,-0.0232712391594247,-0.0232712391594247,0.0300519735078187
NA,NA,NA,NA,NA,NA,NA,NA,NA
3.48138260502119,0,-0.0431716232209931,0,3.48138260502119,-0.0431716232209931,-0.0431716232209931,-0.0431716232209931,0.0321818721032191
5.59197431763262,0,-0.0578220526680145,0,5.59197431763262,-0.0578220526680145,-0.0578220526680145,-0.0578220526680145,0.0290843221745671
7.10118523761685,0,-0.0285278978712163,0,7.10118523761685,-0.0285278978712163,-0.0285278978712163,-0.0285278978712163,0.0595492352872805
8.39406695268219,0,0.0167837864563465,0,8.39406695268219,0.0167837864563465,0.0167837864563465,0.0167837864563465,0.0322473662392579
6.68163411954067,0,0.0399525800720857,0,6.68163411954067,0.0399525800720857,0.0399525800720857,0.0399525800720857,0.0632642521725607
10.9419857642508,0,-0.0876235523401562,0,10.9419857642508,-0.0876235523401562,-0.0876235523401562,-0.0876235523401562,0.0336377588977628
9.567453602661,0,-0.0130573193727359,0,9.567453602661,-0.0130573193727359,-0.0130573193727359,-0.0130573193727359,0.0264340771076804
9.56764954052794,0,-0.00578932875863998,0,9.56764954052794,-0.00578932875863998,-0.00578932875863998,-0.00578932875863998,0.0288617279537588
9.58796747981615,0,0.00725905880614161,0,9.58796747981615,0.00725905880614161,0.00725905880614161,0.00725905880614161,0.0422687684348916
5.73956504007167,0,0.0771542732091128,0,5.73956504007167,0.0771542732091128,0.0771542732091128,0.0771542732091128,0.0324136561885854
9.03381024943225,0,-0.0258591277728825,0,9.03381024943225,-0.0258591277728825,-0.0258591277728825,-0.0258591277728825,0.0210013285642308
7.292171244769,0,0.0214216184583366,0,7.292171244769,0.0214216184583366,0.0214216184583366,0.0214216184583366,0.00787016036700002
10.6567948708008,0,0.0203455428827325,0,10.6567948708008,0.0203455428827325,0.0203455428827325,0.0203455428827325,0.0367174068081082
15.83958844307,0,0.0399832495665445,0,15.83958844307,0.0399832495665445,0.0399832495665445,0.0399832495665445,0.0130470310288665
17.7014293147066,0,0.0234372077444364,0,17.7014293147066,0.0234372077444364,0.0234372077444364,0.0234372077444364,0.0323786122878216
18.5230702558348,0,-0.00995709768556392,0,18.5230702558348,-0.00995709768556392,-0.00995709768556392,-0.00995709768556392,0.0596686324209322
13.5036026382197,0,0.0260526179813793,0,13.5036026382197,0.0260526179813793,0.0260526179813793,0.0260526179813793,0.0175137052055195
13.9836050997556,0,-0.0596374353307077,0,13.9836050997556,-0.0596374353307077,-0.0596374353307077,-0.0596374353307077,0.0260159424457815
11.3110693140974,0,0.00982781565554414,0,11.3110693140974,0.00982781565554414,0.00982781565554414,0.00982781565554414,0.0152975413868066
20.6083384757102,0,-0.0196913974375486,0,20.6083384757102,-0.0196913974375486,-0.0196913974375486,-0.0196913974375486,0.0564075951702511
12.3671082351961,0,0.0210231372322994,0,12.3671082351961,0.0210231372322994,0.0210231372322994,0.0210231372322994,0.0160828742749283
12.3654554745313,0,-0.0686880413546458,0,12.3654554745313,-0.0686880413546458,-0.0686880413546458,-0.0686880413546458,0.0513325050706189
19.2556223171704,0,0.0285945738844167,0,19.2556223171704,0.0285945738844167,0.0285945738844167,0.0285945738844167,0.0139726523520546
34.7312424253189,0,0.00360906084633839,0,34.7312424253189,0.00360906084633839,0.00360906084633839,0.00360906084633839,0.017575833019559
54.7209102152747,0,0.0196726221291343,0,54.7209102152747,0.0196726221291343,0.0196726221291343,0.0196726221291343,0.0109274670854921
6.15335383446594,0,0.00868907833362001,0,6.15335383446594,0.00868907833362001,0.00868907833362001,0.00868907833362001,0.148956660150613
8.22166390729103,0,0.0200227074138689,0,8.22166390729103,0.0200227074138689,0.0200227074138689,0.0200227074138689,0.0889316774406693
8.77216358100521,0,0.0699261224100448,0,8.77216358100521,0.0699261224100448,0.0699261224100448,0.0699261224100448,0.0441440604084047
7.36539602284415,0,-0.0247872150245361,0,7.36539602284415,-0.0247872150245361,-0.0247872150245361,-0.0247872150245361,0.114121672795408
9.34902839864339,0,-0.0319037471830898,0,9.34902839864339,-0.0319037471830898,-0.0319037471830898,-0.0319037471830898,0.0353702402159913
12.5616640281909,0,0.00441577973083164,0,12.5616640281909,0.00441577973083164,0.00441577973083164,0.00441577973083164,0.0138459086615911
10.5411867057519,0,-0.0885790708954701,0,10.5411867057519,-0.0885790708954701,-0.0885790708954701,-0.0885790708954701,0.0320565633703811
10.8363107906744,0,-0.028098390818107,0,10.8363107906744,-0.028098390818107,-0.028098390818107,-0.028098390818107,0.071926050301895
7.60971237336999,0,0.0425196941211018,0,7.60971237336999,0.0425196941211018,0.0425196941211018,0.0425196941211018,0.0675431227803087
14.1717804897526,0,0.027255899623745,0,14.1717804897526,0.027255899623745,0.027255899623745,0.027255899623745,0.0438772018708798
11.3171115233183,0,-0.0301299566297987,0,11.3171115233183,-0.0301299566297987,-0.0301299566297987,-0.0301299566297987,0.0549217163119364
12.491172371433,0,0.00616174807970621,0,12.491172371433,0.00616174807970621,0.00616174807970621,0.00616174807970621,0.0405245193389735
17.7574754531964,0,-0.0364542682670167,0,17.7574754531964,-0.0364542682670167,-0.0364542682670167,-0.0364542682670167,0.0437339114285826
23.3384346785706,0,0.0173424537425691,0,23.3384346785706,0.0173424537425691,0.0173424537425691,0.0173424537425691,0.0189266195413323
21.0471310356801,0,0.0617673658141888,0,21.0471310356801,0.0617673658141888,0.0617673658141888,0.0617673658141888,0.047052745863464
16.8846431378076,0,0.0592246738975235,0,16.8846431378076,0.0592246738975235,0.0592246738975235,0.0592246738975235,0.0580511049145327
144.898873550211,0,0.152472628260226,0,144.898873550211,0.152472628260226,0.152472628260226,0.152472628260226,0.0124843951464072
10.8384906759069,0,-0.00221059163205814,0,10.8384906759069,-0.00221059163205814,-0.00221059163205814,-0.00221059163205814,0.0251376149245104
5.36034284274372,0,0.0126214961722838,0,5.36034284274372,0.0126214961722838,0.0126214961722838,0.0126214961722838,0.0439400124984659
14.6925462604222,0,-0.00458452472707301,0,14.6925462604222,-0.00458452472707301,-0.00458452472707301,-0.00458452472707301,0.0444254697733256
12.6985002447189,0,0.0156151615690587,0,12.6985002447189,0.0156151615690587,0.0156151615690587,0.0156151615690587,0.0344296478282526
11.0161041029769,0,-0.0031766917676102,0,11.0161041029769,-0.0031766917676102,-0.0031766917676102,-0.0031766917676102,0.0522005254908412
12.612078023469,0,-0.0597088928688878,0,12.612078023469,-0.0597088928688878,-0.0597088928688878,-0.0597088928688878,0.0322576765582896
27.9381463268887,0,-0.0196646199066465,0,27.9381463268887,-0.0196646199066465,-0.0196646199066465,-0.0196646199066465,0.0266030945529787
28.4056044215739,0,-0.0234835133541325,0,28.4056044215739,-0.0234835133541325,-0.0234835133541325,-0.0234835133541325,0.0460235649191708
13.4368696617468,0,0.0535402362440232,0,13.4368696617468,0.0535402362440232,0.0535402362440232,0.0535402362440232,0.0282079903838013
14.3373106913918,0,-0.0165868652445846,0,14.3373106913918,-0.0165868652445846,-0.0165868652445846,-0.0165868652445846,0.0475684856482902
25.9320346135502,0,-0.0232712391594247,0,25.9320346135502,-0.0232712391594247,-0.0232712391594247,-0.0232712391594247,0.0300519735078187
NA,NA,NA,NA,NA,NA,NA,NA,NA
3.48138260502119,0,-0.0431716232209931,0,3.48138260502119,-0.0431716232209931,-0.0431716232209931,-0.0431716232209931,0.0321818721032191
5.59197431763262,0,-0.0578220526680145,0,5.59197431763262,-0.0578220526680145,-0.0578220526680145,-0.0578220526680145,0.0290843221745671
7.10118523761685,0,-0.0285278978712163,0,7.10118523761685,-0.0285278978712163,-0.0285278978712163,-0.0285278978712163,0.0595492352872805
8.39406695268219,0,0.0167837864563465,0,8.39406695268219,0.0167837864563465,0.0167837864563465,0.0167837864563465,0.0322473662392579
6.68163411954067,0,0.0399525800720857,0,6.68163411954067,0.0399525800720857,0.0399525800720857,0.0399525800720857,0.0632642521725607
10.9419857642508,0,-0.0876235523401562,0,10.9419857642508,-0.0876235523401562,-0.0876235523401562,-0.0876235523401562,0.0336377588977628
9.567453602661,0,-0.0130573193727359,0,9.567453602661,-0.0130573193727359,-0.0130573193727359,-0.0130573193727359,0.0264340771076804
9.56764954052794,0,-0.00578932875863998,0,9.56764954052794,-0.00578932875863998,-0.00578932875863998,-0.00578932875863998,0.0288617279537588
9.58796747981615,0,0.00725905880614161,0,9.58796747981615,0.00725905880614161,0.00725905880614161,0.00725905880614161,0.0422687684348916
12.9045618909384,0,-0.020800428050844,0,12.9045618909384,-0.020800428050844,-0.020800428050844,-0.020800428050844,0.00918914559220215
9.03381024943225,0,-0.0258591277728825,0,9.03381024943225,-0.0258591277728825,-0.0258591277728825,-0.0258591277728825,0.0210013285642308
7.292171244769,0,0.0214216184583366,0,7.292171244769,0.0214216184583366,0.0214216184583366,0.0214216184583366,0.00787016036700002
10.6567948708008,0,0.0203455428827325,0,10.6567948708008,0.0203455428827325,0.0203455428827325,0.0203455428827325,0.0367174068081082
15.83958844307,0,0.0399832495665445,0,15.83958844307,0.0399832495665445,0.0399832495665445,0.0399832495665445,0.0130470310288665
17.7014293147066,0,0.0234372077444364,0,17.7014293147066,0.0234372077444364,0.0234372077444364,0.0234372077444364,0.0323786122878216
18.5230702558348,0,-0.00995709768556392,0,18.5230702558348,-0.00995709768556392,-0.00995709768556392,-0.00995709768556392,0.0596686324209322
13.5036026382197,0,0.0260526179813793,0,13.5036026382197,0.0260526179813793,0.0260526179813793,0.0260526179813793,0.0175137052055195
13.9836050997556,0,-0.0596374353307077,0,13.9836050997556,-0.0596374353307077,-0.0596374353307077,-0.0596374353307077,0.0260159424457815
11.3110693140974,0,0.00982781565554414,0,11.3110693140974,0.00982781565554414,0.00982781565554414,0.00982781565554414,0.0152975413868066
20.6083384757102,0,-0.0196913974375486,0,20.6083384757102,-0.0196913974375486,-0.0196913974375486,-0.0196913974375486,0.0564075951702511
12.3671082351961,0,0.0210231372322994,0,12.3671082351961,0.0210231372322994,0.0210231372322994,0.0210231372322994,0.0160828742749283
12.3654554745313,0,-0.0686880413546458,0,12.3654554745313,-0.0686880413546458,-0.0686880413546458,-0.0686880413546458,0.0513325050706189
19.2556223171704,0,0.0285945738844167,0,19.2556223171704,0.0285945738844167,0.0285945738844167,0.0285945738844167,0.0139726523520546
34.7312424253189,0,0.00360906084633839,0,34.7312424253189,0.00360906084633839,0.00360906084633839,0.00360906084633839,0.017575833019559
54.7209102152747,0,0.0196726221291343,0,54.7209102152747,0.0196726221291343,0.0196726221291343,0.0196726221291343,0.0109274670854921
6.15335383446594,0,0.00868907833362001,0,6.15335383446594,0.00868907833362001,0.00868907833362001,0.00868907833362001,0.148956660150613
8.22166390729103,0,0.0200227074138689,0,8.22166390729103,0.0200227074138689,0.0200227074138689,0.0200227074138689,0.0889316774406693
8.77216358100521,0,0.0699261224100448,0,8.77216358100521,0.0699261224100448,0.0699261224100448,0.0699261224100448,0.0441440604084047
7.36539602284415,0,-0.0247872150245361,0,7.36539602284415,-0.0247872150245361,-0.0247872150245361,-0.0247872150245361,0.114121672795408
9.34902839864339,0,-0.0319037471830898,0,9.34902839864339,-0.0319037471830898,-0.0319037471830898,-0.0319037471830898,0.0353702402159913
12.5616640281909,0,0.00441577973083164,0,12.5616640281909,0.00441577973083164,0.00441577973083164,0.00441577973083164,0.0138459086615911
10.5411867057519,0,-0.0885790708954701,0,10.5411867057519,-0.0885790708954701,-0.0885790708954701,-0.0885790708954701,0.0320565633703811
10.8363107906744,0,-0.028098390818107,0,10.8363107906744,-0.028098390818107,-0.028098390818107,-0.028098390818107,0.071926050301895
7.60971237336999,0,0.0425196941211018,0,7.60971237336999,0.0425196941211018,0.0425196941211018,0.0425196941211018,0.0675431227803087
14.1717804897526,0,0.027255899623745,0,14.1717804897526,0.027255899623745,0.027255899623745,0.027255899623745,0.0438772018708798
11.3171115233183,0,-0.0301299566297987,0,11.3171115233183,-0.0301299566297987,-0.0301299566297987,-0.0301299566297987,0.0549217163119364
12.491172371433,0,0.00616174807970621,0,12.491172371433,0.00616174807970621,0.00616174807970621,0.00616174807970621,0.0405245193389735
17.7574754531964,0,-0.0364542682670167,0,17.7574754531964,-0.0364542682670167,-0.0364542682670167,-0.0364542682670167,0.0437339114285826
23.3384346785706,0,0.0173424537425691,0,23.3384346785706,0.0173424537425691,0.0173424537425691,0.0173424537425691,0.0189266195413323
21.0471310356801,0,0.0617673658141888,0,21.0471310356801,0.0617673658141888,0.0617673658141888,0.0617673658141888,0.047052745863464
16.8846431378076,0,0.0592246738975235,0,16.8846431378076,0.0592246738975235,0.0592246738975235,0.0592246738975235,0.0580511049145327
144.898873550211,0,0.152472628260226,0,144.898873550211,0.152472628260226,0.152472628260226,0.152472628260226,0.0124843951464072
10.8384906759069,0,-0.00221059163205814,0,10.8384906759069,-0.00221059163205814,-0.00221059163205814,-0.00221059163205814,0.0251376149245104
5.36034284274372,0,0.0126214961722838,0,5.36034284274372,0.0126214961722838,0.0126214961722838,0.0126214961722838,0.0439400124984659
14.6925462604222,0,-0.00458452472707301,0,14.6925462604222,-0.00458452472707301,-0.00458452472707301,-0.00458452472707301,0.0444254697733256
12.6985002447189,0,0.0156151615690587,0,12.6985002447189,0.0156151615690587,0.0156151615690587,0.0156151615690587,0.0344296478282526
11.0161041029769,0,-0.0031766917676102,0,11.0161041029769,-0.0031766917676102,-0.0031766917676102,-0.0031766917676102,0.0522005254908412
12.612078023469,0,-0.0597088928688878,0,12.612078023469,-0.0597088928688878,-0.0597088928688878,-0.0597088928688878,0.0322576765582896
27.9381463268887,0,-0.0196646199066465,0,27.9381463268887,-0.0196646199066465,-0.0196646199066465,-0.0196646199066465,0.0266030945529787
28.4056044215739,0,-0.0234835133541325,0,28.4056044215739,-0.0234835133541325,-0.0234835133541325,-0.0234835133541325,0.0460235649191708
13.4368696617468,0,0.0535402362440232,0,13.4368696617468,0.0535402362440232,0.0535402362440232,0.0535402362440232,0.0282079903838013
14.3373106913918,0,-0.0165868652445846,0,14.3373106913918,-0.0165868652445846,-0.0165868652445846,-0.0165868652445846,0.0475684856482902
25.9320346135502,0,-0.0232712391594247,0,25.9320346135502,-0.0232712391594247,-0.0232712391594247,-0.0232712391594247,0.0300519735078187
NA,NA,NA,NA,NA,NA,NA,NA,NA
3.48138260502119,0,-0.0431716232209931,0,3.48138260502119,-0.0431716232209931,-0.0431716232209931,-0.0431716232209931,0.0321818721032191
5.59197431763262,0,-0.0578220526680145,0,5.59197431763262,-0.0578220526680145,-0.0578220526680145,-0.0578220526680145,0.0290843221745671
7.10118523761685,0,-0.0285278978712163,0,7.10118523761685,-0.0285278978712163,-0.0285278978712163,-0.0285278978712163,0.0595492352872805
8.39406695268219,0,0.0167837864563465,0,8.39406695268219,0.0167837864563465,0.0167837864563465,0.0167837864563465,0.0322473662392579
6.68163411954067,0,0.0399525800720857,0,6.68163411954067,0.0399525800720857,0.0399525800720857,0.0399525800720857,0.0632642521725607
10.9419857642508,0,-0.0876235523401562,0,10.9419857642508,-0.0876235523401562,-0.0876235523401562,-0.0876235523401562,0.0336377588977628
9.567453602661,0,-0.0130573193727359,0,9.567453602661,-0.0130573193727359,-0.0130573193727359,-0.0130573193727359,0.0264340771076804
9.56764954052794,0,-0.00578932875863998,0,9.56764954052794,-0.00578932875863998,-0.00578932875863998,-0.00578932875863998,0.0288617279537588
9.58796747981615,0,0.00725905880614161,0,9.58796747981615,0.00725905880614161,0.00725905880614161,0.00725905880614161,0.0422687684348916
12.9045618909384,0,-0.020800428050844,0,12.9045618909384,-0.020800428050844,-0.020800428050844,-0.020800428050844,0.00918914559220215
9.03381024943225,0,-0.0258591277728825,0,9.03381024943225,-0.0258591277728825,-0.0258591277728825,-0.0258591277728825,0.0210013285642308
7.292171244769,0,0.0214216184583366,0,7.292171244769,0.0214216184583366,0.0214216184583366,0.0214216184583366,0.00787016036700002
10.6567948708008,0,0.0203455428827325,0,10.6567948708008,0.0203455428827325,0.0203455428827325,0.0203455428827325,0.0367174068081082
15.83958844307,0,0.0399832495665445,0,15.83958844307,0.0399832495665445,0.0399832495665445,0.0399832495665445,0.0130470310288665
17.7014293147066,0,0.0234372077444364,0,17.7014293147066,0.0234372077444364,0.0234372077444364,0.0234372077444364,0.0323786122878216
18.5230702558348,0,-0.00995709768556392,0,18.5230702558348,-0.00995709768556392,-0.00995709768556392,-0.00995709768556392,0.0596686324209322
13.5036026382197,0,0.0260526179813793,0,13.5036026382197,0.0260526179813793,0.0260526179813793,0.0260526179813793,0.0175137052055195
13.9836050997556,0,-0.0596374353307077,0,13.9836050997556,-0.0596374353307077,-0.0596374353307077,-0.0596374353307077,0.0260159424457815
11.3110693140974,0,0.00982781565554414,0,11.3110693140974,0.00982781565554414,0.00982781565554414,0.00982781565554414,0.0152975413868066
20.6083384757102,0,-0.0196913974375486,0,20.6083384757102,-0.0196913974375486,-0.0196913974375486,-0.0196913974375486,0.0564075951702511
12.3671082351961,0,0.0210231372322994,0,12.3671082351961,0.0210231372322994,0.0210231372322994,0.0210231372322994,0.0160828742749283
12.3654554745313,0,-0.0686880413546458,0,12.3654554745313,-0.0686880413546458,-0.0686880413546458,-0.0686880413546458,0.0513325050706189
19.2556223171704,0,0.0285945738844167,0,19.2556223171704,0.0285945738844167,0.0285945738844167,0.0285945738844167,0.0139726523520546
34.7312424253189,0,0.00360906084633839,0,34.7312424253189,0.00360906084633839,0.00360906084633839,0.00360906084633839,0.017575833019559
54.7209102152747,0,0.0196726221291343,0,54.7209102152747,0.0196726221291343,0.0196726221291343,0.0196726221291343,0.0109274670854921
6.15335383446594,0,0.00868907833362001,0,6.15335383446594,0.00868907833362001,0.00868907833362001,0.00868907833362001,0.148956660150613
8.22166390729103,0,0.0200227074138689,0,8.22166390729103,0.0200227074138689,0.0200227074138689,0.0200227074138689,0.0889316774406693
8.77216358100521,0,0.0699261224100448,0,8.77216358100521,0.0699261224100448,0.0699261224100448,0.0699261224100448,0.0441440604084047
7.36539602284415,0,-0.0247872150245361,0,7.36539602284415,-0.0247872150245361,-0.0247872150245361,-0.0247872150245361,0.114121672795408
9.34902839864339,0,-0.0319037471830898,0,9.34902839864339,-0.0319037471830898,-0.0319037471830898,-0.0319037471830898,0.0353702402159913
12.5616640281909,0,0.00441577973083164,0,12.5616640281909,0.00441577973083164,0.00441577973083164,0.00441577973083164,0.0138459086615911
10.5411867057519,0,-0.0885790708954701,0,10.5411867057519,-0.0885790708954701,-0.0885790708954701,-0.0885790708954701,0.0320565633703811
10.8363107906744,0,-0.028098390818107,0,10.8363107906744,-0.028098390818107,-0.028098390818107,-0.028098390818107,0.071926050301895
7.60971237336999,0,0.0425196941211018,0,7.60971237336999,0.0425196941211018,0.0425196941211018,0.0425196941211018,0.0675431227803087
14.1717804897526,0,0.027255899623745,0,14.1717804897526,0.027255899623745,0.027255899623745,0.027255899623745,0.0438772018708798
11.3171115233183,0,-0.0301299566297987,0,11.3171115233183,-0.0301299566297987,-0.0301299566297987,-0.0301299566297987,0.0549217163119364
12.491172371433,0,0.00616174807970621,0,12.491172371433,0.00616174807970621,0.00616174807970621,0.00616174807970621,0.0405245193389735
17.7574754531964,0,-0.0364542682670167,0,17.7574754531964,-0.0364542682670167,-0.0364542682670167,-0.0364542682670167,0.0437339114285826
23.3384346785706,0,0.0173424537425691,0,23.3384346785706,0.0173424537425691,0.0173424537425691,0.0173424537425691,0.0189266195413323
21.0471310356801,0,0.0617673658141888,0,21.0471310356801,0.0617673658141888,0.0617673658141888,0.0617673658141888,0.047052745863464
16.8846431378076,0,0.0592246738975235,0,16.8846431378076,0.0592246738975235,0.0592246738975235,0.0592246738975235,0.0580511049145327
144.898873550211,0,0.152472628260226,0,144.898873550211,0.152472628260226,0.152472628260226,0.152472628260226,0.0124843951464072
10.8384906759069,0,-0.00221059163205814,0,10.8384906759069,-0.00221059163205814,-0.00221059163205814,-0.00221059163205814,0.0251376149245104
5.36034284274372,0,0.0126214961722838,0,5.36034284274372,0.0126214961722838,0.0126214961722838,0.0126214961722838,0.0439400124984659
14.6925462604222,0,-0.00458452472707301,0,14.6925462604222,-0.00458452472707301,-0.00458452472707301,-0.00458452472707301,0.0444254697733256
12.6985002447189,0,0.0156151615690587,0,12.6985002447189,0.0156151615690587,0.0156151615690587,0.0156151615690587,0.0344296478282526
11.0161041029769,0,-0.0031766917676102,0,11.0161041029769,-0.0031766917676102,-0.0031766917676102,-0.0031766917676102,0.0522005254908412
12.612078023469,0,-0.0597088928688878,0,12.612078023469,-0.0597088928688878,-0.0597088928688878,-0.0597088928688878,0.0322576765582896
27.9381463268887,0,-0.0196646199066465,0,27.9381463268887,-0.0196646199066465,-0.0196646199066465,-0.0196646199066465,0.0266030945529787
28.4056044215739,0,-0.0234835133541325,0,28.4056044215739,-0.0234835133541325,-0.0234835133541325,-0.0234835133541325,0.0460235649191708
13.4368696617468,0,0.0535402362440232,0,13.4368696617468,0.0535402362440232,0.0535402362440232,0.0535402362440232,0.0282079903838013
14.3373106913918,0,-0.0165868652445846,0,14.3373106913918,-0.0165868652445846,-0.0165868652445846,-0.0165868652445846,0.0475684856482902
25.9320346135502,0,-0.0232712391594247,0,25.9320346135502,-0.0232712391594247,-0.0232712391594247,-0.0232712391594247,0.0300519735078187
NA,NA,NA,NA,NA,NA,NA,NA,NA
3.48138260502119,0,-0.0431716232209931,0,3.48138260502119,-0.0431716232209931,-0.0431716232209931,-0.0431716232209931,0.0321818721032191
5.59197431763262,0,-0.0578220526680145,0,5.59197431763262,-0.0578220526680145,-0.0578220526680145,-0.0578220526680145,0.0290843221745671
7.10118523761685,0,-0.0285278978712163,0,7.10118523761685,-0.0285278978712163,-0.0285278978712163,-0.0285278978712163,0.0595492352872805
8.39406695268219,0,0.0167837864563465,0,8.39406695268219,0.0167837864563465,0.0167837864563465,0.0167837864563465,0.0322473662392579
6.68163411954067,0,0.0399525800720857,0,6.68163411954067,0.0399525800720857,0.0399525800720857,0.0399525800720857,0.0632642521725607
10.9419857642508,0,-0.0876235523401562,0,10.9419857642508,-0.0876235523401562,-0.0876235523401562,-0.0876235523401562,0.0336377588977628
9.567453602661,0,-0.0130573193727359,0,9.567453602661,-0.0130573193727359,-0.0130573193727359,-0.0130573193727359,0.0264340771076804
9.56764954052794,0,-0.00578932875863998,0,9.56764954052794,-0.00578932875863998,-0.00578932875863998,-0.00578932875863998,0.0288617279537588
9.58796747981615,0,0.00725905880614161,0,9.58796747981615,0.00725905880614161,0.00725905880614161,0.00725905880614161,0.0422687684348916
12.9045618909384,0,-0.020800428050844,0,12.9045618909384,-0.020800428050844,-0.020800428050844,-0.020800428050844,0.00918914559220215
9.03381024943225,0,-0.0258591277728825,0,9.03381024943225,-0.0258591277728825,-0.0258591277728825,-0.0258591277728825,0.0210013285642308
7.292171244769,0,0.0214216184583366,0,7.292171244769,0.0214216184583366,0.0214216184583366,0.0214216184583366,0.00787016036700002
10.6567948708008,0,0.0203455428827325,0,10.6567948708008,0.0203455428827325,0.0203455428827325,0.0203455428827325,0.0367174068081082
15.83958844307,0,0.0399832495665445,0,15.83958844307,0.0399832495665445,0.0399832495665445,0.0399832495665445,0.0130470310288665
17.7014293147066,0,0.0234372077444364,0,17.7014293147066,0.0234372077444364,0.0234372077444364,0.0234372077444364,0.0323786122878216
18.5230702558348,0,-0.00995709768556392,0,18.5230702558348,-0.00995709768556392,-0.00995709768556392,-0.00995709768556392,0.0596686324209322
13.5036026382197,0,0.0260526179813793,0,13.5036026382197,0.0260526179813793,0.0260526179813793,0.0260526179813793,0.0175137052055195
13.9836050997556,0,-0.0596374353307077,0,13.9836050997556,-0.0596374353307077,-0.0596374353307077,-0.0596374353307077,0.0260159424457815
11.3110693140974,0,0.00982781565554414,0,11.3110693140974,0.00982781565554414,0.00982781565554414,0.00982781565554414,0.0152975413868066
20.6083384757102,0,-0.0196913974375486,0,20.6083384757102,-0.0196913974375486,-0.0196913974375486,-0.0196913974375486,0.0564075951702511
12.3671082351961,0,0.0210231372322994,0,12.3671082351961,0.0210231372322994,0.0210231372322994,0.0210231372322994,0.0160828742749283
12.3654554745313,0,-0.0686880413546458,0,12.3654554745313,-0.0686880413546458,-0.0686880413546458,-0.0686880413546458,0.0513325050706189
19.2556223171704,0,0.0285945738844167,0,19.2556223171704,0.0285945738844167,0.0285945738844167,0.0285945738844167,0.0139726523520546
34.7312424253189,0,0.00360906084633839,0,34.7312424253189,0.00360906084633839,0.00360906084633839,0.00360906084633839,0.017575833019559
54.7209102152747,0,0.0196726221291343,0,54.7209102152747,0.0196726221291343,0.0196726221291343,0.0196726221291343,0.0109274670854921
6.15335383446594,0,0.00868907833362001,0,6.15335383446594,0.00868907833362001,0.00868907833362001,0.00868907833362001,0.148956660150613
8.22166390729103,0,0.0200227074138689,0,8.22166390729103,0.0200227074138689,0.0200227074138689,0.0200227074138689,0.0889316774406693
8.77216358100521,0,0.0699261224100448,0,8.77216358100521,0.0699261224100448,0.0699261224100448,0.0699261224100448,0.0441440604084047
7.36539602284415,0,-0.0247872150245361,0,7.36539602284415,-0.0247872150245361,-0.0247872150245361,-0.0247872150245361,0.114121672795408
9.34902839864339,0,-0.0319037471830898,0,9.34902839864339,-0.0319037471830898,-0.0319037471830898,-0.0319037471830898,0.0353702402159913
12.5616640281909,0,0.00441577973083164,0,12.5616640281909,0.00441577973083164,0.00441577973083164,0.00441577973083164,0.0138459086615911
10.5411867057519,0,-0.0885790708954701,0,10.5411867057519,-0.0885790708954701,-0.0885790708954701,-0.0885790708954701,0.0320565633703811
10.8363107906744,0,-0.028098390818107,0,10.8363107906744,-0.028098390818107,-0.028098390818107,-0.028098390818107,0.071926050301895
7.60971237336999,0,0.0425196941211018,0,7.60971237336999,0.0425196941211018,0.0425196941211018,0.0425196941211018,0.0675431227803087
14.1717804897526,0,0.027255899623745,0,14.1717804897526,0.027255899623745,0.027255899623745,0.027255899623745,0.0438772018708798
11.3171115233183,0,-0.0301299566297987,0,11.3171115233183,-0.0301299566297987,-0.0301299566297987,-0.0301299566297987,0.0549217163119364
12.491172371433,0,0.00616174807970621,0,12.491172371433,0.00616174807970621,0.00616174807970621,0.00616174807970621,0.0405245193389735
17.7574754531964,0,-0.0364542682670167,0,17.7574754531964,-0.0364542682670167,-0.0364542682670167,-0.0364542682670167,0.0437339114285826
23.3384346785706,0,0.0173424537425691,0,23.3384346785706,0.0173424537425691,0.0173424537425691,0.0173424537425691,0.0189266195413323
21.0471310356801,0,0.0617673658141888,0,21.0471310356801,0.0617673658141888,0.0617673658141888,0.0617673658141888,0.047052745863464
16.8846431378076,0,0.0592246738975235,0,16.8846431378076,0.0592246738975235,0.0592246738975235,0.0592246738975235,0.0580511049145327
144.898873550211,0,0.152472628260226,0,144.898873550211,0.152472628260226,0.152472628260226,0.152472628260226,0.0124843951464072
10.8384906759069,0,-0.00221059163205814,0,10.8384906759069,-0.00221059163205814,-0.00221059163205814,-0.00221059163205814,0.0251376149245104
5.36034284274372,0,0.0126214961722838,0,5.36034284274372,0.0126214961722838,0.0126214961722838,0.0126214961722838,0.0439400124984659
14.6925462604222,0,-0.00458452472707301,0,14.6925462604222,-0.00458452472707301,-0.00458452472707301,-0.00458452472707301,0.0444254697733256
12.6985002447189,0,0.0156151615690587,0,12.6985002447189,0.0156151615690587,0.0156151615690587,0.0156151615690587,0.0344296478282526
11.0161041029769,0,-0.0031766917676102,0,11.0161041029769,-0.0031766917676102,-0.0031766917676102,-0.0031766917676102,0.0522005254908412
12.612078023469,0,-0.0597088928688878,0,12.612078023469,-0.0597088928688878,-0.0597088928688878,-0.0597088928688878,0.0322576765582896
27.9381463268887,0,-0.0196646199066465,0,27.9381463268887,-0.0196646199066465,-0.0196646199066465,-0.0196646199066465,0.0266030945529787
28.4056044215739,0,-0.0234835133541325,0,28.4056044215739,-0.0234835133541325,-0.0234835133541325,-0.0234835133541325,0.0460235649191708
13.4368696617468,0,0.0535402362440232,0,13.4368696617468,0.0535402362440232,0.0535402362440232,0.0535402362440232,0.0282079903838013
14.3373106913918,0,-0.0165868652445846,0,14.3373106913918,-0.0165868652445846,-0.0165868652445846,-0.0165868652445846,0.0475684856482902
25.9320346135502,0,-0.0232712391594247,0,25.9320346135502,-0.0232712391594247,-0.0232712391594247,-0.0232712391594247,0.0300519735078187
NA,NA,NA,NA,NA,NA,NA,NA,NA
3.48138260502119,0,-0.0431716232209931,0,3.48138260502119,-0.0431716232209931,-0.0431716232209931,-0.0431716232209931,0.0321818721032191
5.59197431763262,0,-0.0578220526680145,0,5.59197431763262,-0.0578220526680145,-0.0578220526680145,-0.0578220526680145,0.0290843221745671
7.10118523761685,0,-0.0285278978712163,0,7.10118523761685,-0.0285278978712163,-0.0285278978712163,-0.0285278978712163,0.0595492352872805
8.39406695268219,0,0.0167837864563465,0,8.39406695268219,0.0167837864563465,0.0167837864563465,0.0167837864563465,0.0322473662392579
6.68163411954067,0,0.0399525800720857,0,6.68163411954067,0.0399525800720857,0.0399525800720857,0.0399525800720857,0.0632642521725607
10.9419857642508,0,-0.0876235523401562,0,10.9419857642508,-0.0876235523401562,-0.0876235523401562,-0.0876235523401562,0.0336377588977628
9.567453602661,0,-0.0130573193727359,0,9.567453602661,-0.0130573193727359,-0.0130573193727359,-0.0130573193727359,0.0264340771076804
9.56764954052794,0,-0.00578932875863998,0,9.56764954052794,-0.00578932875863998,-0.00578932875863998,-0.00578932875863998,0.0288617279537588
9.58796747981615,0,0.00725905880614161,0,9.58796747981615,0.00725905880614161,0.00725905880614161,0.00725905880614161,0.0422687684348916
12.9045618909384,0,-0.020800428050844,0,12.9045618909384,-0.020800428050844,-0.020800428050844,-0.020800428050844,0.00918914559220215
9.03381024943225,0,-0.0258591277728825,0,9.03381024943225,-0.0258591277728825,-0.0258591277728825,-0.0258591277728825,0.0210013285642308
7.292171244769,0,0.0214216184583366,0,7.292171244769,0.0214216184583366,0.0214216184583366,0.0214216184583366,0.00787016036700002
10.6567948708008,0,0.0203455428827325,0,10.6567948708008,0.0203455428827325,0.0203455428827325,0.0203455428827325,0.0367174068081082
15.83958844307,0,0.0399832495665445,0,15.83958844307,0.0399832495665445,0.0399832495665445,0.0399832495665445,0.0130470310288665
17.7014293147066,0,0.0234372077444364,0,17.7014293147066,0.0234372077444364,0.0234372077444364,0.0234372077444364,0.0323786122878216
18.5230702558348,0,-0.00995709768556392,0,18.5230702558348,-0.00995709768556392,-0.00995709768556392,-0.00995709768556392,0.0596686324209322
13.5036026382197,0,0.0260526179813793,0,13.5036026382197,0.0260526179813793,0.0260526179813793,0.0260526179813793,0.0175137052055195
13.9836050997556,0,-0.0596374353307077,0,13.9836050997556,-0.0596374353307077,-0.0596374353307077,-0.0596374353307077,0.0260159424457815
11.3110693140974,0,0.00982781565554414,0,11.3110693140974,0.00982781565554414,0.00982781565554414,0.00982781565554414,0.0152975413868066
20.6083384757102,0,-0.0196913974375486,0,20.6083384757102,-0.0196913974375486,-0.0196913974375486,-0.0196913974375486,0.0564075951702511
12.3671082351961,0,0.0210231372322994,0,12.3671082351961,0.0210231372322994,0.0210231372322994,0.0210231372322994,0.0160828742749283
12.3654554745313,0,-0.0686880413546458,0,12.3654554745313,-0.0686880413546458,-0.0686880413546458,-0.0686880413546458,0.0513325050706189
19.2556223171704,0,0.0285945738844167,0,19.2556223171704,0.0285945738844167,0.0285945738844167,0.0285945738844167,0.0139726523520546
34.7312424253189,0,0.00360906084633839,0,34.7312424253189,0.00360906084633839,0.00360906084633839,0.00360906084633839,0.017575833019559
54.7209102152747,0,0.0196726221291343,0,54.7209102152747,0.0196726221291343,0.0196726221291343,0.0196726221291343,0.0109274670854921
6.15335383446594,0,0.00868907833362001,0,6.15335383446594,0.00868907833362001,0.00868907833362001,0.00868907833362001,0.148956660150613
8.22166390729103,0,0.0200227074138689,0,8.22166390729103,0.0200227074138689,0.0200227074138689,0.0200227074138689,0.0889316774406693
8.77216358100521,0,0.0699261224100448,0,8.77216358100521,0.0699261224100448,0.0699261224100448,0.0699261224100448,0.0441440604084047
7.36539602284415,0,-0.0247872150245361,0,7.36539602284415,-0.0247872150245361,-0.0247872150245361,-0.0247872150245361,0.114121672795408
9.34902839864339,0,-0.0319037471830898,0,9.34902839864339,-0.0319037471830898,-0.0319037471830898,-0.0319037471830898,0.0353702402159913
12.5616640281909,0,0.00441577973083164,0,12.5616640281909,0.00441577973083164,0.00441577973083164,0.00441577973083164,0.0138459086615911
10.5411867057519,0,-0.0885790708954701,0,10.5411867057519,-0.0885790708954701,-0.0885790708954701,-0.0885790708954701,0.0320565633703811
10.8363107906744,0,-0.028098390818107,0,10.8363107906744,-0.028098390818107,-0.028098390818107,-0.028098390818107,0.071926050301895
7.60971237336999,0,0.0425196941211018,0,7.60971237336999,0.0425196941211018,0.0425196941211018,0.0425196941211018,0.0675431227803087
7.13153216147587,0,-0.0477446268787778,0,7.13153216147587,-0.0477446268787778,-0.0477446268787778,-0.0477446268787778,0.0691602399134146
11.3171115233183,0,-0.0301299566297987,0,11.3171115233183,-0.0301299566297987,-0.0301299566297987,-0.0301299566297987,0.0549217163119364
12.491172371433,0,0.00616174807970621,0,12.491172371433,0.00616174807970621,0.00616174807970621,0.00616174807970621,0.0405245193389735
17.7574754531964,0,-0.0364542682670167,0,17.7574754531964,-0.0364542682670167,-0.0364542682670167,-0.0364542682670167,0.0437339114285826
23.3384346785706,0,0.0173424537425691,0,23.3384346785706,0.0173424537425691,0.0173424537425691,0.0173424537425691,0.0189266195413323
21.0471310356801,0,0.0617673658141888,0,21.0471310356801,0.0617673658141888,0.0617673658141888,0.0617673658141888,0.047052745863464
16.8846431378076,0,0.0592246738975235,0,16.8846431378076,0.0592246738975235,0.0592246738975235,0.0592246738975235,0.0580511049145327
144.898873550211,0,0.152472628260226,0,144.898873550211,0.152472628260226,0.152472628260226,0.152472628260226,0.0124843951464072
10.8384906759069,0,-0.00221059163205814,0,10.8384906759069,-0.00221059163205814,-0.00221059163205814,-0.00221059163205814,0.0251376149245104
5.36034284274372,0,0.0126214961722838,0,5.36034284274372,0.0126214961722838,0.0126214961722838,0.0126214961722838,0.0439400124984659
14.6925462604222,0,-0.00458452472707301,0,14.6925462604222,-0.00458452472707301,-0.00458452472707301,-0.00458452472707301,0.0444254697733256
12.6985002447189,0,0.0156151615690587,0,12.6985002447189,0.0156151615690587,0.0156151615690587,0.0156151615690587,0.0344296478282526
11.0161041029769,0,-0.0031766917676102,0,11.0161041029769,-0.0031766917676102,-0.0031766917676102,-0.0031766917676102,0.0522005254908412
12.612078023469,0,-0.0597088928688878,0,12.612078023469,-0.0597088928688878,-0.0597088928688878,-0.0597088928688878,0.0322576765582896
27.9381463268887,0,-0.0196646199066465,0,27.9381463268887,-0.0196646199066465,-0.0196646199066465,-0.0196646199066465,0.0266030945529787
28.4056044215739,0,-0.0234835133541325,0,28.4056044215739,-0.0234835133541325,-0.0234835133541325,-0.0234835133541325,0.0460235649191708
13.4368696617468,0,0.0535402362440232,0,13.4368696617468,0.0535402362440232,0.0535402362440232,0.0535402362440232,0.0282079903838013
14.3373106913918,0,-0.0165868652445846,0,14.3373106913918,-0.0165868652445846,-0.0165868652445846,-0.0165868652445846,0.0475684856482902
25.9320346135502,0,-0.0232712391594247,0,25.9320346135502,-0.0232712391594247,-0.0232712391594247,-0.0232712391594247,0.0300519735078187
NA,NA,NA,NA,NA,NA,NA,NA,NA
3.48138260502119,0,-0.0431716232209931,0,3.48138260502119,-0.0431716232209931,-0.0431716232209931,-0.0431716232209931,0.0321818721032191
5.59197431763262,0,-0.0578220526680145,0,5.59197431763262,-0.0578220526680145,-0.0578220526680145,-0.0578220526680145,0.0290843221745671
7.10118523761685,0,-0.0285278978712163,0,7.10118523761685,-0.0285278978712163,-0.0285278978712163,-0.0285278978712163,0.0595492352872805
8.39406695268219,0,0.0167837864563465,0,8.39406695268219,0.0167837864563465,0.0167837864563465,0.0167837864563465,0.0322473662392579
6.68163411954067,0,0.0399525800720857,0,6.68163411954067,0.0399525800720857,0.0399525800720857,0.0399525800720857,0.0632642521725607
10.9419857642508,0,-0.0876235523401562,0,10.9419857642508,-0.0876235523401562,-0.0876235523401562,-0.0876235523401562,0.0336377588977628
9.567453602661,0,-0.0130573193727359,0,9.567453602661,-0.0130573193727359,-0.0130573193727359,-0.0130573193727359,0.0264340771076804
9.56764954052794,0,-0.00578932875863998,0,9.56764954052794,-0.00578932875863998,-0.00578932875863998,-0.00578932875863998,0.0288617279537588
9.58796747981615,0,0.00725905880614161,0,9.58796747981615,0.00725905880614161,0.00725905880614161,0.00725905880614161,0.0422687684348916
12.9045618909384,0,-0.020800428050844,0,12.9045618909384,-0.020800428050844,-0.020800428050844,-0.020800428050844,0.00918914559220215
9.03381024943225,0,-0.0258591277728825,0,9.03381024943225,-0.0258591277728825,-0.0258591277728825,-0.0258591277728825,0.0210013285642308
7.292171244769,0,0.0214216184583366,0,7.292171244769,0.0214216184583366,0.0214216184583366,0.0214216184583366,0.00787016036700002
10.6567948708008,0,0.0203455428827325,0,10.6567948708008,0.0203455428827325,0.0203455428827325,0.0203455428827325,0.0367174068081082
15.83958844307,0,0.0399832495665445,0,15.83958844307,0.0399832495665445,0.0399832495665445,0.0399832495665445,0.0130470310288665
17.7014293147066,0,0.0234372077444364,0,17.7014293147066,0.0234372077444364,0.0234372077444364,0.0234372077444364,0.0323786122878216
18.5230702558348,0,-0.00995709768556392,0,18.5230702558348,-0.00995709768556392,-0.00995709768556392,-0.00995709768556392,0.0596686324209322
13.5036026382197,0,0.0260526179813793,0,13.5036026382197,0.0260526179813793,0.0260526179813793,0.0260526179813793,0.0175137052055195
13.9836050997556,0,-0.0596374353307077,0,13.9836050997556,-0.0596374353307077,-0.0596374353307077,-0.0596374353307077,0.0260159424457815
11.3110693140974,0,0.00982781565554414,0,11.3110693140974,0.00982781565554414,0.00982781565554414,0.00982781565554414,0.0152975413868066
20.6083384757102,0,-0.0196913974375486,0,20.6083384757102,-0.0196913974375486,-0.0196913974375486,-0.0196913974375486,0.0564075951702511
12.3671082351961,0,0.0210231372322994,0,12.3671082351961,0.0210231372322994,0.0210231372322994,0.0210231372322994,0.0160828742749283
12.3654554745313,0,-0.0686880413546458,0,12.3654554745313,-0.0686880413546458,-0.0686880413546458,-0.0686880413546458,0.0513325050706189
19.2556223171704,0,0.0285945738844167,0,19.2556223171704,0.0285945738844167,0.0285945738844167,0.0285945738844167,0.0139726523520546
34.7312424253189,0,0.00360906084633839,0,34.7312424253189,0.00360906084633839,0.00360906084633839,0.00360906084633839,0.017575833019559
54.7209102152747,0,0.0196726221291343,0,54.7209102152747,0.0196726221291343,0.0196726221291343,0.0196726221291343,0.0109274670854921
6.15335383446594,0,0.00868907833362001,0,6.15335383446594,0.00868907833362001,0.00868907833362001,0.00868907833362001,0.148956660150613
8.22166390729103,0,0.0200227074138689,0,8.22166390729103,0.0200227074138689,0.0200227074138689,0.0200227074138689,0.0889316774406693
8.77216358100521,0,0.0699261224100448,0,8.77216358100521,0.0699261224100448,0.0699261224100448,0.0699261224100448,0.0441440604084047
7.36539602284415,0,-0.0247872150245361,0,7.36539602284415,-0.0247872150245361,-0.0247872150245361,-0.0247872150245361,0.114121672795408
9.34902839864339,0,-0.0319037471830898,0,9.34902839864339,-0.0319037471830898,-0.0319037471830898,-0.0319037471830898,0.0353702402159913
12.5616640281909,0,0.00441577973083164,0,12.5616640281909,0.00441577973083164,0.00441577973083164,0.00441577973083164,0.0138459086615911
10.5411867057519,0,-0.0885790708954701,0,10.5411867057519,-0.0885790708954701,-0.0885790708954701,-0.0885790708954701,0.0320565633703811
10.8363107906744,0,-0.028098390818107,0,10.8363107906744,-0.028098390818107,-0.028098390818107,-0.028098390818107,0.071926050301895
7.60971237336999,0,0.0425196941211018,0,7.60971237336999,0.0425196941211018,0.0425196941211018,0.0425196941211018,0.0675431227803087
7.13153216147587,0,-0.0477446268787778,0,7.13153216147587,-0.0477446268787778,-0.0477446268787778,-0.0477446268787778,0.0691602399134146
11.3171115233183,0,-0.0301299566297987,0,11.3171115233183,-0.0301299566297987,-0.0301299566297987,-0.0301299566297987,0.0549217163119364
12.491172371433,0,0.00616174807970621,0,12.491172371433,0.00616174807970621,0.00616174807970621,0.00616174807970621,0.0405245193389735
17.7574754531964,0,-0.0364542682670167,0,17.7574754531964,-0.0364542682670167,-0.0364542682670167,-0.0364542682670167,0.0437339114285826
23.3384346785706,0,0.0173424537425691,0,23.3384346785706,0.0173424537425691,0.0173424537425691,0.0173424537425691,0.0189266195413323
21.0471310356801,0,0.0617673658141888,0,21.0471310356801,0.0617673658141888,0.0617673658141888,0.0617673658141888,0.047052745863464
16.8846431378076,0,0.0592246738975235,0,16.8846431378076,0.0592246738975235,0.0592246738975235,0.0592246738975235,0.0580511049145327
144.898873550211,0,0.152472628260226,0,144.898873550211,0.152472628260226,0.152472628260226,0.152472628260226,0.0124843951464072
10.8384906759069,0,-0.00221059163205814,0,10.8384906759069,-0.00221059163205814,-0.00221059163205814,-0.00221059163205814,0.0251376149245104
5.36034284274372,0,0.0126214961722838,0,5.36034284274372,0.0126214961722838,0.0126214961722838,0.0126214961722838,0.0439400124984659
14.6925462604222,0,-0.00458452472707301,0,14.6925462604222,-0.00458452472707301,-0.00458452472707301,-0.00458452472707301,0.0444254697733256
12.6985002447189,0,0.0156151615690587,0,12.6985002447189,0.0156151615690587,0.0156151615690587,0.0156151615690587,0.0344296478282526
11.0161041029769,0,-0.0031766917676102,0,11.0161041029769,-0.0031766917676102,-0.0031766917676102,-0.0031766917676102,0.0522005254908412
12.612078023469,0,-0.0597088928688878,0,12.612078023469,-0.0597088928688878,-0.0597088928688878,-0.0597088928688878,0.0322576765582896
27.9381463268887,0,-0.0196646199066465,0,27.9381463268887,-0.0196646199066465,-0.0196646199066465,-0.0196646199066465,0.0266030945529787
28.4056044215739,0,-0.0234835133541325,0,28.4056044215739,-0.0234835133541325,-0.0234835133541325,-0.0234835133541325,0.0460235649191708
13.4368696617468,0,0.0535402362440232,0,13.4368696617468,0.0535402362440232,0.0535402362440232,0.0535402362440232,0.0282079903838013
14.3373106913918,0,-0.0165868652445846,0,14.3373106913918,-0.0165868652445846,-0.0165868652445846,-0.0165868652445846,0.0475684856482902
25.9320346135502,0,-0.0232712391594247,0,25.9320346135502,-0.0232712391594247,-0.0232712391594247,-0.0232712391594247,0.0300519735078187
NA,NA,NA,NA,NA,NA,NA,NA,NA
3.48138260502119,0,-0.0431716232209931,0,3.48138260502119,-0.0431716232209931,-0.0431716232209931,-0.0431716232209931,0.0321818721032191
5.59197431763262,0,-0.0578220526680145,0,5.59197431763262,-0.0578220526680145,-0.0578220526680145,-0.0578220526680145,0.0290843221745671
7.10118523761685,0,-0.0285278978712163,0,7.10118523761685,-0.0285278978712163,-0.0285278978712163,-0.0285278978712163,0.0595492352872805
8.39406695268219,0,0.0167837864563465,0,8.39406695268219,0.0167837864563465,0.0167837864563465,0.0167837864563465,0.0322473662392579
6.68163411954067,0,0.0399525800720857,0,6.68163411954067,0.0399525800720857,0.0399525800720857,0.0399525800720857,0.0632642521725607
10.9419857642508,0,-0.0876235523401562,0,10.9419857642508,-0.0876235523401562,-0.0876235523401562,-0.0876235523401562,0.0336377588977628
9.567453602661,0,-0.0130573193727359,0,9.567453602661,-0.0130573193727359,-0.0130573193727359,-0.0130573193727359,0.0264340771076804
9.56764954052794,0,-0.00578932875863998,0,9.56764954052794,-0.00578932875863998,-0.00578932875863998,-0.00578932875863998,0.0288617279537588
9.58796747981615,0,0.00725905880614161,0,9.58796747981615,0.00725905880614161,0.00725905880614161,0.00725905880614161,0.0422687684348916
12.9045618909384,0,-0.020800428050844,0,12.9045618909384,-0.020800428050844,-0.020800428050844,-0.020800428050844,0.00918914559220215
9.03381024943225,0,-0.0258591277728825,0,9.03381024943225,-0.0258591277728825,-0.0258591277728825,-0.0258591277728825,0.0210013285642308
7.292171244769,0,0.0214216184583366,0,7.292171244769,0.0214216184583366,0.0214216184583366,0.0214216184583366,0.00787016036700002
10.6567948708008,0,0.0203455428827325,0,10.6567948708008,0.0203455428827325,0.0203455428827325,0.0203455428827325,0.0367174068081082
15.83958844307,0,0.0399832495665445,0,15.83958844307,0.0399832495665445,0.0399832495665445,0.0399832495665445,0.0130470310288665
17.7014293147066,0,0.0234372077444364,0,17.7014293147066,0.0234372077444364,0.0234372077444364,0.0234372077444364,0.0323786122878216
18.5230702558348,0,-0.00995709768556392,0,18.5230702558348,-0.00995709768556392,-0.00995709768556392,-0.00995709768556392,0.0596686324209322
13.5036026382197,0,0.0260526179813793,0,13.5036026382197,0.0260526179813793,0.0260526179813793,0.0260526179813793,0.0175137052055195
13.9836050997556,0,-0.0596374353307077,0,13.9836050997556,-0.0596374353307077,-0.0596374353307077,-0.0596374353307077,0.0260159424457815
11.3110693140974,0,0.00982781565554414,0,11.3110693140974,0.00982781565554414,0.00982781565554414,0.00982781565554414,0.0152975413868066
20.6083384757102,0,-0.0196913974375486,0,20.6083384757102,-0.0196913974375486,-0.0196913974375486,-0.0196913974375486,0.0564075951702511
12.3671082351961,0,0.0210231372322994,0,12.3671082351961,0.0210231372322994,0.0210231372322994,0.0210231372322994,0.0160828742749283
12.3654554745313,0,-0.0686880413546458,0,12.3654554745313,-0.0686880413546458,-0.0686880413546458,-0.0686880413546458,0.0513325050706189
19.2556223171704,0,0.0285945738844167,0,19.2556223171704,0.0285945738844167,0.0285945738844167,0.0285945738844167,0.0139726523520546
34.7312424253189,0,0.00360906084633839,0,34.7312424253189,0.00360906084633839,0.00360906084633839,0.00360906084633839,0.017575833019559
54.7209102152747,0,0.0196726221291343,0,54.7209102152747,0.0196726221291343,0.0196726221291343,0.0196726221291343,0.0109274670854921
6.15335383446594,0,0.00868907833362001,0,6.15335383446594,0.00868907833362001,0.00868907833362001,0.00868907833362001,0.148956660150613
8.22166390729103,0,0.0200227074138689,0,8.22166390729103,0.0200227074138689,0.0200227074138689,0.0200227074138689,0.0889316774406693
8.77216358100521,0,0.0699261224100448,0,8.77216358100521,0.0699261224100448,0.0699261224100448,0.0699261224100448,0.0441440604084047
7.36539602284415,0,-0.0247872150245361,0,7.36539602284415,-0.0247872150245361,-0.0247872150245361,-0.0247872150245361,0.114121672795408
9.34902839864339,0,-0.0319037471830898,0,9.34902839864339,-0.0319037471830898,-0.0319037471830898,-0.0319037471830898,0.0353702402159913
12.5616640281909,0,0.00441577973083164,0,12.5616640281909,0.00441577973083164,0.00441577973083164,0.00441577973083164,0.0138459086615911
10.5411867057519,0,-0.0885790708954701,0,10.5411867057519,-0.0885790708954701,-0.0885790708954701,-0.0885790708954701,0.0320565633703811
10.8363107906744,0,-0.028098390818107,0,10.8363107906744,-0.028098390818107,-0.028098390818107,-0.028098390818107,0.071926050301895
7.60971237336999,0,0.0425196941211018,0,7.60971237336999,0.0425196941211018,0.0425196941211018,0.0425196941211018,0.0675431227803087
7.13153216147587,0,-0.0477446268787778,0,7.13153216147587,-0.0477446268787778,-0.0477446268787778,-0.0477446268787778,0.0691602399134146
11.3171115233183,0,-0.0301299566297987,0,11.3171115233183,-0.0301299566297987,-0.0301299566297987,-0.0301299566297987,0.0549217163119364
12.491172371433,0,0.00616174807970621,0,12.491172371433,0.00616174807970621,0.00616174807970621,0.00616174807970621,0.0405245193389735
17.7574754531964,0,-0.0364542682670167,0,17.7574754531964,-0.0364542682670167,-0.0364542682670167,-0.0364542682670167,0.0437339114285826
23.3384346785706,0,0.0173424537425691,0,23.3384346785706,0.0173424537425691,0.0173424537425691,0.0173424537425691,0.0189266195413323
21.0471310356801,0,0.0617673658141888,0,21.0471310356801,0.0617673658141888,0.0617673658141888,0.0617673658141888,0.047052745863464
16.8846431378076,0,0.0592246738975235,0,16.8846431378076,0.0592246738975235,0.0592246738975235,0.0592246738975235,0.0580511049145327
144.898873550211,0,0.152472628260226,0,144.898873550211,0.152472628260226,0.152472628260226,0.152472628260226,0.0124843951464072
10.8384906759069,0,-0.00221059163205814,0,10.8384906759069,-0.00221059163205814,-0.00221059163205814,-0.00221059163205814,0.0251376149245104
5.36034284274372,0,0.0126214961722838,0,5.36034284274372,0.0126214961722838,0.0126214961722838,0.0126214961722838,0.0439400124984659
14.6925462604222,0,-0.00458452472707301,0,14.6925462604222,-0.00458452472707301,-0.00458452472707301,-0.00458452472707301,0.0444254697733256
12.6985002447189,0,0.0156151615690587,0,12.6985002447189,0.0156151615690587,0.0156151615690587,0.0156151615690587,0.0344296478282526
11.0161041029769,0,-0.0031766917676102,0,11.0161041029769,-0.0031766917676102,-0.0031766917676102,-0.0031766917676102,0.0522005254908412
12.612078023469,0,-0.0597088928688878,0,12.612078023469,-0.0597088928688878,-0.0597088928688878,-0.0597088928688878,0.0322576765582896
27.9381463268887,0,-0.0196646199066465,0,27.9381463268887,-0.0196646199066465,-0.0196646199066465,-0.0196646199066465,0.0266030945529787
28.4056044215739,0,-0.0234835133541325,0,28.4056044215739,-0.0234835133541325,-0.0234835133541325,-0.0234835133541325,0.0460235649191708
13.4368696617468,0,0.0535402362440232,0,13.4368696617468,0.0535402362440232,0.0535402362440232,0.0535402362440232,0.0282079903838013
14.3373106913918,0,-0.0165868652445846,0,14.3373106913918,-0.0165868652445846,-0.0165868652445846,-0.0165868652445846,0.0475684856482902
25.9320346135502,0,-0.0232712391594247,0,25.9320346135502,-0.0232712391594247,-0.0232712391594247,-0.0232712391594247,0.0300519735078187
NA,NA,NA,NA,NA,NA,NA,NA,NA
3.48138260502119,0,-0.0431716232209931,0,3.48138260502119,-0.0431716232209931,-0.0431716232209931,-0.0431716232209931,0.0321818721032191
5.59197431763262,0,-0.0578220526680145,0,5.59197431763262,-0.0578220526680145,-0.0578220526680145,-0.0578220526680145,0.0290843221745671
7.10118523761685,0,-0.0285278978712163,0,7.10118523761685,-0.0285278978712163,-0.0285278978712163,-0.0285278978712163,0.0595492352872805
8.39406695268219,0,0.0167837864563465,0,8.39406695268219,0.0167837864563465,0.0167837864563465,0.0167837864563465,0.0322473662392579
6.68163411954067,0,0.0399525800720857,0,6.68163411954067,0.0399525800720857,0.0399525800720857,0.0399525800720857,0.0632642521725607
10.9419857642508,0,-0.0876235523401562,0,10.9419857642508,-0.0876235523401562,-0.0876235523401562,-0.0876235523401562,0.0336377588977628
9.567453602661,0,-0.0130573193727359,0,9.567453602661,-0.0130573193727359,-0.0130573193727359,-0.0130573193727359,0.0264340771076804
9.56764954052794,0,-0.00578932875863998,0,9.56764954052794,-0.00578932875863998,-0.00578932875863998,-0.00578932875863998,0.0288617279537588
9.58796747981615,0,0.00725905880614161,0,9.58796747981615,0.00725905880614161,0.00725905880614161,0.00725905880614161,0.0422687684348916
12.9045618909384,0,-0.020800428050844,0,12.9045618909384,-0.020800428050844,-0.020800428050844,-0.020800428050844,0.00918914559220215
9.03381024943225,0,-0.0258591277728825,0,9.03381024943225,-0.0258591277728825,-0.0258591277728825,-0.0258591277728825,0.0210013285642308
7.292171244769,0,0.0214216184583366,0,7.292171244769,0.0214216184583366,0.0214216184583366,0.0214216184583366,0.00787016036700002
10.6567948708008,0,0.0203455428827325,0,10.6567948708008,0.0203455428827325,0.0203455428827325,0.0203455428827325,0.0367174068081082
15.83958844307,0,0.0399832495665445,0,15.83958844307,0.0399832495665445,0.0399832495665445,0.0399832495665445,0.0130470310288665
17.7014293147066,0,0.0234372077444364,0,17.7014293147066,0.0234372077444364,0.0234372077444364,0.0234372077444364,0.0323786122878216
18.5230702558348,0,-0.00995709768556392,0,18.5230702558348,-0.00995709768556392,-0.00995709768556392,-0.00995709768556392,0.0596686324209322
13.5036026382197,0,0.0260526179813793,0,13.5036026382197,0.0260526179813793,0.0260526179813793,0.0260526179813793,0.0175137052055195
13.9836050997556,0,-0.0596374353307077,0,13.9836050997556,-0.0596374353307077,-0.0596374353307077,-0.0596374353307077,0.0260159424457815
11.3110693140974,0,0.00982781565554414,0,11.3110693140974,0.00982781565554414,0.00982781565554414,0.00982781565554414,0.0152975413868066
20.6083384757102,0,-0.0196913974375486,0,20.6083384757102,-0.0196913974375486,-0.0196913974375486,-0.0196913974375486,0.0564075951702511
12.3671082351961,0,0.0210231372322994,0,12.3671082351961,0.0210231372322994,0.0210231372322994,0.0210231372322994,0.0160828742749283
12.3654554745313,0,-0.0686880413546458,0,12.3654554745313,-0.0686880413546458,-0.0686880413546458,-0.0686880413546458,0.0513325050706189
19.2556223171704,0,0.0285945738844167,0,19.2556223171704,0.0285945738844167,0.0285945738844167,0.0285945738844167,0.0139726523520546
34.7312424253189,0,0.00360906084633839,0,34.7312424253189,0.00360906084633839,0.00360906084633839,0.00360906084633839,0.017575833019559
54.7209102152747,0,0.0196726221291343,0,54.7209102152747,0.0196726221291343,0.0196726221291343,0.0196726221291343,0.0109274670854921
6.15335383446594,0,0.00868907833362001,0,6.15335383446594,0.00868907833362001,0.00868907833362001,0.00868907833362001,0.148956660150613
8.22166390729103,0,0.0200227074138689,0,8.22166390729103,0.0200227074138689,0.0200227074138689,0.0200227074138689,0.0889316774406693
8.77216358100521,0,0.0699261224100448,0,8.77216358100521,0.0699261224100448,0.0699261224100448,0.0699261224100448,0.0441440604084047
7.36539602284415,0,-0.0247872150245361,0,7.36539602284415,-0.0247872150245361,-0.0247872150245361,-0.0247872150245361,0.114121672795408
9.34902839864339,0,-0.0319037471830898,0,9.34902839864339,-0.0319037471830898,-0.0319037471830898,-0.0319037471830898,0.0353702402159913
12.5616640281909,0,0.00441577973083164,0,12.5616640281909,0.00441577973083164,0.00441577973083164,0.00441577973083164,0.0138459086615911
10.5411867057519,0,-0.0885790708954701,0,10.5411867057519,-0.0885790708954701,-0.0885790708954701,-0.0885790708954701,0.0320565633703811
10.8363107906744,0,-0.028098390818107,0,10.8363107906744,-0.028098390818107,-0.028098390818107,-0.028098390818107,0.071926050301895
7.60971237336999,0,0.0425196941211018,0,7.60971237336999,0.0425196941211018,0.0425196941211018,0.0425196941211018,0.0675431227803087
7.13153216147587,0,-0.0477446268787778,0,7.13153216147587,-0.0477446268787778,-0.0477446268787778,-0.0477446268787778,0.0691602399134146
11.3171115233183,0,-0.0301299566297987,0,11.3171115233183,-0.0301299566297987,-0.0301299566297987,-0.0301299566297987,0.0549217163119364
12.491172371433,0,0.00616174807970621,0,12.491172371433,0.00616174807970621,0.00616174807970621,0.00616174807970621,0.0405245193389735
17.7574754531964,0,-0.0364542682670167,0,17.7574754531964,-0.0364542682670167,-0.0364542682670167,-0.0364542682670167,0.0437339114285826
23.3384346785706,0,0.0173424537425691,0,23.3384346785706,0.0173424537425691,0.0173424537425691,0.0173424537425691,0.0189266195413323
21.0471310356801,0,0.0617673658141888,0,21.0471310356801,0.0617673658141888,0.0617673658141888,0.0617673658141888,0.047052745863464
16.8846431378076,0,0.0592246738975235,0,16.8846431378076,0.0592246738975235,0.0592246738975235,0.0592246738975235,0.0580511049145327
144.898873550211,0,0.152472628260226,0,144.898873550211,0.152472628260226,0.152472628260226,0.152472628260226,0.0124843951464072
10.8384906759069,0,-0.00221059163205814,0,10.8384906759069,-0.00221059163205814,-0.00221059163205814,-0.00221059163205814,0.0251376149245104
5.36034284274372,0,0.0126214961722838,0,5.36034284274372,0.0126214961722838,0.0126214961722838,0.0126214961722838,0.0439400124984659
14.6925462604222,0,-0.00458452472707301,0,14.6925462604222,-0.00458452472707301,-0.00458452472707301,-0.00458452472707301,0.0444254697733256
12.6985002447189,0,0.0156151615690587,0,12.6985002447189,0.0156151615690587,0.0156151615690587,0.0156151615690587,0.0344296478282526
11.0161041029769,0,-0.0031766917676102,0,11.0161041029769,-0.0031766917676102,-0.0031766917676102,-0.0031766917676102,0.0522005254908412
12.612078023469,0,-0.0597088928688878,0,12.612078023469,-0.0597088928688878,-0.0597088928688878,-0.0597088928688878,0.0322576765582896
27.9381463268887,0,-0.0196646199066465,0,27.9381463268887,-0.0196646199066465,-0.0196646199066465,-0.0196646199066465,0.0266030945529787
28.4056044215739,0,-0.0234835133541325,0,28.4056044215739,-0.0234835133541325,-0.0234835133541325,-0.0234835133541325,0.0460235649191708
13.4368696617468,0,0.0535402362440232,0,13.4368696617468,0.0535402362440232,0.0535402362440232,0.0535402362440232,0.0282079903838013
14.3373106913918,0,-0.0165868652445846,0,14.3373106913918,-0.0165868652445846,-0.0165868652445846,-0.0165868652445846,0.0475684856482902
25.9320346135502,0,-0.0232712391594247,0,25.9320346135502,-0.0232712391594247,-0.0232712391594247,-0.0232712391594247,0.0300519735078187
NA,NA,NA,NA,NA,NA,NA,NA,NA
3.48138260502119,0,-0.0431716232209931,0,3.48138260502119,-0.0431716232209931,-0.0431716232209931,-0.0431716232209931,0.0321818721032191
5.59197431763262,0,-0.0578220526680145,0,5.59197431763262,-0.0578220526680145,-0.0578220526680145,-0.0578220526680145,0.0290843221745671
7.10118523761685,0,-0.0285278978712163,0,7.10118523761685,-0.0285278978712163,-0.0285278978712163,-0.0285278978712163,0.0595492352872805
8.39406695268219,0,0.0167837864563465,0,8.39406695268219,0.0167837864563465,0.0167837864563465,0.0167837864563465,0.0322473662392579
6.68163411954067,0,0.0399525800720857,0,6.68163411954067,0.0399525800720857,0.0399525800720857,0.0399525800720857,0.0632642521725607
10.9419857642508,0,-0.0876235523401562,0,10.9419857642508,-0.0876235523401562,-0.0876235523401562,-0.0876235523401562,0.0336377588977628
9.567453602661,0,-0.0130573193727359,0,9.567453602661,-0.0130573193727359,-0.0130573193727359,-0.0130573193727359,0.0264340771076804
9.56764954052794,0,-0.00578932875863998,0,9.56764954052794,-0.00578932875863998,-0.00578932875863998,-0.00578932875863998,0.0288617279537588
9.58796747981615,0,0.00725905880614161,0,9.58796747981615,0.00725905880614161,0.00725905880614161,0.00725905880614161,0.0422687684348916
12.9045618909384,0,-0.020800428050844,0,12.9045618909384,-0.020800428050844,-0.020800428050844,-0.020800428050844,0.00918914559220215
9.03381024943225,0,-0.0258591277728825,0,9.03381024943225,-0.0258591277728825,-0.0258591277728825,-0.0258591277728825,0.0210013285642308
7.292171244769,0,0.0214216184583366,0,7.292171244769,0.0214216184583366,0.0214216184583366,0.0214216184583366,0.00787016036700002
10.6567948708008,0,0.0203455428827325,0,10.6567948708008,0.0203455428827325,0.0203455428827325,0.0203455428827325,0.0367174068081082
15.83958844307,0,0.0399832495665445,0,15.83958844307,0.0399832495665445,0.0399832495665445,0.0399832495665445,0.0130470310288665
17.7014293147066,0,0.0234372077444364,0,17.7014293147066,0.0234372077444364,0.0234372077444364,0.0234372077444364,0.0323786122878216
18.5230702558348,0,-0.00995709768556392,0,18.5230702558348,-0.00995709768556392,-0.00995709768556392,-0.00995709768556392,0.0596686324209322
13.5036026382197,0,0.0260526179813793,0,13.5036026382197,0.0260526179813793,0.0260526179813793,0.0260526179813793,0.0175137052055195
13.9836050997556,0,-0.0596374353307077,0,13.9836050997556,-0.0596374353307077,-0.0596374353307077,-0.0596374353307077,0.0260159424457815
11.3110693140974,0,0.00982781565554414,0,11.3110693140974,0.00982781565554414,0.00982781565554414,0.00982781565554414,0.0152975413868066
20.6083384757102,0,-0.0196913974375486,0,20.6083384757102,-0.0196913974375486,-0.0196913974375486,-0.0196913974375486,0.0564075951702511
12.3671082351961,0,0.0210231372322994,0,12.3671082351961,0.0210231372322994,0.0210231372322994,0.0210231372322994,0.0160828742749283
12.3654554745313,0,-0.0686880413546458,0,12.3654554745313,-0.0686880413546458,-0.0686880413546458,-0.0686880413546458,0.0513325050706189
19.2556223171704,0,0.0285945738844167,0,19.2556223171704,0.0285945738844167,0.0285945738844167,0.0285945738844167,0.0139726523520546
34.7312424253189,0,0.00360906084633839,0,34.7312424253189,0.00360906084633839,0.00360906084633839,0.00360906084633839,0.017575833019559
54.7209102152747,0,0.0196726221291343,0,54.7209102152747,0.0196726221291343,0.0196726221291343,0.0196726221291343,0.0109274670854921
6.15335383446594,0,0.00868907833362001,0,6.15335383446594,0.00868907833362001,0.00868907833362001,0.00868907833362001,0.148956660150613
8.22166390729103,0,0.0200227074138689,0,8.22166390729103,0.0200227074138689,0.0200227074138689,0.0200227074138689,0.0889316774406693
6.56936523894705,0,-0.0184803687031215,0,6.56936523894705,-0.0184803687031215,-0.0184803687031215,-0.0184803687031215,0.0397871786329299
7.36539602284415,0,-0.0247872150245361,0,7.36539602284415,-0.0247872150245361,-0.0247872150245361,-0.0247872150245361,0.114121672795408
9.34902839864339,0,-0.0319037471830898,0,9.34902839864339,-0.0319037471830898,-0.0319037471830898,-0.0319037471830898,0.0353702402159913
12.5616640281909,0,0.00441577973083164,0,12.5616640281909,0.00441577973083164,0.00441577973083164,0.00441577973083164,0.0138459086615911
10.5411867057519,0,-0.0885790708954701,0,10.5411867057519,-0.0885790708954701,-0.0885790708954701,-0.0885790708954701,0.0320565633703811
10.8363107906744,0,-0.028098390818107,0,10.8363107906744,-0.028098390818107,-0.028098390818107,-0.028098390818107,0.071926050301895
7.60971237336999,0,0.0425196941211018,0,7.60971237336999,0.0425196941211018,0.0425196941211018,0.0425196941211018,0.0675431227803087
7.13153216147587,0,-0.0477446268787778,0,7.13153216147587,-0.0477446268787778,-0.0477446268787778,-0.0477446268787778,0.0691602399134146
11.3171115233183,0,-0.0301299566297987,0,11.3171115233183,-0.0301299566297987,-0.0301299566297987,-0.0301299566297987,0.0549217163119364
12.491172371433,0,0.00616174807970621,0,12.491172371433,0.00616174807970621,0.00616174807970621,0.00616174807970621,0.0405245193389735
17.7574754531964,0,-0.0364542682670167,0,17.7574754531964,-0.0364542682670167,-0.0364542682670167,-0.0364542682670167,0.0437339114285826
23.3384346785706,0,0.0173424537425691,0,23.3384346785706,0.0173424537425691,0.0173424537425691,0.0173424537425691,0.0189266195413323
21.0471310356801,0,0.0617673658141888,0,21.0471310356801,0.0617673658141888,0.0617673658141888,0.0617673658141888,0.047052745863464
16.8846431378076,0,0.0592246738975235,0,16.8846431378076,0.0592246738975235,0.0592246738975235,0.0592246738975235,0.0580511049145327
144.898873550211,0,0.152472628260226,0,144.898873550211,0.152472628260226,0.152472628260226,0.152472628260226,0.0124843951464072
10.8384906759069,0,-0.00221059163205814,0,10.8384906759069,-0.00221059163205814,-0.00221059163205814,-0.00221059163205814,0.0251376149245104
5.36034284274372,0,0.0126214961722838,0,5.36034284274372,0.0126214961722838,0.0126214961722838,0.0126214961722838,0.0439400124984659
14.6925462604222,0,-0.00458452472707301,0,14.6925462604222,-0.00458452472707301,-0.00458452472707301,-0.00458452472707301,0.0444254697733256
12.6985002447189,0,0.0156151615690587,0,12.6985002447189,0.0156151615690587,0.0156151615690587,0.0156151615690587,0.0344296478282526
11.0161041029769,0,-0.0031766917676102,0,11.0161041029769,-0.0031766917676102,-0.0031766917676102,-0.0031766917676102,0.0522005254908412
12.612078023469,0,-0.0597088928688878,0,12.612078023469,-0.0597088928688878,-0.0597088928688878,-0.0597088928688878,0.0322576765582896
27.9381463268887,0,-0.0196646199066465,0,27.9381463268887,-0.0196646199066465,-0.0196646199066465,-0.0196646199066465,0.0266030945529787
28.4056044215739,0,-0.0234835133541325,0,28.4056044215739,-0.0234835133541325,-0.0234835133541325,-0.0234835133541325,0.0460235649191708
13.4368696617468,0,0.0535402362440232,0,13.4368696617468,0.0535402362440232,0.0535402362440232,0.0535402362440232,0.0282079903838013
14.3373106913918,0,-0.0165868652445846,0,14.3373106913918,-0.0165868652445846,-0.0165868652445846,-0.0165868652445846,0.0475684856482902
25.9320346135502,0,-0.0232712391594247,0,25.9320346135502,-0.0232712391594247,-0.0232712391594247,-0.0232712391594247,0.0300519735078187
NA,NA,NA,NA,NA,NA,NA,NA,NA
3.48138260502119,0,-0.0431716232209931,0,3.48138260502119,-0.0431716232209931,-0.0431716232209931,-0.0431716232209931,0.0321818721032191
5.59197431763262,0,-0.0578220526680145,0,5.59197431763262,-0.0578220526680145,-0.0578220526680145,-0.0578220526680145,0.0290843221745671
7.10118523761685,0,-0.0285278978712163,0,7.10118523761685,-0.0285278978712163,-0.0285278978712163,-0.0285278978712163,0.0595492352872805
8.39406695268219,0,0.0167837864563465,0,8.39406695268219,0.0167837864563465,0.0167837864563465,0.0167837864563465,0.0322473662392579
6.68163411954067,0,0.0399525800720857,0,6.68163411954067,0.0399525800720857,0.0399525800720857,0.0399525800720857,0.0632642521725607
10.9419857642508,0,-0.0876235523401562,0,10.9419857642508,-0.0876235523401562,-0.0876235523401562,-0.0876235523401562,0.0336377588977628
9.567453602661,0,-0.0130573193727359,0,9.567453602661,-0.0130573193727359,-0.0130573193727359,-0.0130573193727359,0.0264340771076804
9.56764954052794,0,-0.00578932875863998,0,9.56764954052794,-0.00578932875863998,-0.00578932875863998,-0.00578932875863998,0.0288617279537588
9.58796747981615,0,0.00725905880614161,0,9.58796747981615,0.00725905880614161,0.00725905880614161,0.00725905880614161,0.0422687684348916
12.9045618909384,0,-0.020800428050844,0,12.9045618909384,-0.020800428050844,-0.020800428050844,-0.020800428050844,0.00918914559220215
9.03381024943225,0,-0.0258591277728825,0,9.03381024943225,-0.0258591277728825,-0.0258591277728825,-0.0258591277728825,0.0210013285642308
7.292171244769,0,0.0214216184583366,0,7.292171244769,0.0214216184583366,0.0214216184583366,0.0214216184583366,0.00787016036700002
10.6567948708008,0,0.0203455428827325,0,10.6567948708008,0.0203455428827325,0.0203455428827325,0.0203455428827325,0.0367174068081082
15.83958844307,0,0.0399832495665445,0,15.83958844307,0.0399832495665445,0.0399832495665445,0.0399832495665445,0.0130470310288665
17.7014293147066,0,0.0234372077444364,0,17.7014293147066,0.0234372077444364,0.0234372077444364,0.0234372077444364,0.0323786122878216
18.5230702558348,0,-0.00995709768556392,0,18.5230702558348,-0.00995709768556392,-0.00995709768556392,-0.00995709768556392,0.0596686324209322
13.5036026382197,0,0.0260526179813793,0,13.5036026382197,0.0260526179813793,0.0260526179813793,0.0260526179813793,0.0175137052055195
13.9836050997556,0,-0.0596374353307077,0,13.9836050997556,-0.0596374353307077,-0.0596374353307077,-0.0596374353307077,0.0260159424457815
11.3110693140974,0,0.00982781565554414,0,11.3110693140974,0.00982781565554414,0.00982781565554414,0.00982781565554414,0.0152975413868066
20.6083384757102,0,-0.0196913974375486,0,20.6083384757102,-0.0196913974375486,-0.0196913974375486,-0.0196913974375486,0.0564075951702511
12.3671082351961,0,0.0210231372322994,0,12.3671082351961,0.0210231372322994,0.0210231372322994,0.0210231372322994,0.0160828742749283
12.3654554745313,0,-0.0686880413546458,0,12.3654554745313,-0.0686880413546458,-0.0686880413546458,-0.0686880413546458,0.0513325050706189
19.2556223171704,0,0.0285945738844167,0,19.2556223171704,0.0285945738844167,0.0285945738844167,0.0285945738844167,0.0139726523520546
34.7312424253189,0,0.00360906084633839,0,34.7312424253189,0.00360906084633839,0.00360906084633839,0.00360906084633839,0.017575833019559
54.7209102152747,0,0.0196726221291343,0,54.7209102152747,0.0196726221291343,0.0196726221291343,0.0196726221291343,0.0109274670854921
6.15335383446594,0,0.00868907833362001,0,6.15335383446594,0.00868907833362001,0.00868907833362001,0.00868907833362001,0.148956660150613
8.22166390729103,0,0.0200227074138689,0,8.22166390729103,0.0200227074138689,0.0200227074138689,0.0200227074138689,0.0889316774406693
6.56936523894705,0,-0.0184803687031215,0,6.56936523894705,-0.0184803687031215,-0.0184803687031215,-0.0184803687031215,0.0397871786329299
7.36539602284415,0,-0.0247872150245361,0,7.36539602284415,-0.0247872150245361,-0.0247872150245361,-0.0247872150245361,0.114121672795408
9.34902839864339,0,-0.0319037471830898,0,9.34902839864339,-0.0319037471830898,-0.0319037471830898,-0.0319037471830898,0.0353702402159913
12.5616640281909,0,0.00441577973083164,0,12.5616640281909,0.00441577973083164,0.00441577973083164,0.00441577973083164,0.0138459086615911
10.5411867057519,0,-0.0885790708954701,0,10.5411867057519,-0.0885790708954701,-0.0885790708954701,-0.0885790708954701,0.0320565633703811
10.8363107906744,0,-0.028098390818107,0,10.8363107906744,-0.028098390818107,-0.028098390818107,-0.028098390818107,0.071926050301895
7.60971237336999,0,0.0425196941211018,0,7.60971237336999,0.0425196941211018,0.0425196941211018,0.0425196941211018,0.0675431227803087
7.13153216147587,0,-0.0477446268787778,0,7.13153216147587,-0.0477446268787778,-0.0477446268787778,-0.0477446268787778,0.0691602399134146
11.3171115233183,0,-0.0301299566297987,0,11.3171115233183,-0.0301299566297987,-0.0301299566297987,-0.0301299566297987,0.0549217163119364
12.491172371433,0,0.00616174807970621,0,12.491172371433,0.00616174807970621,0.00616174807970621,0.00616174807970621,0.0405245193389735
17.7574754531964,0,-0.0364542682670167,0,17.7574754531964,-0.0364542682670167,-0.0364542682670167,-0.0364542682670167,0.0437339114285826
23.3384346785706,0,0.0173424537425691,0,23.3384346785706,0.0173424537425691,0.0173424537425691,0.0173424537425691,0.0189266195413323
21.0471310356801,0,0.0617673658141888,0,21.0471310356801,0.0617673658141888,0.0617673658141888,0.0617673658141888,0.047052745863464
16.8846431378076,0,0.0592246738975235,0,16.8846431378076,0.0592246738975235,0.0592246738975235,0.0592246738975235,0.0580511049145327
144.898873550211,0,0.152472628260226,0,144.898873550211,0.152472628260226,0.152472628260226,0.152472628260226,0.0124843951464072
10.8384906759069,0,-0.00221059163205814,0,10.8384906759069,-0.00221059163205814,-0.00221059163205814,-0.00221059163205814,0.0251376149245104
5.36034284274372,0,0.0126214961722838,0,5.36034284274372,0.0126214961722838,0.0126214961722838,0.0126214961722838,0.0439400124984659
14.6925462604222,0,-0.00458452472707301,0,14.6925462604222,-0.00458452472707301,-0.00458452472707301,-0.00458452472707301,0.0444254697733256
12.6985002447189,0,0.0156151615690587,0,12.6985002447189,0.0156151615690587,0.0156151615690587,0.0156151615690587,0.0344296478282526
11.0161041029769,0,-0.0031766917676102,0,11.0161041029769,-0.0031766917676102,-0.0031766917676102,-0.0031766917676102,0.0522005254908412
12.612078023469,0,-0.0597088928688878,0,12.612078023469,-0.0597088928688878,-0.0597088928688878,-0.0597088928688878,0.0322576765582896
27.9381463268887,0,-0.0196646199066465,0,27.9381463268887,-0.0196646199066465,-0.0196646199066465,-0.0196646199066465,0.0266030945529787
28.4056044215739,0,-0.0234835133541325,0,28.4056044215739,-0.0234835133541325,-0.0234835133541325,-0.0234835133541325,0.0460235649191708
13.4368696617468,0,0.0535402362440232,0,13.4368696617468,0.0535402362440232,0.0535402362440232,0.0535402362440232,0.0282079903838013
14.3373106913918,0,-0.0165868652445846,0,14.3373106913918,-0.0165868652445846,-0.0165868652445846,-0.0165868652445846,0.0475684856482902
25.9320346135502,0,-0.0232712391594247,0,25.9320346135502,-0.0232712391594247,-0.0232712391594247,-0.0232712391594247,0.0300519735078187
NA,NA,NA,NA,NA,NA,NA,NA,NA
3.48138260502119,0,-0.0431716232209931,0,3.48138260502119,-0.0431716232209931,-0.0431716232209931,-0.0431716232209931,0.0321818721032191
5.59197431763262,0,-0.0578220526680145,0,5.59197431763262,-0.0578220526680145,-0.0578220526680145,-0.0578220526680145,0.0290843221745671
7.10118523761685,0,-0.0285278978712163,0,7.10118523761685,-0.0285278978712163,-0.0285278978712163,-0.0285278978712163,0.0595492352872805
8.39406695268219,0,0.0167837864563465,0,8.39406695268219,0.0167837864563465,0.0167837864563465,0.0167837864563465,0.0322473662392579
6.68163411954067,0,0.0399525800720857,0,6.68163411954067,0.0399525800720857,0.0399525800720857,0.0399525800720857,0.0632642521725607
10.9419857642508,0,-0.0876235523401562,0,10.9419857642508,-0.0876235523401562,-0.0876235523401562,-0.0876235523401562,0.0336377588977628
9.567453602661,0,-0.0130573193727359,0,9.567453602661,-0.0130573193727359,-0.0130573193727359,-0.0130573193727359,0.0264340771076804
9.56764954052794,0,-0.00578932875863998,0,9.56764954052794,-0.00578932875863998,-0.00578932875863998,-0.00578932875863998,0.0288617279537588
9.58796747981615,0,0.00725905880614161,0,9.58796747981615,0.00725905880614161,0.00725905880614161,0.00725905880614161,0.0422687684348916
12.9045618909384,0,-0.020800428050844,0,12.9045618909384,-0.020800428050844,-0.020800428050844,-0.020800428050844,0.00918914559220215
9.03381024943225,0,-0.0258591277728825,0,9.03381024943225,-0.0258591277728825,-0.0258591277728825,-0.0258591277728825,0.0210013285642308
7.292171244769,0,0.0214216184583366,0,7.292171244769,0.0214216184583366,0.0214216184583366,0.0214216184583366,0.00787016036700002
10.6567948708008,0,0.0203455428827325,0,10.6567948708008,0.0203455428827325,0.0203455428827325,0.0203455428827325,0.0367174068081082
15.83958844307,0,0.0399832495665445,0,15.83958844307,0.0399832495665445,0.0399832495665445,0.0399832495665445,0.0130470310288665
17.7014293147066,0,0.0234372077444364,0,17.7014293147066,0.0234372077444364,0.0234372077444364,0.0234372077444364,0.0323786122878216
18.5230702558348,0,-0.00995709768556392,0,18.5230702558348,-0.00995709768556392,-0.00995709768556392,-0.00995709768556392,0.0596686324209322
13.5036026382197,0,0.0260526179813793,0,13.5036026382197,0.0260526179813793,0.0260526179813793,0.0260526179813793,0.0175137052055195
13.9836050997556,0,-0.0596374353307077,0,13.9836050997556,-0.0596374353307077,-0.0596374353307077,-0.0596374353307077,0.0260159424457815
11.3110693140974,0,0.00982781565554414,0,11.3110693140974,0.00982781565554414,0.00982781565554414,0.00982781565554414,0.0152975413868066
20.6083384757102,0,-0.0196913974375486,0,20.6083384757102,-0.0196913974375486,-0.0196913974375486,-0.0196913974375486,0.0564075951702511
12.3671082351961,0,0.0210231372322994,0,12.3671082351961,0.0210231372322994,0.0210231372322994,0.0210231372322994,0.0160828742749283
12.3654554745313,0,-0.0686880413546458,0,12.3654554745313,-0.0686880413546458,-0.0686880413546458,-0.0686880413546458,0.0513325050706189
19.2556223171704,0,0.0285945738844167,0,19.2556223171704,0.0285945738844167,0.0285945738844167,0.0285945738844167,0.0139726523520546
34.7312424253189,0,0.00360906084633839,0,34.7312424253189,0.00360906084633839,0.00360906084633839,0.00360906084633839,0.017575833019559
54.7209102152747,0,0.0196726221291343,0,54.7209102152747,0.0196726221291343,0.0196726221291343,0.0196726221291343,0.0109274670854921
6.15335383446594,0,0.00868907833362001,0,6.15335383446594,0.00868907833362001,0.00868907833362001,0.00868907833362001,0.148956660150613
8.22166390729103,0,0.0200227074138689,0,8.22166390729103,0.0200227074138689,0.0200227074138689,0.0200227074138689,0.0889316774406693
6.56936523894705,0,-0.0184803687031215,0,6.56936523894705,-0.0184803687031215,-0.0184803687031215,-0.0184803687031215,0.0397871786329299
7.36539602284415,0,-0.0247872150245361,0,7.36539602284415,-0.0247872150245361,-0.0247872150245361,-0.0247872150245361,0.114121672795408
9.34902839864339,0,-0.0319037471830898,0,9.34902839864339,-0.0319037471830898,-0.0319037471830898,-0.0319037471830898,0.0353702402159913
12.5616640281909,0,0.00441577973083164,0,12.5616640281909,0.00441577973083164,0.00441577973083164,0.00441577973083164,0.0138459086615911
10.5411867057519,0,-0.0885790708954701,0,10.5411867057519,-0.0885790708954701,-0.0885790708954701,-0.0885790708954701,0.0320565633703811
10.8363107906744,0,-0.028098390818107,0,10.8363107906744,-0.028098390818107,-0.028098390818107,-0.028098390818107,0.071926050301895
7.60971237336999,0,0.0425196941211018,0,7.60971237336999,0.0425196941211018,0.0425196941211018,0.0425196941211018,0.0675431227803087
7.13153216147587,0,-0.0477446268787778,0,7.13153216147587,-0.0477446268787778,-0.0477446268787778,-0.0477446268787778,0.0691602399134146
11.3171115233183,0,-0.0301299566297987,0,11.3171115233183,-0.0301299566297987,-0.0301299566297987,-0.0301299566297987,0.0549217163119364
12.491172371433,0,0.00616174807970621,0,12.491172371433,0.00616174807970621,0.00616174807970621,0.00616174807970621,0.0405245193389735
17.7574754531964,0,-0.0364542682670167,0,17.7574754531964,-0.0364542682670167,-0.0364542682670167,-0.0364542682670167,0.0437339114285826
23.3384346785706,0,0.0173424537425691,0,23.3384346785706,0.0173424537425691,0.0173424537425691,0.0173424537425691,0.0189266195413323
21.0471310356801,0,0.0617673658141888,0,21.0471310356801,0.0617673658141888,0.0617673658141888,0.0617673658141888,0.047052745863464
16.8846431378076,0,0.0592246738975235,0,16.8846431378076,0.0592246738975235,0.0592246738975235,0.0592246738975235,0.0580511049145327
144.898873550211,0,0.152472628260226,0,144.898873550211,0.152472628260226,0.152472628260226,0.152472628260226,0.0124843951464072
10.8384906759069,0,-0.00221059163205814,0,10.8384906759069,-0.00221059163205814,-0.00221059163205814,-0.00221059163205814,0.0251376149245104
5.36034284274372,0,0.0126214961722838,0,5.36034284274372,0.0126214961722838,0.0126214961722838,0.0126214961722838,0.0439400124984659
14.6925462604222,0,-0.00458452472707301,0,14.6925462604222,-0.00458452472707301,-0.00458452472707301,-0.00458452472707301,0.0444254697733256
12.6985002447189,0,0.0156151615690587,0,12.6985002447189,0.0156151615690587,0.0156151615690587,0.0156151615690587,0.0344296478282526
11.0161041029769,0,-0.0031766917676102,0,11.0161041029769,-0.0031766917676102,-0.0031766917676102,-0.0031766917676102,0.0522005254908412
12.612078023469,0,-0.0597088928688878,0,12.612078023469,-0.0597088928688878,-0.0597088928688878,-0.0597088928688878,0.0322576765582896
27.9381463268887,0,-0.0196646199066465,0,27.9381463268887,-0.0196646199066465,-0.0196646199066465,-0.0196646199066465,0.0266030945529787
28.4056044215739,0,-0.0234835133541325,0,28.4056044215739,-0.0234835133541325,-0.0234835133541325,-0.0234835133541325,0.0460235649191708
13.4368696617468,0,0.0535402362440232,0,13.4368696617468,0.0535402362440232,0.0535402362440232,0.0535402362440232,0.0282079903838013
14.3373106913918,0,-0.0165868652445846,0,14.3373106913918,-0.0165868652445846,-0.0165868652445846,-0.0165868652445846,0.0475684856482902
25.9320346135502,0,-0.0232712391594247,0,25.9320346135502,-0.0232712391594247,-0.0232712391594247,-0.0232712391594247,0.0300519735078187
NA,NA,NA,NA,NA,NA,NA,NA,NA
3.48138260502119,0,-0.0431716232209931,0,3.48138260502119,-0.0431716232209931,-0.0431716232209931,-0.0431716232209931,0.0321818721032191
5.59197431763262,0,-0.0578220526680145,0,5.59197431763262,-0.0578220526680145,-0.0578220526680145,-0.0578220526680145,0.0290843221745671
7.10118523761685,0,-0.0285278978712163,0,7.10118523761685,-0.0285278978712163,-0.0285278978712163,-0.0285278978712163,0.0595492352872805
8.39406695268219,0,0.0167837864563465,0,8.39406695268219,0.0167837864563465,0.0167837864563465,0.0167837864563465,0.0322473662392579
6.68163411954067,0,0.0399525800720857,0,6.68163411954067,0.0399525800720857,0.0399525800720857,0.0399525800720857,0.0632642521725607
10.9419857642508,0,-0.0876235523401562,0,10.9419857642508,-0.0876235523401562,-0.0876235523401562,-0.0876235523401562,0.0336377588977628
9.567453602661,0,-0.0130573193727359,0,9.567453602661,-0.0130573193727359,-0.0130573193727359,-0.0130573193727359,0.0264340771076804
9.56764954052794,0,-0.00578932875863998,0,9.56764954052794,-0.00578932875863998,-0.00578932875863998,-0.00578932875863998,0.0288617279537588
9.58796747981615,0,0.00725905880614161,0,9.58796747981615,0.00725905880614161,0.00725905880614161,0.00725905880614161,0.0422687684348916
12.9045618909384,0,-0.020800428050844,0,12.9045618909384,-0.020800428050844,-0.020800428050844,-0.020800428050844,0.00918914559220215
9.03381024943225,0,-0.0258591277728825,0,9.03381024943225,-0.0258591277728825,-0.0258591277728825,-0.0258591277728825,0.0210013285642308
7.292171244769,0,0.0214216184583366,0,7.292171244769,0.0214216184583366,0.0214216184583366,0.0214216184583366,0.00787016036700002
10.6567948708008,0,0.0203455428827325,0,10.6567948708008,0.0203455428827325,0.0203455428827325,0.0203455428827325,0.0367174068081082
15.83958844307,0,0.0399832495665445,0,15.83958844307,0.0399832495665445,0.0399832495665445,0.0399832495665445,0.0130470310288665
17.7014293147066,0,0.0234372077444364,0,17.7014293147066,0.0234372077444364,0.0234372077444364,0.0234372077444364,0.0323786122878216
18.5230702558348,0,-0.00995709768556392,0,18.5230702558348,-0.00995709768556392,-0.00995709768556392,-0.00995709768556392,0.0596686324209322
13.5036026382197,0,0.0260526179813793,0,13.5036026382197,0.0260526179813793,0.0260526179813793,0.0260526179813793,0.0175137052055195
13.9836050997556,0,-0.0596374353307077,0,13.9836050997556,-0.0596374353307077,-0.0596374353307077,-0.0596374353307077,0.0260159424457815
11.3110693140974,0,0.00982781565554414,0,11.3110693140974,0.00982781565554414,0.00982781565554414,0.00982781565554414,0.0152975413868066
20.6083384757102,0,-0.0196913974375486,0,20.6083384757102,-0.0196913974375486,-0.0196913974375486,-0.0196913974375486,0.0564075951702511
12.3671082351961,0,0.0210231372322994,0,12.3671082351961,0.0210231372322994,0.0210231372322994,0.0210231372322994,0.0160828742749283
12.3654554745313,0,-0.0686880413546458,0,12.3654554745313,-0.0686880413546458,-0.0686880413546458,-0.0686880413546458,0.0513325050706189
19.2556223171704,0,0.0285945738844167,0,19.2556223171704,0.0285945738844167,0.0285945738844167,0.0285945738844167,0.0139726523520546
34.7312424253189,0,0.00360906084633839,0,34.7312424253189,0.00360906084633839,0.00360906084633839,0.00360906084633839,0.017575833019559
54.7209102152747,0,0.0196726221291343,0,54.7209102152747,0.0196726221291343,0.0196726221291343,0.0196726221291343,0.0109274670854921
6.15335383446594,0,0.00868907833362001,0,6.15335383446594,0.00868907833362001,0.00868907833362001,0.00868907833362001,0.148956660150613
8.22166390729103,0,0.0200227074138689,0,8.22166390729103,0.0200227074138689,0.0200227074138689,0.0200227074138689,0.0889316774406693
6.56936523894705,0,-0.0184803687031215,0,6.56936523894705,-0.0184803687031215,-0.0184803687031215,-0.0184803687031215,0.0397871786329299
7.36539602284415,0,-0.0247872150245361,0,7.36539602284415,-0.0247872150245361,-0.0247872150245361,-0.0247872150245361,0.114121672795408
9.34902839864339,0,-0.0319037471830898,0,9.34902839864339,-0.0319037471830898,-0.0319037471830898,-0.0319037471830898,0.0353702402159913
12.5616640281909,0,0.00441577973083164,0,12.5616640281909,0.00441577973083164,0.00441577973083164,0.00441577973083164,0.0138459086615911
10.5411867057519,0,-0.0885790708954701,0,10.5411867057519,-0.0885790708954701,-0.0885790708954701,-0.0885790708954701,0.0320565633703811
10.8363107906744,0,-0.028098390818107,0,10.8363107906744,-0.028098390818107,-0.028098390818107,-0.028098390818107,0.071926050301895
7.60971237336999,0,0.0425196941211018,0,7.60971237336999,0.0425196941211018,0.0425196941211018,0.0425196941211018,0.0675431227803087
7.13153216147587,0,-0.0477446268787778,0,7.13153216147587,-0.0477446268787778,-0.0477446268787778,-0.0477446268787778,0.0691602399134146
11.3171115233183,0,-0.0301299566297987,0,11.3171115233183,-0.0301299566297987,-0.0301299566297987,-0.0301299566297987,0.0549217163119364
12.491172371433,0,0.00616174807970621,0,12.491172371433,0.00616174807970621,0.00616174807970621,0.00616174807970621,0.0405245193389735
17.7574754531964,0,-0.0364542682670167,0,17.7574754531964,-0.0364542682670167,-0.0364542682670167,-0.0364542682670167,0.0437339114285826
23.3384346785706,0,0.0173424537425691,0,23.3384346785706,0.0173424537425691,0.0173424537425691,0.0173424537425691,0.0189266195413323
21.0471310356801,0,0.0617673658141888,0,21.0471310356801,0.0617673658141888,0.0617673658141888,0.0617673658141888,0.047052745863464
16.8846431378076,0,0.0592246738975235,0,16.8846431378076,0.0592246738975235,0.0592246738975235,0.0592246738975235,0.0580511049145327
144.898873550211,0,0.152472628260226,0,144.898873550211,0.152472628260226,0.152472628260226,0.152472628260226,0.0124843951464072
10.8384906759069,0,-0.00221059163205814,0,10.8384906759069,-0.00221059163205814,-0.00221059163205814,-0.00221059163205814,0.0251376149245104
5.36034284274372,0,0.0126214961722838,0,5.36034284274372,0.0126214961722838,0.0126214961722838,0.0126214961722838,0.0439400124984659
14.6925462604222,0,-0.00458452472707301,0,14.6925462604222,-0.00458452472707301,-0.00458452472707301,-0.00458452472707301,0.0444254697733256
12.6985002447189,0,0.0156151615690587,0,12.6985002447189,0.0156151615690587,0.0156151615690587,0.0156151615690587,0.0344296478282526
11.0161041029769,0,-0.0031766917676102,0,11.0161041029769,-0.0031766917676102,-0.0031766917676102,-0.0031766917676102,0.0522005254908412
12.612078023469,0,-0.0597088928688878,0,12.612078023469,-0.0597088928688878,-0.0597088928688878,-0.0597088928688878,0.0322576765582896
27.9381463268887,0,-0.0196646199066465,0,27.9381463268887,-0.0196646199066465,-0.0196646199066465,-0.0196646199066465,0.0266030945529787
24.4728765020316,0,-0.0883766236254439,0,24.4728765020316,-0.0883766236254439,-0.0883766236254439,-0.0883766236254439,0.0473406670453721
13.4368696617468,0,0.0535402362440232,0,13.4368696617468,0.0535402362440232,0.0535402362440232,0.0535402362440232,0.0282079903838013
14.3373106913918,0,-0.0165868652445846,0,14.3373106913918,-0.0165868652445846,-0.0165868652445846,-0.0165868652445846,0.0475684856482902
25.9320346135502,0,-0.0232712391594247,0,25.9320346135502,-0.0232712391594247,-0.0232712391594247,-0.0232712391594247,0.0300519735078187
NA,NA,NA,NA,NA,NA,NA,NA,NA
3.48138260502119,0,-0.0431716232209931,0,3.48138260502119,-0.0431716232209931,-0.0431716232209931,-0.0431716232209931,0.0321818721032191
5.59197431763262,0,-0.0578220526680145,0,5.59197431763262,-0.0578220526680145,-0.0578220526680145,-0.0578220526680145,0.0290843221745671
7.10118523761685,0,-0.0285278978712163,0,7.10118523761685,-0.0285278978712163,-0.0285278978712163,-0.0285278978712163,0.0595492352872805
8.39406695268219,0,0.0167837864563465,0,8.39406695268219,0.0167837864563465,0.0167837864563465,0.0167837864563465,0.0322473662392579
6.68163411954067,0,0.0399525800720857,0,6.68163411954067,0.0399525800720857,0.0399525800720857,0.0399525800720857,0.0632642521725607
10.9419857642508,0,-0.0876235523401562,0,10.9419857642508,-0.0876235523401562,-0.0876235523401562,-0.0876235523401562,0.0336377588977628
9.567453602661,0,-0.0130573193727359,0,9.567453602661,-0.0130573193727359,-0.0130573193727359,-0.0130573193727359,0.0264340771076804
9.56764954052794,0,-0.00578932875863998,0,9.56764954052794,-0.00578932875863998,-0.00578932875863998,-0.00578932875863998,0.0288617279537588
9.58796747981615,0,0.00725905880614161,0,9.58796747981615,0.00725905880614161,0.00725905880614161,0.00725905880614161,0.0422687684348916
12.9045618909384,0,-0.020800428050844,0,12.9045618909384,-0.020800428050844,-0.020800428050844,-0.020800428050844,0.00918914559220215
9.03381024943225,0,-0.0258591277728825,0,9.03381024943225,-0.0258591277728825,-0.0258591277728825,-0.0258591277728825,0.0210013285642308
7.292171244769,0,0.0214216184583366,0,7.292171244769,0.0214216184583366,0.0214216184583366,0.0214216184583366,0.00787016036700002
10.6567948708008,0,0.0203455428827325,0,10.6567948708008,0.0203455428827325,0.0203455428827325,0.0203455428827325,0.0367174068081082
15.83958844307,0,0.0399832495665445,0,15.83958844307,0.0399832495665445,0.0399832495665445,0.0399832495665445,0.0130470310288665
17.7014293147066,0,0.0234372077444364,0,17.7014293147066,0.0234372077444364,0.0234372077444364,0.0234372077444364,0.0323786122878216
18.5230702558348,0,-0.00995709768556392,0,18.5230702558348,-0.00995709768556392,-0.00995709768556392,-0.00995709768556392,0.0596686324209322
13.5036026382197,0,0.0260526179813793,0,13.5036026382197,0.0260526179813793,0.0260526179813793,0.0260526179813793,0.0175137052055195
13.9836050997556,0,-0.0596374353307077,0,13.9836050997556,-0.0596374353307077,-0.0596374353307077,-0.0596374353307077,0.0260159424457815
11.3110693140974,0,0.00982781565554414,0,11.3110693140974,0.00982781565554414,0.00982781565554414,0.00982781565554414,0.0152975413868066
20.6083384757102,0,-0.0196913974375486,0,20.6083384757102,-0.0196913974375486,-0.0196913974375486,-0.0196913974375486,0.0564075951702511
12.3671082351961,0,0.0210231372322994,0,12.3671082351961,0.0210231372322994,0.0210231372322994,0.0210231372322994,0.0160828742749283
12.3654554745313,0,-0.0686880413546458,0,12.3654554745313,-0.0686880413546458,-0.0686880413546458,-0.0686880413546458,0.0513325050706189
19.2556223171704,0,0.0285945738844167,0,19.2556223171704,0.0285945738844167,0.0285945738844167,0.0285945738844167,0.0139726523520546
34.7312424253189,0,0.00360906084633839,0,34.7312424253189,0.00360906084633839,0.00360906084633839,0.00360906084633839,0.017575833019559
54.7209102152747,0,0.0196726221291343,0,54.7209102152747,0.0196726221291343,0.0196726221291343,0.0196726221291343,0.0109274670854921
6.15335383446594,0,0.00868907833362001,0,6.15335383446594,0.00868907833362001,0.00868907833362001,0.00868907833362001,0.148956660150613
8.22166390729103,0,0.0200227074138689,0,8.22166390729103,0.0200227074138689,0.0200227074138689,0.0200227074138689,0.0889316774406693
6.56936523894705,0,-0.0184803687031215,0,6.56936523894705,-0.0184803687031215,-0.0184803687031215,-0.0184803687031215,0.0397871786329299
7.36539602284415,0,-0.0247872150245361,0,7.36539602284415,-0.0247872150245361,-0.0247872150245361,-0.0247872150245361,0.114121672795408
9.34902839864339,0,-0.0319037471830898,0,9.34902839864339,-0.0319037471830898,-0.0319037471830898,-0.0319037471830898,0.0353702402159913
12.5616640281909,0,0.00441577973083164,0,12.5616640281909,0.00441577973083164,0.00441577973083164,0.00441577973083164,0.0138459086615911
10.5411867057519,0,-0.0885790708954701,0,10.5411867057519,-0.0885790708954701,-0.0885790708954701,-0.0885790708954701,0.0320565633703811
10.8363107906744,0,-0.028098390818107,0,10.8363107906744,-0.028098390818107,-0.028098390818107,-0.028098390818107,0.071926050301895
7.60971237336999,0,0.0425196941211018,0,7.60971237336999,0.0425196941211018,0.0425196941211018,0.0425196941211018,0.0675431227803087
7.13153216147587,0,-0.0477446268787778,0,7.13153216147587,-0.0477446268787778,-0.0477446268787778,-0.0477446268787778,0.0691602399134146
11.3171115233183,0,-0.0301299566297987,0,11.3171115233183,-0.0301299566297987,-0.0301299566297987,-0.0301299566297987,0.0549217163119364
12.491172371433,0,0.00616174807970621,0,12.491172371433,0.00616174807970621,0.00616174807970621,0.00616174807970621,0.0405245193389735
17.7574754531964,0,-0.0364542682670167,0,17.7574754531964,-0.0364542682670167,-0.0364542682670167,-0.0364542682670167,0.0437339114285826
23.3384346785706,0,0.0173424537425691,0,23.3384346785706,0.0173424537425691,0.0173424537425691,0.0173424537425691,0.0189266195413323
21.0471310356801,0,0.0617673658141888,0,21.0471310356801,0.0617673658141888,0.0617673658141888,0.0617673658141888,0.047052745863464
16.8846431378076,0,0.0592246738975235,0,16.8846431378076,0.0592246738975235,0.0592246738975235,0.0592246738975235,0.0580511049145327
144.898873550211,0,0.152472628260226,0,144.898873550211,0.152472628260226,0.152472628260226,0.152472628260226,0.0124843951464072
10.8384906759069,0,-0.00221059163205814,0,10.8384906759069,-0.00221059163205814,-0.00221059163205814,-0.00221059163205814,0.0251376149245104
5.36034284274372,0,0.0126214961722838,0,5.36034284274372,0.0126214961722838,0.0126214961722838,0.0126214961722838,0.0439400124984659
14.6925462604222,0,-0.00458452472707301,0,14.6925462604222,-0.00458452472707301,-0.00458452472707301,-0.00458452472707301,0.0444254697733256
12.6985002447189,0,0.0156151615690587,0,12.6985002447189,0.0156151615690587,0.0156151615690587,0.0156151615690587,0.0344296478282526
11.0161041029769,0,-0.0031766917676102,0,11.0161041029769,-0.0031766917676102,-0.0031766917676102,-0.0031766917676102,0.0522005254908412
12.612078023469,0,-0.0597088928688878,0,12.612078023469,-0.0597088928688878,-0.0597088928688878,-0.0597088928688878,0.0322576765582896
27.9381463268887,0,-0.0196646199066465,0,27.9381463268887,-0.0196646199066465,-0.0196646199066465,-0.0196646199066465,0.0266030945529787
24.4728765020316,0,-0.0883766236254439,0,24.4728765020316,-0.0883766236254439,-0.0883766236254439,-0.0883766236254439,0.0473406670453721
13.4368696617468,0,0.0535402362440232,0,13.4368696617468,0.0535402362440232,0.0535402362440232,0.0535402362440232,0.0282079903838013
7.48402930279067,0,0.00968988201586394,0,7.48402930279067,0.00968988201586394,0.00968988201586394,0.00968988201586394,0.0686754083472401
25.9320346135502,0,-0.0232712391594247,0,25.9320346135502,-0.0232712391594247,-0.0232712391594247,-0.0232712391594247,0.0300519735078187
NA,NA,NA,NA,NA,NA,NA,NA,NA
3.48138260502119,0,-0.0431716232209931,0,3.48138260502119,-0.0431716232209931,-0.0431716232209931,-0.0431716232209931,0.0321818721032191
5.59197431763262,0,-0.0578220526680145,0,5.59197431763262,-0.0578220526680145,-0.0578220526680145,-0.0578220526680145,0.0290843221745671
7.10118523761685,0,-0.0285278978712163,0,7.10118523761685,-0.0285278978712163,-0.0285278978712163,-0.0285278978712163,0.0595492352872805
8.39406695268219,0,0.0167837864563465,0,8.39406695268219,0.0167837864563465,0.0167837864563465,0.0167837864563465,0.0322473662392579
6.68163411954067,0,0.0399525800720857,0,6.68163411954067,0.0399525800720857,0.0399525800720857,0.0399525800720857,0.0632642521725607
10.9419857642508,0,-0.0876235523401562,0,10.9419857642508,-0.0876235523401562,-0.0876235523401562,-0.0876235523401562,0.0336377588977628
9.567453602661,0,-0.0130573193727359,0,9.567453602661,-0.0130573193727359,-0.0130573193727359,-0.0130573193727359,0.0264340771076804
9.56764954052794,0,-0.00578932875863998,0,9.56764954052794,-0.00578932875863998,-0.00578932875863998,-0.00578932875863998,0.0288617279537588
9.58796747981615,0,0.00725905880614161,0,9.58796747981615,0.00725905880614161,0.00725905880614161,0.00725905880614161,0.0422687684348916
12.9045618909384,0,-0.020800428050844,0,12.9045618909384,-0.020800428050844,-0.020800428050844,-0.020800428050844,0.00918914559220215
9.03381024943225,0,-0.0258591277728825,0,9.03381024943225,-0.0258591277728825,-0.0258591277728825,-0.0258591277728825,0.0210013285642308
7.292171244769,0,0.0214216184583366,0,7.292171244769,0.0214216184583366,0.0214216184583366,0.0214216184583366,0.00787016036700002
10.6567948708008,0,0.0203455428827325,0,10.6567948708008,0.0203455428827325,0.0203455428827325,0.0203455428827325,0.0367174068081082
15.83958844307,0,0.0399832495665445,0,15.83958844307,0.0399832495665445,0.0399832495665445,0.0399832495665445,0.0130470310288665
17.7014293147066,0,0.0234372077444364,0,17.7014293147066,0.0234372077444364,0.0234372077444364,0.0234372077444364,0.0323786122878216
18.5230702558348,0,-0.00995709768556392,0,18.5230702558348,-0.00995709768556392,-0.00995709768556392,-0.00995709768556392,0.0596686324209322
13.5036026382197,0,0.0260526179813793,0,13.5036026382197,0.0260526179813793,0.0260526179813793,0.0260526179813793,0.0175137052055195
13.9836050997556,0,-0.0596374353307077,0,13.9836050997556,-0.0596374353307077,-0.0596374353307077,-0.0596374353307077,0.0260159424457815
11.3110693140974,0,0.00982781565554414,0,11.3110693140974,0.00982781565554414,0.00982781565554414,0.00982781565554414,0.0152975413868066
20.6083384757102,0,-0.0196913974375486,0,20.6083384757102,-0.0196913974375486,-0.0196913974375486,-0.0196913974375486,0.0564075951702511
12.3671082351961,0,0.0210231372322994,0,12.3671082351961,0.0210231372322994,0.0210231372322994,0.0210231372322994,0.0160828742749283
12.3654554745313,0,-0.0686880413546458,0,12.3654554745313,-0.0686880413546458,-0.0686880413546458,-0.0686880413546458,0.0513325050706189
19.2556223171704,0,0.0285945738844167,0,19.2556223171704,0.0285945738844167,0.0285945738844167,0.0285945738844167,0.0139726523520546
34.7312424253189,0,0.00360906084633839,0,34.7312424253189,0.00360906084633839,0.00360906084633839,0.00360906084633839,0.017575833019559
54.7209102152747,0,0.0196726221291343,0,54.7209102152747,0.0196726221291343,0.0196726221291343,0.0196726221291343,0.0109274670854921
6.15335383446594,0,0.00868907833362001,0,6.15335383446594,0.00868907833362001,0.00868907833362001,0.00868907833362001,0.148956660150613
8.22166390729103,0,0.0200227074138689,0,8.22166390729103,0.0200227074138689,0.0200227074138689,0.0200227074138689,0.0889316774406693
6.56936523894705,0,-0.0184803687031215,0,6.56936523894705,-0.0184803687031215,-0.0184803687031215,-0.0184803687031215,0.0397871786329299
7.36539602284415,0,-0.0247872150245361,0,7.36539602284415,-0.0247872150245361,-0.0247872150245361,-0.0247872150245361,0.114121672795408
9.34902839864339,0,-0.0319037471830898,0,9.34902839864339,-0.0319037471830898,-0.0319037471830898,-0.0319037471830898,0.0353702402159913
12.5616640281909,0,0.00441577973083164,0,12.5616640281909,0.00441577973083164,0.00441577973083164,0.00441577973083164,0.0138459086615911
10.5411867057519,0,-0.0885790708954701,0,10.5411867057519,-0.0885790708954701,-0.0885790708954701,-0.0885790708954701,0.0320565633703811
10.8363107906744,0,-0.028098390818107,0,10.8363107906744,-0.028098390818107,-0.028098390818107,-0.028098390818107,0.071926050301895
7.60971237336999,0,0.0425196941211018,0,7.60971237336999,0.0425196941211018,0.0425196941211018,0.0425196941211018,0.0675431227803087
7.13153216147587,0,-0.0477446268787778,0,7.13153216147587,-0.0477446268787778,-0.0477446268787778,-0.0477446268787778,0.0691602399134146
11.3171115233183,0,-0.0301299566297987,0,11.3171115233183,-0.0301299566297987,-0.0301299566297987,-0.0301299566297987,0.0549217163119364
12.491172371433,0,0.00616174807970621,0,12.491172371433,0.00616174807970621,0.00616174807970621,0.00616174807970621,0.0405245193389735
17.7574754531964,0,-0.0364542682670167,0,17.7574754531964,-0.0364542682670167,-0.0364542682670167,-0.0364542682670167,0.0437339114285826
23.3384346785706,0,0.0173424537425691,0,23.3384346785706,0.0173424537425691,0.0173424537425691,0.0173424537425691,0.0189266195413323
21.0471310356801,0,0.0617673658141888,0,21.0471310356801,0.0617673658141888,0.0617673658141888,0.0617673658141888,0.047052745863464
16.8846431378076,0,0.0592246738975235,0,16.8846431378076,0.0592246738975235,0.0592246738975235,0.0592246738975235,0.0580511049145327
144.898873550211,0,0.152472628260226,0,144.898873550211,0.152472628260226,0.152472628260226,0.152472628260226,0.0124843951464072
10.8384906759069,0,-0.00221059163205814,0,10.8384906759069,-0.00221059163205814,-0.00221059163205814,-0.00221059163205814,0.0251376149245104
5.36034284274372,0,0.0126214961722838,0,5.36034284274372,0.0126214961722838,0.0126214961722838,0.0126214961722838,0.0439400124984659
14.6925462604222,0,-0.00458452472707301,0,14.6925462604222,-0.00458452472707301,-0.00458452472707301,-0.00458452472707301,0.0444254697733256
12.6985002447189,0,0.0156151615690587,0,12.6985002447189,0.0156151615690587,0.0156151615690587,0.0156151615690587,0.0344296478282526
11.0161041029769,0,-0.0031766917676102,0,11.0161041029769,-0.0031766917676102,-0.0031766917676102,-0.0031766917676102,0.0522005254908412
12.612078023469,0,-0.0597088928688878,0,12.612078023469,-0.0597088928688878,-0.0597088928688878,-0.0597088928688878,0.0322576765582896
27.9381463268887,0,-0.0196646199066465,0,27.9381463268887,-0.0196646199066465,-0.0196646199066465,-0.0196646199066465,0.0266030945529787
24.4728765020316,0,-0.0883766236254439,0,24.4728765020316,-0.0883766236254439,-0.0883766236254439,-0.0883766236254439,0.0473406670453721
13.4368696617468,0,0.0535402362440232,0,13.4368696617468,0.0535402362440232,0.0535402362440232,0.0535402362440232,0.0282079903838013
7.48402930279067,0,0.00968988201586394,0,7.48402930279067,0.00968988201586394,0.00968988201586394,0.00968988201586394,0.0686754083472401
25.9320346135502,0,-0.0232712391594247,0,25.9320346135502,-0.0232712391594247,-0.0232712391594247,-0.0232712391594247,0.0300519735078187
NA,NA,NA,NA,NA,NA,NA,NA,NA
3.48138260502119,0,-0.0431716232209931,0,3.48138260502119,-0.0431716232209931,-0.0431716232209931,-0.0431716232209931,0.0321818721032191
5.59197431763262,0,-0.0578220526680145,0,5.59197431763262,-0.0578220526680145,-0.0578220526680145,-0.0578220526680145,0.0290843221745671
7.10118523761685,0,-0.0285278978712163,0,7.10118523761685,-0.0285278978712163,-0.0285278978712163,-0.0285278978712163,0.0595492352872805
8.39406695268219,0,0.0167837864563465,0,8.39406695268219,0.0167837864563465,0.0167837864563465,0.0167837864563465,0.0322473662392579
6.68163411954067,0,0.0399525800720857,0,6.68163411954067,0.0399525800720857,0.0399525800720857,0.0399525800720857,0.0632642521725607
10.9419857642508,0,-0.0876235523401562,0,10.9419857642508,-0.0876235523401562,-0.0876235523401562,-0.0876235523401562,0.0336377588977628
9.567453602661,0,-0.0130573193727359,0,9.567453602661,-0.0130573193727359,-0.0130573193727359,-0.0130573193727359,0.0264340771076804
9.56764954052794,0,-0.00578932875863998,0,9.56764954052794,-0.00578932875863998,-0.00578932875863998,-0.00578932875863998,0.0288617279537588
9.58796747981615,0,0.00725905880614161,0,9.58796747981615,0.00725905880614161,0.00725905880614161,0.00725905880614161,0.0422687684348916
12.9045618909384,0,-0.020800428050844,0,12.9045618909384,-0.020800428050844,-0.020800428050844,-0.020800428050844,0.00918914559220215
9.03381024943225,0,-0.0258591277728825,0,9.03381024943225,-0.0258591277728825,-0.0258591277728825,-0.0258591277728825,0.0210013285642308
7.292171244769,0,0.0214216184583366,0,7.292171244769,0.0214216184583366,0.0214216184583366,0.0214216184583366,0.00787016036700002
10.6567948708008,0,0.0203455428827325,0,10.6567948708008,0.0203455428827325,0.0203455428827325,0.0203455428827325,0.0367174068081082
15.83958844307,0,0.0399832495665445,0,15.83958844307,0.0399832495665445,0.0399832495665445,0.0399832495665445,0.0130470310288665
17.7014293147066,0,0.0234372077444364,0,17.7014293147066,0.0234372077444364,0.0234372077444364,0.0234372077444364,0.0323786122878216
18.5230702558348,0,-0.00995709768556392,0,18.5230702558348,-0.00995709768556392,-0.00995709768556392,-0.00995709768556392,0.0596686324209322
13.5036026382197,0,0.0260526179813793,0,13.5036026382197,0.0260526179813793,0.0260526179813793,0.0260526179813793,0.0175137052055195
13.9836050997556,0,-0.0596374353307077,0,13.9836050997556,-0.0596374353307077,-0.0596374353307077,-0.0596374353307077,0.0260159424457815
11.3110693140974,0,0.00982781565554414,0,11.3110693140974,0.00982781565554414,0.00982781565554414,0.00982781565554414,0.0152975413868066
20.6083384757102,0,-0.0196913974375486,0,20.6083384757102,-0.0196913974375486,-0.0196913974375486,-0.0196913974375486,0.0564075951702511
12.3671082351961,0,0.0210231372322994,0,12.3671082351961,0.0210231372322994,0.0210231372322994,0.0210231372322994,0.0160828742749283
12.3654554745313,0,-0.0686880413546458,0,12.3654554745313,-0.0686880413546458,-0.0686880413546458,-0.0686880413546458,0.0513325050706189
19.2556223171704,0,0.0285945738844167,0,19.2556223171704,0.0285945738844167,0.0285945738844167,0.0285945738844167,0.0139726523520546
34.7312424253189,0,0.00360906084633839,0,34.7312424253189,0.00360906084633839,0.00360906084633839,0.00360906084633839,0.017575833019559
54.7209102152747,0,0.0196726221291343,0,54.7209102152747,0.0196726221291343,0.0196726221291343,0.0196726221291343,0.0109274670854921
6.15335383446594,0,0.00868907833362001,0,6.15335383446594,0.00868907833362001,0.00868907833362001,0.00868907833362001,0.148956660150613
8.22166390729103,0,0.0200227074138689,0,8.22166390729103,0.0200227074138689,0.0200227074138689,0.0200227074138689,0.0889316774406693
6.56936523894705,0,-0.0184803687031215,0,6.56936523894705,-0.0184803687031215,-0.0184803687031215,-0.0184803687031215,0.0397871786329299
7.36539602284415,0,-0.0247872150245361,0,7.36539602284415,-0.0247872150245361,-0.0247872150245361,-0.0247872150245361,0.114121672795408
9.34902839864339,0,-0.0319037471830898,0,9.34902839864339,-0.0319037471830898,-0.0319037471830898,-0.0319037471830898,0.0353702402159913
12.5616640281909,0,0.00441577973083164,0,12.5616640281909,0.00441577973083164,0.00441577973083164,0.00441577973083164,0.0138459086615911
10.5411867057519,0,-0.0885790708954701,0,10.5411867057519,-0.0885790708954701,-0.0885790708954701,-0.0885790708954701,0.0320565633703811
10.8363107906744,0,-0.028098390818107,0,10.8363107906744,-0.028098390818107,-0.028098390818107,-0.028098390818107,0.071926050301895
7.60971237336999,0,0.0425196941211018,0,7.60971237336999,0.0425196941211018,0.0425196941211018,0.0425196941211018,0.0675431227803087
7.13153216147587,0,-0.0477446268787778,0,7.13153216147587,-0.0477446268787778,-0.0477446268787778,-0.0477446268787778,0.0691602399134146
11.3171115233183,0,-0.0301299566297987,0,11.3171115233183,-0.0301299566297987,-0.0301299566297987,-0.0301299566297987,0.0549217163119364
12.491172371433,0,0.00616174807970621,0,12.491172371433,0.00616174807970621,0.00616174807970621,0.00616174807970621,0.0405245193389735
17.7574754531964,0,-0.0364542682670167,0,17.7574754531964,-0.0364542682670167,-0.0364542682670167,-0.0364542682670167,0.0437339114285826
23.3384346785706,0,0.0173424537425691,0,23.3384346785706,0.0173424537425691,0.0173424537425691,0.0173424537425691,0.0189266195413323
21.0471310356801,0,0.0617673658141888,0,21.0471310356801,0.0617673658141888,0.0617673658141888,0.0617673658141888,0.047052745863464
16.8846431378076,0,0.0592246738975235,0,16.8846431378076,0.0592246738975235,0.0592246738975235,0.0592246738975235,0.0580511049145327
144.898873550211,0,0.152472628260226,0,144.898873550211,0.152472628260226,0.152472628260226,0.152472628260226,0.0124843951464072
10.8384906759069,0,-0.00221059163205814,0,10.8384906759069,-0.00221059163205814,-0.00221059163205814,-0.00221059163205814,0.0251376149245104
5.36034284274372,0,0.0126214961722838,0,5.36034284274372,0.0126214961722838,0.0126214961722838,0.0126214961722838,0.0439400124984659
14.6925462604222,0,-0.00458452472707301,0,14.6925462604222,-0.00458452472707301,-0.00458452472707301,-0.00458452472707301,0.0444254697733256
12.6985002447189,0,0.0156151615690587,0,12.6985002447189,0.0156151615690587,0.0156151615690587,0.0156151615690587,0.0344296478282526
11.0161041029769,0,-0.0031766917676102,0,11.0161041029769,-0.0031766917676102,-0.0031766917676102,-0.0031766917676102,0.0522005254908412
12.612078023469,0,-0.0597088928688878,0,12.612078023469,-0.0597088928688878,-0.0597088928688878,-0.0597088928688878,0.0322576765582896
27.9381463268887,0,-0.0196646199066465,0,27.9381463268887,-0.0196646199066465,-0.0196646199066465,-0.0196646199066465,0.0266030945529787
24.4728765020316,0,-0.0883766236254439,0,24.4728765020316,-0.0883766236254439,-0.0883766236254439,-0.0883766236254439,0.0473406670453721
13.4368696617468,0,0.0535402362440232,0,13.4368696617468,0.0535402362440232,0.0535402362440232,0.0535402362440232,0.0282079903838013
7.48402930279067,0,0.00968988201586394,0,7.48402930279067,0.00968988201586394,0.00968988201586394,0.00968988201586394,0.0686754083472401
25.9320346135502,0,-0.0232712391594247,0,25.9320346135502,-0.0232712391594247,-0.0232712391594247,-0.0232712391594247,0.0300519735078187
NA,NA,NA,NA,NA,NA,NA,NA,NA
3.48138260502119,0,-0.0431716232209931,0,3.48138260502119,-0.0431716232209931,-0.0431716232209931,-0.0431716232209931,0.0321818721032191
5.59197431763262,0,-0.0578220526680145,0,5.59197431763262,-0.0578220526680145,-0.0578220526680145,-0.0578220526680145,0.0290843221745671
7.10118523761685,0,-0.0285278978712163,0,7.10118523761685,-0.0285278978712163,-0.0285278978712163,-0.0285278978712163,0.0595492352872805
8.39406695268219,0,0.0167837864563465,0,8.39406695268219,0.0167837864563465,0.0167837864563465,0.0167837864563465,0.0322473662392579
6.68163411954067,0,0.0399525800720857,0,6.68163411954067,0.0399525800720857,0.0399525800720857,0.0399525800720857,0.0632642521725607
10.9419857642508,0,-0.0876235523401562,0,10.9419857642508,-0.0876235523401562,-0.0876235523401562,-0.0876235523401562,0.0336377588977628
9.567453602661,0,-0.0130573193727359,0,9.567453602661,-0.0130573193727359,-0.0130573193727359,-0.0130573193727359,0.0264340771076804
9.56764954052794,0,-0.00578932875863998,0,9.56764954052794,-0.00578932875863998,-0.00578932875863998,-0.00578932875863998,0.0288617279537588
9.58796747981615,0,0.00725905880614161,0,9.58796747981615,0.00725905880614161,0.00725905880614161,0.00725905880614161,0.0422687684348916
12.9045618909384,0,-0.020800428050844,0,12.9045618909384,-0.020800428050844,-0.020800428050844,-0.020800428050844,0.00918914559220215
9.03381024943225,0,-0.0258591277728825,0,9.03381024943225,-0.0258591277728825,-0.0258591277728825,-0.0258591277728825,0.0210013285642308
7.292171244769,0,0.0214216184583366,0,7.292171244769,0.0214216184583366,0.0214216184583366,0.0214216184583366,0.00787016036700002
10.6567948708008,0,0.0203455428827325,0,10.6567948708008,0.0203455428827325,0.0203455428827325,0.0203455428827325,0.0367174068081082
15.83958844307,0,0.0399832495665445,0,15.83958844307,0.0399832495665445,0.0399832495665445,0.0399832495665445,0.0130470310288665
17.7014293147066,0,0.0234372077444364,0,17.7014293147066,0.0234372077444364,0.0234372077444364,0.0234372077444364,0.0323786122878216
18.5230702558348,0,-0.00995709768556392,0,18.5230702558348,-0.00995709768556392,-0.00995709768556392,-0.00995709768556392,0.0596686324209322
13.5036026382197,0,0.0260526179813793,0,13.5036026382197,0.0260526179813793,0.0260526179813793,0.0260526179813793,0.0175137052055195
13.9836050997556,0,-0.0596374353307077,0,13.9836050997556,-0.0596374353307077,-0.0596374353307077,-0.0596374353307077,0.0260159424457815
11.3110693140974,0,0.00982781565554414,0,11.3110693140974,0.00982781565554414,0.00982781565554414,0.00982781565554414,0.0152975413868066
20.6083384757102,0,-0.0196913974375486,0,20.6083384757102,-0.0196913974375486,-0.0196913974375486,-0.0196913974375486,0.0564075951702511
12.3671082351961,0,0.0210231372322994,0,12.3671082351961,0.0210231372322994,0.0210231372322994,0.0210231372322994,0.0160828742749283
12.3654554745313,0,-0.0686880413546458,0,12.3654554745313,-0.0686880413546458,-0.0686880413546458,-0.0686880413546458,0.0513325050706189
19.2556223171704,0,0.0285945738844167,0,19.2556223171704,0.0285945738844167,0.0285945738844167,0.0285945738844167,0.0139726523520546
34.7312424253189,0,0.00360906084633839,0,34.7312424253189,0.00360906084633839,0.00360906084633839,0.00360906084633839,0.017575833019559
54.7209102152747,0,0.0196726221291343,0,54.7209102152747,0.0196726221291343,0.0196726221291343,0.0196726221291343,0.0109274670854921
6.15335383446594,0,0.00868907833362001,0,6.15335383446594,0.00868907833362001,0.00868907833362001,0.00868907833362001,0.148956660150613
8.22166390729103,0,0.0200227074138689,0,8.22166390729103,0.0200227074138689,0.0200227074138689,0.0200227074138689,0.0889316774406693
6.56936523894705,0,-0.0184803687031215,0,6.56936523894705,-0.0184803687031215,-0.0184803687031215,-0.0184803687031215,0.0397871786329299
7.36539602284415,0,-0.0247872150245361,0,7.36539602284415,-0.0247872150245361,-0.0247872150245361,-0.0247872150245361,0.114121672795408
9.34902839864339,0,-0.0319037471830898,0,9.34902839864339,-0.0319037471830898,-0.0319037471830898,-0.0319037471830898,0.0353702402159913
12.5616640281909,0,0.00441577973083164,0,12.5616640281909,0.00441577973083164,0.00441577973083164,0.00441577973083164,0.0138459086615911
10.5411867057519,0,-0.0885790708954701,0,10.5411867057519,-0.0885790708954701,-0.0885790708954701,-0.0885790708954701,0.0320565633703811
10.8363107906744,0,-0.028098390818107,0,10.8363107906744,-0.028098390818107,-0.028098390818107,-0.028098390818107,0.071926050301895
7.60971237336999,0,0.0425196941211018,0,7.60971237336999,0.0425196941211018,0.0425196941211018,0.0425196941211018,0.0675431227803087
7.13153216147587,0,-0.0477446268787778,0,7.13153216147587,-0.0477446268787778,-0.0477446268787778,-0.0477446268787778,0.0691602399134146
11.3171115233183,0,-0.0301299566297987,0,11.3171115233183,-0.0301299566297987,-0.0301299566297987,-0.0301299566297987,0.0549217163119364
12.491172371433,0,0.00616174807970621,0,12.491172371433,0.00616174807970621,0.00616174807970621,0.00616174807970621,0.0405245193389735
17.7574754531964,0,-0.0364542682670167,0,17.7574754531964,-0.0364542682670167,-0.0364542682670167,-0.0364542682670167,0.0437339114285826
23.3384346785706,0,0.0173424537425691,0,23.3384346785706,0.0173424537425691,0.0173424537425691,0.0173424537425691,0.0189266195413323
21.0471310356801,0,0.0617673658141888,0,21.0471310356801,0.0617673658141888,0.0617673658141888,0.0617673658141888,0.047052745863464
16.8846431378076,0,0.0592246738975235,0,16.8846431378076,0.0592246738975235,0.0592246738975235,0.0592246738975235,0.0580511049145327
144.898873550211,0,0.152472628260226,0,144.898873550211,0.152472628260226,0.152472628260226,0.152472628260226,0.0124843951464072
10.8384906759069,0,-0.00221059163205814,0,10.8384906759069,-0.00221059163205814,-0.00221059163205814,-0.00221059163205814,0.0251376149245104
5.36034284274372,0,0.0126214961722838,0,5.36034284274372,0.0126214961722838,0.0126214961722838,0.0126214961722838,0.0439400124984659
14.6925462604222,0,-0.00458452472707301,0,14.6925462604222,-0.00458452472707301,-0.00458452472707301,-0.00458452472707301,0.0444254697733256
12.6985002447189,0,0.0156151615690587,0,12.6985002447189,0.0156151615690587,0.0156151615690587,0.0156151615690587,0.0344296478282526
11.0161041029769,0,-0.0031766917676102,0,11.0161041029769,-0.0031766917676102,-0.0031766917676102,-0.0031766917676102,0.0522005254908412
12.612078023469,0,-0.0597088928688878,0,12.612078023469,-0.0597088928688878,-0.0597088928688878,-0.0597088928688878,0.0322576765582896
27.9381463268887,0,-0.0196646199066465,0,27.9381463268887,-0.0196646199066465,-0.0196646199066465,-0.0196646199066465,0.0266030945529787
24.4728765020316,0,-0.0883766236254439,0,24.4728765020316,-0.0883766236254439,-0.0883766236254439,-0.0883766236254439,0.0473406670453721
13.4368696617468,0,0.0535402362440232,0,13.4368696617468,0.0535402362440232,0.0535402362440232,0.0535402362440232,0.0282079903838013
7.48402930279067,0,0.00968988201586394,0,7.48402930279067,0.00968988201586394,0.00968988201586394,0.00968988201586394,0.0686754083472401
25.9320346135502,0,-0.0232712391594247,0,25.9320346135502,-0.0232712391594247,-0.0232712391594247,-0.0232712391594247,0.0300519735078187
NA,NA,NA,NA,NA,NA,NA,NA,NA
3.48138260502119,0,-0.0431716232209931,0,3.48138260502119,-0.0431716232209931,-0.0431716232209931,-0.0431716232209931,0.0321818721032191
5.59197431763262,0,-0.0578220526680145,0,5.59197431763262,-0.0578220526680145,-0.0578220526680145,-0.0578220526680145,0.0290843221745671
7.10118523761685,0,-0.0285278978712163,0,7.10118523761685,-0.0285278978712163,-0.0285278978712163,-0.0285278978712163,0.0595492352872805
8.39406695268219,0,0.0167837864563465,0,8.39406695268219,0.0167837864563465,0.0167837864563465,0.0167837864563465,0.0322473662392579
6.68163411954067,0,0.0399525800720857,0,6.68163411954067,0.0399525800720857,0.0399525800720857,0.0399525800720857,0.0632642521725607
10.9419857642508,0,-0.0876235523401562,0,10.9419857642508,-0.0876235523401562,-0.0876235523401562,-0.0876235523401562,0.0336377588977628
9.567453602661,0,-0.0130573193727359,0,9.567453602661,-0.0130573193727359,-0.0130573193727359,-0.0130573193727359,0.0264340771076804
9.56764954052794,0,-0.00578932875863998,0,9.56764954052794,-0.00578932875863998,-0.00578932875863998,-0.00578932875863998,0.0288617279537588
9.58796747981615,0,0.00725905880614161,0,9.58796747981615,0.00725905880614161,0.00725905880614161,0.00725905880614161,0.0422687684348916
12.9045618909384,0,-0.020800428050844,0,12.9045618909384,-0.020800428050844,-0.020800428050844,-0.020800428050844,0.00918914559220215
9.03381024943225,0,-0.0258591277728825,0,9.03381024943225,-0.0258591277728825,-0.0258591277728825,-0.0258591277728825,0.0210013285642308
7.292171244769,0,0.0214216184583366,0,7.292171244769,0.0214216184583366,0.0214216184583366,0.0214216184583366,0.00787016036700002
10.6567948708008,0,0.0203455428827325,0,10.6567948708008,0.0203455428827325,0.0203455428827325,0.0203455428827325,0.0367174068081082
15.83958844307,0,0.0399832495665445,0,15.83958844307,0.0399832495665445,0.0399832495665445,0.0399832495665445,0.0130470310288665
17.7014293147066,0,0.0234372077444364,0,17.7014293147066,0.0234372077444364,0.0234372077444364,0.0234372077444364,0.0323786122878216
18.5230702558348,0,-0.00995709768556392,0,18.5230702558348,-0.00995709768556392,-0.00995709768556392,-0.00995709768556392,0.0596686324209322
13.5036026382197,0,0.0260526179813793,0,13.5036026382197,0.0260526179813793,0.0260526179813793,0.0260526179813793,0.0175137052055195
13.9836050997556,0,-0.0596374353307077,0,13.9836050997556,-0.0596374353307077,-0.0596374353307077,-0.0596374353307077,0.0260159424457815
11.3110693140974,0,0.00982781565554414,0,11.3110693140974,0.00982781565554414,0.00982781565554414,0.00982781565554414,0.0152975413868066
20.6083384757102,0,-0.0196913974375486,0,20.6083384757102,-0.0196913974375486,-0.0196913974375486,-0.0196913974375486,0.0564075951702511
12.3671082351961,0,0.0210231372322994,0,12.3671082351961,0.0210231372322994,0.0210231372322994,0.0210231372322994,0.0160828742749283
12.3654554745313,0,-0.0686880413546458,0,12.3654554745313,-0.0686880413546458,-0.0686880413546458,-0.0686880413546458,0.0513325050706189
19.2556223171704,0,0.0285945738844167,0,19.2556223171704,0.0285945738844167,0.0285945738844167,0.0285945738844167,0.0139726523520546
34.7312424253189,0,0.00360906084633839,0,34.7312424253189,0.00360906084633839,0.00360906084633839,0.00360906084633839,0.017575833019559
54.7209102152747,0,0.0196726221291343,0,54.7209102152747,0.0196726221291343,0.0196726221291343,0.0196726221291343,0.0109274670854921
6.15335383446594,0,0.00868907833362001,0,6.15335383446594,0.00868907833362001,0.00868907833362001,0.00868907833362001,0.148956660150613
8.22166390729103,0,0.0200227074138689,0,8.22166390729103,0.0200227074138689,0.0200227074138689,0.0200227074138689,0.0889316774406693
6.56936523894705,0,-0.0184803687031215,0,6.56936523894705,-0.0184803687031215,-0.0184803687031215,-0.0184803687031215,0.0397871786329299
7.36539602284415,0,-0.0247872150245361,0,7.36539602284415,-0.0247872150245361,-0.0247872150245361,-0.0247872150245361,0.114121672795408
9.34902839864339,0,-0.0319037471830898,0,9.34902839864339,-0.0319037471830898,-0.0319037471830898,-0.0319037471830898,0.0353702402159913
12.5616640281909,0,0.00441577973083164,0,12.5616640281909,0.00441577973083164,0.00441577973083164,0.00441577973083164,0.0138459086615911
10.5411867057519,0,-0.0885790708954701,0,10.5411867057519,-0.0885790708954701,-0.0885790708954701,-0.0885790708954701,0.0320565633703811
10.8363107906744,0,-0.028098390818107,0,10.8363107906744,-0.028098390818107,-0.028098390818107,-0.028098390818107,0.071926050301895
7.60971237336999,0,0.0425196941211018,0,7.60971237336999,0.0425196941211018,0.0425196941211018,0.0425196941211018,0.0675431227803087
7.13153216147587,0,-0.0477446268787778,0,7.13153216147587,-0.0477446268787778,-0.0477446268787778,-0.0477446268787778,0.0691602399134146
11.3171115233183,0,-0.0301299566297987,0,11.3171115233183,-0.0301299566297987,-0.0301299566297987,-0.0301299566297987,0.0549217163119364
12.491172371433,0,0.00616174807970621,0,12.491172371433,0.00616174807970621,0.00616174807970621,0.00616174807970621,0.0405245193389735
17.7574754531964,0,-0.0364542682670167,0,17.7574754531964,-0.0364542682670167,-0.0364542682670167,-0.0364542682670167,0.0437339114285826
23.3384346785706,0,0.0173424537425691,0,23.3384346785706,0.0173424537425691,0.0173424537425691,0.0173424537425691,0.0189266195413323
21.0471310356801,0,0.0617673658141888,0,21.0471310356801,0.0617673658141888,0.0617673658141888,0.0617673658141888,0.047052745863464
16.8846431378076,0,0.0592246738975235,0,16.8846431378076,0.0592246738975235,0.0592246738975235,0.0592246738975235,0.0580511049145327
144.898873550211,0,0.152472628260226,0,144.898873550211,0.152472628260226,0.152472628260226,0.152472628260226,0.0124843951464072
10.8384906759069,0,-0.00221059163205814,0,10.8384906759069,-0.00221059163205814,-0.00221059163205814,-0.00221059163205814,0.0251376149245104
5.36034284274372,0,0.0126214961722838,0,5.36034284274372,0.0126214961722838,0.0126214961722838,0.0126214961722838,0.0439400124984659
14.6925462604222,0,-0.00458452472707301,0,14.6925462604222,-0.00458452472707301,-0.00458452472707301,-0.00458452472707301,0.0444254697733256
12.6985002447189,0,0.0156151615690587,0,12.6985002447189,0.0156151615690587,0.0156151615690587,0.0156151615690587,0.0344296478282526
11.0161041029769,0,-0.0031766917676102,0,11.0161041029769,-0.0031766917676102,-0.0031766917676102,-0.0031766917676102,0.0522005254908412
12.612078023469,0,-0.0597088928688878,0,12.612078023469,-0.0597088928688878,-0.0597088928688878,-0.0597088928688878,0.0322576765582896
27.9381463268887,0,-0.0196646199066465,0,27.9381463268887,-0.0196646199066465,-0.0196646199066465,-0.0196646199066465,0.0266030945529787
24.4728765020316,0,-0.0883766236254439,0,24.4728765020316,-0.0883766236254439,-0.0883766236254439,-0.0883766236254439,0.0473406670453721
13.4368696617468,0,0.0535402362440232,0,13.4368696617468,0.0535402362440232,0.0535402362440232,0.0535402362440232,0.0282079903838013
7.48402930279067,0,0.00968988201586394,0,7.48402930279067,0.00968988201586394,0.00968988201586394,0.00968988201586394,0.0686754083472401
25.9320346135502,0,-0.0232712391594247,0,25.9320346135502,-0.0232712391594247,-0.0232712391594247,-0.0232712391594247,0.0300519735078187
NA,NA,NA,NA,NA,NA,NA,NA,NA
3.48138260502119,0,-0.0431716232209931,0,3.48138260502119,-0.0431716232209931,-0.0431716232209931,-0.0431716232209931,0.0321818721032191
5.59197431763262,0,-0.0578220526680145,0,5.59197431763262,-0.0578220526680145,-0.0578220526680145,-0.0578220526680145,0.0290843221745671
7.10118523761685,0,-0.0285278978712163,0,7.10118523761685,-0.0285278978712163,-0.0285278978712163,-0.0285278978712163,0.0595492352872805
8.39406695268219,0,0.0167837864563465,0,8.39406695268219,0.0167837864563465,0.0167837864563465,0.0167837864563465,0.0322473662392579
6.68163411954067,0,0.0399525800720857,0,6.68163411954067,0.0399525800720857,0.0399525800720857,0.0399525800720857,0.0632642521725607
10.9419857642508,0,-0.0876235523401562,0,10.9419857642508,-0.0876235523401562,-0.0876235523401562,-0.0876235523401562,0.0336377588977628
9.567453602661,0,-0.0130573193727359,0,9.567453602661,-0.0130573193727359,-0.0130573193727359,-0.0130573193727359,0.0264340771076804
9.56764954052794,0,-0.00578932875863998,0,9.56764954052794,-0.00578932875863998,-0.00578932875863998,-0.00578932875863998,0.0288617279537588
9.58796747981615,0,0.00725905880614161,0,9.58796747981615,0.00725905880614161,0.00725905880614161,0.00725905880614161,0.0422687684348916
12.9045618909384,0,-0.020800428050844,0,12.9045618909384,-0.020800428050844,-0.020800428050844,-0.020800428050844,0.00918914559220215
9.03381024943225,0,-0.0258591277728825,0,9.03381024943225,-0.0258591277728825,-0.0258591277728825,-0.0258591277728825,0.0210013285642308
7.292171244769,0,0.0214216184583366,0,7.292171244769,0.0214216184583366,0.0214216184583366,0.0214216184583366,0.00787016036700002
10.6567948708008,0,0.0203455428827325,0,10.6567948708008,0.0203455428827325,0.0203455428827325,0.0203455428827325,0.0367174068081082
15.83958844307,0,0.0399832495665445,0,15.83958844307,0.0399832495665445,0.0399832495665445,0.0399832495665445,0.0130470310288665
17.7014293147066,0,0.0234372077444364,0,17.7014293147066,0.0234372077444364,0.0234372077444364,0.0234372077444364,0.0323786122878216
18.5230702558348,0,-0.00995709768556392,0,18.5230702558348,-0.00995709768556392,-0.00995709768556392,-0.00995709768556392,0.0596686324209322
13.5036026382197,0,0.0260526179813793,0,13.5036026382197,0.0260526179813793,0.0260526179813793,0.0260526179813793,0.0175137052055195
13.9836050997556,0,-0.0596374353307077,0,13.9836050997556,-0.0596374353307077,-0.0596374353307077,-0.0596374353307077,0.0260159424457815
11.3110693140974,0,0.00982781565554414,0,11.3110693140974,0.00982781565554414,0.00982781565554414,0.00982781565554414,0.0152975413868066
20.6083384757102,0,-0.0196913974375486,0,20.6083384757102,-0.0196913974375486,-0.0196913974375486,-0.0196913974375486,0.0564075951702511
12.3671082351961,0,0.0210231372322994,0,12.3671082351961,0.0210231372322994,0.0210231372322994,0.0210231372322994,0.0160828742749283
12.3654554745313,0,-0.0686880413546458,0,12.3654554745313,-0.0686880413546458,-0.0686880413546458,-0.0686880413546458,0.0513325050706189
19.2556223171704,0,0.0285945738844167,0,19.2556223171704,0.0285945738844167,0.0285945738844167,0.0285945738844167,0.0139726523520546
34.7312424253189,0,0.00360906084633839,0,34.7312424253189,0.00360906084633839,0.00360906084633839,0.00360906084633839,0.017575833019559
54.7209102152747,0,0.0196726221291343,0,54.7209102152747,0.0196726221291343,0.0196726221291343,0.0196726221291343,0.0109274670854921
6.15335383446594,0,0.00868907833362001,0,6.15335383446594,0.00868907833362001,0.00868907833362001,0.00868907833362001,0.148956660150613
8.22166390729103,0,0.0200227074138689,0,8.22166390729103,0.0200227074138689,0.0200227074138689,0.0200227074138689,0.0889316774406693
6.56936523894705,0,-0.0184803687031215,0,6.56936523894705,-0.0184803687031215,-0.0184803687031215,-0.0184803687031215,0.0397871786329299
7.36539602284415,0,-0.0247872150245361,0,7.36539602284415,-0.0247872150245361,-0.0247872150245361,-0.0247872150245361,0.114121672795408
9.34902839864339,0,-0.0319037471830898,0,9.34902839864339,-0.0319037471830898,-0.0319037471830898,-0.0319037471830898,0.0353702402159913
12.5616640281909,0,0.00441577973083164,0,12.5616640281909,0.00441577973083164,0.00441577973083164,0.00441577973083164,0.0138459086615911
10.5411867057519,0,-0.0885790708954701,0,10.5411867057519,-0.0885790708954701,-0.0885790708954701,-0.0885790708954701,0.0320565633703811
10.8363107906744,0,-0.028098390818107,0,10.8363107906744,-0.028098390818107,-0.028098390818107,-0.028098390818107,0.071926050301895
7.60971237336999,0,0.0425196941211018,0,7.60971237336999,0.0425196941211018,0.0425196941211018,0.0425196941211018,0.0675431227803087
7.13153216147587,0,-0.0477446268787778,0,7.13153216147587,-0.0477446268787778,-0.0477446268787778,-0.0477446268787778,0.0691602399134146
11.3171115233183,0,-0.0301299566297987,0,11.3171115233183,-0.0301299566297987,-0.0301299566297987,-0.0301299566297987,0.0549217163119364
12.491172371433,0,0.00616174807970621,0,12.491172371433,0.00616174807970621,0.00616174807970621,0.00616174807970621,0.0405245193389735
17.7574754531964,0,-0.0364542682670167,0,17.7574754531964,-0.0364542682670167,-0.0364542682670167,-0.0364542682670167,0.0437339114285826
23.3384346785706,0,0.0173424537425691,0,23.3384346785706,0.0173424537425691,0.0173424537425691,0.0173424537425691,0.0189266195413323
21.0471310356801,0,0.0617673658141888,0,21.0471310356801,0.0617673658141888,0.0617673658141888,0.0617673658141888,0.047052745863464
16.8846431378076,0,0.0592246738975235,0,16.8846431378076,0.0592246738975235,0.0592246738975235,0.0592246738975235,0.0580511049145327
144.898873550211,0,0.152472628260226,0,144.898873550211,0.152472628260226,0.152472628260226,0.152472628260226,0.0124843951464072
10.8384906759069,0,-0.00221059163205814,0,10.8384906759069,-0.00221059163205814,-0.00221059163205814,-0.00221059163205814,0.0251376149245104
5.36034284274372,0,0.0126214961722838,0,5.36034284274372,0.0126214961722838,0.0126214961722838,0.0126214961722838,0.0439400124984659
14.6925462604222,0,-0.00458452472707301,0,14.6925462604222,-0.00458452472707301,-0.00458452472707301,-0.00458452472707301,0.0444254697733256
12.6985002447189,0,0.0156151615690587,0,12.6985002447189,0.0156151615690587,0.0156151615690587,0.0156151615690587,0.0344296478282526
11.0161041029769,0,-0.0031766917676102,0,11.0161041029769,-0.0031766917676102,-0.0031766917676102,-0.0031766917676102,0.0522005254908412
14.1514365378187,0,-0.0107350800784212,0,14.1514365378187,-0.0107350800784212,-0.0107350800784212,-0.0107350800784212,0.0554744268805768
27.9381463268887,0,-0.0196646199066465,0,27.9381463268887,-0.0196646199066465,-0.0196646199066465,-0.0196646199066465,0.0266030945529787
24.4728765020316,0,-0.0883766236254439,0,24.4728765020316,-0.0883766236254439,-0.0883766236254439,-0.0883766236254439,0.0473406670453721
13.4368696617468,0,0.0535402362440232,0,13.4368696617468,0.0535402362440232,0.0535402362440232,0.0535402362440232,0.0282079903838013
7.48402930279067,0,0.00968988201586394,0,7.48402930279067,0.00968988201586394,0.00968988201586394,0.00968988201586394,0.0686754083472401
25.9320346135502,0,-0.0232712391594247,0,25.9320346135502,-0.0232712391594247,-0.0232712391594247,-0.0232712391594247,0.0300519735078187
NA,NA,NA,NA,NA,NA,NA,NA,NA
3.48138260502119,0,-0.0431716232209931,0,3.48138260502119,-0.0431716232209931,-0.0431716232209931,-0.0431716232209931,0.0321818721032191
5.59197431763262,0,-0.0578220526680145,0,5.59197431763262,-0.0578220526680145,-0.0578220526680145,-0.0578220526680145,0.0290843221745671
7.10118523761685,0,-0.0285278978712163,0,7.10118523761685,-0.0285278978712163,-0.0285278978712163,-0.0285278978712163,0.0595492352872805
8.39406695268219,0,0.0167837864563465,0,8.39406695268219,0.0167837864563465,0.0167837864563465,0.0167837864563465,0.0322473662392579
6.68163411954067,0,0.0399525800720857,0,6.68163411954067,0.0399525800720857,0.0399525800720857,0.0399525800720857,0.0632642521725607
10.9419857642508,0,-0.0876235523401562,0,10.9419857642508,-0.0876235523401562,-0.0876235523401562,-0.0876235523401562,0.0336377588977628
9.567453602661,0,-0.0130573193727359,0,9.567453602661,-0.0130573193727359,-0.0130573193727359,-0.0130573193727359,0.0264340771076804
9.56764954052794,0,-0.00578932875863998,0,9.56764954052794,-0.00578932875863998,-0.00578932875863998,-0.00578932875863998,0.0288617279537588
9.58796747981615,0,0.00725905880614161,0,9.58796747981615,0.00725905880614161,0.00725905880614161,0.00725905880614161,0.0422687684348916
12.9045618909384,0,-0.020800428050844,0,12.9045618909384,-0.020800428050844,-0.020800428050844,-0.020800428050844,0.00918914559220215
9.03381024943225,0,-0.0258591277728825,0,9.03381024943225,-0.0258591277728825,-0.0258591277728825,-0.0258591277728825,0.0210013285642308
7.292171244769,0,0.0214216184583366,0,7.292171244769,0.0214216184583366,0.0214216184583366,0.0214216184583366,0.00787016036700002
10.6567948708008,0,0.0203455428827325,0,10.6567948708008,0.0203455428827325,0.0203455428827325,0.0203455428827325,0.0367174068081082
15.83958844307,0,0.0399832495665445,0,15.83958844307,0.0399832495665445,0.0399832495665445,0.0399832495665445,0.0130470310288665
17.7014293147066,0,0.0234372077444364,0,17.7014293147066,0.0234372077444364,0.0234372077444364,0.0234372077444364,0.0323786122878216
18.5230702558348,0,-0.00995709768556392,0,18.5230702558348,-0.00995709768556392,-0.00995709768556392,-0.00995709768556392,0.0596686324209322
13.5036026382197,0,0.0260526179813793,0,13.5036026382197,0.0260526179813793,0.0260526179813793,0.0260526179813793,0.0175137052055195
13.9836050997556,0,-0.0596374353307077,0,13.9836050997556,-0.0596374353307077,-0.0596374353307077,-0.0596374353307077,0.0260159424457815
11.3110693140974,0,0.00982781565554414,0,11.3110693140974,0.00982781565554414,0.00982781565554414,0.00982781565554414,0.0152975413868066
20.6083384757102,0,-0.0196913974375486,0,20.6083384757102,-0.0196913974375486,-0.0196913974375486,-0.0196913974375486,0.0564075951702511
12.3671082351961,0,0.0210231372322994,0,12.3671082351961,0.0210231372322994,0.0210231372322994,0.0210231372322994,0.0160828742749283
12.3654554745313,0,-0.0686880413546458,0,12.3654554745313,-0.0686880413546458,-0.0686880413546458,-0.0686880413546458,0.0513325050706189
19.2556223171704,0,0.0285945738844167,0,19.2556223171704,0.0285945738844167,0.0285945738844167,0.0285945738844167,0.0139726523520546
34.7312424253189,0,0.00360906084633839,0,34.7312424253189,0.00360906084633839,0.00360906084633839,0.00360906084633839,0.017575833019559
54.7209102152747,0,0.0196726221291343,0,54.7209102152747,0.0196726221291343,0.0196726221291343,0.0196726221291343,0.0109274670854921
6.15335383446594,0,0.00868907833362001,0,6.15335383446594,0.00868907833362001,0.00868907833362001,0.00868907833362001,0.148956660150613
8.22166390729103,0,0.0200227074138689,0,8.22166390729103,0.0200227074138689,0.0200227074138689,0.0200227074138689,0.0889316774406693
6.56936523894705,0,-0.0184803687031215,0,6.56936523894705,-0.0184803687031215,-0.0184803687031215,-0.0184803687031215,0.0397871786329299
7.36539602284415,0,-0.0247872150245361,0,7.36539602284415,-0.0247872150245361,-0.0247872150245361,-0.0247872150245361,0.114121672795408
9.34902839864339,0,-0.0319037471830898,0,9.34902839864339,-0.0319037471830898,-0.0319037471830898,-0.0319037471830898,0.0353702402159913
12.5616640281909,0,0.00441577973083164,0,12.5616640281909,0.00441577973083164,0.00441577973083164,0.00441577973083164,0.0138459086615911
10.5411867057519,0,-0.0885790708954701,0,10.5411867057519,-0.0885790708954701,-0.0885790708954701,-0.0885790708954701,0.0320565633703811
10.8363107906744,0,-0.028098390818107,0,10.8363107906744,-0.028098390818107,-0.028098390818107,-0.028098390818107,0.071926050301895
7.60971237336999,0,0.0425196941211018,0,7.60971237336999,0.0425196941211018,0.0425196941211018,0.0425196941211018,0.0675431227803087
7.13153216147587,0,-0.0477446268787778,0,7.13153216147587,-0.0477446268787778,-0.0477446268787778,-0.0477446268787778,0.0691602399134146
11.3171115233183,0,-0.0301299566297987,0,11.3171115233183,-0.0301299566297987,-0.0301299566297987,-0.0301299566297987,0.0549217163119364
12.491172371433,0,0.00616174807970621,0,12.491172371433,0.00616174807970621,0.00616174807970621,0.00616174807970621,0.0405245193389735
17.7574754531964,0,-0.0364542682670167,0,17.7574754531964,-0.0364542682670167,-0.0364542682670167,-0.0364542682670167,0.0437339114285826
23.3384346785706,0,0.0173424537425691,0,23.3384346785706,0.0173424537425691,0.0173424537425691,0.0173424537425691,0.0189266195413323
21.0471310356801,0,0.0617673658141888,0,21.0471310356801,0.0617673658141888,0.0617673658141888,0.0617673658141888,0.047052745863464
16.8846431378076,0,0.0592246738975235,0,16.8846431378076,0.0592246738975235,0.0592246738975235,0.0592246738975235,0.0580511049145327
144.898873550211,0,0.152472628260226,0,144.898873550211,0.152472628260226,0.152472628260226,0.152472628260226,0.0124843951464072
10.8384906759069,0,-0.00221059163205814,0,10.8384906759069,-0.00221059163205814,-0.00221059163205814,-0.00221059163205814,0.0251376149245104
5.36034284274372,0,0.0126214961722838,0,5.36034284274372,0.0126214961722838,0.0126214961722838,0.0126214961722838,0.0439400124984659
14.6925462604222,0,-0.00458452472707301,0,14.6925462604222,-0.00458452472707301,-0.00458452472707301,-0.00458452472707301,0.0444254697733256
12.6985002447189,0,0.0156151615690587,0,12.6985002447189,0.0156151615690587,0.0156151615690587,0.0156151615690587,0.0344296478282526
11.0161041029769,0,-0.0031766917676102,0,11.0161041029769,-0.0031766917676102,-0.0031766917676102,-0.0031766917676102,0.0522005254908412
14.1514365378187,0,-0.0107350800784212,0,14.1514365378187,-0.0107350800784212,-0.0107350800784212,-0.0107350800784212,0.0554744268805768
27.9381463268887,0,-0.0196646199066465,0,27.9381463268887,-0.0196646199066465,-0.0196646199066465,-0.0196646199066465,0.0266030945529787
24.4728765020316,0,-0.0883766236254439,0,24.4728765020316,-0.0883766236254439,-0.0883766236254439,-0.0883766236254439,0.0473406670453721
13.4368696617468,0,0.0535402362440232,0,13.4368696617468,0.0535402362440232,0.0535402362440232,0.0535402362440232,0.0282079903838013
7.48402930279067,0,0.00968988201586394,0,7.48402930279067,0.00968988201586394,0.00968988201586394,0.00968988201586394,0.0686754083472401
25.9320346135502,0,-0.0232712391594247,0,25.9320346135502,-0.0232712391594247,-0.0232712391594247,-0.0232712391594247,0.0300519735078187
NA,NA,NA,NA,NA,NA,NA,NA,NA
3.48138260502119,0,-0.0431716232209931,0,3.48138260502119,-0.0431716232209931,-0.0431716232209931,-0.0431716232209931,0.0321818721032191
5.59197431763262,0,-0.0578220526680145,0,5.59197431763262,-0.0578220526680145,-0.0578220526680145,-0.0578220526680145,0.0290843221745671
7.10118523761685,0,-0.0285278978712163,0,7.10118523761685,-0.0285278978712163,-0.0285278978712163,-0.0285278978712163,0.0595492352872805
8.39406695268219,0,0.0167837864563465,0,8.39406695268219,0.0167837864563465,0.0167837864563465,0.0167837864563465,0.0322473662392579
6.68163411954067,0,0.0399525800720857,0,6.68163411954067,0.0399525800720857,0.0399525800720857,0.0399525800720857,0.0632642521725607
10.9419857642508,0,-0.0876235523401562,0,10.9419857642508,-0.0876235523401562,-0.0876235523401562,-0.0876235523401562,0.0336377588977628
9.567453602661,0,-0.0130573193727359,0,9.567453602661,-0.0130573193727359,-0.0130573193727359,-0.0130573193727359,0.0264340771076804
9.56764954052794,0,-0.00578932875863998,0,9.56764954052794,-0.00578932875863998,-0.00578932875863998,-0.00578932875863998,0.0288617279537588
9.58796747981615,0,0.00725905880614161,0,9.58796747981615,0.00725905880614161,0.00725905880614161,0.00725905880614161,0.0422687684348916
12.9045618909384,0,-0.020800428050844,0,12.9045618909384,-0.020800428050844,-0.020800428050844,-0.020800428050844,0.00918914559220215
9.03381024943225,0,-0.0258591277728825,0,9.03381024943225,-0.0258591277728825,-0.0258591277728825,-0.0258591277728825,0.0210013285642308
7.292171244769,0,0.0214216184583366,0,7.292171244769,0.0214216184583366,0.0214216184583366,0.0214216184583366,0.00787016036700002
10.6567948708008,0,0.0203455428827325,0,10.6567948708008,0.0203455428827325,0.0203455428827325,0.0203455428827325,0.0367174068081082
15.83958844307,0,0.0399832495665445,0,15.83958844307,0.0399832495665445,0.0399832495665445,0.0399832495665445,0.0130470310288665
17.7014293147066,0,0.0234372077444364,0,17.7014293147066,0.0234372077444364,0.0234372077444364,0.0234372077444364,0.0323786122878216
18.5230702558348,0,-0.00995709768556392,0,18.5230702558348,-0.00995709768556392,-0.00995709768556392,-0.00995709768556392,0.0596686324209322
13.5036026382197,0,0.0260526179813793,0,13.5036026382197,0.0260526179813793,0.0260526179813793,0.0260526179813793,0.0175137052055195
13.9836050997556,0,-0.0596374353307077,0,13.9836050997556,-0.0596374353307077,-0.0596374353307077,-0.0596374353307077,0.0260159424457815
11.3110693140974,0,0.00982781565554414,0,11.3110693140974,0.00982781565554414,0.00982781565554414,0.00982781565554414,0.0152975413868066
20.6083384757102,0,-0.0196913974375486,0,20.6083384757102,-0.0196913974375486,-0.0196913974375486,-0.0196913974375486,0.0564075951702511
12.3671082351961,0,0.0210231372322994,0,12.3671082351961,0.0210231372322994,0.0210231372322994,0.0210231372322994,0.0160828742749283
12.3654554745313,0,-0.0686880413546458,0,12.3654554745313,-0.0686880413546458,-0.0686880413546458,-0.0686880413546458,0.0513325050706189
19.2556223171704,0,0.0285945738844167,0,19.2556223171704,0.0285945738844167,0.0285945738844167,0.0285945738844167,0.0139726523520546
34.7312424253189,0,0.00360906084633839,0,34.7312424253189,0.00360906084633839,0.00360906084633839,0.00360906084633839,0.017575833019559
54.7209102152747,0,0.0196726221291343,0,54.7209102152747,0.0196726221291343,0.0196726221291343,0.0196726221291343,0.0109274670854921
6.15335383446594,0,0.00868907833362001,0,6.15335383446594,0.00868907833362001,0.00868907833362001,0.00868907833362001,0.148956660150613
8.22166390729103,0,0.0200227074138689,0,8.22166390729103,0.0200227074138689,0.0200227074138689,0.0200227074138689,0.0889316774406693
6.56936523894705,0,-0.0184803687031215,0,6.56936523894705,-0.0184803687031215,-0.0184803687031215,-0.0184803687031215,0.0397871786329299
7.36539602284415,0,-0.0247872150245361,0,7.36539602284415,-0.0247872150245361,-0.0247872150245361,-0.0247872150245361,0.114121672795408
9.34902839864339,0,-0.0319037471830898,0,9.34902839864339,-0.0319037471830898,-0.0319037471830898,-0.0319037471830898,0.0353702402159913
12.5616640281909,0,0.00441577973083164,0,12.5616640281909,0.00441577973083164,0.00441577973083164,0.00441577973083164,0.0138459086615911
10.5411867057519,0,-0.0885790708954701,0,10.5411867057519,-0.0885790708954701,-0.0885790708954701,-0.0885790708954701,0.0320565633703811
10.8363107906744,0,-0.028098390818107,0,10.8363107906744,-0.028098390818107,-0.028098390818107,-0.028098390818107,0.071926050301895
7.60971237336999,0,0.0425196941211018,0,7.60971237336999,0.0425196941211018,0.0425196941211018,0.0425196941211018,0.0675431227803087
7.13153216147587,0,-0.0477446268787778,0,7.13153216147587,-0.0477446268787778,-0.0477446268787778,-0.0477446268787778,0.0691602399134146
11.3171115233183,0,-0.0301299566297987,0,11.3171115233183,-0.0301299566297987,-0.0301299566297987,-0.0301299566297987,0.0549217163119364
12.491172371433,0,0.00616174807970621,0,12.491172371433,0.00616174807970621,0.00616174807970621,0.00616174807970621,0.0405245193389735
17.7574754531964,0,-0.0364542682670167,0,17.7574754531964,-0.0364542682670167,-0.0364542682670167,-0.0364542682670167,0.0437339114285826
23.3384346785706,0,0.0173424537425691,0,23.3384346785706,0.0173424537425691,0.0173424537425691,0.0173424537425691,0.0189266195413323
21.0471310356801,0,0.0617673658141888,0,21.0471310356801,0.0617673658141888,0.0617673658141888,0.0617673658141888,0.047052745863464
16.8846431378076,0,0.0592246738975235,0,16.8846431378076,0.0592246738975235,0.0592246738975235,0.0592246738975235,0.0580511049145327
144.898873550211,0,0.152472628260226,0,144.898873550211,0.152472628260226,0.152472628260226,0.152472628260226,0.0124843951464072
10.8384906759069,0,-0.00221059163205814,0,10.8384906759069,-0.00221059163205814,-0.00221059163205814,-0.00221059163205814,0.0251376149245104
5.36034284274372,0,0.0126214961722838,0,5.36034284274372,0.0126214961722838,0.0126214961722838,0.0126214961722838,0.0439400124984659
14.6925462604222,0,-0.00458452472707301,0,14.6925462604222,-0.00458452472707301,-0.00458452472707301,-0.00458452472707301,0.0444254697733256
12.6985002447189,0,0.0156151615690587,0,12.6985002447189,0.0156151615690587,0.0156151615690587,0.0156151615690587,0.0344296478282526
14.3972634987083,0,-0.0237118006498921,0,14.3972634987083,-0.0237118006498921,-0.0237118006498921,-0.0237118006498921,0.0295064854269103
14.1514365378187,0,-0.0107350800784212,0,14.1514365378187,-0.0107350800784212,-0.0107350800784212,-0.0107350800784212,0.0554744268805768
27.9381463268887,0,-0.0196646199066465,0,27.9381463268887,-0.0196646199066465,-0.0196646199066465,-0.0196646199066465,0.0266030945529787
24.4728765020316,0,-0.0883766236254439,0,24.4728765020316,-0.0883766236254439,-0.0883766236254439,-0.0883766236254439,0.0473406670453721
13.4368696617468,0,0.0535402362440232,0,13.4368696617468,0.0535402362440232,0.0535402362440232,0.0535402362440232,0.0282079903838013
7.48402930279067,0,0.00968988201586394,0,7.48402930279067,0.00968988201586394,0.00968988201586394,0.00968988201586394,0.0686754083472401
25.9320346135502,0,-0.0232712391594247,0,25.9320346135502,-0.0232712391594247,-0.0232712391594247,-0.0232712391594247,0.0300519735078187
NA,NA,NA,NA,NA,NA,NA,NA,NA
3.48138260502119,0,-0.0431716232209931,0,3.48138260502119,-0.0431716232209931,-0.0431716232209931,-0.0431716232209931,0.0321818721032191
5.59197431763262,0,-0.0578220526680145,0,5.59197431763262,-0.0578220526680145,-0.0578220526680145,-0.0578220526680145,0.0290843221745671
7.10118523761685,0,-0.0285278978712163,0,7.10118523761685,-0.0285278978712163,-0.0285278978712163,-0.0285278978712163,0.0595492352872805
8.39406695268219,0,0.0167837864563465,0,8.39406695268219,0.0167837864563465,0.0167837864563465,0.0167837864563465,0.0322473662392579
6.68163411954067,0,0.0399525800720857,0,6.68163411954067,0.0399525800720857,0.0399525800720857,0.0399525800720857,0.0632642521725607
10.9419857642508,0,-0.0876235523401562,0,10.9419857642508,-0.0876235523401562,-0.0876235523401562,-0.0876235523401562,0.0336377588977628
9.567453602661,0,-0.0130573193727359,0,9.567453602661,-0.0130573193727359,-0.0130573193727359,-0.0130573193727359,0.0264340771076804
9.56764954052794,0,-0.00578932875863998,0,9.56764954052794,-0.00578932875863998,-0.00578932875863998,-0.00578932875863998,0.0288617279537588
9.58796747981615,0,0.00725905880614161,0,9.58796747981615,0.00725905880614161,0.00725905880614161,0.00725905880614161,0.0422687684348916
12.9045618909384,0,-0.020800428050844,0,12.9045618909384,-0.020800428050844,-0.020800428050844,-0.020800428050844,0.00918914559220215
9.03381024943225,0,-0.0258591277728825,0,9.03381024943225,-0.0258591277728825,-0.0258591277728825,-0.0258591277728825,0.0210013285642308
7.292171244769,0,0.0214216184583366,0,7.292171244769,0.0214216184583366,0.0214216184583366,0.0214216184583366,0.00787016036700002
10.6567948708008,0,0.0203455428827325,0,10.6567948708008,0.0203455428827325,0.0203455428827325,0.0203455428827325,0.0367174068081082
15.83958844307,0,0.0399832495665445,0,15.83958844307,0.0399832495665445,0.0399832495665445,0.0399832495665445,0.0130470310288665
17.7014293147066,0,0.0234372077444364,0,17.7014293147066,0.0234372077444364,0.0234372077444364,0.0234372077444364,0.0323786122878216
18.5230702558348,0,-0.00995709768556392,0,18.5230702558348,-0.00995709768556392,-0.00995709768556392,-0.00995709768556392,0.0596686324209322
13.5036026382197,0,0.0260526179813793,0,13.5036026382197,0.0260526179813793,0.0260526179813793,0.0260526179813793,0.0175137052055195
13.9836050997556,0,-0.0596374353307077,0,13.9836050997556,-0.0596374353307077,-0.0596374353307077,-0.0596374353307077,0.0260159424457815
11.3110693140974,0,0.00982781565554414,0,11.3110693140974,0.00982781565554414,0.00982781565554414,0.00982781565554414,0.0152975413868066
20.6083384757102,0,-0.0196913974375486,0,20.6083384757102,-0.0196913974375486,-0.0196913974375486,-0.0196913974375486,0.0564075951702511
12.3671082351961,0,0.0210231372322994,0,12.3671082351961,0.0210231372322994,0.0210231372322994,0.0210231372322994,0.0160828742749283
12.3654554745313,0,-0.0686880413546458,0,12.3654554745313,-0.0686880413546458,-0.0686880413546458,-0.0686880413546458,0.0513325050706189
19.2556223171704,0,0.0285945738844167,0,19.2556223171704,0.0285945738844167,0.0285945738844167,0.0285945738844167,0.0139726523520546
34.7312424253189,0,0.00360906084633839,0,34.7312424253189,0.00360906084633839,0.00360906084633839,0.00360906084633839,0.017575833019559
54.7209102152747,0,0.0196726221291343,0,54.7209102152747,0.0196726221291343,0.0196726221291343,0.0196726221291343,0.0109274670854921
6.15335383446594,0,0.00868907833362001,0,6.15335383446594,0.00868907833362001,0.00868907833362001,0.00868907833362001,0.148956660150613
8.22166390729103,0,0.0200227074138689,0,8.22166390729103,0.0200227074138689,0.0200227074138689,0.0200227074138689,0.0889316774406693
6.56936523894705,0,-0.0184803687031215,0,6.56936523894705,-0.0184803687031215,-0.0184803687031215,-0.0184803687031215,0.0397871786329299
7.36539602284415,0,-0.0247872150245361,0,7.36539602284415,-0.0247872150245361,-0.0247872150245361,-0.0247872150245361,0.114121672795408
9.34902839864339,0,-0.0319037471830898,0,9.34902839864339,-0.0319037471830898,-0.0319037471830898,-0.0319037471830898,0.0353702402159913
12.5616640281909,0,0.00441577973083164,0,12.5616640281909,0.00441577973083164,0.00441577973083164,0.00441577973083164,0.0138459086615911
10.5411867057519,0,-0.0885790708954701,0,10.5411867057519,-0.0885790708954701,-0.0885790708954701,-0.0885790708954701,0.0320565633703811
10.8363107906744,0,-0.028098390818107,0,10.8363107906744,-0.028098390818107,-0.028098390818107,-0.028098390818107,0.071926050301895
7.60971237336999,0,0.0425196941211018,0,7.60971237336999,0.0425196941211018,0.0425196941211018,0.0425196941211018,0.0675431227803087
7.13153216147587,0,-0.0477446268787778,0,7.13153216147587,-0.0477446268787778,-0.0477446268787778,-0.0477446268787778,0.0691602399134146
11.3171115233183,0,-0.0301299566297987,0,11.3171115233183,-0.0301299566297987,-0.0301299566297987,-0.0301299566297987,0.0549217163119364
12.491172371433,0,0.00616174807970621,0,12.491172371433,0.00616174807970621,0.00616174807970621,0.00616174807970621,0.0405245193389735
17.7574754531964,0,-0.0364542682670167,0,17.7574754531964,-0.0364542682670167,-0.0364542682670167,-0.0364542682670167,0.0437339114285826
23.3384346785706,0,0.0173424537425691,0,23.3384346785706,0.0173424537425691,0.0173424537425691,0.0173424537425691,0.0189266195413323
21.0471310356801,0,0.0617673658141888,0,21.0471310356801,0.0617673658141888,0.0617673658141888,0.0617673658141888,0.047052745863464
16.8846431378076,0,0.0592246738975235,0,16.8846431378076,0.0592246738975235,0.0592246738975235,0.0592246738975235,0.0580511049145327
144.898873550211,0,0.152472628260226,0,144.898873550211,0.152472628260226,0.152472628260226,0.152472628260226,0.0124843951464072
10.8384906759069,0,-0.00221059163205814,0,10.8384906759069,-0.00221059163205814,-0.00221059163205814,-0.00221059163205814,0.0251376149245104
5.36034284274372,0,0.0126214961722838,0,5.36034284274372,0.0126214961722838,0.0126214961722838,0.0126214961722838,0.0439400124984659
14.6925462604222,0,-0.00458452472707301,0,14.6925462604222,-0.00458452472707301,-0.00458452472707301,-0.00458452472707301,0.0444254697733256
12.6985002447189,0,0.0156151615690587,0,12.6985002447189,0.0156151615690587,0.0156151615690587,0.0156151615690587,0.0344296478282526
14.3972634987083,0,-0.0237118006498921,0,14.3972634987083,-0.0237118006498921,-0.0237118006498921,-0.0237118006498921,0.0295064854269103
14.1514365378187,0,-0.0107350800784212,0,14.1514365378187,-0.0107350800784212,-0.0107350800784212,-0.0107350800784212,0.0554744268805768
27.9381463268887,0,-0.0196646199066465,0,27.9381463268887,-0.0196646199066465,-0.0196646199066465,-0.0196646199066465,0.0266030945529787
24.4728765020316,0,-0.0883766236254439,0,24.4728765020316,-0.0883766236254439,-0.0883766236254439,-0.0883766236254439,0.0473406670453721
13.4368696617468,0,0.0535402362440232,0,13.4368696617468,0.0535402362440232,0.0535402362440232,0.0535402362440232,0.0282079903838013
7.48402930279067,0,0.00968988201586394,0,7.48402930279067,0.00968988201586394,0.00968988201586394,0.00968988201586394,0.0686754083472401
25.9320346135502,0,-0.0232712391594247,0,25.9320346135502,-0.0232712391594247,-0.0232712391594247,-0.0232712391594247,0.0300519735078187
NA,NA,NA,NA,NA,NA,NA,NA,NA
3.48138260502119,0,-0.0431716232209931,0,3.48138260502119,-0.0431716232209931,-0.0431716232209931,-0.0431716232209931,0.0321818721032191
5.59197431763262,0,-0.0578220526680145,0,5.59197431763262,-0.0578220526680145,-0.0578220526680145,-0.0578220526680145,0.0290843221745671
7.10118523761685,0,-0.0285278978712163,0,7.10118523761685,-0.0285278978712163,-0.0285278978712163,-0.0285278978712163,0.0595492352872805
8.39406695268219,0,0.0167837864563465,0,8.39406695268219,0.0167837864563465,0.0167837864563465,0.0167837864563465,0.0322473662392579
6.68163411954067,0,0.0399525800720857,0,6.68163411954067,0.0399525800720857,0.0399525800720857,0.0399525800720857,0.0632642521725607
10.9419857642508,0,-0.0876235523401562,0,10.9419857642508,-0.0876235523401562,-0.0876235523401562,-0.0876235523401562,0.0336377588977628
9.567453602661,0,-0.0130573193727359,0,9.567453602661,-0.0130573193727359,-0.0130573193727359,-0.0130573193727359,0.0264340771076804
9.56764954052794,0,-0.00578932875863998,0,9.56764954052794,-0.00578932875863998,-0.00578932875863998,-0.00578932875863998,0.0288617279537588
9.58796747981615,0,0.00725905880614161,0,9.58796747981615,0.00725905880614161,0.00725905880614161,0.00725905880614161,0.0422687684348916
12.9045618909384,0,-0.020800428050844,0,12.9045618909384,-0.020800428050844,-0.020800428050844,-0.020800428050844,0.00918914559220215
9.03381024943225,0,-0.0258591277728825,0,9.03381024943225,-0.0258591277728825,-0.0258591277728825,-0.0258591277728825,0.0210013285642308
7.292171244769,0,0.0214216184583366,0,7.292171244769,0.0214216184583366,0.0214216184583366,0.0214216184583366,0.00787016036700002
10.6567948708008,0,0.0203455428827325,0,10.6567948708008,0.0203455428827325,0.0203455428827325,0.0203455428827325,0.0367174068081082
15.83958844307,0,0.0399832495665445,0,15.83958844307,0.0399832495665445,0.0399832495665445,0.0399832495665445,0.0130470310288665
17.7014293147066,0,0.0234372077444364,0,17.7014293147066,0.0234372077444364,0.0234372077444364,0.0234372077444364,0.0323786122878216
18.5230702558348,0,-0.00995709768556392,0,18.5230702558348,-0.00995709768556392,-0.00995709768556392,-0.00995709768556392,0.0596686324209322
13.5036026382197,0,0.0260526179813793,0,13.5036026382197,0.0260526179813793,0.0260526179813793,0.0260526179813793,0.0175137052055195
13.9836050997556,0,-0.0596374353307077,0,13.9836050997556,-0.0596374353307077,-0.0596374353307077,-0.0596374353307077,0.0260159424457815
11.3110693140974,0,0.00982781565554414,0,11.3110693140974,0.00982781565554414,0.00982781565554414,0.00982781565554414,0.0152975413868066
20.6083384757102,0,-0.0196913974375486,0,20.6083384757102,-0.0196913974375486,-0.0196913974375486,-0.0196913974375486,0.0564075951702511
12.3671082351961,0,0.0210231372322994,0,12.3671082351961,0.0210231372322994,0.0210231372322994,0.0210231372322994,0.0160828742749283
12.3654554745313,0,-0.0686880413546458,0,12.3654554745313,-0.0686880413546458,-0.0686880413546458,-0.0686880413546458,0.0513325050706189
19.2556223171704,0,0.0285945738844167,0,19.2556223171704,0.0285945738844167,0.0285945738844167,0.0285945738844167,0.0139726523520546
34.7312424253189,0,0.00360906084633839,0,34.7312424253189,0.00360906084633839,0.00360906084633839,0.00360906084633839,0.017575833019559
54.7209102152747,0,0.0196726221291343,0,54.7209102152747,0.0196726221291343,0.0196726221291343,0.0196726221291343,0.0109274670854921
6.15335383446594,0,0.00868907833362001,0,6.15335383446594,0.00868907833362001,0.00868907833362001,0.00868907833362001,0.148956660150613
8.22166390729103,0,0.0200227074138689,0,8.22166390729103,0.0200227074138689,0.0200227074138689,0.0200227074138689,0.0889316774406693
6.56936523894705,0,-0.0184803687031215,0,6.56936523894705,-0.0184803687031215,-0.0184803687031215,-0.0184803687031215,0.0397871786329299
7.36539602284415,0,-0.0247872150245361,0,7.36539602284415,-0.0247872150245361,-0.0247872150245361,-0.0247872150245361,0.114121672795408
9.34902839864339,0,-0.0319037471830898,0,9.34902839864339,-0.0319037471830898,-0.0319037471830898,-0.0319037471830898,0.0353702402159913
12.5616640281909,0,0.00441577973083164,0,12.5616640281909,0.00441577973083164,0.00441577973083164,0.00441577973083164,0.0138459086615911
10.5411867057519,0,-0.0885790708954701,0,10.5411867057519,-0.0885790708954701,-0.0885790708954701,-0.0885790708954701,0.0320565633703811
10.8363107906744,0,-0.028098390818107,0,10.8363107906744,-0.028098390818107,-0.028098390818107,-0.028098390818107,0.071926050301895
7.60971237336999,0,0.0425196941211018,0,7.60971237336999,0.0425196941211018,0.0425196941211018,0.0425196941211018,0.0675431227803087
7.13153216147587,0,-0.0477446268787778,0,7.13153216147587,-0.0477446268787778,-0.0477446268787778,-0.0477446268787778,0.0691602399134146
11.3171115233183,0,-0.0301299566297987,0,11.3171115233183,-0.0301299566297987,-0.0301299566297987,-0.0301299566297987,0.0549217163119364
12.491172371433,0,0.00616174807970621,0,12.491172371433,0.00616174807970621,0.00616174807970621,0.00616174807970621,0.0405245193389735
17.7574754531964,0,-0.0364542682670167,0,17.7574754531964,-0.0364542682670167,-0.0364542682670167,-0.0364542682670167,0.0437339114285826
23.3384346785706,0,0.0173424537425691,0,23.3384346785706,0.0173424537425691,0.0173424537425691,0.0173424537425691,0.0189266195413323
21.0471310356801,0,0.0617673658141888,0,21.0471310356801,0.0617673658141888,0.0617673658141888,0.0617673658141888,0.047052745863464
16.8846431378076,0,0.0592246738975235,0,16.8846431378076,0.0592246738975235,0.0592246738975235,0.0592246738975235,0.0580511049145327
144.898873550211,0,0.152472628260226,0,144.898873550211,0.152472628260226,0.152472628260226,0.152472628260226,0.0124843951464072
10.8384906759069,0,-0.00221059163205814,0,10.8384906759069,-0.00221059163205814,-0.00221059163205814,-0.00221059163205814,0.0251376149245104
5.36034284274372,0,0.0126214961722838,0,5.36034284274372,0.0126214961722838,0.0126214961722838,0.0126214961722838,0.0439400124984659
14.6925462604222,0,-0.00458452472707301,0,14.6925462604222,-0.00458452472707301,-0.00458452472707301,-0.00458452472707301,0.0444254697733256
12.6985002447189,0,0.0156151615690587,0,12.6985002447189,0.0156151615690587,0.0156151615690587,0.0156151615690587,0.0344296478282526
14.3972634987083,0,-0.0237118006498921,0,14.3972634987083,-0.0237118006498921,-0.0237118006498921,-0.0237118006498921,0.0295064854269103
14.1514365378187,0,-0.0107350800784212,0,14.1514365378187,-0.0107350800784212,-0.0107350800784212,-0.0107350800784212,0.0554744268805768
27.9381463268887,0,-0.0196646199066465,0,27.9381463268887,-0.0196646199066465,-0.0196646199066465,-0.0196646199066465,0.0266030945529787
24.4728765020316,0,-0.0883766236254439,0,24.4728765020316,-0.0883766236254439,-0.0883766236254439,-0.0883766236254439,0.0473406670453721
13.4368696617468,0,0.0535402362440232,0,13.4368696617468,0.0535402362440232,0.0535402362440232,0.0535402362440232,0.0282079903838013
7.48402930279067,0,0.00968988201586394,0,7.48402930279067,0.00968988201586394,0.00968988201586394,0.00968988201586394,0.0686754083472401
25.9320346135502,0,-0.0232712391594247,0,25.9320346135502,-0.0232712391594247,-0.0232712391594247,-0.0232712391594247,0.0300519735078187
NA,NA,NA,NA,NA,NA,NA,NA,NA
3.48138260502119,0,-0.0431716232209931,0,3.48138260502119,-0.0431716232209931,-0.0431716232209931,-0.0431716232209931,0.0321818721032191
5.59197431763262,0,-0.0578220526680145,0,5.59197431763262,-0.0578220526680145,-0.0578220526680145,-0.0578220526680145,0.0290843221745671
7.10118523761685,0,-0.0285278978712163,0,7.10118523761685,-0.0285278978712163,-0.0285278978712163,-0.0285278978712163,0.0595492352872805
8.39406695268219,0,0.0167837864563465,0,8.39406695268219,0.0167837864563465,0.0167837864563465,0.0167837864563465,0.0322473662392579
6.68163411954067,0,0.0399525800720857,0,6.68163411954067,0.0399525800720857,0.0399525800720857,0.0399525800720857,0.0632642521725607
10.9419857642508,0,-0.0876235523401562,0,10.9419857642508,-0.0876235523401562,-0.0876235523401562,-0.0876235523401562,0.0336377588977628
9.567453602661,0,-0.0130573193727359,0,9.567453602661,-0.0130573193727359,-0.0130573193727359,-0.0130573193727359,0.0264340771076804
9.56764954052794,0,-0.00578932875863998,0,9.56764954052794,-0.00578932875863998,-0.00578932875863998,-0.00578932875863998,0.0288617279537588
9.58796747981615,0,0.00725905880614161,0,9.58796747981615,0.00725905880614161,0.00725905880614161,0.00725905880614161,0.0422687684348916
12.9045618909384,0,-0.020800428050844,0,12.9045618909384,-0.020800428050844,-0.020800428050844,-0.020800428050844,0.00918914559220215
9.03381024943225,0,-0.0258591277728825,0,9.03381024943225,-0.0258591277728825,-0.0258591277728825,-0.0258591277728825,0.0210013285642308
7.292171244769,0,0.0214216184583366,0,7.292171244769,0.0214216184583366,0.0214216184583366,0.0214216184583366,0.00787016036700002
10.6567948708008,0,0.0203455428827325,0,10.6567948708008,0.0203455428827325,0.0203455428827325,0.0203455428827325,0.0367174068081082
15.83958844307,0,0.0399832495665445,0,15.83958844307,0.0399832495665445,0.0399832495665445,0.0399832495665445,0.0130470310288665
17.7014293147066,0,0.0234372077444364,0,17.7014293147066,0.0234372077444364,0.0234372077444364,0.0234372077444364,0.0323786122878216
18.5230702558348,0,-0.00995709768556392,0,18.5230702558348,-0.00995709768556392,-0.00995709768556392,-0.00995709768556392,0.0596686324209322
13.5036026382197,0,0.0260526179813793,0,13.5036026382197,0.0260526179813793,0.0260526179813793,0.0260526179813793,0.0175137052055195
13.9836050997556,0,-0.0596374353307077,0,13.9836050997556,-0.0596374353307077,-0.0596374353307077,-0.0596374353307077,0.0260159424457815
11.3110693140974,0,0.00982781565554414,0,11.3110693140974,0.00982781565554414,0.00982781565554414,0.00982781565554414,0.0152975413868066
20.6083384757102,0,-0.0196913974375486,0,20.6083384757102,-0.0196913974375486,-0.0196913974375486,-0.0196913974375486,0.0564075951702511
12.3671082351961,0,0.0210231372322994,0,12.3671082351961,0.0210231372322994,0.0210231372322994,0.0210231372322994,0.0160828742749283
12.3654554745313,0,-0.0686880413546458,0,12.3654554745313,-0.0686880413546458,-0.0686880413546458,-0.0686880413546458,0.0513325050706189
19.2556223171704,0,0.0285945738844167,0,19.2556223171704,0.0285945738844167,0.0285945738844167,0.0285945738844167,0.0139726523520546
34.7312424253189,0,0.00360906084633839,0,34.7312424253189,0.00360906084633839,0.00360906084633839,0.00360906084633839,0.017575833019559
54.7209102152747,0,0.0196726221291343,0,54.7209102152747,0.0196726221291343,0.0196726221291343,0.0196726221291343,0.0109274670854921
6.15335383446594,0,0.00868907833362001,0,6.15335383446594,0.00868907833362001,0.00868907833362001,0.00868907833362001,0.148956660150613
8.22166390729103,0,0.0200227074138689,0,8.22166390729103,0.0200227074138689,0.0200227074138689,0.0200227074138689,0.0889316774406693
6.56936523894705,0,-0.0184803687031215,0,6.56936523894705,-0.0184803687031215,-0.0184803687031215,-0.0184803687031215,0.0397871786329299
7.36539602284415,0,-0.0247872150245361,0,7.36539602284415,-0.0247872150245361,-0.0247872150245361,-0.0247872150245361,0.114121672795408
9.34902839864339,0,-0.0319037471830898,0,9.34902839864339,-0.0319037471830898,-0.0319037471830898,-0.0319037471830898,0.0353702402159913
12.5616640281909,0,0.00441577973083164,0,12.5616640281909,0.00441577973083164,0.00441577973083164,0.00441577973083164,0.0138459086615911
10.5411867057519,0,-0.0885790708954701,0,10.5411867057519,-0.0885790708954701,-0.0885790708954701,-0.0885790708954701,0.0320565633703811
10.8363107906744,0,-0.028098390818107,0,10.8363107906744,-0.028098390818107,-0.028098390818107,-0.028098390818107,0.071926050301895
7.60971237336999,0,0.0425196941211018,0,7.60971237336999,0.0425196941211018,0.0425196941211018,0.0425196941211018,0.0675431227803087
7.13153216147587,0,-0.0477446268787778,0,7.13153216147587,-0.0477446268787778,-0.0477446268787778,-0.0477446268787778,0.0691602399134146
11.3171115233183,0,-0.0301299566297987,0,11.3171115233183,-0.0301299566297987,-0.0301299566297987,-0.0301299566297987,0.0549217163119364
12.491172371433,0,0.00616174807970621,0,12.491172371433,0.00616174807970621,0.00616174807970621,0.00616174807970621,0.0405245193389735
17.7574754531964,0,-0.0364542682670167,0,17.7574754531964,-0.0364542682670167,-0.0364542682670167,-0.0364542682670167,0.0437339114285826
23.3384346785706,0,0.0173424537425691,0,23.3384346785706,0.0173424537425691,0.0173424537425691,0.0173424537425691,0.0189266195413323
21.0471310356801,0,0.0617673658141888,0,21.0471310356801,0.0617673658141888,0.0617673658141888,0.0617673658141888,0.047052745863464
16.8846431378076,0,0.0592246738975235,0,16.8846431378076,0.0592246738975235,0.0592246738975235,0.0592246738975235,0.0580511049145327
144.898873550211,0,0.152472628260226,0,144.898873550211,0.152472628260226,0.152472628260226,0.152472628260226,0.0124843951464072
10.8384906759069,0,-0.00221059163205814,0,10.8384906759069,-0.00221059163205814,-0.00221059163205814,-0.00221059163205814,0.0251376149245104
5.36034284274372,0,0.0126214961722838,0,5.36034284274372,0.0126214961722838,0.0126214961722838,0.0126214961722838,0.0439400124984659
14.6925462604222,0,-0.00458452472707301,0,14.6925462604222,-0.00458452472707301,-0.00458452472707301,-0.00458452472707301,0.0444254697733256
12.6985002447189,0,0.0156151615690587,0,12.6985002447189,0.0156151615690587,0.0156151615690587,0.0156151615690587,0.0344296478282526
14.3972634987083,0,-0.0237118006498921,0,14.3972634987083,-0.0237118006498921,-0.0237118006498921,-0.0237118006498921,0.0295064854269103
14.1514365378187,0,-0.0107350800784212,0,14.1514365378187,-0.0107350800784212,-0.0107350800784212,-0.0107350800784212,0.0554744268805768
27.9381463268887,0,-0.0196646199066465,0,27.9381463268887,-0.0196646199066465,-0.0196646199066465,-0.0196646199066465,0.0266030945529787
24.4728765020316,0,-0.0883766236254439,0,24.4728765020316,-0.0883766236254439,-0.0883766236254439,-0.0883766236254439,0.0473406670453721
13.4368696617468,0,0.0535402362440232,0,13.4368696617468,0.0535402362440232,0.0535402362440232,0.0535402362440232,0.0282079903838013
7.48402930279067,0,0.00968988201586394,0,7.48402930279067,0.00968988201586394,0.00968988201586394,0.00968988201586394,0.0686754083472401
25.9320346135502,0,-0.0232712391594247,0,25.9320346135502,-0.0232712391594247,-0.0232712391594247,-0.0232712391594247,0.0300519735078187
NA,NA,NA,NA,NA,NA,NA,NA,NA
3.48138260502119,0,-0.0431716232209931,0,3.48138260502119,-0.0431716232209931,-0.0431716232209931,-0.0431716232209931,0.0321818721032191
5.59197431763262,0,-0.0578220526680145,0,5.59197431763262,-0.0578220526680145,-0.0578220526680145,-0.0578220526680145,0.0290843221745671
7.10118523761685,0,-0.0285278978712163,0,7.10118523761685,-0.0285278978712163,-0.0285278978712163,-0.0285278978712163,0.0595492352872805
8.39406695268219,0,0.0167837864563465,0,8.39406695268219,0.0167837864563465,0.0167837864563465,0.0167837864563465,0.0322473662392579
6.68163411954067,0,0.0399525800720857,0,6.68163411954067,0.0399525800720857,0.0399525800720857,0.0399525800720857,0.0632642521725607
10.9419857642508,0,-0.0876235523401562,0,10.9419857642508,-0.0876235523401562,-0.0876235523401562,-0.0876235523401562,0.0336377588977628
9.567453602661,0,-0.0130573193727359,0,9.567453602661,-0.0130573193727359,-0.0130573193727359,-0.0130573193727359,0.0264340771076804
9.56764954052794,0,-0.00578932875863998,0,9.56764954052794,-0.00578932875863998,-0.00578932875863998,-0.00578932875863998,0.0288617279537588
9.58796747981615,0,0.00725905880614161,0,9.58796747981615,0.00725905880614161,0.00725905880614161,0.00725905880614161,0.0422687684348916
12.9045618909384,0,-0.020800428050844,0,12.9045618909384,-0.020800428050844,-0.020800428050844,-0.020800428050844,0.00918914559220215
9.03381024943225,0,-0.0258591277728825,0,9.03381024943225,-0.0258591277728825,-0.0258591277728825,-0.0258591277728825,0.0210013285642308
7.292171244769,0,0.0214216184583366,0,7.292171244769,0.0214216184583366,0.0214216184583366,0.0214216184583366,0.00787016036700002
10.6567948708008,0,0.0203455428827325,0,10.6567948708008,0.0203455428827325,0.0203455428827325,0.0203455428827325,0.0367174068081082
15.83958844307,0,0.0399832495665445,0,15.83958844307,0.0399832495665445,0.0399832495665445,0.0399832495665445,0.0130470310288665
17.7014293147066,0,0.0234372077444364,0,17.7014293147066,0.0234372077444364,0.0234372077444364,0.0234372077444364,0.0323786122878216
18.5230702558348,0,-0.00995709768556392,0,18.5230702558348,-0.00995709768556392,-0.00995709768556392,-0.00995709768556392,0.0596686324209322
13.5036026382197,0,0.0260526179813793,0,13.5036026382197,0.0260526179813793,0.0260526179813793,0.0260526179813793,0.0175137052055195
13.9836050997556,0,-0.0596374353307077,0,13.9836050997556,-0.0596374353307077,-0.0596374353307077,-0.0596374353307077,0.0260159424457815
11.3110693140974,0,0.00982781565554414,0,11.3110693140974,0.00982781565554414,0.00982781565554414,0.00982781565554414,0.0152975413868066
20.6083384757102,0,-0.0196913974375486,0,20.6083384757102,-0.0196913974375486,-0.0196913974375486,-0.0196913974375486,0.0564075951702511
12.3671082351961,0,0.0210231372322994,0,12.3671082351961,0.0210231372322994,0.0210231372322994,0.0210231372322994,0.0160828742749283
12.3654554745313,0,-0.0686880413546458,0,12.3654554745313,-0.0686880413546458,-0.0686880413546458,-0.0686880413546458,0.0513325050706189
19.2556223171704,0,0.0285945738844167,0,19.2556223171704,0.0285945738844167,0.0285945738844167,0.0285945738844167,0.0139726523520546
34.7312424253189,0,0.00360906084633839,0,34.7312424253189,0.00360906084633839,0.00360906084633839,0.00360906084633839,0.017575833019559
54.7209102152747,0,0.0196726221291343,0,54.7209102152747,0.0196726221291343,0.0196726221291343,0.0196726221291343,0.0109274670854921
6.15335383446594,0,0.00868907833362001,0,6.15335383446594,0.00868907833362001,0.00868907833362001,0.00868907833362001,0.148956660150613
8.22166390729103,0,0.0200227074138689,0,8.22166390729103,0.0200227074138689,0.0200227074138689,0.0200227074138689,0.0889316774406693
6.56936523894705,0,-0.0184803687031215,0,6.56936523894705,-0.0184803687031215,-0.0184803687031215,-0.0184803687031215,0.0397871786329299
7.36539602284415,0,-0.0247872150245361,0,7.36539602284415,-0.0247872150245361,-0.0247872150245361,-0.0247872150245361,0.114121672795408
9.34902839864339,0,-0.0319037471830898,0,9.34902839864339,-0.0319037471830898,-0.0319037471830898,-0.0319037471830898,0.0353702402159913
12.5616640281909,0,0.00441577973083164,0,12.5616640281909,0.00441577973083164,0.00441577973083164,0.00441577973083164,0.0138459086615911
10.5411867057519,0,-0.0885790708954701,0,10.5411867057519,-0.0885790708954701,-0.0885790708954701,-0.0885790708954701,0.0320565633703811
10.8363107906744,0,-0.028098390818107,0,10.8363107906744,-0.028098390818107,-0.028098390818107,-0.028098390818107,0.071926050301895
7.60971237336999,0,0.0425196941211018,0,7.60971237336999,0.0425196941211018,0.0425196941211018,0.0425196941211018,0.0675431227803087
7.13153216147587,0,-0.0477446268787778,0,7.13153216147587,-0.0477446268787778,-0.0477446268787778,-0.0477446268787778,0.0691602399134146
11.3171115233183,0,-0.0301299566297987,0,11.3171115233183,-0.0301299566297987,-0.0301299566297987,-0.0301299566297987,0.0549217163119364
12.491172371433,0,0.00616174807970621,0,12.491172371433,0.00616174807970621,0.00616174807970621,0.00616174807970621,0.0405245193389735
17.7574754531964,0,-0.0364542682670167,0,17.7574754531964,-0.0364542682670167,-0.0364542682670167,-0.0364542682670167,0.0437339114285826
23.3384346785706,0,0.0173424537425691,0,23.3384346785706,0.0173424537425691,0.0173424537425691,0.0173424537425691,0.0189266195413323
21.0471310356801,0,0.0617673658141888,0,21.0471310356801,0.0617673658141888,0.0617673658141888,0.0617673658141888,0.047052745863464
16.8846431378076,0,0.0592246738975235,0,16.8846431378076,0.0592246738975235,0.0592246738975235,0.0592246738975235,0.0580511049145327
144.898873550211,0,0.152472628260226,0,144.898873550211,0.152472628260226,0.152472628260226,0.152472628260226,0.0124843951464072
10.8384906759069,0,-0.00221059163205814,0,10.8384906759069,-0.00221059163205814,-0.00221059163205814,-0.00221059163205814,0.0251376149245104
7.87691324476292,0,-0.0704972430897311,0,7.87691324476292,-0.0704972430897311,-0.0704972430897311,-0.0704972430897311,0.0322283121382998
14.6925462604222,0,-0.00458452472707301,0,14.6925462604222,-0.00458452472707301,-0.00458452472707301,-0.00458452472707301,0.0444254697733256
12.6985002447189,0,0.0156151615690587,0,12.6985002447189,0.0156151615690587,0.0156151615690587,0.0156151615690587,0.0344296478282526
14.3972634987083,0,-0.0237118006498921,0,14.3972634987083,-0.0237118006498921,-0.0237118006498921,-0.0237118006498921,0.0295064854269103
14.1514365378187,0,-0.0107350800784212,0,14.1514365378187,-0.0107350800784212,-0.0107350800784212,-0.0107350800784212,0.0554744268805768
27.9381463268887,0,-0.0196646199066465,0,27.9381463268887,-0.0196646199066465,-0.0196646199066465,-0.0196646199066465,0.0266030945529787
24.4728765020316,0,-0.0883766236254439,0,24.4728765020316,-0.0883766236254439,-0.0883766236254439,-0.0883766236254439,0.0473406670453721
13.4368696617468,0,0.0535402362440232,0,13.4368696617468,0.0535402362440232,0.0535402362440232,0.0535402362440232,0.0282079903838013
7.48402930279067,0,0.00968988201586394,0,7.48402930279067,0.00968988201586394,0.00968988201586394,0.00968988201586394,0.0686754083472401
25.9320346135502,0,-0.0232712391594247,0,25.9320346135502,-0.0232712391594247,-0.0232712391594247,-0.0232712391594247,0.0300519735078187
NA,NA,NA,NA,NA,NA,NA,NA,NA
3.48138260502119,0,-0.0431716232209931,0,3.48138260502119,-0.0431716232209931,-0.0431716232209931,-0.0431716232209931,0.0321818721032191
5.59197431763262,0,-0.0578220526680145,0,5.59197431763262,-0.0578220526680145,-0.0578220526680145,-0.0578220526680145,0.0290843221745671
7.10118523761685,0,-0.0285278978712163,0,7.10118523761685,-0.0285278978712163,-0.0285278978712163,-0.0285278978712163,0.0595492352872805
8.39406695268219,0,0.0167837864563465,0,8.39406695268219,0.0167837864563465,0.0167837864563465,0.0167837864563465,0.0322473662392579
6.68163411954067,0,0.0399525800720857,0,6.68163411954067,0.0399525800720857,0.0399525800720857,0.0399525800720857,0.0632642521725607
10.9419857642508,0,-0.0876235523401562,0,10.9419857642508,-0.0876235523401562,-0.0876235523401562,-0.0876235523401562,0.0336377588977628
9.567453602661,0,-0.0130573193727359,0,9.567453602661,-0.0130573193727359,-0.0130573193727359,-0.0130573193727359,0.0264340771076804
9.56764954052794,0,-0.00578932875863998,0,9.56764954052794,-0.00578932875863998,-0.00578932875863998,-0.00578932875863998,0.0288617279537588
9.58796747981615,0,0.00725905880614161,0,9.58796747981615,0.00725905880614161,0.00725905880614161,0.00725905880614161,0.0422687684348916
12.9045618909384,0,-0.020800428050844,0,12.9045618909384,-0.020800428050844,-0.020800428050844,-0.020800428050844,0.00918914559220215
9.03381024943225,0,-0.0258591277728825,0,9.03381024943225,-0.0258591277728825,-0.0258591277728825,-0.0258591277728825,0.0210013285642308
7.292171244769,0,0.0214216184583366,0,7.292171244769,0.0214216184583366,0.0214216184583366,0.0214216184583366,0.00787016036700002
10.6567948708008,0,0.0203455428827325,0,10.6567948708008,0.0203455428827325,0.0203455428827325,0.0203455428827325,0.0367174068081082
15.83958844307,0,0.0399832495665445,0,15.83958844307,0.0399832495665445,0.0399832495665445,0.0399832495665445,0.0130470310288665
17.7014293147066,0,0.0234372077444364,0,17.7014293147066,0.0234372077444364,0.0234372077444364,0.0234372077444364,0.0323786122878216
14.7585414478692,0,-0.0143222744287462,0,14.7585414478692,-0.0143222744287462,-0.0143222744287462,-0.0143222744287462,0.0637816832942033
13.5036026382197,0,0.0260526179813793,0,13.5036026382197,0.0260526179813793,0.0260526179813793,0.0260526179813793,0.0175137052055195
13.9836050997556,0,-0.0596374353307077,0,13.9836050997556,-0.0596374353307077,-0.0596374353307077,-0.0596374353307077,0.0260159424457815
11.3110693140974,0,0.00982781565554414,0,11.3110693140974,0.00982781565554414,0.00982781565554414,0.00982781565554414,0.0152975413868066
16.5519463473715,0,-0.0850116784148187,0,16.5519463473715,-0.0850116784148187,-0.0850116784148187,-0.0850116784148187,0.0449328569998866
12.3671082351961,0,0.0210231372322994,0,12.3671082351961,0.0210231372322994,0.0210231372322994,0.0210231372322994,0.0160828742749283
12.3654554745313,0,-0.0686880413546458,0,12.3654554745313,-0.0686880413546458,-0.0686880413546458,-0.0686880413546458,0.0513325050706189
19.2556223171704,0,0.0285945738844167,0,19.2556223171704,0.0285945738844167,0.0285945738844167,0.0285945738844167,0.0139726523520546
34.7312424253189,0,0.00360906084633839,0,34.7312424253189,0.00360906084633839,0.00360906084633839,0.00360906084633839,0.017575833019559
54.7209102152747,0,0.0196726221291343,0,54.7209102152747,0.0196726221291343,0.0196726221291343,0.0196726221291343,0.0109274670854921
6.15335383446594,0,0.00868907833362001,0,6.15335383446594,0.00868907833362001,0.00868907833362001,0.00868907833362001,0.148956660150613
8.22166390729103,0,0.0200227074138689,0,8.22166390729103,0.0200227074138689,0.0200227074138689,0.0200227074138689,0.0889316774406693
6.56936523894705,0,-0.0184803687031215,0,6.56936523894705,-0.0184803687031215,-0.0184803687031215,-0.0184803687031215,0.0397871786329299
7.36539602284415,0,-0.0247872150245361,0,7.36539602284415,-0.0247872150245361,-0.0247872150245361,-0.0247872150245361,0.114121672795408
9.34902839864339,0,-0.0319037471830898,0,9.34902839864339,-0.0319037471830898,-0.0319037471830898,-0.0319037471830898,0.0353702402159913
12.5616640281909,0,0.00441577973083164,0,12.5616640281909,0.00441577973083164,0.00441577973083164,0.00441577973083164,0.0138459086615911
10.5411867057519,0,-0.0885790708954701,0,10.5411867057519,-0.0885790708954701,-0.0885790708954701,-0.0885790708954701,0.0320565633703811
10.8363107906744,0,-0.028098390818107,0,10.8363107906744,-0.028098390818107,-0.028098390818107,-0.028098390818107,0.071926050301895
7.60971237336999,0,0.0425196941211018,0,7.60971237336999,0.0425196941211018,0.0425196941211018,0.0425196941211018,0.0675431227803087
7.13153216147587,0,-0.0477446268787778,0,7.13153216147587,-0.0477446268787778,-0.0477446268787778,-0.0477446268787778,0.0691602399134146
11.3171115233183,0,-0.0301299566297987,0,11.3171115233183,-0.0301299566297987,-0.0301299566297987,-0.0301299566297987,0.0549217163119364
12.491172371433,0,0.00616174807970621,0,12.491172371433,0.00616174807970621,0.00616174807970621,0.00616174807970621,0.0405245193389735
17.7574754531964,0,-0.0364542682670167,0,17.7574754531964,-0.0364542682670167,-0.0364542682670167,-0.0364542682670167,0.0437339114285826
23.3384346785706,0,0.0173424537425691,0,23.3384346785706,0.0173424537425691,0.0173424537425691,0.0173424537425691,0.0189266195413323
21.0471310356801,0,0.0617673658141888,0,21.0471310356801,0.0617673658141888,0.0617673658141888,0.0617673658141888,0.047052745863464
16.8846431378076,0,0.0592246738975235,0,16.8846431378076,0.0592246738975235,0.0592246738975235,0.0592246738975235,0.0580511049145327
144.898873550211,0,0.152472628260226,0,144.898873550211,0.152472628260226,0.152472628260226,0.152472628260226,0.0124843951464072
10.8384906759069,0,-0.00221059163205814,0,10.8384906759069,-0.00221059163205814,-0.00221059163205814,-0.00221059163205814,0.0251376149245104
7.87691324476292,0,-0.0704972430897311,0,7.87691324476292,-0.0704972430897311,-0.0704972430897311,-0.0704972430897311,0.0322283121382998
14.6925462604222,0,-0.00458452472707301,0,14.6925462604222,-0.00458452472707301,-0.00458452472707301,-0.00458452472707301,0.0444254697733256
12.6985002447189,0,0.0156151615690587,0,12.6985002447189,0.0156151615690587,0.0156151615690587,0.0156151615690587,0.0344296478282526
14.3972634987083,0,-0.0237118006498921,0,14.3972634987083,-0.0237118006498921,-0.0237118006498921,-0.0237118006498921,0.0295064854269103
14.1514365378187,0,-0.0107350800784212,0,14.1514365378187,-0.0107350800784212,-0.0107350800784212,-0.0107350800784212,0.0554744268805768
27.9381463268887,0,-0.0196646199066465,0,27.9381463268887,-0.0196646199066465,-0.0196646199066465,-0.0196646199066465,0.0266030945529787
24.4728765020316,0,-0.0883766236254439,0,24.4728765020316,-0.0883766236254439,-0.0883766236254439,-0.0883766236254439,0.0473406670453721
13.4368696617468,0,0.0535402362440232,0,13.4368696617468,0.0535402362440232,0.0535402362440232,0.0535402362440232,0.0282079903838013
7.48402930279067,0,0.00968988201586394,0,7.48402930279067,0.00968988201586394,0.00968988201586394,0.00968988201586394,0.0686754083472401
25.9320346135502,0,-0.0232712391594247,0,25.9320346135502,-0.0232712391594247,-0.0232712391594247,-0.0232712391594247,0.0300519735078187
NA,NA,NA,NA,NA,NA,NA,NA,NA
3.48138260502119,0,-0.0431716232209931,0,3.48138260502119,-0.0431716232209931,-0.0431716232209931,-0.0431716232209931,0.0321818721032191
5.59197431763262,0,-0.0578220526680145,0,5.59197431763262,-0.0578220526680145,-0.0578220526680145,-0.0578220526680145,0.0290843221745671
7.10118523761685,0,-0.0285278978712163,0,7.10118523761685,-0.0285278978712163,-0.0285278978712163,-0.0285278978712163,0.0595492352872805
8.39406695268219,0,0.0167837864563465,0,8.39406695268219,0.0167837864563465,0.0167837864563465,0.0167837864563465,0.0322473662392579
6.68163411954067,0,0.0399525800720857,0,6.68163411954067,0.0399525800720857,0.0399525800720857,0.0399525800720857,0.0632642521725607
10.9419857642508,0,-0.0876235523401562,0,10.9419857642508,-0.0876235523401562,-0.0876235523401562,-0.0876235523401562,0.0336377588977628
9.567453602661,0,-0.0130573193727359,0,9.567453602661,-0.0130573193727359,-0.0130573193727359,-0.0130573193727359,0.0264340771076804
9.56764954052794,0,-0.00578932875863998,0,9.56764954052794,-0.00578932875863998,-0.00578932875863998,-0.00578932875863998,0.0288617279537588
9.58796747981615,0,0.00725905880614161,0,9.58796747981615,0.00725905880614161,0.00725905880614161,0.00725905880614161,0.0422687684348916
12.9045618909384,0,-0.020800428050844,0,12.9045618909384,-0.020800428050844,-0.020800428050844,-0.020800428050844,0.00918914559220215
9.03381024943225,0,-0.0258591277728825,0,9.03381024943225,-0.0258591277728825,-0.0258591277728825,-0.0258591277728825,0.0210013285642308
7.292171244769,0,0.0214216184583366,0,7.292171244769,0.0214216184583366,0.0214216184583366,0.0214216184583366,0.00787016036700002
10.6567948708008,0,0.0203455428827325,0,10.6567948708008,0.0203455428827325,0.0203455428827325,0.0203455428827325,0.0367174068081082
15.83958844307,0,0.0399832495665445,0,15.83958844307,0.0399832495665445,0.0399832495665445,0.0399832495665445,0.0130470310288665
17.7014293147066,0,0.0234372077444364,0,17.7014293147066,0.0234372077444364,0.0234372077444364,0.0234372077444364,0.0323786122878216
14.7585414478692,0,-0.0143222744287462,0,14.7585414478692,-0.0143222744287462,-0.0143222744287462,-0.0143222744287462,0.0637816832942033
13.5036026382197,0,0.0260526179813793,0,13.5036026382197,0.0260526179813793,0.0260526179813793,0.0260526179813793,0.0175137052055195
13.9836050997556,0,-0.0596374353307077,0,13.9836050997556,-0.0596374353307077,-0.0596374353307077,-0.0596374353307077,0.0260159424457815
11.3110693140974,0,0.00982781565554414,0,11.3110693140974,0.00982781565554414,0.00982781565554414,0.00982781565554414,0.0152975413868066
16.5519463473715,0,-0.0850116784148187,0,16.5519463473715,-0.0850116784148187,-0.0850116784148187,-0.0850116784148187,0.0449328569998866
12.3671082351961,0,0.0210231372322994,0,12.3671082351961,0.0210231372322994,0.0210231372322994,0.0210231372322994,0.0160828742749283
12.3654554745313,0,-0.0686880413546458,0,12.3654554745313,-0.0686880413546458,-0.0686880413546458,-0.0686880413546458,0.0513325050706189
19.2556223171704,0,0.0285945738844167,0,19.2556223171704,0.0285945738844167,0.0285945738844167,0.0285945738844167,0.0139726523520546
34.7312424253189,0,0.00360906084633839,0,34.7312424253189,0.00360906084633839,0.00360906084633839,0.00360906084633839,0.017575833019559
54.7209102152747,0,0.0196726221291343,0,54.7209102152747,0.0196726221291343,0.0196726221291343,0.0196726221291343,0.0109274670854921
6.15335383446594,0,0.00868907833362001,0,6.15335383446594,0.00868907833362001,0.00868907833362001,0.00868907833362001,0.148956660150613
8.22166390729103,0,0.0200227074138689,0,8.22166390729103,0.0200227074138689,0.0200227074138689,0.0200227074138689,0.0889316774406693
6.56936523894705,0,-0.0184803687031215,0,6.56936523894705,-0.0184803687031215,-0.0184803687031215,-0.0184803687031215,0.0397871786329299
7.36539602284415,0,-0.0247872150245361,0,7.36539602284415,-0.0247872150245361,-0.0247872150245361,-0.0247872150245361,0.114121672795408
9.34902839864339,0,-0.0319037471830898,0,9.34902839864339,-0.0319037471830898,-0.0319037471830898,-0.0319037471830898,0.0353702402159913
12.5616640281909,0,0.00441577973083164,0,12.5616640281909,0.00441577973083164,0.00441577973083164,0.00441577973083164,0.0138459086615911
10.5411867057519,0,-0.0885790708954701,0,10.5411867057519,-0.0885790708954701,-0.0885790708954701,-0.0885790708954701,0.0320565633703811
10.8363107906744,0,-0.028098390818107,0,10.8363107906744,-0.028098390818107,-0.028098390818107,-0.028098390818107,0.071926050301895
7.60971237336999,0,0.0425196941211018,0,7.60971237336999,0.0425196941211018,0.0425196941211018,0.0425196941211018,0.0675431227803087
7.13153216147587,0,-0.0477446268787778,0,7.13153216147587,-0.0477446268787778,-0.0477446268787778,-0.0477446268787778,0.0691602399134146
11.3171115233183,0,-0.0301299566297987,0,11.3171115233183,-0.0301299566297987,-0.0301299566297987,-0.0301299566297987,0.0549217163119364
12.491172371433,0,0.00616174807970621,0,12.491172371433,0.00616174807970621,0.00616174807970621,0.00616174807970621,0.0405245193389735
17.7574754531964,0,-0.0364542682670167,0,17.7574754531964,-0.0364542682670167,-0.0364542682670167,-0.0364542682670167,0.0437339114285826
23.3384346785706,0,0.0173424537425691,0,23.3384346785706,0.0173424537425691,0.0173424537425691,0.0173424537425691,0.0189266195413323
21.0471310356801,0,0.0617673658141888,0,21.0471310356801,0.0617673658141888,0.0617673658141888,0.0617673658141888,0.047052745863464
16.8846431378076,0,0.0592246738975235,0,16.8846431378076,0.0592246738975235,0.0592246738975235,0.0592246738975235,0.0580511049145327
161.44719403208,0,-0.16863791424748,0,161.44719403208,-0.16863791424748,-0.16863791424748,-0.16863791424748,0.0430774991310983
10.8384906759069,0,-0.00221059163205814,0,10.8384906759069,-0.00221059163205814,-0.00221059163205814,-0.00221059163205814,0.0251376149245104
7.87691324476292,0,-0.0704972430897311,0,7.87691324476292,-0.0704972430897311,-0.0704972430897311,-0.0704972430897311,0.0322283121382998
14.6925462604222,0,-0.00458452472707301,0,14.6925462604222,-0.00458452472707301,-0.00458452472707301,-0.00458452472707301,0.0444254697733256
12.6985002447189,0,0.0156151615690587,0,12.6985002447189,0.0156151615690587,0.0156151615690587,0.0156151615690587,0.0344296478282526
14.3972634987083,0,-0.0237118006498921,0,14.3972634987083,-0.0237118006498921,-0.0237118006498921,-0.0237118006498921,0.0295064854269103
14.1514365378187,0,-0.0107350800784212,0,14.1514365378187,-0.0107350800784212,-0.0107350800784212,-0.0107350800784212,0.0554744268805768
27.9381463268887,0,-0.0196646199066465,0,27.9381463268887,-0.0196646199066465,-0.0196646199066465,-0.0196646199066465,0.0266030945529787
24.4728765020316,0,-0.0883766236254439,0,24.4728765020316,-0.0883766236254439,-0.0883766236254439,-0.0883766236254439,0.0473406670453721
13.4368696617468,0,0.0535402362440232,0,13.4368696617468,0.0535402362440232,0.0535402362440232,0.0535402362440232,0.0282079903838013
7.48402930279067,0,0.00968988201586394,0,7.48402930279067,0.00968988201586394,0.00968988201586394,0.00968988201586394,0.0686754083472401
25.9320346135502,0,-0.0232712391594247,0,25.9320346135502,-0.0232712391594247,-0.0232712391594247,-0.0232712391594247,0.0300519735078187
NA,NA,NA,NA,NA,NA,NA,NA,NA
3.48138260502119,0,-0.0431716232209931,0,3.48138260502119,-0.0431716232209931,-0.0431716232209931,-0.0431716232209931,0.0321818721032191
5.59197431763262,0,-0.0578220526680145,0,5.59197431763262,-0.0578220526680145,-0.0578220526680145,-0.0578220526680145,0.0290843221745671
7.10118523761685,0,-0.0285278978712163,0,7.10118523761685,-0.0285278978712163,-0.0285278978712163,-0.0285278978712163,0.0595492352872805
8.39406695268219,0,0.0167837864563465,0,8.39406695268219,0.0167837864563465,0.0167837864563465,0.0167837864563465,0.0322473662392579
6.68163411954067,0,0.0399525800720857,0,6.68163411954067,0.0399525800720857,0.0399525800720857,0.0399525800720857,0.0632642521725607
10.9419857642508,0,-0.0876235523401562,0,10.9419857642508,-0.0876235523401562,-0.0876235523401562,-0.0876235523401562,0.0336377588977628
9.567453602661,0,-0.0130573193727359,0,9.567453602661,-0.0130573193727359,-0.0130573193727359,-0.0130573193727359,0.0264340771076804
9.56764954052794,0,-0.00578932875863998,0,9.56764954052794,-0.00578932875863998,-0.00578932875863998,-0.00578932875863998,0.0288617279537588
9.58796747981615,0,0.00725905880614161,0,9.58796747981615,0.00725905880614161,0.00725905880614161,0.00725905880614161,0.0422687684348916
12.9045618909384,0,-0.020800428050844,0,12.9045618909384,-0.020800428050844,-0.020800428050844,-0.020800428050844,0.00918914559220215
9.03381024943225,0,-0.0258591277728825,0,9.03381024943225,-0.0258591277728825,-0.0258591277728825,-0.0258591277728825,0.0210013285642308
7.292171244769,0,0.0214216184583366,0,7.292171244769,0.0214216184583366,0.0214216184583366,0.0214216184583366,0.00787016036700002
10.6567948708008,0,0.0203455428827325,0,10.6567948708008,0.0203455428827325,0.0203455428827325,0.0203455428827325,0.0367174068081082
15.83958844307,0,0.0399832495665445,0,15.83958844307,0.0399832495665445,0.0399832495665445,0.0399832495665445,0.0130470310288665
17.7014293147066,0,0.0234372077444364,0,17.7014293147066,0.0234372077444364,0.0234372077444364,0.0234372077444364,0.0323786122878216
14.7585414478692,0,-0.0143222744287462,0,14.7585414478692,-0.0143222744287462,-0.0143222744287462,-0.0143222744287462,0.0637816832942033
13.5036026382197,0,0.0260526179813793,0,13.5036026382197,0.0260526179813793,0.0260526179813793,0.0260526179813793,0.0175137052055195
13.9836050997556,0,-0.0596374353307077,0,13.9836050997556,-0.0596374353307077,-0.0596374353307077,-0.0596374353307077,0.0260159424457815
11.3110693140974,0,0.00982781565554414,0,11.3110693140974,0.00982781565554414,0.00982781565554414,0.00982781565554414,0.0152975413868066
16.5519463473715,0,-0.0850116784148187,0,16.5519463473715,-0.0850116784148187,-0.0850116784148187,-0.0850116784148187,0.0449328569998866
12.3671082351961,0,0.0210231372322994,0,12.3671082351961,0.0210231372322994,0.0210231372322994,0.0210231372322994,0.0160828742749283
12.3654554745313,0,-0.0686880413546458,0,12.3654554745313,-0.0686880413546458,-0.0686880413546458,-0.0686880413546458,0.0513325050706189
19.2556223171704,0,0.0285945738844167,0,19.2556223171704,0.0285945738844167,0.0285945738844167,0.0285945738844167,0.0139726523520546
34.7312424253189,0,0.00360906084633839,0,34.7312424253189,0.00360906084633839,0.00360906084633839,0.00360906084633839,0.017575833019559
54.7209102152747,0,0.0196726221291343,0,54.7209102152747,0.0196726221291343,0.0196726221291343,0.0196726221291343,0.0109274670854921
6.15335383446594,0,0.00868907833362001,0,6.15335383446594,0.00868907833362001,0.00868907833362001,0.00868907833362001,0.148956660150613
8.22166390729103,0,0.0200227074138689,0,8.22166390729103,0.0200227074138689,0.0200227074138689,0.0200227074138689,0.0889316774406693
6.56936523894705,0,-0.0184803687031215,0,6.56936523894705,-0.0184803687031215,-0.0184803687031215,-0.0184803687031215,0.0397871786329299
7.36539602284415,0,-0.0247872150245361,0,7.36539602284415,-0.0247872150245361,-0.0247872150245361,-0.0247872150245361,0.114121672795408
9.34902839864339,0,-0.0319037471830898,0,9.34902839864339,-0.0319037471830898,-0.0319037471830898,-0.0319037471830898,0.0353702402159913
12.5616640281909,0,0.00441577973083164,0,12.5616640281909,0.00441577973083164,0.00441577973083164,0.00441577973083164,0.0138459086615911
10.5411867057519,0,-0.0885790708954701,0,10.5411867057519,-0.0885790708954701,-0.0885790708954701,-0.0885790708954701,0.0320565633703811
10.8363107906744,0,-0.028098390818107,0,10.8363107906744,-0.028098390818107,-0.028098390818107,-0.028098390818107,0.071926050301895
7.60971237336999,0,0.0425196941211018,0,7.60971237336999,0.0425196941211018,0.0425196941211018,0.0425196941211018,0.0675431227803087
7.13153216147587,0,-0.0477446268787778,0,7.13153216147587,-0.0477446268787778,-0.0477446268787778,-0.0477446268787778,0.0691602399134146
11.3171115233183,0,-0.0301299566297987,0,11.3171115233183,-0.0301299566297987,-0.0301299566297987,-0.0301299566297987,0.0549217163119364
12.491172371433,0,0.00616174807970621,0,12.491172371433,0.00616174807970621,0.00616174807970621,0.00616174807970621,0.0405245193389735
17.7574754531964,0,-0.0364542682670167,0,17.7574754531964,-0.0364542682670167,-0.0364542682670167,-0.0364542682670167,0.0437339114285826
23.3384346785706,0,0.0173424537425691,0,23.3384346785706,0.0173424537425691,0.0173424537425691,0.0173424537425691,0.0189266195413323
21.0471310356801,0,0.0617673658141888,0,21.0471310356801,0.0617673658141888,0.0617673658141888,0.0617673658141888,0.047052745863464
16.8846431378076,0,0.0592246738975235,0,16.8846431378076,0.0592246738975235,0.0592246738975235,0.0592246738975235,0.0580511049145327
161.44719403208,0,-0.16863791424748,0,161.44719403208,-0.16863791424748,-0.16863791424748,-0.16863791424748,0.0430774991310983
10.8384906759069,0,-0.00221059163205814,0,10.8384906759069,-0.00221059163205814,-0.00221059163205814,-0.00221059163205814,0.0251376149245104
7.87691324476292,0,-0.0704972430897311,0,7.87691324476292,-0.0704972430897311,-0.0704972430897311,-0.0704972430897311,0.0322283121382998
14.6925462604222,0,-0.00458452472707301,0,14.6925462604222,-0.00458452472707301,-0.00458452472707301,-0.00458452472707301,0.0444254697733256
12.6985002447189,0,0.0156151615690587,0,12.6985002447189,0.0156151615690587,0.0156151615690587,0.0156151615690587,0.0344296478282526
14.3972634987083,0,-0.0237118006498921,0,14.3972634987083,-0.0237118006498921,-0.0237118006498921,-0.0237118006498921,0.0295064854269103
14.1514365378187,0,-0.0107350800784212,0,14.1514365378187,-0.0107350800784212,-0.0107350800784212,-0.0107350800784212,0.0554744268805768
27.9381463268887,0,-0.0196646199066465,0,27.9381463268887,-0.0196646199066465,-0.0196646199066465,-0.0196646199066465,0.0266030945529787
24.4728765020316,0,-0.0883766236254439,0,24.4728765020316,-0.0883766236254439,-0.0883766236254439,-0.0883766236254439,0.0473406670453721
13.4368696617468,0,0.0535402362440232,0,13.4368696617468,0.0535402362440232,0.0535402362440232,0.0535402362440232,0.0282079903838013
7.48402930279067,0,0.00968988201586394,0,7.48402930279067,0.00968988201586394,0.00968988201586394,0.00968988201586394,0.0686754083472401
25.9320346135502,0,-0.0232712391594247,0,25.9320346135502,-0.0232712391594247,-0.0232712391594247,-0.0232712391594247,0.0300519735078187
NA,NA,NA,NA,NA,NA,NA,NA,NA
3.48138260502119,0,-0.0431716232209931,0,3.48138260502119,-0.0431716232209931,-0.0431716232209931,-0.0431716232209931,0.0321818721032191
5.59197431763262,0,-0.0578220526680145,0,5.59197431763262,-0.0578220526680145,-0.0578220526680145,-0.0578220526680145,0.0290843221745671
7.10118523761685,0,-0.0285278978712163,0,7.10118523761685,-0.0285278978712163,-0.0285278978712163,-0.0285278978712163,0.0595492352872805
8.39406695268219,0,0.0167837864563465,0,8.39406695268219,0.0167837864563465,0.0167837864563465,0.0167837864563465,0.0322473662392579
6.68163411954067,0,0.0399525800720857,0,6.68163411954067,0.0399525800720857,0.0399525800720857,0.0399525800720857,0.0632642521725607
10.9419857642508,0,-0.0876235523401562,0,10.9419857642508,-0.0876235523401562,-0.0876235523401562,-0.0876235523401562,0.0336377588977628
9.567453602661,0,-0.0130573193727359,0,9.567453602661,-0.0130573193727359,-0.0130573193727359,-0.0130573193727359,0.0264340771076804
9.56764954052794,0,-0.00578932875863998,0,9.56764954052794,-0.00578932875863998,-0.00578932875863998,-0.00578932875863998,0.0288617279537588
9.58796747981615,0,0.00725905880614161,0,9.58796747981615,0.00725905880614161,0.00725905880614161,0.00725905880614161,0.0422687684348916
12.9045618909384,0,-0.020800428050844,0,12.9045618909384,-0.020800428050844,-0.020800428050844,-0.020800428050844,0.00918914559220215
9.03381024943225,0,-0.0258591277728825,0,9.03381024943225,-0.0258591277728825,-0.0258591277728825,-0.0258591277728825,0.0210013285642308
7.292171244769,0,0.0214216184583366,0,7.292171244769,0.0214216184583366,0.0214216184583366,0.0214216184583366,0.00787016036700002
10.6567948708008,0,0.0203455428827325,0,10.6567948708008,0.0203455428827325,0.0203455428827325,0.0203455428827325,0.0367174068081082
15.83958844307,0,0.0399832495665445,0,15.83958844307,0.0399832495665445,0.0399832495665445,0.0399832495665445,0.0130470310288665
17.7014293147066,0,0.0234372077444364,0,17.7014293147066,0.0234372077444364,0.0234372077444364,0.0234372077444364,0.0323786122878216
14.7585414478692,0,-0.0143222744287462,0,14.7585414478692,-0.0143222744287462,-0.0143222744287462,-0.0143222744287462,0.0637816832942033
13.5036026382197,0,0.0260526179813793,0,13.5036026382197,0.0260526179813793,0.0260526179813793,0.0260526179813793,0.0175137052055195
13.9836050997556,0,-0.0596374353307077,0,13.9836050997556,-0.0596374353307077,-0.0596374353307077,-0.0596374353307077,0.0260159424457815
11.3110693140974,0,0.00982781565554414,0,11.3110693140974,0.00982781565554414,0.00982781565554414,0.00982781565554414,0.0152975413868066
16.5519463473715,0,-0.0850116784148187,0,16.5519463473715,-0.0850116784148187,-0.0850116784148187,-0.0850116784148187,0.0449328569998866
12.3671082351961,0,0.0210231372322994,0,12.3671082351961,0.0210231372322994,0.0210231372322994,0.0210231372322994,0.0160828742749283
12.3654554745313,0,-0.0686880413546458,0,12.3654554745313,-0.0686880413546458,-0.0686880413546458,-0.0686880413546458,0.0513325050706189
19.2556223171704,0,0.0285945738844167,0,19.2556223171704,0.0285945738844167,0.0285945738844167,0.0285945738844167,0.0139726523520546
34.7312424253189,0,0.00360906084633839,0,34.7312424253189,0.00360906084633839,0.00360906084633839,0.00360906084633839,0.017575833019559
54.7209102152747,0,0.0196726221291343,0,54.7209102152747,0.0196726221291343,0.0196726221291343,0.0196726221291343,0.0109274670854921
6.15335383446594,0,0.00868907833362001,0,6.15335383446594,0.00868907833362001,0.00868907833362001,0.00868907833362001,0.148956660150613
8.22166390729103,0,0.0200227074138689,0,8.22166390729103,0.0200227074138689,0.0200227074138689,0.0200227074138689,0.0889316774406693
6.56936523894705,0,-0.0184803687031215,0,6.56936523894705,-0.0184803687031215,-0.0184803687031215,-0.0184803687031215,0.0397871786329299
7.36539602284415,0,-0.0247872150245361,0,7.36539602284415,-0.0247872150245361,-0.0247872150245361,-0.0247872150245361,0.114121672795408
9.34902839864339,0,-0.0319037471830898,0,9.34902839864339,-0.0319037471830898,-0.0319037471830898,-0.0319037471830898,0.0353702402159913
12.5616640281909,0,0.00441577973083164,0,12.5616640281909,0.00441577973083164,0.00441577973083164,0.00441577973083164,0.0138459086615911
10.5411867057519,0,-0.0885790708954701,0,10.5411867057519,-0.0885790708954701,-0.0885790708954701,-0.0885790708954701,0.0320565633703811
10.8363107906744,0,-0.028098390818107,0,10.8363107906744,-0.028098390818107,-0.028098390818107,-0.028098390818107,0.071926050301895
7.60971237336999,0,0.0425196941211018,0,7.60971237336999,0.0425196941211018,0.0425196941211018,0.0425196941211018,0.0675431227803087
7.13153216147587,0,-0.0477446268787778,0,7.13153216147587,-0.0477446268787778,-0.0477446268787778,-0.0477446268787778,0.0691602399134146
11.3171115233183,0,-0.0301299566297987,0,11.3171115233183,-0.0301299566297987,-0.0301299566297987,-0.0301299566297987,0.0549217163119364
12.491172371433,0,0.00616174807970621,0,12.491172371433,0.00616174807970621,0.00616174807970621,0.00616174807970621,0.0405245193389735
17.7574754531964,0,-0.0364542682670167,0,17.7574754531964,-0.0364542682670167,-0.0364542682670167,-0.0364542682670167,0.0437339114285826
23.3384346785706,0,0.0173424537425691,0,23.3384346785706,0.0173424537425691,0.0173424537425691,0.0173424537425691,0.0189266195413323
31.0786588545351,0,-0.104141192155505,0,31.0786588545351,-0.104141192155505,-0.104141192155505,-0.104141192155505,0.0562787835549554
16.8846431378076,0,0.0592246738975235,0,16.8846431378076,0.0592246738975235,0.0592246738975235,0.0592246738975235,0.0580511049145327
161.44719403208,0,-0.16863791424748,0,161.44719403208,-0.16863791424748,-0.16863791424748,-0.16863791424748,0.0430774991310983
10.8384906759069,0,-0.00221059163205814,0,10.8384906759069,-0.00221059163205814,-0.00221059163205814,-0.00221059163205814,0.0251376149245104
7.87691324476292,0,-0.0704972430897311,0,7.87691324476292,-0.0704972430897311,-0.0704972430897311,-0.0704972430897311,0.0322283121382998
14.6925462604222,0,-0.00458452472707301,0,14.6925462604222,-0.00458452472707301,-0.00458452472707301,-0.00458452472707301,0.0444254697733256
12.6985002447189,0,0.0156151615690587,0,12.6985002447189,0.0156151615690587,0.0156151615690587,0.0156151615690587,0.0344296478282526
14.3972634987083,0,-0.0237118006498921,0,14.3972634987083,-0.0237118006498921,-0.0237118006498921,-0.0237118006498921,0.0295064854269103
14.1514365378187,0,-0.0107350800784212,0,14.1514365378187,-0.0107350800784212,-0.0107350800784212,-0.0107350800784212,0.0554744268805768
27.9381463268887,0,-0.0196646199066465,0,27.9381463268887,-0.0196646199066465,-0.0196646199066465,-0.0196646199066465,0.0266030945529787
24.4728765020316,0,-0.0883766236254439,0,24.4728765020316,-0.0883766236254439,-0.0883766236254439,-0.0883766236254439,0.0473406670453721
13.4368696617468,0,0.0535402362440232,0,13.4368696617468,0.0535402362440232,0.0535402362440232,0.0535402362440232,0.0282079903838013
7.48402930279067,0,0.00968988201586394,0,7.48402930279067,0.00968988201586394,0.00968988201586394,0.00968988201586394,0.0686754083472401
25.9320346135502,0,-0.0232712391594247,0,25.9320346135502,-0.0232712391594247,-0.0232712391594247,-0.0232712391594247,0.0300519735078187
NA,NA,NA,NA,NA,NA,NA,NA,NA
3.48138260502119,0,-0.0431716232209931,0,3.48138260502119,-0.0431716232209931,-0.0431716232209931,-0.0431716232209931,0.0321818721032191
5.59197431763262,0,-0.0578220526680145,0,5.59197431763262,-0.0578220526680145,-0.0578220526680145,-0.0578220526680145,0.0290843221745671
7.10118523761685,0,-0.0285278978712163,0,7.10118523761685,-0.0285278978712163,-0.0285278978712163,-0.0285278978712163,0.0595492352872805
8.39406695268219,0,0.0167837864563465,0,8.39406695268219,0.0167837864563465,0.0167837864563465,0.0167837864563465,0.0322473662392579
6.68163411954067,0,0.0399525800720857,0,6.68163411954067,0.0399525800720857,0.0399525800720857,0.0399525800720857,0.0632642521725607
10.9419857642508,0,-0.0876235523401562,0,10.9419857642508,-0.0876235523401562,-0.0876235523401562,-0.0876235523401562,0.0336377588977628
9.567453602661,0,-0.0130573193727359,0,9.567453602661,-0.0130573193727359,-0.0130573193727359,-0.0130573193727359,0.0264340771076804
9.56764954052794,0,-0.00578932875863998,0,9.56764954052794,-0.00578932875863998,-0.00578932875863998,-0.00578932875863998,0.0288617279537588
9.58796747981615,0,0.00725905880614161,0,9.58796747981615,0.00725905880614161,0.00725905880614161,0.00725905880614161,0.0422687684348916
12.9045618909384,0,-0.020800428050844,0,12.9045618909384,-0.020800428050844,-0.020800428050844,-0.020800428050844,0.00918914559220215
9.03381024943225,0,-0.0258591277728825,0,9.03381024943225,-0.0258591277728825,-0.0258591277728825,-0.0258591277728825,0.0210013285642308
7.292171244769,0,0.0214216184583366,0,7.292171244769,0.0214216184583366,0.0214216184583366,0.0214216184583366,0.00787016036700002
10.6567948708008,0,0.0203455428827325,0,10.6567948708008,0.0203455428827325,0.0203455428827325,0.0203455428827325,0.0367174068081082
15.83958844307,0,0.0399832495665445,0,15.83958844307,0.0399832495665445,0.0399832495665445,0.0399832495665445,0.0130470310288665
17.7014293147066,0,0.0234372077444364,0,17.7014293147066,0.0234372077444364,0.0234372077444364,0.0234372077444364,0.0323786122878216
14.7585414478692,0,-0.0143222744287462,0,14.7585414478692,-0.0143222744287462,-0.0143222744287462,-0.0143222744287462,0.0637816832942033
13.5036026382197,0,0.0260526179813793,0,13.5036026382197,0.0260526179813793,0.0260526179813793,0.0260526179813793,0.0175137052055195
13.9836050997556,0,-0.0596374353307077,0,13.9836050997556,-0.0596374353307077,-0.0596374353307077,-0.0596374353307077,0.0260159424457815
11.3110693140974,0,0.00982781565554414,0,11.3110693140974,0.00982781565554414,0.00982781565554414,0.00982781565554414,0.0152975413868066
16.5519463473715,0,-0.0850116784148187,0,16.5519463473715,-0.0850116784148187,-0.0850116784148187,-0.0850116784148187,0.0449328569998866
12.3671082351961,0,0.0210231372322994,0,12.3671082351961,0.0210231372322994,0.0210231372322994,0.0210231372322994,0.0160828742749283
12.3654554745313,0,-0.0686880413546458,0,12.3654554745313,-0.0686880413546458,-0.0686880413546458,-0.0686880413546458,0.0513325050706189
19.2556223171704,0,0.0285945738844167,0,19.2556223171704,0.0285945738844167,0.0285945738844167,0.0285945738844167,0.0139726523520546
34.7312424253189,0,0.00360906084633839,0,34.7312424253189,0.00360906084633839,0.00360906084633839,0.00360906084633839,0.017575833019559
54.7209102152747,0,0.0196726221291343,0,54.7209102152747,0.0196726221291343,0.0196726221291343,0.0196726221291343,0.0109274670854921
6.15335383446594,0,0.00868907833362001,0,6.15335383446594,0.00868907833362001,0.00868907833362001,0.00868907833362001,0.148956660150613
8.22166390729103,0,0.0200227074138689,0,8.22166390729103,0.0200227074138689,0.0200227074138689,0.0200227074138689,0.0889316774406693
6.56936523894705,0,-0.0184803687031215,0,6.56936523894705,-0.0184803687031215,-0.0184803687031215,-0.0184803687031215,0.0397871786329299
7.36539602284415,0,-0.0247872150245361,0,7.36539602284415,-0.0247872150245361,-0.0247872150245361,-0.0247872150245361,0.114121672795408
9.34902839864339,0,-0.0319037471830898,0,9.34902839864339,-0.0319037471830898,-0.0319037471830898,-0.0319037471830898,0.0353702402159913
12.5616640281909,0,0.00441577973083164,0,12.5616640281909,0.00441577973083164,0.00441577973083164,0.00441577973083164,0.0138459086615911
10.5411867057519,0,-0.0885790708954701,0,10.5411867057519,-0.0885790708954701,-0.0885790708954701,-0.0885790708954701,0.0320565633703811
10.8363107906744,0,-0.028098390818107,0,10.8363107906744,-0.028098390818107,-0.028098390818107,-0.028098390818107,0.071926050301895
7.60971237336999,0,0.0425196941211018,0,7.60971237336999,0.0425196941211018,0.0425196941211018,0.0425196941211018,0.0675431227803087
7.13153216147587,0,-0.0477446268787778,0,7.13153216147587,-0.0477446268787778,-0.0477446268787778,-0.0477446268787778,0.0691602399134146
11.3171115233183,0,-0.0301299566297987,0,11.3171115233183,-0.0301299566297987,-0.0301299566297987,-0.0301299566297987,0.0549217163119364
12.491172371433,0,0.00616174807970621,0,12.491172371433,0.00616174807970621,0.00616174807970621,0.00616174807970621,0.0405245193389735
17.7574754531964,0,-0.0364542682670167,0,17.7574754531964,-0.0364542682670167,-0.0364542682670167,-0.0364542682670167,0.0437339114285826
23.3384346785706,0,0.0173424537425691,0,23.3384346785706,0.0173424537425691,0.0173424537425691,0.0173424537425691,0.0189266195413323
31.0786588545351,0,-0.104141192155505,0,31.0786588545351,-0.104141192155505,-0.104141192155505,-0.104141192155505,0.0562787835549554
16.8846431378076,0,0.0592246738975235,0,16.8846431378076,0.0592246738975235,0.0592246738975235,0.0592246738975235,0.0580511049145327
161.44719403208,0,-0.16863791424748,0,161.44719403208,-0.16863791424748,-0.16863791424748,-0.16863791424748,0.0430774991310983
10.8384906759069,0,-0.00221059163205814,0,10.8384906759069,-0.00221059163205814,-0.00221059163205814,-0.00221059163205814,0.0251376149245104
7.87691324476292,0,-0.0704972430897311,0,7.87691324476292,-0.0704972430897311,-0.0704972430897311,-0.0704972430897311,0.0322283121382998
14.6925462604222,0,-0.00458452472707301,0,14.6925462604222,-0.00458452472707301,-0.00458452472707301,-0.00458452472707301,0.0444254697733256
12.6985002447189,0,0.0156151615690587,0,12.6985002447189,0.0156151615690587,0.0156151615690587,0.0156151615690587,0.0344296478282526
14.3972634987083,0,-0.0237118006498921,0,14.3972634987083,-0.0237118006498921,-0.0237118006498921,-0.0237118006498921,0.0295064854269103
14.1514365378187,0,-0.0107350800784212,0,14.1514365378187,-0.0107350800784212,-0.0107350800784212,-0.0107350800784212,0.0554744268805768
27.9381463268887,0,-0.0196646199066465,0,27.9381463268887,-0.0196646199066465,-0.0196646199066465,-0.0196646199066465,0.0266030945529787
24.4728765020316,0,-0.0883766236254439,0,24.4728765020316,-0.0883766236254439,-0.0883766236254439,-0.0883766236254439,0.0473406670453721
13.4368696617468,0,0.0535402362440232,0,13.4368696617468,0.0535402362440232,0.0535402362440232,0.0535402362440232,0.0282079903838013
7.48402930279067,0,0.00968988201586394,0,7.48402930279067,0.00968988201586394,0.00968988201586394,0.00968988201586394,0.0686754083472401
25.9320346135502,0,-0.0232712391594247,0,25.9320346135502,-0.0232712391594247,-0.0232712391594247,-0.0232712391594247,0.0300519735078187
NA,NA,NA,NA,NA,NA,NA,NA,NA
3.48138260502119,0,-0.0431716232209931,0,3.48138260502119,-0.0431716232209931,-0.0431716232209931,-0.0431716232209931,0.0321818721032191
5.59197431763262,0,-0.0578220526680145,0,5.59197431763262,-0.0578220526680145,-0.0578220526680145,-0.0578220526680145,0.0290843221745671
7.10118523761685,0,-0.0285278978712163,0,7.10118523761685,-0.0285278978712163,-0.0285278978712163,-0.0285278978712163,0.0595492352872805
8.39406695268219,0,0.0167837864563465,0,8.39406695268219,0.0167837864563465,0.0167837864563465,0.0167837864563465,0.0322473662392579
6.68163411954067,0,0.0399525800720857,0,6.68163411954067,0.0399525800720857,0.0399525800720857,0.0399525800720857,0.0632642521725607
10.9419857642508,0,-0.0876235523401562,0,10.9419857642508,-0.0876235523401562,-0.0876235523401562,-0.0876235523401562,0.0336377588977628
9.567453602661,0,-0.0130573193727359,0,9.567453602661,-0.0130573193727359,-0.0130573193727359,-0.0130573193727359,0.0264340771076804
9.56764954052794,0,-0.00578932875863998,0,9.56764954052794,-0.00578932875863998,-0.00578932875863998,-0.00578932875863998,0.0288617279537588
9.58796747981615,0,0.00725905880614161,0,9.58796747981615,0.00725905880614161,0.00725905880614161,0.00725905880614161,0.0422687684348916
12.9045618909384,0,-0.020800428050844,0,12.9045618909384,-0.020800428050844,-0.020800428050844,-0.020800428050844,0.00918914559220215
9.03381024943225,0,-0.0258591277728825,0,9.03381024943225,-0.0258591277728825,-0.0258591277728825,-0.0258591277728825,0.0210013285642308
7.292171244769,0,0.0214216184583366,0,7.292171244769,0.0214216184583366,0.0214216184583366,0.0214216184583366,0.00787016036700002
10.6567948708008,0,0.0203455428827325,0,10.6567948708008,0.0203455428827325,0.0203455428827325,0.0203455428827325,0.0367174068081082
15.83958844307,0,0.0399832495665445,0,15.83958844307,0.0399832495665445,0.0399832495665445,0.0399832495665445,0.0130470310288665
17.7014293147066,0,0.0234372077444364,0,17.7014293147066,0.0234372077444364,0.0234372077444364,0.0234372077444364,0.0323786122878216
14.7585414478692,0,-0.0143222744287462,0,14.7585414478692,-0.0143222744287462,-0.0143222744287462,-0.0143222744287462,0.0637816832942033
13.5036026382197,0,0.0260526179813793,0,13.5036026382197,0.0260526179813793,0.0260526179813793,0.0260526179813793,0.0175137052055195
13.9836050997556,0,-0.0596374353307077,0,13.9836050997556,-0.0596374353307077,-0.0596374353307077,-0.0596374353307077,0.0260159424457815
11.3110693140974,0,0.00982781565554414,0,11.3110693140974,0.00982781565554414,0.00982781565554414,0.00982781565554414,0.0152975413868066
16.5519463473715,0,-0.0850116784148187,0,16.5519463473715,-0.0850116784148187,-0.0850116784148187,-0.0850116784148187,0.0449328569998866
12.3671082351961,0,0.0210231372322994,0,12.3671082351961,0.0210231372322994,0.0210231372322994,0.0210231372322994,0.0160828742749283
12.3654554745313,0,-0.0686880413546458,0,12.3654554745313,-0.0686880413546458,-0.0686880413546458,-0.0686880413546458,0.0513325050706189
19.2556223171704,0,0.0285945738844167,0,19.2556223171704,0.0285945738844167,0.0285945738844167,0.0285945738844167,0.0139726523520546
34.7312424253189,0,0.00360906084633839,0,34.7312424253189,0.00360906084633839,0.00360906084633839,0.00360906084633839,0.017575833019559
54.7209102152747,0,0.0196726221291343,0,54.7209102152747,0.0196726221291343,0.0196726221291343,0.0196726221291343,0.0109274670854921
6.15335383446594,0,0.00868907833362001,0,6.15335383446594,0.00868907833362001,0.00868907833362001,0.00868907833362001,0.148956660150613
8.22166390729103,0,0.0200227074138689,0,8.22166390729103,0.0200227074138689,0.0200227074138689,0.0200227074138689,0.0889316774406693
6.56936523894705,0,-0.0184803687031215,0,6.56936523894705,-0.0184803687031215,-0.0184803687031215,-0.0184803687031215,0.0397871786329299
7.36539602284415,0,-0.0247872150245361,0,7.36539602284415,-0.0247872150245361,-0.0247872150245361,-0.0247872150245361,0.114121672795408
9.34902839864339,0,-0.0319037471830898,0,9.34902839864339,-0.0319037471830898,-0.0319037471830898,-0.0319037471830898,0.0353702402159913
12.5616640281909,0,0.00441577973083164,0,12.5616640281909,0.00441577973083164,0.00441577973083164,0.00441577973083164,0.0138459086615911
10.5411867057519,0,-0.0885790708954701,0,10.5411867057519,-0.0885790708954701,-0.0885790708954701,-0.0885790708954701,0.0320565633703811
10.8363107906744,0,-0.028098390818107,0,10.8363107906744,-0.028098390818107,-0.028098390818107,-0.028098390818107,0.071926050301895
7.60971237336999,0,0.0425196941211018,0,7.60971237336999,0.0425196941211018,0.0425196941211018,0.0425196941211018,0.0675431227803087
7.13153216147587,0,-0.0477446268787778,0,7.13153216147587,-0.0477446268787778,-0.0477446268787778,-0.0477446268787778,0.0691602399134146
11.3171115233183,0,-0.0301299566297987,0,11.3171115233183,-0.0301299566297987,-0.0301299566297987,-0.0301299566297987,0.0549217163119364
12.491172371433,0,0.00616174807970621,0,12.491172371433,0.00616174807970621,0.00616174807970621,0.00616174807970621,0.0405245193389735
17.7574754531964,0,-0.0364542682670167,0,17.7574754531964,-0.0364542682670167,-0.0364542682670167,-0.0364542682670167,0.0437339114285826
23.3384346785706,0,0.0173424537425691,0,23.3384346785706,0.0173424537425691,0.0173424537425691,0.0173424537425691,0.0189266195413323
31.0786588545351,0,-0.104141192155505,0,31.0786588545351,-0.104141192155505,-0.104141192155505,-0.104141192155505,0.0562787835549554
16.8846431378076,0,0.0592246738975235,0,16.8846431378076,0.0592246738975235,0.0592246738975235,0.0592246738975235,0.0580511049145327
161.44719403208,0,-0.16863791424748,0,161.44719403208,-0.16863791424748,-0.16863791424748,-0.16863791424748,0.0430774991310983
10.8384906759069,0,-0.00221059163205814,0,10.8384906759069,-0.00221059163205814,-0.00221059163205814,-0.00221059163205814,0.0251376149245104
7.87691324476292,0,-0.0704972430897311,0,7.87691324476292,-0.0704972430897311,-0.0704972430897311,-0.0704972430897311,0.0322283121382998
14.6925462604222,0,-0.00458452472707301,0,14.6925462604222,-0.00458452472707301,-0.00458452472707301,-0.00458452472707301,0.0444254697733256
12.6985002447189,0,0.0156151615690587,0,12.6985002447189,0.0156151615690587,0.0156151615690587,0.0156151615690587,0.0344296478282526
14.3972634987083,0,-0.0237118006498921,0,14.3972634987083,-0.0237118006498921,-0.0237118006498921,-0.0237118006498921,0.0295064854269103
14.1514365378187,0,-0.0107350800784212,0,14.1514365378187,-0.0107350800784212,-0.0107350800784212,-0.0107350800784212,0.0554744268805768
27.9381463268887,0,-0.0196646199066465,0,27.9381463268887,-0.0196646199066465,-0.0196646199066465,-0.0196646199066465,0.0266030945529787
24.4728765020316,0,-0.0883766236254439,0,24.4728765020316,-0.0883766236254439,-0.0883766236254439,-0.0883766236254439,0.0473406670453721
13.4368696617468,0,0.0535402362440232,0,13.4368696617468,0.0535402362440232,0.0535402362440232,0.0535402362440232,0.0282079903838013
7.48402930279067,0,0.00968988201586394,0,7.48402930279067,0.00968988201586394,0.00968988201586394,0.00968988201586394,0.0686754083472401
25.9320346135502,0,-0.0232712391594247,0,25.9320346135502,-0.0232712391594247,-0.0232712391594247,-0.0232712391594247,0.0300519735078187
NA,NA,NA,NA,NA,NA,NA,NA,NA
3.48138260502119,0,-0.0431716232209931,0,3.48138260502119,-0.0431716232209931,-0.0431716232209931,-0.0431716232209931,0.0321818721032191
5.59197431763262,0,-0.0578220526680145,0,5.59197431763262,-0.0578220526680145,-0.0578220526680145,-0.0578220526680145,0.0290843221745671
7.10118523761685,0,-0.0285278978712163,0,7.10118523761685,-0.0285278978712163,-0.0285278978712163,-0.0285278978712163,0.0595492352872805
8.39406695268219,0,0.0167837864563465,0,8.39406695268219,0.0167837864563465,0.0167837864563465,0.0167837864563465,0.0322473662392579
6.68163411954067,0,0.0399525800720857,0,6.68163411954067,0.0399525800720857,0.0399525800720857,0.0399525800720857,0.0632642521725607
10.9419857642508,0,-0.0876235523401562,0,10.9419857642508,-0.0876235523401562,-0.0876235523401562,-0.0876235523401562,0.0336377588977628
9.567453602661,0,-0.0130573193727359,0,9.567453602661,-0.0130573193727359,-0.0130573193727359,-0.0130573193727359,0.0264340771076804
9.56764954052794,0,-0.00578932875863998,0,9.56764954052794,-0.00578932875863998,-0.00578932875863998,-0.00578932875863998,0.0288617279537588
9.58796747981615,0,0.00725905880614161,0,9.58796747981615,0.00725905880614161,0.00725905880614161,0.00725905880614161,0.0422687684348916
12.9045618909384,0,-0.020800428050844,0,12.9045618909384,-0.020800428050844,-0.020800428050844,-0.020800428050844,0.00918914559220215
9.03381024943225,0,-0.0258591277728825,0,9.03381024943225,-0.0258591277728825,-0.0258591277728825,-0.0258591277728825,0.0210013285642308
7.292171244769,0,0.0214216184583366,0,7.292171244769,0.0214216184583366,0.0214216184583366,0.0214216184583366,0.00787016036700002
10.6567948708008,0,0.0203455428827325,0,10.6567948708008,0.0203455428827325,0.0203455428827325,0.0203455428827325,0.0367174068081082
15.83958844307,0,0.0399832495665445,0,15.83958844307,0.0399832495665445,0.0399832495665445,0.0399832495665445,0.0130470310288665
17.7014293147066,0,0.0234372077444364,0,17.7014293147066,0.0234372077444364,0.0234372077444364,0.0234372077444364,0.0323786122878216
14.7585414478692,0,-0.0143222744287462,0,14.7585414478692,-0.0143222744287462,-0.0143222744287462,-0.0143222744287462,0.0637816832942033
13.5036026382197,0,0.0260526179813793,0,13.5036026382197,0.0260526179813793,0.0260526179813793,0.0260526179813793,0.0175137052055195
13.9836050997556,0,-0.0596374353307077,0,13.9836050997556,-0.0596374353307077,-0.0596374353307077,-0.0596374353307077,0.0260159424457815
11.3110693140974,0,0.00982781565554414,0,11.3110693140974,0.00982781565554414,0.00982781565554414,0.00982781565554414,0.0152975413868066
16.5519463473715,0,-0.0850116784148187,0,16.5519463473715,-0.0850116784148187,-0.0850116784148187,-0.0850116784148187,0.0449328569998866
12.3671082351961,0,0.0210231372322994,0,12.3671082351961,0.0210231372322994,0.0210231372322994,0.0210231372322994,0.0160828742749283
12.3654554745313,0,-0.0686880413546458,0,12.3654554745313,-0.0686880413546458,-0.0686880413546458,-0.0686880413546458,0.0513325050706189
19.2556223171704,0,0.0285945738844167,0,19.2556223171704,0.0285945738844167,0.0285945738844167,0.0285945738844167,0.0139726523520546
34.7312424253189,0,0.00360906084633839,0,34.7312424253189,0.00360906084633839,0.00360906084633839,0.00360906084633839,0.017575833019559
54.7209102152747,0,0.0196726221291343,0,54.7209102152747,0.0196726221291343,0.0196726221291343,0.0196726221291343,0.0109274670854921
6.15335383446594,0,0.00868907833362001,0,6.15335383446594,0.00868907833362001,0.00868907833362001,0.00868907833362001,0.148956660150613
8.22166390729103,0,0.0200227074138689,0,8.22166390729103,0.0200227074138689,0.0200227074138689,0.0200227074138689,0.0889316774406693
6.56936523894705,0,-0.0184803687031215,0,6.56936523894705,-0.0184803687031215,-0.0184803687031215,-0.0184803687031215,0.0397871786329299
7.36539602284415,0,-0.0247872150245361,0,7.36539602284415,-0.0247872150245361,-0.0247872150245361,-0.0247872150245361,0.114121672795408
9.34902839864339,0,-0.0319037471830898,0,9.34902839864339,-0.0319037471830898,-0.0319037471830898,-0.0319037471830898,0.0353702402159913
12.5616640281909,0,0.00441577973083164,0,12.5616640281909,0.00441577973083164,0.00441577973083164,0.00441577973083164,0.0138459086615911
10.5411867057519,0,-0.0885790708954701,0,10.5411867057519,-0.0885790708954701,-0.0885790708954701,-0.0885790708954701,0.0320565633703811
10.8363107906744,0,-0.028098390818107,0,10.8363107906744,-0.028098390818107,-0.028098390818107,-0.028098390818107,0.071926050301895
7.60971237336999,0,0.0425196941211018,0,7.60971237336999,0.0425196941211018,0.0425196941211018,0.0425196941211018,0.0675431227803087
7.13153216147587,0,-0.0477446268787778,0,7.13153216147587,-0.0477446268787778,-0.0477446268787778,-0.0477446268787778,0.0691602399134146
11.3171115233183,0,-0.0301299566297987,0,11.3171115233183,-0.0301299566297987,-0.0301299566297987,-0.0301299566297987,0.0549217163119364
12.491172371433,0,0.00616174807970621,0,12.491172371433,0.00616174807970621,0.00616174807970621,0.00616174807970621,0.0405245193389735
17.7574754531964,0,-0.0364542682670167,0,17.7574754531964,-0.0364542682670167,-0.0364542682670167,-0.0364542682670167,0.0437339114285826
23.3384346785706,0,0.0173424537425691,0,23.3384346785706,0.0173424537425691,0.0173424537425691,0.0173424537425691,0.0189266195413323
31.0786588545351,0,-0.104141192155505,0,31.0786588545351,-0.104141192155505,-0.104141192155505,-0.104141192155505,0.0562787835549554
16.8846431378076,0,0.0592246738975235,0,16.8846431378076,0.0592246738975235,0.0592246738975235,0.0592246738975235,0.0580511049145327
161.44719403208,0,-0.16863791424748,0,161.44719403208,-0.16863791424748,-0.16863791424748,-0.16863791424748,0.0430774991310983
10.8384906759069,0,-0.00221059163205814,0,10.8384906759069,-0.00221059163205814,-0.00221059163205814,-0.00221059163205814,0.0251376149245104
7.87691324476292,0,-0.0704972430897311,0,7.87691324476292,-0.0704972430897311,-0.0704972430897311,-0.0704972430897311,0.0322283121382998
14.6925462604222,0,-0.00458452472707301,0,14.6925462604222,-0.00458452472707301,-0.00458452472707301,-0.00458452472707301,0.0444254697733256
12.6985002447189,0,0.0156151615690587,0,12.6985002447189,0.0156151615690587,0.0156151615690587,0.0156151615690587,0.0344296478282526
14.3972634987083,0,-0.0237118006498921,0,14.3972634987083,-0.0237118006498921,-0.0237118006498921,-0.0237118006498921,0.0295064854269103
14.1514365378187,0,-0.0107350800784212,0,14.1514365378187,-0.0107350800784212,-0.0107350800784212,-0.0107350800784212,0.0554744268805768
27.9381463268887,0,-0.0196646199066465,0,27.9381463268887,-0.0196646199066465,-0.0196646199066465,-0.0196646199066465,0.0266030945529787
24.4728765020316,0,-0.0883766236254439,0,24.4728765020316,-0.0883766236254439,-0.0883766236254439,-0.0883766236254439,0.0473406670453721
13.4368696617468,0,0.0535402362440232,0,13.4368696617468,0.0535402362440232,0.0535402362440232,0.0535402362440232,0.0282079903838013
7.48402930279067,0,0.00968988201586394,0,7.48402930279067,0.00968988201586394,0.00968988201586394,0.00968988201586394,0.0686754083472401
25.9320346135502,0,-0.0232712391594247,0,25.9320346135502,-0.0232712391594247,-0.0232712391594247,-0.0232712391594247,0.0300519735078187
NA,NA,NA,NA,NA,NA,NA,NA,NA
3.48138260502119,0,-0.0431716232209931,0,3.48138260502119,-0.0431716232209931,-0.0431716232209931,-0.0431716232209931,0.0321818721032191
5.59197431763262,0,-0.0578220526680145,0,5.59197431763262,-0.0578220526680145,-0.0578220526680145,-0.0578220526680145,0.0290843221745671
7.10118523761685,0,-0.0285278978712163,0,7.10118523761685,-0.0285278978712163,-0.0285278978712163,-0.0285278978712163,0.0595492352872805
8.39406695268219,0,0.0167837864563465,0,8.39406695268219,0.0167837864563465,0.0167837864563465,0.0167837864563465,0.0322473662392579
6.68163411954067,0,0.0399525800720857,0,6.68163411954067,0.0399525800720857,0.0399525800720857,0.0399525800720857,0.0632642521725607
10.9419857642508,0,-0.0876235523401562,0,10.9419857642508,-0.0876235523401562,-0.0876235523401562,-0.0876235523401562,0.0336377588977628
9.567453602661,0,-0.0130573193727359,0,9.567453602661,-0.0130573193727359,-0.0130573193727359,-0.0130573193727359,0.0264340771076804
9.56764954052794,0,-0.00578932875863998,0,9.56764954052794,-0.00578932875863998,-0.00578932875863998,-0.00578932875863998,0.0288617279537588
9.58796747981615,0,0.00725905880614161,0,9.58796747981615,0.00725905880614161,0.00725905880614161,0.00725905880614161,0.0422687684348916
12.9045618909384,0,-0.020800428050844,0,12.9045618909384,-0.020800428050844,-0.020800428050844,-0.020800428050844,0.00918914559220215
9.03381024943225,0,-0.0258591277728825,0,9.03381024943225,-0.0258591277728825,-0.0258591277728825,-0.0258591277728825,0.0210013285642308
7.292171244769,0,0.0214216184583366,0,7.292171244769,0.0214216184583366,0.0214216184583366,0.0214216184583366,0.00787016036700002
10.6567948708008,0,0.0203455428827325,0,10.6567948708008,0.0203455428827325,0.0203455428827325,0.0203455428827325,0.0367174068081082
15.83958844307,0,0.0399832495665445,0,15.83958844307,0.0399832495665445,0.0399832495665445,0.0399832495665445,0.0130470310288665
17.7014293147066,0,0.0234372077444364,0,17.7014293147066,0.0234372077444364,0.0234372077444364,0.0234372077444364,0.0323786122878216
14.7585414478692,0,-0.0143222744287462,0,14.7585414478692,-0.0143222744287462,-0.0143222744287462,-0.0143222744287462,0.0637816832942033
13.5036026382197,0,0.0260526179813793,0,13.5036026382197,0.0260526179813793,0.0260526179813793,0.0260526179813793,0.0175137052055195
13.9836050997556,0,-0.0596374353307077,0,13.9836050997556,-0.0596374353307077,-0.0596374353307077,-0.0596374353307077,0.0260159424457815
11.3110693140974,0,0.00982781565554414,0,11.3110693140974,0.00982781565554414,0.00982781565554414,0.00982781565554414,0.0152975413868066
16.5519463473715,0,-0.0850116784148187,0,16.5519463473715,-0.0850116784148187,-0.0850116784148187,-0.0850116784148187,0.0449328569998866
12.3671082351961,0,0.0210231372322994,0,12.3671082351961,0.0210231372322994,0.0210231372322994,0.0210231372322994,0.0160828742749283
12.3654554745313,0,-0.0686880413546458,0,12.3654554745313,-0.0686880413546458,-0.0686880413546458,-0.0686880413546458,0.0513325050706189
19.2556223171704,0,0.0285945738844167,0,19.2556223171704,0.0285945738844167,0.0285945738844167,0.0285945738844167,0.0139726523520546
34.7312424253189,0,0.00360906084633839,0,34.7312424253189,0.00360906084633839,0.00360906084633839,0.00360906084633839,0.017575833019559
54.7209102152747,0,0.0196726221291343,0,54.7209102152747,0.0196726221291343,0.0196726221291343,0.0196726221291343,0.0109274670854921
6.15335383446594,0,0.00868907833362001,0,6.15335383446594,0.00868907833362001,0.00868907833362001,0.00868907833362001,0.148956660150613
8.22166390729103,0,0.0200227074138689,0,8.22166390729103,0.0200227074138689,0.0200227074138689,0.0200227074138689,0.0889316774406693
6.56936523894705,0,-0.0184803687031215,0,6.56936523894705,-0.0184803687031215,-0.0184803687031215,-0.0184803687031215,0.0397871786329299
7.36539602284415,0,-0.0247872150245361,0,7.36539602284415,-0.0247872150245361,-0.0247872150245361,-0.0247872150245361,0.114121672795408
9.34902839864339,0,-0.0319037471830898,0,9.34902839864339,-0.0319037471830898,-0.0319037471830898,-0.0319037471830898,0.0353702402159913
12.5616640281909,0,0.00441577973083164,0,12.5616640281909,0.00441577973083164,0.00441577973083164,0.00441577973083164,0.0138459086615911
10.5411867057519,0,-0.0885790708954701,0,10.5411867057519,-0.0885790708954701,-0.0885790708954701,-0.0885790708954701,0.0320565633703811
10.8363107906744,0,-0.028098390818107,0,10.8363107906744,-0.028098390818107,-0.028098390818107,-0.028098390818107,0.071926050301895
7.60971237336999,0,0.0425196941211018,0,7.60971237336999,0.0425196941211018,0.0425196941211018,0.0425196941211018,0.0675431227803087
7.13153216147587,0,-0.0477446268787778,0,7.13153216147587,-0.0477446268787778,-0.0477446268787778,-0.0477446268787778,0.0691602399134146
11.3171115233183,0,-0.0301299566297987,0,11.3171115233183,-0.0301299566297987,-0.0301299566297987,-0.0301299566297987,0.0549217163119364
12.491172371433,0,0.00616174807970621,0,12.491172371433,0.00616174807970621,0.00616174807970621,0.00616174807970621,0.0405245193389735
17.7574754531964,0,-0.0364542682670167,0,17.7574754531964,-0.0364542682670167,-0.0364542682670167,-0.0364542682670167,0.0437339114285826
23.3384346785706,0,0.0173424537425691,0,23.3384346785706,0.0173424537425691,0.0173424537425691,0.0173424537425691,0.0189266195413323
31.0786588545351,0,-0.104141192155505,0,31.0786588545351,-0.104141192155505,-0.104141192155505,-0.104141192155505,0.0562787835549554
16.8846431378076,0,0.0592246738975235,0,16.8846431378076,0.0592246738975235,0.0592246738975235,0.0592246738975235,0.0580511049145327
161.44719403208,0,-0.16863791424748,0,161.44719403208,-0.16863791424748,-0.16863791424748,-0.16863791424748,0.0430774991310983
10.8384906759069,0,-0.00221059163205814,0,10.8384906759069,-0.00221059163205814,-0.00221059163205814,-0.00221059163205814,0.0251376149245104
7.87691324476292,0,-0.0704972430897311,0,7.87691324476292,-0.0704972430897311,-0.0704972430897311,-0.0704972430897311,0.0322283121382998
14.6925462604222,0,-0.00458452472707301,0,14.6925462604222,-0.00458452472707301,-0.00458452472707301,-0.00458452472707301,0.0444254697733256
12.6985002447189,0,0.0156151615690587,0,12.6985002447189,0.0156151615690587,0.0156151615690587,0.0156151615690587,0.0344296478282526
14.3972634987083,0,-0.0237118006498921,0,14.3972634987083,-0.0237118006498921,-0.0237118006498921,-0.0237118006498921,0.0295064854269103
14.1514365378187,0,-0.0107350800784212,0,14.1514365378187,-0.0107350800784212,-0.0107350800784212,-0.0107350800784212,0.0554744268805768
27.9381463268887,0,-0.0196646199066465,0,27.9381463268887,-0.0196646199066465,-0.0196646199066465,-0.0196646199066465,0.0266030945529787
24.4728765020316,0,-0.0883766236254439,0,24.4728765020316,-0.0883766236254439,-0.0883766236254439,-0.0883766236254439,0.0473406670453721
13.4368696617468,0,0.0535402362440232,0,13.4368696617468,0.0535402362440232,0.0535402362440232,0.0535402362440232,0.0282079903838013
7.48402930279067,0,0.00968988201586394,0,7.48402930279067,0.00968988201586394,0.00968988201586394,0.00968988201586394,0.0686754083472401
25.9320346135502,0,-0.0232712391594247,0,25.9320346135502,-0.0232712391594247,-0.0232712391594247,-0.0232712391594247,0.0300519735078187
NA,NA,NA,NA,NA,NA,NA,NA,NA
3.48138260502119,0,-0.0431716232209931,0,3.48138260502119,-0.0431716232209931,-0.0431716232209931,-0.0431716232209931,0.0321818721032191
5.59197431763262,0,-0.0578220526680145,0,5.59197431763262,-0.0578220526680145,-0.0578220526680145,-0.0578220526680145,0.0290843221745671
7.10118523761685,0,-0.0285278978712163,0,7.10118523761685,-0.0285278978712163,-0.0285278978712163,-0.0285278978712163,0.0595492352872805
8.39406695268219,0,0.0167837864563465,0,8.39406695268219,0.0167837864563465,0.0167837864563465,0.0167837864563465,0.0322473662392579
6.68163411954067,0,0.0399525800720857,0,6.68163411954067,0.0399525800720857,0.0399525800720857,0.0399525800720857,0.0632642521725607
10.9419857642508,0,-0.0876235523401562,0,10.9419857642508,-0.0876235523401562,-0.0876235523401562,-0.0876235523401562,0.0336377588977628
9.567453602661,0,-0.0130573193727359,0,9.567453602661,-0.0130573193727359,-0.0130573193727359,-0.0130573193727359,0.0264340771076804
9.56764954052794,0,-0.00578932875863998,0,9.56764954052794,-0.00578932875863998,-0.00578932875863998,-0.00578932875863998,0.0288617279537588
9.58796747981615,0,0.00725905880614161,0,9.58796747981615,0.00725905880614161,0.00725905880614161,0.00725905880614161,0.0422687684348916
12.9045618909384,0,-0.020800428050844,0,12.9045618909384,-0.020800428050844,-0.020800428050844,-0.020800428050844,0.00918914559220215
9.03381024943225,0,-0.0258591277728825,0,9.03381024943225,-0.0258591277728825,-0.0258591277728825,-0.0258591277728825,0.0210013285642308
7.292171244769,0,0.0214216184583366,0,7.292171244769,0.0214216184583366,0.0214216184583366,0.0214216184583366,0.00787016036700002
10.6567948708008,0,0.0203455428827325,0,10.6567948708008,0.0203455428827325,0.0203455428827325,0.0203455428827325,0.0367174068081082
15.83958844307,0,0.0399832495665445,0,15.83958844307,0.0399832495665445,0.0399832495665445,0.0399832495665445,0.0130470310288665
17.7014293147066,0,0.0234372077444364,0,17.7014293147066,0.0234372077444364,0.0234372077444364,0.0234372077444364,0.0323786122878216
14.7585414478692,0,-0.0143222744287462,0,14.7585414478692,-0.0143222744287462,-0.0143222744287462,-0.0143222744287462,0.0637816832942033
13.5036026382197,0,0.0260526179813793,0,13.5036026382197,0.0260526179813793,0.0260526179813793,0.0260526179813793,0.0175137052055195
13.9836050997556,0,-0.0596374353307077,0,13.9836050997556,-0.0596374353307077,-0.0596374353307077,-0.0596374353307077,0.0260159424457815
11.3110693140974,0,0.00982781565554414,0,11.3110693140974,0.00982781565554414,0.00982781565554414,0.00982781565554414,0.0152975413868066
16.5519463473715,0,-0.0850116784148187,0,16.5519463473715,-0.0850116784148187,-0.0850116784148187,-0.0850116784148187,0.0449328569998866
12.3671082351961,0,0.0210231372322994,0,12.3671082351961,0.0210231372322994,0.0210231372322994,0.0210231372322994,0.0160828742749283
12.3654554745313,0,-0.0686880413546458,0,12.3654554745313,-0.0686880413546458,-0.0686880413546458,-0.0686880413546458,0.0513325050706189
19.2556223171704,0,0.0285945738844167,0,19.2556223171704,0.0285945738844167,0.0285945738844167,0.0285945738844167,0.0139726523520546
34.7312424253189,0,0.00360906084633839,0,34.7312424253189,0.00360906084633839,0.00360906084633839,0.00360906084633839,0.017575833019559
54.7209102152747,0,0.0196726221291343,0,54.7209102152747,0.0196726221291343,0.0196726221291343,0.0196726221291343,0.0109274670854921
6.15335383446594,0,0.00868907833362001,0,6.15335383446594,0.00868907833362001,0.00868907833362001,0.00868907833362001,0.148956660150613
8.22166390729103,0,0.0200227074138689,0,8.22166390729103,0.0200227074138689,0.0200227074138689,0.0200227074138689,0.0889316774406693
6.56936523894705,0,-0.0184803687031215,0,6.56936523894705,-0.0184803687031215,-0.0184803687031215,-0.0184803687031215,0.0397871786329299
7.36539602284415,0,-0.0247872150245361,0,7.36539602284415,-0.0247872150245361,-0.0247872150245361,-0.0247872150245361,0.114121672795408
9.34902839864339,0,-0.0319037471830898,0,9.34902839864339,-0.0319037471830898,-0.0319037471830898,-0.0319037471830898,0.0353702402159913
12.5616640281909,0,0.00441577973083164,0,12.5616640281909,0.00441577973083164,0.00441577973083164,0.00441577973083164,0.0138459086615911
10.5411867057519,0,-0.0885790708954701,0,10.5411867057519,-0.0885790708954701,-0.0885790708954701,-0.0885790708954701,0.0320565633703811
10.8363107906744,0,-0.028098390818107,0,10.8363107906744,-0.028098390818107,-0.028098390818107,-0.028098390818107,0.071926050301895
7.60971237336999,0,0.0425196941211018,0,7.60971237336999,0.0425196941211018,0.0425196941211018,0.0425196941211018,0.0675431227803087
7.13153216147587,0,-0.0477446268787778,0,7.13153216147587,-0.0477446268787778,-0.0477446268787778,-0.0477446268787778,0.0691602399134146
11.3171115233183,0,-0.0301299566297987,0,11.3171115233183,-0.0301299566297987,-0.0301299566297987,-0.0301299566297987,0.0549217163119364
12.491172371433,0,0.00616174807970621,0,12.491172371433,0.00616174807970621,0.00616174807970621,0.00616174807970621,0.0405245193389735
17.7574754531964,0,-0.0364542682670167,0,17.7574754531964,-0.0364542682670167,-0.0364542682670167,-0.0364542682670167,0.0437339114285826
23.3384346785706,0,0.0173424537425691,0,23.3384346785706,0.0173424537425691,0.0173424537425691,0.0173424537425691,0.0189266195413323
31.0786588545351,0,-0.104141192155505,0,31.0786588545351,-0.104141192155505,-0.104141192155505,-0.104141192155505,0.0562787835549554
16.8846431378076,0,0.0592246738975235,0,16.8846431378076,0.0592246738975235,0.0592246738975235,0.0592246738975235,0.0580511049145327
161.44719403208,0,-0.16863791424748,0,161.44719403208,-0.16863791424748,-0.16863791424748,-0.16863791424748,0.0430774991310983
10.8384906759069,0,-0.00221059163205814,0,10.8384906759069,-0.00221059163205814,-0.00221059163205814,-0.00221059163205814,0.0251376149245104
7.87691324476292,0,-0.0704972430897311,0,7.87691324476292,-0.0704972430897311,-0.0704972430897311,-0.0704972430897311,0.0322283121382998
14.6925462604222,0,-0.00458452472707301,0,14.6925462604222,-0.00458452472707301,-0.00458452472707301,-0.00458452472707301,0.0444254697733256
12.6985002447189,0,0.0156151615690587,0,12.6985002447189,0.0156151615690587,0.0156151615690587,0.0156151615690587,0.0344296478282526
14.3972634987083,0,-0.0237118006498921,0,14.3972634987083,-0.0237118006498921,-0.0237118006498921,-0.0237118006498921,0.0295064854269103
14.1514365378187,0,-0.0107350800784212,0,14.1514365378187,-0.0107350800784212,-0.0107350800784212,-0.0107350800784212,0.0554744268805768
27.9381463268887,0,-0.0196646199066465,0,27.9381463268887,-0.0196646199066465,-0.0196646199066465,-0.0196646199066465,0.0266030945529787
24.4728765020316,0,-0.0883766236254439,0,24.4728765020316,-0.0883766236254439,-0.0883766236254439,-0.0883766236254439,0.0473406670453721
13.4368696617468,0,0.0535402362440232,0,13.4368696617468,0.0535402362440232,0.0535402362440232,0.0535402362440232,0.0282079903838013
7.48402930279067,0,0.00968988201586394,0,7.48402930279067,0.00968988201586394,0.00968988201586394,0.00968988201586394,0.0686754083472401
25.9320346135502,0,-0.0232712391594247,0,25.9320346135502,-0.0232712391594247,-0.0232712391594247,-0.0232712391594247,0.0300519735078187
NA,NA,NA,NA,NA,NA,NA,NA,NA
12.0144898669671,0,-0.0304643580877798,0,12.0144898669671,-0.0304643580877798,-0.0304643580877798,-0.0304643580877798,0.0246585875375876
5.59197431763262,0,-0.0578220526680145,0,5.59197431763262,-0.0578220526680145,-0.0578220526680145,-0.0578220526680145,0.0290843221745671
7.10118523761685,0,-0.0285278978712163,0,7.10118523761685,-0.0285278978712163,-0.0285278978712163,-0.0285278978712163,0.0595492352872805
8.39406695268219,0,0.0167837864563465,0,8.39406695268219,0.0167837864563465,0.0167837864563465,0.0167837864563465,0.0322473662392579
6.68163411954067,0,0.0399525800720857,0,6.68163411954067,0.0399525800720857,0.0399525800720857,0.0399525800720857,0.0632642521725607
10.9419857642508,0,-0.0876235523401562,0,10.9419857642508,-0.0876235523401562,-0.0876235523401562,-0.0876235523401562,0.0336377588977628
9.567453602661,0,-0.0130573193727359,0,9.567453602661,-0.0130573193727359,-0.0130573193727359,-0.0130573193727359,0.0264340771076804
9.56764954052794,0,-0.00578932875863998,0,9.56764954052794,-0.00578932875863998,-0.00578932875863998,-0.00578932875863998,0.0288617279537588
9.58796747981615,0,0.00725905880614161,0,9.58796747981615,0.00725905880614161,0.00725905880614161,0.00725905880614161,0.0422687684348916
12.9045618909384,0,-0.020800428050844,0,12.9045618909384,-0.020800428050844,-0.020800428050844,-0.020800428050844,0.00918914559220215
9.03381024943225,0,-0.0258591277728825,0,9.03381024943225,-0.0258591277728825,-0.0258591277728825,-0.0258591277728825,0.0210013285642308
7.292171244769,0,0.0214216184583366,0,7.292171244769,0.0214216184583366,0.0214216184583366,0.0214216184583366,0.00787016036700002
10.6567948708008,0,0.0203455428827325,0,10.6567948708008,0.0203455428827325,0.0203455428827325,0.0203455428827325,0.0367174068081082
15.83958844307,0,0.0399832495665445,0,15.83958844307,0.0399832495665445,0.0399832495665445,0.0399832495665445,0.0130470310288665
17.7014293147066,0,0.0234372077444364,0,17.7014293147066,0.0234372077444364,0.0234372077444364,0.0234372077444364,0.0323786122878216
14.7585414478692,0,-0.0143222744287462,0,14.7585414478692,-0.0143222744287462,-0.0143222744287462,-0.0143222744287462,0.0637816832942033
13.5036026382197,0,0.0260526179813793,0,13.5036026382197,0.0260526179813793,0.0260526179813793,0.0260526179813793,0.0175137052055195
13.9836050997556,0,-0.0596374353307077,0,13.9836050997556,-0.0596374353307077,-0.0596374353307077,-0.0596374353307077,0.0260159424457815
11.3110693140974,0,0.00982781565554414,0,11.3110693140974,0.00982781565554414,0.00982781565554414,0.00982781565554414,0.0152975413868066
16.5519463473715,0,-0.0850116784148187,0,16.5519463473715,-0.0850116784148187,-0.0850116784148187,-0.0850116784148187,0.0449328569998866
12.3671082351961,0,0.0210231372322994,0,12.3671082351961,0.0210231372322994,0.0210231372322994,0.0210231372322994,0.0160828742749283
12.3654554745313,0,-0.0686880413546458,0,12.3654554745313,-0.0686880413546458,-0.0686880413546458,-0.0686880413546458,0.0513325050706189
19.2556223171704,0,0.0285945738844167,0,19.2556223171704,0.0285945738844167,0.0285945738844167,0.0285945738844167,0.0139726523520546
34.7312424253189,0,0.00360906084633839,0,34.7312424253189,0.00360906084633839,0.00360906084633839,0.00360906084633839,0.017575833019559
54.7209102152747,0,0.0196726221291343,0,54.7209102152747,0.0196726221291343,0.0196726221291343,0.0196726221291343,0.0109274670854921
6.15335383446594,0,0.00868907833362001,0,6.15335383446594,0.00868907833362001,0.00868907833362001,0.00868907833362001,0.148956660150613
8.22166390729103,0,0.0200227074138689,0,8.22166390729103,0.0200227074138689,0.0200227074138689,0.0200227074138689,0.0889316774406693
6.56936523894705,0,-0.0184803687031215,0,6.56936523894705,-0.0184803687031215,-0.0184803687031215,-0.0184803687031215,0.0397871786329299
7.36539602284415,0,-0.0247872150245361,0,7.36539602284415,-0.0247872150245361,-0.0247872150245361,-0.0247872150245361,0.114121672795408
9.34902839864339,0,-0.0319037471830898,0,9.34902839864339,-0.0319037471830898,-0.0319037471830898,-0.0319037471830898,0.0353702402159913
12.5616640281909,0,0.00441577973083164,0,12.5616640281909,0.00441577973083164,0.00441577973083164,0.00441577973083164,0.0138459086615911
10.5411867057519,0,-0.0885790708954701,0,10.5411867057519,-0.0885790708954701,-0.0885790708954701,-0.0885790708954701,0.0320565633703811
10.8363107906744,0,-0.028098390818107,0,10.8363107906744,-0.028098390818107,-0.028098390818107,-0.028098390818107,0.071926050301895
7.60971237336999,0,0.0425196941211018,0,7.60971237336999,0.0425196941211018,0.0425196941211018,0.0425196941211018,0.0675431227803087
7.13153216147587,0,-0.0477446268787778,0,7.13153216147587,-0.0477446268787778,-0.0477446268787778,-0.0477446268787778,0.0691602399134146
11.3171115233183,0,-0.0301299566297987,0,11.3171115233183,-0.0301299566297987,-0.0301299566297987,-0.0301299566297987,0.0549217163119364
12.491172371433,0,0.00616174807970621,0,12.491172371433,0.00616174807970621,0.00616174807970621,0.00616174807970621,0.0405245193389735
17.7574754531964,0,-0.0364542682670167,0,17.7574754531964,-0.0364542682670167,-0.0364542682670167,-0.0364542682670167,0.0437339114285826
23.3384346785706,0,0.0173424537425691,0,23.3384346785706,0.0173424537425691,0.0173424537425691,0.0173424537425691,0.0189266195413323
31.0786588545351,0,-0.104141192155505,0,31.0786588545351,-0.104141192155505,-0.104141192155505,-0.104141192155505,0.0562787835549554
16.8846431378076,0,0.0592246738975235,0,16.8846431378076,0.0592246738975235,0.0592246738975235,0.0592246738975235,0.0580511049145327
161.44719403208,0,-0.16863791424748,0,161.44719403208,-0.16863791424748,-0.16863791424748,-0.16863791424748,0.0430774991310983
10.8384906759069,0,-0.00221059163205814,0,10.8384906759069,-0.00221059163205814,-0.00221059163205814,-0.00221059163205814,0.0251376149245104
7.87691324476292,0,-0.0704972430897311,0,7.87691324476292,-0.0704972430897311,-0.0704972430897311,-0.0704972430897311,0.0322283121382998
14.6925462604222,0,-0.00458452472707301,0,14.6925462604222,-0.00458452472707301,-0.00458452472707301,-0.00458452472707301,0.0444254697733256
12.6985002447189,0,0.0156151615690587,0,12.6985002447189,0.0156151615690587,0.0156151615690587,0.0156151615690587,0.0344296478282526
14.3972634987083,0,-0.0237118006498921,0,14.3972634987083,-0.0237118006498921,-0.0237118006498921,-0.0237118006498921,0.0295064854269103
14.1514365378187,0,-0.0107350800784212,0,14.1514365378187,-0.0107350800784212,-0.0107350800784212,-0.0107350800784212,0.0554744268805768
27.9381463268887,0,-0.0196646199066465,0,27.9381463268887,-0.0196646199066465,-0.0196646199066465,-0.0196646199066465,0.0266030945529787
24.4728765020316,0,-0.0883766236254439,0,24.4728765020316,-0.0883766236254439,-0.0883766236254439,-0.0883766236254439,0.0473406670453721
13.4368696617468,0,0.0535402362440232,0,13.4368696617468,0.0535402362440232,0.0535402362440232,0.0535402362440232,0.0282079903838013
7.48402930279067,0,0.00968988201586394,0,7.48402930279067,0.00968988201586394,0.00968988201586394,0.00968988201586394,0.0686754083472401
25.9320346135502,0,-0.0232712391594247,0,25.9320346135502,-0.0232712391594247,-0.0232712391594247,-0.0232712391594247,0.0300519735078187
NA,NA,NA,NA,NA,NA,NA,NA,NA
12.0144898669671,0,-0.0304643580877798,0,12.0144898669671,-0.0304643580877798,-0.0304643580877798,-0.0304643580877798,0.0246585875375876
5.59197431763262,0,-0.0578220526680145,0,5.59197431763262,-0.0578220526680145,-0.0578220526680145,-0.0578220526680145,0.0290843221745671
7.10118523761685,0,-0.0285278978712163,0,7.10118523761685,-0.0285278978712163,-0.0285278978712163,-0.0285278978712163,0.0595492352872805
8.39406695268219,0,0.0167837864563465,0,8.39406695268219,0.0167837864563465,0.0167837864563465,0.0167837864563465,0.0322473662392579
6.68163411954067,0,0.0399525800720857,0,6.68163411954067,0.0399525800720857,0.0399525800720857,0.0399525800720857,0.0632642521725607
10.9419857642508,0,-0.0876235523401562,0,10.9419857642508,-0.0876235523401562,-0.0876235523401562,-0.0876235523401562,0.0336377588977628
9.567453602661,0,-0.0130573193727359,0,9.567453602661,-0.0130573193727359,-0.0130573193727359,-0.0130573193727359,0.0264340771076804
9.56764954052794,0,-0.00578932875863998,0,9.56764954052794,-0.00578932875863998,-0.00578932875863998,-0.00578932875863998,0.0288617279537588
9.58796747981615,0,0.00725905880614161,0,9.58796747981615,0.00725905880614161,0.00725905880614161,0.00725905880614161,0.0422687684348916
12.9045618909384,0,-0.020800428050844,0,12.9045618909384,-0.020800428050844,-0.020800428050844,-0.020800428050844,0.00918914559220215
9.03381024943225,0,-0.0258591277728825,0,9.03381024943225,-0.0258591277728825,-0.0258591277728825,-0.0258591277728825,0.0210013285642308
7.292171244769,0,0.0214216184583366,0,7.292171244769,0.0214216184583366,0.0214216184583366,0.0214216184583366,0.00787016036700002
10.6567948708008,0,0.0203455428827325,0,10.6567948708008,0.0203455428827325,0.0203455428827325,0.0203455428827325,0.0367174068081082
15.83958844307,0,0.0399832495665445,0,15.83958844307,0.0399832495665445,0.0399832495665445,0.0399832495665445,0.0130470310288665
17.7014293147066,0,0.0234372077444364,0,17.7014293147066,0.0234372077444364,0.0234372077444364,0.0234372077444364,0.0323786122878216
14.7585414478692,0,-0.0143222744287462,0,14.7585414478692,-0.0143222744287462,-0.0143222744287462,-0.0143222744287462,0.0637816832942033
13.5036026382197,0,0.0260526179813793,0,13.5036026382197,0.0260526179813793,0.0260526179813793,0.0260526179813793,0.0175137052055195
13.9836050997556,0,-0.0596374353307077,0,13.9836050997556,-0.0596374353307077,-0.0596374353307077,-0.0596374353307077,0.0260159424457815
11.3110693140974,0,0.00982781565554414,0,11.3110693140974,0.00982781565554414,0.00982781565554414,0.00982781565554414,0.0152975413868066
16.5519463473715,0,-0.0850116784148187,0,16.5519463473715,-0.0850116784148187,-0.0850116784148187,-0.0850116784148187,0.0449328569998866
12.3671082351961,0,0.0210231372322994,0,12.3671082351961,0.0210231372322994,0.0210231372322994,0.0210231372322994,0.0160828742749283
12.3654554745313,0,-0.0686880413546458,0,12.3654554745313,-0.0686880413546458,-0.0686880413546458,-0.0686880413546458,0.0513325050706189
19.2556223171704,0,0.0285945738844167,0,19.2556223171704,0.0285945738844167,0.0285945738844167,0.0285945738844167,0.0139726523520546
34.7312424253189,0,0.00360906084633839,0,34.7312424253189,0.00360906084633839,0.00360906084633839,0.00360906084633839,0.017575833019559
54.7209102152747,0,0.0196726221291343,0,54.7209102152747,0.0196726221291343,0.0196726221291343,0.0196726221291343,0.0109274670854921
6.15335383446594,0,0.00868907833362001,0,6.15335383446594,0.00868907833362001,0.00868907833362001,0.00868907833362001,0.148956660150613
8.22166390729103,0,0.0200227074138689,0,8.22166390729103,0.0200227074138689,0.0200227074138689,0.0200227074138689,0.0889316774406693
6.56936523894705,0,-0.0184803687031215,0,6.56936523894705,-0.0184803687031215,-0.0184803687031215,-0.0184803687031215,0.0397871786329299
7.36539602284415,0,-0.0247872150245361,0,7.36539602284415,-0.0247872150245361,-0.0247872150245361,-0.0247872150245361,0.114121672795408
9.34902839864339,0,-0.0319037471830898,0,9.34902839864339,-0.0319037471830898,-0.0319037471830898,-0.0319037471830898,0.0353702402159913
12.5616640281909,0,0.00441577973083164,0,12.5616640281909,0.00441577973083164,0.00441577973083164,0.00441577973083164,0.0138459086615911
10.5411867057519,0,-0.0885790708954701,0,10.5411867057519,-0.0885790708954701,-0.0885790708954701,-0.0885790708954701,0.0320565633703811
10.8363107906744,0,-0.028098390818107,0,10.8363107906744,-0.028098390818107,-0.028098390818107,-0.028098390818107,0.071926050301895
7.60971237336999,0,0.0425196941211018,0,7.60971237336999,0.0425196941211018,0.0425196941211018,0.0425196941211018,0.0675431227803087
7.13153216147587,0,-0.0477446268787778,0,7.13153216147587,-0.0477446268787778,-0.0477446268787778,-0.0477446268787778,0.0691602399134146
11.3171115233183,0,-0.0301299566297987,0,11.3171115233183,-0.0301299566297987,-0.0301299566297987,-0.0301299566297987,0.0549217163119364
12.491172371433,0,0.00616174807970621,0,12.491172371433,0.00616174807970621,0.00616174807970621,0.00616174807970621,0.0405245193389735
17.7574754531964,0,-0.0364542682670167,0,17.7574754531964,-0.0364542682670167,-0.0364542682670167,-0.0364542682670167,0.0437339114285826
23.3384346785706,0,0.0173424537425691,0,23.3384346785706,0.0173424537425691,0.0173424537425691,0.0173424537425691,0.0189266195413323
31.0786588545351,0,-0.104141192155505,0,31.0786588545351,-0.104141192155505,-0.104141192155505,-0.104141192155505,0.0562787835549554
16.8846431378076,0,0.0592246738975235,0,16.8846431378076,0.0592246738975235,0.0592246738975235,0.0592246738975235,0.0580511049145327
161.44719403208,0,-0.16863791424748,0,161.44719403208,-0.16863791424748,-0.16863791424748,-0.16863791424748,0.0430774991310983
10.8384906759069,0,-0.00221059163205814,0,10.8384906759069,-0.00221059163205814,-0.00221059163205814,-0.00221059163205814,0.0251376149245104
7.87691324476292,0,-0.0704972430897311,0,7.87691324476292,-0.0704972430897311,-0.0704972430897311,-0.0704972430897311,0.0322283121382998
14.6925462604222,0,-0.00458452472707301,0,14.6925462604222,-0.00458452472707301,-0.00458452472707301,-0.00458452472707301,0.0444254697733256
12.6985002447189,0,0.0156151615690587,0,12.6985002447189,0.0156151615690587,0.0156151615690587,0.0156151615690587,0.0344296478282526
14.3972634987083,0,-0.0237118006498921,0,14.3972634987083,-0.0237118006498921,-0.0237118006498921,-0.0237118006498921,0.0295064854269103
14.1514365378187,0,-0.0107350800784212,0,14.1514365378187,-0.0107350800784212,-0.0107350800784212,-0.0107350800784212,0.0554744268805768
27.9381463268887,0,-0.0196646199066465,0,27.9381463268887,-0.0196646199066465,-0.0196646199066465,-0.0196646199066465,0.0266030945529787
24.4728765020316,0,-0.0883766236254439,0,24.4728765020316,-0.0883766236254439,-0.0883766236254439,-0.0883766236254439,0.0473406670453721
13.4368696617468,0,0.0535402362440232,0,13.4368696617468,0.0535402362440232,0.0535402362440232,0.0535402362440232,0.0282079903838013
7.48402930279067,0,0.00968988201586394,0,7.48402930279067,0.00968988201586394,0.00968988201586394,0.00968988201586394,0.0686754083472401
25.9320346135502,0,-0.0232712391594247,0,25.9320346135502,-0.0232712391594247,-0.0232712391594247,-0.0232712391594247,0.0300519735078187
NA,NA,NA,NA,NA,NA,NA,NA,NA
12.0144898669671,0,-0.0304643580877798,0,12.0144898669671,-0.0304643580877798,-0.0304643580877798,-0.0304643580877798,0.0246585875375876
5.59197431763262,0,-0.0578220526680145,0,5.59197431763262,-0.0578220526680145,-0.0578220526680145,-0.0578220526680145,0.0290843221745671
7.10118523761685,0,-0.0285278978712163,0,7.10118523761685,-0.0285278978712163,-0.0285278978712163,-0.0285278978712163,0.0595492352872805
8.39406695268219,0,0.0167837864563465,0,8.39406695268219,0.0167837864563465,0.0167837864563465,0.0167837864563465,0.0322473662392579
6.68163411954067,0,0.0399525800720857,0,6.68163411954067,0.0399525800720857,0.0399525800720857,0.0399525800720857,0.0632642521725607
10.9419857642508,0,-0.0876235523401562,0,10.9419857642508,-0.0876235523401562,-0.0876235523401562,-0.0876235523401562,0.0336377588977628
9.567453602661,0,-0.0130573193727359,0,9.567453602661,-0.0130573193727359,-0.0130573193727359,-0.0130573193727359,0.0264340771076804
9.56764954052794,0,-0.00578932875863998,0,9.56764954052794,-0.00578932875863998,-0.00578932875863998,-0.00578932875863998,0.0288617279537588
9.58796747981615,0,0.00725905880614161,0,9.58796747981615,0.00725905880614161,0.00725905880614161,0.00725905880614161,0.0422687684348916
12.9045618909384,0,-0.020800428050844,0,12.9045618909384,-0.020800428050844,-0.020800428050844,-0.020800428050844,0.00918914559220215
9.03381024943225,0,-0.0258591277728825,0,9.03381024943225,-0.0258591277728825,-0.0258591277728825,-0.0258591277728825,0.0210013285642308
7.292171244769,0,0.0214216184583366,0,7.292171244769,0.0214216184583366,0.0214216184583366,0.0214216184583366,0.00787016036700002
10.6567948708008,0,0.0203455428827325,0,10.6567948708008,0.0203455428827325,0.0203455428827325,0.0203455428827325,0.0367174068081082
15.83958844307,0,0.0399832495665445,0,15.83958844307,0.0399832495665445,0.0399832495665445,0.0399832495665445,0.0130470310288665
17.7014293147066,0,0.0234372077444364,0,17.7014293147066,0.0234372077444364,0.0234372077444364,0.0234372077444364,0.0323786122878216
14.7585414478692,0,-0.0143222744287462,0,14.7585414478692,-0.0143222744287462,-0.0143222744287462,-0.0143222744287462,0.0637816832942033
13.5036026382197,0,0.0260526179813793,0,13.5036026382197,0.0260526179813793,0.0260526179813793,0.0260526179813793,0.0175137052055195
13.9836050997556,0,-0.0596374353307077,0,13.9836050997556,-0.0596374353307077,-0.0596374353307077,-0.0596374353307077,0.0260159424457815
11.3110693140974,0,0.00982781565554414,0,11.3110693140974,0.00982781565554414,0.00982781565554414,0.00982781565554414,0.0152975413868066
16.5519463473715,0,-0.0850116784148187,0,16.5519463473715,-0.0850116784148187,-0.0850116784148187,-0.0850116784148187,0.0449328569998866
12.3671082351961,0,0.0210231372322994,0,12.3671082351961,0.0210231372322994,0.0210231372322994,0.0210231372322994,0.0160828742749283
12.3654554745313,0,-0.0686880413546458,0,12.3654554745313,-0.0686880413546458,-0.0686880413546458,-0.0686880413546458,0.0513325050706189
19.2556223171704,0,0.0285945738844167,0,19.2556223171704,0.0285945738844167,0.0285945738844167,0.0285945738844167,0.0139726523520546
34.7312424253189,0,0.00360906084633839,0,34.7312424253189,0.00360906084633839,0.00360906084633839,0.00360906084633839,0.017575833019559
54.7209102152747,0,0.0196726221291343,0,54.7209102152747,0.0196726221291343,0.0196726221291343,0.0196726221291343,0.0109274670854921
6.15335383446594,0,0.00868907833362001,0,6.15335383446594,0.00868907833362001,0.00868907833362001,0.00868907833362001,0.148956660150613
8.22166390729103,0,0.0200227074138689,0,8.22166390729103,0.0200227074138689,0.0200227074138689,0.0200227074138689,0.0889316774406693
6.56936523894705,0,-0.0184803687031215,0,6.56936523894705,-0.0184803687031215,-0.0184803687031215,-0.0184803687031215,0.0397871786329299
7.36539602284415,0,-0.0247872150245361,0,7.36539602284415,-0.0247872150245361,-0.0247872150245361,-0.0247872150245361,0.114121672795408
9.34902839864339,0,-0.0319037471830898,0,9.34902839864339,-0.0319037471830898,-0.0319037471830898,-0.0319037471830898,0.0353702402159913
12.5616640281909,0,0.00441577973083164,0,12.5616640281909,0.00441577973083164,0.00441577973083164,0.00441577973083164,0.0138459086615911
10.5411867057519,0,-0.0885790708954701,0,10.5411867057519,-0.0885790708954701,-0.0885790708954701,-0.0885790708954701,0.0320565633703811
10.8363107906744,0,-0.028098390818107,0,10.8363107906744,-0.028098390818107,-0.028098390818107,-0.028098390818107,0.071926050301895
7.60971237336999,0,0.0425196941211018,0,7.60971237336999,0.0425196941211018,0.0425196941211018,0.0425196941211018,0.0675431227803087
7.13153216147587,0,-0.0477446268787778,0,7.13153216147587,-0.0477446268787778,-0.0477446268787778,-0.0477446268787778,0.0691602399134146
11.3171115233183,0,-0.0301299566297987,0,11.3171115233183,-0.0301299566297987,-0.0301299566297987,-0.0301299566297987,0.0549217163119364
12.491172371433,0,0.00616174807970621,0,12.491172371433,0.00616174807970621,0.00616174807970621,0.00616174807970621,0.0405245193389735
17.7574754531964,0,-0.0364542682670167,0,17.7574754531964,-0.0364542682670167,-0.0364542682670167,-0.0364542682670167,0.0437339114285826
23.3384346785706,0,0.0173424537425691,0,23.3384346785706,0.0173424537425691,0.0173424537425691,0.0173424537425691,0.0189266195413323
31.0786588545351,0,-0.104141192155505,0,31.0786588545351,-0.104141192155505,-0.104141192155505,-0.104141192155505,0.0562787835549554
16.8846431378076,0,0.0592246738975235,0,16.8846431378076,0.0592246738975235,0.0592246738975235,0.0592246738975235,0.0580511049145327
161.44719403208,0,-0.16863791424748,0,161.44719403208,-0.16863791424748,-0.16863791424748,-0.16863791424748,0.0430774991310983
10.8384906759069,0,-0.00221059163205814,0,10.8384906759069,-0.00221059163205814,-0.00221059163205814,-0.00221059163205814,0.0251376149245104
7.87691324476292,0,-0.0704972430897311,0,7.87691324476292,-0.0704972430897311,-0.0704972430897311,-0.0704972430897311,0.0322283121382998
14.6925462604222,0,-0.00458452472707301,0,14.6925462604222,-0.00458452472707301,-0.00458452472707301,-0.00458452472707301,0.0444254697733256
12.6985002447189,0,0.0156151615690587,0,12.6985002447189,0.0156151615690587,0.0156151615690587,0.0156151615690587,0.0344296478282526
14.3972634987083,0,-0.0237118006498921,0,14.3972634987083,-0.0237118006498921,-0.0237118006498921,-0.0237118006498921,0.0295064854269103
14.1514365378187,0,-0.0107350800784212,0,14.1514365378187,-0.0107350800784212,-0.0107350800784212,-0.0107350800784212,0.0554744268805768
27.9381463268887,0,-0.0196646199066465,0,27.9381463268887,-0.0196646199066465,-0.0196646199066465,-0.0196646199066465,0.0266030945529787
24.4728765020316,0,-0.0883766236254439,0,24.4728765020316,-0.0883766236254439,-0.0883766236254439,-0.0883766236254439,0.0473406670453721
13.4368696617468,0,0.0535402362440232,0,13.4368696617468,0.0535402362440232,0.0535402362440232,0.0535402362440232,0.0282079903838013
7.48402930279067,0,0.00968988201586394,0,7.48402930279067,0.00968988201586394,0.00968988201586394,0.00968988201586394,0.0686754083472401
25.9320346135502,0,-0.0232712391594247,0,25.9320346135502,-0.0232712391594247,-0.0232712391594247,-0.0232712391594247,0.0300519735078187
NA,NA,NA,NA,NA,NA,NA,NA,NA
12.0144898669671,0,-0.0304643580877798,0,12.0144898669671,-0.0304643580877798,-0.0304643580877798,-0.0304643580877798,0.0246585875375876
5.59197431763262,0,-0.0578220526680145,0,5.59197431763262,-0.0578220526680145,-0.0578220526680145,-0.0578220526680145,0.0290843221745671
7.10118523761685,0,-0.0285278978712163,0,7.10118523761685,-0.0285278978712163,-0.0285278978712163,-0.0285278978712163,0.0595492352872805
8.39406695268219,0,0.0167837864563465,0,8.39406695268219,0.0167837864563465,0.0167837864563465,0.0167837864563465,0.0322473662392579
6.68163411954067,0,0.0399525800720857,0,6.68163411954067,0.0399525800720857,0.0399525800720857,0.0399525800720857,0.0632642521725607
10.9419857642508,0,-0.0876235523401562,0,10.9419857642508,-0.0876235523401562,-0.0876235523401562,-0.0876235523401562,0.0336377588977628
9.567453602661,0,-0.0130573193727359,0,9.567453602661,-0.0130573193727359,-0.0130573193727359,-0.0130573193727359,0.0264340771076804
9.56764954052794,0,-0.00578932875863998,0,9.56764954052794,-0.00578932875863998,-0.00578932875863998,-0.00578932875863998,0.0288617279537588
9.58796747981615,0,0.00725905880614161,0,9.58796747981615,0.00725905880614161,0.00725905880614161,0.00725905880614161,0.0422687684348916
12.9045618909384,0,-0.020800428050844,0,12.9045618909384,-0.020800428050844,-0.020800428050844,-0.020800428050844,0.00918914559220215
9.03381024943225,0,-0.0258591277728825,0,9.03381024943225,-0.0258591277728825,-0.0258591277728825,-0.0258591277728825,0.0210013285642308
7.292171244769,0,0.0214216184583366,0,7.292171244769,0.0214216184583366,0.0214216184583366,0.0214216184583366,0.00787016036700002
10.6567948708008,0,0.0203455428827325,0,10.6567948708008,0.0203455428827325,0.0203455428827325,0.0203455428827325,0.0367174068081082
15.83958844307,0,0.0399832495665445,0,15.83958844307,0.0399832495665445,0.0399832495665445,0.0399832495665445,0.0130470310288665
17.7014293147066,0,0.0234372077444364,0,17.7014293147066,0.0234372077444364,0.0234372077444364,0.0234372077444364,0.0323786122878216
14.7585414478692,0,-0.0143222744287462,0,14.7585414478692,-0.0143222744287462,-0.0143222744287462,-0.0143222744287462,0.0637816832942033
13.5036026382197,0,0.0260526179813793,0,13.5036026382197,0.0260526179813793,0.0260526179813793,0.0260526179813793,0.0175137052055195
13.9836050997556,0,-0.0596374353307077,0,13.9836050997556,-0.0596374353307077,-0.0596374353307077,-0.0596374353307077,0.0260159424457815
11.3110693140974,0,0.00982781565554414,0,11.3110693140974,0.00982781565554414,0.00982781565554414,0.00982781565554414,0.0152975413868066
16.5519463473715,0,-0.0850116784148187,0,16.5519463473715,-0.0850116784148187,-0.0850116784148187,-0.0850116784148187,0.0449328569998866
12.3671082351961,0,0.0210231372322994,0,12.3671082351961,0.0210231372322994,0.0210231372322994,0.0210231372322994,0.0160828742749283
12.3654554745313,0,-0.0686880413546458,0,12.3654554745313,-0.0686880413546458,-0.0686880413546458,-0.0686880413546458,0.0513325050706189
19.2556223171704,0,0.0285945738844167,0,19.2556223171704,0.0285945738844167,0.0285945738844167,0.0285945738844167,0.0139726523520546
34.7312424253189,0,0.00360906084633839,0,34.7312424253189,0.00360906084633839,0.00360906084633839,0.00360906084633839,0.017575833019559
54.7209102152747,0,0.0196726221291343,0,54.7209102152747,0.0196726221291343,0.0196726221291343,0.0196726221291343,0.0109274670854921
6.15335383446594,0,0.00868907833362001,0,6.15335383446594,0.00868907833362001,0.00868907833362001,0.00868907833362001,0.148956660150613
8.22166390729103,0,0.0200227074138689,0,8.22166390729103,0.0200227074138689,0.0200227074138689,0.0200227074138689,0.0889316774406693
6.56936523894705,0,-0.0184803687031215,0,6.56936523894705,-0.0184803687031215,-0.0184803687031215,-0.0184803687031215,0.0397871786329299
7.36539602284415,0,-0.0247872150245361,0,7.36539602284415,-0.0247872150245361,-0.0247872150245361,-0.0247872150245361,0.114121672795408
9.34902839864339,0,-0.0319037471830898,0,9.34902839864339,-0.0319037471830898,-0.0319037471830898,-0.0319037471830898,0.0353702402159913
12.5616640281909,0,0.00441577973083164,0,12.5616640281909,0.00441577973083164,0.00441577973083164,0.00441577973083164,0.0138459086615911
10.5411867057519,0,-0.0885790708954701,0,10.5411867057519,-0.0885790708954701,-0.0885790708954701,-0.0885790708954701,0.0320565633703811
10.8363107906744,0,-0.028098390818107,0,10.8363107906744,-0.028098390818107,-0.028098390818107,-0.028098390818107,0.071926050301895
7.60971237336999,0,0.0425196941211018,0,7.60971237336999,0.0425196941211018,0.0425196941211018,0.0425196941211018,0.0675431227803087
7.13153216147587,0,-0.0477446268787778,0,7.13153216147587,-0.0477446268787778,-0.0477446268787778,-0.0477446268787778,0.0691602399134146
11.3171115233183,0,-0.0301299566297987,0,11.3171115233183,-0.0301299566297987,-0.0301299566297987,-0.0301299566297987,0.0549217163119364
12.491172371433,0,0.00616174807970621,0,12.491172371433,0.00616174807970621,0.00616174807970621,0.00616174807970621,0.0405245193389735
17.7574754531964,0,-0.0364542682670167,0,17.7574754531964,-0.0364542682670167,-0.0364542682670167,-0.0364542682670167,0.0437339114285826
23.3384346785706,0,0.0173424537425691,0,23.3384346785706,0.0173424537425691,0.0173424537425691,0.0173424537425691,0.0189266195413323
31.0786588545351,0,-0.104141192155505,0,31.0786588545351,-0.104141192155505,-0.104141192155505,-0.104141192155505,0.0562787835549554
16.8846431378076,0,0.0592246738975235,0,16.8846431378076,0.0592246738975235,0.0592246738975235,0.0592246738975235,0.0580511049145327
161.44719403208,0,-0.16863791424748,0,161.44719403208,-0.16863791424748,-0.16863791424748,-0.16863791424748,0.0430774991310983
10.8384906759069,0,-0.00221059163205814,0,10.8384906759069,-0.00221059163205814,-0.00221059163205814,-0.00221059163205814,0.0251376149245104
7.87691324476292,0,-0.0704972430897311,0,7.87691324476292,-0.0704972430897311,-0.0704972430897311,-0.0704972430897311,0.0322283121382998
14.6925462604222,0,-0.00458452472707301,0,14.6925462604222,-0.00458452472707301,-0.00458452472707301,-0.00458452472707301,0.0444254697733256
12.6985002447189,0,0.0156151615690587,0,12.6985002447189,0.0156151615690587,0.0156151615690587,0.0156151615690587,0.0344296478282526
14.3972634987083,0,-0.0237118006498921,0,14.3972634987083,-0.0237118006498921,-0.0237118006498921,-0.0237118006498921,0.0295064854269103
14.1514365378187,0,-0.0107350800784212,0,14.1514365378187,-0.0107350800784212,-0.0107350800784212,-0.0107350800784212,0.0554744268805768
27.9381463268887,0,-0.0196646199066465,0,27.9381463268887,-0.0196646199066465,-0.0196646199066465,-0.0196646199066465,0.0266030945529787
24.4728765020316,0,-0.0883766236254439,0,24.4728765020316,-0.0883766236254439,-0.0883766236254439,-0.0883766236254439,0.0473406670453721
13.4368696617468,0,0.0535402362440232,0,13.4368696617468,0.0535402362440232,0.0535402362440232,0.0535402362440232,0.0282079903838013
7.48402930279067,0,0.00968988201586394,0,7.48402930279067,0.00968988201586394,0.00968988201586394,0.00968988201586394,0.0686754083472401
25.9320346135502,0,-0.0232712391594247,0,25.9320346135502,-0.0232712391594247,-0.0232712391594247,-0.0232712391594247,0.0300519735078187
NA,NA,NA,NA,NA,NA,NA,NA,NA
12.0144898669671,0,-0.0304643580877798,0,12.0144898669671,-0.0304643580877798,-0.0304643580877798,-0.0304643580877798,0.0246585875375876
5.59197431763262,0,-0.0578220526680145,0,5.59197431763262,-0.0578220526680145,-0.0578220526680145,-0.0578220526680145,0.0290843221745671
7.10118523761685,0,-0.0285278978712163,0,7.10118523761685,-0.0285278978712163,-0.0285278978712163,-0.0285278978712163,0.0595492352872805
8.39406695268219,0,0.0167837864563465,0,8.39406695268219,0.0167837864563465,0.0167837864563465,0.0167837864563465,0.0322473662392579
6.68163411954067,0,0.0399525800720857,0,6.68163411954067,0.0399525800720857,0.0399525800720857,0.0399525800720857,0.0632642521725607
10.9419857642508,0,-0.0876235523401562,0,10.9419857642508,-0.0876235523401562,-0.0876235523401562,-0.0876235523401562,0.0336377588977628
9.567453602661,0,-0.0130573193727359,0,9.567453602661,-0.0130573193727359,-0.0130573193727359,-0.0130573193727359,0.0264340771076804
9.56764954052794,0,-0.00578932875863998,0,9.56764954052794,-0.00578932875863998,-0.00578932875863998,-0.00578932875863998,0.0288617279537588
9.58796747981615,0,0.00725905880614161,0,9.58796747981615,0.00725905880614161,0.00725905880614161,0.00725905880614161,0.0422687684348916
12.9045618909384,0,-0.020800428050844,0,12.9045618909384,-0.020800428050844,-0.020800428050844,-0.020800428050844,0.00918914559220215
9.03381024943225,0,-0.0258591277728825,0,9.03381024943225,-0.0258591277728825,-0.0258591277728825,-0.0258591277728825,0.0210013285642308
7.292171244769,0,0.0214216184583366,0,7.292171244769,0.0214216184583366,0.0214216184583366,0.0214216184583366,0.00787016036700002
10.6567948708008,0,0.0203455428827325,0,10.6567948708008,0.0203455428827325,0.0203455428827325,0.0203455428827325,0.0367174068081082
15.83958844307,0,0.0399832495665445,0,15.83958844307,0.0399832495665445,0.0399832495665445,0.0399832495665445,0.0130470310288665
17.7014293147066,0,0.0234372077444364,0,17.7014293147066,0.0234372077444364,0.0234372077444364,0.0234372077444364,0.0323786122878216
14.7585414478692,0,-0.0143222744287462,0,14.7585414478692,-0.0143222744287462,-0.0143222744287462,-0.0143222744287462,0.0637816832942033
13.5036026382197,0,0.0260526179813793,0,13.5036026382197,0.0260526179813793,0.0260526179813793,0.0260526179813793,0.0175137052055195
13.9836050997556,0,-0.0596374353307077,0,13.9836050997556,-0.0596374353307077,-0.0596374353307077,-0.0596374353307077,0.0260159424457815
11.3110693140974,0,0.00982781565554414,0,11.3110693140974,0.00982781565554414,0.00982781565554414,0.00982781565554414,0.0152975413868066
16.5519463473715,0,-0.0850116784148187,0,16.5519463473715,-0.0850116784148187,-0.0850116784148187,-0.0850116784148187,0.0449328569998866
12.3671082351961,0,0.0210231372322994,0,12.3671082351961,0.0210231372322994,0.0210231372322994,0.0210231372322994,0.0160828742749283
12.3654554745313,0,-0.0686880413546458,0,12.3654554745313,-0.0686880413546458,-0.0686880413546458,-0.0686880413546458,0.0513325050706189
19.2556223171704,0,0.0285945738844167,0,19.2556223171704,0.0285945738844167,0.0285945738844167,0.0285945738844167,0.0139726523520546
34.7312424253189,0,0.00360906084633839,0,34.7312424253189,0.00360906084633839,0.00360906084633839,0.00360906084633839,0.017575833019559
54.7209102152747,0,0.0196726221291343,0,54.7209102152747,0.0196726221291343,0.0196726221291343,0.0196726221291343,0.0109274670854921
6.15335383446594,0,0.00868907833362001,0,6.15335383446594,0.00868907833362001,0.00868907833362001,0.00868907833362001,0.148956660150613
8.22166390729103,0,0.0200227074138689,0,8.22166390729103,0.0200227074138689,0.0200227074138689,0.0200227074138689,0.0889316774406693
6.56936523894705,0,-0.0184803687031215,0,6.56936523894705,-0.0184803687031215,-0.0184803687031215,-0.0184803687031215,0.0397871786329299
7.36539602284415,0,-0.0247872150245361,0,7.36539602284415,-0.0247872150245361,-0.0247872150245361,-0.0247872150245361,0.114121672795408
9.34902839864339,0,-0.0319037471830898,0,9.34902839864339,-0.0319037471830898,-0.0319037471830898,-0.0319037471830898,0.0353702402159913
12.5616640281909,0,0.00441577973083164,0,12.5616640281909,0.00441577973083164,0.00441577973083164,0.00441577973083164,0.0138459086615911
10.5411867057519,0,-0.0885790708954701,0,10.5411867057519,-0.0885790708954701,-0.0885790708954701,-0.0885790708954701,0.0320565633703811
10.8363107906744,0,-0.028098390818107,0,10.8363107906744,-0.028098390818107,-0.028098390818107,-0.028098390818107,0.071926050301895
7.60971237336999,0,0.0425196941211018,0,7.60971237336999,0.0425196941211018,0.0425196941211018,0.0425196941211018,0.0675431227803087
7.13153216147587,0,-0.0477446268787778,0,7.13153216147587,-0.0477446268787778,-0.0477446268787778,-0.0477446268787778,0.0691602399134146
11.3171115233183,0,-0.0301299566297987,0,11.3171115233183,-0.0301299566297987,-0.0301299566297987,-0.0301299566297987,0.0549217163119364
12.491172371433,0,0.00616174807970621,0,12.491172371433,0.00616174807970621,0.00616174807970621,0.00616174807970621,0.0405245193389735
17.7574754531964,0,-0.0364542682670167,0,17.7574754531964,-0.0364542682670167,-0.0364542682670167,-0.0364542682670167,0.0437339114285826
23.3384346785706,0,0.0173424537425691,0,23.3384346785706,0.0173424537425691,0.0173424537425691,0.0173424537425691,0.0189266195413323
31.0786588545351,0,-0.104141192155505,0,31.0786588545351,-0.104141192155505,-0.104141192155505,-0.104141192155505,0.0562787835549554
16.8846431378076,0,0.0592246738975235,0,16.8846431378076,0.0592246738975235,0.0592246738975235,0.0592246738975235,0.0580511049145327
161.44719403208,0,-0.16863791424748,0,161.44719403208,-0.16863791424748,-0.16863791424748,-0.16863791424748,0.0430774991310983
10.8384906759069,0,-0.00221059163205814,0,10.8384906759069,-0.00221059163205814,-0.00221059163205814,-0.00221059163205814,0.0251376149245104
7.87691324476292,0,-0.0704972430897311,0,7.87691324476292,-0.0704972430897311,-0.0704972430897311,-0.0704972430897311,0.0322283121382998
14.6925462604222,0,-0.00458452472707301,0,14.6925462604222,-0.00458452472707301,-0.00458452472707301,-0.00458452472707301,0.0444254697733256
12.6985002447189,0,0.0156151615690587,0,12.6985002447189,0.0156151615690587,0.0156151615690587,0.0156151615690587,0.0344296478282526
14.3972634987083,0,-0.0237118006498921,0,14.3972634987083,-0.0237118006498921,-0.0237118006498921,-0.0237118006498921,0.0295064854269103
14.1514365378187,0,-0.0107350800784212,0,14.1514365378187,-0.0107350800784212,-0.0107350800784212,-0.0107350800784212,0.0554744268805768
27.9381463268887,0,-0.0196646199066465,0,27.9381463268887,-0.0196646199066465,-0.0196646199066465,-0.0196646199066465,0.0266030945529787
24.4728765020316,0,-0.0883766236254439,0,24.4728765020316,-0.0883766236254439,-0.0883766236254439,-0.0883766236254439,0.0473406670453721
13.4368696617468,0,0.0535402362440232,0,13.4368696617468,0.0535402362440232,0.0535402362440232,0.0535402362440232,0.0282079903838013
7.48402930279067,0,0.00968988201586394,0,7.48402930279067,0.00968988201586394,0.00968988201586394,0.00968988201586394,0.0686754083472401
25.9320346135502,0,-0.0232712391594247,0,25.9320346135502,-0.0232712391594247,-0.0232712391594247,-0.0232712391594247,0.0300519735078187
NA,NA,NA,NA,NA,NA,NA,NA,NA
12.0144898669671,0,-0.0304643580877798,0,12.0144898669671,-0.0304643580877798,-0.0304643580877798,-0.0304643580877798,0.0246585875375876
5.59197431763262,0,-0.0578220526680145,0,5.59197431763262,-0.0578220526680145,-0.0578220526680145,-0.0578220526680145,0.0290843221745671
7.10118523761685,0,-0.0285278978712163,0,7.10118523761685,-0.0285278978712163,-0.0285278978712163,-0.0285278978712163,0.0595492352872805
8.39406695268219,0,0.0167837864563465,0,8.39406695268219,0.0167837864563465,0.0167837864563465,0.0167837864563465,0.0322473662392579
6.68163411954067,0,0.0399525800720857,0,6.68163411954067,0.0399525800720857,0.0399525800720857,0.0399525800720857,0.0632642521725607
10.9419857642508,0,-0.0876235523401562,0,10.9419857642508,-0.0876235523401562,-0.0876235523401562,-0.0876235523401562,0.0336377588977628
9.567453602661,0,-0.0130573193727359,0,9.567453602661,-0.0130573193727359,-0.0130573193727359,-0.0130573193727359,0.0264340771076804
9.56764954052794,0,-0.00578932875863998,0,9.56764954052794,-0.00578932875863998,-0.00578932875863998,-0.00578932875863998,0.0288617279537588
9.58796747981615,0,0.00725905880614161,0,9.58796747981615,0.00725905880614161,0.00725905880614161,0.00725905880614161,0.0422687684348916
12.9045618909384,0,-0.020800428050844,0,12.9045618909384,-0.020800428050844,-0.020800428050844,-0.020800428050844,0.00918914559220215
9.03381024943225,0,-0.0258591277728825,0,9.03381024943225,-0.0258591277728825,-0.0258591277728825,-0.0258591277728825,0.0210013285642308
7.292171244769,0,0.0214216184583366,0,7.292171244769,0.0214216184583366,0.0214216184583366,0.0214216184583366,0.00787016036700002
10.6567948708008,0,0.0203455428827325,0,10.6567948708008,0.0203455428827325,0.0203455428827325,0.0203455428827325,0.0367174068081082
15.83958844307,0,0.0399832495665445,0,15.83958844307,0.0399832495665445,0.0399832495665445,0.0399832495665445,0.0130470310288665
17.7014293147066,0,0.0234372077444364,0,17.7014293147066,0.0234372077444364,0.0234372077444364,0.0234372077444364,0.0323786122878216
14.7585414478692,0,-0.0143222744287462,0,14.7585414478692,-0.0143222744287462,-0.0143222744287462,-0.0143222744287462,0.0637816832942033
13.5036026382197,0,0.0260526179813793,0,13.5036026382197,0.0260526179813793,0.0260526179813793,0.0260526179813793,0.0175137052055195
13.9836050997556,0,-0.0596374353307077,0,13.9836050997556,-0.0596374353307077,-0.0596374353307077,-0.0596374353307077,0.0260159424457815
11.3110693140974,0,0.00982781565554414,0,11.3110693140974,0.00982781565554414,0.00982781565554414,0.00982781565554414,0.0152975413868066
16.5519463473715,0,-0.0850116784148187,0,16.5519463473715,-0.0850116784148187,-0.0850116784148187,-0.0850116784148187,0.0449328569998866
12.3671082351961,0,0.0210231372322994,0,12.3671082351961,0.0210231372322994,0.0210231372322994,0.0210231372322994,0.0160828742749283
12.3654554745313,0,-0.0686880413546458,0,12.3654554745313,-0.0686880413546458,-0.0686880413546458,-0.0686880413546458,0.0513325050706189
19.2556223171704,0,0.0285945738844167,0,19.2556223171704,0.0285945738844167,0.0285945738844167,0.0285945738844167,0.0139726523520546
34.7312424253189,0,0.00360906084633839,0,34.7312424253189,0.00360906084633839,0.00360906084633839,0.00360906084633839,0.017575833019559
54.7209102152747,0,0.0196726221291343,0,54.7209102152747,0.0196726221291343,0.0196726221291343,0.0196726221291343,0.0109274670854921
6.15335383446594,0,0.00868907833362001,0,6.15335383446594,0.00868907833362001,0.00868907833362001,0.00868907833362001,0.148956660150613
8.22166390729103,0,0.0200227074138689,0,8.22166390729103,0.0200227074138689,0.0200227074138689,0.0200227074138689,0.0889316774406693
6.56936523894705,0,-0.0184803687031215,0,6.56936523894705,-0.0184803687031215,-0.0184803687031215,-0.0184803687031215,0.0397871786329299
7.36539602284415,0,-0.0247872150245361,0,7.36539602284415,-0.0247872150245361,-0.0247872150245361,-0.0247872150245361,0.114121672795408
9.34902839864339,0,-0.0319037471830898,0,9.34902839864339,-0.0319037471830898,-0.0319037471830898,-0.0319037471830898,0.0353702402159913
12.5616640281909,0,0.00441577973083164,0,12.5616640281909,0.00441577973083164,0.00441577973083164,0.00441577973083164,0.0138459086615911
10.5411867057519,0,-0.0885790708954701,0,10.5411867057519,-0.0885790708954701,-0.0885790708954701,-0.0885790708954701,0.0320565633703811
10.8363107906744,0,-0.028098390818107,0,10.8363107906744,-0.028098390818107,-0.028098390818107,-0.028098390818107,0.071926050301895
7.60971237336999,0,0.0425196941211018,0,7.60971237336999,0.0425196941211018,0.0425196941211018,0.0425196941211018,0.0675431227803087
7.13153216147587,0,-0.0477446268787778,0,7.13153216147587,-0.0477446268787778,-0.0477446268787778,-0.0477446268787778,0.0691602399134146
11.3171115233183,0,-0.0301299566297987,0,11.3171115233183,-0.0301299566297987,-0.0301299566297987,-0.0301299566297987,0.0549217163119364
12.491172371433,0,0.00616174807970621,0,12.491172371433,0.00616174807970621,0.00616174807970621,0.00616174807970621,0.0405245193389735
17.7574754531964,0,-0.0364542682670167,0,17.7574754531964,-0.0364542682670167,-0.0364542682670167,-0.0364542682670167,0.0437339114285826
23.3384346785706,0,0.0173424537425691,0,23.3384346785706,0.0173424537425691,0.0173424537425691,0.0173424537425691,0.0189266195413323
31.0786588545351,0,-0.104141192155505,0,31.0786588545351,-0.104141192155505,-0.104141192155505,-0.104141192155505,0.0562787835549554
16.8846431378076,0,0.0592246738975235,0,16.8846431378076,0.0592246738975235,0.0592246738975235,0.0592246738975235,0.0580511049145327
161.44719403208,0,-0.16863791424748,0,161.44719403208,-0.16863791424748,-0.16863791424748,-0.16863791424748,0.0430774991310983
10.8384906759069,0,-0.00221059163205814,0,10.8384906759069,-0.00221059163205814,-0.00221059163205814,-0.00221059163205814,0.0251376149245104
7.87691324476292,0,-0.0704972430897311,0,7.87691324476292,-0.0704972430897311,-0.0704972430897311,-0.0704972430897311,0.0322283121382998
14.6925462604222,0,-0.00458452472707301,0,14.6925462604222,-0.00458452472707301,-0.00458452472707301,-0.00458452472707301,0.0444254697733256
12.6985002447189,0,0.0156151615690587,0,12.6985002447189,0.0156151615690587,0.0156151615690587,0.0156151615690587,0.0344296478282526
14.3972634987083,0,-0.0237118006498921,0,14.3972634987083,-0.0237118006498921,-0.0237118006498921,-0.0237118006498921,0.0295064854269103
14.1514365378187,0,-0.0107350800784212,0,14.1514365378187,-0.0107350800784212,-0.0107350800784212,-0.0107350800784212,0.0554744268805768
27.9381463268887,0,-0.0196646199066465,0,27.9381463268887,-0.0196646199066465,-0.0196646199066465,-0.0196646199066465,0.0266030945529787
24.4728765020316,0,-0.0883766236254439,0,24.4728765020316,-0.0883766236254439,-0.0883766236254439,-0.0883766236254439,0.0473406670453721
13.4368696617468,0,0.0535402362440232,0,13.4368696617468,0.0535402362440232,0.0535402362440232,0.0535402362440232,0.0282079903838013
7.48402930279067,0,0.00968988201586394,0,7.48402930279067,0.00968988201586394,0.00968988201586394,0.00968988201586394,0.0686754083472401
25.9320346135502,0,-0.0232712391594247,0,25.9320346135502,-0.0232712391594247,-0.0232712391594247,-0.0232712391594247,0.0300519735078187
NA,NA,NA,NA,NA,NA,NA,NA,NA
12.0144898669671,0,-0.0304643580877798,0,12.0144898669671,-0.0304643580877798,-0.0304643580877798,-0.0304643580877798,0.0246585875375876
5.59197431763262,0,-0.0578220526680145,0,5.59197431763262,-0.0578220526680145,-0.0578220526680145,-0.0578220526680145,0.0290843221745671
7.10118523761685,0,-0.0285278978712163,0,7.10118523761685,-0.0285278978712163,-0.0285278978712163,-0.0285278978712163,0.0595492352872805
8.39406695268219,0,0.0167837864563465,0,8.39406695268219,0.0167837864563465,0.0167837864563465,0.0167837864563465,0.0322473662392579
6.68163411954067,0,0.0399525800720857,0,6.68163411954067,0.0399525800720857,0.0399525800720857,0.0399525800720857,0.0632642521725607
10.9419857642508,0,-0.0876235523401562,0,10.9419857642508,-0.0876235523401562,-0.0876235523401562,-0.0876235523401562,0.0336377588977628
9.567453602661,0,-0.0130573193727359,0,9.567453602661,-0.0130573193727359,-0.0130573193727359,-0.0130573193727359,0.0264340771076804
9.56764954052794,0,-0.00578932875863998,0,9.56764954052794,-0.00578932875863998,-0.00578932875863998,-0.00578932875863998,0.0288617279537588
9.58796747981615,0,0.00725905880614161,0,9.58796747981615,0.00725905880614161,0.00725905880614161,0.00725905880614161,0.0422687684348916
12.9045618909384,0,-0.020800428050844,0,12.9045618909384,-0.020800428050844,-0.020800428050844,-0.020800428050844,0.00918914559220215
9.03381024943225,0,-0.0258591277728825,0,9.03381024943225,-0.0258591277728825,-0.0258591277728825,-0.0258591277728825,0.0210013285642308
7.292171244769,0,0.0214216184583366,0,7.292171244769,0.0214216184583366,0.0214216184583366,0.0214216184583366,0.00787016036700002
10.6567948708008,0,0.0203455428827325,0,10.6567948708008,0.0203455428827325,0.0203455428827325,0.0203455428827325,0.0367174068081082
15.83958844307,0,0.0399832495665445,0,15.83958844307,0.0399832495665445,0.0399832495665445,0.0399832495665445,0.0130470310288665
17.7014293147066,0,0.0234372077444364,0,17.7014293147066,0.0234372077444364,0.0234372077444364,0.0234372077444364,0.0323786122878216
14.7585414478692,0,-0.0143222744287462,0,14.7585414478692,-0.0143222744287462,-0.0143222744287462,-0.0143222744287462,0.0637816832942033
13.5036026382197,0,0.0260526179813793,0,13.5036026382197,0.0260526179813793,0.0260526179813793,0.0260526179813793,0.0175137052055195
13.9836050997556,0,-0.0596374353307077,0,13.9836050997556,-0.0596374353307077,-0.0596374353307077,-0.0596374353307077,0.0260159424457815
11.3110693140974,0,0.00982781565554414,0,11.3110693140974,0.00982781565554414,0.00982781565554414,0.00982781565554414,0.0152975413868066
16.5519463473715,0,-0.0850116784148187,0,16.5519463473715,-0.0850116784148187,-0.0850116784148187,-0.0850116784148187,0.0449328569998866
12.3671082351961,0,0.0210231372322994,0,12.3671082351961,0.0210231372322994,0.0210231372322994,0.0210231372322994,0.0160828742749283
12.3654554745313,0,-0.0686880413546458,0,12.3654554745313,-0.0686880413546458,-0.0686880413546458,-0.0686880413546458,0.0513325050706189
19.2556223171704,0,0.0285945738844167,0,19.2556223171704,0.0285945738844167,0.0285945738844167,0.0285945738844167,0.0139726523520546
34.7312424253189,0,0.00360906084633839,0,34.7312424253189,0.00360906084633839,0.00360906084633839,0.00360906084633839,0.017575833019559
54.7209102152747,0,0.0196726221291343,0,54.7209102152747,0.0196726221291343,0.0196726221291343,0.0196726221291343,0.0109274670854921
6.15335383446594,0,0.00868907833362001,0,6.15335383446594,0.00868907833362001,0.00868907833362001,0.00868907833362001,0.148956660150613
8.22166390729103,0,0.0200227074138689,0,8.22166390729103,0.0200227074138689,0.0200227074138689,0.0200227074138689,0.0889316774406693
6.56936523894705,0,-0.0184803687031215,0,6.56936523894705,-0.0184803687031215,-0.0184803687031215,-0.0184803687031215,0.0397871786329299
7.36539602284415,0,-0.0247872150245361,0,7.36539602284415,-0.0247872150245361,-0.0247872150245361,-0.0247872150245361,0.114121672795408
9.34902839864339,0,-0.0319037471830898,0,9.34902839864339,-0.0319037471830898,-0.0319037471830898,-0.0319037471830898,0.0353702402159913
12.5616640281909,0,0.00441577973083164,0,12.5616640281909,0.00441577973083164,0.00441577973083164,0.00441577973083164,0.0138459086615911
10.5411867057519,0,-0.0885790708954701,0,10.5411867057519,-0.0885790708954701,-0.0885790708954701,-0.0885790708954701,0.0320565633703811
10.8363107906744,0,-0.028098390818107,0,10.8363107906744,-0.028098390818107,-0.028098390818107,-0.028098390818107,0.071926050301895
7.60971237336999,0,0.0425196941211018,0,7.60971237336999,0.0425196941211018,0.0425196941211018,0.0425196941211018,0.0675431227803087
7.13153216147587,0,-0.0477446268787778,0,7.13153216147587,-0.0477446268787778,-0.0477446268787778,-0.0477446268787778,0.0691602399134146
11.3171115233183,0,-0.0301299566297987,0,11.3171115233183,-0.0301299566297987,-0.0301299566297987,-0.0301299566297987,0.0549217163119364
12.491172371433,0,0.00616174807970621,0,12.491172371433,0.00616174807970621,0.00616174807970621,0.00616174807970621,0.0405245193389735
17.7574754531964,0,-0.0364542682670167,0,17.7574754531964,-0.0364542682670167,-0.0364542682670167,-0.0364542682670167,0.0437339114285826
23.3384346785706,0,0.0173424537425691,0,23.3384346785706,0.0173424537425691,0.0173424537425691,0.0173424537425691,0.0189266195413323
31.0786588545351,0,-0.104141192155505,0,31.0786588545351,-0.104141192155505,-0.104141192155505,-0.104141192155505,0.0562787835549554
16.8846431378076,0,0.0592246738975235,0,16.8846431378076,0.0592246738975235,0.0592246738975235,0.0592246738975235,0.0580511049145327
161.44719403208,0,-0.16863791424748,0,161.44719403208,-0.16863791424748,-0.16863791424748,-0.16863791424748,0.0430774991310983
10.8384906759069,0,-0.00221059163205814,0,10.8384906759069,-0.00221059163205814,-0.00221059163205814,-0.00221059163205814,0.0251376149245104
7.87691324476292,0,-0.0704972430897311,0,7.87691324476292,-0.0704972430897311,-0.0704972430897311,-0.0704972430897311,0.0322283121382998
14.6925462604222,0,-0.00458452472707301,0,14.6925462604222,-0.00458452472707301,-0.00458452472707301,-0.00458452472707301,0.0444254697733256
12.6985002447189,0,0.0156151615690587,0,12.6985002447189,0.0156151615690587,0.0156151615690587,0.0156151615690587,0.0344296478282526
14.3972634987083,0,-0.0237118006498921,0,14.3972634987083,-0.0237118006498921,-0.0237118006498921,-0.0237118006498921,0.0295064854269103
14.1514365378187,0,-0.0107350800784212,0,14.1514365378187,-0.0107350800784212,-0.0107350800784212,-0.0107350800784212,0.0554744268805768
27.9381463268887,0,-0.0196646199066465,0,27.9381463268887,-0.0196646199066465,-0.0196646199066465,-0.0196646199066465,0.0266030945529787
24.4728765020316,0,-0.0883766236254439,0,24.4728765020316,-0.0883766236254439,-0.0883766236254439,-0.0883766236254439,0.0473406670453721
13.4368696617468,0,0.0535402362440232,0,13.4368696617468,0.0535402362440232,0.0535402362440232,0.0535402362440232,0.0282079903838013
7.48402930279067,0,0.00968988201586394,0,7.48402930279067,0.00968988201586394,0.00968988201586394,0.00968988201586394,0.0686754083472401
25.9320346135502,0,-0.0232712391594247,0,25.9320346135502,-0.0232712391594247,-0.0232712391594247,-0.0232712391594247,0.0300519735078187
NA,NA,NA,NA,NA,NA,NA,NA,NA
12.0144898669671,0,-0.0304643580877798,0,12.0144898669671,-0.0304643580877798,-0.0304643580877798,-0.0304643580877798,0.0246585875375876
5.59197431763262,0,-0.0578220526680145,0,5.59197431763262,-0.0578220526680145,-0.0578220526680145,-0.0578220526680145,0.0290843221745671
7.10118523761685,0,-0.0285278978712163,0,7.10118523761685,-0.0285278978712163,-0.0285278978712163,-0.0285278978712163,0.0595492352872805
8.39406695268219,0,0.0167837864563465,0,8.39406695268219,0.0167837864563465,0.0167837864563465,0.0167837864563465,0.0322473662392579
6.68163411954067,0,0.0399525800720857,0,6.68163411954067,0.0399525800720857,0.0399525800720857,0.0399525800720857,0.0632642521725607
10.9419857642508,0,-0.0876235523401562,0,10.9419857642508,-0.0876235523401562,-0.0876235523401562,-0.0876235523401562,0.0336377588977628
9.567453602661,0,-0.0130573193727359,0,9.567453602661,-0.0130573193727359,-0.0130573193727359,-0.0130573193727359,0.0264340771076804
9.56764954052794,0,-0.00578932875863998,0,9.56764954052794,-0.00578932875863998,-0.00578932875863998,-0.00578932875863998,0.0288617279537588
9.58796747981615,0,0.00725905880614161,0,9.58796747981615,0.00725905880614161,0.00725905880614161,0.00725905880614161,0.0422687684348916
12.9045618909384,0,-0.020800428050844,0,12.9045618909384,-0.020800428050844,-0.020800428050844,-0.020800428050844,0.00918914559220215
9.03381024943225,0,-0.0258591277728825,0,9.03381024943225,-0.0258591277728825,-0.0258591277728825,-0.0258591277728825,0.0210013285642308
7.292171244769,0,0.0214216184583366,0,7.292171244769,0.0214216184583366,0.0214216184583366,0.0214216184583366,0.00787016036700002
10.6567948708008,0,0.0203455428827325,0,10.6567948708008,0.0203455428827325,0.0203455428827325,0.0203455428827325,0.0367174068081082
15.83958844307,0,0.0399832495665445,0,15.83958844307,0.0399832495665445,0.0399832495665445,0.0399832495665445,0.0130470310288665
17.7014293147066,0,0.0234372077444364,0,17.7014293147066,0.0234372077444364,0.0234372077444364,0.0234372077444364,0.0323786122878216
14.7585414478692,0,-0.0143222744287462,0,14.7585414478692,-0.0143222744287462,-0.0143222744287462,-0.0143222744287462,0.0637816832942033
13.5036026382197,0,0.0260526179813793,0,13.5036026382197,0.0260526179813793,0.0260526179813793,0.0260526179813793,0.0175137052055195
13.9836050997556,0,-0.0596374353307077,0,13.9836050997556,-0.0596374353307077,-0.0596374353307077,-0.0596374353307077,0.0260159424457815
11.3110693140974,0,0.00982781565554414,0,11.3110693140974,0.00982781565554414,0.00982781565554414,0.00982781565554414,0.0152975413868066
16.5519463473715,0,-0.0850116784148187,0,16.5519463473715,-0.0850116784148187,-0.0850116784148187,-0.0850116784148187,0.0449328569998866
12.3671082351961,0,0.0210231372322994,0,12.3671082351961,0.0210231372322994,0.0210231372322994,0.0210231372322994,0.0160828742749283
12.3654554745313,0,-0.0686880413546458,0,12.3654554745313,-0.0686880413546458,-0.0686880413546458,-0.0686880413546458,0.0513325050706189
19.2556223171704,0,0.0285945738844167,0,19.2556223171704,0.0285945738844167,0.0285945738844167,0.0285945738844167,0.0139726523520546
34.7312424253189,0,0.00360906084633839,0,34.7312424253189,0.00360906084633839,0.00360906084633839,0.00360906084633839,0.017575833019559
54.7209102152747,0,0.0196726221291343,0,54.7209102152747,0.0196726221291343,0.0196726221291343,0.0196726221291343,0.0109274670854921
6.15335383446594,0,0.00868907833362001,0,6.15335383446594,0.00868907833362001,0.00868907833362001,0.00868907833362001,0.148956660150613
8.22166390729103,0,0.0200227074138689,0,8.22166390729103,0.0200227074138689,0.0200227074138689,0.0200227074138689,0.0889316774406693
6.56936523894705,0,-0.0184803687031215,0,6.56936523894705,-0.0184803687031215,-0.0184803687031215,-0.0184803687031215,0.0397871786329299
7.36539602284415,0,-0.0247872150245361,0,7.36539602284415,-0.0247872150245361,-0.0247872150245361,-0.0247872150245361,0.114121672795408
9.34902839864339,0,-0.0319037471830898,0,9.34902839864339,-0.0319037471830898,-0.0319037471830898,-0.0319037471830898,0.0353702402159913
12.5616640281909,0,0.00441577973083164,0,12.5616640281909,0.00441577973083164,0.00441577973083164,0.00441577973083164,0.0138459086615911
10.5411867057519,0,-0.0885790708954701,0,10.5411867057519,-0.0885790708954701,-0.0885790708954701,-0.0885790708954701,0.0320565633703811
10.8363107906744,0,-0.028098390818107,0,10.8363107906744,-0.028098390818107,-0.028098390818107,-0.028098390818107,0.071926050301895
7.60971237336999,0,0.0425196941211018,0,7.60971237336999,0.0425196941211018,0.0425196941211018,0.0425196941211018,0.0675431227803087
7.13153216147587,0,-0.0477446268787778,0,7.13153216147587,-0.0477446268787778,-0.0477446268787778,-0.0477446268787778,0.0691602399134146
11.3171115233183,0,-0.0301299566297987,0,11.3171115233183,-0.0301299566297987,-0.0301299566297987,-0.0301299566297987,0.0549217163119364
12.491172371433,0,0.00616174807970621,0,12.491172371433,0.00616174807970621,0.00616174807970621,0.00616174807970621,0.0405245193389735
17.7574754531964,0,-0.0364542682670167,0,17.7574754531964,-0.0364542682670167,-0.0364542682670167,-0.0364542682670167,0.0437339114285826
23.3384346785706,0,0.0173424537425691,0,23.3384346785706,0.0173424537425691,0.0173424537425691,0.0173424537425691,0.0189266195413323
31.0786588545351,0,-0.104141192155505,0,31.0786588545351,-0.104141192155505,-0.104141192155505,-0.104141192155505,0.0562787835549554
16.8846431378076,0,0.0592246738975235,0,16.8846431378076,0.0592246738975235,0.0592246738975235,0.0592246738975235,0.0580511049145327
161.44719403208,0,-0.16863791424748,0,161.44719403208,-0.16863791424748,-0.16863791424748,-0.16863791424748,0.0430774991310983
10.8384906759069,0,-0.00221059163205814,0,10.8384906759069,-0.00221059163205814,-0.00221059163205814,-0.00221059163205814,0.0251376149245104
7.87691324476292,0,-0.0704972430897311,0,7.87691324476292,-0.0704972430897311,-0.0704972430897311,-0.0704972430897311,0.0322283121382998
14.6925462604222,0,-0.00458452472707301,0,14.6925462604222,-0.00458452472707301,-0.00458452472707301,-0.00458452472707301,0.0444254697733256
12.6985002447189,0,0.0156151615690587,0,12.6985002447189,0.0156151615690587,0.0156151615690587,0.0156151615690587,0.0344296478282526
14.3972634987083,0,-0.0237118006498921,0,14.3972634987083,-0.0237118006498921,-0.0237118006498921,-0.0237118006498921,0.0295064854269103
14.1514365378187,0,-0.0107350800784212,0,14.1514365378187,-0.0107350800784212,-0.0107350800784212,-0.0107350800784212,0.0554744268805768
27.9381463268887,0,-0.0196646199066465,0,27.9381463268887,-0.0196646199066465,-0.0196646199066465,-0.0196646199066465,0.0266030945529787
24.4728765020316,0,-0.0883766236254439,0,24.4728765020316,-0.0883766236254439,-0.0883766236254439,-0.0883766236254439,0.0473406670453721
13.4368696617468,0,0.0535402362440232,0,13.4368696617468,0.0535402362440232,0.0535402362440232,0.0535402362440232,0.0282079903838013
7.48402930279067,0,0.00968988201586394,0,7.48402930279067,0.00968988201586394,0.00968988201586394,0.00968988201586394,0.0686754083472401
25.9320346135502,0,-0.0232712391594247,0,25.9320346135502,-0.0232712391594247,-0.0232712391594247,-0.0232712391594247,0.0300519735078187
NA,NA,NA,NA,NA,NA,NA,NA,NA
12.0144898669671,0,-0.0304643580877798,0,12.0144898669671,-0.0304643580877798,-0.0304643580877798,-0.0304643580877798,0.0246585875375876
5.59197431763262,0,-0.0578220526680145,0,5.59197431763262,-0.0578220526680145,-0.0578220526680145,-0.0578220526680145,0.0290843221745671
7.10118523761685,0,-0.0285278978712163,0,7.10118523761685,-0.0285278978712163,-0.0285278978712163,-0.0285278978712163,0.0595492352872805
8.39406695268219,0,0.0167837864563465,0,8.39406695268219,0.0167837864563465,0.0167837864563465,0.0167837864563465,0.0322473662392579
6.68163411954067,0,0.0399525800720857,0,6.68163411954067,0.0399525800720857,0.0399525800720857,0.0399525800720857,0.0632642521725607
10.9419857642508,0,-0.0876235523401562,0,10.9419857642508,-0.0876235523401562,-0.0876235523401562,-0.0876235523401562,0.0336377588977628
9.567453602661,0,-0.0130573193727359,0,9.567453602661,-0.0130573193727359,-0.0130573193727359,-0.0130573193727359,0.0264340771076804
9.56764954052794,0,-0.00578932875863998,0,9.56764954052794,-0.00578932875863998,-0.00578932875863998,-0.00578932875863998,0.0288617279537588
9.58796747981615,0,0.00725905880614161,0,9.58796747981615,0.00725905880614161,0.00725905880614161,0.00725905880614161,0.0422687684348916
12.9045618909384,0,-0.020800428050844,0,12.9045618909384,-0.020800428050844,-0.020800428050844,-0.020800428050844,0.00918914559220215
9.03381024943225,0,-0.0258591277728825,0,9.03381024943225,-0.0258591277728825,-0.0258591277728825,-0.0258591277728825,0.0210013285642308
7.292171244769,0,0.0214216184583366,0,7.292171244769,0.0214216184583366,0.0214216184583366,0.0214216184583366,0.00787016036700002
10.6567948708008,0,0.0203455428827325,0,10.6567948708008,0.0203455428827325,0.0203455428827325,0.0203455428827325,0.0367174068081082
15.83958844307,0,0.0399832495665445,0,15.83958844307,0.0399832495665445,0.0399832495665445,0.0399832495665445,0.0130470310288665
17.7014293147066,0,0.0234372077444364,0,17.7014293147066,0.0234372077444364,0.0234372077444364,0.0234372077444364,0.0323786122878216
14.7585414478692,0,-0.0143222744287462,0,14.7585414478692,-0.0143222744287462,-0.0143222744287462,-0.0143222744287462,0.0637816832942033
13.5036026382197,0,0.0260526179813793,0,13.5036026382197,0.0260526179813793,0.0260526179813793,0.0260526179813793,0.0175137052055195
13.9836050997556,0,-0.0596374353307077,0,13.9836050997556,-0.0596374353307077,-0.0596374353307077,-0.0596374353307077,0.0260159424457815
11.3110693140974,0,0.00982781565554414,0,11.3110693140974,0.00982781565554414,0.00982781565554414,0.00982781565554414,0.0152975413868066
16.5519463473715,0,-0.0850116784148187,0,16.5519463473715,-0.0850116784148187,-0.0850116784148187,-0.0850116784148187,0.0449328569998866
12.3671082351961,0,0.0210231372322994,0,12.3671082351961,0.0210231372322994,0.0210231372322994,0.0210231372322994,0.0160828742749283
12.3654554745313,0,-0.0686880413546458,0,12.3654554745313,-0.0686880413546458,-0.0686880413546458,-0.0686880413546458,0.0513325050706189
19.2556223171704,0,0.0285945738844167,0,19.2556223171704,0.0285945738844167,0.0285945738844167,0.0285945738844167,0.0139726523520546
34.7312424253189,0,0.00360906084633839,0,34.7312424253189,0.00360906084633839,0.00360906084633839,0.00360906084633839,0.017575833019559
54.7209102152747,0,0.0196726221291343,0,54.7209102152747,0.0196726221291343,0.0196726221291343,0.0196726221291343,0.0109274670854921
6.15335383446594,0,0.00868907833362001,0,6.15335383446594,0.00868907833362001,0.00868907833362001,0.00868907833362001,0.148956660150613
8.22166390729103,0,0.0200227074138689,0,8.22166390729103,0.0200227074138689,0.0200227074138689,0.0200227074138689,0.0889316774406693
6.56936523894705,0,-0.0184803687031215,0,6.56936523894705,-0.0184803687031215,-0.0184803687031215,-0.0184803687031215,0.0397871786329299
7.36539602284415,0,-0.0247872150245361,0,7.36539602284415,-0.0247872150245361,-0.0247872150245361,-0.0247872150245361,0.114121672795408
9.34902839864339,0,-0.0319037471830898,0,9.34902839864339,-0.0319037471830898,-0.0319037471830898,-0.0319037471830898,0.0353702402159913
12.5616640281909,0,0.00441577973083164,0,12.5616640281909,0.00441577973083164,0.00441577973083164,0.00441577973083164,0.0138459086615911
10.5411867057519,0,-0.0885790708954701,0,10.5411867057519,-0.0885790708954701,-0.0885790708954701,-0.0885790708954701,0.0320565633703811
10.8363107906744,0,-0.028098390818107,0,10.8363107906744,-0.028098390818107,-0.028098390818107,-0.028098390818107,0.071926050301895
7.60971237336999,0,0.0425196941211018,0,7.60971237336999,0.0425196941211018,0.0425196941211018,0.0425196941211018,0.0675431227803087
7.13153216147587,0,-0.0477446268787778,0,7.13153216147587,-0.0477446268787778,-0.0477446268787778,-0.0477446268787778,0.0691602399134146
11.3171115233183,0,-0.0301299566297987,0,11.3171115233183,-0.0301299566297987,-0.0301299566297987,-0.0301299566297987,0.0549217163119364
12.491172371433,0,0.00616174807970621,0,12.491172371433,0.00616174807970621,0.00616174807970621,0.00616174807970621,0.0405245193389735
17.7574754531964,0,-0.0364542682670167,0,17.7574754531964,-0.0364542682670167,-0.0364542682670167,-0.0364542682670167,0.0437339114285826
23.3384346785706,0,0.0173424537425691,0,23.3384346785706,0.0173424537425691,0.0173424537425691,0.0173424537425691,0.0189266195413323
31.0786588545351,0,-0.104141192155505,0,31.0786588545351,-0.104141192155505,-0.104141192155505,-0.104141192155505,0.0562787835549554
16.8846431378076,0,0.0592246738975235,0,16.8846431378076,0.0592246738975235,0.0592246738975235,0.0592246738975235,0.0580511049145327
161.44719403208,0,-0.16863791424748,0,161.44719403208,-0.16863791424748,-0.16863791424748,-0.16863791424748,0.0430774991310983
10.8384906759069,0,-0.00221059163205814,0,10.8384906759069,-0.00221059163205814,-0.00221059163205814,-0.00221059163205814,0.0251376149245104
7.87691324476292,0,-0.0704972430897311,0,7.87691324476292,-0.0704972430897311,-0.0704972430897311,-0.0704972430897311,0.0322283121382998
14.6925462604222,0,-0.00458452472707301,0,14.6925462604222,-0.00458452472707301,-0.00458452472707301,-0.00458452472707301,0.0444254697733256
12.6985002447189,0,0.0156151615690587,0,12.6985002447189,0.0156151615690587,0.0156151615690587,0.0156151615690587,0.0344296478282526
14.3972634987083,0,-0.0237118006498921,0,14.3972634987083,-0.0237118006498921,-0.0237118006498921,-0.0237118006498921,0.0295064854269103
14.1514365378187,0,-0.0107350800784212,0,14.1514365378187,-0.0107350800784212,-0.0107350800784212,-0.0107350800784212,0.0554744268805768
27.9381463268887,0,-0.0196646199066465,0,27.9381463268887,-0.0196646199066465,-0.0196646199066465,-0.0196646199066465,0.0266030945529787
24.4728765020316,0,-0.0883766236254439,0,24.4728765020316,-0.0883766236254439,-0.0883766236254439,-0.0883766236254439,0.0473406670453721
13.4368696617468,0,0.0535402362440232,0,13.4368696617468,0.0535402362440232,0.0535402362440232,0.0535402362440232,0.0282079903838013
7.48402930279067,0,0.00968988201586394,0,7.48402930279067,0.00968988201586394,0.00968988201586394,0.00968988201586394,0.0686754083472401
25.9320346135502,0,-0.0232712391594247,0,25.9320346135502,-0.0232712391594247,-0.0232712391594247,-0.0232712391594247,0.0300519735078187
NA,NA,NA,NA,NA,NA,NA,NA,NA
12.0144898669671,0,-0.0304643580877798,0,12.0144898669671,-0.0304643580877798,-0.0304643580877798,-0.0304643580877798,0.0246585875375876
5.59197431763262,0,-0.0578220526680145,0,5.59197431763262,-0.0578220526680145,-0.0578220526680145,-0.0578220526680145,0.0290843221745671
7.10118523761685,0,-0.0285278978712163,0,7.10118523761685,-0.0285278978712163,-0.0285278978712163,-0.0285278978712163,0.0595492352872805
8.39406695268219,0,0.0167837864563465,0,8.39406695268219,0.0167837864563465,0.0167837864563465,0.0167837864563465,0.0322473662392579
6.68163411954067,0,0.0399525800720857,0,6.68163411954067,0.0399525800720857,0.0399525800720857,0.0399525800720857,0.0632642521725607
10.9419857642508,0,-0.0876235523401562,0,10.9419857642508,-0.0876235523401562,-0.0876235523401562,-0.0876235523401562,0.0336377588977628
9.567453602661,0,-0.0130573193727359,0,9.567453602661,-0.0130573193727359,-0.0130573193727359,-0.0130573193727359,0.0264340771076804
9.56764954052794,0,-0.00578932875863998,0,9.56764954052794,-0.00578932875863998,-0.00578932875863998,-0.00578932875863998,0.0288617279537588
9.58796747981615,0,0.00725905880614161,0,9.58796747981615,0.00725905880614161,0.00725905880614161,0.00725905880614161,0.0422687684348916
12.9045618909384,0,-0.020800428050844,0,12.9045618909384,-0.020800428050844,-0.020800428050844,-0.020800428050844,0.00918914559220215
9.03381024943225,0,-0.0258591277728825,0,9.03381024943225,-0.0258591277728825,-0.0258591277728825,-0.0258591277728825,0.0210013285642308
7.292171244769,0,0.0214216184583366,0,7.292171244769,0.0214216184583366,0.0214216184583366,0.0214216184583366,0.00787016036700002
10.6567948708008,0,0.0203455428827325,0,10.6567948708008,0.0203455428827325,0.0203455428827325,0.0203455428827325,0.0367174068081082
15.83958844307,0,0.0399832495665445,0,15.83958844307,0.0399832495665445,0.0399832495665445,0.0399832495665445,0.0130470310288665
17.7014293147066,0,0.0234372077444364,0,17.7014293147066,0.0234372077444364,0.0234372077444364,0.0234372077444364,0.0323786122878216
14.7585414478692,0,-0.0143222744287462,0,14.7585414478692,-0.0143222744287462,-0.0143222744287462,-0.0143222744287462,0.0637816832942033
20.7521231210355,0,-0.0269978295709997,0,20.7521231210355,-0.0269978295709997,-0.0269978295709997,-0.0269978295709997,0.0154926437594917
13.9836050997556,0,-0.0596374353307077,0,13.9836050997556,-0.0596374353307077,-0.0596374353307077,-0.0596374353307077,0.0260159424457815
11.3110693140974,0,0.00982781565554414,0,11.3110693140974,0.00982781565554414,0.00982781565554414,0.00982781565554414,0.0152975413868066
16.5519463473715,0,-0.0850116784148187,0,16.5519463473715,-0.0850116784148187,-0.0850116784148187,-0.0850116784148187,0.0449328569998866
12.3671082351961,0,0.0210231372322994,0,12.3671082351961,0.0210231372322994,0.0210231372322994,0.0210231372322994,0.0160828742749283
12.3654554745313,0,-0.0686880413546458,0,12.3654554745313,-0.0686880413546458,-0.0686880413546458,-0.0686880413546458,0.0513325050706189
19.2556223171704,0,0.0285945738844167,0,19.2556223171704,0.0285945738844167,0.0285945738844167,0.0285945738844167,0.0139726523520546
34.7312424253189,0,0.00360906084633839,0,34.7312424253189,0.00360906084633839,0.00360906084633839,0.00360906084633839,0.017575833019559
54.7209102152747,0,0.0196726221291343,0,54.7209102152747,0.0196726221291343,0.0196726221291343,0.0196726221291343,0.0109274670854921
6.15335383446594,0,0.00868907833362001,0,6.15335383446594,0.00868907833362001,0.00868907833362001,0.00868907833362001,0.148956660150613
8.22166390729103,0,0.0200227074138689,0,8.22166390729103,0.0200227074138689,0.0200227074138689,0.0200227074138689,0.0889316774406693
6.56936523894705,0,-0.0184803687031215,0,6.56936523894705,-0.0184803687031215,-0.0184803687031215,-0.0184803687031215,0.0397871786329299
7.36539602284415,0,-0.0247872150245361,0,7.36539602284415,-0.0247872150245361,-0.0247872150245361,-0.0247872150245361,0.114121672795408
9.34902839864339,0,-0.0319037471830898,0,9.34902839864339,-0.0319037471830898,-0.0319037471830898,-0.0319037471830898,0.0353702402159913
12.5616640281909,0,0.00441577973083164,0,12.5616640281909,0.00441577973083164,0.00441577973083164,0.00441577973083164,0.0138459086615911
10.5411867057519,0,-0.0885790708954701,0,10.5411867057519,-0.0885790708954701,-0.0885790708954701,-0.0885790708954701,0.0320565633703811
10.8363107906744,0,-0.028098390818107,0,10.8363107906744,-0.028098390818107,-0.028098390818107,-0.028098390818107,0.071926050301895
7.60971237336999,0,0.0425196941211018,0,7.60971237336999,0.0425196941211018,0.0425196941211018,0.0425196941211018,0.0675431227803087
7.13153216147587,0,-0.0477446268787778,0,7.13153216147587,-0.0477446268787778,-0.0477446268787778,-0.0477446268787778,0.0691602399134146
11.3171115233183,0,-0.0301299566297987,0,11.3171115233183,-0.0301299566297987,-0.0301299566297987,-0.0301299566297987,0.0549217163119364
12.491172371433,0,0.00616174807970621,0,12.491172371433,0.00616174807970621,0.00616174807970621,0.00616174807970621,0.0405245193389735
17.7574754531964,0,-0.0364542682670167,0,17.7574754531964,-0.0364542682670167,-0.0364542682670167,-0.0364542682670167,0.0437339114285826
23.3384346785706,0,0.0173424537425691,0,23.3384346785706,0.0173424537425691,0.0173424537425691,0.0173424537425691,0.0189266195413323
31.0786588545351,0,-0.104141192155505,0,31.0786588545351,-0.104141192155505,-0.104141192155505,-0.104141192155505,0.0562787835549554
16.8846431378076,0,0.0592246738975235,0,16.8846431378076,0.0592246738975235,0.0592246738975235,0.0592246738975235,0.0580511049145327
161.44719403208,0,-0.16863791424748,0,161.44719403208,-0.16863791424748,-0.16863791424748,-0.16863791424748,0.0430774991310983
10.8384906759069,0,-0.00221059163205814,0,10.8384906759069,-0.00221059163205814,-0.00221059163205814,-0.00221059163205814,0.0251376149245104
7.87691324476292,0,-0.0704972430897311,0,7.87691324476292,-0.0704972430897311,-0.0704972430897311,-0.0704972430897311,0.0322283121382998
14.6925462604222,0,-0.00458452472707301,0,14.6925462604222,-0.00458452472707301,-0.00458452472707301,-0.00458452472707301,0.0444254697733256
12.6985002447189,0,0.0156151615690587,0,12.6985002447189,0.0156151615690587,0.0156151615690587,0.0156151615690587,0.0344296478282526
14.3972634987083,0,-0.0237118006498921,0,14.3972634987083,-0.0237118006498921,-0.0237118006498921,-0.0237118006498921,0.0295064854269103
14.1514365378187,0,-0.0107350800784212,0,14.1514365378187,-0.0107350800784212,-0.0107350800784212,-0.0107350800784212,0.0554744268805768
27.9381463268887,0,-0.0196646199066465,0,27.9381463268887,-0.0196646199066465,-0.0196646199066465,-0.0196646199066465,0.0266030945529787
24.4728765020316,0,-0.0883766236254439,0,24.4728765020316,-0.0883766236254439,-0.0883766236254439,-0.0883766236254439,0.0473406670453721
13.4368696617468,0,0.0535402362440232,0,13.4368696617468,0.0535402362440232,0.0535402362440232,0.0535402362440232,0.0282079903838013
7.48402930279067,0,0.00968988201586394,0,7.48402930279067,0.00968988201586394,0.00968988201586394,0.00968988201586394,0.0686754083472401
25.9320346135502,0,-0.0232712391594247,0,25.9320346135502,-0.0232712391594247,-0.0232712391594247,-0.0232712391594247,0.0300519735078187
NA,NA,NA,NA,NA,NA,NA,NA,NA
12.0144898669671,0,-0.0304643580877798,0,12.0144898669671,-0.0304643580877798,-0.0304643580877798,-0.0304643580877798,0.0246585875375876
5.59197431763262,0,-0.0578220526680145,0,5.59197431763262,-0.0578220526680145,-0.0578220526680145,-0.0578220526680145,0.0290843221745671
7.10118523761685,0,-0.0285278978712163,0,7.10118523761685,-0.0285278978712163,-0.0285278978712163,-0.0285278978712163,0.0595492352872805
8.39406695268219,0,0.0167837864563465,0,8.39406695268219,0.0167837864563465,0.0167837864563465,0.0167837864563465,0.0322473662392579
6.68163411954067,0,0.0399525800720857,0,6.68163411954067,0.0399525800720857,0.0399525800720857,0.0399525800720857,0.0632642521725607
10.9419857642508,0,-0.0876235523401562,0,10.9419857642508,-0.0876235523401562,-0.0876235523401562,-0.0876235523401562,0.0336377588977628
9.567453602661,0,-0.0130573193727359,0,9.567453602661,-0.0130573193727359,-0.0130573193727359,-0.0130573193727359,0.0264340771076804
9.56764954052794,0,-0.00578932875863998,0,9.56764954052794,-0.00578932875863998,-0.00578932875863998,-0.00578932875863998,0.0288617279537588
9.58796747981615,0,0.00725905880614161,0,9.58796747981615,0.00725905880614161,0.00725905880614161,0.00725905880614161,0.0422687684348916
12.9045618909384,0,-0.020800428050844,0,12.9045618909384,-0.020800428050844,-0.020800428050844,-0.020800428050844,0.00918914559220215
9.03381024943225,0,-0.0258591277728825,0,9.03381024943225,-0.0258591277728825,-0.0258591277728825,-0.0258591277728825,0.0210013285642308
7.292171244769,0,0.0214216184583366,0,7.292171244769,0.0214216184583366,0.0214216184583366,0.0214216184583366,0.00787016036700002
10.6567948708008,0,0.0203455428827325,0,10.6567948708008,0.0203455428827325,0.0203455428827325,0.0203455428827325,0.0367174068081082
15.83958844307,0,0.0399832495665445,0,15.83958844307,0.0399832495665445,0.0399832495665445,0.0399832495665445,0.0130470310288665
17.7014293147066,0,0.0234372077444364,0,17.7014293147066,0.0234372077444364,0.0234372077444364,0.0234372077444364,0.0323786122878216
14.7585414478692,0,-0.0143222744287462,0,14.7585414478692,-0.0143222744287462,-0.0143222744287462,-0.0143222744287462,0.0637816832942033
20.7521231210355,0,-0.0269978295709997,0,20.7521231210355,-0.0269978295709997,-0.0269978295709997,-0.0269978295709997,0.0154926437594917
13.9836050997556,0,-0.0596374353307077,0,13.9836050997556,-0.0596374353307077,-0.0596374353307077,-0.0596374353307077,0.0260159424457815
11.3110693140974,0,0.00982781565554414,0,11.3110693140974,0.00982781565554414,0.00982781565554414,0.00982781565554414,0.0152975413868066
16.5519463473715,0,-0.0850116784148187,0,16.5519463473715,-0.0850116784148187,-0.0850116784148187,-0.0850116784148187,0.0449328569998866
12.3671082351961,0,0.0210231372322994,0,12.3671082351961,0.0210231372322994,0.0210231372322994,0.0210231372322994,0.0160828742749283
12.3654554745313,0,-0.0686880413546458,0,12.3654554745313,-0.0686880413546458,-0.0686880413546458,-0.0686880413546458,0.0513325050706189
19.2556223171704,0,0.0285945738844167,0,19.2556223171704,0.0285945738844167,0.0285945738844167,0.0285945738844167,0.0139726523520546
34.7312424253189,0,0.00360906084633839,0,34.7312424253189,0.00360906084633839,0.00360906084633839,0.00360906084633839,0.017575833019559
54.7209102152747,0,0.0196726221291343,0,54.7209102152747,0.0196726221291343,0.0196726221291343,0.0196726221291343,0.0109274670854921
6.15335383446594,0,0.00868907833362001,0,6.15335383446594,0.00868907833362001,0.00868907833362001,0.00868907833362001,0.148956660150613
8.22166390729103,0,0.0200227074138689,0,8.22166390729103,0.0200227074138689,0.0200227074138689,0.0200227074138689,0.0889316774406693
6.56936523894705,0,-0.0184803687031215,0,6.56936523894705,-0.0184803687031215,-0.0184803687031215,-0.0184803687031215,0.0397871786329299
7.36539602284415,0,-0.0247872150245361,0,7.36539602284415,-0.0247872150245361,-0.0247872150245361,-0.0247872150245361,0.114121672795408
9.34902839864339,0,-0.0319037471830898,0,9.34902839864339,-0.0319037471830898,-0.0319037471830898,-0.0319037471830898,0.0353702402159913
12.5616640281909,0,0.00441577973083164,0,12.5616640281909,0.00441577973083164,0.00441577973083164,0.00441577973083164,0.0138459086615911
10.5411867057519,0,-0.0885790708954701,0,10.5411867057519,-0.0885790708954701,-0.0885790708954701,-0.0885790708954701,0.0320565633703811
10.8363107906744,0,-0.028098390818107,0,10.8363107906744,-0.028098390818107,-0.028098390818107,-0.028098390818107,0.071926050301895
7.60971237336999,0,0.0425196941211018,0,7.60971237336999,0.0425196941211018,0.0425196941211018,0.0425196941211018,0.0675431227803087
7.13153216147587,0,-0.0477446268787778,0,7.13153216147587,-0.0477446268787778,-0.0477446268787778,-0.0477446268787778,0.0691602399134146
11.3171115233183,0,-0.0301299566297987,0,11.3171115233183,-0.0301299566297987,-0.0301299566297987,-0.0301299566297987,0.0549217163119364
12.491172371433,0,0.00616174807970621,0,12.491172371433,0.00616174807970621,0.00616174807970621,0.00616174807970621,0.0405245193389735
17.7574754531964,0,-0.0364542682670167,0,17.7574754531964,-0.0364542682670167,-0.0364542682670167,-0.0364542682670167,0.0437339114285826
23.3384346785706,0,0.0173424537425691,0,23.3384346785706,0.0173424537425691,0.0173424537425691,0.0173424537425691,0.0189266195413323
31.0786588545351,0,-0.104141192155505,0,31.0786588545351,-0.104141192155505,-0.104141192155505,-0.104141192155505,0.0562787835549554
16.8846431378076,0,0.0592246738975235,0,16.8846431378076,0.0592246738975235,0.0592246738975235,0.0592246738975235,0.0580511049145327
161.44719403208,0,-0.16863791424748,0,161.44719403208,-0.16863791424748,-0.16863791424748,-0.16863791424748,0.0430774991310983
10.8384906759069,0,-0.00221059163205814,0,10.8384906759069,-0.00221059163205814,-0.00221059163205814,-0.00221059163205814,0.0251376149245104
7.87691324476292,0,-0.0704972430897311,0,7.87691324476292,-0.0704972430897311,-0.0704972430897311,-0.0704972430897311,0.0322283121382998
14.6925462604222,0,-0.00458452472707301,0,14.6925462604222,-0.00458452472707301,-0.00458452472707301,-0.00458452472707301,0.0444254697733256
12.6985002447189,0,0.0156151615690587,0,12.6985002447189,0.0156151615690587,0.0156151615690587,0.0156151615690587,0.0344296478282526
14.3972634987083,0,-0.0237118006498921,0,14.3972634987083,-0.0237118006498921,-0.0237118006498921,-0.0237118006498921,0.0295064854269103
14.1514365378187,0,-0.0107350800784212,0,14.1514365378187,-0.0107350800784212,-0.0107350800784212,-0.0107350800784212,0.0554744268805768
27.9381463268887,0,-0.0196646199066465,0,27.9381463268887,-0.0196646199066465,-0.0196646199066465,-0.0196646199066465,0.0266030945529787
24.4728765020316,0,-0.0883766236254439,0,24.4728765020316,-0.0883766236254439,-0.0883766236254439,-0.0883766236254439,0.0473406670453721
13.4368696617468,0,0.0535402362440232,0,13.4368696617468,0.0535402362440232,0.0535402362440232,0.0535402362440232,0.0282079903838013
7.48402930279067,0,0.00968988201586394,0,7.48402930279067,0.00968988201586394,0.00968988201586394,0.00968988201586394,0.0686754083472401
25.9320346135502,0,-0.0232712391594247,0,25.9320346135502,-0.0232712391594247,-0.0232712391594247,-0.0232712391594247,0.0300519735078187
NA,NA,NA,NA,NA,NA,NA,NA,NA
12.0144898669671,0,-0.0304643580877798,0,12.0144898669671,-0.0304643580877798,-0.0304643580877798,-0.0304643580877798,0.0246585875375876
5.59197431763262,0,-0.0578220526680145,0,5.59197431763262,-0.0578220526680145,-0.0578220526680145,-0.0578220526680145,0.0290843221745671
7.10118523761685,0,-0.0285278978712163,0,7.10118523761685,-0.0285278978712163,-0.0285278978712163,-0.0285278978712163,0.0595492352872805
8.39406695268219,0,0.0167837864563465,0,8.39406695268219,0.0167837864563465,0.0167837864563465,0.0167837864563465,0.0322473662392579
6.68163411954067,0,0.0399525800720857,0,6.68163411954067,0.0399525800720857,0.0399525800720857,0.0399525800720857,0.0632642521725607
10.9419857642508,0,-0.0876235523401562,0,10.9419857642508,-0.0876235523401562,-0.0876235523401562,-0.0876235523401562,0.0336377588977628
9.567453602661,0,-0.0130573193727359,0,9.567453602661,-0.0130573193727359,-0.0130573193727359,-0.0130573193727359,0.0264340771076804
9.56764954052794,0,-0.00578932875863998,0,9.56764954052794,-0.00578932875863998,-0.00578932875863998,-0.00578932875863998,0.0288617279537588
9.58796747981615,0,0.00725905880614161,0,9.58796747981615,0.00725905880614161,0.00725905880614161,0.00725905880614161,0.0422687684348916
12.9045618909384,0,-0.020800428050844,0,12.9045618909384,-0.020800428050844,-0.020800428050844,-0.020800428050844,0.00918914559220215
9.03381024943225,0,-0.0258591277728825,0,9.03381024943225,-0.0258591277728825,-0.0258591277728825,-0.0258591277728825,0.0210013285642308
7.292171244769,0,0.0214216184583366,0,7.292171244769,0.0214216184583366,0.0214216184583366,0.0214216184583366,0.00787016036700002
10.6567948708008,0,0.0203455428827325,0,10.6567948708008,0.0203455428827325,0.0203455428827325,0.0203455428827325,0.0367174068081082
15.83958844307,0,0.0399832495665445,0,15.83958844307,0.0399832495665445,0.0399832495665445,0.0399832495665445,0.0130470310288665
17.7014293147066,0,0.0234372077444364,0,17.7014293147066,0.0234372077444364,0.0234372077444364,0.0234372077444364,0.0323786122878216
14.7585414478692,0,-0.0143222744287462,0,14.7585414478692,-0.0143222744287462,-0.0143222744287462,-0.0143222744287462,0.0637816832942033
20.7521231210355,0,-0.0269978295709997,0,20.7521231210355,-0.0269978295709997,-0.0269978295709997,-0.0269978295709997,0.0154926437594917
13.9836050997556,0,-0.0596374353307077,0,13.9836050997556,-0.0596374353307077,-0.0596374353307077,-0.0596374353307077,0.0260159424457815
11.3110693140974,0,0.00982781565554414,0,11.3110693140974,0.00982781565554414,0.00982781565554414,0.00982781565554414,0.0152975413868066
16.5519463473715,0,-0.0850116784148187,0,16.5519463473715,-0.0850116784148187,-0.0850116784148187,-0.0850116784148187,0.0449328569998866
12.3671082351961,0,0.0210231372322994,0,12.3671082351961,0.0210231372322994,0.0210231372322994,0.0210231372322994,0.0160828742749283
12.3654554745313,0,-0.0686880413546458,0,12.3654554745313,-0.0686880413546458,-0.0686880413546458,-0.0686880413546458,0.0513325050706189
19.2556223171704,0,0.0285945738844167,0,19.2556223171704,0.0285945738844167,0.0285945738844167,0.0285945738844167,0.0139726523520546
34.7312424253189,0,0.00360906084633839,0,34.7312424253189,0.00360906084633839,0.00360906084633839,0.00360906084633839,0.017575833019559
54.7209102152747,0,0.0196726221291343,0,54.7209102152747,0.0196726221291343,0.0196726221291343,0.0196726221291343,0.0109274670854921
6.15335383446594,0,0.00868907833362001,0,6.15335383446594,0.00868907833362001,0.00868907833362001,0.00868907833362001,0.148956660150613
8.22166390729103,0,0.0200227074138689,0,8.22166390729103,0.0200227074138689,0.0200227074138689,0.0200227074138689,0.0889316774406693
6.56936523894705,0,-0.0184803687031215,0,6.56936523894705,-0.0184803687031215,-0.0184803687031215,-0.0184803687031215,0.0397871786329299
7.36539602284415,0,-0.0247872150245361,0,7.36539602284415,-0.0247872150245361,-0.0247872150245361,-0.0247872150245361,0.114121672795408
9.34902839864339,0,-0.0319037471830898,0,9.34902839864339,-0.0319037471830898,-0.0319037471830898,-0.0319037471830898,0.0353702402159913
12.5616640281909,0,0.00441577973083164,0,12.5616640281909,0.00441577973083164,0.00441577973083164,0.00441577973083164,0.0138459086615911
10.5411867057519,0,-0.0885790708954701,0,10.5411867057519,-0.0885790708954701,-0.0885790708954701,-0.0885790708954701,0.0320565633703811
10.8363107906744,0,-0.028098390818107,0,10.8363107906744,-0.028098390818107,-0.028098390818107,-0.028098390818107,0.071926050301895
7.60971237336999,0,0.0425196941211018,0,7.60971237336999,0.0425196941211018,0.0425196941211018,0.0425196941211018,0.0675431227803087
7.13153216147587,0,-0.0477446268787778,0,7.13153216147587,-0.0477446268787778,-0.0477446268787778,-0.0477446268787778,0.0691602399134146
11.3171115233183,0,-0.0301299566297987,0,11.3171115233183,-0.0301299566297987,-0.0301299566297987,-0.0301299566297987,0.0549217163119364
12.491172371433,0,0.00616174807970621,0,12.491172371433,0.00616174807970621,0.00616174807970621,0.00616174807970621,0.0405245193389735
17.7574754531964,0,-0.0364542682670167,0,17.7574754531964,-0.0364542682670167,-0.0364542682670167,-0.0364542682670167,0.0437339114285826
23.3384346785706,0,0.0173424537425691,0,23.3384346785706,0.0173424537425691,0.0173424537425691,0.0173424537425691,0.0189266195413323
31.0786588545351,0,-0.104141192155505,0,31.0786588545351,-0.104141192155505,-0.104141192155505,-0.104141192155505,0.0562787835549554
16.8846431378076,0,0.0592246738975235,0,16.8846431378076,0.0592246738975235,0.0592246738975235,0.0592246738975235,0.0580511049145327
161.44719403208,0,-0.16863791424748,0,161.44719403208,-0.16863791424748,-0.16863791424748,-0.16863791424748,0.0430774991310983
10.8384906759069,0,-0.00221059163205814,0,10.8384906759069,-0.00221059163205814,-0.00221059163205814,-0.00221059163205814,0.0251376149245104
7.87691324476292,0,-0.0704972430897311,0,7.87691324476292,-0.0704972430897311,-0.0704972430897311,-0.0704972430897311,0.0322283121382998
14.6925462604222,0,-0.00458452472707301,0,14.6925462604222,-0.00458452472707301,-0.00458452472707301,-0.00458452472707301,0.0444254697733256
12.6985002447189,0,0.0156151615690587,0,12.6985002447189,0.0156151615690587,0.0156151615690587,0.0156151615690587,0.0344296478282526
14.3972634987083,0,-0.0237118006498921,0,14.3972634987083,-0.0237118006498921,-0.0237118006498921,-0.0237118006498921,0.0295064854269103
14.1514365378187,0,-0.0107350800784212,0,14.1514365378187,-0.0107350800784212,-0.0107350800784212,-0.0107350800784212,0.0554744268805768
27.9381463268887,0,-0.0196646199066465,0,27.9381463268887,-0.0196646199066465,-0.0196646199066465,-0.0196646199066465,0.0266030945529787
24.4728765020316,0,-0.0883766236254439,0,24.4728765020316,-0.0883766236254439,-0.0883766236254439,-0.0883766236254439,0.0473406670453721
13.4368696617468,0,0.0535402362440232,0,13.4368696617468,0.0535402362440232,0.0535402362440232,0.0535402362440232,0.0282079903838013
7.48402930279067,0,0.00968988201586394,0,7.48402930279067,0.00968988201586394,0.00968988201586394,0.00968988201586394,0.0686754083472401
25.9320346135502,0,-0.0232712391594247,0,25.9320346135502,-0.0232712391594247,-0.0232712391594247,-0.0232712391594247,0.0300519735078187
NA,NA,NA,NA,NA,NA,NA,NA,NA
12.0144898669671,0,-0.0304643580877798,0,12.0144898669671,-0.0304643580877798,-0.0304643580877798,-0.0304643580877798,0.0246585875375876
5.59197431763262,0,-0.0578220526680145,0,5.59197431763262,-0.0578220526680145,-0.0578220526680145,-0.0578220526680145,0.0290843221745671
7.10118523761685,0,-0.0285278978712163,0,7.10118523761685,-0.0285278978712163,-0.0285278978712163,-0.0285278978712163,0.0595492352872805
8.39406695268219,0,0.0167837864563465,0,8.39406695268219,0.0167837864563465,0.0167837864563465,0.0167837864563465,0.0322473662392579
6.68163411954067,0,0.0399525800720857,0,6.68163411954067,0.0399525800720857,0.0399525800720857,0.0399525800720857,0.0632642521725607
10.9419857642508,0,-0.0876235523401562,0,10.9419857642508,-0.0876235523401562,-0.0876235523401562,-0.0876235523401562,0.0336377588977628
9.567453602661,0,-0.0130573193727359,0,9.567453602661,-0.0130573193727359,-0.0130573193727359,-0.0130573193727359,0.0264340771076804
9.56764954052794,0,-0.00578932875863998,0,9.56764954052794,-0.00578932875863998,-0.00578932875863998,-0.00578932875863998,0.0288617279537588
9.58796747981615,0,0.00725905880614161,0,9.58796747981615,0.00725905880614161,0.00725905880614161,0.00725905880614161,0.0422687684348916
12.9045618909384,0,-0.020800428050844,0,12.9045618909384,-0.020800428050844,-0.020800428050844,-0.020800428050844,0.00918914559220215
9.03381024943225,0,-0.0258591277728825,0,9.03381024943225,-0.0258591277728825,-0.0258591277728825,-0.0258591277728825,0.0210013285642308
7.292171244769,0,0.0214216184583366,0,7.292171244769,0.0214216184583366,0.0214216184583366,0.0214216184583366,0.00787016036700002
10.6567948708008,0,0.0203455428827325,0,10.6567948708008,0.0203455428827325,0.0203455428827325,0.0203455428827325,0.0367174068081082
15.83958844307,0,0.0399832495665445,0,15.83958844307,0.0399832495665445,0.0399832495665445,0.0399832495665445,0.0130470310288665
17.7014293147066,0,0.0234372077444364,0,17.7014293147066,0.0234372077444364,0.0234372077444364,0.0234372077444364,0.0323786122878216
14.7585414478692,0,-0.0143222744287462,0,14.7585414478692,-0.0143222744287462,-0.0143222744287462,-0.0143222744287462,0.0637816832942033
20.7521231210355,0,-0.0269978295709997,0,20.7521231210355,-0.0269978295709997,-0.0269978295709997,-0.0269978295709997,0.0154926437594917
13.9836050997556,0,-0.0596374353307077,0,13.9836050997556,-0.0596374353307077,-0.0596374353307077,-0.0596374353307077,0.0260159424457815
11.3110693140974,0,0.00982781565554414,0,11.3110693140974,0.00982781565554414,0.00982781565554414,0.00982781565554414,0.0152975413868066
16.5519463473715,0,-0.0850116784148187,0,16.5519463473715,-0.0850116784148187,-0.0850116784148187,-0.0850116784148187,0.0449328569998866
12.3671082351961,0,0.0210231372322994,0,12.3671082351961,0.0210231372322994,0.0210231372322994,0.0210231372322994,0.0160828742749283
12.3654554745313,0,-0.0686880413546458,0,12.3654554745313,-0.0686880413546458,-0.0686880413546458,-0.0686880413546458,0.0513325050706189
19.2556223171704,0,0.0285945738844167,0,19.2556223171704,0.0285945738844167,0.0285945738844167,0.0285945738844167,0.0139726523520546
34.7312424253189,0,0.00360906084633839,0,34.7312424253189,0.00360906084633839,0.00360906084633839,0.00360906084633839,0.017575833019559
54.7209102152747,0,0.0196726221291343,0,54.7209102152747,0.0196726221291343,0.0196726221291343,0.0196726221291343,0.0109274670854921
6.15335383446594,0,0.00868907833362001,0,6.15335383446594,0.00868907833362001,0.00868907833362001,0.00868907833362001,0.148956660150613
8.22166390729103,0,0.0200227074138689,0,8.22166390729103,0.0200227074138689,0.0200227074138689,0.0200227074138689,0.0889316774406693
6.56936523894705,0,-0.0184803687031215,0,6.56936523894705,-0.0184803687031215,-0.0184803687031215,-0.0184803687031215,0.0397871786329299
7.36539602284415,0,-0.0247872150245361,0,7.36539602284415,-0.0247872150245361,-0.0247872150245361,-0.0247872150245361,0.114121672795408
9.34902839864339,0,-0.0319037471830898,0,9.34902839864339,-0.0319037471830898,-0.0319037471830898,-0.0319037471830898,0.0353702402159913
12.5616640281909,0,0.00441577973083164,0,12.5616640281909,0.00441577973083164,0.00441577973083164,0.00441577973083164,0.0138459086615911
10.5411867057519,0,-0.0885790708954701,0,10.5411867057519,-0.0885790708954701,-0.0885790708954701,-0.0885790708954701,0.0320565633703811
10.8363107906744,0,-0.028098390818107,0,10.8363107906744,-0.028098390818107,-0.028098390818107,-0.028098390818107,0.071926050301895
7.60971237336999,0,0.0425196941211018,0,7.60971237336999,0.0425196941211018,0.0425196941211018,0.0425196941211018,0.0675431227803087
7.13153216147587,0,-0.0477446268787778,0,7.13153216147587,-0.0477446268787778,-0.0477446268787778,-0.0477446268787778,0.0691602399134146
11.3171115233183,0,-0.0301299566297987,0,11.3171115233183,-0.0301299566297987,-0.0301299566297987,-0.0301299566297987,0.0549217163119364
12.491172371433,0,0.00616174807970621,0,12.491172371433,0.00616174807970621,0.00616174807970621,0.00616174807970621,0.0405245193389735
17.7574754531964,0,-0.0364542682670167,0,17.7574754531964,-0.0364542682670167,-0.0364542682670167,-0.0364542682670167,0.0437339114285826
23.3384346785706,0,0.0173424537425691,0,23.3384346785706,0.0173424537425691,0.0173424537425691,0.0173424537425691,0.0189266195413323
31.0786588545351,0,-0.104141192155505,0,31.0786588545351,-0.104141192155505,-0.104141192155505,-0.104141192155505,0.0562787835549554
16.8846431378076,0,0.0592246738975235,0,16.8846431378076,0.0592246738975235,0.0592246738975235,0.0592246738975235,0.0580511049145327
116.163680678339,0,0.134020390247662,0,116.163680678339,0.134020390247662,0.134020390247662,0.134020390247662,0.0281449144170898
10.8384906759069,0,-0.00221059163205814,0,10.8384906759069,-0.00221059163205814,-0.00221059163205814,-0.00221059163205814,0.0251376149245104
7.87691324476292,0,-0.0704972430897311,0,7.87691324476292,-0.0704972430897311,-0.0704972430897311,-0.0704972430897311,0.0322283121382998
14.6925462604222,0,-0.00458452472707301,0,14.6925462604222,-0.00458452472707301,-0.00458452472707301,-0.00458452472707301,0.0444254697733256
12.6985002447189,0,0.0156151615690587,0,12.6985002447189,0.0156151615690587,0.0156151615690587,0.0156151615690587,0.0344296478282526
14.3972634987083,0,-0.0237118006498921,0,14.3972634987083,-0.0237118006498921,-0.0237118006498921,-0.0237118006498921,0.0295064854269103
14.1514365378187,0,-0.0107350800784212,0,14.1514365378187,-0.0107350800784212,-0.0107350800784212,-0.0107350800784212,0.0554744268805768
27.9381463268887,0,-0.0196646199066465,0,27.9381463268887,-0.0196646199066465,-0.0196646199066465,-0.0196646199066465,0.0266030945529787
24.4728765020316,0,-0.0883766236254439,0,24.4728765020316,-0.0883766236254439,-0.0883766236254439,-0.0883766236254439,0.0473406670453721
13.4368696617468,0,0.0535402362440232,0,13.4368696617468,0.0535402362440232,0.0535402362440232,0.0535402362440232,0.0282079903838013
7.48402930279067,0,0.00968988201586394,0,7.48402930279067,0.00968988201586394,0.00968988201586394,0.00968988201586394,0.0686754083472401
25.9320346135502,0,-0.0232712391594247,0,25.9320346135502,-0.0232712391594247,-0.0232712391594247,-0.0232712391594247,0.0300519735078187
NA,NA,NA,NA,NA,NA,NA,NA,NA
12.0144898669671,0,-0.0304643580877798,0,12.0144898669671,-0.0304643580877798,-0.0304643580877798,-0.0304643580877798,0.0246585875375876
5.59197431763262,0,-0.0578220526680145,0,5.59197431763262,-0.0578220526680145,-0.0578220526680145,-0.0578220526680145,0.0290843221745671
7.10118523761685,0,-0.0285278978712163,0,7.10118523761685,-0.0285278978712163,-0.0285278978712163,-0.0285278978712163,0.0595492352872805
8.39406695268219,0,0.0167837864563465,0,8.39406695268219,0.0167837864563465,0.0167837864563465,0.0167837864563465,0.0322473662392579
6.68163411954067,0,0.0399525800720857,0,6.68163411954067,0.0399525800720857,0.0399525800720857,0.0399525800720857,0.0632642521725607
10.9419857642508,0,-0.0876235523401562,0,10.9419857642508,-0.0876235523401562,-0.0876235523401562,-0.0876235523401562,0.0336377588977628
9.567453602661,0,-0.0130573193727359,0,9.567453602661,-0.0130573193727359,-0.0130573193727359,-0.0130573193727359,0.0264340771076804
9.56764954052794,0,-0.00578932875863998,0,9.56764954052794,-0.00578932875863998,-0.00578932875863998,-0.00578932875863998,0.0288617279537588
9.58796747981615,0,0.00725905880614161,0,9.58796747981615,0.00725905880614161,0.00725905880614161,0.00725905880614161,0.0422687684348916
12.9045618909384,0,-0.020800428050844,0,12.9045618909384,-0.020800428050844,-0.020800428050844,-0.020800428050844,0.00918914559220215
9.03381024943225,0,-0.0258591277728825,0,9.03381024943225,-0.0258591277728825,-0.0258591277728825,-0.0258591277728825,0.0210013285642308
7.292171244769,0,0.0214216184583366,0,7.292171244769,0.0214216184583366,0.0214216184583366,0.0214216184583366,0.00787016036700002
10.6567948708008,0,0.0203455428827325,0,10.6567948708008,0.0203455428827325,0.0203455428827325,0.0203455428827325,0.0367174068081082
15.83958844307,0,0.0399832495665445,0,15.83958844307,0.0399832495665445,0.0399832495665445,0.0399832495665445,0.0130470310288665
17.7014293147066,0,0.0234372077444364,0,17.7014293147066,0.0234372077444364,0.0234372077444364,0.0234372077444364,0.0323786122878216
14.7585414478692,0,-0.0143222744287462,0,14.7585414478692,-0.0143222744287462,-0.0143222744287462,-0.0143222744287462,0.0637816832942033
20.7521231210355,0,-0.0269978295709997,0,20.7521231210355,-0.0269978295709997,-0.0269978295709997,-0.0269978295709997,0.0154926437594917
13.9836050997556,0,-0.0596374353307077,0,13.9836050997556,-0.0596374353307077,-0.0596374353307077,-0.0596374353307077,0.0260159424457815
11.3110693140974,0,0.00982781565554414,0,11.3110693140974,0.00982781565554414,0.00982781565554414,0.00982781565554414,0.0152975413868066
16.5519463473715,0,-0.0850116784148187,0,16.5519463473715,-0.0850116784148187,-0.0850116784148187,-0.0850116784148187,0.0449328569998866
12.3671082351961,0,0.0210231372322994,0,12.3671082351961,0.0210231372322994,0.0210231372322994,0.0210231372322994,0.0160828742749283
12.3654554745313,0,-0.0686880413546458,0,12.3654554745313,-0.0686880413546458,-0.0686880413546458,-0.0686880413546458,0.0513325050706189
19.2556223171704,0,0.0285945738844167,0,19.2556223171704,0.0285945738844167,0.0285945738844167,0.0285945738844167,0.0139726523520546
34.7312424253189,0,0.00360906084633839,0,34.7312424253189,0.00360906084633839,0.00360906084633839,0.00360906084633839,0.017575833019559
54.7209102152747,0,0.0196726221291343,0,54.7209102152747,0.0196726221291343,0.0196726221291343,0.0196726221291343,0.0109274670854921
6.15335383446594,0,0.00868907833362001,0,6.15335383446594,0.00868907833362001,0.00868907833362001,0.00868907833362001,0.148956660150613
8.22166390729103,0,0.0200227074138689,0,8.22166390729103,0.0200227074138689,0.0200227074138689,0.0200227074138689,0.0889316774406693
6.56936523894705,0,-0.0184803687031215,0,6.56936523894705,-0.0184803687031215,-0.0184803687031215,-0.0184803687031215,0.0397871786329299
7.36539602284415,0,-0.0247872150245361,0,7.36539602284415,-0.0247872150245361,-0.0247872150245361,-0.0247872150245361,0.114121672795408
9.34902839864339,0,-0.0319037471830898,0,9.34902839864339,-0.0319037471830898,-0.0319037471830898,-0.0319037471830898,0.0353702402159913
12.5616640281909,0,0.00441577973083164,0,12.5616640281909,0.00441577973083164,0.00441577973083164,0.00441577973083164,0.0138459086615911
10.5411867057519,0,-0.0885790708954701,0,10.5411867057519,-0.0885790708954701,-0.0885790708954701,-0.0885790708954701,0.0320565633703811
10.8363107906744,0,-0.028098390818107,0,10.8363107906744,-0.028098390818107,-0.028098390818107,-0.028098390818107,0.071926050301895
7.60971237336999,0,0.0425196941211018,0,7.60971237336999,0.0425196941211018,0.0425196941211018,0.0425196941211018,0.0675431227803087
7.13153216147587,0,-0.0477446268787778,0,7.13153216147587,-0.0477446268787778,-0.0477446268787778,-0.0477446268787778,0.0691602399134146
11.3171115233183,0,-0.0301299566297987,0,11.3171115233183,-0.0301299566297987,-0.0301299566297987,-0.0301299566297987,0.0549217163119364
12.491172371433,0,0.00616174807970621,0,12.491172371433,0.00616174807970621,0.00616174807970621,0.00616174807970621,0.0405245193389735
17.7574754531964,0,-0.0364542682670167,0,17.7574754531964,-0.0364542682670167,-0.0364542682670167,-0.0364542682670167,0.0437339114285826
23.3384346785706,0,0.0173424537425691,0,23.3384346785706,0.0173424537425691,0.0173424537425691,0.0173424537425691,0.0189266195413323
31.0786588545351,0,-0.104141192155505,0,31.0786588545351,-0.104141192155505,-0.104141192155505,-0.104141192155505,0.0562787835549554
16.8846431378076,0,0.0592246738975235,0,16.8846431378076,0.0592246738975235,0.0592246738975235,0.0592246738975235,0.0580511049145327
116.163680678339,0,0.134020390247662,0,116.163680678339,0.134020390247662,0.134020390247662,0.134020390247662,0.0281449144170898
10.8384906759069,0,-0.00221059163205814,0,10.8384906759069,-0.00221059163205814,-0.00221059163205814,-0.00221059163205814,0.0251376149245104
7.87691324476292,0,-0.0704972430897311,0,7.87691324476292,-0.0704972430897311,-0.0704972430897311,-0.0704972430897311,0.0322283121382998
14.6925462604222,0,-0.00458452472707301,0,14.6925462604222,-0.00458452472707301,-0.00458452472707301,-0.00458452472707301,0.0444254697733256
12.6985002447189,0,0.0156151615690587,0,12.6985002447189,0.0156151615690587,0.0156151615690587,0.0156151615690587,0.0344296478282526
14.3972634987083,0,-0.0237118006498921,0,14.3972634987083,-0.0237118006498921,-0.0237118006498921,-0.0237118006498921,0.0295064854269103
14.1514365378187,0,-0.0107350800784212,0,14.1514365378187,-0.0107350800784212,-0.0107350800784212,-0.0107350800784212,0.0554744268805768
27.9381463268887,0,-0.0196646199066465,0,27.9381463268887,-0.0196646199066465,-0.0196646199066465,-0.0196646199066465,0.0266030945529787
24.4728765020316,0,-0.0883766236254439,0,24.4728765020316,-0.0883766236254439,-0.0883766236254439,-0.0883766236254439,0.0473406670453721
13.4368696617468,0,0.0535402362440232,0,13.4368696617468,0.0535402362440232,0.0535402362440232,0.0535402362440232,0.0282079903838013
7.48402930279067,0,0.00968988201586394,0,7.48402930279067,0.00968988201586394,0.00968988201586394,0.00968988201586394,0.0686754083472401
25.9320346135502,0,-0.0232712391594247,0,25.9320346135502,-0.0232712391594247,-0.0232712391594247,-0.0232712391594247,0.0300519735078187
NA,NA,NA,NA,NA,NA,NA,NA,NA
12.0144898669671,0,-0.0304643580877798,0,12.0144898669671,-0.0304643580877798,-0.0304643580877798,-0.0304643580877798,0.0246585875375876
5.59197431763262,0,-0.0578220526680145,0,5.59197431763262,-0.0578220526680145,-0.0578220526680145,-0.0578220526680145,0.0290843221745671
7.10118523761685,0,-0.0285278978712163,0,7.10118523761685,-0.0285278978712163,-0.0285278978712163,-0.0285278978712163,0.0595492352872805
8.39406695268219,0,0.0167837864563465,0,8.39406695268219,0.0167837864563465,0.0167837864563465,0.0167837864563465,0.0322473662392579
6.68163411954067,0,0.0399525800720857,0,6.68163411954067,0.0399525800720857,0.0399525800720857,0.0399525800720857,0.0632642521725607
10.9419857642508,0,-0.0876235523401562,0,10.9419857642508,-0.0876235523401562,-0.0876235523401562,-0.0876235523401562,0.0336377588977628
9.567453602661,0,-0.0130573193727359,0,9.567453602661,-0.0130573193727359,-0.0130573193727359,-0.0130573193727359,0.0264340771076804
9.56764954052794,0,-0.00578932875863998,0,9.56764954052794,-0.00578932875863998,-0.00578932875863998,-0.00578932875863998,0.0288617279537588
9.58796747981615,0,0.00725905880614161,0,9.58796747981615,0.00725905880614161,0.00725905880614161,0.00725905880614161,0.0422687684348916
12.9045618909384,0,-0.020800428050844,0,12.9045618909384,-0.020800428050844,-0.020800428050844,-0.020800428050844,0.00918914559220215
9.03381024943225,0,-0.0258591277728825,0,9.03381024943225,-0.0258591277728825,-0.0258591277728825,-0.0258591277728825,0.0210013285642308
7.292171244769,0,0.0214216184583366,0,7.292171244769,0.0214216184583366,0.0214216184583366,0.0214216184583366,0.00787016036700002
10.6567948708008,0,0.0203455428827325,0,10.6567948708008,0.0203455428827325,0.0203455428827325,0.0203455428827325,0.0367174068081082
15.83958844307,0,0.0399832495665445,0,15.83958844307,0.0399832495665445,0.0399832495665445,0.0399832495665445,0.0130470310288665
17.7014293147066,0,0.0234372077444364,0,17.7014293147066,0.0234372077444364,0.0234372077444364,0.0234372077444364,0.0323786122878216
14.7585414478692,0,-0.0143222744287462,0,14.7585414478692,-0.0143222744287462,-0.0143222744287462,-0.0143222744287462,0.0637816832942033
20.7521231210355,0,-0.0269978295709997,0,20.7521231210355,-0.0269978295709997,-0.0269978295709997,-0.0269978295709997,0.0154926437594917
13.9836050997556,0,-0.0596374353307077,0,13.9836050997556,-0.0596374353307077,-0.0596374353307077,-0.0596374353307077,0.0260159424457815
11.3110693140974,0,0.00982781565554414,0,11.3110693140974,0.00982781565554414,0.00982781565554414,0.00982781565554414,0.0152975413868066
16.5519463473715,0,-0.0850116784148187,0,16.5519463473715,-0.0850116784148187,-0.0850116784148187,-0.0850116784148187,0.0449328569998866
12.3671082351961,0,0.0210231372322994,0,12.3671082351961,0.0210231372322994,0.0210231372322994,0.0210231372322994,0.0160828742749283
12.3654554745313,0,-0.0686880413546458,0,12.3654554745313,-0.0686880413546458,-0.0686880413546458,-0.0686880413546458,0.0513325050706189
19.2556223171704,0,0.0285945738844167,0,19.2556223171704,0.0285945738844167,0.0285945738844167,0.0285945738844167,0.0139726523520546
34.7312424253189,0,0.00360906084633839,0,34.7312424253189,0.00360906084633839,0.00360906084633839,0.00360906084633839,0.017575833019559
54.7209102152747,0,0.0196726221291343,0,54.7209102152747,0.0196726221291343,0.0196726221291343,0.0196726221291343,0.0109274670854921
6.15335383446594,0,0.00868907833362001,0,6.15335383446594,0.00868907833362001,0.00868907833362001,0.00868907833362001,0.148956660150613
8.22166390729103,0,0.0200227074138689,0,8.22166390729103,0.0200227074138689,0.0200227074138689,0.0200227074138689,0.0889316774406693
6.56936523894705,0,-0.0184803687031215,0,6.56936523894705,-0.0184803687031215,-0.0184803687031215,-0.0184803687031215,0.0397871786329299
7.36539602284415,0,-0.0247872150245361,0,7.36539602284415,-0.0247872150245361,-0.0247872150245361,-0.0247872150245361,0.114121672795408
9.34902839864339,0,-0.0319037471830898,0,9.34902839864339,-0.0319037471830898,-0.0319037471830898,-0.0319037471830898,0.0353702402159913
12.5616640281909,0,0.00441577973083164,0,12.5616640281909,0.00441577973083164,0.00441577973083164,0.00441577973083164,0.0138459086615911
10.5411867057519,0,-0.0885790708954701,0,10.5411867057519,-0.0885790708954701,-0.0885790708954701,-0.0885790708954701,0.0320565633703811
10.8363107906744,0,-0.028098390818107,0,10.8363107906744,-0.028098390818107,-0.028098390818107,-0.028098390818107,0.071926050301895
7.60971237336999,0,0.0425196941211018,0,7.60971237336999,0.0425196941211018,0.0425196941211018,0.0425196941211018,0.0675431227803087
7.13153216147587,0,-0.0477446268787778,0,7.13153216147587,-0.0477446268787778,-0.0477446268787778,-0.0477446268787778,0.0691602399134146
11.3171115233183,0,-0.0301299566297987,0,11.3171115233183,-0.0301299566297987,-0.0301299566297987,-0.0301299566297987,0.0549217163119364
12.491172371433,0,0.00616174807970621,0,12.491172371433,0.00616174807970621,0.00616174807970621,0.00616174807970621,0.0405245193389735
17.7574754531964,0,-0.0364542682670167,0,17.7574754531964,-0.0364542682670167,-0.0364542682670167,-0.0364542682670167,0.0437339114285826
23.3384346785706,0,0.0173424537425691,0,23.3384346785706,0.0173424537425691,0.0173424537425691,0.0173424537425691,0.0189266195413323
31.0786588545351,0,-0.104141192155505,0,31.0786588545351,-0.104141192155505,-0.104141192155505,-0.104141192155505,0.0562787835549554
16.8846431378076,0,0.0592246738975235,0,16.8846431378076,0.0592246738975235,0.0592246738975235,0.0592246738975235,0.0580511049145327
116.163680678339,0,0.134020390247662,0,116.163680678339,0.134020390247662,0.134020390247662,0.134020390247662,0.0281449144170898
10.8384906759069,0,-0.00221059163205814,0,10.8384906759069,-0.00221059163205814,-0.00221059163205814,-0.00221059163205814,0.0251376149245104
7.87691324476292,0,-0.0704972430897311,0,7.87691324476292,-0.0704972430897311,-0.0704972430897311,-0.0704972430897311,0.0322283121382998
14.6925462604222,0,-0.00458452472707301,0,14.6925462604222,-0.00458452472707301,-0.00458452472707301,-0.00458452472707301,0.0444254697733256
12.6985002447189,0,0.0156151615690587,0,12.6985002447189,0.0156151615690587,0.0156151615690587,0.0156151615690587,0.0344296478282526
14.3972634987083,0,-0.0237118006498921,0,14.3972634987083,-0.0237118006498921,-0.0237118006498921,-0.0237118006498921,0.0295064854269103
14.1514365378187,0,-0.0107350800784212,0,14.1514365378187,-0.0107350800784212,-0.0107350800784212,-0.0107350800784212,0.0554744268805768
27.9381463268887,0,-0.0196646199066465,0,27.9381463268887,-0.0196646199066465,-0.0196646199066465,-0.0196646199066465,0.0266030945529787
24.4728765020316,0,-0.0883766236254439,0,24.4728765020316,-0.0883766236254439,-0.0883766236254439,-0.0883766236254439,0.0473406670453721
13.4368696617468,0,0.0535402362440232,0,13.4368696617468,0.0535402362440232,0.0535402362440232,0.0535402362440232,0.0282079903838013
7.48402930279067,0,0.00968988201586394,0,7.48402930279067,0.00968988201586394,0.00968988201586394,0.00968988201586394,0.0686754083472401
25.9320346135502,0,-0.0232712391594247,0,25.9320346135502,-0.0232712391594247,-0.0232712391594247,-0.0232712391594247,0.0300519735078187
NA,NA,NA,NA,NA,NA,NA,NA,NA
12.0144898669671,0,-0.0304643580877798,0,12.0144898669671,-0.0304643580877798,-0.0304643580877798,-0.0304643580877798,0.0246585875375876
5.59197431763262,0,-0.0578220526680145,0,5.59197431763262,-0.0578220526680145,-0.0578220526680145,-0.0578220526680145,0.0290843221745671
7.10118523761685,0,-0.0285278978712163,0,7.10118523761685,-0.0285278978712163,-0.0285278978712163,-0.0285278978712163,0.0595492352872805
8.39406695268219,0,0.0167837864563465,0,8.39406695268219,0.0167837864563465,0.0167837864563465,0.0167837864563465,0.0322473662392579
6.68163411954067,0,0.0399525800720857,0,6.68163411954067,0.0399525800720857,0.0399525800720857,0.0399525800720857,0.0632642521725607
10.9419857642508,0,-0.0876235523401562,0,10.9419857642508,-0.0876235523401562,-0.0876235523401562,-0.0876235523401562,0.0336377588977628
9.567453602661,0,-0.0130573193727359,0,9.567453602661,-0.0130573193727359,-0.0130573193727359,-0.0130573193727359,0.0264340771076804
9.56764954052794,0,-0.00578932875863998,0,9.56764954052794,-0.00578932875863998,-0.00578932875863998,-0.00578932875863998,0.0288617279537588
9.58796747981615,0,0.00725905880614161,0,9.58796747981615,0.00725905880614161,0.00725905880614161,0.00725905880614161,0.0422687684348916
12.9045618909384,0,-0.020800428050844,0,12.9045618909384,-0.020800428050844,-0.020800428050844,-0.020800428050844,0.00918914559220215
9.03381024943225,0,-0.0258591277728825,0,9.03381024943225,-0.0258591277728825,-0.0258591277728825,-0.0258591277728825,0.0210013285642308
7.292171244769,0,0.0214216184583366,0,7.292171244769,0.0214216184583366,0.0214216184583366,0.0214216184583366,0.00787016036700002
10.6567948708008,0,0.0203455428827325,0,10.6567948708008,0.0203455428827325,0.0203455428827325,0.0203455428827325,0.0367174068081082
15.83958844307,0,0.0399832495665445,0,15.83958844307,0.0399832495665445,0.0399832495665445,0.0399832495665445,0.0130470310288665
17.7014293147066,0,0.0234372077444364,0,17.7014293147066,0.0234372077444364,0.0234372077444364,0.0234372077444364,0.0323786122878216
14.7585414478692,0,-0.0143222744287462,0,14.7585414478692,-0.0143222744287462,-0.0143222744287462,-0.0143222744287462,0.0637816832942033
20.7521231210355,0,-0.0269978295709997,0,20.7521231210355,-0.0269978295709997,-0.0269978295709997,-0.0269978295709997,0.0154926437594917
13.9836050997556,0,-0.0596374353307077,0,13.9836050997556,-0.0596374353307077,-0.0596374353307077,-0.0596374353307077,0.0260159424457815
11.3110693140974,0,0.00982781565554414,0,11.3110693140974,0.00982781565554414,0.00982781565554414,0.00982781565554414,0.0152975413868066
16.5519463473715,0,-0.0850116784148187,0,16.5519463473715,-0.0850116784148187,-0.0850116784148187,-0.0850116784148187,0.0449328569998866
12.3671082351961,0,0.0210231372322994,0,12.3671082351961,0.0210231372322994,0.0210231372322994,0.0210231372322994,0.0160828742749283
12.3654554745313,0,-0.0686880413546458,0,12.3654554745313,-0.0686880413546458,-0.0686880413546458,-0.0686880413546458,0.0513325050706189
19.2556223171704,0,0.0285945738844167,0,19.2556223171704,0.0285945738844167,0.0285945738844167,0.0285945738844167,0.0139726523520546
34.7312424253189,0,0.00360906084633839,0,34.7312424253189,0.00360906084633839,0.00360906084633839,0.00360906084633839,0.017575833019559
54.7209102152747,0,0.0196726221291343,0,54.7209102152747,0.0196726221291343,0.0196726221291343,0.0196726221291343,0.0109274670854921
6.15335383446594,0,0.00868907833362001,0,6.15335383446594,0.00868907833362001,0.00868907833362001,0.00868907833362001,0.148956660150613
8.22166390729103,0,0.0200227074138689,0,8.22166390729103,0.0200227074138689,0.0200227074138689,0.0200227074138689,0.0889316774406693
6.56936523894705,0,-0.0184803687031215,0,6.56936523894705,-0.0184803687031215,-0.0184803687031215,-0.0184803687031215,0.0397871786329299
7.36539602284415,0,-0.0247872150245361,0,7.36539602284415,-0.0247872150245361,-0.0247872150245361,-0.0247872150245361,0.114121672795408
9.34902839864339,0,-0.0319037471830898,0,9.34902839864339,-0.0319037471830898,-0.0319037471830898,-0.0319037471830898,0.0353702402159913
12.5616640281909,0,0.00441577973083164,0,12.5616640281909,0.00441577973083164,0.00441577973083164,0.00441577973083164,0.0138459086615911
10.5411867057519,0,-0.0885790708954701,0,10.5411867057519,-0.0885790708954701,-0.0885790708954701,-0.0885790708954701,0.0320565633703811
10.8363107906744,0,-0.028098390818107,0,10.8363107906744,-0.028098390818107,-0.028098390818107,-0.028098390818107,0.071926050301895
7.60971237336999,0,0.0425196941211018,0,7.60971237336999,0.0425196941211018,0.0425196941211018,0.0425196941211018,0.0675431227803087
7.13153216147587,0,-0.0477446268787778,0,7.13153216147587,-0.0477446268787778,-0.0477446268787778,-0.0477446268787778,0.0691602399134146
11.3171115233183,0,-0.0301299566297987,0,11.3171115233183,-0.0301299566297987,-0.0301299566297987,-0.0301299566297987,0.0549217163119364
12.491172371433,0,0.00616174807970621,0,12.491172371433,0.00616174807970621,0.00616174807970621,0.00616174807970621,0.0405245193389735
17.7574754531964,0,-0.0364542682670167,0,17.7574754531964,-0.0364542682670167,-0.0364542682670167,-0.0364542682670167,0.0437339114285826
23.3384346785706,0,0.0173424537425691,0,23.3384346785706,0.0173424537425691,0.0173424537425691,0.0173424537425691,0.0189266195413323
31.0786588545351,0,-0.104141192155505,0,31.0786588545351,-0.104141192155505,-0.104141192155505,-0.104141192155505,0.0562787835549554
16.8846431378076,0,0.0592246738975235,0,16.8846431378076,0.0592246738975235,0.0592246738975235,0.0592246738975235,0.0580511049145327
116.163680678339,0,0.134020390247662,0,116.163680678339,0.134020390247662,0.134020390247662,0.134020390247662,0.0281449144170898
10.8384906759069,0,-0.00221059163205814,0,10.8384906759069,-0.00221059163205814,-0.00221059163205814,-0.00221059163205814,0.0251376149245104
7.87691324476292,0,-0.0704972430897311,0,7.87691324476292,-0.0704972430897311,-0.0704972430897311,-0.0704972430897311,0.0322283121382998
14.6925462604222,0,-0.00458452472707301,0,14.6925462604222,-0.00458452472707301,-0.00458452472707301,-0.00458452472707301,0.0444254697733256
12.6985002447189,0,0.0156151615690587,0,12.6985002447189,0.0156151615690587,0.0156151615690587,0.0156151615690587,0.0344296478282526
14.3972634987083,0,-0.0237118006498921,0,14.3972634987083,-0.0237118006498921,-0.0237118006498921,-0.0237118006498921,0.0295064854269103
14.1514365378187,0,-0.0107350800784212,0,14.1514365378187,-0.0107350800784212,-0.0107350800784212,-0.0107350800784212,0.0554744268805768
27.9381463268887,0,-0.0196646199066465,0,27.9381463268887,-0.0196646199066465,-0.0196646199066465,-0.0196646199066465,0.0266030945529787
24.4728765020316,0,-0.0883766236254439,0,24.4728765020316,-0.0883766236254439,-0.0883766236254439,-0.0883766236254439,0.0473406670453721
13.4368696617468,0,0.0535402362440232,0,13.4368696617468,0.0535402362440232,0.0535402362440232,0.0535402362440232,0.0282079903838013
7.48402930279067,0,0.00968988201586394,0,7.48402930279067,0.00968988201586394,0.00968988201586394,0.00968988201586394,0.0686754083472401
25.9320346135502,0,-0.0232712391594247,0,25.9320346135502,-0.0232712391594247,-0.0232712391594247,-0.0232712391594247,0.0300519735078187
NA,NA,NA,NA,NA,NA,NA,NA,NA
12.0144898669671,0,-0.0304643580877798,0,12.0144898669671,-0.0304643580877798,-0.0304643580877798,-0.0304643580877798,0.0246585875375876
5.59197431763262,0,-0.0578220526680145,0,5.59197431763262,-0.0578220526680145,-0.0578220526680145,-0.0578220526680145,0.0290843221745671
7.10118523761685,0,-0.0285278978712163,0,7.10118523761685,-0.0285278978712163,-0.0285278978712163,-0.0285278978712163,0.0595492352872805
8.39406695268219,0,0.0167837864563465,0,8.39406695268219,0.0167837864563465,0.0167837864563465,0.0167837864563465,0.0322473662392579
6.68163411954067,0,0.0399525800720857,0,6.68163411954067,0.0399525800720857,0.0399525800720857,0.0399525800720857,0.0632642521725607
10.9419857642508,0,-0.0876235523401562,0,10.9419857642508,-0.0876235523401562,-0.0876235523401562,-0.0876235523401562,0.0336377588977628
9.567453602661,0,-0.0130573193727359,0,9.567453602661,-0.0130573193727359,-0.0130573193727359,-0.0130573193727359,0.0264340771076804
9.56764954052794,0,-0.00578932875863998,0,9.56764954052794,-0.00578932875863998,-0.00578932875863998,-0.00578932875863998,0.0288617279537588
9.58796747981615,0,0.00725905880614161,0,9.58796747981615,0.00725905880614161,0.00725905880614161,0.00725905880614161,0.0422687684348916
12.9045618909384,0,-0.020800428050844,0,12.9045618909384,-0.020800428050844,-0.020800428050844,-0.020800428050844,0.00918914559220215
9.03381024943225,0,-0.0258591277728825,0,9.03381024943225,-0.0258591277728825,-0.0258591277728825,-0.0258591277728825,0.0210013285642308
7.292171244769,0,0.0214216184583366,0,7.292171244769,0.0214216184583366,0.0214216184583366,0.0214216184583366,0.00787016036700002
10.6567948708008,0,0.0203455428827325,0,10.6567948708008,0.0203455428827325,0.0203455428827325,0.0203455428827325,0.0367174068081082
15.83958844307,0,0.0399832495665445,0,15.83958844307,0.0399832495665445,0.0399832495665445,0.0399832495665445,0.0130470310288665
17.7014293147066,0,0.0234372077444364,0,17.7014293147066,0.0234372077444364,0.0234372077444364,0.0234372077444364,0.0323786122878216
14.7585414478692,0,-0.0143222744287462,0,14.7585414478692,-0.0143222744287462,-0.0143222744287462,-0.0143222744287462,0.0637816832942033
20.7521231210355,0,-0.0269978295709997,0,20.7521231210355,-0.0269978295709997,-0.0269978295709997,-0.0269978295709997,0.0154926437594917
13.9836050997556,0,-0.0596374353307077,0,13.9836050997556,-0.0596374353307077,-0.0596374353307077,-0.0596374353307077,0.0260159424457815
11.3110693140974,0,0.00982781565554414,0,11.3110693140974,0.00982781565554414,0.00982781565554414,0.00982781565554414,0.0152975413868066
16.5519463473715,0,-0.0850116784148187,0,16.5519463473715,-0.0850116784148187,-0.0850116784148187,-0.0850116784148187,0.0449328569998866
12.3671082351961,0,0.0210231372322994,0,12.3671082351961,0.0210231372322994,0.0210231372322994,0.0210231372322994,0.0160828742749283
12.3654554745313,0,-0.0686880413546458,0,12.3654554745313,-0.0686880413546458,-0.0686880413546458,-0.0686880413546458,0.0513325050706189
19.2556223171704,0,0.0285945738844167,0,19.2556223171704,0.0285945738844167,0.0285945738844167,0.0285945738844167,0.0139726523520546
34.7312424253189,0,0.00360906084633839,0,34.7312424253189,0.00360906084633839,0.00360906084633839,0.00360906084633839,0.017575833019559
54.7209102152747,0,0.0196726221291343,0,54.7209102152747,0.0196726221291343,0.0196726221291343,0.0196726221291343,0.0109274670854921
6.15335383446594,0,0.00868907833362001,0,6.15335383446594,0.00868907833362001,0.00868907833362001,0.00868907833362001,0.148956660150613
8.22166390729103,0,0.0200227074138689,0,8.22166390729103,0.0200227074138689,0.0200227074138689,0.0200227074138689,0.0889316774406693
6.56936523894705,0,-0.0184803687031215,0,6.56936523894705,-0.0184803687031215,-0.0184803687031215,-0.0184803687031215,0.0397871786329299
7.36539602284415,0,-0.0247872150245361,0,7.36539602284415,-0.0247872150245361,-0.0247872150245361,-0.0247872150245361,0.114121672795408
9.34902839864339,0,-0.0319037471830898,0,9.34902839864339,-0.0319037471830898,-0.0319037471830898,-0.0319037471830898,0.0353702402159913
12.5616640281909,0,0.00441577973083164,0,12.5616640281909,0.00441577973083164,0.00441577973083164,0.00441577973083164,0.0138459086615911
10.5411867057519,0,-0.0885790708954701,0,10.5411867057519,-0.0885790708954701,-0.0885790708954701,-0.0885790708954701,0.0320565633703811
10.8363107906744,0,-0.028098390818107,0,10.8363107906744,-0.028098390818107,-0.028098390818107,-0.028098390818107,0.071926050301895
7.60971237336999,0,0.0425196941211018,0,7.60971237336999,0.0425196941211018,0.0425196941211018,0.0425196941211018,0.0675431227803087
7.13153216147587,0,-0.0477446268787778,0,7.13153216147587,-0.0477446268787778,-0.0477446268787778,-0.0477446268787778,0.0691602399134146
11.3171115233183,0,-0.0301299566297987,0,11.3171115233183,-0.0301299566297987,-0.0301299566297987,-0.0301299566297987,0.0549217163119364
12.491172371433,0,0.00616174807970621,0,12.491172371433,0.00616174807970621,0.00616174807970621,0.00616174807970621,0.0405245193389735
17.7574754531964,0,-0.0364542682670167,0,17.7574754531964,-0.0364542682670167,-0.0364542682670167,-0.0364542682670167,0.0437339114285826
23.3384346785706,0,0.0173424537425691,0,23.3384346785706,0.0173424537425691,0.0173424537425691,0.0173424537425691,0.0189266195413323
31.0786588545351,0,-0.104141192155505,0,31.0786588545351,-0.104141192155505,-0.104141192155505,-0.104141192155505,0.0562787835549554
16.8846431378076,0,0.0592246738975235,0,16.8846431378076,0.0592246738975235,0.0592246738975235,0.0592246738975235,0.0580511049145327
116.163680678339,0,0.134020390247662,0,116.163680678339,0.134020390247662,0.134020390247662,0.134020390247662,0.0281449144170898
10.8384906759069,0,-0.00221059163205814,0,10.8384906759069,-0.00221059163205814,-0.00221059163205814,-0.00221059163205814,0.0251376149245104
7.87691324476292,0,-0.0704972430897311,0,7.87691324476292,-0.0704972430897311,-0.0704972430897311,-0.0704972430897311,0.0322283121382998
14.6925462604222,0,-0.00458452472707301,0,14.6925462604222,-0.00458452472707301,-0.00458452472707301,-0.00458452472707301,0.0444254697733256
12.6985002447189,0,0.0156151615690587,0,12.6985002447189,0.0156151615690587,0.0156151615690587,0.0156151615690587,0.0344296478282526
14.3972634987083,0,-0.0237118006498921,0,14.3972634987083,-0.0237118006498921,-0.0237118006498921,-0.0237118006498921,0.0295064854269103
14.1514365378187,0,-0.0107350800784212,0,14.1514365378187,-0.0107350800784212,-0.0107350800784212,-0.0107350800784212,0.0554744268805768
27.9381463268887,0,-0.0196646199066465,0,27.9381463268887,-0.0196646199066465,-0.0196646199066465,-0.0196646199066465,0.0266030945529787
24.4728765020316,0,-0.0883766236254439,0,24.4728765020316,-0.0883766236254439,-0.0883766236254439,-0.0883766236254439,0.0473406670453721
13.4368696617468,0,0.0535402362440232,0,13.4368696617468,0.0535402362440232,0.0535402362440232,0.0535402362440232,0.0282079903838013
7.48402930279067,0,0.00968988201586394,0,7.48402930279067,0.00968988201586394,0.00968988201586394,0.00968988201586394,0.0686754083472401
25.9320346135502,0,-0.0232712391594247,0,25.9320346135502,-0.0232712391594247,-0.0232712391594247,-0.0232712391594247,0.0300519735078187
NA,NA,NA,NA,NA,NA,NA,NA,NA
12.0144898669671,0,-0.0304643580877798,0,12.0144898669671,-0.0304643580877798,-0.0304643580877798,-0.0304643580877798,0.0246585875375876
5.59197431763262,0,-0.0578220526680145,0,5.59197431763262,-0.0578220526680145,-0.0578220526680145,-0.0578220526680145,0.0290843221745671
7.10118523761685,0,-0.0285278978712163,0,7.10118523761685,-0.0285278978712163,-0.0285278978712163,-0.0285278978712163,0.0595492352872805
8.39406695268219,0,0.0167837864563465,0,8.39406695268219,0.0167837864563465,0.0167837864563465,0.0167837864563465,0.0322473662392579
6.68163411954067,0,0.0399525800720857,0,6.68163411954067,0.0399525800720857,0.0399525800720857,0.0399525800720857,0.0632642521725607
10.9419857642508,0,-0.0876235523401562,0,10.9419857642508,-0.0876235523401562,-0.0876235523401562,-0.0876235523401562,0.0336377588977628
9.567453602661,0,-0.0130573193727359,0,9.567453602661,-0.0130573193727359,-0.0130573193727359,-0.0130573193727359,0.0264340771076804
9.56764954052794,0,-0.00578932875863998,0,9.56764954052794,-0.00578932875863998,-0.00578932875863998,-0.00578932875863998,0.0288617279537588
9.58796747981615,0,0.00725905880614161,0,9.58796747981615,0.00725905880614161,0.00725905880614161,0.00725905880614161,0.0422687684348916
12.9045618909384,0,-0.020800428050844,0,12.9045618909384,-0.020800428050844,-0.020800428050844,-0.020800428050844,0.00918914559220215
9.03381024943225,0,-0.0258591277728825,0,9.03381024943225,-0.0258591277728825,-0.0258591277728825,-0.0258591277728825,0.0210013285642308
7.292171244769,0,0.0214216184583366,0,7.292171244769,0.0214216184583366,0.0214216184583366,0.0214216184583366,0.00787016036700002
10.6567948708008,0,0.0203455428827325,0,10.6567948708008,0.0203455428827325,0.0203455428827325,0.0203455428827325,0.0367174068081082
15.83958844307,0,0.0399832495665445,0,15.83958844307,0.0399832495665445,0.0399832495665445,0.0399832495665445,0.0130470310288665
17.7014293147066,0,0.0234372077444364,0,17.7014293147066,0.0234372077444364,0.0234372077444364,0.0234372077444364,0.0323786122878216
14.7585414478692,0,-0.0143222744287462,0,14.7585414478692,-0.0143222744287462,-0.0143222744287462,-0.0143222744287462,0.0637816832942033
20.7521231210355,0,-0.0269978295709997,0,20.7521231210355,-0.0269978295709997,-0.0269978295709997,-0.0269978295709997,0.0154926437594917
13.9836050997556,0,-0.0596374353307077,0,13.9836050997556,-0.0596374353307077,-0.0596374353307077,-0.0596374353307077,0.0260159424457815
11.3110693140974,0,0.00982781565554414,0,11.3110693140974,0.00982781565554414,0.00982781565554414,0.00982781565554414,0.0152975413868066
16.5519463473715,0,-0.0850116784148187,0,16.5519463473715,-0.0850116784148187,-0.0850116784148187,-0.0850116784148187,0.0449328569998866
12.3671082351961,0,0.0210231372322994,0,12.3671082351961,0.0210231372322994,0.0210231372322994,0.0210231372322994,0.0160828742749283
12.3654554745313,0,-0.0686880413546458,0,12.3654554745313,-0.0686880413546458,-0.0686880413546458,-0.0686880413546458,0.0513325050706189
19.2556223171704,0,0.0285945738844167,0,19.2556223171704,0.0285945738844167,0.0285945738844167,0.0285945738844167,0.0139726523520546
34.7312424253189,0,0.00360906084633839,0,34.7312424253189,0.00360906084633839,0.00360906084633839,0.00360906084633839,0.017575833019559
54.7209102152747,0,0.0196726221291343,0,54.7209102152747,0.0196726221291343,0.0196726221291343,0.0196726221291343,0.0109274670854921
6.15335383446594,0,0.00868907833362001,0,6.15335383446594,0.00868907833362001,0.00868907833362001,0.00868907833362001,0.148956660150613
8.22166390729103,0,0.0200227074138689,0,8.22166390729103,0.0200227074138689,0.0200227074138689,0.0200227074138689,0.0889316774406693
6.56936523894705,0,-0.0184803687031215,0,6.56936523894705,-0.0184803687031215,-0.0184803687031215,-0.0184803687031215,0.0397871786329299
7.36539602284415,0,-0.0247872150245361,0,7.36539602284415,-0.0247872150245361,-0.0247872150245361,-0.0247872150245361,0.114121672795408
9.34902839864339,0,-0.0319037471830898,0,9.34902839864339,-0.0319037471830898,-0.0319037471830898,-0.0319037471830898,0.0353702402159913
12.5616640281909,0,0.00441577973083164,0,12.5616640281909,0.00441577973083164,0.00441577973083164,0.00441577973083164,0.0138459086615911
10.5411867057519,0,-0.0885790708954701,0,10.5411867057519,-0.0885790708954701,-0.0885790708954701,-0.0885790708954701,0.0320565633703811
10.8363107906744,0,-0.028098390818107,0,10.8363107906744,-0.028098390818107,-0.028098390818107,-0.028098390818107,0.071926050301895
7.60971237336999,0,0.0425196941211018,0,7.60971237336999,0.0425196941211018,0.0425196941211018,0.0425196941211018,0.0675431227803087
7.13153216147587,0,-0.0477446268787778,0,7.13153216147587,-0.0477446268787778,-0.0477446268787778,-0.0477446268787778,0.0691602399134146
11.3171115233183,0,-0.0301299566297987,0,11.3171115233183,-0.0301299566297987,-0.0301299566297987,-0.0301299566297987,0.0549217163119364
12.491172371433,0,0.00616174807970621,0,12.491172371433,0.00616174807970621,0.00616174807970621,0.00616174807970621,0.0405245193389735
17.7574754531964,0,-0.0364542682670167,0,17.7574754531964,-0.0364542682670167,-0.0364542682670167,-0.0364542682670167,0.0437339114285826
23.3384346785706,0,0.0173424537425691,0,23.3384346785706,0.0173424537425691,0.0173424537425691,0.0173424537425691,0.0189266195413323
31.0786588545351,0,-0.104141192155505,0,31.0786588545351,-0.104141192155505,-0.104141192155505,-0.104141192155505,0.0562787835549554
16.8846431378076,0,0.0592246738975235,0,16.8846431378076,0.0592246738975235,0.0592246738975235,0.0592246738975235,0.0580511049145327
116.163680678339,0,0.134020390247662,0,116.163680678339,0.134020390247662,0.134020390247662,0.134020390247662,0.0281449144170898
10.8384906759069,0,-0.00221059163205814,0,10.8384906759069,-0.00221059163205814,-0.00221059163205814,-0.00221059163205814,0.0251376149245104
7.87691324476292,0,-0.0704972430897311,0,7.87691324476292,-0.0704972430897311,-0.0704972430897311,-0.0704972430897311,0.0322283121382998
14.6925462604222,0,-0.00458452472707301,0,14.6925462604222,-0.00458452472707301,-0.00458452472707301,-0.00458452472707301,0.0444254697733256
12.6985002447189,0,0.0156151615690587,0,12.6985002447189,0.0156151615690587,0.0156151615690587,0.0156151615690587,0.0344296478282526
14.3972634987083,0,-0.0237118006498921,0,14.3972634987083,-0.0237118006498921,-0.0237118006498921,-0.0237118006498921,0.0295064854269103
14.1514365378187,0,-0.0107350800784212,0,14.1514365378187,-0.0107350800784212,-0.0107350800784212,-0.0107350800784212,0.0554744268805768
27.9381463268887,0,-0.0196646199066465,0,27.9381463268887,-0.0196646199066465,-0.0196646199066465,-0.0196646199066465,0.0266030945529787
24.4728765020316,0,-0.0883766236254439,0,24.4728765020316,-0.0883766236254439,-0.0883766236254439,-0.0883766236254439,0.0473406670453721
13.4368696617468,0,0.0535402362440232,0,13.4368696617468,0.0535402362440232,0.0535402362440232,0.0535402362440232,0.0282079903838013
7.48402930279067,0,0.00968988201586394,0,7.48402930279067,0.00968988201586394,0.00968988201586394,0.00968988201586394,0.0686754083472401
25.9320346135502,0,-0.0232712391594247,0,25.9320346135502,-0.0232712391594247,-0.0232712391594247,-0.0232712391594247,0.0300519735078187
NA,NA,NA,NA,NA,NA,NA,NA,NA
12.0144898669671,0,-0.0304643580877798,0,12.0144898669671,-0.0304643580877798,-0.0304643580877798,-0.0304643580877798,0.0246585875375876
5.59197431763262,0,-0.0578220526680145,0,5.59197431763262,-0.0578220526680145,-0.0578220526680145,-0.0578220526680145,0.0290843221745671
7.10118523761685,0,-0.0285278978712163,0,7.10118523761685,-0.0285278978712163,-0.0285278978712163,-0.0285278978712163,0.0595492352872805
8.39406695268219,0,0.0167837864563465,0,8.39406695268219,0.0167837864563465,0.0167837864563465,0.0167837864563465,0.0322473662392579
6.68163411954067,0,0.0399525800720857,0,6.68163411954067,0.0399525800720857,0.0399525800720857,0.0399525800720857,0.0632642521725607
10.9419857642508,0,-0.0876235523401562,0,10.9419857642508,-0.0876235523401562,-0.0876235523401562,-0.0876235523401562,0.0336377588977628
9.567453602661,0,-0.0130573193727359,0,9.567453602661,-0.0130573193727359,-0.0130573193727359,-0.0130573193727359,0.0264340771076804
9.56764954052794,0,-0.00578932875863998,0,9.56764954052794,-0.00578932875863998,-0.00578932875863998,-0.00578932875863998,0.0288617279537588
9.58796747981615,0,0.00725905880614161,0,9.58796747981615,0.00725905880614161,0.00725905880614161,0.00725905880614161,0.0422687684348916
12.9045618909384,0,-0.020800428050844,0,12.9045618909384,-0.020800428050844,-0.020800428050844,-0.020800428050844,0.00918914559220215
9.03381024943225,0,-0.0258591277728825,0,9.03381024943225,-0.0258591277728825,-0.0258591277728825,-0.0258591277728825,0.0210013285642308
7.292171244769,0,0.0214216184583366,0,7.292171244769,0.0214216184583366,0.0214216184583366,0.0214216184583366,0.00787016036700002
10.6567948708008,0,0.0203455428827325,0,10.6567948708008,0.0203455428827325,0.0203455428827325,0.0203455428827325,0.0367174068081082
15.83958844307,0,0.0399832495665445,0,15.83958844307,0.0399832495665445,0.0399832495665445,0.0399832495665445,0.0130470310288665
17.7014293147066,0,0.0234372077444364,0,17.7014293147066,0.0234372077444364,0.0234372077444364,0.0234372077444364,0.0323786122878216
14.7585414478692,0,-0.0143222744287462,0,14.7585414478692,-0.0143222744287462,-0.0143222744287462,-0.0143222744287462,0.0637816832942033
20.7521231210355,0,-0.0269978295709997,0,20.7521231210355,-0.0269978295709997,-0.0269978295709997,-0.0269978295709997,0.0154926437594917
13.9836050997556,0,-0.0596374353307077,0,13.9836050997556,-0.0596374353307077,-0.0596374353307077,-0.0596374353307077,0.0260159424457815
11.3110693140974,0,0.00982781565554414,0,11.3110693140974,0.00982781565554414,0.00982781565554414,0.00982781565554414,0.0152975413868066
16.5519463473715,0,-0.0850116784148187,0,16.5519463473715,-0.0850116784148187,-0.0850116784148187,-0.0850116784148187,0.0449328569998866
12.3671082351961,0,0.0210231372322994,0,12.3671082351961,0.0210231372322994,0.0210231372322994,0.0210231372322994,0.0160828742749283
12.3654554745313,0,-0.0686880413546458,0,12.3654554745313,-0.0686880413546458,-0.0686880413546458,-0.0686880413546458,0.0513325050706189
19.2556223171704,0,0.0285945738844167,0,19.2556223171704,0.0285945738844167,0.0285945738844167,0.0285945738844167,0.0139726523520546
34.7312424253189,0,0.00360906084633839,0,34.7312424253189,0.00360906084633839,0.00360906084633839,0.00360906084633839,0.017575833019559
54.7209102152747,0,0.0196726221291343,0,54.7209102152747,0.0196726221291343,0.0196726221291343,0.0196726221291343,0.0109274670854921
6.15335383446594,0,0.00868907833362001,0,6.15335383446594,0.00868907833362001,0.00868907833362001,0.00868907833362001,0.148956660150613
8.22166390729103,0,0.0200227074138689,0,8.22166390729103,0.0200227074138689,0.0200227074138689,0.0200227074138689,0.0889316774406693
6.56936523894705,0,-0.0184803687031215,0,6.56936523894705,-0.0184803687031215,-0.0184803687031215,-0.0184803687031215,0.0397871786329299
7.36539602284415,0,-0.0247872150245361,0,7.36539602284415,-0.0247872150245361,-0.0247872150245361,-0.0247872150245361,0.114121672795408
9.34902839864339,0,-0.0319037471830898,0,9.34902839864339,-0.0319037471830898,-0.0319037471830898,-0.0319037471830898,0.0353702402159913
12.5616640281909,0,0.00441577973083164,0,12.5616640281909,0.00441577973083164,0.00441577973083164,0.00441577973083164,0.0138459086615911
10.5411867057519,0,-0.0885790708954701,0,10.5411867057519,-0.0885790708954701,-0.0885790708954701,-0.0885790708954701,0.0320565633703811
10.8363107906744,0,-0.028098390818107,0,10.8363107906744,-0.028098390818107,-0.028098390818107,-0.028098390818107,0.071926050301895
7.60971237336999,0,0.0425196941211018,0,7.60971237336999,0.0425196941211018,0.0425196941211018,0.0425196941211018,0.0675431227803087
7.13153216147587,0,-0.0477446268787778,0,7.13153216147587,-0.0477446268787778,-0.0477446268787778,-0.0477446268787778,0.0691602399134146
11.3171115233183,0,-0.0301299566297987,0,11.3171115233183,-0.0301299566297987,-0.0301299566297987,-0.0301299566297987,0.0549217163119364
12.491172371433,0,0.00616174807970621,0,12.491172371433,0.00616174807970621,0.00616174807970621,0.00616174807970621,0.0405245193389735
17.7574754531964,0,-0.0364542682670167,0,17.7574754531964,-0.0364542682670167,-0.0364542682670167,-0.0364542682670167,0.0437339114285826
23.3384346785706,0,0.0173424537425691,0,23.3384346785706,0.0173424537425691,0.0173424537425691,0.0173424537425691,0.0189266195413323
31.0786588545351,0,-0.104141192155505,0,31.0786588545351,-0.104141192155505,-0.104141192155505,-0.104141192155505,0.0562787835549554
16.8846431378076,0,0.0592246738975235,0,16.8846431378076,0.0592246738975235,0.0592246738975235,0.0592246738975235,0.0580511049145327
116.163680678339,0,0.134020390247662,0,116.163680678339,0.134020390247662,0.134020390247662,0.134020390247662,0.0281449144170898
10.8384906759069,0,-0.00221059163205814,0,10.8384906759069,-0.00221059163205814,-0.00221059163205814,-0.00221059163205814,0.0251376149245104
7.87691324476292,0,-0.0704972430897311,0,7.87691324476292,-0.0704972430897311,-0.0704972430897311,-0.0704972430897311,0.0322283121382998
14.6925462604222,0,-0.00458452472707301,0,14.6925462604222,-0.00458452472707301,-0.00458452472707301,-0.00458452472707301,0.0444254697733256
12.6985002447189,0,0.0156151615690587,0,12.6985002447189,0.0156151615690587,0.0156151615690587,0.0156151615690587,0.0344296478282526
14.3972634987083,0,-0.0237118006498921,0,14.3972634987083,-0.0237118006498921,-0.0237118006498921,-0.0237118006498921,0.0295064854269103
14.1514365378187,0,-0.0107350800784212,0,14.1514365378187,-0.0107350800784212,-0.0107350800784212,-0.0107350800784212,0.0554744268805768
27.9381463268887,0,-0.0196646199066465,0,27.9381463268887,-0.0196646199066465,-0.0196646199066465,-0.0196646199066465,0.0266030945529787
24.4728765020316,0,-0.0883766236254439,0,24.4728765020316,-0.0883766236254439,-0.0883766236254439,-0.0883766236254439,0.0473406670453721
13.4368696617468,0,0.0535402362440232,0,13.4368696617468,0.0535402362440232,0.0535402362440232,0.0535402362440232,0.0282079903838013
7.48402930279067,0,0.00968988201586394,0,7.48402930279067,0.00968988201586394,0.00968988201586394,0.00968988201586394,0.0686754083472401
25.9320346135502,0,-0.0232712391594247,0,25.9320346135502,-0.0232712391594247,-0.0232712391594247,-0.0232712391594247,0.0300519735078187
NA,NA,NA,NA,NA,NA,NA,NA,NA
12.0144898669671,0,-0.0304643580877798,0,12.0144898669671,-0.0304643580877798,-0.0304643580877798,-0.0304643580877798,0.0246585875375876
5.59197431763262,0,-0.0578220526680145,0,5.59197431763262,-0.0578220526680145,-0.0578220526680145,-0.0578220526680145,0.0290843221745671
7.10118523761685,0,-0.0285278978712163,0,7.10118523761685,-0.0285278978712163,-0.0285278978712163,-0.0285278978712163,0.0595492352872805
8.39406695268219,0,0.0167837864563465,0,8.39406695268219,0.0167837864563465,0.0167837864563465,0.0167837864563465,0.0322473662392579
6.68163411954067,0,0.0399525800720857,0,6.68163411954067,0.0399525800720857,0.0399525800720857,0.0399525800720857,0.0632642521725607
10.9419857642508,0,-0.0876235523401562,0,10.9419857642508,-0.0876235523401562,-0.0876235523401562,-0.0876235523401562,0.0336377588977628
9.567453602661,0,-0.0130573193727359,0,9.567453602661,-0.0130573193727359,-0.0130573193727359,-0.0130573193727359,0.0264340771076804
9.56764954052794,0,-0.00578932875863998,0,9.56764954052794,-0.00578932875863998,-0.00578932875863998,-0.00578932875863998,0.0288617279537588
9.58796747981615,0,0.00725905880614161,0,9.58796747981615,0.00725905880614161,0.00725905880614161,0.00725905880614161,0.0422687684348916
12.9045618909384,0,-0.020800428050844,0,12.9045618909384,-0.020800428050844,-0.020800428050844,-0.020800428050844,0.00918914559220215
9.03381024943225,0,-0.0258591277728825,0,9.03381024943225,-0.0258591277728825,-0.0258591277728825,-0.0258591277728825,0.0210013285642308
7.292171244769,0,0.0214216184583366,0,7.292171244769,0.0214216184583366,0.0214216184583366,0.0214216184583366,0.00787016036700002
10.6567948708008,0,0.0203455428827325,0,10.6567948708008,0.0203455428827325,0.0203455428827325,0.0203455428827325,0.0367174068081082
15.83958844307,0,0.0399832495665445,0,15.83958844307,0.0399832495665445,0.0399832495665445,0.0399832495665445,0.0130470310288665
17.7014293147066,0,0.0234372077444364,0,17.7014293147066,0.0234372077444364,0.0234372077444364,0.0234372077444364,0.0323786122878216
14.7585414478692,0,-0.0143222744287462,0,14.7585414478692,-0.0143222744287462,-0.0143222744287462,-0.0143222744287462,0.0637816832942033
20.7521231210355,0,-0.0269978295709997,0,20.7521231210355,-0.0269978295709997,-0.0269978295709997,-0.0269978295709997,0.0154926437594917
13.9836050997556,0,-0.0596374353307077,0,13.9836050997556,-0.0596374353307077,-0.0596374353307077,-0.0596374353307077,0.0260159424457815
11.3110693140974,0,0.00982781565554414,0,11.3110693140974,0.00982781565554414,0.00982781565554414,0.00982781565554414,0.0152975413868066
16.5519463473715,0,-0.0850116784148187,0,16.5519463473715,-0.0850116784148187,-0.0850116784148187,-0.0850116784148187,0.0449328569998866
12.3671082351961,0,0.0210231372322994,0,12.3671082351961,0.0210231372322994,0.0210231372322994,0.0210231372322994,0.0160828742749283
12.3654554745313,0,-0.0686880413546458,0,12.3654554745313,-0.0686880413546458,-0.0686880413546458,-0.0686880413546458,0.0513325050706189
19.2556223171704,0,0.0285945738844167,0,19.2556223171704,0.0285945738844167,0.0285945738844167,0.0285945738844167,0.0139726523520546
34.7312424253189,0,0.00360906084633839,0,34.7312424253189,0.00360906084633839,0.00360906084633839,0.00360906084633839,0.017575833019559
54.7209102152747,0,0.0196726221291343,0,54.7209102152747,0.0196726221291343,0.0196726221291343,0.0196726221291343,0.0109274670854921
6.15335383446594,0,0.00868907833362001,0,6.15335383446594,0.00868907833362001,0.00868907833362001,0.00868907833362001,0.148956660150613
8.22166390729103,0,0.0200227074138689,0,8.22166390729103,0.0200227074138689,0.0200227074138689,0.0200227074138689,0.0889316774406693
6.56936523894705,0,-0.0184803687031215,0,6.56936523894705,-0.0184803687031215,-0.0184803687031215,-0.0184803687031215,0.0397871786329299
7.36539602284415,0,-0.0247872150245361,0,7.36539602284415,-0.0247872150245361,-0.0247872150245361,-0.0247872150245361,0.114121672795408
9.34902839864339,0,-0.0319037471830898,0,9.34902839864339,-0.0319037471830898,-0.0319037471830898,-0.0319037471830898,0.0353702402159913
12.5616640281909,0,0.00441577973083164,0,12.5616640281909,0.00441577973083164,0.00441577973083164,0.00441577973083164,0.0138459086615911
10.5411867057519,0,-0.0885790708954701,0,10.5411867057519,-0.0885790708954701,-0.0885790708954701,-0.0885790708954701,0.0320565633703811
10.8363107906744,0,-0.028098390818107,0,10.8363107906744,-0.028098390818107,-0.028098390818107,-0.028098390818107,0.071926050301895
7.60971237336999,0,0.0425196941211018,0,7.60971237336999,0.0425196941211018,0.0425196941211018,0.0425196941211018,0.0675431227803087
7.13153216147587,0,-0.0477446268787778,0,7.13153216147587,-0.0477446268787778,-0.0477446268787778,-0.0477446268787778,0.0691602399134146
11.3171115233183,0,-0.0301299566297987,0,11.3171115233183,-0.0301299566297987,-0.0301299566297987,-0.0301299566297987,0.0549217163119364
12.491172371433,0,0.00616174807970621,0,12.491172371433,0.00616174807970621,0.00616174807970621,0.00616174807970621,0.0405245193389735
17.7574754531964,0,-0.0364542682670167,0,17.7574754531964,-0.0364542682670167,-0.0364542682670167,-0.0364542682670167,0.0437339114285826
23.3384346785706,0,0.0173424537425691,0,23.3384346785706,0.0173424537425691,0.0173424537425691,0.0173424537425691,0.0189266195413323
31.0786588545351,0,-0.104141192155505,0,31.0786588545351,-0.104141192155505,-0.104141192155505,-0.104141192155505,0.0562787835549554
16.8846431378076,0,0.0592246738975235,0,16.8846431378076,0.0592246738975235,0.0592246738975235,0.0592246738975235,0.0580511049145327
123.279980889138,0,0.30509624252595,0,123.279980889138,0.30509624252595,0.30509624252595,0.30509624252595,0.059767195787558
10.8384906759069,0,-0.00221059163205814,0,10.8384906759069,-0.00221059163205814,-0.00221059163205814,-0.00221059163205814,0.0251376149245104
7.87691324476292,0,-0.0704972430897311,0,7.87691324476292,-0.0704972430897311,-0.0704972430897311,-0.0704972430897311,0.0322283121382998
14.6925462604222,0,-0.00458452472707301,0,14.6925462604222,-0.00458452472707301,-0.00458452472707301,-0.00458452472707301,0.0444254697733256
12.6985002447189,0,0.0156151615690587,0,12.6985002447189,0.0156151615690587,0.0156151615690587,0.0156151615690587,0.0344296478282526
14.3972634987083,0,-0.0237118006498921,0,14.3972634987083,-0.0237118006498921,-0.0237118006498921,-0.0237118006498921,0.0295064854269103
14.1514365378187,0,-0.0107350800784212,0,14.1514365378187,-0.0107350800784212,-0.0107350800784212,-0.0107350800784212,0.0554744268805768
27.9381463268887,0,-0.0196646199066465,0,27.9381463268887,-0.0196646199066465,-0.0196646199066465,-0.0196646199066465,0.0266030945529787
24.4728765020316,0,-0.0883766236254439,0,24.4728765020316,-0.0883766236254439,-0.0883766236254439,-0.0883766236254439,0.0473406670453721
13.4368696617468,0,0.0535402362440232,0,13.4368696617468,0.0535402362440232,0.0535402362440232,0.0535402362440232,0.0282079903838013
7.48402930279067,0,0.00968988201586394,0,7.48402930279067,0.00968988201586394,0.00968988201586394,0.00968988201586394,0.0686754083472401
25.9320346135502,0,-0.0232712391594247,0,25.9320346135502,-0.0232712391594247,-0.0232712391594247,-0.0232712391594247,0.0300519735078187
NA,NA,NA,NA,NA,NA,NA,NA,NA
12.0144898669671,0,-0.0304643580877798,0,12.0144898669671,-0.0304643580877798,-0.0304643580877798,-0.0304643580877798,0.0246585875375876
5.59197431763262,0,-0.0578220526680145,0,5.59197431763262,-0.0578220526680145,-0.0578220526680145,-0.0578220526680145,0.0290843221745671
7.10118523761685,0,-0.0285278978712163,0,7.10118523761685,-0.0285278978712163,-0.0285278978712163,-0.0285278978712163,0.0595492352872805
8.39406695268219,0,0.0167837864563465,0,8.39406695268219,0.0167837864563465,0.0167837864563465,0.0167837864563465,0.0322473662392579
6.68163411954067,0,0.0399525800720857,0,6.68163411954067,0.0399525800720857,0.0399525800720857,0.0399525800720857,0.0632642521725607
10.9419857642508,0,-0.0876235523401562,0,10.9419857642508,-0.0876235523401562,-0.0876235523401562,-0.0876235523401562,0.0336377588977628
9.567453602661,0,-0.0130573193727359,0,9.567453602661,-0.0130573193727359,-0.0130573193727359,-0.0130573193727359,0.0264340771076804
9.56764954052794,0,-0.00578932875863998,0,9.56764954052794,-0.00578932875863998,-0.00578932875863998,-0.00578932875863998,0.0288617279537588
9.58796747981615,0,0.00725905880614161,0,9.58796747981615,0.00725905880614161,0.00725905880614161,0.00725905880614161,0.0422687684348916
12.9045618909384,0,-0.020800428050844,0,12.9045618909384,-0.020800428050844,-0.020800428050844,-0.020800428050844,0.00918914559220215
9.03381024943225,0,-0.0258591277728825,0,9.03381024943225,-0.0258591277728825,-0.0258591277728825,-0.0258591277728825,0.0210013285642308
7.292171244769,0,0.0214216184583366,0,7.292171244769,0.0214216184583366,0.0214216184583366,0.0214216184583366,0.00787016036700002
10.6567948708008,0,0.0203455428827325,0,10.6567948708008,0.0203455428827325,0.0203455428827325,0.0203455428827325,0.0367174068081082
15.83958844307,0,0.0399832495665445,0,15.83958844307,0.0399832495665445,0.0399832495665445,0.0399832495665445,0.0130470310288665
17.7014293147066,0,0.0234372077444364,0,17.7014293147066,0.0234372077444364,0.0234372077444364,0.0234372077444364,0.0323786122878216
14.7585414478692,0,-0.0143222744287462,0,14.7585414478692,-0.0143222744287462,-0.0143222744287462,-0.0143222744287462,0.0637816832942033
20.7521231210355,0,-0.0269978295709997,0,20.7521231210355,-0.0269978295709997,-0.0269978295709997,-0.0269978295709997,0.0154926437594917
13.9836050997556,0,-0.0596374353307077,0,13.9836050997556,-0.0596374353307077,-0.0596374353307077,-0.0596374353307077,0.0260159424457815
11.3110693140974,0,0.00982781565554414,0,11.3110693140974,0.00982781565554414,0.00982781565554414,0.00982781565554414,0.0152975413868066
16.5519463473715,0,-0.0850116784148187,0,16.5519463473715,-0.0850116784148187,-0.0850116784148187,-0.0850116784148187,0.0449328569998866
12.3671082351961,0,0.0210231372322994,0,12.3671082351961,0.0210231372322994,0.0210231372322994,0.0210231372322994,0.0160828742749283
12.3654554745313,0,-0.0686880413546458,0,12.3654554745313,-0.0686880413546458,-0.0686880413546458,-0.0686880413546458,0.0513325050706189
19.2556223171704,0,0.0285945738844167,0,19.2556223171704,0.0285945738844167,0.0285945738844167,0.0285945738844167,0.0139726523520546
34.7312424253189,0,0.00360906084633839,0,34.7312424253189,0.00360906084633839,0.00360906084633839,0.00360906084633839,0.017575833019559
54.7209102152747,0,0.0196726221291343,0,54.7209102152747,0.0196726221291343,0.0196726221291343,0.0196726221291343,0.0109274670854921
6.15335383446594,0,0.00868907833362001,0,6.15335383446594,0.00868907833362001,0.00868907833362001,0.00868907833362001,0.148956660150613
8.22166390729103,0,0.0200227074138689,0,8.22166390729103,0.0200227074138689,0.0200227074138689,0.0200227074138689,0.0889316774406693
6.56936523894705,0,-0.0184803687031215,0,6.56936523894705,-0.0184803687031215,-0.0184803687031215,-0.0184803687031215,0.0397871786329299
7.36539602284415,0,-0.0247872150245361,0,7.36539602284415,-0.0247872150245361,-0.0247872150245361,-0.0247872150245361,0.114121672795408
9.34902839864339,0,-0.0319037471830898,0,9.34902839864339,-0.0319037471830898,-0.0319037471830898,-0.0319037471830898,0.0353702402159913
12.5616640281909,0,0.00441577973083164,0,12.5616640281909,0.00441577973083164,0.00441577973083164,0.00441577973083164,0.0138459086615911
10.5411867057519,0,-0.0885790708954701,0,10.5411867057519,-0.0885790708954701,-0.0885790708954701,-0.0885790708954701,0.0320565633703811
10.8363107906744,0,-0.028098390818107,0,10.8363107906744,-0.028098390818107,-0.028098390818107,-0.028098390818107,0.071926050301895
7.60971237336999,0,0.0425196941211018,0,7.60971237336999,0.0425196941211018,0.0425196941211018,0.0425196941211018,0.0675431227803087
7.13153216147587,0,-0.0477446268787778,0,7.13153216147587,-0.0477446268787778,-0.0477446268787778,-0.0477446268787778,0.0691602399134146
11.3171115233183,0,-0.0301299566297987,0,11.3171115233183,-0.0301299566297987,-0.0301299566297987,-0.0301299566297987,0.0549217163119364
12.491172371433,0,0.00616174807970621,0,12.491172371433,0.00616174807970621,0.00616174807970621,0.00616174807970621,0.0405245193389735
17.7574754531964,0,-0.0364542682670167,0,17.7574754531964,-0.0364542682670167,-0.0364542682670167,-0.0364542682670167,0.0437339114285826
23.3384346785706,0,0.0173424537425691,0,23.3384346785706,0.0173424537425691,0.0173424537425691,0.0173424537425691,0.0189266195413323
31.0786588545351,0,-0.104141192155505,0,31.0786588545351,-0.104141192155505,-0.104141192155505,-0.104141192155505,0.0562787835549554
16.8846431378076,0,0.0592246738975235,0,16.8846431378076,0.0592246738975235,0.0592246738975235,0.0592246738975235,0.0580511049145327
123.279980889138,0,0.30509624252595,0,123.279980889138,0.30509624252595,0.30509624252595,0.30509624252595,0.059767195787558
10.8384906759069,0,-0.00221059163205814,0,10.8384906759069,-0.00221059163205814,-0.00221059163205814,-0.00221059163205814,0.0251376149245104
7.87691324476292,0,-0.0704972430897311,0,7.87691324476292,-0.0704972430897311,-0.0704972430897311,-0.0704972430897311,0.0322283121382998
14.6925462604222,0,-0.00458452472707301,0,14.6925462604222,-0.00458452472707301,-0.00458452472707301,-0.00458452472707301,0.0444254697733256
12.6985002447189,0,0.0156151615690587,0,12.6985002447189,0.0156151615690587,0.0156151615690587,0.0156151615690587,0.0344296478282526
14.3972634987083,0,-0.0237118006498921,0,14.3972634987083,-0.0237118006498921,-0.0237118006498921,-0.0237118006498921,0.0295064854269103
14.1514365378187,0,-0.0107350800784212,0,14.1514365378187,-0.0107350800784212,-0.0107350800784212,-0.0107350800784212,0.0554744268805768
27.9381463268887,0,-0.0196646199066465,0,27.9381463268887,-0.0196646199066465,-0.0196646199066465,-0.0196646199066465,0.0266030945529787
24.4728765020316,0,-0.0883766236254439,0,24.4728765020316,-0.0883766236254439,-0.0883766236254439,-0.0883766236254439,0.0473406670453721
13.4368696617468,0,0.0535402362440232,0,13.4368696617468,0.0535402362440232,0.0535402362440232,0.0535402362440232,0.0282079903838013
7.48402930279067,0,0.00968988201586394,0,7.48402930279067,0.00968988201586394,0.00968988201586394,0.00968988201586394,0.0686754083472401
25.9320346135502,0,-0.0232712391594247,0,25.9320346135502,-0.0232712391594247,-0.0232712391594247,-0.0232712391594247,0.0300519735078187
NA,NA,NA,NA,NA,NA,NA,NA,NA
12.0144898669671,0,-0.0304643580877798,0,12.0144898669671,-0.0304643580877798,-0.0304643580877798,-0.0304643580877798,0.0246585875375876
5.59197431763262,0,-0.0578220526680145,0,5.59197431763262,-0.0578220526680145,-0.0578220526680145,-0.0578220526680145,0.0290843221745671
7.10118523761685,0,-0.0285278978712163,0,7.10118523761685,-0.0285278978712163,-0.0285278978712163,-0.0285278978712163,0.0595492352872805
8.39406695268219,0,0.0167837864563465,0,8.39406695268219,0.0167837864563465,0.0167837864563465,0.0167837864563465,0.0322473662392579
6.68163411954067,0,0.0399525800720857,0,6.68163411954067,0.0399525800720857,0.0399525800720857,0.0399525800720857,0.0632642521725607
10.9419857642508,0,-0.0876235523401562,0,10.9419857642508,-0.0876235523401562,-0.0876235523401562,-0.0876235523401562,0.0336377588977628
9.567453602661,0,-0.0130573193727359,0,9.567453602661,-0.0130573193727359,-0.0130573193727359,-0.0130573193727359,0.0264340771076804
9.56764954052794,0,-0.00578932875863998,0,9.56764954052794,-0.00578932875863998,-0.00578932875863998,-0.00578932875863998,0.0288617279537588
9.58796747981615,0,0.00725905880614161,0,9.58796747981615,0.00725905880614161,0.00725905880614161,0.00725905880614161,0.0422687684348916
12.9045618909384,0,-0.020800428050844,0,12.9045618909384,-0.020800428050844,-0.020800428050844,-0.020800428050844,0.00918914559220215
9.03381024943225,0,-0.0258591277728825,0,9.03381024943225,-0.0258591277728825,-0.0258591277728825,-0.0258591277728825,0.0210013285642308
7.292171244769,0,0.0214216184583366,0,7.292171244769,0.0214216184583366,0.0214216184583366,0.0214216184583366,0.00787016036700002
10.6567948708008,0,0.0203455428827325,0,10.6567948708008,0.0203455428827325,0.0203455428827325,0.0203455428827325,0.0367174068081082
15.83958844307,0,0.0399832495665445,0,15.83958844307,0.0399832495665445,0.0399832495665445,0.0399832495665445,0.0130470310288665
17.7014293147066,0,0.0234372077444364,0,17.7014293147066,0.0234372077444364,0.0234372077444364,0.0234372077444364,0.0323786122878216
14.7585414478692,0,-0.0143222744287462,0,14.7585414478692,-0.0143222744287462,-0.0143222744287462,-0.0143222744287462,0.0637816832942033
20.7521231210355,0,-0.0269978295709997,0,20.7521231210355,-0.0269978295709997,-0.0269978295709997,-0.0269978295709997,0.0154926437594917
13.9836050997556,0,-0.0596374353307077,0,13.9836050997556,-0.0596374353307077,-0.0596374353307077,-0.0596374353307077,0.0260159424457815
11.3110693140974,0,0.00982781565554414,0,11.3110693140974,0.00982781565554414,0.00982781565554414,0.00982781565554414,0.0152975413868066
16.5519463473715,0,-0.0850116784148187,0,16.5519463473715,-0.0850116784148187,-0.0850116784148187,-0.0850116784148187,0.0449328569998866
12.3671082351961,0,0.0210231372322994,0,12.3671082351961,0.0210231372322994,0.0210231372322994,0.0210231372322994,0.0160828742749283
12.3654554745313,0,-0.0686880413546458,0,12.3654554745313,-0.0686880413546458,-0.0686880413546458,-0.0686880413546458,0.0513325050706189
19.2556223171704,0,0.0285945738844167,0,19.2556223171704,0.0285945738844167,0.0285945738844167,0.0285945738844167,0.0139726523520546
34.7312424253189,0,0.00360906084633839,0,34.7312424253189,0.00360906084633839,0.00360906084633839,0.00360906084633839,0.017575833019559
54.7209102152747,0,0.0196726221291343,0,54.7209102152747,0.0196726221291343,0.0196726221291343,0.0196726221291343,0.0109274670854921
6.15335383446594,0,0.00868907833362001,0,6.15335383446594,0.00868907833362001,0.00868907833362001,0.00868907833362001,0.148956660150613
8.22166390729103,0,0.0200227074138689,0,8.22166390729103,0.0200227074138689,0.0200227074138689,0.0200227074138689,0.0889316774406693
6.56936523894705,0,-0.0184803687031215,0,6.56936523894705,-0.0184803687031215,-0.0184803687031215,-0.0184803687031215,0.0397871786329299
7.36539602284415,0,-0.0247872150245361,0,7.36539602284415,-0.0247872150245361,-0.0247872150245361,-0.0247872150245361,0.114121672795408
9.34902839864339,0,-0.0319037471830898,0,9.34902839864339,-0.0319037471830898,-0.0319037471830898,-0.0319037471830898,0.0353702402159913
12.5616640281909,0,0.00441577973083164,0,12.5616640281909,0.00441577973083164,0.00441577973083164,0.00441577973083164,0.0138459086615911
10.5411867057519,0,-0.0885790708954701,0,10.5411867057519,-0.0885790708954701,-0.0885790708954701,-0.0885790708954701,0.0320565633703811
10.8363107906744,0,-0.028098390818107,0,10.8363107906744,-0.028098390818107,-0.028098390818107,-0.028098390818107,0.071926050301895
7.60971237336999,0,0.0425196941211018,0,7.60971237336999,0.0425196941211018,0.0425196941211018,0.0425196941211018,0.0675431227803087
7.13153216147587,0,-0.0477446268787778,0,7.13153216147587,-0.0477446268787778,-0.0477446268787778,-0.0477446268787778,0.0691602399134146
11.3171115233183,0,-0.0301299566297987,0,11.3171115233183,-0.0301299566297987,-0.0301299566297987,-0.0301299566297987,0.0549217163119364
12.491172371433,0,0.00616174807970621,0,12.491172371433,0.00616174807970621,0.00616174807970621,0.00616174807970621,0.0405245193389735
17.7574754531964,0,-0.0364542682670167,0,17.7574754531964,-0.0364542682670167,-0.0364542682670167,-0.0364542682670167,0.0437339114285826
23.3384346785706,0,0.0173424537425691,0,23.3384346785706,0.0173424537425691,0.0173424537425691,0.0173424537425691,0.0189266195413323
31.0786588545351,0,-0.104141192155505,0,31.0786588545351,-0.104141192155505,-0.104141192155505,-0.104141192155505,0.0562787835549554
16.8846431378076,0,0.0592246738975235,0,16.8846431378076,0.0592246738975235,0.0592246738975235,0.0592246738975235,0.0580511049145327
123.279980889138,0,0.30509624252595,0,123.279980889138,0.30509624252595,0.30509624252595,0.30509624252595,0.059767195787558
10.8384906759069,0,-0.00221059163205814,0,10.8384906759069,-0.00221059163205814,-0.00221059163205814,-0.00221059163205814,0.0251376149245104
7.87691324476292,0,-0.0704972430897311,0,7.87691324476292,-0.0704972430897311,-0.0704972430897311,-0.0704972430897311,0.0322283121382998
14.6925462604222,0,-0.00458452472707301,0,14.6925462604222,-0.00458452472707301,-0.00458452472707301,-0.00458452472707301,0.0444254697733256
12.6985002447189,0,0.0156151615690587,0,12.6985002447189,0.0156151615690587,0.0156151615690587,0.0156151615690587,0.0344296478282526
14.3972634987083,0,-0.0237118006498921,0,14.3972634987083,-0.0237118006498921,-0.0237118006498921,-0.0237118006498921,0.0295064854269103
14.1514365378187,0,-0.0107350800784212,0,14.1514365378187,-0.0107350800784212,-0.0107350800784212,-0.0107350800784212,0.0554744268805768
27.9381463268887,0,-0.0196646199066465,0,27.9381463268887,-0.0196646199066465,-0.0196646199066465,-0.0196646199066465,0.0266030945529787
24.4728765020316,0,-0.0883766236254439,0,24.4728765020316,-0.0883766236254439,-0.0883766236254439,-0.0883766236254439,0.0473406670453721
13.4368696617468,0,0.0535402362440232,0,13.4368696617468,0.0535402362440232,0.0535402362440232,0.0535402362440232,0.0282079903838013
7.48402930279067,0,0.00968988201586394,0,7.48402930279067,0.00968988201586394,0.00968988201586394,0.00968988201586394,0.0686754083472401
25.9320346135502,0,-0.0232712391594247,0,25.9320346135502,-0.0232712391594247,-0.0232712391594247,-0.0232712391594247,0.0300519735078187
NA,NA,NA,NA,NA,NA,NA,NA,NA
12.0144898669671,0,-0.0304643580877798,0,12.0144898669671,-0.0304643580877798,-0.0304643580877798,-0.0304643580877798,0.0246585875375876
5.59197431763262,0,-0.0578220526680145,0,5.59197431763262,-0.0578220526680145,-0.0578220526680145,-0.0578220526680145,0.0290843221745671
7.10118523761685,0,-0.0285278978712163,0,7.10118523761685,-0.0285278978712163,-0.0285278978712163,-0.0285278978712163,0.0595492352872805
8.39406695268219,0,0.0167837864563465,0,8.39406695268219,0.0167837864563465,0.0167837864563465,0.0167837864563465,0.0322473662392579
6.68163411954067,0,0.0399525800720857,0,6.68163411954067,0.0399525800720857,0.0399525800720857,0.0399525800720857,0.0632642521725607
10.9419857642508,0,-0.0876235523401562,0,10.9419857642508,-0.0876235523401562,-0.0876235523401562,-0.0876235523401562,0.0336377588977628
9.567453602661,0,-0.0130573193727359,0,9.567453602661,-0.0130573193727359,-0.0130573193727359,-0.0130573193727359,0.0264340771076804
9.56764954052794,0,-0.00578932875863998,0,9.56764954052794,-0.00578932875863998,-0.00578932875863998,-0.00578932875863998,0.0288617279537588
9.58796747981615,0,0.00725905880614161,0,9.58796747981615,0.00725905880614161,0.00725905880614161,0.00725905880614161,0.0422687684348916
12.9045618909384,0,-0.020800428050844,0,12.9045618909384,-0.020800428050844,-0.020800428050844,-0.020800428050844,0.00918914559220215
9.03381024943225,0,-0.0258591277728825,0,9.03381024943225,-0.0258591277728825,-0.0258591277728825,-0.0258591277728825,0.0210013285642308
7.292171244769,0,0.0214216184583366,0,7.292171244769,0.0214216184583366,0.0214216184583366,0.0214216184583366,0.00787016036700002
10.6567948708008,0,0.0203455428827325,0,10.6567948708008,0.0203455428827325,0.0203455428827325,0.0203455428827325,0.0367174068081082
15.83958844307,0,0.0399832495665445,0,15.83958844307,0.0399832495665445,0.0399832495665445,0.0399832495665445,0.0130470310288665
17.7014293147066,0,0.0234372077444364,0,17.7014293147066,0.0234372077444364,0.0234372077444364,0.0234372077444364,0.0323786122878216
14.7585414478692,0,-0.0143222744287462,0,14.7585414478692,-0.0143222744287462,-0.0143222744287462,-0.0143222744287462,0.0637816832942033
20.7521231210355,0,-0.0269978295709997,0,20.7521231210355,-0.0269978295709997,-0.0269978295709997,-0.0269978295709997,0.0154926437594917
13.9836050997556,0,-0.0596374353307077,0,13.9836050997556,-0.0596374353307077,-0.0596374353307077,-0.0596374353307077,0.0260159424457815
11.3110693140974,0,0.00982781565554414,0,11.3110693140974,0.00982781565554414,0.00982781565554414,0.00982781565554414,0.0152975413868066
16.5519463473715,0,-0.0850116784148187,0,16.5519463473715,-0.0850116784148187,-0.0850116784148187,-0.0850116784148187,0.0449328569998866
12.3671082351961,0,0.0210231372322994,0,12.3671082351961,0.0210231372322994,0.0210231372322994,0.0210231372322994,0.0160828742749283
12.3654554745313,0,-0.0686880413546458,0,12.3654554745313,-0.0686880413546458,-0.0686880413546458,-0.0686880413546458,0.0513325050706189
19.2556223171704,0,0.0285945738844167,0,19.2556223171704,0.0285945738844167,0.0285945738844167,0.0285945738844167,0.0139726523520546
34.7312424253189,0,0.00360906084633839,0,34.7312424253189,0.00360906084633839,0.00360906084633839,0.00360906084633839,0.017575833019559
54.7209102152747,0,0.0196726221291343,0,54.7209102152747,0.0196726221291343,0.0196726221291343,0.0196726221291343,0.0109274670854921
6.15335383446594,0,0.00868907833362001,0,6.15335383446594,0.00868907833362001,0.00868907833362001,0.00868907833362001,0.148956660150613
8.22166390729103,0,0.0200227074138689,0,8.22166390729103,0.0200227074138689,0.0200227074138689,0.0200227074138689,0.0889316774406693
6.56936523894705,0,-0.0184803687031215,0,6.56936523894705,-0.0184803687031215,-0.0184803687031215,-0.0184803687031215,0.0397871786329299
7.36539602284415,0,-0.0247872150245361,0,7.36539602284415,-0.0247872150245361,-0.0247872150245361,-0.0247872150245361,0.114121672795408
9.34902839864339,0,-0.0319037471830898,0,9.34902839864339,-0.0319037471830898,-0.0319037471830898,-0.0319037471830898,0.0353702402159913
12.5616640281909,0,0.00441577973083164,0,12.5616640281909,0.00441577973083164,0.00441577973083164,0.00441577973083164,0.0138459086615911
10.5411867057519,0,-0.0885790708954701,0,10.5411867057519,-0.0885790708954701,-0.0885790708954701,-0.0885790708954701,0.0320565633703811
10.8363107906744,0,-0.028098390818107,0,10.8363107906744,-0.028098390818107,-0.028098390818107,-0.028098390818107,0.071926050301895
7.60971237336999,0,0.0425196941211018,0,7.60971237336999,0.0425196941211018,0.0425196941211018,0.0425196941211018,0.0675431227803087
7.13153216147587,0,-0.0477446268787778,0,7.13153216147587,-0.0477446268787778,-0.0477446268787778,-0.0477446268787778,0.0691602399134146
11.3171115233183,0,-0.0301299566297987,0,11.3171115233183,-0.0301299566297987,-0.0301299566297987,-0.0301299566297987,0.0549217163119364
12.491172371433,0,0.00616174807970621,0,12.491172371433,0.00616174807970621,0.00616174807970621,0.00616174807970621,0.0405245193389735
17.7574754531964,0,-0.0364542682670167,0,17.7574754531964,-0.0364542682670167,-0.0364542682670167,-0.0364542682670167,0.0437339114285826
23.3384346785706,0,0.0173424537425691,0,23.3384346785706,0.0173424537425691,0.0173424537425691,0.0173424537425691,0.0189266195413323
31.0786588545351,0,-0.104141192155505,0,31.0786588545351,-0.104141192155505,-0.104141192155505,-0.104141192155505,0.0562787835549554
16.8846431378076,0,0.0592246738975235,0,16.8846431378076,0.0592246738975235,0.0592246738975235,0.0592246738975235,0.0580511049145327
123.279980889138,0,0.30509624252595,0,123.279980889138,0.30509624252595,0.30509624252595,0.30509624252595,0.059767195787558
10.8384906759069,0,-0.00221059163205814,0,10.8384906759069,-0.00221059163205814,-0.00221059163205814,-0.00221059163205814,0.0251376149245104
7.87691324476292,0,-0.0704972430897311,0,7.87691324476292,-0.0704972430897311,-0.0704972430897311,-0.0704972430897311,0.0322283121382998
14.6925462604222,0,-0.00458452472707301,0,14.6925462604222,-0.00458452472707301,-0.00458452472707301,-0.00458452472707301,0.0444254697733256
12.6985002447189,0,0.0156151615690587,0,12.6985002447189,0.0156151615690587,0.0156151615690587,0.0156151615690587,0.0344296478282526
14.3972634987083,0,-0.0237118006498921,0,14.3972634987083,-0.0237118006498921,-0.0237118006498921,-0.0237118006498921,0.0295064854269103
14.1514365378187,0,-0.0107350800784212,0,14.1514365378187,-0.0107350800784212,-0.0107350800784212,-0.0107350800784212,0.0554744268805768
27.9381463268887,0,-0.0196646199066465,0,27.9381463268887,-0.0196646199066465,-0.0196646199066465,-0.0196646199066465,0.0266030945529787
24.4728765020316,0,-0.0883766236254439,0,24.4728765020316,-0.0883766236254439,-0.0883766236254439,-0.0883766236254439,0.0473406670453721
13.4368696617468,0,0.0535402362440232,0,13.4368696617468,0.0535402362440232,0.0535402362440232,0.0535402362440232,0.0282079903838013
7.48402930279067,0,0.00968988201586394,0,7.48402930279067,0.00968988201586394,0.00968988201586394,0.00968988201586394,0.0686754083472401
25.9320346135502,0,-0.0232712391594247,0,25.9320346135502,-0.0232712391594247,-0.0232712391594247,-0.0232712391594247,0.0300519735078187
NA,NA,NA,NA,NA,NA,NA,NA,NA
12.0144898669671,0,-0.0304643580877798,0,12.0144898669671,-0.0304643580877798,-0.0304643580877798,-0.0304643580877798,0.0246585875375876
5.59197431763262,0,-0.0578220526680145,0,5.59197431763262,-0.0578220526680145,-0.0578220526680145,-0.0578220526680145,0.0290843221745671
7.10118523761685,0,-0.0285278978712163,0,7.10118523761685,-0.0285278978712163,-0.0285278978712163,-0.0285278978712163,0.0595492352872805
8.39406695268219,0,0.0167837864563465,0,8.39406695268219,0.0167837864563465,0.0167837864563465,0.0167837864563465,0.0322473662392579
6.68163411954067,0,0.0399525800720857,0,6.68163411954067,0.0399525800720857,0.0399525800720857,0.0399525800720857,0.0632642521725607
10.9419857642508,0,-0.0876235523401562,0,10.9419857642508,-0.0876235523401562,-0.0876235523401562,-0.0876235523401562,0.0336377588977628
9.567453602661,0,-0.0130573193727359,0,9.567453602661,-0.0130573193727359,-0.0130573193727359,-0.0130573193727359,0.0264340771076804
9.56764954052794,0,-0.00578932875863998,0,9.56764954052794,-0.00578932875863998,-0.00578932875863998,-0.00578932875863998,0.0288617279537588
9.58796747981615,0,0.00725905880614161,0,9.58796747981615,0.00725905880614161,0.00725905880614161,0.00725905880614161,0.0422687684348916
12.9045618909384,0,-0.020800428050844,0,12.9045618909384,-0.020800428050844,-0.020800428050844,-0.020800428050844,0.00918914559220215
9.03381024943225,0,-0.0258591277728825,0,9.03381024943225,-0.0258591277728825,-0.0258591277728825,-0.0258591277728825,0.0210013285642308
7.292171244769,0,0.0214216184583366,0,7.292171244769,0.0214216184583366,0.0214216184583366,0.0214216184583366,0.00787016036700002
10.6567948708008,0,0.0203455428827325,0,10.6567948708008,0.0203455428827325,0.0203455428827325,0.0203455428827325,0.0367174068081082
15.83958844307,0,0.0399832495665445,0,15.83958844307,0.0399832495665445,0.0399832495665445,0.0399832495665445,0.0130470310288665
17.7014293147066,0,0.0234372077444364,0,17.7014293147066,0.0234372077444364,0.0234372077444364,0.0234372077444364,0.0323786122878216
14.7585414478692,0,-0.0143222744287462,0,14.7585414478692,-0.0143222744287462,-0.0143222744287462,-0.0143222744287462,0.0637816832942033
20.7521231210355,0,-0.0269978295709997,0,20.7521231210355,-0.0269978295709997,-0.0269978295709997,-0.0269978295709997,0.0154926437594917
13.9836050997556,0,-0.0596374353307077,0,13.9836050997556,-0.0596374353307077,-0.0596374353307077,-0.0596374353307077,0.0260159424457815
11.3110693140974,0,0.00982781565554414,0,11.3110693140974,0.00982781565554414,0.00982781565554414,0.00982781565554414,0.0152975413868066
16.5519463473715,0,-0.0850116784148187,0,16.5519463473715,-0.0850116784148187,-0.0850116784148187,-0.0850116784148187,0.0449328569998866
12.3671082351961,0,0.0210231372322994,0,12.3671082351961,0.0210231372322994,0.0210231372322994,0.0210231372322994,0.0160828742749283
12.3654554745313,0,-0.0686880413546458,0,12.3654554745313,-0.0686880413546458,-0.0686880413546458,-0.0686880413546458,0.0513325050706189
19.2556223171704,0,0.0285945738844167,0,19.2556223171704,0.0285945738844167,0.0285945738844167,0.0285945738844167,0.0139726523520546
34.7312424253189,0,0.00360906084633839,0,34.7312424253189,0.00360906084633839,0.00360906084633839,0.00360906084633839,0.017575833019559
54.7209102152747,0,0.0196726221291343,0,54.7209102152747,0.0196726221291343,0.0196726221291343,0.0196726221291343,0.0109274670854921
6.15335383446594,0,0.00868907833362001,0,6.15335383446594,0.00868907833362001,0.00868907833362001,0.00868907833362001,0.148956660150613
8.22166390729103,0,0.0200227074138689,0,8.22166390729103,0.0200227074138689,0.0200227074138689,0.0200227074138689,0.0889316774406693
6.56936523894705,0,-0.0184803687031215,0,6.56936523894705,-0.0184803687031215,-0.0184803687031215,-0.0184803687031215,0.0397871786329299
7.36539602284415,0,-0.0247872150245361,0,7.36539602284415,-0.0247872150245361,-0.0247872150245361,-0.0247872150245361,0.114121672795408
9.34902839864339,0,-0.0319037471830898,0,9.34902839864339,-0.0319037471830898,-0.0319037471830898,-0.0319037471830898,0.0353702402159913
12.5616640281909,0,0.00441577973083164,0,12.5616640281909,0.00441577973083164,0.00441577973083164,0.00441577973083164,0.0138459086615911
10.5411867057519,0,-0.0885790708954701,0,10.5411867057519,-0.0885790708954701,-0.0885790708954701,-0.0885790708954701,0.0320565633703811
10.8363107906744,0,-0.028098390818107,0,10.8363107906744,-0.028098390818107,-0.028098390818107,-0.028098390818107,0.071926050301895
7.60971237336999,0,0.0425196941211018,0,7.60971237336999,0.0425196941211018,0.0425196941211018,0.0425196941211018,0.0675431227803087
7.13153216147587,0,-0.0477446268787778,0,7.13153216147587,-0.0477446268787778,-0.0477446268787778,-0.0477446268787778,0.0691602399134146
11.3171115233183,0,-0.0301299566297987,0,11.3171115233183,-0.0301299566297987,-0.0301299566297987,-0.0301299566297987,0.0549217163119364
12.491172371433,0,0.00616174807970621,0,12.491172371433,0.00616174807970621,0.00616174807970621,0.00616174807970621,0.0405245193389735
17.7574754531964,0,-0.0364542682670167,0,17.7574754531964,-0.0364542682670167,-0.0364542682670167,-0.0364542682670167,0.0437339114285826
23.3384346785706,0,0.0173424537425691,0,23.3384346785706,0.0173424537425691,0.0173424537425691,0.0173424537425691,0.0189266195413323
31.0786588545351,0,-0.104141192155505,0,31.0786588545351,-0.104141192155505,-0.104141192155505,-0.104141192155505,0.0562787835549554
16.8846431378076,0,0.0592246738975235,0,16.8846431378076,0.0592246738975235,0.0592246738975235,0.0592246738975235,0.0580511049145327
123.279980889138,0,0.30509624252595,0,123.279980889138,0.30509624252595,0.30509624252595,0.30509624252595,0.059767195787558
10.8384906759069,0,-0.00221059163205814,0,10.8384906759069,-0.00221059163205814,-0.00221059163205814,-0.00221059163205814,0.0251376149245104
7.87691324476292,0,-0.0704972430897311,0,7.87691324476292,-0.0704972430897311,-0.0704972430897311,-0.0704972430897311,0.0322283121382998
14.6925462604222,0,-0.00458452472707301,0,14.6925462604222,-0.00458452472707301,-0.00458452472707301,-0.00458452472707301,0.0444254697733256
12.6985002447189,0,0.0156151615690587,0,12.6985002447189,0.0156151615690587,0.0156151615690587,0.0156151615690587,0.0344296478282526
14.3972634987083,0,-0.0237118006498921,0,14.3972634987083,-0.0237118006498921,-0.0237118006498921,-0.0237118006498921,0.0295064854269103
14.1514365378187,0,-0.0107350800784212,0,14.1514365378187,-0.0107350800784212,-0.0107350800784212,-0.0107350800784212,0.0554744268805768
27.9381463268887,0,-0.0196646199066465,0,27.9381463268887,-0.0196646199066465,-0.0196646199066465,-0.0196646199066465,0.0266030945529787
24.4728765020316,0,-0.0883766236254439,0,24.4728765020316,-0.0883766236254439,-0.0883766236254439,-0.0883766236254439,0.0473406670453721
13.4368696617468,0,0.0535402362440232,0,13.4368696617468,0.0535402362440232,0.0535402362440232,0.0535402362440232,0.0282079903838013
7.48402930279067,0,0.00968988201586394,0,7.48402930279067,0.00968988201586394,0.00968988201586394,0.00968988201586394,0.0686754083472401
25.9320346135502,0,-0.0232712391594247,0,25.9320346135502,-0.0232712391594247,-0.0232712391594247,-0.0232712391594247,0.0300519735078187
NA,NA,NA,NA,NA,NA,NA,NA,NA
12.0144898669671,0,-0.0304643580877798,0,12.0144898669671,-0.0304643580877798,-0.0304643580877798,-0.0304643580877798,0.0246585875375876
5.59197431763262,0,-0.0578220526680145,0,5.59197431763262,-0.0578220526680145,-0.0578220526680145,-0.0578220526680145,0.0290843221745671
7.10118523761685,0,-0.0285278978712163,0,7.10118523761685,-0.0285278978712163,-0.0285278978712163,-0.0285278978712163,0.0595492352872805
8.39406695268219,0,0.0167837864563465,0,8.39406695268219,0.0167837864563465,0.0167837864563465,0.0167837864563465,0.0322473662392579
6.68163411954067,0,0.0399525800720857,0,6.68163411954067,0.0399525800720857,0.0399525800720857,0.0399525800720857,0.0632642521725607
10.9419857642508,0,-0.0876235523401562,0,10.9419857642508,-0.0876235523401562,-0.0876235523401562,-0.0876235523401562,0.0336377588977628
9.567453602661,0,-0.0130573193727359,0,9.567453602661,-0.0130573193727359,-0.0130573193727359,-0.0130573193727359,0.0264340771076804
9.56764954052794,0,-0.00578932875863998,0,9.56764954052794,-0.00578932875863998,-0.00578932875863998,-0.00578932875863998,0.0288617279537588
9.58796747981615,0,0.00725905880614161,0,9.58796747981615,0.00725905880614161,0.00725905880614161,0.00725905880614161,0.0422687684348916
12.9045618909384,0,-0.020800428050844,0,12.9045618909384,-0.020800428050844,-0.020800428050844,-0.020800428050844,0.00918914559220215
9.03381024943225,0,-0.0258591277728825,0,9.03381024943225,-0.0258591277728825,-0.0258591277728825,-0.0258591277728825,0.0210013285642308
7.292171244769,0,0.0214216184583366,0,7.292171244769,0.0214216184583366,0.0214216184583366,0.0214216184583366,0.00787016036700002
10.6567948708008,0,0.0203455428827325,0,10.6567948708008,0.0203455428827325,0.0203455428827325,0.0203455428827325,0.0367174068081082
15.83958844307,0,0.0399832495665445,0,15.83958844307,0.0399832495665445,0.0399832495665445,0.0399832495665445,0.0130470310288665
17.7014293147066,0,0.0234372077444364,0,17.7014293147066,0.0234372077444364,0.0234372077444364,0.0234372077444364,0.0323786122878216
14.7585414478692,0,-0.0143222744287462,0,14.7585414478692,-0.0143222744287462,-0.0143222744287462,-0.0143222744287462,0.0637816832942033
20.7521231210355,0,-0.0269978295709997,0,20.7521231210355,-0.0269978295709997,-0.0269978295709997,-0.0269978295709997,0.0154926437594917
13.9836050997556,0,-0.0596374353307077,0,13.9836050997556,-0.0596374353307077,-0.0596374353307077,-0.0596374353307077,0.0260159424457815
11.3110693140974,0,0.00982781565554414,0,11.3110693140974,0.00982781565554414,0.00982781565554414,0.00982781565554414,0.0152975413868066
16.5519463473715,0,-0.0850116784148187,0,16.5519463473715,-0.0850116784148187,-0.0850116784148187,-0.0850116784148187,0.0449328569998866
12.3671082351961,0,0.0210231372322994,0,12.3671082351961,0.0210231372322994,0.0210231372322994,0.0210231372322994,0.0160828742749283
12.3654554745313,0,-0.0686880413546458,0,12.3654554745313,-0.0686880413546458,-0.0686880413546458,-0.0686880413546458,0.0513325050706189
19.2556223171704,0,0.0285945738844167,0,19.2556223171704,0.0285945738844167,0.0285945738844167,0.0285945738844167,0.0139726523520546
34.7312424253189,0,0.00360906084633839,0,34.7312424253189,0.00360906084633839,0.00360906084633839,0.00360906084633839,0.017575833019559
54.7209102152747,0,0.0196726221291343,0,54.7209102152747,0.0196726221291343,0.0196726221291343,0.0196726221291343,0.0109274670854921
6.15335383446594,0,0.00868907833362001,0,6.15335383446594,0.00868907833362001,0.00868907833362001,0.00868907833362001,0.148956660150613
8.22166390729103,0,0.0200227074138689,0,8.22166390729103,0.0200227074138689,0.0200227074138689,0.0200227074138689,0.0889316774406693
6.56936523894705,0,-0.0184803687031215,0,6.56936523894705,-0.0184803687031215,-0.0184803687031215,-0.0184803687031215,0.0397871786329299
7.36539602284415,0,-0.0247872150245361,0,7.36539602284415,-0.0247872150245361,-0.0247872150245361,-0.0247872150245361,0.114121672795408
9.34902839864339,0,-0.0319037471830898,0,9.34902839864339,-0.0319037471830898,-0.0319037471830898,-0.0319037471830898,0.0353702402159913
12.5616640281909,0,0.00441577973083164,0,12.5616640281909,0.00441577973083164,0.00441577973083164,0.00441577973083164,0.0138459086615911
10.5411867057519,0,-0.0885790708954701,0,10.5411867057519,-0.0885790708954701,-0.0885790708954701,-0.0885790708954701,0.0320565633703811
10.8363107906744,0,-0.028098390818107,0,10.8363107906744,-0.028098390818107,-0.028098390818107,-0.028098390818107,0.071926050301895
7.60971237336999,0,0.0425196941211018,0,7.60971237336999,0.0425196941211018,0.0425196941211018,0.0425196941211018,0.0675431227803087
7.13153216147587,0,-0.0477446268787778,0,7.13153216147587,-0.0477446268787778,-0.0477446268787778,-0.0477446268787778,0.0691602399134146
11.3171115233183,0,-0.0301299566297987,0,11.3171115233183,-0.0301299566297987,-0.0301299566297987,-0.0301299566297987,0.0549217163119364
12.491172371433,0,0.00616174807970621,0,12.491172371433,0.00616174807970621,0.00616174807970621,0.00616174807970621,0.0405245193389735
17.7574754531964,0,-0.0364542682670167,0,17.7574754531964,-0.0364542682670167,-0.0364542682670167,-0.0364542682670167,0.0437339114285826
23.3384346785706,0,0.0173424537425691,0,23.3384346785706,0.0173424537425691,0.0173424537425691,0.0173424537425691,0.0189266195413323
31.0786588545351,0,-0.104141192155505,0,31.0786588545351,-0.104141192155505,-0.104141192155505,-0.104141192155505,0.0562787835549554
16.8846431378076,0,0.0592246738975235,0,16.8846431378076,0.0592246738975235,0.0592246738975235,0.0592246738975235,0.0580511049145327
123.279980889138,0,0.30509624252595,0,123.279980889138,0.30509624252595,0.30509624252595,0.30509624252595,0.059767195787558
10.8384906759069,0,-0.00221059163205814,0,10.8384906759069,-0.00221059163205814,-0.00221059163205814,-0.00221059163205814,0.0251376149245104
7.87691324476292,0,-0.0704972430897311,0,7.87691324476292,-0.0704972430897311,-0.0704972430897311,-0.0704972430897311,0.0322283121382998
14.6925462604222,0,-0.00458452472707301,0,14.6925462604222,-0.00458452472707301,-0.00458452472707301,-0.00458452472707301,0.0444254697733256
12.6985002447189,0,0.0156151615690587,0,12.6985002447189,0.0156151615690587,0.0156151615690587,0.0156151615690587,0.0344296478282526
14.3972634987083,0,-0.0237118006498921,0,14.3972634987083,-0.0237118006498921,-0.0237118006498921,-0.0237118006498921,0.0295064854269103
14.1514365378187,0,-0.0107350800784212,0,14.1514365378187,-0.0107350800784212,-0.0107350800784212,-0.0107350800784212,0.0554744268805768
27.9381463268887,0,-0.0196646199066465,0,27.9381463268887,-0.0196646199066465,-0.0196646199066465,-0.0196646199066465,0.0266030945529787
24.4728765020316,0,-0.0883766236254439,0,24.4728765020316,-0.0883766236254439,-0.0883766236254439,-0.0883766236254439,0.0473406670453721
13.4368696617468,0,0.0535402362440232,0,13.4368696617468,0.0535402362440232,0.0535402362440232,0.0535402362440232,0.0282079903838013
7.48402930279067,0,0.00968988201586394,0,7.48402930279067,0.00968988201586394,0.00968988201586394,0.00968988201586394,0.0686754083472401
25.9320346135502,0,-0.0232712391594247,0,25.9320346135502,-0.0232712391594247,-0.0232712391594247,-0.0232712391594247,0.0300519735078187
NA,NA,NA,NA,NA,NA,NA,NA,NA
12.0144898669671,0,-0.0304643580877798,0,12.0144898669671,-0.0304643580877798,-0.0304643580877798,-0.0304643580877798,0.0246585875375876
5.59197431763262,0,-0.0578220526680145,0,5.59197431763262,-0.0578220526680145,-0.0578220526680145,-0.0578220526680145,0.0290843221745671
7.10118523761685,0,-0.0285278978712163,0,7.10118523761685,-0.0285278978712163,-0.0285278978712163,-0.0285278978712163,0.0595492352872805
8.39406695268219,0,0.0167837864563465,0,8.39406695268219,0.0167837864563465,0.0167837864563465,0.0167837864563465,0.0322473662392579
6.68163411954067,0,0.0399525800720857,0,6.68163411954067,0.0399525800720857,0.0399525800720857,0.0399525800720857,0.0632642521725607
10.9419857642508,0,-0.0876235523401562,0,10.9419857642508,-0.0876235523401562,-0.0876235523401562,-0.0876235523401562,0.0336377588977628
9.567453602661,0,-0.0130573193727359,0,9.567453602661,-0.0130573193727359,-0.0130573193727359,-0.0130573193727359,0.0264340771076804
9.56764954052794,0,-0.00578932875863998,0,9.56764954052794,-0.00578932875863998,-0.00578932875863998,-0.00578932875863998,0.0288617279537588
9.58796747981615,0,0.00725905880614161,0,9.58796747981615,0.00725905880614161,0.00725905880614161,0.00725905880614161,0.0422687684348916
12.9045618909384,0,-0.020800428050844,0,12.9045618909384,-0.020800428050844,-0.020800428050844,-0.020800428050844,0.00918914559220215
9.03381024943225,0,-0.0258591277728825,0,9.03381024943225,-0.0258591277728825,-0.0258591277728825,-0.0258591277728825,0.0210013285642308
7.292171244769,0,0.0214216184583366,0,7.292171244769,0.0214216184583366,0.0214216184583366,0.0214216184583366,0.00787016036700002
10.6567948708008,0,0.0203455428827325,0,10.6567948708008,0.0203455428827325,0.0203455428827325,0.0203455428827325,0.0367174068081082
15.83958844307,0,0.0399832495665445,0,15.83958844307,0.0399832495665445,0.0399832495665445,0.0399832495665445,0.0130470310288665
17.7014293147066,0,0.0234372077444364,0,17.7014293147066,0.0234372077444364,0.0234372077444364,0.0234372077444364,0.0323786122878216
14.7585414478692,0,-0.0143222744287462,0,14.7585414478692,-0.0143222744287462,-0.0143222744287462,-0.0143222744287462,0.0637816832942033
20.7521231210355,0,-0.0269978295709997,0,20.7521231210355,-0.0269978295709997,-0.0269978295709997,-0.0269978295709997,0.0154926437594917
13.9836050997556,0,-0.0596374353307077,0,13.9836050997556,-0.0596374353307077,-0.0596374353307077,-0.0596374353307077,0.0260159424457815
11.3110693140974,0,0.00982781565554414,0,11.3110693140974,0.00982781565554414,0.00982781565554414,0.00982781565554414,0.0152975413868066
16.5519463473715,0,-0.0850116784148187,0,16.5519463473715,-0.0850116784148187,-0.0850116784148187,-0.0850116784148187,0.0449328569998866
12.3671082351961,0,0.0210231372322994,0,12.3671082351961,0.0210231372322994,0.0210231372322994,0.0210231372322994,0.0160828742749283
12.3654554745313,0,-0.0686880413546458,0,12.3654554745313,-0.0686880413546458,-0.0686880413546458,-0.0686880413546458,0.0513325050706189
19.2556223171704,0,0.0285945738844167,0,19.2556223171704,0.0285945738844167,0.0285945738844167,0.0285945738844167,0.0139726523520546
34.7312424253189,0,0.00360906084633839,0,34.7312424253189,0.00360906084633839,0.00360906084633839,0.00360906084633839,0.017575833019559
54.7209102152747,0,0.0196726221291343,0,54.7209102152747,0.0196726221291343,0.0196726221291343,0.0196726221291343,0.0109274670854921
6.15335383446594,0,0.00868907833362001,0,6.15335383446594,0.00868907833362001,0.00868907833362001,0.00868907833362001,0.148956660150613
8.22166390729103,0,0.0200227074138689,0,8.22166390729103,0.0200227074138689,0.0200227074138689,0.0200227074138689,0.0889316774406693
6.56936523894705,0,-0.0184803687031215,0,6.56936523894705,-0.0184803687031215,-0.0184803687031215,-0.0184803687031215,0.0397871786329299
7.36539602284415,0,-0.0247872150245361,0,7.36539602284415,-0.0247872150245361,-0.0247872150245361,-0.0247872150245361,0.114121672795408
9.34902839864339,0,-0.0319037471830898,0,9.34902839864339,-0.0319037471830898,-0.0319037471830898,-0.0319037471830898,0.0353702402159913
12.5616640281909,0,0.00441577973083164,0,12.5616640281909,0.00441577973083164,0.00441577973083164,0.00441577973083164,0.0138459086615911
10.5411867057519,0,-0.0885790708954701,0,10.5411867057519,-0.0885790708954701,-0.0885790708954701,-0.0885790708954701,0.0320565633703811
10.8363107906744,0,-0.028098390818107,0,10.8363107906744,-0.028098390818107,-0.028098390818107,-0.028098390818107,0.071926050301895
7.60971237336999,0,0.0425196941211018,0,7.60971237336999,0.0425196941211018,0.0425196941211018,0.0425196941211018,0.0675431227803087
7.13153216147587,0,-0.0477446268787778,0,7.13153216147587,-0.0477446268787778,-0.0477446268787778,-0.0477446268787778,0.0691602399134146
11.3171115233183,0,-0.0301299566297987,0,11.3171115233183,-0.0301299566297987,-0.0301299566297987,-0.0301299566297987,0.0549217163119364
12.491172371433,0,0.00616174807970621,0,12.491172371433,0.00616174807970621,0.00616174807970621,0.00616174807970621,0.0405245193389735
17.7574754531964,0,-0.0364542682670167,0,17.7574754531964,-0.0364542682670167,-0.0364542682670167,-0.0364542682670167,0.0437339114285826
23.3384346785706,0,0.0173424537425691,0,23.3384346785706,0.0173424537425691,0.0173424537425691,0.0173424537425691,0.0189266195413323
31.0786588545351,0,-0.104141192155505,0,31.0786588545351,-0.104141192155505,-0.104141192155505,-0.104141192155505,0.0562787835549554
16.8846431378076,0,0.0592246738975235,0,16.8846431378076,0.0592246738975235,0.0592246738975235,0.0592246738975235,0.0580511049145327
123.279980889138,0,0.30509624252595,0,123.279980889138,0.30509624252595,0.30509624252595,0.30509624252595,0.059767195787558
10.8384906759069,0,-0.00221059163205814,0,10.8384906759069,-0.00221059163205814,-0.00221059163205814,-0.00221059163205814,0.0251376149245104
7.87691324476292,0,-0.0704972430897311,0,7.87691324476292,-0.0704972430897311,-0.0704972430897311,-0.0704972430897311,0.0322283121382998
14.6925462604222,0,-0.00458452472707301,0,14.6925462604222,-0.00458452472707301,-0.00458452472707301,-0.00458452472707301,0.0444254697733256
12.6985002447189,0,0.0156151615690587,0,12.6985002447189,0.0156151615690587,0.0156151615690587,0.0156151615690587,0.0344296478282526
14.3972634987083,0,-0.0237118006498921,0,14.3972634987083,-0.0237118006498921,-0.0237118006498921,-0.0237118006498921,0.0295064854269103
14.1514365378187,0,-0.0107350800784212,0,14.1514365378187,-0.0107350800784212,-0.0107350800784212,-0.0107350800784212,0.0554744268805768
27.9381463268887,0,-0.0196646199066465,0,27.9381463268887,-0.0196646199066465,-0.0196646199066465,-0.0196646199066465,0.0266030945529787
24.4728765020316,0,-0.0883766236254439,0,24.4728765020316,-0.0883766236254439,-0.0883766236254439,-0.0883766236254439,0.0473406670453721
13.4368696617468,0,0.0535402362440232,0,13.4368696617468,0.0535402362440232,0.0535402362440232,0.0535402362440232,0.0282079903838013
7.48402930279067,0,0.00968988201586394,0,7.48402930279067,0.00968988201586394,0.00968988201586394,0.00968988201586394,0.0686754083472401
25.9320346135502,0,-0.0232712391594247,0,25.9320346135502,-0.0232712391594247,-0.0232712391594247,-0.0232712391594247,0.0300519735078187
NA,NA,NA,NA,NA,NA,NA,NA,NA
12.0144898669671,0,-0.0304643580877798,0,12.0144898669671,-0.0304643580877798,-0.0304643580877798,-0.0304643580877798,0.0246585875375876
5.59197431763262,0,-0.0578220526680145,0,5.59197431763262,-0.0578220526680145,-0.0578220526680145,-0.0578220526680145,0.0290843221745671
7.10118523761685,0,-0.0285278978712163,0,7.10118523761685,-0.0285278978712163,-0.0285278978712163,-0.0285278978712163,0.0595492352872805
8.39406695268219,0,0.0167837864563465,0,8.39406695268219,0.0167837864563465,0.0167837864563465,0.0167837864563465,0.0322473662392579
6.68163411954067,0,0.0399525800720857,0,6.68163411954067,0.0399525800720857,0.0399525800720857,0.0399525800720857,0.0632642521725607
10.9419857642508,0,-0.0876235523401562,0,10.9419857642508,-0.0876235523401562,-0.0876235523401562,-0.0876235523401562,0.0336377588977628
9.567453602661,0,-0.0130573193727359,0,9.567453602661,-0.0130573193727359,-0.0130573193727359,-0.0130573193727359,0.0264340771076804
9.56764954052794,0,-0.00578932875863998,0,9.56764954052794,-0.00578932875863998,-0.00578932875863998,-0.00578932875863998,0.0288617279537588
9.58796747981615,0,0.00725905880614161,0,9.58796747981615,0.00725905880614161,0.00725905880614161,0.00725905880614161,0.0422687684348916
12.9045618909384,0,-0.020800428050844,0,12.9045618909384,-0.020800428050844,-0.020800428050844,-0.020800428050844,0.00918914559220215
9.03381024943225,0,-0.0258591277728825,0,9.03381024943225,-0.0258591277728825,-0.0258591277728825,-0.0258591277728825,0.0210013285642308
7.292171244769,0,0.0214216184583366,0,7.292171244769,0.0214216184583366,0.0214216184583366,0.0214216184583366,0.00787016036700002
10.6567948708008,0,0.0203455428827325,0,10.6567948708008,0.0203455428827325,0.0203455428827325,0.0203455428827325,0.0367174068081082
15.83958844307,0,0.0399832495665445,0,15.83958844307,0.0399832495665445,0.0399832495665445,0.0399832495665445,0.0130470310288665
17.7014293147066,0,0.0234372077444364,0,17.7014293147066,0.0234372077444364,0.0234372077444364,0.0234372077444364,0.0323786122878216
14.7585414478692,0,-0.0143222744287462,0,14.7585414478692,-0.0143222744287462,-0.0143222744287462,-0.0143222744287462,0.0637816832942033
20.7521231210355,0,-0.0269978295709997,0,20.7521231210355,-0.0269978295709997,-0.0269978295709997,-0.0269978295709997,0.0154926437594917
13.9836050997556,0,-0.0596374353307077,0,13.9836050997556,-0.0596374353307077,-0.0596374353307077,-0.0596374353307077,0.0260159424457815
11.3110693140974,0,0.00982781565554414,0,11.3110693140974,0.00982781565554414,0.00982781565554414,0.00982781565554414,0.0152975413868066
16.5519463473715,0,-0.0850116784148187,0,16.5519463473715,-0.0850116784148187,-0.0850116784148187,-0.0850116784148187,0.0449328569998866
12.3671082351961,0,0.0210231372322994,0,12.3671082351961,0.0210231372322994,0.0210231372322994,0.0210231372322994,0.0160828742749283
12.3654554745313,0,-0.0686880413546458,0,12.3654554745313,-0.0686880413546458,-0.0686880413546458,-0.0686880413546458,0.0513325050706189
19.2556223171704,0,0.0285945738844167,0,19.2556223171704,0.0285945738844167,0.0285945738844167,0.0285945738844167,0.0139726523520546
34.7312424253189,0,0.00360906084633839,0,34.7312424253189,0.00360906084633839,0.00360906084633839,0.00360906084633839,0.017575833019559
54.7209102152747,0,0.0196726221291343,0,54.7209102152747,0.0196726221291343,0.0196726221291343,0.0196726221291343,0.0109274670854921
6.15335383446594,0,0.00868907833362001,0,6.15335383446594,0.00868907833362001,0.00868907833362001,0.00868907833362001,0.148956660150613
8.22166390729103,0,0.0200227074138689,0,8.22166390729103,0.0200227074138689,0.0200227074138689,0.0200227074138689,0.0889316774406693
6.56936523894705,0,-0.0184803687031215,0,6.56936523894705,-0.0184803687031215,-0.0184803687031215,-0.0184803687031215,0.0397871786329299
7.36539602284415,0,-0.0247872150245361,0,7.36539602284415,-0.0247872150245361,-0.0247872150245361,-0.0247872150245361,0.114121672795408
9.34902839864339,0,-0.0319037471830898,0,9.34902839864339,-0.0319037471830898,-0.0319037471830898,-0.0319037471830898,0.0353702402159913
12.5616640281909,0,0.00441577973083164,0,12.5616640281909,0.00441577973083164,0.00441577973083164,0.00441577973083164,0.0138459086615911
10.5411867057519,0,-0.0885790708954701,0,10.5411867057519,-0.0885790708954701,-0.0885790708954701,-0.0885790708954701,0.0320565633703811
10.8363107906744,0,-0.028098390818107,0,10.8363107906744,-0.028098390818107,-0.028098390818107,-0.028098390818107,0.071926050301895
7.60971237336999,0,0.0425196941211018,0,7.60971237336999,0.0425196941211018,0.0425196941211018,0.0425196941211018,0.0675431227803087
7.13153216147587,0,-0.0477446268787778,0,7.13153216147587,-0.0477446268787778,-0.0477446268787778,-0.0477446268787778,0.0691602399134146
11.3171115233183,0,-0.0301299566297987,0,11.3171115233183,-0.0301299566297987,-0.0301299566297987,-0.0301299566297987,0.0549217163119364
12.491172371433,0,0.00616174807970621,0,12.491172371433,0.00616174807970621,0.00616174807970621,0.00616174807970621,0.0405245193389735
17.7574754531964,0,-0.0364542682670167,0,17.7574754531964,-0.0364542682670167,-0.0364542682670167,-0.0364542682670167,0.0437339114285826
23.3384346785706,0,0.0173424537425691,0,23.3384346785706,0.0173424537425691,0.0173424537425691,0.0173424537425691,0.0189266195413323
31.0786588545351,0,-0.104141192155505,0,31.0786588545351,-0.104141192155505,-0.104141192155505,-0.104141192155505,0.0562787835549554
16.8846431378076,0,0.0592246738975235,0,16.8846431378076,0.0592246738975235,0.0592246738975235,0.0592246738975235,0.0580511049145327
123.279980889138,0,0.30509624252595,0,123.279980889138,0.30509624252595,0.30509624252595,0.30509624252595,0.059767195787558
10.8384906759069,0,-0.00221059163205814,0,10.8384906759069,-0.00221059163205814,-0.00221059163205814,-0.00221059163205814,0.0251376149245104
7.87691324476292,0,-0.0704972430897311,0,7.87691324476292,-0.0704972430897311,-0.0704972430897311,-0.0704972430897311,0.0322283121382998
14.6925462604222,0,-0.00458452472707301,0,14.6925462604222,-0.00458452472707301,-0.00458452472707301,-0.00458452472707301,0.0444254697733256
12.6985002447189,0,0.0156151615690587,0,12.6985002447189,0.0156151615690587,0.0156151615690587,0.0156151615690587,0.0344296478282526
14.3972634987083,0,-0.0237118006498921,0,14.3972634987083,-0.0237118006498921,-0.0237118006498921,-0.0237118006498921,0.0295064854269103
14.1514365378187,0,-0.0107350800784212,0,14.1514365378187,-0.0107350800784212,-0.0107350800784212,-0.0107350800784212,0.0554744268805768
27.9381463268887,0,-0.0196646199066465,0,27.9381463268887,-0.0196646199066465,-0.0196646199066465,-0.0196646199066465,0.0266030945529787
24.4728765020316,0,-0.0883766236254439,0,24.4728765020316,-0.0883766236254439,-0.0883766236254439,-0.0883766236254439,0.0473406670453721
13.4368696617468,0,0.0535402362440232,0,13.4368696617468,0.0535402362440232,0.0535402362440232,0.0535402362440232,0.0282079903838013
7.48402930279067,0,0.00968988201586394,0,7.48402930279067,0.00968988201586394,0.00968988201586394,0.00968988201586394,0.0686754083472401
25.9320346135502,0,-0.0232712391594247,0,25.9320346135502,-0.0232712391594247,-0.0232712391594247,-0.0232712391594247,0.0300519735078187
NA,NA,NA,NA,NA,NA,NA,NA,NA
12.0144898669671,0,-0.0304643580877798,0,12.0144898669671,-0.0304643580877798,-0.0304643580877798,-0.0304643580877798,0.0246585875375876
5.59197431763262,0,-0.0578220526680145,0,5.59197431763262,-0.0578220526680145,-0.0578220526680145,-0.0578220526680145,0.0290843221745671
7.10118523761685,0,-0.0285278978712163,0,7.10118523761685,-0.0285278978712163,-0.0285278978712163,-0.0285278978712163,0.0595492352872805
8.39406695268219,0,0.0167837864563465,0,8.39406695268219,0.0167837864563465,0.0167837864563465,0.0167837864563465,0.0322473662392579
6.68163411954067,0,0.0399525800720857,0,6.68163411954067,0.0399525800720857,0.0399525800720857,0.0399525800720857,0.0632642521725607
10.9419857642508,0,-0.0876235523401562,0,10.9419857642508,-0.0876235523401562,-0.0876235523401562,-0.0876235523401562,0.0336377588977628
9.567453602661,0,-0.0130573193727359,0,9.567453602661,-0.0130573193727359,-0.0130573193727359,-0.0130573193727359,0.0264340771076804
9.56764954052794,0,-0.00578932875863998,0,9.56764954052794,-0.00578932875863998,-0.00578932875863998,-0.00578932875863998,0.0288617279537588
9.58796747981615,0,0.00725905880614161,0,9.58796747981615,0.00725905880614161,0.00725905880614161,0.00725905880614161,0.0422687684348916
12.9045618909384,0,-0.020800428050844,0,12.9045618909384,-0.020800428050844,-0.020800428050844,-0.020800428050844,0.00918914559220215
9.03381024943225,0,-0.0258591277728825,0,9.03381024943225,-0.0258591277728825,-0.0258591277728825,-0.0258591277728825,0.0210013285642308
7.292171244769,0,0.0214216184583366,0,7.292171244769,0.0214216184583366,0.0214216184583366,0.0214216184583366,0.00787016036700002
10.6567948708008,0,0.0203455428827325,0,10.6567948708008,0.0203455428827325,0.0203455428827325,0.0203455428827325,0.0367174068081082
15.83958844307,0,0.0399832495665445,0,15.83958844307,0.0399832495665445,0.0399832495665445,0.0399832495665445,0.0130470310288665
17.7014293147066,0,0.0234372077444364,0,17.7014293147066,0.0234372077444364,0.0234372077444364,0.0234372077444364,0.0323786122878216
14.7585414478692,0,-0.0143222744287462,0,14.7585414478692,-0.0143222744287462,-0.0143222744287462,-0.0143222744287462,0.0637816832942033
20.7521231210355,0,-0.0269978295709997,0,20.7521231210355,-0.0269978295709997,-0.0269978295709997,-0.0269978295709997,0.0154926437594917
13.9836050997556,0,-0.0596374353307077,0,13.9836050997556,-0.0596374353307077,-0.0596374353307077,-0.0596374353307077,0.0260159424457815
11.3110693140974,0,0.00982781565554414,0,11.3110693140974,0.00982781565554414,0.00982781565554414,0.00982781565554414,0.0152975413868066
16.5519463473715,0,-0.0850116784148187,0,16.5519463473715,-0.0850116784148187,-0.0850116784148187,-0.0850116784148187,0.0449328569998866
12.3671082351961,0,0.0210231372322994,0,12.3671082351961,0.0210231372322994,0.0210231372322994,0.0210231372322994,0.0160828742749283
12.3654554745313,0,-0.0686880413546458,0,12.3654554745313,-0.0686880413546458,-0.0686880413546458,-0.0686880413546458,0.0513325050706189
19.2556223171704,0,0.0285945738844167,0,19.2556223171704,0.0285945738844167,0.0285945738844167,0.0285945738844167,0.0139726523520546
34.7312424253189,0,0.00360906084633839,0,34.7312424253189,0.00360906084633839,0.00360906084633839,0.00360906084633839,0.017575833019559
54.7209102152747,0,0.0196726221291343,0,54.7209102152747,0.0196726221291343,0.0196726221291343,0.0196726221291343,0.0109274670854921
6.15335383446594,0,0.00868907833362001,0,6.15335383446594,0.00868907833362001,0.00868907833362001,0.00868907833362001,0.148956660150613
8.22166390729103,0,0.0200227074138689,0,8.22166390729103,0.0200227074138689,0.0200227074138689,0.0200227074138689,0.0889316774406693
6.56936523894705,0,-0.0184803687031215,0,6.56936523894705,-0.0184803687031215,-0.0184803687031215,-0.0184803687031215,0.0397871786329299
7.36539602284415,0,-0.0247872150245361,0,7.36539602284415,-0.0247872150245361,-0.0247872150245361,-0.0247872150245361,0.114121672795408
9.34902839864339,0,-0.0319037471830898,0,9.34902839864339,-0.0319037471830898,-0.0319037471830898,-0.0319037471830898,0.0353702402159913
12.5616640281909,0,0.00441577973083164,0,12.5616640281909,0.00441577973083164,0.00441577973083164,0.00441577973083164,0.0138459086615911
10.5411867057519,0,-0.0885790708954701,0,10.5411867057519,-0.0885790708954701,-0.0885790708954701,-0.0885790708954701,0.0320565633703811
10.8363107906744,0,-0.028098390818107,0,10.8363107906744,-0.028098390818107,-0.028098390818107,-0.028098390818107,0.071926050301895
7.60971237336999,0,0.0425196941211018,0,7.60971237336999,0.0425196941211018,0.0425196941211018,0.0425196941211018,0.0675431227803087
7.13153216147587,0,-0.0477446268787778,0,7.13153216147587,-0.0477446268787778,-0.0477446268787778,-0.0477446268787778,0.0691602399134146
11.3171115233183,0,-0.0301299566297987,0,11.3171115233183,-0.0301299566297987,-0.0301299566297987,-0.0301299566297987,0.0549217163119364
12.491172371433,0,0.00616174807970621,0,12.491172371433,0.00616174807970621,0.00616174807970621,0.00616174807970621,0.0405245193389735
17.7574754531964,0,-0.0364542682670167,0,17.7574754531964,-0.0364542682670167,-0.0364542682670167,-0.0364542682670167,0.0437339114285826
23.3384346785706,0,0.0173424537425691,0,23.3384346785706,0.0173424537425691,0.0173424537425691,0.0173424537425691,0.0189266195413323
31.0786588545351,0,-0.104141192155505,0,31.0786588545351,-0.104141192155505,-0.104141192155505,-0.104141192155505,0.0562787835549554
16.8846431378076,0,0.0592246738975235,0,16.8846431378076,0.0592246738975235,0.0592246738975235,0.0592246738975235,0.0580511049145327
123.279980889138,0,0.30509624252595,0,123.279980889138,0.30509624252595,0.30509624252595,0.30509624252595,0.059767195787558
10.8384906759069,0,-0.00221059163205814,0,10.8384906759069,-0.00221059163205814,-0.00221059163205814,-0.00221059163205814,0.0251376149245104
7.87691324476292,0,-0.0704972430897311,0,7.87691324476292,-0.0704972430897311,-0.0704972430897311,-0.0704972430897311,0.0322283121382998
14.6925462604222,0,-0.00458452472707301,0,14.6925462604222,-0.00458452472707301,-0.00458452472707301,-0.00458452472707301,0.0444254697733256
12.6985002447189,0,0.0156151615690587,0,12.6985002447189,0.0156151615690587,0.0156151615690587,0.0156151615690587,0.0344296478282526
14.3972634987083,0,-0.0237118006498921,0,14.3972634987083,-0.0237118006498921,-0.0237118006498921,-0.0237118006498921,0.0295064854269103
14.1514365378187,0,-0.0107350800784212,0,14.1514365378187,-0.0107350800784212,-0.0107350800784212,-0.0107350800784212,0.0554744268805768
27.9381463268887,0,-0.0196646199066465,0,27.9381463268887,-0.0196646199066465,-0.0196646199066465,-0.0196646199066465,0.0266030945529787
24.4728765020316,0,-0.0883766236254439,0,24.4728765020316,-0.0883766236254439,-0.0883766236254439,-0.0883766236254439,0.0473406670453721
13.4368696617468,0,0.0535402362440232,0,13.4368696617468,0.0535402362440232,0.0535402362440232,0.0535402362440232,0.0282079903838013
7.48402930279067,0,0.00968988201586394,0,7.48402930279067,0.00968988201586394,0.00968988201586394,0.00968988201586394,0.0686754083472401
25.9320346135502,0,-0.0232712391594247,0,25.9320346135502,-0.0232712391594247,-0.0232712391594247,-0.0232712391594247,0.0300519735078187
NA,NA,NA,NA,NA,NA,NA,NA,NA
12.0144898669671,0,-0.0304643580877798,0,12.0144898669671,-0.0304643580877798,-0.0304643580877798,-0.0304643580877798,0.0246585875375876
5.59197431763262,0,-0.0578220526680145,0,5.59197431763262,-0.0578220526680145,-0.0578220526680145,-0.0578220526680145,0.0290843221745671
7.10118523761685,0,-0.0285278978712163,0,7.10118523761685,-0.0285278978712163,-0.0285278978712163,-0.0285278978712163,0.0595492352872805
8.39406695268219,0,0.0167837864563465,0,8.39406695268219,0.0167837864563465,0.0167837864563465,0.0167837864563465,0.0322473662392579
6.68163411954067,0,0.0399525800720857,0,6.68163411954067,0.0399525800720857,0.0399525800720857,0.0399525800720857,0.0632642521725607
10.9419857642508,0,-0.0876235523401562,0,10.9419857642508,-0.0876235523401562,-0.0876235523401562,-0.0876235523401562,0.0336377588977628
9.567453602661,0,-0.0130573193727359,0,9.567453602661,-0.0130573193727359,-0.0130573193727359,-0.0130573193727359,0.0264340771076804
9.56764954052794,0,-0.00578932875863998,0,9.56764954052794,-0.00578932875863998,-0.00578932875863998,-0.00578932875863998,0.0288617279537588
9.58796747981615,0,0.00725905880614161,0,9.58796747981615,0.00725905880614161,0.00725905880614161,0.00725905880614161,0.0422687684348916
12.9045618909384,0,-0.020800428050844,0,12.9045618909384,-0.020800428050844,-0.020800428050844,-0.020800428050844,0.00918914559220215
9.03381024943225,0,-0.0258591277728825,0,9.03381024943225,-0.0258591277728825,-0.0258591277728825,-0.0258591277728825,0.0210013285642308
7.292171244769,0,0.0214216184583366,0,7.292171244769,0.0214216184583366,0.0214216184583366,0.0214216184583366,0.00787016036700002
10.6567948708008,0,0.0203455428827325,0,10.6567948708008,0.0203455428827325,0.0203455428827325,0.0203455428827325,0.0367174068081082
15.83958844307,0,0.0399832495665445,0,15.83958844307,0.0399832495665445,0.0399832495665445,0.0399832495665445,0.0130470310288665
17.7014293147066,0,0.0234372077444364,0,17.7014293147066,0.0234372077444364,0.0234372077444364,0.0234372077444364,0.0323786122878216
14.7585414478692,0,-0.0143222744287462,0,14.7585414478692,-0.0143222744287462,-0.0143222744287462,-0.0143222744287462,0.0637816832942033
20.7521231210355,0,-0.0269978295709997,0,20.7521231210355,-0.0269978295709997,-0.0269978295709997,-0.0269978295709997,0.0154926437594917
13.9836050997556,0,-0.0596374353307077,0,13.9836050997556,-0.0596374353307077,-0.0596374353307077,-0.0596374353307077,0.0260159424457815
11.3110693140974,0,0.00982781565554414,0,11.3110693140974,0.00982781565554414,0.00982781565554414,0.00982781565554414,0.0152975413868066
16.5519463473715,0,-0.0850116784148187,0,16.5519463473715,-0.0850116784148187,-0.0850116784148187,-0.0850116784148187,0.0449328569998866
12.3671082351961,0,0.0210231372322994,0,12.3671082351961,0.0210231372322994,0.0210231372322994,0.0210231372322994,0.0160828742749283
12.3654554745313,0,-0.0686880413546458,0,12.3654554745313,-0.0686880413546458,-0.0686880413546458,-0.0686880413546458,0.0513325050706189
19.2556223171704,0,0.0285945738844167,0,19.2556223171704,0.0285945738844167,0.0285945738844167,0.0285945738844167,0.0139726523520546
34.7312424253189,0,0.00360906084633839,0,34.7312424253189,0.00360906084633839,0.00360906084633839,0.00360906084633839,0.017575833019559
54.7209102152747,0,0.0196726221291343,0,54.7209102152747,0.0196726221291343,0.0196726221291343,0.0196726221291343,0.0109274670854921
6.15335383446594,0,0.00868907833362001,0,6.15335383446594,0.00868907833362001,0.00868907833362001,0.00868907833362001,0.148956660150613
8.22166390729103,0,0.0200227074138689,0,8.22166390729103,0.0200227074138689,0.0200227074138689,0.0200227074138689,0.0889316774406693
6.56936523894705,0,-0.0184803687031215,0,6.56936523894705,-0.0184803687031215,-0.0184803687031215,-0.0184803687031215,0.0397871786329299
7.36539602284415,0,-0.0247872150245361,0,7.36539602284415,-0.0247872150245361,-0.0247872150245361,-0.0247872150245361,0.114121672795408
9.34902839864339,0,-0.0319037471830898,0,9.34902839864339,-0.0319037471830898,-0.0319037471830898,-0.0319037471830898,0.0353702402159913
12.5616640281909,0,0.00441577973083164,0,12.5616640281909,0.00441577973083164,0.00441577973083164,0.00441577973083164,0.0138459086615911
10.5411867057519,0,-0.0885790708954701,0,10.5411867057519,-0.0885790708954701,-0.0885790708954701,-0.0885790708954701,0.0320565633703811
10.8363107906744,0,-0.028098390818107,0,10.8363107906744,-0.028098390818107,-0.028098390818107,-0.028098390818107,0.071926050301895
7.60971237336999,0,0.0425196941211018,0,7.60971237336999,0.0425196941211018,0.0425196941211018,0.0425196941211018,0.0675431227803087
7.13153216147587,0,-0.0477446268787778,0,7.13153216147587,-0.0477446268787778,-0.0477446268787778,-0.0477446268787778,0.0691602399134146
11.3171115233183,0,-0.0301299566297987,0,11.3171115233183,-0.0301299566297987,-0.0301299566297987,-0.0301299566297987,0.0549217163119364
12.491172371433,0,0.00616174807970621,0,12.491172371433,0.00616174807970621,0.00616174807970621,0.00616174807970621,0.0405245193389735
17.7574754531964,0,-0.0364542682670167,0,17.7574754531964,-0.0364542682670167,-0.0364542682670167,-0.0364542682670167,0.0437339114285826
23.3384346785706,0,0.0173424537425691,0,23.3384346785706,0.0173424537425691,0.0173424537425691,0.0173424537425691,0.0189266195413323
31.0786588545351,0,-0.104141192155505,0,31.0786588545351,-0.104141192155505,-0.104141192155505,-0.104141192155505,0.0562787835549554
16.8846431378076,0,0.0592246738975235,0,16.8846431378076,0.0592246738975235,0.0592246738975235,0.0592246738975235,0.0580511049145327
123.279980889138,0,0.30509624252595,0,123.279980889138,0.30509624252595,0.30509624252595,0.30509624252595,0.059767195787558
10.8384906759069,0,-0.00221059163205814,0,10.8384906759069,-0.00221059163205814,-0.00221059163205814,-0.00221059163205814,0.0251376149245104
7.87691324476292,0,-0.0704972430897311,0,7.87691324476292,-0.0704972430897311,-0.0704972430897311,-0.0704972430897311,0.0322283121382998
14.6925462604222,0,-0.00458452472707301,0,14.6925462604222,-0.00458452472707301,-0.00458452472707301,-0.00458452472707301,0.0444254697733256
12.6985002447189,0,0.0156151615690587,0,12.6985002447189,0.0156151615690587,0.0156151615690587,0.0156151615690587,0.0344296478282526
14.3972634987083,0,-0.0237118006498921,0,14.3972634987083,-0.0237118006498921,-0.0237118006498921,-0.0237118006498921,0.0295064854269103
14.1514365378187,0,-0.0107350800784212,0,14.1514365378187,-0.0107350800784212,-0.0107350800784212,-0.0107350800784212,0.0554744268805768
27.9381463268887,0,-0.0196646199066465,0,27.9381463268887,-0.0196646199066465,-0.0196646199066465,-0.0196646199066465,0.0266030945529787
24.4728765020316,0,-0.0883766236254439,0,24.4728765020316,-0.0883766236254439,-0.0883766236254439,-0.0883766236254439,0.0473406670453721
13.4368696617468,0,0.0535402362440232,0,13.4368696617468,0.0535402362440232,0.0535402362440232,0.0535402362440232,0.0282079903838013
7.48402930279067,0,0.00968988201586394,0,7.48402930279067,0.00968988201586394,0.00968988201586394,0.00968988201586394,0.0686754083472401
25.9320346135502,0,-0.0232712391594247,0,25.9320346135502,-0.0232712391594247,-0.0232712391594247,-0.0232712391594247,0.0300519735078187
NA,NA,NA,NA,NA,NA,NA,NA,NA
12.0144898669671,0,-0.0304643580877798,0,12.0144898669671,-0.0304643580877798,-0.0304643580877798,-0.0304643580877798,0.0246585875375876
5.59197431763262,0,-0.0578220526680145,0,5.59197431763262,-0.0578220526680145,-0.0578220526680145,-0.0578220526680145,0.0290843221745671
7.10118523761685,0,-0.0285278978712163,0,7.10118523761685,-0.0285278978712163,-0.0285278978712163,-0.0285278978712163,0.0595492352872805
8.39406695268219,0,0.0167837864563465,0,8.39406695268219,0.0167837864563465,0.0167837864563465,0.0167837864563465,0.0322473662392579
6.68163411954067,0,0.0399525800720857,0,6.68163411954067,0.0399525800720857,0.0399525800720857,0.0399525800720857,0.0632642521725607
10.9419857642508,0,-0.0876235523401562,0,10.9419857642508,-0.0876235523401562,-0.0876235523401562,-0.0876235523401562,0.0336377588977628
9.567453602661,0,-0.0130573193727359,0,9.567453602661,-0.0130573193727359,-0.0130573193727359,-0.0130573193727359,0.0264340771076804
9.56764954052794,0,-0.00578932875863998,0,9.56764954052794,-0.00578932875863998,-0.00578932875863998,-0.00578932875863998,0.0288617279537588
9.58796747981615,0,0.00725905880614161,0,9.58796747981615,0.00725905880614161,0.00725905880614161,0.00725905880614161,0.0422687684348916
12.9045618909384,0,-0.020800428050844,0,12.9045618909384,-0.020800428050844,-0.020800428050844,-0.020800428050844,0.00918914559220215
9.03381024943225,0,-0.0258591277728825,0,9.03381024943225,-0.0258591277728825,-0.0258591277728825,-0.0258591277728825,0.0210013285642308
7.292171244769,0,0.0214216184583366,0,7.292171244769,0.0214216184583366,0.0214216184583366,0.0214216184583366,0.00787016036700002
10.6567948708008,0,0.0203455428827325,0,10.6567948708008,0.0203455428827325,0.0203455428827325,0.0203455428827325,0.0367174068081082
15.83958844307,0,0.0399832495665445,0,15.83958844307,0.0399832495665445,0.0399832495665445,0.0399832495665445,0.0130470310288665
17.7014293147066,0,0.0234372077444364,0,17.7014293147066,0.0234372077444364,0.0234372077444364,0.0234372077444364,0.0323786122878216
14.7585414478692,0,-0.0143222744287462,0,14.7585414478692,-0.0143222744287462,-0.0143222744287462,-0.0143222744287462,0.0637816832942033
20.7521231210355,0,-0.0269978295709997,0,20.7521231210355,-0.0269978295709997,-0.0269978295709997,-0.0269978295709997,0.0154926437594917
13.9836050997556,0,-0.0596374353307077,0,13.9836050997556,-0.0596374353307077,-0.0596374353307077,-0.0596374353307077,0.0260159424457815
11.3110693140974,0,0.00982781565554414,0,11.3110693140974,0.00982781565554414,0.00982781565554414,0.00982781565554414,0.0152975413868066
16.5519463473715,0,-0.0850116784148187,0,16.5519463473715,-0.0850116784148187,-0.0850116784148187,-0.0850116784148187,0.0449328569998866
12.3671082351961,0,0.0210231372322994,0,12.3671082351961,0.0210231372322994,0.0210231372322994,0.0210231372322994,0.0160828742749283
12.3654554745313,0,-0.0686880413546458,0,12.3654554745313,-0.0686880413546458,-0.0686880413546458,-0.0686880413546458,0.0513325050706189
19.2556223171704,0,0.0285945738844167,0,19.2556223171704,0.0285945738844167,0.0285945738844167,0.0285945738844167,0.0139726523520546
34.7312424253189,0,0.00360906084633839,0,34.7312424253189,0.00360906084633839,0.00360906084633839,0.00360906084633839,0.017575833019559
54.7209102152747,0,0.0196726221291343,0,54.7209102152747,0.0196726221291343,0.0196726221291343,0.0196726221291343,0.0109274670854921
6.15335383446594,0,0.00868907833362001,0,6.15335383446594,0.00868907833362001,0.00868907833362001,0.00868907833362001,0.148956660150613
8.22166390729103,0,0.0200227074138689,0,8.22166390729103,0.0200227074138689,0.0200227074138689,0.0200227074138689,0.0889316774406693
6.56936523894705,0,-0.0184803687031215,0,6.56936523894705,-0.0184803687031215,-0.0184803687031215,-0.0184803687031215,0.0397871786329299
7.36539602284415,0,-0.0247872150245361,0,7.36539602284415,-0.0247872150245361,-0.0247872150245361,-0.0247872150245361,0.114121672795408
9.34902839864339,0,-0.0319037471830898,0,9.34902839864339,-0.0319037471830898,-0.0319037471830898,-0.0319037471830898,0.0353702402159913
12.5616640281909,0,0.00441577973083164,0,12.5616640281909,0.00441577973083164,0.00441577973083164,0.00441577973083164,0.0138459086615911
10.5411867057519,0,-0.0885790708954701,0,10.5411867057519,-0.0885790708954701,-0.0885790708954701,-0.0885790708954701,0.0320565633703811
10.8363107906744,0,-0.028098390818107,0,10.8363107906744,-0.028098390818107,-0.028098390818107,-0.028098390818107,0.071926050301895
7.60971237336999,0,0.0425196941211018,0,7.60971237336999,0.0425196941211018,0.0425196941211018,0.0425196941211018,0.0675431227803087
7.13153216147587,0,-0.0477446268787778,0,7.13153216147587,-0.0477446268787778,-0.0477446268787778,-0.0477446268787778,0.0691602399134146
11.3171115233183,0,-0.0301299566297987,0,11.3171115233183,-0.0301299566297987,-0.0301299566297987,-0.0301299566297987,0.0549217163119364
12.491172371433,0,0.00616174807970621,0,12.491172371433,0.00616174807970621,0.00616174807970621,0.00616174807970621,0.0405245193389735
17.7574754531964,0,-0.0364542682670167,0,17.7574754531964,-0.0364542682670167,-0.0364542682670167,-0.0364542682670167,0.0437339114285826
23.3384346785706,0,0.0173424537425691,0,23.3384346785706,0.0173424537425691,0.0173424537425691,0.0173424537425691,0.0189266195413323
31.0786588545351,0,-0.104141192155505,0,31.0786588545351,-0.104141192155505,-0.104141192155505,-0.104141192155505,0.0562787835549554
16.8846431378076,0,0.0592246738975235,0,16.8846431378076,0.0592246738975235,0.0592246738975235,0.0592246738975235,0.0580511049145327
123.279980889138,0,0.30509624252595,0,123.279980889138,0.30509624252595,0.30509624252595,0.30509624252595,0.059767195787558
10.8384906759069,0,-0.00221059163205814,0,10.8384906759069,-0.00221059163205814,-0.00221059163205814,-0.00221059163205814,0.0251376149245104
7.87691324476292,0,-0.0704972430897311,0,7.87691324476292,-0.0704972430897311,-0.0704972430897311,-0.0704972430897311,0.0322283121382998
14.6925462604222,0,-0.00458452472707301,0,14.6925462604222,-0.00458452472707301,-0.00458452472707301,-0.00458452472707301,0.0444254697733256
12.6985002447189,0,0.0156151615690587,0,12.6985002447189,0.0156151615690587,0.0156151615690587,0.0156151615690587,0.0344296478282526
14.3972634987083,0,-0.0237118006498921,0,14.3972634987083,-0.0237118006498921,-0.0237118006498921,-0.0237118006498921,0.0295064854269103
14.1514365378187,0,-0.0107350800784212,0,14.1514365378187,-0.0107350800784212,-0.0107350800784212,-0.0107350800784212,0.0554744268805768
27.9381463268887,0,-0.0196646199066465,0,27.9381463268887,-0.0196646199066465,-0.0196646199066465,-0.0196646199066465,0.0266030945529787
24.4728765020316,0,-0.0883766236254439,0,24.4728765020316,-0.0883766236254439,-0.0883766236254439,-0.0883766236254439,0.0473406670453721
13.4368696617468,0,0.0535402362440232,0,13.4368696617468,0.0535402362440232,0.0535402362440232,0.0535402362440232,0.0282079903838013
7.48402930279067,0,0.00968988201586394,0,7.48402930279067,0.00968988201586394,0.00968988201586394,0.00968988201586394,0.0686754083472401
25.9320346135502,0,-0.0232712391594247,0,25.9320346135502,-0.0232712391594247,-0.0232712391594247,-0.0232712391594247,0.0300519735078187
NA,NA,NA,NA,NA,NA,NA,NA,NA
12.0144898669671,0,-0.0304643580877798,0,12.0144898669671,-0.0304643580877798,-0.0304643580877798,-0.0304643580877798,0.0246585875375876
5.59197431763262,0,-0.0578220526680145,0,5.59197431763262,-0.0578220526680145,-0.0578220526680145,-0.0578220526680145,0.0290843221745671
7.10118523761685,0,-0.0285278978712163,0,7.10118523761685,-0.0285278978712163,-0.0285278978712163,-0.0285278978712163,0.0595492352872805
8.39406695268219,0,0.0167837864563465,0,8.39406695268219,0.0167837864563465,0.0167837864563465,0.0167837864563465,0.0322473662392579
6.68163411954067,0,0.0399525800720857,0,6.68163411954067,0.0399525800720857,0.0399525800720857,0.0399525800720857,0.0632642521725607
10.9419857642508,0,-0.0876235523401562,0,10.9419857642508,-0.0876235523401562,-0.0876235523401562,-0.0876235523401562,0.0336377588977628
9.567453602661,0,-0.0130573193727359,0,9.567453602661,-0.0130573193727359,-0.0130573193727359,-0.0130573193727359,0.0264340771076804
9.56764954052794,0,-0.00578932875863998,0,9.56764954052794,-0.00578932875863998,-0.00578932875863998,-0.00578932875863998,0.0288617279537588
9.58796747981615,0,0.00725905880614161,0,9.58796747981615,0.00725905880614161,0.00725905880614161,0.00725905880614161,0.0422687684348916
12.9045618909384,0,-0.020800428050844,0,12.9045618909384,-0.020800428050844,-0.020800428050844,-0.020800428050844,0.00918914559220215
9.03381024943225,0,-0.0258591277728825,0,9.03381024943225,-0.0258591277728825,-0.0258591277728825,-0.0258591277728825,0.0210013285642308
7.292171244769,0,0.0214216184583366,0,7.292171244769,0.0214216184583366,0.0214216184583366,0.0214216184583366,0.00787016036700002
10.6567948708008,0,0.0203455428827325,0,10.6567948708008,0.0203455428827325,0.0203455428827325,0.0203455428827325,0.0367174068081082
15.83958844307,0,0.0399832495665445,0,15.83958844307,0.0399832495665445,0.0399832495665445,0.0399832495665445,0.0130470310288665
17.7014293147066,0,0.0234372077444364,0,17.7014293147066,0.0234372077444364,0.0234372077444364,0.0234372077444364,0.0323786122878216
14.7585414478692,0,-0.0143222744287462,0,14.7585414478692,-0.0143222744287462,-0.0143222744287462,-0.0143222744287462,0.0637816832942033
20.7521231210355,0,-0.0269978295709997,0,20.7521231210355,-0.0269978295709997,-0.0269978295709997,-0.0269978295709997,0.0154926437594917
13.9836050997556,0,-0.0596374353307077,0,13.9836050997556,-0.0596374353307077,-0.0596374353307077,-0.0596374353307077,0.0260159424457815
11.3110693140974,0,0.00982781565554414,0,11.3110693140974,0.00982781565554414,0.00982781565554414,0.00982781565554414,0.0152975413868066
16.5519463473715,0,-0.0850116784148187,0,16.5519463473715,-0.0850116784148187,-0.0850116784148187,-0.0850116784148187,0.0449328569998866
12.3671082351961,0,0.0210231372322994,0,12.3671082351961,0.0210231372322994,0.0210231372322994,0.0210231372322994,0.0160828742749283
12.3654554745313,0,-0.0686880413546458,0,12.3654554745313,-0.0686880413546458,-0.0686880413546458,-0.0686880413546458,0.0513325050706189
19.2556223171704,0,0.0285945738844167,0,19.2556223171704,0.0285945738844167,0.0285945738844167,0.0285945738844167,0.0139726523520546
34.7312424253189,0,0.00360906084633839,0,34.7312424253189,0.00360906084633839,0.00360906084633839,0.00360906084633839,0.017575833019559
54.7209102152747,0,0.0196726221291343,0,54.7209102152747,0.0196726221291343,0.0196726221291343,0.0196726221291343,0.0109274670854921
6.15335383446594,0,0.00868907833362001,0,6.15335383446594,0.00868907833362001,0.00868907833362001,0.00868907833362001,0.148956660150613
8.22166390729103,0,0.0200227074138689,0,8.22166390729103,0.0200227074138689,0.0200227074138689,0.0200227074138689,0.0889316774406693
6.56936523894705,0,-0.0184803687031215,0,6.56936523894705,-0.0184803687031215,-0.0184803687031215,-0.0184803687031215,0.0397871786329299
7.36539602284415,0,-0.0247872150245361,0,7.36539602284415,-0.0247872150245361,-0.0247872150245361,-0.0247872150245361,0.114121672795408
9.34902839864339,0,-0.0319037471830898,0,9.34902839864339,-0.0319037471830898,-0.0319037471830898,-0.0319037471830898,0.0353702402159913
12.5616640281909,0,0.00441577973083164,0,12.5616640281909,0.00441577973083164,0.00441577973083164,0.00441577973083164,0.0138459086615911
10.5411867057519,0,-0.0885790708954701,0,10.5411867057519,-0.0885790708954701,-0.0885790708954701,-0.0885790708954701,0.0320565633703811
10.8363107906744,0,-0.028098390818107,0,10.8363107906744,-0.028098390818107,-0.028098390818107,-0.028098390818107,0.071926050301895
7.60971237336999,0,0.0425196941211018,0,7.60971237336999,0.0425196941211018,0.0425196941211018,0.0425196941211018,0.0675431227803087
7.13153216147587,0,-0.0477446268787778,0,7.13153216147587,-0.0477446268787778,-0.0477446268787778,-0.0477446268787778,0.0691602399134146
11.3171115233183,0,-0.0301299566297987,0,11.3171115233183,-0.0301299566297987,-0.0301299566297987,-0.0301299566297987,0.0549217163119364
12.491172371433,0,0.00616174807970621,0,12.491172371433,0.00616174807970621,0.00616174807970621,0.00616174807970621,0.0405245193389735
17.7574754531964,0,-0.0364542682670167,0,17.7574754531964,-0.0364542682670167,-0.0364542682670167,-0.0364542682670167,0.0437339114285826
23.3384346785706,0,0.0173424537425691,0,23.3384346785706,0.0173424537425691,0.0173424537425691,0.0173424537425691,0.0189266195413323
31.0786588545351,0,-0.104141192155505,0,31.0786588545351,-0.104141192155505,-0.104141192155505,-0.104141192155505,0.0562787835549554
16.8846431378076,0,0.0592246738975235,0,16.8846431378076,0.0592246738975235,0.0592246738975235,0.0592246738975235,0.0580511049145327
123.279980889138,0,0.30509624252595,0,123.279980889138,0.30509624252595,0.30509624252595,0.30509624252595,0.059767195787558
10.8384906759069,0,-0.00221059163205814,0,10.8384906759069,-0.00221059163205814,-0.00221059163205814,-0.00221059163205814,0.0251376149245104
7.87691324476292,0,-0.0704972430897311,0,7.87691324476292,-0.0704972430897311,-0.0704972430897311,-0.0704972430897311,0.0322283121382998
14.6925462604222,0,-0.00458452472707301,0,14.6925462604222,-0.00458452472707301,-0.00458452472707301,-0.00458452472707301,0.0444254697733256
12.6985002447189,0,0.0156151615690587,0,12.6985002447189,0.0156151615690587,0.0156151615690587,0.0156151615690587,0.0344296478282526
14.3972634987083,0,-0.0237118006498921,0,14.3972634987083,-0.0237118006498921,-0.0237118006498921,-0.0237118006498921,0.0295064854269103
14.1514365378187,0,-0.0107350800784212,0,14.1514365378187,-0.0107350800784212,-0.0107350800784212,-0.0107350800784212,0.0554744268805768
27.9381463268887,0,-0.0196646199066465,0,27.9381463268887,-0.0196646199066465,-0.0196646199066465,-0.0196646199066465,0.0266030945529787
24.4728765020316,0,-0.0883766236254439,0,24.4728765020316,-0.0883766236254439,-0.0883766236254439,-0.0883766236254439,0.0473406670453721
13.4368696617468,0,0.0535402362440232,0,13.4368696617468,0.0535402362440232,0.0535402362440232,0.0535402362440232,0.0282079903838013
7.48402930279067,0,0.00968988201586394,0,7.48402930279067,0.00968988201586394,0.00968988201586394,0.00968988201586394,0.0686754083472401
25.9320346135502,0,-0.0232712391594247,0,25.9320346135502,-0.0232712391594247,-0.0232712391594247,-0.0232712391594247,0.0300519735078187
NA,NA,NA,NA,NA,NA,NA,NA,NA
12.0144898669671,0,-0.0304643580877798,0,12.0144898669671,-0.0304643580877798,-0.0304643580877798,-0.0304643580877798,0.0246585875375876
5.59197431763262,0,-0.0578220526680145,0,5.59197431763262,-0.0578220526680145,-0.0578220526680145,-0.0578220526680145,0.0290843221745671
7.10118523761685,0,-0.0285278978712163,0,7.10118523761685,-0.0285278978712163,-0.0285278978712163,-0.0285278978712163,0.0595492352872805
8.39406695268219,0,0.0167837864563465,0,8.39406695268219,0.0167837864563465,0.0167837864563465,0.0167837864563465,0.0322473662392579
6.68163411954067,0,0.0399525800720857,0,6.68163411954067,0.0399525800720857,0.0399525800720857,0.0399525800720857,0.0632642521725607
10.9419857642508,0,-0.0876235523401562,0,10.9419857642508,-0.0876235523401562,-0.0876235523401562,-0.0876235523401562,0.0336377588977628
9.567453602661,0,-0.0130573193727359,0,9.567453602661,-0.0130573193727359,-0.0130573193727359,-0.0130573193727359,0.0264340771076804
9.56764954052794,0,-0.00578932875863998,0,9.56764954052794,-0.00578932875863998,-0.00578932875863998,-0.00578932875863998,0.0288617279537588
9.58796747981615,0,0.00725905880614161,0,9.58796747981615,0.00725905880614161,0.00725905880614161,0.00725905880614161,0.0422687684348916
12.9045618909384,0,-0.020800428050844,0,12.9045618909384,-0.020800428050844,-0.020800428050844,-0.020800428050844,0.00918914559220215
9.03381024943225,0,-0.0258591277728825,0,9.03381024943225,-0.0258591277728825,-0.0258591277728825,-0.0258591277728825,0.0210013285642308
7.292171244769,0,0.0214216184583366,0,7.292171244769,0.0214216184583366,0.0214216184583366,0.0214216184583366,0.00787016036700002
10.6567948708008,0,0.0203455428827325,0,10.6567948708008,0.0203455428827325,0.0203455428827325,0.0203455428827325,0.0367174068081082
15.83958844307,0,0.0399832495665445,0,15.83958844307,0.0399832495665445,0.0399832495665445,0.0399832495665445,0.0130470310288665
17.7014293147066,0,0.0234372077444364,0,17.7014293147066,0.0234372077444364,0.0234372077444364,0.0234372077444364,0.0323786122878216
14.7585414478692,0,-0.0143222744287462,0,14.7585414478692,-0.0143222744287462,-0.0143222744287462,-0.0143222744287462,0.0637816832942033
20.7521231210355,0,-0.0269978295709997,0,20.7521231210355,-0.0269978295709997,-0.0269978295709997,-0.0269978295709997,0.0154926437594917
13.9836050997556,0,-0.0596374353307077,0,13.9836050997556,-0.0596374353307077,-0.0596374353307077,-0.0596374353307077,0.0260159424457815
11.3110693140974,0,0.00982781565554414,0,11.3110693140974,0.00982781565554414,0.00982781565554414,0.00982781565554414,0.0152975413868066
16.5519463473715,0,-0.0850116784148187,0,16.5519463473715,-0.0850116784148187,-0.0850116784148187,-0.0850116784148187,0.0449328569998866
12.3671082351961,0,0.0210231372322994,0,12.3671082351961,0.0210231372322994,0.0210231372322994,0.0210231372322994,0.0160828742749283
12.3654554745313,0,-0.0686880413546458,0,12.3654554745313,-0.0686880413546458,-0.0686880413546458,-0.0686880413546458,0.0513325050706189
19.2556223171704,0,0.0285945738844167,0,19.2556223171704,0.0285945738844167,0.0285945738844167,0.0285945738844167,0.0139726523520546
34.7312424253189,0,0.00360906084633839,0,34.7312424253189,0.00360906084633839,0.00360906084633839,0.00360906084633839,0.017575833019559
54.7209102152747,0,0.0196726221291343,0,54.7209102152747,0.0196726221291343,0.0196726221291343,0.0196726221291343,0.0109274670854921
6.15335383446594,0,0.00868907833362001,0,6.15335383446594,0.00868907833362001,0.00868907833362001,0.00868907833362001,0.148956660150613
8.22166390729103,0,0.0200227074138689,0,8.22166390729103,0.0200227074138689,0.0200227074138689,0.0200227074138689,0.0889316774406693
6.56936523894705,0,-0.0184803687031215,0,6.56936523894705,-0.0184803687031215,-0.0184803687031215,-0.0184803687031215,0.0397871786329299
7.36539602284415,0,-0.0247872150245361,0,7.36539602284415,-0.0247872150245361,-0.0247872150245361,-0.0247872150245361,0.114121672795408
9.34902839864339,0,-0.0319037471830898,0,9.34902839864339,-0.0319037471830898,-0.0319037471830898,-0.0319037471830898,0.0353702402159913
12.5616640281909,0,0.00441577973083164,0,12.5616640281909,0.00441577973083164,0.00441577973083164,0.00441577973083164,0.0138459086615911
10.5411867057519,0,-0.0885790708954701,0,10.5411867057519,-0.0885790708954701,-0.0885790708954701,-0.0885790708954701,0.0320565633703811
10.8363107906744,0,-0.028098390818107,0,10.8363107906744,-0.028098390818107,-0.028098390818107,-0.028098390818107,0.071926050301895
7.60971237336999,0,0.0425196941211018,0,7.60971237336999,0.0425196941211018,0.0425196941211018,0.0425196941211018,0.0675431227803087
7.13153216147587,0,-0.0477446268787778,0,7.13153216147587,-0.0477446268787778,-0.0477446268787778,-0.0477446268787778,0.0691602399134146
11.3171115233183,0,-0.0301299566297987,0,11.3171115233183,-0.0301299566297987,-0.0301299566297987,-0.0301299566297987,0.0549217163119364
12.491172371433,0,0.00616174807970621,0,12.491172371433,0.00616174807970621,0.00616174807970621,0.00616174807970621,0.0405245193389735
17.7574754531964,0,-0.0364542682670167,0,17.7574754531964,-0.0364542682670167,-0.0364542682670167,-0.0364542682670167,0.0437339114285826
23.3384346785706,0,0.0173424537425691,0,23.3384346785706,0.0173424537425691,0.0173424537425691,0.0173424537425691,0.0189266195413323
31.0786588545351,0,-0.104141192155505,0,31.0786588545351,-0.104141192155505,-0.104141192155505,-0.104141192155505,0.0562787835549554
16.8846431378076,0,0.0592246738975235,0,16.8846431378076,0.0592246738975235,0.0592246738975235,0.0592246738975235,0.0580511049145327
123.279980889138,0,0.30509624252595,0,123.279980889138,0.30509624252595,0.30509624252595,0.30509624252595,0.059767195787558
10.8384906759069,0,-0.00221059163205814,0,10.8384906759069,-0.00221059163205814,-0.00221059163205814,-0.00221059163205814,0.0251376149245104
7.87691324476292,0,-0.0704972430897311,0,7.87691324476292,-0.0704972430897311,-0.0704972430897311,-0.0704972430897311,0.0322283121382998
14.6925462604222,0,-0.00458452472707301,0,14.6925462604222,-0.00458452472707301,-0.00458452472707301,-0.00458452472707301,0.0444254697733256
12.6985002447189,0,0.0156151615690587,0,12.6985002447189,0.0156151615690587,0.0156151615690587,0.0156151615690587,0.0344296478282526
14.3972634987083,0,-0.0237118006498921,0,14.3972634987083,-0.0237118006498921,-0.0237118006498921,-0.0237118006498921,0.0295064854269103
14.1514365378187,0,-0.0107350800784212,0,14.1514365378187,-0.0107350800784212,-0.0107350800784212,-0.0107350800784212,0.0554744268805768
27.9381463268887,0,-0.0196646199066465,0,27.9381463268887,-0.0196646199066465,-0.0196646199066465,-0.0196646199066465,0.0266030945529787
24.4728765020316,0,-0.0883766236254439,0,24.4728765020316,-0.0883766236254439,-0.0883766236254439,-0.0883766236254439,0.0473406670453721
13.4368696617468,0,0.0535402362440232,0,13.4368696617468,0.0535402362440232,0.0535402362440232,0.0535402362440232,0.0282079903838013
7.48402930279067,0,0.00968988201586394,0,7.48402930279067,0.00968988201586394,0.00968988201586394,0.00968988201586394,0.0686754083472401
25.9320346135502,0,-0.0232712391594247,0,25.9320346135502,-0.0232712391594247,-0.0232712391594247,-0.0232712391594247,0.0300519735078187
NA,NA,NA,NA,NA,NA,NA,NA,NA
12.0144898669671,0,-0.0304643580877798,0,12.0144898669671,-0.0304643580877798,-0.0304643580877798,-0.0304643580877798,0.0246585875375876
5.59197431763262,0,-0.0578220526680145,0,5.59197431763262,-0.0578220526680145,-0.0578220526680145,-0.0578220526680145,0.0290843221745671
7.10118523761685,0,-0.0285278978712163,0,7.10118523761685,-0.0285278978712163,-0.0285278978712163,-0.0285278978712163,0.0595492352872805
8.39406695268219,0,0.0167837864563465,0,8.39406695268219,0.0167837864563465,0.0167837864563465,0.0167837864563465,0.0322473662392579
6.68163411954067,0,0.0399525800720857,0,6.68163411954067,0.0399525800720857,0.0399525800720857,0.0399525800720857,0.0632642521725607
10.9419857642508,0,-0.0876235523401562,0,10.9419857642508,-0.0876235523401562,-0.0876235523401562,-0.0876235523401562,0.0336377588977628
9.567453602661,0,-0.0130573193727359,0,9.567453602661,-0.0130573193727359,-0.0130573193727359,-0.0130573193727359,0.0264340771076804
9.56764954052794,0,-0.00578932875863998,0,9.56764954052794,-0.00578932875863998,-0.00578932875863998,-0.00578932875863998,0.0288617279537588
9.58796747981615,0,0.00725905880614161,0,9.58796747981615,0.00725905880614161,0.00725905880614161,0.00725905880614161,0.0422687684348916
12.9045618909384,0,-0.020800428050844,0,12.9045618909384,-0.020800428050844,-0.020800428050844,-0.020800428050844,0.00918914559220215
9.03381024943225,0,-0.0258591277728825,0,9.03381024943225,-0.0258591277728825,-0.0258591277728825,-0.0258591277728825,0.0210013285642308
7.292171244769,0,0.0214216184583366,0,7.292171244769,0.0214216184583366,0.0214216184583366,0.0214216184583366,0.00787016036700002
10.6567948708008,0,0.0203455428827325,0,10.6567948708008,0.0203455428827325,0.0203455428827325,0.0203455428827325,0.0367174068081082
15.83958844307,0,0.0399832495665445,0,15.83958844307,0.0399832495665445,0.0399832495665445,0.0399832495665445,0.0130470310288665
17.7014293147066,0,0.0234372077444364,0,17.7014293147066,0.0234372077444364,0.0234372077444364,0.0234372077444364,0.0323786122878216
14.7585414478692,0,-0.0143222744287462,0,14.7585414478692,-0.0143222744287462,-0.0143222744287462,-0.0143222744287462,0.0637816832942033
20.7521231210355,0,-0.0269978295709997,0,20.7521231210355,-0.0269978295709997,-0.0269978295709997,-0.0269978295709997,0.0154926437594917
13.9836050997556,0,-0.0596374353307077,0,13.9836050997556,-0.0596374353307077,-0.0596374353307077,-0.0596374353307077,0.0260159424457815
11.3110693140974,0,0.00982781565554414,0,11.3110693140974,0.00982781565554414,0.00982781565554414,0.00982781565554414,0.0152975413868066
16.5519463473715,0,-0.0850116784148187,0,16.5519463473715,-0.0850116784148187,-0.0850116784148187,-0.0850116784148187,0.0449328569998866
12.3671082351961,0,0.0210231372322994,0,12.3671082351961,0.0210231372322994,0.0210231372322994,0.0210231372322994,0.0160828742749283
12.3654554745313,0,-0.0686880413546458,0,12.3654554745313,-0.0686880413546458,-0.0686880413546458,-0.0686880413546458,0.0513325050706189
19.2556223171704,0,0.0285945738844167,0,19.2556223171704,0.0285945738844167,0.0285945738844167,0.0285945738844167,0.0139726523520546
34.7312424253189,0,0.00360906084633839,0,34.7312424253189,0.00360906084633839,0.00360906084633839,0.00360906084633839,0.017575833019559
54.7209102152747,0,0.0196726221291343,0,54.7209102152747,0.0196726221291343,0.0196726221291343,0.0196726221291343,0.0109274670854921
6.15335383446594,0,0.00868907833362001,0,6.15335383446594,0.00868907833362001,0.00868907833362001,0.00868907833362001,0.148956660150613
8.22166390729103,0,0.0200227074138689,0,8.22166390729103,0.0200227074138689,0.0200227074138689,0.0200227074138689,0.0889316774406693
6.56936523894705,0,-0.0184803687031215,0,6.56936523894705,-0.0184803687031215,-0.0184803687031215,-0.0184803687031215,0.0397871786329299
7.36539602284415,0,-0.0247872150245361,0,7.36539602284415,-0.0247872150245361,-0.0247872150245361,-0.0247872150245361,0.114121672795408
9.34902839864339,0,-0.0319037471830898,0,9.34902839864339,-0.0319037471830898,-0.0319037471830898,-0.0319037471830898,0.0353702402159913
12.5616640281909,0,0.00441577973083164,0,12.5616640281909,0.00441577973083164,0.00441577973083164,0.00441577973083164,0.0138459086615911
10.5411867057519,0,-0.0885790708954701,0,10.5411867057519,-0.0885790708954701,-0.0885790708954701,-0.0885790708954701,0.0320565633703811
10.8363107906744,0,-0.028098390818107,0,10.8363107906744,-0.028098390818107,-0.028098390818107,-0.028098390818107,0.071926050301895
7.60971237336999,0,0.0425196941211018,0,7.60971237336999,0.0425196941211018,0.0425196941211018,0.0425196941211018,0.0675431227803087
7.13153216147587,0,-0.0477446268787778,0,7.13153216147587,-0.0477446268787778,-0.0477446268787778,-0.0477446268787778,0.0691602399134146
11.3171115233183,0,-0.0301299566297987,0,11.3171115233183,-0.0301299566297987,-0.0301299566297987,-0.0301299566297987,0.0549217163119364
12.491172371433,0,0.00616174807970621,0,12.491172371433,0.00616174807970621,0.00616174807970621,0.00616174807970621,0.0405245193389735
17.7574754531964,0,-0.0364542682670167,0,17.7574754531964,-0.0364542682670167,-0.0364542682670167,-0.0364542682670167,0.0437339114285826
23.3384346785706,0,0.0173424537425691,0,23.3384346785706,0.0173424537425691,0.0173424537425691,0.0173424537425691,0.0189266195413323
31.0786588545351,0,-0.104141192155505,0,31.0786588545351,-0.104141192155505,-0.104141192155505,-0.104141192155505,0.0562787835549554
16.8846431378076,0,0.0592246738975235,0,16.8846431378076,0.0592246738975235,0.0592246738975235,0.0592246738975235,0.0580511049145327
123.279980889138,0,0.30509624252595,0,123.279980889138,0.30509624252595,0.30509624252595,0.30509624252595,0.059767195787558
10.8384906759069,0,-0.00221059163205814,0,10.8384906759069,-0.00221059163205814,-0.00221059163205814,-0.00221059163205814,0.0251376149245104
7.87691324476292,0,-0.0704972430897311,0,7.87691324476292,-0.0704972430897311,-0.0704972430897311,-0.0704972430897311,0.0322283121382998
14.6925462604222,0,-0.00458452472707301,0,14.6925462604222,-0.00458452472707301,-0.00458452472707301,-0.00458452472707301,0.0444254697733256
12.6985002447189,0,0.0156151615690587,0,12.6985002447189,0.0156151615690587,0.0156151615690587,0.0156151615690587,0.0344296478282526
14.3972634987083,0,-0.0237118006498921,0,14.3972634987083,-0.0237118006498921,-0.0237118006498921,-0.0237118006498921,0.0295064854269103
14.1514365378187,0,-0.0107350800784212,0,14.1514365378187,-0.0107350800784212,-0.0107350800784212,-0.0107350800784212,0.0554744268805768
27.9381463268887,0,-0.0196646199066465,0,27.9381463268887,-0.0196646199066465,-0.0196646199066465,-0.0196646199066465,0.0266030945529787
24.4728765020316,0,-0.0883766236254439,0,24.4728765020316,-0.0883766236254439,-0.0883766236254439,-0.0883766236254439,0.0473406670453721
13.4368696617468,0,0.0535402362440232,0,13.4368696617468,0.0535402362440232,0.0535402362440232,0.0535402362440232,0.0282079903838013
7.48402930279067,0,0.00968988201586394,0,7.48402930279067,0.00968988201586394,0.00968988201586394,0.00968988201586394,0.0686754083472401
25.9320346135502,0,-0.0232712391594247,0,25.9320346135502,-0.0232712391594247,-0.0232712391594247,-0.0232712391594247,0.0300519735078187
NA,NA,NA,NA,NA,NA,NA,NA,NA
12.0144898669671,0,-0.0304643580877798,0,12.0144898669671,-0.0304643580877798,-0.0304643580877798,-0.0304643580877798,0.0246585875375876
5.59197431763262,0,-0.0578220526680145,0,5.59197431763262,-0.0578220526680145,-0.0578220526680145,-0.0578220526680145,0.0290843221745671
7.10118523761685,0,-0.0285278978712163,0,7.10118523761685,-0.0285278978712163,-0.0285278978712163,-0.0285278978712163,0.0595492352872805
8.39406695268219,0,0.0167837864563465,0,8.39406695268219,0.0167837864563465,0.0167837864563465,0.0167837864563465,0.0322473662392579
6.68163411954067,0,0.0399525800720857,0,6.68163411954067,0.0399525800720857,0.0399525800720857,0.0399525800720857,0.0632642521725607
10.9419857642508,0,-0.0876235523401562,0,10.9419857642508,-0.0876235523401562,-0.0876235523401562,-0.0876235523401562,0.0336377588977628
9.567453602661,0,-0.0130573193727359,0,9.567453602661,-0.0130573193727359,-0.0130573193727359,-0.0130573193727359,0.0264340771076804
9.56764954052794,0,-0.00578932875863998,0,9.56764954052794,-0.00578932875863998,-0.00578932875863998,-0.00578932875863998,0.0288617279537588
9.58796747981615,0,0.00725905880614161,0,9.58796747981615,0.00725905880614161,0.00725905880614161,0.00725905880614161,0.0422687684348916
12.9045618909384,0,-0.020800428050844,0,12.9045618909384,-0.020800428050844,-0.020800428050844,-0.020800428050844,0.00918914559220215
9.03381024943225,0,-0.0258591277728825,0,9.03381024943225,-0.0258591277728825,-0.0258591277728825,-0.0258591277728825,0.0210013285642308
7.292171244769,0,0.0214216184583366,0,7.292171244769,0.0214216184583366,0.0214216184583366,0.0214216184583366,0.00787016036700002
10.6567948708008,0,0.0203455428827325,0,10.6567948708008,0.0203455428827325,0.0203455428827325,0.0203455428827325,0.0367174068081082
15.83958844307,0,0.0399832495665445,0,15.83958844307,0.0399832495665445,0.0399832495665445,0.0399832495665445,0.0130470310288665
17.7014293147066,0,0.0234372077444364,0,17.7014293147066,0.0234372077444364,0.0234372077444364,0.0234372077444364,0.0323786122878216
14.7585414478692,0,-0.0143222744287462,0,14.7585414478692,-0.0143222744287462,-0.0143222744287462,-0.0143222744287462,0.0637816832942033
20.7521231210355,0,-0.0269978295709997,0,20.7521231210355,-0.0269978295709997,-0.0269978295709997,-0.0269978295709997,0.0154926437594917
13.9836050997556,0,-0.0596374353307077,0,13.9836050997556,-0.0596374353307077,-0.0596374353307077,-0.0596374353307077,0.0260159424457815
11.3110693140974,0,0.00982781565554414,0,11.3110693140974,0.00982781565554414,0.00982781565554414,0.00982781565554414,0.0152975413868066
16.5519463473715,0,-0.0850116784148187,0,16.5519463473715,-0.0850116784148187,-0.0850116784148187,-0.0850116784148187,0.0449328569998866
12.3671082351961,0,0.0210231372322994,0,12.3671082351961,0.0210231372322994,0.0210231372322994,0.0210231372322994,0.0160828742749283
12.3654554745313,0,-0.0686880413546458,0,12.3654554745313,-0.0686880413546458,-0.0686880413546458,-0.0686880413546458,0.0513325050706189
19.2556223171704,0,0.0285945738844167,0,19.2556223171704,0.0285945738844167,0.0285945738844167,0.0285945738844167,0.0139726523520546
34.7312424253189,0,0.00360906084633839,0,34.7312424253189,0.00360906084633839,0.00360906084633839,0.00360906084633839,0.017575833019559
54.7209102152747,0,0.0196726221291343,0,54.7209102152747,0.0196726221291343,0.0196726221291343,0.0196726221291343,0.0109274670854921
6.15335383446594,0,0.00868907833362001,0,6.15335383446594,0.00868907833362001,0.00868907833362001,0.00868907833362001,0.148956660150613
8.22166390729103,0,0.0200227074138689,0,8.22166390729103,0.0200227074138689,0.0200227074138689,0.0200227074138689,0.0889316774406693
6.56936523894705,0,-0.0184803687031215,0,6.56936523894705,-0.0184803687031215,-0.0184803687031215,-0.0184803687031215,0.0397871786329299
7.36539602284415,0,-0.0247872150245361,0,7.36539602284415,-0.0247872150245361,-0.0247872150245361,-0.0247872150245361,0.114121672795408
9.34902839864339,0,-0.0319037471830898,0,9.34902839864339,-0.0319037471830898,-0.0319037471830898,-0.0319037471830898,0.0353702402159913
12.5616640281909,0,0.00441577973083164,0,12.5616640281909,0.00441577973083164,0.00441577973083164,0.00441577973083164,0.0138459086615911
10.5411867057519,0,-0.0885790708954701,0,10.5411867057519,-0.0885790708954701,-0.0885790708954701,-0.0885790708954701,0.0320565633703811
10.8363107906744,0,-0.028098390818107,0,10.8363107906744,-0.028098390818107,-0.028098390818107,-0.028098390818107,0.071926050301895
7.60971237336999,0,0.0425196941211018,0,7.60971237336999,0.0425196941211018,0.0425196941211018,0.0425196941211018,0.0675431227803087
7.13153216147587,0,-0.0477446268787778,0,7.13153216147587,-0.0477446268787778,-0.0477446268787778,-0.0477446268787778,0.0691602399134146
11.3171115233183,0,-0.0301299566297987,0,11.3171115233183,-0.0301299566297987,-0.0301299566297987,-0.0301299566297987,0.0549217163119364
12.491172371433,0,0.00616174807970621,0,12.491172371433,0.00616174807970621,0.00616174807970621,0.00616174807970621,0.0405245193389735
17.7574754531964,0,-0.0364542682670167,0,17.7574754531964,-0.0364542682670167,-0.0364542682670167,-0.0364542682670167,0.0437339114285826
23.3384346785706,0,0.0173424537425691,0,23.3384346785706,0.0173424537425691,0.0173424537425691,0.0173424537425691,0.0189266195413323
31.0786588545351,0,-0.104141192155505,0,31.0786588545351,-0.104141192155505,-0.104141192155505,-0.104141192155505,0.0562787835549554
16.8846431378076,0,0.0592246738975235,0,16.8846431378076,0.0592246738975235,0.0592246738975235,0.0592246738975235,0.0580511049145327
123.279980889138,0,0.30509624252595,0,123.279980889138,0.30509624252595,0.30509624252595,0.30509624252595,0.059767195787558
10.8384906759069,0,-0.00221059163205814,0,10.8384906759069,-0.00221059163205814,-0.00221059163205814,-0.00221059163205814,0.0251376149245104
7.87691324476292,0,-0.0704972430897311,0,7.87691324476292,-0.0704972430897311,-0.0704972430897311,-0.0704972430897311,0.0322283121382998
14.6925462604222,0,-0.00458452472707301,0,14.6925462604222,-0.00458452472707301,-0.00458452472707301,-0.00458452472707301,0.0444254697733256
12.6985002447189,0,0.0156151615690587,0,12.6985002447189,0.0156151615690587,0.0156151615690587,0.0156151615690587,0.0344296478282526
14.3972634987083,0,-0.0237118006498921,0,14.3972634987083,-0.0237118006498921,-0.0237118006498921,-0.0237118006498921,0.0295064854269103
14.1514365378187,0,-0.0107350800784212,0,14.1514365378187,-0.0107350800784212,-0.0107350800784212,-0.0107350800784212,0.0554744268805768
27.9381463268887,0,-0.0196646199066465,0,27.9381463268887,-0.0196646199066465,-0.0196646199066465,-0.0196646199066465,0.0266030945529787
24.4728765020316,0,-0.0883766236254439,0,24.4728765020316,-0.0883766236254439,-0.0883766236254439,-0.0883766236254439,0.0473406670453721
13.4368696617468,0,0.0535402362440232,0,13.4368696617468,0.0535402362440232,0.0535402362440232,0.0535402362440232,0.0282079903838013
7.48402930279067,0,0.00968988201586394,0,7.48402930279067,0.00968988201586394,0.00968988201586394,0.00968988201586394,0.0686754083472401
25.9320346135502,0,-0.0232712391594247,0,25.9320346135502,-0.0232712391594247,-0.0232712391594247,-0.0232712391594247,0.0300519735078187
NA,NA,NA,NA,NA,NA,NA,NA,NA
12.0144898669671,0,-0.0304643580877798,0,12.0144898669671,-0.0304643580877798,-0.0304643580877798,-0.0304643580877798,0.0246585875375876
5.59197431763262,0,-0.0578220526680145,0,5.59197431763262,-0.0578220526680145,-0.0578220526680145,-0.0578220526680145,0.0290843221745671
7.10118523761685,0,-0.0285278978712163,0,7.10118523761685,-0.0285278978712163,-0.0285278978712163,-0.0285278978712163,0.0595492352872805
8.39406695268219,0,0.0167837864563465,0,8.39406695268219,0.0167837864563465,0.0167837864563465,0.0167837864563465,0.0322473662392579
6.68163411954067,0,0.0399525800720857,0,6.68163411954067,0.0399525800720857,0.0399525800720857,0.0399525800720857,0.0632642521725607
10.9419857642508,0,-0.0876235523401562,0,10.9419857642508,-0.0876235523401562,-0.0876235523401562,-0.0876235523401562,0.0336377588977628
9.567453602661,0,-0.0130573193727359,0,9.567453602661,-0.0130573193727359,-0.0130573193727359,-0.0130573193727359,0.0264340771076804
9.56764954052794,0,-0.00578932875863998,0,9.56764954052794,-0.00578932875863998,-0.00578932875863998,-0.00578932875863998,0.0288617279537588
9.58796747981615,0,0.00725905880614161,0,9.58796747981615,0.00725905880614161,0.00725905880614161,0.00725905880614161,0.0422687684348916
12.9045618909384,0,-0.020800428050844,0,12.9045618909384,-0.020800428050844,-0.020800428050844,-0.020800428050844,0.00918914559220215
9.03381024943225,0,-0.0258591277728825,0,9.03381024943225,-0.0258591277728825,-0.0258591277728825,-0.0258591277728825,0.0210013285642308
7.292171244769,0,0.0214216184583366,0,7.292171244769,0.0214216184583366,0.0214216184583366,0.0214216184583366,0.00787016036700002
10.6567948708008,0,0.0203455428827325,0,10.6567948708008,0.0203455428827325,0.0203455428827325,0.0203455428827325,0.0367174068081082
15.83958844307,0,0.0399832495665445,0,15.83958844307,0.0399832495665445,0.0399832495665445,0.0399832495665445,0.0130470310288665
17.7014293147066,0,0.0234372077444364,0,17.7014293147066,0.0234372077444364,0.0234372077444364,0.0234372077444364,0.0323786122878216
14.7585414478692,0,-0.0143222744287462,0,14.7585414478692,-0.0143222744287462,-0.0143222744287462,-0.0143222744287462,0.0637816832942033
20.7521231210355,0,-0.0269978295709997,0,20.7521231210355,-0.0269978295709997,-0.0269978295709997,-0.0269978295709997,0.0154926437594917
13.9836050997556,0,-0.0596374353307077,0,13.9836050997556,-0.0596374353307077,-0.0596374353307077,-0.0596374353307077,0.0260159424457815
11.3110693140974,0,0.00982781565554414,0,11.3110693140974,0.00982781565554414,0.00982781565554414,0.00982781565554414,0.0152975413868066
16.5519463473715,0,-0.0850116784148187,0,16.5519463473715,-0.0850116784148187,-0.0850116784148187,-0.0850116784148187,0.0449328569998866
12.3671082351961,0,0.0210231372322994,0,12.3671082351961,0.0210231372322994,0.0210231372322994,0.0210231372322994,0.0160828742749283
12.3654554745313,0,-0.0686880413546458,0,12.3654554745313,-0.0686880413546458,-0.0686880413546458,-0.0686880413546458,0.0513325050706189
19.2556223171704,0,0.0285945738844167,0,19.2556223171704,0.0285945738844167,0.0285945738844167,0.0285945738844167,0.0139726523520546
34.7312424253189,0,0.00360906084633839,0,34.7312424253189,0.00360906084633839,0.00360906084633839,0.00360906084633839,0.017575833019559
54.7209102152747,0,0.0196726221291343,0,54.7209102152747,0.0196726221291343,0.0196726221291343,0.0196726221291343,0.0109274670854921
6.15335383446594,0,0.00868907833362001,0,6.15335383446594,0.00868907833362001,0.00868907833362001,0.00868907833362001,0.148956660150613
8.22166390729103,0,0.0200227074138689,0,8.22166390729103,0.0200227074138689,0.0200227074138689,0.0200227074138689,0.0889316774406693
6.56936523894705,0,-0.0184803687031215,0,6.56936523894705,-0.0184803687031215,-0.0184803687031215,-0.0184803687031215,0.0397871786329299
7.36539602284415,0,-0.0247872150245361,0,7.36539602284415,-0.0247872150245361,-0.0247872150245361,-0.0247872150245361,0.114121672795408
9.34902839864339,0,-0.0319037471830898,0,9.34902839864339,-0.0319037471830898,-0.0319037471830898,-0.0319037471830898,0.0353702402159913
12.5616640281909,0,0.00441577973083164,0,12.5616640281909,0.00441577973083164,0.00441577973083164,0.00441577973083164,0.0138459086615911
10.5411867057519,0,-0.0885790708954701,0,10.5411867057519,-0.0885790708954701,-0.0885790708954701,-0.0885790708954701,0.0320565633703811
10.8363107906744,0,-0.028098390818107,0,10.8363107906744,-0.028098390818107,-0.028098390818107,-0.028098390818107,0.071926050301895
7.60971237336999,0,0.0425196941211018,0,7.60971237336999,0.0425196941211018,0.0425196941211018,0.0425196941211018,0.0675431227803087
7.13153216147587,0,-0.0477446268787778,0,7.13153216147587,-0.0477446268787778,-0.0477446268787778,-0.0477446268787778,0.0691602399134146
11.3171115233183,0,-0.0301299566297987,0,11.3171115233183,-0.0301299566297987,-0.0301299566297987,-0.0301299566297987,0.0549217163119364
12.491172371433,0,0.00616174807970621,0,12.491172371433,0.00616174807970621,0.00616174807970621,0.00616174807970621,0.0405245193389735
17.7574754531964,0,-0.0364542682670167,0,17.7574754531964,-0.0364542682670167,-0.0364542682670167,-0.0364542682670167,0.0437339114285826
23.3384346785706,0,0.0173424537425691,0,23.3384346785706,0.0173424537425691,0.0173424537425691,0.0173424537425691,0.0189266195413323
31.0786588545351,0,-0.104141192155505,0,31.0786588545351,-0.104141192155505,-0.104141192155505,-0.104141192155505,0.0562787835549554
16.8846431378076,0,0.0592246738975235,0,16.8846431378076,0.0592246738975235,0.0592246738975235,0.0592246738975235,0.0580511049145327
123.279980889138,0,0.30509624252595,0,123.279980889138,0.30509624252595,0.30509624252595,0.30509624252595,0.059767195787558
10.8384906759069,0,-0.00221059163205814,0,10.8384906759069,-0.00221059163205814,-0.00221059163205814,-0.00221059163205814,0.0251376149245104
7.87691324476292,0,-0.0704972430897311,0,7.87691324476292,-0.0704972430897311,-0.0704972430897311,-0.0704972430897311,0.0322283121382998
14.6925462604222,0,-0.00458452472707301,0,14.6925462604222,-0.00458452472707301,-0.00458452472707301,-0.00458452472707301,0.0444254697733256
12.6985002447189,0,0.0156151615690587,0,12.6985002447189,0.0156151615690587,0.0156151615690587,0.0156151615690587,0.0344296478282526
14.3972634987083,0,-0.0237118006498921,0,14.3972634987083,-0.0237118006498921,-0.0237118006498921,-0.0237118006498921,0.0295064854269103
14.1514365378187,0,-0.0107350800784212,0,14.1514365378187,-0.0107350800784212,-0.0107350800784212,-0.0107350800784212,0.0554744268805768
27.9381463268887,0,-0.0196646199066465,0,27.9381463268887,-0.0196646199066465,-0.0196646199066465,-0.0196646199066465,0.0266030945529787
24.4728765020316,0,-0.0883766236254439,0,24.4728765020316,-0.0883766236254439,-0.0883766236254439,-0.0883766236254439,0.0473406670453721
13.4368696617468,0,0.0535402362440232,0,13.4368696617468,0.0535402362440232,0.0535402362440232,0.0535402362440232,0.0282079903838013
7.48402930279067,0,0.00968988201586394,0,7.48402930279067,0.00968988201586394,0.00968988201586394,0.00968988201586394,0.0686754083472401
25.9320346135502,0,-0.0232712391594247,0,25.9320346135502,-0.0232712391594247,-0.0232712391594247,-0.0232712391594247,0.0300519735078187
NA,NA,NA,NA,NA,NA,NA,NA,NA
12.0144898669671,0,-0.0304643580877798,0,12.0144898669671,-0.0304643580877798,-0.0304643580877798,-0.0304643580877798,0.0246585875375876
5.59197431763262,0,-0.0578220526680145,0,5.59197431763262,-0.0578220526680145,-0.0578220526680145,-0.0578220526680145,0.0290843221745671
7.10118523761685,0,-0.0285278978712163,0,7.10118523761685,-0.0285278978712163,-0.0285278978712163,-0.0285278978712163,0.0595492352872805
8.39406695268219,0,0.0167837864563465,0,8.39406695268219,0.0167837864563465,0.0167837864563465,0.0167837864563465,0.0322473662392579
6.68163411954067,0,0.0399525800720857,0,6.68163411954067,0.0399525800720857,0.0399525800720857,0.0399525800720857,0.0632642521725607
10.9419857642508,0,-0.0876235523401562,0,10.9419857642508,-0.0876235523401562,-0.0876235523401562,-0.0876235523401562,0.0336377588977628
9.567453602661,0,-0.0130573193727359,0,9.567453602661,-0.0130573193727359,-0.0130573193727359,-0.0130573193727359,0.0264340771076804
9.56764954052794,0,-0.00578932875863998,0,9.56764954052794,-0.00578932875863998,-0.00578932875863998,-0.00578932875863998,0.0288617279537588
9.58796747981615,0,0.00725905880614161,0,9.58796747981615,0.00725905880614161,0.00725905880614161,0.00725905880614161,0.0422687684348916
12.9045618909384,0,-0.020800428050844,0,12.9045618909384,-0.020800428050844,-0.020800428050844,-0.020800428050844,0.00918914559220215
9.03381024943225,0,-0.0258591277728825,0,9.03381024943225,-0.0258591277728825,-0.0258591277728825,-0.0258591277728825,0.0210013285642308
7.292171244769,0,0.0214216184583366,0,7.292171244769,0.0214216184583366,0.0214216184583366,0.0214216184583366,0.00787016036700002
10.6567948708008,0,0.0203455428827325,0,10.6567948708008,0.0203455428827325,0.0203455428827325,0.0203455428827325,0.0367174068081082
15.83958844307,0,0.0399832495665445,0,15.83958844307,0.0399832495665445,0.0399832495665445,0.0399832495665445,0.0130470310288665
17.7014293147066,0,0.0234372077444364,0,17.7014293147066,0.0234372077444364,0.0234372077444364,0.0234372077444364,0.0323786122878216
14.7585414478692,0,-0.0143222744287462,0,14.7585414478692,-0.0143222744287462,-0.0143222744287462,-0.0143222744287462,0.0637816832942033
20.7521231210355,0,-0.0269978295709997,0,20.7521231210355,-0.0269978295709997,-0.0269978295709997,-0.0269978295709997,0.0154926437594917
13.9836050997556,0,-0.0596374353307077,0,13.9836050997556,-0.0596374353307077,-0.0596374353307077,-0.0596374353307077,0.0260159424457815
11.3110693140974,0,0.00982781565554414,0,11.3110693140974,0.00982781565554414,0.00982781565554414,0.00982781565554414,0.0152975413868066
16.5519463473715,0,-0.0850116784148187,0,16.5519463473715,-0.0850116784148187,-0.0850116784148187,-0.0850116784148187,0.0449328569998866
12.3671082351961,0,0.0210231372322994,0,12.3671082351961,0.0210231372322994,0.0210231372322994,0.0210231372322994,0.0160828742749283
12.3654554745313,0,-0.0686880413546458,0,12.3654554745313,-0.0686880413546458,-0.0686880413546458,-0.0686880413546458,0.0513325050706189
19.2556223171704,0,0.0285945738844167,0,19.2556223171704,0.0285945738844167,0.0285945738844167,0.0285945738844167,0.0139726523520546
34.7312424253189,0,0.00360906084633839,0,34.7312424253189,0.00360906084633839,0.00360906084633839,0.00360906084633839,0.017575833019559
54.7209102152747,0,0.0196726221291343,0,54.7209102152747,0.0196726221291343,0.0196726221291343,0.0196726221291343,0.0109274670854921
6.15335383446594,0,0.00868907833362001,0,6.15335383446594,0.00868907833362001,0.00868907833362001,0.00868907833362001,0.148956660150613
8.22166390729103,0,0.0200227074138689,0,8.22166390729103,0.0200227074138689,0.0200227074138689,0.0200227074138689,0.0889316774406693
6.56936523894705,0,-0.0184803687031215,0,6.56936523894705,-0.0184803687031215,-0.0184803687031215,-0.0184803687031215,0.0397871786329299
7.36539602284415,0,-0.0247872150245361,0,7.36539602284415,-0.0247872150245361,-0.0247872150245361,-0.0247872150245361,0.114121672795408
9.34902839864339,0,-0.0319037471830898,0,9.34902839864339,-0.0319037471830898,-0.0319037471830898,-0.0319037471830898,0.0353702402159913
12.5616640281909,0,0.00441577973083164,0,12.5616640281909,0.00441577973083164,0.00441577973083164,0.00441577973083164,0.0138459086615911
10.5411867057519,0,-0.0885790708954701,0,10.5411867057519,-0.0885790708954701,-0.0885790708954701,-0.0885790708954701,0.0320565633703811
10.8363107906744,0,-0.028098390818107,0,10.8363107906744,-0.028098390818107,-0.028098390818107,-0.028098390818107,0.071926050301895
7.60971237336999,0,0.0425196941211018,0,7.60971237336999,0.0425196941211018,0.0425196941211018,0.0425196941211018,0.0675431227803087
7.13153216147587,0,-0.0477446268787778,0,7.13153216147587,-0.0477446268787778,-0.0477446268787778,-0.0477446268787778,0.0691602399134146
11.3171115233183,0,-0.0301299566297987,0,11.3171115233183,-0.0301299566297987,-0.0301299566297987,-0.0301299566297987,0.0549217163119364
12.491172371433,0,0.00616174807970621,0,12.491172371433,0.00616174807970621,0.00616174807970621,0.00616174807970621,0.0405245193389735
17.7574754531964,0,-0.0364542682670167,0,17.7574754531964,-0.0364542682670167,-0.0364542682670167,-0.0364542682670167,0.0437339114285826
23.3384346785706,0,0.0173424537425691,0,23.3384346785706,0.0173424537425691,0.0173424537425691,0.0173424537425691,0.0189266195413323
31.0786588545351,0,-0.104141192155505,0,31.0786588545351,-0.104141192155505,-0.104141192155505,-0.104141192155505,0.0562787835549554
16.8846431378076,0,0.0592246738975235,0,16.8846431378076,0.0592246738975235,0.0592246738975235,0.0592246738975235,0.0580511049145327
123.279980889138,0,0.30509624252595,0,123.279980889138,0.30509624252595,0.30509624252595,0.30509624252595,0.059767195787558
10.8384906759069,0,-0.00221059163205814,0,10.8384906759069,-0.00221059163205814,-0.00221059163205814,-0.00221059163205814,0.0251376149245104
7.87691324476292,0,-0.0704972430897311,0,7.87691324476292,-0.0704972430897311,-0.0704972430897311,-0.0704972430897311,0.0322283121382998
14.6925462604222,0,-0.00458452472707301,0,14.6925462604222,-0.00458452472707301,-0.00458452472707301,-0.00458452472707301,0.0444254697733256
12.6985002447189,0,0.0156151615690587,0,12.6985002447189,0.0156151615690587,0.0156151615690587,0.0156151615690587,0.0344296478282526
14.3972634987083,0,-0.0237118006498921,0,14.3972634987083,-0.0237118006498921,-0.0237118006498921,-0.0237118006498921,0.0295064854269103
14.1514365378187,0,-0.0107350800784212,0,14.1514365378187,-0.0107350800784212,-0.0107350800784212,-0.0107350800784212,0.0554744268805768
27.9381463268887,0,-0.0196646199066465,0,27.9381463268887,-0.0196646199066465,-0.0196646199066465,-0.0196646199066465,0.0266030945529787
24.4728765020316,0,-0.0883766236254439,0,24.4728765020316,-0.0883766236254439,-0.0883766236254439,-0.0883766236254439,0.0473406670453721
13.4368696617468,0,0.0535402362440232,0,13.4368696617468,0.0535402362440232,0.0535402362440232,0.0535402362440232,0.0282079903838013
7.48402930279067,0,0.00968988201586394,0,7.48402930279067,0.00968988201586394,0.00968988201586394,0.00968988201586394,0.0686754083472401
25.9320346135502,0,-0.0232712391594247,0,25.9320346135502,-0.0232712391594247,-0.0232712391594247,-0.0232712391594247,0.0300519735078187
NA,NA,NA,NA,NA,NA,NA,NA,NA
12.0144898669671,0,-0.0304643580877798,0,12.0144898669671,-0.0304643580877798,-0.0304643580877798,-0.0304643580877798,0.0246585875375876
5.59197431763262,0,-0.0578220526680145,0,5.59197431763262,-0.0578220526680145,-0.0578220526680145,-0.0578220526680145,0.0290843221745671
7.10118523761685,0,-0.0285278978712163,0,7.10118523761685,-0.0285278978712163,-0.0285278978712163,-0.0285278978712163,0.0595492352872805
8.39406695268219,0,0.0167837864563465,0,8.39406695268219,0.0167837864563465,0.0167837864563465,0.0167837864563465,0.0322473662392579
6.68163411954067,0,0.0399525800720857,0,6.68163411954067,0.0399525800720857,0.0399525800720857,0.0399525800720857,0.0632642521725607
10.9419857642508,0,-0.0876235523401562,0,10.9419857642508,-0.0876235523401562,-0.0876235523401562,-0.0876235523401562,0.0336377588977628
9.567453602661,0,-0.0130573193727359,0,9.567453602661,-0.0130573193727359,-0.0130573193727359,-0.0130573193727359,0.0264340771076804
9.56764954052794,0,-0.00578932875863998,0,9.56764954052794,-0.00578932875863998,-0.00578932875863998,-0.00578932875863998,0.0288617279537588
9.58796747981615,0,0.00725905880614161,0,9.58796747981615,0.00725905880614161,0.00725905880614161,0.00725905880614161,0.0422687684348916
12.9045618909384,0,-0.020800428050844,0,12.9045618909384,-0.020800428050844,-0.020800428050844,-0.020800428050844,0.00918914559220215
9.03381024943225,0,-0.0258591277728825,0,9.03381024943225,-0.0258591277728825,-0.0258591277728825,-0.0258591277728825,0.0210013285642308
7.292171244769,0,0.0214216184583366,0,7.292171244769,0.0214216184583366,0.0214216184583366,0.0214216184583366,0.00787016036700002
10.6567948708008,0,0.0203455428827325,0,10.6567948708008,0.0203455428827325,0.0203455428827325,0.0203455428827325,0.0367174068081082
15.83958844307,0,0.0399832495665445,0,15.83958844307,0.0399832495665445,0.0399832495665445,0.0399832495665445,0.0130470310288665
17.7014293147066,0,0.0234372077444364,0,17.7014293147066,0.0234372077444364,0.0234372077444364,0.0234372077444364,0.0323786122878216
14.7585414478692,0,-0.0143222744287462,0,14.7585414478692,-0.0143222744287462,-0.0143222744287462,-0.0143222744287462,0.0637816832942033
20.7521231210355,0,-0.0269978295709997,0,20.7521231210355,-0.0269978295709997,-0.0269978295709997,-0.0269978295709997,0.0154926437594917
13.9836050997556,0,-0.0596374353307077,0,13.9836050997556,-0.0596374353307077,-0.0596374353307077,-0.0596374353307077,0.0260159424457815
11.3110693140974,0,0.00982781565554414,0,11.3110693140974,0.00982781565554414,0.00982781565554414,0.00982781565554414,0.0152975413868066
16.5519463473715,0,-0.0850116784148187,0,16.5519463473715,-0.0850116784148187,-0.0850116784148187,-0.0850116784148187,0.0449328569998866
12.3671082351961,0,0.0210231372322994,0,12.3671082351961,0.0210231372322994,0.0210231372322994,0.0210231372322994,0.0160828742749283
12.3654554745313,0,-0.0686880413546458,0,12.3654554745313,-0.0686880413546458,-0.0686880413546458,-0.0686880413546458,0.0513325050706189
19.2556223171704,0,0.0285945738844167,0,19.2556223171704,0.0285945738844167,0.0285945738844167,0.0285945738844167,0.0139726523520546
34.7312424253189,0,0.00360906084633839,0,34.7312424253189,0.00360906084633839,0.00360906084633839,0.00360906084633839,0.017575833019559
54.7209102152747,0,0.0196726221291343,0,54.7209102152747,0.0196726221291343,0.0196726221291343,0.0196726221291343,0.0109274670854921
6.15335383446594,0,0.00868907833362001,0,6.15335383446594,0.00868907833362001,0.00868907833362001,0.00868907833362001,0.148956660150613
8.22166390729103,0,0.0200227074138689,0,8.22166390729103,0.0200227074138689,0.0200227074138689,0.0200227074138689,0.0889316774406693
6.56936523894705,0,-0.0184803687031215,0,6.56936523894705,-0.0184803687031215,-0.0184803687031215,-0.0184803687031215,0.0397871786329299
7.36539602284415,0,-0.0247872150245361,0,7.36539602284415,-0.0247872150245361,-0.0247872150245361,-0.0247872150245361,0.114121672795408
9.34902839864339,0,-0.0319037471830898,0,9.34902839864339,-0.0319037471830898,-0.0319037471830898,-0.0319037471830898,0.0353702402159913
12.5616640281909,0,0.00441577973083164,0,12.5616640281909,0.00441577973083164,0.00441577973083164,0.00441577973083164,0.0138459086615911
10.5411867057519,0,-0.0885790708954701,0,10.5411867057519,-0.0885790708954701,-0.0885790708954701,-0.0885790708954701,0.0320565633703811
10.8363107906744,0,-0.028098390818107,0,10.8363107906744,-0.028098390818107,-0.028098390818107,-0.028098390818107,0.071926050301895
7.60971237336999,0,0.0425196941211018,0,7.60971237336999,0.0425196941211018,0.0425196941211018,0.0425196941211018,0.0675431227803087
7.13153216147587,0,-0.0477446268787778,0,7.13153216147587,-0.0477446268787778,-0.0477446268787778,-0.0477446268787778,0.0691602399134146
11.3171115233183,0,-0.0301299566297987,0,11.3171115233183,-0.0301299566297987,-0.0301299566297987,-0.0301299566297987,0.0549217163119364
12.491172371433,0,0.00616174807970621,0,12.491172371433,0.00616174807970621,0.00616174807970621,0.00616174807970621,0.0405245193389735
17.7574754531964,0,-0.0364542682670167,0,17.7574754531964,-0.0364542682670167,-0.0364542682670167,-0.0364542682670167,0.0437339114285826
23.3384346785706,0,0.0173424537425691,0,23.3384346785706,0.0173424537425691,0.0173424537425691,0.0173424537425691,0.0189266195413323
31.0786588545351,0,-0.104141192155505,0,31.0786588545351,-0.104141192155505,-0.104141192155505,-0.104141192155505,0.0562787835549554
16.8846431378076,0,0.0592246738975235,0,16.8846431378076,0.0592246738975235,0.0592246738975235,0.0592246738975235,0.0580511049145327
123.279980889138,0,0.30509624252595,0,123.279980889138,0.30509624252595,0.30509624252595,0.30509624252595,0.059767195787558
10.8384906759069,0,-0.00221059163205814,0,10.8384906759069,-0.00221059163205814,-0.00221059163205814,-0.00221059163205814,0.0251376149245104
7.87691324476292,0,-0.0704972430897311,0,7.87691324476292,-0.0704972430897311,-0.0704972430897311,-0.0704972430897311,0.0322283121382998
14.6925462604222,0,-0.00458452472707301,0,14.6925462604222,-0.00458452472707301,-0.00458452472707301,-0.00458452472707301,0.0444254697733256
12.6985002447189,0,0.0156151615690587,0,12.6985002447189,0.0156151615690587,0.0156151615690587,0.0156151615690587,0.0344296478282526
14.3972634987083,0,-0.0237118006498921,0,14.3972634987083,-0.0237118006498921,-0.0237118006498921,-0.0237118006498921,0.0295064854269103
14.1514365378187,0,-0.0107350800784212,0,14.1514365378187,-0.0107350800784212,-0.0107350800784212,-0.0107350800784212,0.0554744268805768
27.9381463268887,0,-0.0196646199066465,0,27.9381463268887,-0.0196646199066465,-0.0196646199066465,-0.0196646199066465,0.0266030945529787
24.4728765020316,0,-0.0883766236254439,0,24.4728765020316,-0.0883766236254439,-0.0883766236254439,-0.0883766236254439,0.0473406670453721
13.4368696617468,0,0.0535402362440232,0,13.4368696617468,0.0535402362440232,0.0535402362440232,0.0535402362440232,0.0282079903838013
7.48402930279067,0,0.00968988201586394,0,7.48402930279067,0.00968988201586394,0.00968988201586394,0.00968988201586394,0.0686754083472401
25.9320346135502,0,-0.0232712391594247,0,25.9320346135502,-0.0232712391594247,-0.0232712391594247,-0.0232712391594247,0.0300519735078187
NA,NA,NA,NA,NA,NA,NA,NA,NA
12.0144898669671,0,-0.0304643580877798,0,12.0144898669671,-0.0304643580877798,-0.0304643580877798,-0.0304643580877798,0.0246585875375876
5.59197431763262,0,-0.0578220526680145,0,5.59197431763262,-0.0578220526680145,-0.0578220526680145,-0.0578220526680145,0.0290843221745671
7.10118523761685,0,-0.0285278978712163,0,7.10118523761685,-0.0285278978712163,-0.0285278978712163,-0.0285278978712163,0.0595492352872805
8.39406695268219,0,0.0167837864563465,0,8.39406695268219,0.0167837864563465,0.0167837864563465,0.0167837864563465,0.0322473662392579
6.68163411954067,0,0.0399525800720857,0,6.68163411954067,0.0399525800720857,0.0399525800720857,0.0399525800720857,0.0632642521725607
10.9419857642508,0,-0.0876235523401562,0,10.9419857642508,-0.0876235523401562,-0.0876235523401562,-0.0876235523401562,0.0336377588977628
9.567453602661,0,-0.0130573193727359,0,9.567453602661,-0.0130573193727359,-0.0130573193727359,-0.0130573193727359,0.0264340771076804
9.56764954052794,0,-0.00578932875863998,0,9.56764954052794,-0.00578932875863998,-0.00578932875863998,-0.00578932875863998,0.0288617279537588
9.58796747981615,0,0.00725905880614161,0,9.58796747981615,0.00725905880614161,0.00725905880614161,0.00725905880614161,0.0422687684348916
12.9045618909384,0,-0.020800428050844,0,12.9045618909384,-0.020800428050844,-0.020800428050844,-0.020800428050844,0.00918914559220215
9.03381024943225,0,-0.0258591277728825,0,9.03381024943225,-0.0258591277728825,-0.0258591277728825,-0.0258591277728825,0.0210013285642308
7.292171244769,0,0.0214216184583366,0,7.292171244769,0.0214216184583366,0.0214216184583366,0.0214216184583366,0.00787016036700002
10.6567948708008,0,0.0203455428827325,0,10.6567948708008,0.0203455428827325,0.0203455428827325,0.0203455428827325,0.0367174068081082
15.83958844307,0,0.0399832495665445,0,15.83958844307,0.0399832495665445,0.0399832495665445,0.0399832495665445,0.0130470310288665
17.7014293147066,0,0.0234372077444364,0,17.7014293147066,0.0234372077444364,0.0234372077444364,0.0234372077444364,0.0323786122878216
14.7585414478692,0,-0.0143222744287462,0,14.7585414478692,-0.0143222744287462,-0.0143222744287462,-0.0143222744287462,0.0637816832942033
20.7521231210355,0,-0.0269978295709997,0,20.7521231210355,-0.0269978295709997,-0.0269978295709997,-0.0269978295709997,0.0154926437594917
13.9836050997556,0,-0.0596374353307077,0,13.9836050997556,-0.0596374353307077,-0.0596374353307077,-0.0596374353307077,0.0260159424457815
11.3110693140974,0,0.00982781565554414,0,11.3110693140974,0.00982781565554414,0.00982781565554414,0.00982781565554414,0.0152975413868066
16.5519463473715,0,-0.0850116784148187,0,16.5519463473715,-0.0850116784148187,-0.0850116784148187,-0.0850116784148187,0.0449328569998866
12.3671082351961,0,0.0210231372322994,0,12.3671082351961,0.0210231372322994,0.0210231372322994,0.0210231372322994,0.0160828742749283
12.3654554745313,0,-0.0686880413546458,0,12.3654554745313,-0.0686880413546458,-0.0686880413546458,-0.0686880413546458,0.0513325050706189
19.2556223171704,0,0.0285945738844167,0,19.2556223171704,0.0285945738844167,0.0285945738844167,0.0285945738844167,0.0139726523520546
34.7312424253189,0,0.00360906084633839,0,34.7312424253189,0.00360906084633839,0.00360906084633839,0.00360906084633839,0.017575833019559
54.7209102152747,0,0.0196726221291343,0,54.7209102152747,0.0196726221291343,0.0196726221291343,0.0196726221291343,0.0109274670854921
6.15335383446594,0,0.00868907833362001,0,6.15335383446594,0.00868907833362001,0.00868907833362001,0.00868907833362001,0.148956660150613
8.22166390729103,0,0.0200227074138689,0,8.22166390729103,0.0200227074138689,0.0200227074138689,0.0200227074138689,0.0889316774406693
6.56936523894705,0,-0.0184803687031215,0,6.56936523894705,-0.0184803687031215,-0.0184803687031215,-0.0184803687031215,0.0397871786329299
7.36539602284415,0,-0.0247872150245361,0,7.36539602284415,-0.0247872150245361,-0.0247872150245361,-0.0247872150245361,0.114121672795408
9.34902839864339,0,-0.0319037471830898,0,9.34902839864339,-0.0319037471830898,-0.0319037471830898,-0.0319037471830898,0.0353702402159913
12.5616640281909,0,0.00441577973083164,0,12.5616640281909,0.00441577973083164,0.00441577973083164,0.00441577973083164,0.0138459086615911
10.5411867057519,0,-0.0885790708954701,0,10.5411867057519,-0.0885790708954701,-0.0885790708954701,-0.0885790708954701,0.0320565633703811
10.8363107906744,0,-0.028098390818107,0,10.8363107906744,-0.028098390818107,-0.028098390818107,-0.028098390818107,0.071926050301895
7.60971237336999,0,0.0425196941211018,0,7.60971237336999,0.0425196941211018,0.0425196941211018,0.0425196941211018,0.0675431227803087
7.13153216147587,0,-0.0477446268787778,0,7.13153216147587,-0.0477446268787778,-0.0477446268787778,-0.0477446268787778,0.0691602399134146
11.3171115233183,0,-0.0301299566297987,0,11.3171115233183,-0.0301299566297987,-0.0301299566297987,-0.0301299566297987,0.0549217163119364
12.491172371433,0,0.00616174807970621,0,12.491172371433,0.00616174807970621,0.00616174807970621,0.00616174807970621,0.0405245193389735
17.7574754531964,0,-0.0364542682670167,0,17.7574754531964,-0.0364542682670167,-0.0364542682670167,-0.0364542682670167,0.0437339114285826
23.3384346785706,0,0.0173424537425691,0,23.3384346785706,0.0173424537425691,0.0173424537425691,0.0173424537425691,0.0189266195413323
31.0786588545351,0,-0.104141192155505,0,31.0786588545351,-0.104141192155505,-0.104141192155505,-0.104141192155505,0.0562787835549554
16.8846431378076,0,0.0592246738975235,0,16.8846431378076,0.0592246738975235,0.0592246738975235,0.0592246738975235,0.0580511049145327
123.279980889138,0,0.30509624252595,0,123.279980889138,0.30509624252595,0.30509624252595,0.30509624252595,0.059767195787558
10.8384906759069,0,-0.00221059163205814,0,10.8384906759069,-0.00221059163205814,-0.00221059163205814,-0.00221059163205814,0.0251376149245104
7.87691324476292,0,-0.0704972430897311,0,7.87691324476292,-0.0704972430897311,-0.0704972430897311,-0.0704972430897311,0.0322283121382998
14.6925462604222,0,-0.00458452472707301,0,14.6925462604222,-0.00458452472707301,-0.00458452472707301,-0.00458452472707301,0.0444254697733256
12.6985002447189,0,0.0156151615690587,0,12.6985002447189,0.0156151615690587,0.0156151615690587,0.0156151615690587,0.0344296478282526
14.3972634987083,0,-0.0237118006498921,0,14.3972634987083,-0.0237118006498921,-0.0237118006498921,-0.0237118006498921,0.0295064854269103
14.1514365378187,0,-0.0107350800784212,0,14.1514365378187,-0.0107350800784212,-0.0107350800784212,-0.0107350800784212,0.0554744268805768
27.9381463268887,0,-0.0196646199066465,0,27.9381463268887,-0.0196646199066465,-0.0196646199066465,-0.0196646199066465,0.0266030945529787
24.4728765020316,0,-0.0883766236254439,0,24.4728765020316,-0.0883766236254439,-0.0883766236254439,-0.0883766236254439,0.0473406670453721
13.4368696617468,0,0.0535402362440232,0,13.4368696617468,0.0535402362440232,0.0535402362440232,0.0535402362440232,0.0282079903838013
7.48402930279067,0,0.00968988201586394,0,7.48402930279067,0.00968988201586394,0.00968988201586394,0.00968988201586394,0.0686754083472401
25.9320346135502,0,-0.0232712391594247,0,25.9320346135502,-0.0232712391594247,-0.0232712391594247,-0.0232712391594247,0.0300519735078187
NA,NA,NA,NA,NA,NA,NA,NA,NA
12.0144898669671,0,-0.0304643580877798,0,12.0144898669671,-0.0304643580877798,-0.0304643580877798,-0.0304643580877798,0.0246585875375876
5.59197431763262,0,-0.0578220526680145,0,5.59197431763262,-0.0578220526680145,-0.0578220526680145,-0.0578220526680145,0.0290843221745671
7.10118523761685,0,-0.0285278978712163,0,7.10118523761685,-0.0285278978712163,-0.0285278978712163,-0.0285278978712163,0.0595492352872805
8.39406695268219,0,0.0167837864563465,0,8.39406695268219,0.0167837864563465,0.0167837864563465,0.0167837864563465,0.0322473662392579
6.68163411954067,0,0.0399525800720857,0,6.68163411954067,0.0399525800720857,0.0399525800720857,0.0399525800720857,0.0632642521725607
10.9419857642508,0,-0.0876235523401562,0,10.9419857642508,-0.0876235523401562,-0.0876235523401562,-0.0876235523401562,0.0336377588977628
9.567453602661,0,-0.0130573193727359,0,9.567453602661,-0.0130573193727359,-0.0130573193727359,-0.0130573193727359,0.0264340771076804
9.56764954052794,0,-0.00578932875863998,0,9.56764954052794,-0.00578932875863998,-0.00578932875863998,-0.00578932875863998,0.0288617279537588
9.58796747981615,0,0.00725905880614161,0,9.58796747981615,0.00725905880614161,0.00725905880614161,0.00725905880614161,0.0422687684348916
12.9045618909384,0,-0.020800428050844,0,12.9045618909384,-0.020800428050844,-0.020800428050844,-0.020800428050844,0.00918914559220215
9.03381024943225,0,-0.0258591277728825,0,9.03381024943225,-0.0258591277728825,-0.0258591277728825,-0.0258591277728825,0.0210013285642308
7.292171244769,0,0.0214216184583366,0,7.292171244769,0.0214216184583366,0.0214216184583366,0.0214216184583366,0.00787016036700002
10.6567948708008,0,0.0203455428827325,0,10.6567948708008,0.0203455428827325,0.0203455428827325,0.0203455428827325,0.0367174068081082
15.83958844307,0,0.0399832495665445,0,15.83958844307,0.0399832495665445,0.0399832495665445,0.0399832495665445,0.0130470310288665
17.7014293147066,0,0.0234372077444364,0,17.7014293147066,0.0234372077444364,0.0234372077444364,0.0234372077444364,0.0323786122878216
14.7585414478692,0,-0.0143222744287462,0,14.7585414478692,-0.0143222744287462,-0.0143222744287462,-0.0143222744287462,0.0637816832942033
20.7521231210355,0,-0.0269978295709997,0,20.7521231210355,-0.0269978295709997,-0.0269978295709997,-0.0269978295709997,0.0154926437594917
13.9836050997556,0,-0.0596374353307077,0,13.9836050997556,-0.0596374353307077,-0.0596374353307077,-0.0596374353307077,0.0260159424457815
11.3110693140974,0,0.00982781565554414,0,11.3110693140974,0.00982781565554414,0.00982781565554414,0.00982781565554414,0.0152975413868066
16.5519463473715,0,-0.0850116784148187,0,16.5519463473715,-0.0850116784148187,-0.0850116784148187,-0.0850116784148187,0.0449328569998866
12.3671082351961,0,0.0210231372322994,0,12.3671082351961,0.0210231372322994,0.0210231372322994,0.0210231372322994,0.0160828742749283
12.3654554745313,0,-0.0686880413546458,0,12.3654554745313,-0.0686880413546458,-0.0686880413546458,-0.0686880413546458,0.0513325050706189
19.2556223171704,0,0.0285945738844167,0,19.2556223171704,0.0285945738844167,0.0285945738844167,0.0285945738844167,0.0139726523520546
34.7312424253189,0,0.00360906084633839,0,34.7312424253189,0.00360906084633839,0.00360906084633839,0.00360906084633839,0.017575833019559
54.7209102152747,0,0.0196726221291343,0,54.7209102152747,0.0196726221291343,0.0196726221291343,0.0196726221291343,0.0109274670854921
6.15335383446594,0,0.00868907833362001,0,6.15335383446594,0.00868907833362001,0.00868907833362001,0.00868907833362001,0.148956660150613
8.22166390729103,0,0.0200227074138689,0,8.22166390729103,0.0200227074138689,0.0200227074138689,0.0200227074138689,0.0889316774406693
6.56936523894705,0,-0.0184803687031215,0,6.56936523894705,-0.0184803687031215,-0.0184803687031215,-0.0184803687031215,0.0397871786329299
7.36539602284415,0,-0.0247872150245361,0,7.36539602284415,-0.0247872150245361,-0.0247872150245361,-0.0247872150245361,0.114121672795408
9.34902839864339,0,-0.0319037471830898,0,9.34902839864339,-0.0319037471830898,-0.0319037471830898,-0.0319037471830898,0.0353702402159913
12.5616640281909,0,0.00441577973083164,0,12.5616640281909,0.00441577973083164,0.00441577973083164,0.00441577973083164,0.0138459086615911
10.5411867057519,0,-0.0885790708954701,0,10.5411867057519,-0.0885790708954701,-0.0885790708954701,-0.0885790708954701,0.0320565633703811
10.8363107906744,0,-0.028098390818107,0,10.8363107906744,-0.028098390818107,-0.028098390818107,-0.028098390818107,0.071926050301895
7.60971237336999,0,0.0425196941211018,0,7.60971237336999,0.0425196941211018,0.0425196941211018,0.0425196941211018,0.0675431227803087
7.13153216147587,0,-0.0477446268787778,0,7.13153216147587,-0.0477446268787778,-0.0477446268787778,-0.0477446268787778,0.0691602399134146
11.3171115233183,0,-0.0301299566297987,0,11.3171115233183,-0.0301299566297987,-0.0301299566297987,-0.0301299566297987,0.0549217163119364
12.491172371433,0,0.00616174807970621,0,12.491172371433,0.00616174807970621,0.00616174807970621,0.00616174807970621,0.0405245193389735
17.7574754531964,0,-0.0364542682670167,0,17.7574754531964,-0.0364542682670167,-0.0364542682670167,-0.0364542682670167,0.0437339114285826
23.3384346785706,0,0.0173424537425691,0,23.3384346785706,0.0173424537425691,0.0173424537425691,0.0173424537425691,0.0189266195413323
31.0786588545351,0,-0.104141192155505,0,31.0786588545351,-0.104141192155505,-0.104141192155505,-0.104141192155505,0.0562787835549554
16.8846431378076,0,0.0592246738975235,0,16.8846431378076,0.0592246738975235,0.0592246738975235,0.0592246738975235,0.0580511049145327
123.279980889138,0,0.30509624252595,0,123.279980889138,0.30509624252595,0.30509624252595,0.30509624252595,0.059767195787558
10.8384906759069,0,-0.00221059163205814,0,10.8384906759069,-0.00221059163205814,-0.00221059163205814,-0.00221059163205814,0.0251376149245104
7.87691324476292,0,-0.0704972430897311,0,7.87691324476292,-0.0704972430897311,-0.0704972430897311,-0.0704972430897311,0.0322283121382998
14.6925462604222,0,-0.00458452472707301,0,14.6925462604222,-0.00458452472707301,-0.00458452472707301,-0.00458452472707301,0.0444254697733256
12.6985002447189,0,0.0156151615690587,0,12.6985002447189,0.0156151615690587,0.0156151615690587,0.0156151615690587,0.0344296478282526
14.3972634987083,0,-0.0237118006498921,0,14.3972634987083,-0.0237118006498921,-0.0237118006498921,-0.0237118006498921,0.0295064854269103
14.1514365378187,0,-0.0107350800784212,0,14.1514365378187,-0.0107350800784212,-0.0107350800784212,-0.0107350800784212,0.0554744268805768
27.9381463268887,0,-0.0196646199066465,0,27.9381463268887,-0.0196646199066465,-0.0196646199066465,-0.0196646199066465,0.0266030945529787
24.4728765020316,0,-0.0883766236254439,0,24.4728765020316,-0.0883766236254439,-0.0883766236254439,-0.0883766236254439,0.0473406670453721
13.4368696617468,0,0.0535402362440232,0,13.4368696617468,0.0535402362440232,0.0535402362440232,0.0535402362440232,0.0282079903838013
7.48402930279067,0,0.00968988201586394,0,7.48402930279067,0.00968988201586394,0.00968988201586394,0.00968988201586394,0.0686754083472401
25.9320346135502,0,-0.0232712391594247,0,25.9320346135502,-0.0232712391594247,-0.0232712391594247,-0.0232712391594247,0.0300519735078187
NA,NA,NA,NA,NA,NA,NA,NA,NA
12.0144898669671,0,-0.0304643580877798,0,12.0144898669671,-0.0304643580877798,-0.0304643580877798,-0.0304643580877798,0.0246585875375876
5.59197431763262,0,-0.0578220526680145,0,5.59197431763262,-0.0578220526680145,-0.0578220526680145,-0.0578220526680145,0.0290843221745671
7.10118523761685,0,-0.0285278978712163,0,7.10118523761685,-0.0285278978712163,-0.0285278978712163,-0.0285278978712163,0.0595492352872805
8.39406695268219,0,0.0167837864563465,0,8.39406695268219,0.0167837864563465,0.0167837864563465,0.0167837864563465,0.0322473662392579
6.68163411954067,0,0.0399525800720857,0,6.68163411954067,0.0399525800720857,0.0399525800720857,0.0399525800720857,0.0632642521725607
10.9419857642508,0,-0.0876235523401562,0,10.9419857642508,-0.0876235523401562,-0.0876235523401562,-0.0876235523401562,0.0336377588977628
9.567453602661,0,-0.0130573193727359,0,9.567453602661,-0.0130573193727359,-0.0130573193727359,-0.0130573193727359,0.0264340771076804
9.56764954052794,0,-0.00578932875863998,0,9.56764954052794,-0.00578932875863998,-0.00578932875863998,-0.00578932875863998,0.0288617279537588
9.58796747981615,0,0.00725905880614161,0,9.58796747981615,0.00725905880614161,0.00725905880614161,0.00725905880614161,0.0422687684348916
12.9045618909384,0,-0.020800428050844,0,12.9045618909384,-0.020800428050844,-0.020800428050844,-0.020800428050844,0.00918914559220215
9.03381024943225,0,-0.0258591277728825,0,9.03381024943225,-0.0258591277728825,-0.0258591277728825,-0.0258591277728825,0.0210013285642308
7.292171244769,0,0.0214216184583366,0,7.292171244769,0.0214216184583366,0.0214216184583366,0.0214216184583366,0.00787016036700002
10.6567948708008,0,0.0203455428827325,0,10.6567948708008,0.0203455428827325,0.0203455428827325,0.0203455428827325,0.0367174068081082
15.83958844307,0,0.0399832495665445,0,15.83958844307,0.0399832495665445,0.0399832495665445,0.0399832495665445,0.0130470310288665
17.7014293147066,0,0.0234372077444364,0,17.7014293147066,0.0234372077444364,0.0234372077444364,0.0234372077444364,0.0323786122878216
14.7585414478692,0,-0.0143222744287462,0,14.7585414478692,-0.0143222744287462,-0.0143222744287462,-0.0143222744287462,0.0637816832942033
20.7521231210355,0,-0.0269978295709997,0,20.7521231210355,-0.0269978295709997,-0.0269978295709997,-0.0269978295709997,0.0154926437594917
13.9836050997556,0,-0.0596374353307077,0,13.9836050997556,-0.0596374353307077,-0.0596374353307077,-0.0596374353307077,0.0260159424457815
11.3110693140974,0,0.00982781565554414,0,11.3110693140974,0.00982781565554414,0.00982781565554414,0.00982781565554414,0.0152975413868066
16.5519463473715,0,-0.0850116784148187,0,16.5519463473715,-0.0850116784148187,-0.0850116784148187,-0.0850116784148187,0.0449328569998866
12.3671082351961,0,0.0210231372322994,0,12.3671082351961,0.0210231372322994,0.0210231372322994,0.0210231372322994,0.0160828742749283
12.3654554745313,0,-0.0686880413546458,0,12.3654554745313,-0.0686880413546458,-0.0686880413546458,-0.0686880413546458,0.0513325050706189
19.2556223171704,0,0.0285945738844167,0,19.2556223171704,0.0285945738844167,0.0285945738844167,0.0285945738844167,0.0139726523520546
34.7312424253189,0,0.00360906084633839,0,34.7312424253189,0.00360906084633839,0.00360906084633839,0.00360906084633839,0.017575833019559
54.7209102152747,0,0.0196726221291343,0,54.7209102152747,0.0196726221291343,0.0196726221291343,0.0196726221291343,0.0109274670854921
6.15335383446594,0,0.00868907833362001,0,6.15335383446594,0.00868907833362001,0.00868907833362001,0.00868907833362001,0.148956660150613
8.22166390729103,0,0.0200227074138689,0,8.22166390729103,0.0200227074138689,0.0200227074138689,0.0200227074138689,0.0889316774406693
6.56936523894705,0,-0.0184803687031215,0,6.56936523894705,-0.0184803687031215,-0.0184803687031215,-0.0184803687031215,0.0397871786329299
7.36539602284415,0,-0.0247872150245361,0,7.36539602284415,-0.0247872150245361,-0.0247872150245361,-0.0247872150245361,0.114121672795408
9.34902839864339,0,-0.0319037471830898,0,9.34902839864339,-0.0319037471830898,-0.0319037471830898,-0.0319037471830898,0.0353702402159913
12.5616640281909,0,0.00441577973083164,0,12.5616640281909,0.00441577973083164,0.00441577973083164,0.00441577973083164,0.0138459086615911
10.5411867057519,0,-0.0885790708954701,0,10.5411867057519,-0.0885790708954701,-0.0885790708954701,-0.0885790708954701,0.0320565633703811
10.8363107906744,0,-0.028098390818107,0,10.8363107906744,-0.028098390818107,-0.028098390818107,-0.028098390818107,0.071926050301895
7.60971237336999,0,0.0425196941211018,0,7.60971237336999,0.0425196941211018,0.0425196941211018,0.0425196941211018,0.0675431227803087
7.13153216147587,0,-0.0477446268787778,0,7.13153216147587,-0.0477446268787778,-0.0477446268787778,-0.0477446268787778,0.0691602399134146
11.3171115233183,0,-0.0301299566297987,0,11.3171115233183,-0.0301299566297987,-0.0301299566297987,-0.0301299566297987,0.0549217163119364
12.491172371433,0,0.00616174807970621,0,12.491172371433,0.00616174807970621,0.00616174807970621,0.00616174807970621,0.0405245193389735
17.7574754531964,0,-0.0364542682670167,0,17.7574754531964,-0.0364542682670167,-0.0364542682670167,-0.0364542682670167,0.0437339114285826
23.3384346785706,0,0.0173424537425691,0,23.3384346785706,0.0173424537425691,0.0173424537425691,0.0173424537425691,0.0189266195413323
31.0786588545351,0,-0.104141192155505,0,31.0786588545351,-0.104141192155505,-0.104141192155505,-0.104141192155505,0.0562787835549554
16.8846431378076,0,0.0592246738975235,0,16.8846431378076,0.0592246738975235,0.0592246738975235,0.0592246738975235,0.0580511049145327
123.279980889138,0,0.30509624252595,0,123.279980889138,0.30509624252595,0.30509624252595,0.30509624252595,0.059767195787558
10.8384906759069,0,-0.00221059163205814,0,10.8384906759069,-0.00221059163205814,-0.00221059163205814,-0.00221059163205814,0.0251376149245104
7.87691324476292,0,-0.0704972430897311,0,7.87691324476292,-0.0704972430897311,-0.0704972430897311,-0.0704972430897311,0.0322283121382998
14.6925462604222,0,-0.00458452472707301,0,14.6925462604222,-0.00458452472707301,-0.00458452472707301,-0.00458452472707301,0.0444254697733256
12.6985002447189,0,0.0156151615690587,0,12.6985002447189,0.0156151615690587,0.0156151615690587,0.0156151615690587,0.0344296478282526
14.3972634987083,0,-0.0237118006498921,0,14.3972634987083,-0.0237118006498921,-0.0237118006498921,-0.0237118006498921,0.0295064854269103
14.1514365378187,0,-0.0107350800784212,0,14.1514365378187,-0.0107350800784212,-0.0107350800784212,-0.0107350800784212,0.0554744268805768
27.9381463268887,0,-0.0196646199066465,0,27.9381463268887,-0.0196646199066465,-0.0196646199066465,-0.0196646199066465,0.0266030945529787
24.4728765020316,0,-0.0883766236254439,0,24.4728765020316,-0.0883766236254439,-0.0883766236254439,-0.0883766236254439,0.0473406670453721
13.4368696617468,0,0.0535402362440232,0,13.4368696617468,0.0535402362440232,0.0535402362440232,0.0535402362440232,0.0282079903838013
7.48402930279067,0,0.00968988201586394,0,7.48402930279067,0.00968988201586394,0.00968988201586394,0.00968988201586394,0.0686754083472401
25.9320346135502,0,-0.0232712391594247,0,25.9320346135502,-0.0232712391594247,-0.0232712391594247,-0.0232712391594247,0.0300519735078187
NA,NA,NA,NA,NA,NA,NA,NA,NA
12.0144898669671,0,-0.0304643580877798,0,12.0144898669671,-0.0304643580877798,-0.0304643580877798,-0.0304643580877798,0.0246585875375876
5.59197431763262,0,-0.0578220526680145,0,5.59197431763262,-0.0578220526680145,-0.0578220526680145,-0.0578220526680145,0.0290843221745671
7.10118523761685,0,-0.0285278978712163,0,7.10118523761685,-0.0285278978712163,-0.0285278978712163,-0.0285278978712163,0.0595492352872805
8.39406695268219,0,0.0167837864563465,0,8.39406695268219,0.0167837864563465,0.0167837864563465,0.0167837864563465,0.0322473662392579
6.68163411954067,0,0.0399525800720857,0,6.68163411954067,0.0399525800720857,0.0399525800720857,0.0399525800720857,0.0632642521725607
10.9419857642508,0,-0.0876235523401562,0,10.9419857642508,-0.0876235523401562,-0.0876235523401562,-0.0876235523401562,0.0336377588977628
9.567453602661,0,-0.0130573193727359,0,9.567453602661,-0.0130573193727359,-0.0130573193727359,-0.0130573193727359,0.0264340771076804
9.56764954052794,0,-0.00578932875863998,0,9.56764954052794,-0.00578932875863998,-0.00578932875863998,-0.00578932875863998,0.0288617279537588
9.58796747981615,0,0.00725905880614161,0,9.58796747981615,0.00725905880614161,0.00725905880614161,0.00725905880614161,0.0422687684348916
12.9045618909384,0,-0.020800428050844,0,12.9045618909384,-0.020800428050844,-0.020800428050844,-0.020800428050844,0.00918914559220215
9.03381024943225,0,-0.0258591277728825,0,9.03381024943225,-0.0258591277728825,-0.0258591277728825,-0.0258591277728825,0.0210013285642308
7.292171244769,0,0.0214216184583366,0,7.292171244769,0.0214216184583366,0.0214216184583366,0.0214216184583366,0.00787016036700002
10.6567948708008,0,0.0203455428827325,0,10.6567948708008,0.0203455428827325,0.0203455428827325,0.0203455428827325,0.0367174068081082
15.83958844307,0,0.0399832495665445,0,15.83958844307,0.0399832495665445,0.0399832495665445,0.0399832495665445,0.0130470310288665
17.7014293147066,0,0.0234372077444364,0,17.7014293147066,0.0234372077444364,0.0234372077444364,0.0234372077444364,0.0323786122878216
14.7585414478692,0,-0.0143222744287462,0,14.7585414478692,-0.0143222744287462,-0.0143222744287462,-0.0143222744287462,0.0637816832942033
20.7521231210355,0,-0.0269978295709997,0,20.7521231210355,-0.0269978295709997,-0.0269978295709997,-0.0269978295709997,0.0154926437594917
13.9836050997556,0,-0.0596374353307077,0,13.9836050997556,-0.0596374353307077,-0.0596374353307077,-0.0596374353307077,0.0260159424457815
11.3110693140974,0,0.00982781565554414,0,11.3110693140974,0.00982781565554414,0.00982781565554414,0.00982781565554414,0.0152975413868066
16.5519463473715,0,-0.0850116784148187,0,16.5519463473715,-0.0850116784148187,-0.0850116784148187,-0.0850116784148187,0.0449328569998866
12.3671082351961,0,0.0210231372322994,0,12.3671082351961,0.0210231372322994,0.0210231372322994,0.0210231372322994,0.0160828742749283
12.3654554745313,0,-0.0686880413546458,0,12.3654554745313,-0.0686880413546458,-0.0686880413546458,-0.0686880413546458,0.0513325050706189
19.2556223171704,0,0.0285945738844167,0,19.2556223171704,0.0285945738844167,0.0285945738844167,0.0285945738844167,0.0139726523520546
34.7312424253189,0,0.00360906084633839,0,34.7312424253189,0.00360906084633839,0.00360906084633839,0.00360906084633839,0.017575833019559
54.7209102152747,0,0.0196726221291343,0,54.7209102152747,0.0196726221291343,0.0196726221291343,0.0196726221291343,0.0109274670854921
6.15335383446594,0,0.00868907833362001,0,6.15335383446594,0.00868907833362001,0.00868907833362001,0.00868907833362001,0.148956660150613
8.22166390729103,0,0.0200227074138689,0,8.22166390729103,0.0200227074138689,0.0200227074138689,0.0200227074138689,0.0889316774406693
6.56936523894705,0,-0.0184803687031215,0,6.56936523894705,-0.0184803687031215,-0.0184803687031215,-0.0184803687031215,0.0397871786329299
7.36539602284415,0,-0.0247872150245361,0,7.36539602284415,-0.0247872150245361,-0.0247872150245361,-0.0247872150245361,0.114121672795408
9.34902839864339,0,-0.0319037471830898,0,9.34902839864339,-0.0319037471830898,-0.0319037471830898,-0.0319037471830898,0.0353702402159913
12.5616640281909,0,0.00441577973083164,0,12.5616640281909,0.00441577973083164,0.00441577973083164,0.00441577973083164,0.0138459086615911
10.5411867057519,0,-0.0885790708954701,0,10.5411867057519,-0.0885790708954701,-0.0885790708954701,-0.0885790708954701,0.0320565633703811
10.8363107906744,0,-0.028098390818107,0,10.8363107906744,-0.028098390818107,-0.028098390818107,-0.028098390818107,0.071926050301895
7.60971237336999,0,0.0425196941211018,0,7.60971237336999,0.0425196941211018,0.0425196941211018,0.0425196941211018,0.0675431227803087
7.13153216147587,0,-0.0477446268787778,0,7.13153216147587,-0.0477446268787778,-0.0477446268787778,-0.0477446268787778,0.0691602399134146
11.3171115233183,0,-0.0301299566297987,0,11.3171115233183,-0.0301299566297987,-0.0301299566297987,-0.0301299566297987,0.0549217163119364
12.491172371433,0,0.00616174807970621,0,12.491172371433,0.00616174807970621,0.00616174807970621,0.00616174807970621,0.0405245193389735
17.7574754531964,0,-0.0364542682670167,0,17.7574754531964,-0.0364542682670167,-0.0364542682670167,-0.0364542682670167,0.0437339114285826
23.3384346785706,0,0.0173424537425691,0,23.3384346785706,0.0173424537425691,0.0173424537425691,0.0173424537425691,0.0189266195413323
31.0786588545351,0,-0.104141192155505,0,31.0786588545351,-0.104141192155505,-0.104141192155505,-0.104141192155505,0.0562787835549554
16.8846431378076,0,0.0592246738975235,0,16.8846431378076,0.0592246738975235,0.0592246738975235,0.0592246738975235,0.0580511049145327
123.279980889138,0,0.30509624252595,0,123.279980889138,0.30509624252595,0.30509624252595,0.30509624252595,0.059767195787558
10.8384906759069,0,-0.00221059163205814,0,10.8384906759069,-0.00221059163205814,-0.00221059163205814,-0.00221059163205814,0.0251376149245104
7.87691324476292,0,-0.0704972430897311,0,7.87691324476292,-0.0704972430897311,-0.0704972430897311,-0.0704972430897311,0.0322283121382998
14.6925462604222,0,-0.00458452472707301,0,14.6925462604222,-0.00458452472707301,-0.00458452472707301,-0.00458452472707301,0.0444254697733256
12.6985002447189,0,0.0156151615690587,0,12.6985002447189,0.0156151615690587,0.0156151615690587,0.0156151615690587,0.0344296478282526
14.3972634987083,0,-0.0237118006498921,0,14.3972634987083,-0.0237118006498921,-0.0237118006498921,-0.0237118006498921,0.0295064854269103
14.1514365378187,0,-0.0107350800784212,0,14.1514365378187,-0.0107350800784212,-0.0107350800784212,-0.0107350800784212,0.0554744268805768
27.9381463268887,0,-0.0196646199066465,0,27.9381463268887,-0.0196646199066465,-0.0196646199066465,-0.0196646199066465,0.0266030945529787
24.4728765020316,0,-0.0883766236254439,0,24.4728765020316,-0.0883766236254439,-0.0883766236254439,-0.0883766236254439,0.0473406670453721
13.4368696617468,0,0.0535402362440232,0,13.4368696617468,0.0535402362440232,0.0535402362440232,0.0535402362440232,0.0282079903838013
7.48402930279067,0,0.00968988201586394,0,7.48402930279067,0.00968988201586394,0.00968988201586394,0.00968988201586394,0.0686754083472401
25.9320346135502,0,-0.0232712391594247,0,25.9320346135502,-0.0232712391594247,-0.0232712391594247,-0.0232712391594247,0.0300519735078187
NA,NA,NA,NA,NA,NA,NA,NA,NA
12.0144898669671,0,-0.0304643580877798,0,12.0144898669671,-0.0304643580877798,-0.0304643580877798,-0.0304643580877798,0.0246585875375876
5.59197431763262,0,-0.0578220526680145,0,5.59197431763262,-0.0578220526680145,-0.0578220526680145,-0.0578220526680145,0.0290843221745671
7.10118523761685,0,-0.0285278978712163,0,7.10118523761685,-0.0285278978712163,-0.0285278978712163,-0.0285278978712163,0.0595492352872805
8.39406695268219,0,0.0167837864563465,0,8.39406695268219,0.0167837864563465,0.0167837864563465,0.0167837864563465,0.0322473662392579
6.68163411954067,0,0.0399525800720857,0,6.68163411954067,0.0399525800720857,0.0399525800720857,0.0399525800720857,0.0632642521725607
10.9419857642508,0,-0.0876235523401562,0,10.9419857642508,-0.0876235523401562,-0.0876235523401562,-0.0876235523401562,0.0336377588977628
9.567453602661,0,-0.0130573193727359,0,9.567453602661,-0.0130573193727359,-0.0130573193727359,-0.0130573193727359,0.0264340771076804
9.56764954052794,0,-0.00578932875863998,0,9.56764954052794,-0.00578932875863998,-0.00578932875863998,-0.00578932875863998,0.0288617279537588
9.58796747981615,0,0.00725905880614161,0,9.58796747981615,0.00725905880614161,0.00725905880614161,0.00725905880614161,0.0422687684348916
12.9045618909384,0,-0.020800428050844,0,12.9045618909384,-0.020800428050844,-0.020800428050844,-0.020800428050844,0.00918914559220215
9.03381024943225,0,-0.0258591277728825,0,9.03381024943225,-0.0258591277728825,-0.0258591277728825,-0.0258591277728825,0.0210013285642308
7.292171244769,0,0.0214216184583366,0,7.292171244769,0.0214216184583366,0.0214216184583366,0.0214216184583366,0.00787016036700002
10.6567948708008,0,0.0203455428827325,0,10.6567948708008,0.0203455428827325,0.0203455428827325,0.0203455428827325,0.0367174068081082
15.83958844307,0,0.0399832495665445,0,15.83958844307,0.0399832495665445,0.0399832495665445,0.0399832495665445,0.0130470310288665
17.7014293147066,0,0.0234372077444364,0,17.7014293147066,0.0234372077444364,0.0234372077444364,0.0234372077444364,0.0323786122878216
14.7585414478692,0,-0.0143222744287462,0,14.7585414478692,-0.0143222744287462,-0.0143222744287462,-0.0143222744287462,0.0637816832942033
20.7521231210355,0,-0.0269978295709997,0,20.7521231210355,-0.0269978295709997,-0.0269978295709997,-0.0269978295709997,0.0154926437594917
13.9836050997556,0,-0.0596374353307077,0,13.9836050997556,-0.0596374353307077,-0.0596374353307077,-0.0596374353307077,0.0260159424457815
11.3110693140974,0,0.00982781565554414,0,11.3110693140974,0.00982781565554414,0.00982781565554414,0.00982781565554414,0.0152975413868066
16.5519463473715,0,-0.0850116784148187,0,16.5519463473715,-0.0850116784148187,-0.0850116784148187,-0.0850116784148187,0.0449328569998866
12.3671082351961,0,0.0210231372322994,0,12.3671082351961,0.0210231372322994,0.0210231372322994,0.0210231372322994,0.0160828742749283
12.3654554745313,0,-0.0686880413546458,0,12.3654554745313,-0.0686880413546458,-0.0686880413546458,-0.0686880413546458,0.0513325050706189
19.2556223171704,0,0.0285945738844167,0,19.2556223171704,0.0285945738844167,0.0285945738844167,0.0285945738844167,0.0139726523520546
34.7312424253189,0,0.00360906084633839,0,34.7312424253189,0.00360906084633839,0.00360906084633839,0.00360906084633839,0.017575833019559
54.7209102152747,0,0.0196726221291343,0,54.7209102152747,0.0196726221291343,0.0196726221291343,0.0196726221291343,0.0109274670854921
6.15335383446594,0,0.00868907833362001,0,6.15335383446594,0.00868907833362001,0.00868907833362001,0.00868907833362001,0.148956660150613
8.22166390729103,0,0.0200227074138689,0,8.22166390729103,0.0200227074138689,0.0200227074138689,0.0200227074138689,0.0889316774406693
6.56936523894705,0,-0.0184803687031215,0,6.56936523894705,-0.0184803687031215,-0.0184803687031215,-0.0184803687031215,0.0397871786329299
7.36539602284415,0,-0.0247872150245361,0,7.36539602284415,-0.0247872150245361,-0.0247872150245361,-0.0247872150245361,0.114121672795408
9.34902839864339,0,-0.0319037471830898,0,9.34902839864339,-0.0319037471830898,-0.0319037471830898,-0.0319037471830898,0.0353702402159913
12.5616640281909,0,0.00441577973083164,0,12.5616640281909,0.00441577973083164,0.00441577973083164,0.00441577973083164,0.0138459086615911
10.5411867057519,0,-0.0885790708954701,0,10.5411867057519,-0.0885790708954701,-0.0885790708954701,-0.0885790708954701,0.0320565633703811
10.8363107906744,0,-0.028098390818107,0,10.8363107906744,-0.028098390818107,-0.028098390818107,-0.028098390818107,0.071926050301895
7.60971237336999,0,0.0425196941211018,0,7.60971237336999,0.0425196941211018,0.0425196941211018,0.0425196941211018,0.0675431227803087
7.13153216147587,0,-0.0477446268787778,0,7.13153216147587,-0.0477446268787778,-0.0477446268787778,-0.0477446268787778,0.0691602399134146
11.3171115233183,0,-0.0301299566297987,0,11.3171115233183,-0.0301299566297987,-0.0301299566297987,-0.0301299566297987,0.0549217163119364
12.491172371433,0,0.00616174807970621,0,12.491172371433,0.00616174807970621,0.00616174807970621,0.00616174807970621,0.0405245193389735
17.7574754531964,0,-0.0364542682670167,0,17.7574754531964,-0.0364542682670167,-0.0364542682670167,-0.0364542682670167,0.0437339114285826
23.3384346785706,0,0.0173424537425691,0,23.3384346785706,0.0173424537425691,0.0173424537425691,0.0173424537425691,0.0189266195413323
31.0786588545351,0,-0.104141192155505,0,31.0786588545351,-0.104141192155505,-0.104141192155505,-0.104141192155505,0.0562787835549554
16.8846431378076,0,0.0592246738975235,0,16.8846431378076,0.0592246738975235,0.0592246738975235,0.0592246738975235,0.0580511049145327
123.279980889138,0,0.30509624252595,0,123.279980889138,0.30509624252595,0.30509624252595,0.30509624252595,0.059767195787558
10.8384906759069,0,-0.00221059163205814,0,10.8384906759069,-0.00221059163205814,-0.00221059163205814,-0.00221059163205814,0.0251376149245104
7.87691324476292,0,-0.0704972430897311,0,7.87691324476292,-0.0704972430897311,-0.0704972430897311,-0.0704972430897311,0.0322283121382998
14.6925462604222,0,-0.00458452472707301,0,14.6925462604222,-0.00458452472707301,-0.00458452472707301,-0.00458452472707301,0.0444254697733256
12.6985002447189,0,0.0156151615690587,0,12.6985002447189,0.0156151615690587,0.0156151615690587,0.0156151615690587,0.0344296478282526
14.3972634987083,0,-0.0237118006498921,0,14.3972634987083,-0.0237118006498921,-0.0237118006498921,-0.0237118006498921,0.0295064854269103
14.1514365378187,0,-0.0107350800784212,0,14.1514365378187,-0.0107350800784212,-0.0107350800784212,-0.0107350800784212,0.0554744268805768
27.9381463268887,0,-0.0196646199066465,0,27.9381463268887,-0.0196646199066465,-0.0196646199066465,-0.0196646199066465,0.0266030945529787
24.4728765020316,0,-0.0883766236254439,0,24.4728765020316,-0.0883766236254439,-0.0883766236254439,-0.0883766236254439,0.0473406670453721
13.4368696617468,0,0.0535402362440232,0,13.4368696617468,0.0535402362440232,0.0535402362440232,0.0535402362440232,0.0282079903838013
7.48402930279067,0,0.00968988201586394,0,7.48402930279067,0.00968988201586394,0.00968988201586394,0.00968988201586394,0.0686754083472401
25.9320346135502,0,-0.0232712391594247,0,25.9320346135502,-0.0232712391594247,-0.0232712391594247,-0.0232712391594247,0.0300519735078187
NA,NA,NA,NA,NA,NA,NA,NA,NA
12.0144898669671,0,-0.0304643580877798,0,12.0144898669671,-0.0304643580877798,-0.0304643580877798,-0.0304643580877798,0.0246585875375876
5.59197431763262,0,-0.0578220526680145,0,5.59197431763262,-0.0578220526680145,-0.0578220526680145,-0.0578220526680145,0.0290843221745671
7.10118523761685,0,-0.0285278978712163,0,7.10118523761685,-0.0285278978712163,-0.0285278978712163,-0.0285278978712163,0.0595492352872805
8.39406695268219,0,0.0167837864563465,0,8.39406695268219,0.0167837864563465,0.0167837864563465,0.0167837864563465,0.0322473662392579
6.68163411954067,0,0.0399525800720857,0,6.68163411954067,0.0399525800720857,0.0399525800720857,0.0399525800720857,0.0632642521725607
10.9419857642508,0,-0.0876235523401562,0,10.9419857642508,-0.0876235523401562,-0.0876235523401562,-0.0876235523401562,0.0336377588977628
9.567453602661,0,-0.0130573193727359,0,9.567453602661,-0.0130573193727359,-0.0130573193727359,-0.0130573193727359,0.0264340771076804
9.56764954052794,0,-0.00578932875863998,0,9.56764954052794,-0.00578932875863998,-0.00578932875863998,-0.00578932875863998,0.0288617279537588
9.58796747981615,0,0.00725905880614161,0,9.58796747981615,0.00725905880614161,0.00725905880614161,0.00725905880614161,0.0422687684348916
12.9045618909384,0,-0.020800428050844,0,12.9045618909384,-0.020800428050844,-0.020800428050844,-0.020800428050844,0.00918914559220215
9.03381024943225,0,-0.0258591277728825,0,9.03381024943225,-0.0258591277728825,-0.0258591277728825,-0.0258591277728825,0.0210013285642308
7.292171244769,0,0.0214216184583366,0,7.292171244769,0.0214216184583366,0.0214216184583366,0.0214216184583366,0.00787016036700002
10.6567948708008,0,0.0203455428827325,0,10.6567948708008,0.0203455428827325,0.0203455428827325,0.0203455428827325,0.0367174068081082
15.83958844307,0,0.0399832495665445,0,15.83958844307,0.0399832495665445,0.0399832495665445,0.0399832495665445,0.0130470310288665
17.7014293147066,0,0.0234372077444364,0,17.7014293147066,0.0234372077444364,0.0234372077444364,0.0234372077444364,0.0323786122878216
14.7585414478692,0,-0.0143222744287462,0,14.7585414478692,-0.0143222744287462,-0.0143222744287462,-0.0143222744287462,0.0637816832942033
20.7521231210355,0,-0.0269978295709997,0,20.7521231210355,-0.0269978295709997,-0.0269978295709997,-0.0269978295709997,0.0154926437594917
13.9836050997556,0,-0.0596374353307077,0,13.9836050997556,-0.0596374353307077,-0.0596374353307077,-0.0596374353307077,0.0260159424457815
11.3110693140974,0,0.00982781565554414,0,11.3110693140974,0.00982781565554414,0.00982781565554414,0.00982781565554414,0.0152975413868066
16.5519463473715,0,-0.0850116784148187,0,16.5519463473715,-0.0850116784148187,-0.0850116784148187,-0.0850116784148187,0.0449328569998866
12.3671082351961,0,0.0210231372322994,0,12.3671082351961,0.0210231372322994,0.0210231372322994,0.0210231372322994,0.0160828742749283
12.3654554745313,0,-0.0686880413546458,0,12.3654554745313,-0.0686880413546458,-0.0686880413546458,-0.0686880413546458,0.0513325050706189
19.2556223171704,0,0.0285945738844167,0,19.2556223171704,0.0285945738844167,0.0285945738844167,0.0285945738844167,0.0139726523520546
34.7312424253189,0,0.00360906084633839,0,34.7312424253189,0.00360906084633839,0.00360906084633839,0.00360906084633839,0.017575833019559
54.7209102152747,0,0.0196726221291343,0,54.7209102152747,0.0196726221291343,0.0196726221291343,0.0196726221291343,0.0109274670854921
6.15335383446594,0,0.00868907833362001,0,6.15335383446594,0.00868907833362001,0.00868907833362001,0.00868907833362001,0.148956660150613
8.22166390729103,0,0.0200227074138689,0,8.22166390729103,0.0200227074138689,0.0200227074138689,0.0200227074138689,0.0889316774406693
6.56936523894705,0,-0.0184803687031215,0,6.56936523894705,-0.0184803687031215,-0.0184803687031215,-0.0184803687031215,0.0397871786329299
7.36539602284415,0,-0.0247872150245361,0,7.36539602284415,-0.0247872150245361,-0.0247872150245361,-0.0247872150245361,0.114121672795408
9.34902839864339,0,-0.0319037471830898,0,9.34902839864339,-0.0319037471830898,-0.0319037471830898,-0.0319037471830898,0.0353702402159913
12.5616640281909,0,0.00441577973083164,0,12.5616640281909,0.00441577973083164,0.00441577973083164,0.00441577973083164,0.0138459086615911
10.5411867057519,0,-0.0885790708954701,0,10.5411867057519,-0.0885790708954701,-0.0885790708954701,-0.0885790708954701,0.0320565633703811
10.8363107906744,0,-0.028098390818107,0,10.8363107906744,-0.028098390818107,-0.028098390818107,-0.028098390818107,0.071926050301895
7.60971237336999,0,0.0425196941211018,0,7.60971237336999,0.0425196941211018,0.0425196941211018,0.0425196941211018,0.0675431227803087
7.13153216147587,0,-0.0477446268787778,0,7.13153216147587,-0.0477446268787778,-0.0477446268787778,-0.0477446268787778,0.0691602399134146
11.3171115233183,0,-0.0301299566297987,0,11.3171115233183,-0.0301299566297987,-0.0301299566297987,-0.0301299566297987,0.0549217163119364
12.491172371433,0,0.00616174807970621,0,12.491172371433,0.00616174807970621,0.00616174807970621,0.00616174807970621,0.0405245193389735
17.7574754531964,0,-0.0364542682670167,0,17.7574754531964,-0.0364542682670167,-0.0364542682670167,-0.0364542682670167,0.0437339114285826
23.3384346785706,0,0.0173424537425691,0,23.3384346785706,0.0173424537425691,0.0173424537425691,0.0173424537425691,0.0189266195413323
31.0786588545351,0,-0.104141192155505,0,31.0786588545351,-0.104141192155505,-0.104141192155505,-0.104141192155505,0.0562787835549554
16.8846431378076,0,0.0592246738975235,0,16.8846431378076,0.0592246738975235,0.0592246738975235,0.0592246738975235,0.0580511049145327
123.279980889138,0,0.30509624252595,0,123.279980889138,0.30509624252595,0.30509624252595,0.30509624252595,0.059767195787558
10.8384906759069,0,-0.00221059163205814,0,10.8384906759069,-0.00221059163205814,-0.00221059163205814,-0.00221059163205814,0.0251376149245104
7.87691324476292,0,-0.0704972430897311,0,7.87691324476292,-0.0704972430897311,-0.0704972430897311,-0.0704972430897311,0.0322283121382998
14.6925462604222,0,-0.00458452472707301,0,14.6925462604222,-0.00458452472707301,-0.00458452472707301,-0.00458452472707301,0.0444254697733256
12.6985002447189,0,0.0156151615690587,0,12.6985002447189,0.0156151615690587,0.0156151615690587,0.0156151615690587,0.0344296478282526
14.3972634987083,0,-0.0237118006498921,0,14.3972634987083,-0.0237118006498921,-0.0237118006498921,-0.0237118006498921,0.0295064854269103
14.1514365378187,0,-0.0107350800784212,0,14.1514365378187,-0.0107350800784212,-0.0107350800784212,-0.0107350800784212,0.0554744268805768
27.9381463268887,0,-0.0196646199066465,0,27.9381463268887,-0.0196646199066465,-0.0196646199066465,-0.0196646199066465,0.0266030945529787
24.4728765020316,0,-0.0883766236254439,0,24.4728765020316,-0.0883766236254439,-0.0883766236254439,-0.0883766236254439,0.0473406670453721
13.4368696617468,0,0.0535402362440232,0,13.4368696617468,0.0535402362440232,0.0535402362440232,0.0535402362440232,0.0282079903838013
7.48402930279067,0,0.00968988201586394,0,7.48402930279067,0.00968988201586394,0.00968988201586394,0.00968988201586394,0.0686754083472401
25.9320346135502,0,-0.0232712391594247,0,25.9320346135502,-0.0232712391594247,-0.0232712391594247,-0.0232712391594247,0.0300519735078187
NA,NA,NA,NA,NA,NA,NA,NA,NA
12.0144898669671,0,-0.0304643580877798,0,12.0144898669671,-0.0304643580877798,-0.0304643580877798,-0.0304643580877798,0.0246585875375876
5.59197431763262,0,-0.0578220526680145,0,5.59197431763262,-0.0578220526680145,-0.0578220526680145,-0.0578220526680145,0.0290843221745671
7.10118523761685,0,-0.0285278978712163,0,7.10118523761685,-0.0285278978712163,-0.0285278978712163,-0.0285278978712163,0.0595492352872805
8.39406695268219,0,0.0167837864563465,0,8.39406695268219,0.0167837864563465,0.0167837864563465,0.0167837864563465,0.0322473662392579
6.68163411954067,0,0.0399525800720857,0,6.68163411954067,0.0399525800720857,0.0399525800720857,0.0399525800720857,0.0632642521725607
10.9419857642508,0,-0.0876235523401562,0,10.9419857642508,-0.0876235523401562,-0.0876235523401562,-0.0876235523401562,0.0336377588977628
9.567453602661,0,-0.0130573193727359,0,9.567453602661,-0.0130573193727359,-0.0130573193727359,-0.0130573193727359,0.0264340771076804
9.56764954052794,0,-0.00578932875863998,0,9.56764954052794,-0.00578932875863998,-0.00578932875863998,-0.00578932875863998,0.0288617279537588
9.58796747981615,0,0.00725905880614161,0,9.58796747981615,0.00725905880614161,0.00725905880614161,0.00725905880614161,0.0422687684348916
12.9045618909384,0,-0.020800428050844,0,12.9045618909384,-0.020800428050844,-0.020800428050844,-0.020800428050844,0.00918914559220215
9.03381024943225,0,-0.0258591277728825,0,9.03381024943225,-0.0258591277728825,-0.0258591277728825,-0.0258591277728825,0.0210013285642308
7.292171244769,0,0.0214216184583366,0,7.292171244769,0.0214216184583366,0.0214216184583366,0.0214216184583366,0.00787016036700002
10.6567948708008,0,0.0203455428827325,0,10.6567948708008,0.0203455428827325,0.0203455428827325,0.0203455428827325,0.0367174068081082
15.83958844307,0,0.0399832495665445,0,15.83958844307,0.0399832495665445,0.0399832495665445,0.0399832495665445,0.0130470310288665
17.7014293147066,0,0.0234372077444364,0,17.7014293147066,0.0234372077444364,0.0234372077444364,0.0234372077444364,0.0323786122878216
14.7585414478692,0,-0.0143222744287462,0,14.7585414478692,-0.0143222744287462,-0.0143222744287462,-0.0143222744287462,0.0637816832942033
20.7521231210355,0,-0.0269978295709997,0,20.7521231210355,-0.0269978295709997,-0.0269978295709997,-0.0269978295709997,0.0154926437594917
13.9836050997556,0,-0.0596374353307077,0,13.9836050997556,-0.0596374353307077,-0.0596374353307077,-0.0596374353307077,0.0260159424457815
11.3110693140974,0,0.00982781565554414,0,11.3110693140974,0.00982781565554414,0.00982781565554414,0.00982781565554414,0.0152975413868066
16.5519463473715,0,-0.0850116784148187,0,16.5519463473715,-0.0850116784148187,-0.0850116784148187,-0.0850116784148187,0.0449328569998866
12.3671082351961,0,0.0210231372322994,0,12.3671082351961,0.0210231372322994,0.0210231372322994,0.0210231372322994,0.0160828742749283
12.3654554745313,0,-0.0686880413546458,0,12.3654554745313,-0.0686880413546458,-0.0686880413546458,-0.0686880413546458,0.0513325050706189
19.2556223171704,0,0.0285945738844167,0,19.2556223171704,0.0285945738844167,0.0285945738844167,0.0285945738844167,0.0139726523520546
34.7312424253189,0,0.00360906084633839,0,34.7312424253189,0.00360906084633839,0.00360906084633839,0.00360906084633839,0.017575833019559
54.7209102152747,0,0.0196726221291343,0,54.7209102152747,0.0196726221291343,0.0196726221291343,0.0196726221291343,0.0109274670854921
6.15335383446594,0,0.00868907833362001,0,6.15335383446594,0.00868907833362001,0.00868907833362001,0.00868907833362001,0.148956660150613
8.22166390729103,0,0.0200227074138689,0,8.22166390729103,0.0200227074138689,0.0200227074138689,0.0200227074138689,0.0889316774406693
6.56936523894705,0,-0.0184803687031215,0,6.56936523894705,-0.0184803687031215,-0.0184803687031215,-0.0184803687031215,0.0397871786329299
7.36539602284415,0,-0.0247872150245361,0,7.36539602284415,-0.0247872150245361,-0.0247872150245361,-0.0247872150245361,0.114121672795408
9.34902839864339,0,-0.0319037471830898,0,9.34902839864339,-0.0319037471830898,-0.0319037471830898,-0.0319037471830898,0.0353702402159913
12.5616640281909,0,0.00441577973083164,0,12.5616640281909,0.00441577973083164,0.00441577973083164,0.00441577973083164,0.0138459086615911
10.5411867057519,0,-0.0885790708954701,0,10.5411867057519,-0.0885790708954701,-0.0885790708954701,-0.0885790708954701,0.0320565633703811
10.8363107906744,0,-0.028098390818107,0,10.8363107906744,-0.028098390818107,-0.028098390818107,-0.028098390818107,0.071926050301895
7.60971237336999,0,0.0425196941211018,0,7.60971237336999,0.0425196941211018,0.0425196941211018,0.0425196941211018,0.0675431227803087
7.13153216147587,0,-0.0477446268787778,0,7.13153216147587,-0.0477446268787778,-0.0477446268787778,-0.0477446268787778,0.0691602399134146
11.3171115233183,0,-0.0301299566297987,0,11.3171115233183,-0.0301299566297987,-0.0301299566297987,-0.0301299566297987,0.0549217163119364
12.491172371433,0,0.00616174807970621,0,12.491172371433,0.00616174807970621,0.00616174807970621,0.00616174807970621,0.0405245193389735
17.7574754531964,0,-0.0364542682670167,0,17.7574754531964,-0.0364542682670167,-0.0364542682670167,-0.0364542682670167,0.0437339114285826
23.3384346785706,0,0.0173424537425691,0,23.3384346785706,0.0173424537425691,0.0173424537425691,0.0173424537425691,0.0189266195413323
31.0786588545351,0,-0.104141192155505,0,31.0786588545351,-0.104141192155505,-0.104141192155505,-0.104141192155505,0.0562787835549554
16.8846431378076,0,0.0592246738975235,0,16.8846431378076,0.0592246738975235,0.0592246738975235,0.0592246738975235,0.0580511049145327
123.279980889138,0,0.30509624252595,0,123.279980889138,0.30509624252595,0.30509624252595,0.30509624252595,0.059767195787558
10.8384906759069,0,-0.00221059163205814,0,10.8384906759069,-0.00221059163205814,-0.00221059163205814,-0.00221059163205814,0.0251376149245104
7.87691324476292,0,-0.0704972430897311,0,7.87691324476292,-0.0704972430897311,-0.0704972430897311,-0.0704972430897311,0.0322283121382998
14.6925462604222,0,-0.00458452472707301,0,14.6925462604222,-0.00458452472707301,-0.00458452472707301,-0.00458452472707301,0.0444254697733256
12.6985002447189,0,0.0156151615690587,0,12.6985002447189,0.0156151615690587,0.0156151615690587,0.0156151615690587,0.0344296478282526
14.3972634987083,0,-0.0237118006498921,0,14.3972634987083,-0.0237118006498921,-0.0237118006498921,-0.0237118006498921,0.0295064854269103
14.1514365378187,0,-0.0107350800784212,0,14.1514365378187,-0.0107350800784212,-0.0107350800784212,-0.0107350800784212,0.0554744268805768
27.9381463268887,0,-0.0196646199066465,0,27.9381463268887,-0.0196646199066465,-0.0196646199066465,-0.0196646199066465,0.0266030945529787
24.4728765020316,0,-0.0883766236254439,0,24.4728765020316,-0.0883766236254439,-0.0883766236254439,-0.0883766236254439,0.0473406670453721
13.4368696617468,0,0.0535402362440232,0,13.4368696617468,0.0535402362440232,0.0535402362440232,0.0535402362440232,0.0282079903838013
7.48402930279067,0,0.00968988201586394,0,7.48402930279067,0.00968988201586394,0.00968988201586394,0.00968988201586394,0.0686754083472401
25.9320346135502,0,-0.0232712391594247,0,25.9320346135502,-0.0232712391594247,-0.0232712391594247,-0.0232712391594247,0.0300519735078187
NA,NA,NA,NA,NA,NA,NA,NA,NA
12.0144898669671,0,-0.0304643580877798,0,12.0144898669671,-0.0304643580877798,-0.0304643580877798,-0.0304643580877798,0.0246585875375876
5.59197431763262,0,-0.0578220526680145,0,5.59197431763262,-0.0578220526680145,-0.0578220526680145,-0.0578220526680145,0.0290843221745671
7.10118523761685,0,-0.0285278978712163,0,7.10118523761685,-0.0285278978712163,-0.0285278978712163,-0.0285278978712163,0.0595492352872805
8.39406695268219,0,0.0167837864563465,0,8.39406695268219,0.0167837864563465,0.0167837864563465,0.0167837864563465,0.0322473662392579
6.68163411954067,0,0.0399525800720857,0,6.68163411954067,0.0399525800720857,0.0399525800720857,0.0399525800720857,0.0632642521725607
10.9419857642508,0,-0.0876235523401562,0,10.9419857642508,-0.0876235523401562,-0.0876235523401562,-0.0876235523401562,0.0336377588977628
9.567453602661,0,-0.0130573193727359,0,9.567453602661,-0.0130573193727359,-0.0130573193727359,-0.0130573193727359,0.0264340771076804
9.56764954052794,0,-0.00578932875863998,0,9.56764954052794,-0.00578932875863998,-0.00578932875863998,-0.00578932875863998,0.0288617279537588
9.58796747981615,0,0.00725905880614161,0,9.58796747981615,0.00725905880614161,0.00725905880614161,0.00725905880614161,0.0422687684348916
12.9045618909384,0,-0.020800428050844,0,12.9045618909384,-0.020800428050844,-0.020800428050844,-0.020800428050844,0.00918914559220215
9.03381024943225,0,-0.0258591277728825,0,9.03381024943225,-0.0258591277728825,-0.0258591277728825,-0.0258591277728825,0.0210013285642308
7.292171244769,0,0.0214216184583366,0,7.292171244769,0.0214216184583366,0.0214216184583366,0.0214216184583366,0.00787016036700002
10.6567948708008,0,0.0203455428827325,0,10.6567948708008,0.0203455428827325,0.0203455428827325,0.0203455428827325,0.0367174068081082
15.83958844307,0,0.0399832495665445,0,15.83958844307,0.0399832495665445,0.0399832495665445,0.0399832495665445,0.0130470310288665
17.7014293147066,0,0.0234372077444364,0,17.7014293147066,0.0234372077444364,0.0234372077444364,0.0234372077444364,0.0323786122878216
14.7585414478692,0,-0.0143222744287462,0,14.7585414478692,-0.0143222744287462,-0.0143222744287462,-0.0143222744287462,0.0637816832942033
20.7521231210355,0,-0.0269978295709997,0,20.7521231210355,-0.0269978295709997,-0.0269978295709997,-0.0269978295709997,0.0154926437594917
13.9836050997556,0,-0.0596374353307077,0,13.9836050997556,-0.0596374353307077,-0.0596374353307077,-0.0596374353307077,0.0260159424457815
11.3110693140974,0,0.00982781565554414,0,11.3110693140974,0.00982781565554414,0.00982781565554414,0.00982781565554414,0.0152975413868066
16.5519463473715,0,-0.0850116784148187,0,16.5519463473715,-0.0850116784148187,-0.0850116784148187,-0.0850116784148187,0.0449328569998866
12.3671082351961,0,0.0210231372322994,0,12.3671082351961,0.0210231372322994,0.0210231372322994,0.0210231372322994,0.0160828742749283
12.3654554745313,0,-0.0686880413546458,0,12.3654554745313,-0.0686880413546458,-0.0686880413546458,-0.0686880413546458,0.0513325050706189
19.2556223171704,0,0.0285945738844167,0,19.2556223171704,0.0285945738844167,0.0285945738844167,0.0285945738844167,0.0139726523520546
34.7312424253189,0,0.00360906084633839,0,34.7312424253189,0.00360906084633839,0.00360906084633839,0.00360906084633839,0.017575833019559
54.7209102152747,0,0.0196726221291343,0,54.7209102152747,0.0196726221291343,0.0196726221291343,0.0196726221291343,0.0109274670854921
6.15335383446594,0,0.00868907833362001,0,6.15335383446594,0.00868907833362001,0.00868907833362001,0.00868907833362001,0.148956660150613
8.22166390729103,0,0.0200227074138689,0,8.22166390729103,0.0200227074138689,0.0200227074138689,0.0200227074138689,0.0889316774406693
6.56936523894705,0,-0.0184803687031215,0,6.56936523894705,-0.0184803687031215,-0.0184803687031215,-0.0184803687031215,0.0397871786329299
7.36539602284415,0,-0.0247872150245361,0,7.36539602284415,-0.0247872150245361,-0.0247872150245361,-0.0247872150245361,0.114121672795408
9.34902839864339,0,-0.0319037471830898,0,9.34902839864339,-0.0319037471830898,-0.0319037471830898,-0.0319037471830898,0.0353702402159913
12.5616640281909,0,0.00441577973083164,0,12.5616640281909,0.00441577973083164,0.00441577973083164,0.00441577973083164,0.0138459086615911
10.5411867057519,0,-0.0885790708954701,0,10.5411867057519,-0.0885790708954701,-0.0885790708954701,-0.0885790708954701,0.0320565633703811
10.8363107906744,0,-0.028098390818107,0,10.8363107906744,-0.028098390818107,-0.028098390818107,-0.028098390818107,0.071926050301895
7.60971237336999,0,0.0425196941211018,0,7.60971237336999,0.0425196941211018,0.0425196941211018,0.0425196941211018,0.0675431227803087
7.13153216147587,0,-0.0477446268787778,0,7.13153216147587,-0.0477446268787778,-0.0477446268787778,-0.0477446268787778,0.0691602399134146
11.3171115233183,0,-0.0301299566297987,0,11.3171115233183,-0.0301299566297987,-0.0301299566297987,-0.0301299566297987,0.0549217163119364
12.491172371433,0,0.00616174807970621,0,12.491172371433,0.00616174807970621,0.00616174807970621,0.00616174807970621,0.0405245193389735
17.7574754531964,0,-0.0364542682670167,0,17.7574754531964,-0.0364542682670167,-0.0364542682670167,-0.0364542682670167,0.0437339114285826
23.3384346785706,0,0.0173424537425691,0,23.3384346785706,0.0173424537425691,0.0173424537425691,0.0173424537425691,0.0189266195413323
31.0786588545351,0,-0.104141192155505,0,31.0786588545351,-0.104141192155505,-0.104141192155505,-0.104141192155505,0.0562787835549554
16.8846431378076,0,0.0592246738975235,0,16.8846431378076,0.0592246738975235,0.0592246738975235,0.0592246738975235,0.0580511049145327
123.279980889138,0,0.30509624252595,0,123.279980889138,0.30509624252595,0.30509624252595,0.30509624252595,0.059767195787558
10.8384906759069,0,-0.00221059163205814,0,10.8384906759069,-0.00221059163205814,-0.00221059163205814,-0.00221059163205814,0.0251376149245104
7.87691324476292,0,-0.0704972430897311,0,7.87691324476292,-0.0704972430897311,-0.0704972430897311,-0.0704972430897311,0.0322283121382998
14.6925462604222,0,-0.00458452472707301,0,14.6925462604222,-0.00458452472707301,-0.00458452472707301,-0.00458452472707301,0.0444254697733256
12.6985002447189,0,0.0156151615690587,0,12.6985002447189,0.0156151615690587,0.0156151615690587,0.0156151615690587,0.0344296478282526
14.3972634987083,0,-0.0237118006498921,0,14.3972634987083,-0.0237118006498921,-0.0237118006498921,-0.0237118006498921,0.0295064854269103
14.1514365378187,0,-0.0107350800784212,0,14.1514365378187,-0.0107350800784212,-0.0107350800784212,-0.0107350800784212,0.0554744268805768
27.9381463268887,0,-0.0196646199066465,0,27.9381463268887,-0.0196646199066465,-0.0196646199066465,-0.0196646199066465,0.0266030945529787
24.4728765020316,0,-0.0883766236254439,0,24.4728765020316,-0.0883766236254439,-0.0883766236254439,-0.0883766236254439,0.0473406670453721
13.4368696617468,0,0.0535402362440232,0,13.4368696617468,0.0535402362440232,0.0535402362440232,0.0535402362440232,0.0282079903838013
7.48402930279067,0,0.00968988201586394,0,7.48402930279067,0.00968988201586394,0.00968988201586394,0.00968988201586394,0.0686754083472401
25.9320346135502,0,-0.0232712391594247,0,25.9320346135502,-0.0232712391594247,-0.0232712391594247,-0.0232712391594247,0.0300519735078187
NA,NA,NA,NA,NA,NA,NA,NA,NA
12.0144898669671,0,-0.0304643580877798,0,12.0144898669671,-0.0304643580877798,-0.0304643580877798,-0.0304643580877798,0.0246585875375876
5.59197431763262,0,-0.0578220526680145,0,5.59197431763262,-0.0578220526680145,-0.0578220526680145,-0.0578220526680145,0.0290843221745671
7.10118523761685,0,-0.0285278978712163,0,7.10118523761685,-0.0285278978712163,-0.0285278978712163,-0.0285278978712163,0.0595492352872805
8.39406695268219,0,0.0167837864563465,0,8.39406695268219,0.0167837864563465,0.0167837864563465,0.0167837864563465,0.0322473662392579
6.68163411954067,0,0.0399525800720857,0,6.68163411954067,0.0399525800720857,0.0399525800720857,0.0399525800720857,0.0632642521725607
10.9419857642508,0,-0.0876235523401562,0,10.9419857642508,-0.0876235523401562,-0.0876235523401562,-0.0876235523401562,0.0336377588977628
9.567453602661,0,-0.0130573193727359,0,9.567453602661,-0.0130573193727359,-0.0130573193727359,-0.0130573193727359,0.0264340771076804
9.56764954052794,0,-0.00578932875863998,0,9.56764954052794,-0.00578932875863998,-0.00578932875863998,-0.00578932875863998,0.0288617279537588
9.58796747981615,0,0.00725905880614161,0,9.58796747981615,0.00725905880614161,0.00725905880614161,0.00725905880614161,0.0422687684348916
12.9045618909384,0,-0.020800428050844,0,12.9045618909384,-0.020800428050844,-0.020800428050844,-0.020800428050844,0.00918914559220215
9.03381024943225,0,-0.0258591277728825,0,9.03381024943225,-0.0258591277728825,-0.0258591277728825,-0.0258591277728825,0.0210013285642308
7.292171244769,0,0.0214216184583366,0,7.292171244769,0.0214216184583366,0.0214216184583366,0.0214216184583366,0.00787016036700002
10.6567948708008,0,0.0203455428827325,0,10.6567948708008,0.0203455428827325,0.0203455428827325,0.0203455428827325,0.0367174068081082
15.83958844307,0,0.0399832495665445,0,15.83958844307,0.0399832495665445,0.0399832495665445,0.0399832495665445,0.0130470310288665
17.7014293147066,0,0.0234372077444364,0,17.7014293147066,0.0234372077444364,0.0234372077444364,0.0234372077444364,0.0323786122878216
14.7585414478692,0,-0.0143222744287462,0,14.7585414478692,-0.0143222744287462,-0.0143222744287462,-0.0143222744287462,0.0637816832942033
20.7521231210355,0,-0.0269978295709997,0,20.7521231210355,-0.0269978295709997,-0.0269978295709997,-0.0269978295709997,0.0154926437594917
13.9836050997556,0,-0.0596374353307077,0,13.9836050997556,-0.0596374353307077,-0.0596374353307077,-0.0596374353307077,0.0260159424457815
11.3110693140974,0,0.00982781565554414,0,11.3110693140974,0.00982781565554414,0.00982781565554414,0.00982781565554414,0.0152975413868066
16.5519463473715,0,-0.0850116784148187,0,16.5519463473715,-0.0850116784148187,-0.0850116784148187,-0.0850116784148187,0.0449328569998866
12.3671082351961,0,0.0210231372322994,0,12.3671082351961,0.0210231372322994,0.0210231372322994,0.0210231372322994,0.0160828742749283
12.3654554745313,0,-0.0686880413546458,0,12.3654554745313,-0.0686880413546458,-0.0686880413546458,-0.0686880413546458,0.0513325050706189
19.2556223171704,0,0.0285945738844167,0,19.2556223171704,0.0285945738844167,0.0285945738844167,0.0285945738844167,0.0139726523520546
34.7312424253189,0,0.00360906084633839,0,34.7312424253189,0.00360906084633839,0.00360906084633839,0.00360906084633839,0.017575833019559
54.7209102152747,0,0.0196726221291343,0,54.7209102152747,0.0196726221291343,0.0196726221291343,0.0196726221291343,0.0109274670854921
6.15335383446594,0,0.00868907833362001,0,6.15335383446594,0.00868907833362001,0.00868907833362001,0.00868907833362001,0.148956660150613
8.22166390729103,0,0.0200227074138689,0,8.22166390729103,0.0200227074138689,0.0200227074138689,0.0200227074138689,0.0889316774406693
6.56936523894705,0,-0.0184803687031215,0,6.56936523894705,-0.0184803687031215,-0.0184803687031215,-0.0184803687031215,0.0397871786329299
7.36539602284415,0,-0.0247872150245361,0,7.36539602284415,-0.0247872150245361,-0.0247872150245361,-0.0247872150245361,0.114121672795408
9.34902839864339,0,-0.0319037471830898,0,9.34902839864339,-0.0319037471830898,-0.0319037471830898,-0.0319037471830898,0.0353702402159913
12.5616640281909,0,0.00441577973083164,0,12.5616640281909,0.00441577973083164,0.00441577973083164,0.00441577973083164,0.0138459086615911
10.5411867057519,0,-0.0885790708954701,0,10.5411867057519,-0.0885790708954701,-0.0885790708954701,-0.0885790708954701,0.0320565633703811
10.8363107906744,0,-0.028098390818107,0,10.8363107906744,-0.028098390818107,-0.028098390818107,-0.028098390818107,0.071926050301895
7.60971237336999,0,0.0425196941211018,0,7.60971237336999,0.0425196941211018,0.0425196941211018,0.0425196941211018,0.0675431227803087
7.13153216147587,0,-0.0477446268787778,0,7.13153216147587,-0.0477446268787778,-0.0477446268787778,-0.0477446268787778,0.0691602399134146
11.3171115233183,0,-0.0301299566297987,0,11.3171115233183,-0.0301299566297987,-0.0301299566297987,-0.0301299566297987,0.0549217163119364
12.491172371433,0,0.00616174807970621,0,12.491172371433,0.00616174807970621,0.00616174807970621,0.00616174807970621,0.0405245193389735
17.7574754531964,0,-0.0364542682670167,0,17.7574754531964,-0.0364542682670167,-0.0364542682670167,-0.0364542682670167,0.0437339114285826
23.3384346785706,0,0.0173424537425691,0,23.3384346785706,0.0173424537425691,0.0173424537425691,0.0173424537425691,0.0189266195413323
31.0786588545351,0,-0.104141192155505,0,31.0786588545351,-0.104141192155505,-0.104141192155505,-0.104141192155505,0.0562787835549554
16.8846431378076,0,0.0592246738975235,0,16.8846431378076,0.0592246738975235,0.0592246738975235,0.0592246738975235,0.0580511049145327
123.279980889138,0,0.30509624252595,0,123.279980889138,0.30509624252595,0.30509624252595,0.30509624252595,0.059767195787558
10.8384906759069,0,-0.00221059163205814,0,10.8384906759069,-0.00221059163205814,-0.00221059163205814,-0.00221059163205814,0.0251376149245104
7.87691324476292,0,-0.0704972430897311,0,7.87691324476292,-0.0704972430897311,-0.0704972430897311,-0.0704972430897311,0.0322283121382998
14.6925462604222,0,-0.00458452472707301,0,14.6925462604222,-0.00458452472707301,-0.00458452472707301,-0.00458452472707301,0.0444254697733256
12.6985002447189,0,0.0156151615690587,0,12.6985002447189,0.0156151615690587,0.0156151615690587,0.0156151615690587,0.0344296478282526
14.3972634987083,0,-0.0237118006498921,0,14.3972634987083,-0.0237118006498921,-0.0237118006498921,-0.0237118006498921,0.0295064854269103
14.1514365378187,0,-0.0107350800784212,0,14.1514365378187,-0.0107350800784212,-0.0107350800784212,-0.0107350800784212,0.0554744268805768
27.9381463268887,0,-0.0196646199066465,0,27.9381463268887,-0.0196646199066465,-0.0196646199066465,-0.0196646199066465,0.0266030945529787
24.4728765020316,0,-0.0883766236254439,0,24.4728765020316,-0.0883766236254439,-0.0883766236254439,-0.0883766236254439,0.0473406670453721
13.4368696617468,0,0.0535402362440232,0,13.4368696617468,0.0535402362440232,0.0535402362440232,0.0535402362440232,0.0282079903838013
7.48402930279067,0,0.00968988201586394,0,7.48402930279067,0.00968988201586394,0.00968988201586394,0.00968988201586394,0.0686754083472401
25.9320346135502,0,-0.0232712391594247,0,25.9320346135502,-0.0232712391594247,-0.0232712391594247,-0.0232712391594247,0.0300519735078187
NA,NA,NA,NA,NA,NA,NA,NA,NA
12.0144898669671,0,-0.0304643580877798,0,12.0144898669671,-0.0304643580877798,-0.0304643580877798,-0.0304643580877798,0.0246585875375876
5.59197431763262,0,-0.0578220526680145,0,5.59197431763262,-0.0578220526680145,-0.0578220526680145,-0.0578220526680145,0.0290843221745671
7.10118523761685,0,-0.0285278978712163,0,7.10118523761685,-0.0285278978712163,-0.0285278978712163,-0.0285278978712163,0.0595492352872805
8.39406695268219,0,0.0167837864563465,0,8.39406695268219,0.0167837864563465,0.0167837864563465,0.0167837864563465,0.0322473662392579
6.68163411954067,0,0.0399525800720857,0,6.68163411954067,0.0399525800720857,0.0399525800720857,0.0399525800720857,0.0632642521725607
10.9419857642508,0,-0.0876235523401562,0,10.9419857642508,-0.0876235523401562,-0.0876235523401562,-0.0876235523401562,0.0336377588977628
9.567453602661,0,-0.0130573193727359,0,9.567453602661,-0.0130573193727359,-0.0130573193727359,-0.0130573193727359,0.0264340771076804
9.56764954052794,0,-0.00578932875863998,0,9.56764954052794,-0.00578932875863998,-0.00578932875863998,-0.00578932875863998,0.0288617279537588
9.58796747981615,0,0.00725905880614161,0,9.58796747981615,0.00725905880614161,0.00725905880614161,0.00725905880614161,0.0422687684348916
12.9045618909384,0,-0.020800428050844,0,12.9045618909384,-0.020800428050844,-0.020800428050844,-0.020800428050844,0.00918914559220215
9.03381024943225,0,-0.0258591277728825,0,9.03381024943225,-0.0258591277728825,-0.0258591277728825,-0.0258591277728825,0.0210013285642308
7.292171244769,0,0.0214216184583366,0,7.292171244769,0.0214216184583366,0.0214216184583366,0.0214216184583366,0.00787016036700002
10.6567948708008,0,0.0203455428827325,0,10.6567948708008,0.0203455428827325,0.0203455428827325,0.0203455428827325,0.0367174068081082
15.83958844307,0,0.0399832495665445,0,15.83958844307,0.0399832495665445,0.0399832495665445,0.0399832495665445,0.0130470310288665
17.7014293147066,0,0.0234372077444364,0,17.7014293147066,0.0234372077444364,0.0234372077444364,0.0234372077444364,0.0323786122878216
14.7585414478692,0,-0.0143222744287462,0,14.7585414478692,-0.0143222744287462,-0.0143222744287462,-0.0143222744287462,0.0637816832942033
20.7521231210355,0,-0.0269978295709997,0,20.7521231210355,-0.0269978295709997,-0.0269978295709997,-0.0269978295709997,0.0154926437594917
13.9836050997556,0,-0.0596374353307077,0,13.9836050997556,-0.0596374353307077,-0.0596374353307077,-0.0596374353307077,0.0260159424457815
11.3110693140974,0,0.00982781565554414,0,11.3110693140974,0.00982781565554414,0.00982781565554414,0.00982781565554414,0.0152975413868066
16.5519463473715,0,-0.0850116784148187,0,16.5519463473715,-0.0850116784148187,-0.0850116784148187,-0.0850116784148187,0.0449328569998866
12.3671082351961,0,0.0210231372322994,0,12.3671082351961,0.0210231372322994,0.0210231372322994,0.0210231372322994,0.0160828742749283
12.3654554745313,0,-0.0686880413546458,0,12.3654554745313,-0.0686880413546458,-0.0686880413546458,-0.0686880413546458,0.0513325050706189
19.2556223171704,0,0.0285945738844167,0,19.2556223171704,0.0285945738844167,0.0285945738844167,0.0285945738844167,0.0139726523520546
34.7312424253189,0,0.00360906084633839,0,34.7312424253189,0.00360906084633839,0.00360906084633839,0.00360906084633839,0.017575833019559
54.7209102152747,0,0.0196726221291343,0,54.7209102152747,0.0196726221291343,0.0196726221291343,0.0196726221291343,0.0109274670854921
6.15335383446594,0,0.00868907833362001,0,6.15335383446594,0.00868907833362001,0.00868907833362001,0.00868907833362001,0.148956660150613
8.22166390729103,0,0.0200227074138689,0,8.22166390729103,0.0200227074138689,0.0200227074138689,0.0200227074138689,0.0889316774406693
6.56936523894705,0,-0.0184803687031215,0,6.56936523894705,-0.0184803687031215,-0.0184803687031215,-0.0184803687031215,0.0397871786329299
7.36539602284415,0,-0.0247872150245361,0,7.36539602284415,-0.0247872150245361,-0.0247872150245361,-0.0247872150245361,0.114121672795408
9.34902839864339,0,-0.0319037471830898,0,9.34902839864339,-0.0319037471830898,-0.0319037471830898,-0.0319037471830898,0.0353702402159913
12.5616640281909,0,0.00441577973083164,0,12.5616640281909,0.00441577973083164,0.00441577973083164,0.00441577973083164,0.0138459086615911
10.5411867057519,0,-0.0885790708954701,0,10.5411867057519,-0.0885790708954701,-0.0885790708954701,-0.0885790708954701,0.0320565633703811
10.8363107906744,0,-0.028098390818107,0,10.8363107906744,-0.028098390818107,-0.028098390818107,-0.028098390818107,0.071926050301895
7.60971237336999,0,0.0425196941211018,0,7.60971237336999,0.0425196941211018,0.0425196941211018,0.0425196941211018,0.0675431227803087
7.13153216147587,0,-0.0477446268787778,0,7.13153216147587,-0.0477446268787778,-0.0477446268787778,-0.0477446268787778,0.0691602399134146
11.3171115233183,0,-0.0301299566297987,0,11.3171115233183,-0.0301299566297987,-0.0301299566297987,-0.0301299566297987,0.0549217163119364
12.491172371433,0,0.00616174807970621,0,12.491172371433,0.00616174807970621,0.00616174807970621,0.00616174807970621,0.0405245193389735
17.7574754531964,0,-0.0364542682670167,0,17.7574754531964,-0.0364542682670167,-0.0364542682670167,-0.0364542682670167,0.0437339114285826
23.3384346785706,0,0.0173424537425691,0,23.3384346785706,0.0173424537425691,0.0173424537425691,0.0173424537425691,0.0189266195413323
31.0786588545351,0,-0.104141192155505,0,31.0786588545351,-0.104141192155505,-0.104141192155505,-0.104141192155505,0.0562787835549554
16.8846431378076,0,0.0592246738975235,0,16.8846431378076,0.0592246738975235,0.0592246738975235,0.0592246738975235,0.0580511049145327
123.279980889138,0,0.30509624252595,0,123.279980889138,0.30509624252595,0.30509624252595,0.30509624252595,0.059767195787558
10.8384906759069,0,-0.00221059163205814,0,10.8384906759069,-0.00221059163205814,-0.00221059163205814,-0.00221059163205814,0.0251376149245104
7.87691324476292,0,-0.0704972430897311,0,7.87691324476292,-0.0704972430897311,-0.0704972430897311,-0.0704972430897311,0.0322283121382998
14.6925462604222,0,-0.00458452472707301,0,14.6925462604222,-0.00458452472707301,-0.00458452472707301,-0.00458452472707301,0.0444254697733256
12.6985002447189,0,0.0156151615690587,0,12.6985002447189,0.0156151615690587,0.0156151615690587,0.0156151615690587,0.0344296478282526
14.3972634987083,0,-0.0237118006498921,0,14.3972634987083,-0.0237118006498921,-0.0237118006498921,-0.0237118006498921,0.0295064854269103
14.1514365378187,0,-0.0107350800784212,0,14.1514365378187,-0.0107350800784212,-0.0107350800784212,-0.0107350800784212,0.0554744268805768
27.9381463268887,0,-0.0196646199066465,0,27.9381463268887,-0.0196646199066465,-0.0196646199066465,-0.0196646199066465,0.0266030945529787
24.4728765020316,0,-0.0883766236254439,0,24.4728765020316,-0.0883766236254439,-0.0883766236254439,-0.0883766236254439,0.0473406670453721
13.4368696617468,0,0.0535402362440232,0,13.4368696617468,0.0535402362440232,0.0535402362440232,0.0535402362440232,0.0282079903838013
7.48402930279067,0,0.00968988201586394,0,7.48402930279067,0.00968988201586394,0.00968988201586394,0.00968988201586394,0.0686754083472401
25.9320346135502,0,-0.0232712391594247,0,25.9320346135502,-0.0232712391594247,-0.0232712391594247,-0.0232712391594247,0.0300519735078187
NA,NA,NA,NA,NA,NA,NA,NA,NA
12.0144898669671,0,-0.0304643580877798,0,12.0144898669671,-0.0304643580877798,-0.0304643580877798,-0.0304643580877798,0.0246585875375876
5.59197431763262,0,-0.0578220526680145,0,5.59197431763262,-0.0578220526680145,-0.0578220526680145,-0.0578220526680145,0.0290843221745671
7.10118523761685,0,-0.0285278978712163,0,7.10118523761685,-0.0285278978712163,-0.0285278978712163,-0.0285278978712163,0.0595492352872805
8.39406695268219,0,0.0167837864563465,0,8.39406695268219,0.0167837864563465,0.0167837864563465,0.0167837864563465,0.0322473662392579
6.68163411954067,0,0.0399525800720857,0,6.68163411954067,0.0399525800720857,0.0399525800720857,0.0399525800720857,0.0632642521725607
10.9419857642508,0,-0.0876235523401562,0,10.9419857642508,-0.0876235523401562,-0.0876235523401562,-0.0876235523401562,0.0336377588977628
9.567453602661,0,-0.0130573193727359,0,9.567453602661,-0.0130573193727359,-0.0130573193727359,-0.0130573193727359,0.0264340771076804
9.56764954052794,0,-0.00578932875863998,0,9.56764954052794,-0.00578932875863998,-0.00578932875863998,-0.00578932875863998,0.0288617279537588
9.58796747981615,0,0.00725905880614161,0,9.58796747981615,0.00725905880614161,0.00725905880614161,0.00725905880614161,0.0422687684348916
12.9045618909384,0,-0.020800428050844,0,12.9045618909384,-0.020800428050844,-0.020800428050844,-0.020800428050844,0.00918914559220215
9.03381024943225,0,-0.0258591277728825,0,9.03381024943225,-0.0258591277728825,-0.0258591277728825,-0.0258591277728825,0.0210013285642308
7.292171244769,0,0.0214216184583366,0,7.292171244769,0.0214216184583366,0.0214216184583366,0.0214216184583366,0.00787016036700002
10.6567948708008,0,0.0203455428827325,0,10.6567948708008,0.0203455428827325,0.0203455428827325,0.0203455428827325,0.0367174068081082
15.83958844307,0,0.0399832495665445,0,15.83958844307,0.0399832495665445,0.0399832495665445,0.0399832495665445,0.0130470310288665
17.7014293147066,0,0.0234372077444364,0,17.7014293147066,0.0234372077444364,0.0234372077444364,0.0234372077444364,0.0323786122878216
14.7585414478692,0,-0.0143222744287462,0,14.7585414478692,-0.0143222744287462,-0.0143222744287462,-0.0143222744287462,0.0637816832942033
20.7521231210355,0,-0.0269978295709997,0,20.7521231210355,-0.0269978295709997,-0.0269978295709997,-0.0269978295709997,0.0154926437594917
13.9836050997556,0,-0.0596374353307077,0,13.9836050997556,-0.0596374353307077,-0.0596374353307077,-0.0596374353307077,0.0260159424457815
11.3110693140974,0,0.00982781565554414,0,11.3110693140974,0.00982781565554414,0.00982781565554414,0.00982781565554414,0.0152975413868066
16.5519463473715,0,-0.0850116784148187,0,16.5519463473715,-0.0850116784148187,-0.0850116784148187,-0.0850116784148187,0.0449328569998866
12.3671082351961,0,0.0210231372322994,0,12.3671082351961,0.0210231372322994,0.0210231372322994,0.0210231372322994,0.0160828742749283
12.3654554745313,0,-0.0686880413546458,0,12.3654554745313,-0.0686880413546458,-0.0686880413546458,-0.0686880413546458,0.0513325050706189
19.2556223171704,0,0.0285945738844167,0,19.2556223171704,0.0285945738844167,0.0285945738844167,0.0285945738844167,0.0139726523520546
34.7312424253189,0,0.00360906084633839,0,34.7312424253189,0.00360906084633839,0.00360906084633839,0.00360906084633839,0.017575833019559
54.7209102152747,0,0.0196726221291343,0,54.7209102152747,0.0196726221291343,0.0196726221291343,0.0196726221291343,0.0109274670854921
6.15335383446594,0,0.00868907833362001,0,6.15335383446594,0.00868907833362001,0.00868907833362001,0.00868907833362001,0.148956660150613
8.22166390729103,0,0.0200227074138689,0,8.22166390729103,0.0200227074138689,0.0200227074138689,0.0200227074138689,0.0889316774406693
6.56936523894705,0,-0.0184803687031215,0,6.56936523894705,-0.0184803687031215,-0.0184803687031215,-0.0184803687031215,0.0397871786329299
7.36539602284415,0,-0.0247872150245361,0,7.36539602284415,-0.0247872150245361,-0.0247872150245361,-0.0247872150245361,0.114121672795408
9.34902839864339,0,-0.0319037471830898,0,9.34902839864339,-0.0319037471830898,-0.0319037471830898,-0.0319037471830898,0.0353702402159913
12.5616640281909,0,0.00441577973083164,0,12.5616640281909,0.00441577973083164,0.00441577973083164,0.00441577973083164,0.0138459086615911
10.5411867057519,0,-0.0885790708954701,0,10.5411867057519,-0.0885790708954701,-0.0885790708954701,-0.0885790708954701,0.0320565633703811
10.8363107906744,0,-0.028098390818107,0,10.8363107906744,-0.028098390818107,-0.028098390818107,-0.028098390818107,0.071926050301895
7.60971237336999,0,0.0425196941211018,0,7.60971237336999,0.0425196941211018,0.0425196941211018,0.0425196941211018,0.0675431227803087
7.13153216147587,0,-0.0477446268787778,0,7.13153216147587,-0.0477446268787778,-0.0477446268787778,-0.0477446268787778,0.0691602399134146
11.3171115233183,0,-0.0301299566297987,0,11.3171115233183,-0.0301299566297987,-0.0301299566297987,-0.0301299566297987,0.0549217163119364
12.491172371433,0,0.00616174807970621,0,12.491172371433,0.00616174807970621,0.00616174807970621,0.00616174807970621,0.0405245193389735
17.7574754531964,0,-0.0364542682670167,0,17.7574754531964,-0.0364542682670167,-0.0364542682670167,-0.0364542682670167,0.0437339114285826
23.3384346785706,0,0.0173424537425691,0,23.3384346785706,0.0173424537425691,0.0173424537425691,0.0173424537425691,0.0189266195413323
31.0786588545351,0,-0.104141192155505,0,31.0786588545351,-0.104141192155505,-0.104141192155505,-0.104141192155505,0.0562787835549554
16.8846431378076,0,0.0592246738975235,0,16.8846431378076,0.0592246738975235,0.0592246738975235,0.0592246738975235,0.0580511049145327
123.279980889138,0,0.30509624252595,0,123.279980889138,0.30509624252595,0.30509624252595,0.30509624252595,0.059767195787558
10.8384906759069,0,-0.00221059163205814,0,10.8384906759069,-0.00221059163205814,-0.00221059163205814,-0.00221059163205814,0.0251376149245104
7.87691324476292,0,-0.0704972430897311,0,7.87691324476292,-0.0704972430897311,-0.0704972430897311,-0.0704972430897311,0.0322283121382998
14.6925462604222,0,-0.00458452472707301,0,14.6925462604222,-0.00458452472707301,-0.00458452472707301,-0.00458452472707301,0.0444254697733256
12.6985002447189,0,0.0156151615690587,0,12.6985002447189,0.0156151615690587,0.0156151615690587,0.0156151615690587,0.0344296478282526
14.3972634987083,0,-0.0237118006498921,0,14.3972634987083,-0.0237118006498921,-0.0237118006498921,-0.0237118006498921,0.0295064854269103
14.1514365378187,0,-0.0107350800784212,0,14.1514365378187,-0.0107350800784212,-0.0107350800784212,-0.0107350800784212,0.0554744268805768
27.9381463268887,0,-0.0196646199066465,0,27.9381463268887,-0.0196646199066465,-0.0196646199066465,-0.0196646199066465,0.0266030945529787
24.4728765020316,0,-0.0883766236254439,0,24.4728765020316,-0.0883766236254439,-0.0883766236254439,-0.0883766236254439,0.0473406670453721
13.4368696617468,0,0.0535402362440232,0,13.4368696617468,0.0535402362440232,0.0535402362440232,0.0535402362440232,0.0282079903838013
7.48402930279067,0,0.00968988201586394,0,7.48402930279067,0.00968988201586394,0.00968988201586394,0.00968988201586394,0.0686754083472401
25.9320346135502,0,-0.0232712391594247,0,25.9320346135502,-0.0232712391594247,-0.0232712391594247,-0.0232712391594247,0.0300519735078187
NA,NA,NA,NA,NA,NA,NA,NA,NA
12.0144898669671,0,-0.0304643580877798,0,12.0144898669671,-0.0304643580877798,-0.0304643580877798,-0.0304643580877798,0.0246585875375876
5.59197431763262,0,-0.0578220526680145,0,5.59197431763262,-0.0578220526680145,-0.0578220526680145,-0.0578220526680145,0.0290843221745671
7.10118523761685,0,-0.0285278978712163,0,7.10118523761685,-0.0285278978712163,-0.0285278978712163,-0.0285278978712163,0.0595492352872805
8.39406695268219,0,0.0167837864563465,0,8.39406695268219,0.0167837864563465,0.0167837864563465,0.0167837864563465,0.0322473662392579
6.68163411954067,0,0.0399525800720857,0,6.68163411954067,0.0399525800720857,0.0399525800720857,0.0399525800720857,0.0632642521725607
10.9419857642508,0,-0.0876235523401562,0,10.9419857642508,-0.0876235523401562,-0.0876235523401562,-0.0876235523401562,0.0336377588977628
9.567453602661,0,-0.0130573193727359,0,9.567453602661,-0.0130573193727359,-0.0130573193727359,-0.0130573193727359,0.0264340771076804
9.56764954052794,0,-0.00578932875863998,0,9.56764954052794,-0.00578932875863998,-0.00578932875863998,-0.00578932875863998,0.0288617279537588
9.58796747981615,0,0.00725905880614161,0,9.58796747981615,0.00725905880614161,0.00725905880614161,0.00725905880614161,0.0422687684348916
12.9045618909384,0,-0.020800428050844,0,12.9045618909384,-0.020800428050844,-0.020800428050844,-0.020800428050844,0.00918914559220215
9.03381024943225,0,-0.0258591277728825,0,9.03381024943225,-0.0258591277728825,-0.0258591277728825,-0.0258591277728825,0.0210013285642308
7.292171244769,0,0.0214216184583366,0,7.292171244769,0.0214216184583366,0.0214216184583366,0.0214216184583366,0.00787016036700002
10.6567948708008,0,0.0203455428827325,0,10.6567948708008,0.0203455428827325,0.0203455428827325,0.0203455428827325,0.0367174068081082
15.83958844307,0,0.0399832495665445,0,15.83958844307,0.0399832495665445,0.0399832495665445,0.0399832495665445,0.0130470310288665
17.7014293147066,0,0.0234372077444364,0,17.7014293147066,0.0234372077444364,0.0234372077444364,0.0234372077444364,0.0323786122878216
14.7585414478692,0,-0.0143222744287462,0,14.7585414478692,-0.0143222744287462,-0.0143222744287462,-0.0143222744287462,0.0637816832942033
20.7521231210355,0,-0.0269978295709997,0,20.7521231210355,-0.0269978295709997,-0.0269978295709997,-0.0269978295709997,0.0154926437594917
13.9836050997556,0,-0.0596374353307077,0,13.9836050997556,-0.0596374353307077,-0.0596374353307077,-0.0596374353307077,0.0260159424457815
11.3110693140974,0,0.00982781565554414,0,11.3110693140974,0.00982781565554414,0.00982781565554414,0.00982781565554414,0.0152975413868066
16.5519463473715,0,-0.0850116784148187,0,16.5519463473715,-0.0850116784148187,-0.0850116784148187,-0.0850116784148187,0.0449328569998866
12.3671082351961,0,0.0210231372322994,0,12.3671082351961,0.0210231372322994,0.0210231372322994,0.0210231372322994,0.0160828742749283
12.3654554745313,0,-0.0686880413546458,0,12.3654554745313,-0.0686880413546458,-0.0686880413546458,-0.0686880413546458,0.0513325050706189
19.2556223171704,0,0.0285945738844167,0,19.2556223171704,0.0285945738844167,0.0285945738844167,0.0285945738844167,0.0139726523520546
34.7312424253189,0,0.00360906084633839,0,34.7312424253189,0.00360906084633839,0.00360906084633839,0.00360906084633839,0.017575833019559
54.7209102152747,0,0.0196726221291343,0,54.7209102152747,0.0196726221291343,0.0196726221291343,0.0196726221291343,0.0109274670854921
6.15335383446594,0,0.00868907833362001,0,6.15335383446594,0.00868907833362001,0.00868907833362001,0.00868907833362001,0.148956660150613
8.22166390729103,0,0.0200227074138689,0,8.22166390729103,0.0200227074138689,0.0200227074138689,0.0200227074138689,0.0889316774406693
6.56936523894705,0,-0.0184803687031215,0,6.56936523894705,-0.0184803687031215,-0.0184803687031215,-0.0184803687031215,0.0397871786329299
7.36539602284415,0,-0.0247872150245361,0,7.36539602284415,-0.0247872150245361,-0.0247872150245361,-0.0247872150245361,0.114121672795408
9.34902839864339,0,-0.0319037471830898,0,9.34902839864339,-0.0319037471830898,-0.0319037471830898,-0.0319037471830898,0.0353702402159913
12.5616640281909,0,0.00441577973083164,0,12.5616640281909,0.00441577973083164,0.00441577973083164,0.00441577973083164,0.0138459086615911
10.5411867057519,0,-0.0885790708954701,0,10.5411867057519,-0.0885790708954701,-0.0885790708954701,-0.0885790708954701,0.0320565633703811
10.8363107906744,0,-0.028098390818107,0,10.8363107906744,-0.028098390818107,-0.028098390818107,-0.028098390818107,0.071926050301895
7.60971237336999,0,0.0425196941211018,0,7.60971237336999,0.0425196941211018,0.0425196941211018,0.0425196941211018,0.0675431227803087
7.13153216147587,0,-0.0477446268787778,0,7.13153216147587,-0.0477446268787778,-0.0477446268787778,-0.0477446268787778,0.0691602399134146
11.3171115233183,0,-0.0301299566297987,0,11.3171115233183,-0.0301299566297987,-0.0301299566297987,-0.0301299566297987,0.0549217163119364
12.491172371433,0,0.00616174807970621,0,12.491172371433,0.00616174807970621,0.00616174807970621,0.00616174807970621,0.0405245193389735
17.7574754531964,0,-0.0364542682670167,0,17.7574754531964,-0.0364542682670167,-0.0364542682670167,-0.0364542682670167,0.0437339114285826
23.3384346785706,0,0.0173424537425691,0,23.3384346785706,0.0173424537425691,0.0173424537425691,0.0173424537425691,0.0189266195413323
31.0786588545351,0,-0.104141192155505,0,31.0786588545351,-0.104141192155505,-0.104141192155505,-0.104141192155505,0.0562787835549554
16.8846431378076,0,0.0592246738975235,0,16.8846431378076,0.0592246738975235,0.0592246738975235,0.0592246738975235,0.0580511049145327
123.279980889138,0,0.30509624252595,0,123.279980889138,0.30509624252595,0.30509624252595,0.30509624252595,0.059767195787558
10.8384906759069,0,-0.00221059163205814,0,10.8384906759069,-0.00221059163205814,-0.00221059163205814,-0.00221059163205814,0.0251376149245104
7.87691324476292,0,-0.0704972430897311,0,7.87691324476292,-0.0704972430897311,-0.0704972430897311,-0.0704972430897311,0.0322283121382998
14.6925462604222,0,-0.00458452472707301,0,14.6925462604222,-0.00458452472707301,-0.00458452472707301,-0.00458452472707301,0.0444254697733256
12.6985002447189,0,0.0156151615690587,0,12.6985002447189,0.0156151615690587,0.0156151615690587,0.0156151615690587,0.0344296478282526
14.3972634987083,0,-0.0237118006498921,0,14.3972634987083,-0.0237118006498921,-0.0237118006498921,-0.0237118006498921,0.0295064854269103
14.1514365378187,0,-0.0107350800784212,0,14.1514365378187,-0.0107350800784212,-0.0107350800784212,-0.0107350800784212,0.0554744268805768
27.9381463268887,0,-0.0196646199066465,0,27.9381463268887,-0.0196646199066465,-0.0196646199066465,-0.0196646199066465,0.0266030945529787
24.4728765020316,0,-0.0883766236254439,0,24.4728765020316,-0.0883766236254439,-0.0883766236254439,-0.0883766236254439,0.0473406670453721
13.4368696617468,0,0.0535402362440232,0,13.4368696617468,0.0535402362440232,0.0535402362440232,0.0535402362440232,0.0282079903838013
7.48402930279067,0,0.00968988201586394,0,7.48402930279067,0.00968988201586394,0.00968988201586394,0.00968988201586394,0.0686754083472401
25.9320346135502,0,-0.0232712391594247,0,25.9320346135502,-0.0232712391594247,-0.0232712391594247,-0.0232712391594247,0.0300519735078187
NA,NA,NA,NA,NA,NA,NA,NA,NA
12.0144898669671,0,-0.0304643580877798,0,12.0144898669671,-0.0304643580877798,-0.0304643580877798,-0.0304643580877798,0.0246585875375876
5.59197431763262,0,-0.0578220526680145,0,5.59197431763262,-0.0578220526680145,-0.0578220526680145,-0.0578220526680145,0.0290843221745671
7.10118523761685,0,-0.0285278978712163,0,7.10118523761685,-0.0285278978712163,-0.0285278978712163,-0.0285278978712163,0.0595492352872805
8.39406695268219,0,0.0167837864563465,0,8.39406695268219,0.0167837864563465,0.0167837864563465,0.0167837864563465,0.0322473662392579
6.68163411954067,0,0.0399525800720857,0,6.68163411954067,0.0399525800720857,0.0399525800720857,0.0399525800720857,0.0632642521725607
10.9419857642508,0,-0.0876235523401562,0,10.9419857642508,-0.0876235523401562,-0.0876235523401562,-0.0876235523401562,0.0336377588977628
9.567453602661,0,-0.0130573193727359,0,9.567453602661,-0.0130573193727359,-0.0130573193727359,-0.0130573193727359,0.0264340771076804
9.56764954052794,0,-0.00578932875863998,0,9.56764954052794,-0.00578932875863998,-0.00578932875863998,-0.00578932875863998,0.0288617279537588
9.58796747981615,0,0.00725905880614161,0,9.58796747981615,0.00725905880614161,0.00725905880614161,0.00725905880614161,0.0422687684348916
12.9045618909384,0,-0.020800428050844,0,12.9045618909384,-0.020800428050844,-0.020800428050844,-0.020800428050844,0.00918914559220215
9.03381024943225,0,-0.0258591277728825,0,9.03381024943225,-0.0258591277728825,-0.0258591277728825,-0.0258591277728825,0.0210013285642308
7.292171244769,0,0.0214216184583366,0,7.292171244769,0.0214216184583366,0.0214216184583366,0.0214216184583366,0.00787016036700002
10.6567948708008,0,0.0203455428827325,0,10.6567948708008,0.0203455428827325,0.0203455428827325,0.0203455428827325,0.0367174068081082
15.83958844307,0,0.0399832495665445,0,15.83958844307,0.0399832495665445,0.0399832495665445,0.0399832495665445,0.0130470310288665
17.7014293147066,0,0.0234372077444364,0,17.7014293147066,0.0234372077444364,0.0234372077444364,0.0234372077444364,0.0323786122878216
14.7585414478692,0,-0.0143222744287462,0,14.7585414478692,-0.0143222744287462,-0.0143222744287462,-0.0143222744287462,0.0637816832942033
20.7521231210355,0,-0.0269978295709997,0,20.7521231210355,-0.0269978295709997,-0.0269978295709997,-0.0269978295709997,0.0154926437594917
13.9836050997556,0,-0.0596374353307077,0,13.9836050997556,-0.0596374353307077,-0.0596374353307077,-0.0596374353307077,0.0260159424457815
11.3110693140974,0,0.00982781565554414,0,11.3110693140974,0.00982781565554414,0.00982781565554414,0.00982781565554414,0.0152975413868066
16.5519463473715,0,-0.0850116784148187,0,16.5519463473715,-0.0850116784148187,-0.0850116784148187,-0.0850116784148187,0.0449328569998866
12.3671082351961,0,0.0210231372322994,0,12.3671082351961,0.0210231372322994,0.0210231372322994,0.0210231372322994,0.0160828742749283
12.3654554745313,0,-0.0686880413546458,0,12.3654554745313,-0.0686880413546458,-0.0686880413546458,-0.0686880413546458,0.0513325050706189
19.2556223171704,0,0.0285945738844167,0,19.2556223171704,0.0285945738844167,0.0285945738844167,0.0285945738844167,0.0139726523520546
34.7312424253189,0,0.00360906084633839,0,34.7312424253189,0.00360906084633839,0.00360906084633839,0.00360906084633839,0.017575833019559
54.7209102152747,0,0.0196726221291343,0,54.7209102152747,0.0196726221291343,0.0196726221291343,0.0196726221291343,0.0109274670854921
6.15335383446594,0,0.00868907833362001,0,6.15335383446594,0.00868907833362001,0.00868907833362001,0.00868907833362001,0.148956660150613
8.22166390729103,0,0.0200227074138689,0,8.22166390729103,0.0200227074138689,0.0200227074138689,0.0200227074138689,0.0889316774406693
6.56936523894705,0,-0.0184803687031215,0,6.56936523894705,-0.0184803687031215,-0.0184803687031215,-0.0184803687031215,0.0397871786329299
7.36539602284415,0,-0.0247872150245361,0,7.36539602284415,-0.0247872150245361,-0.0247872150245361,-0.0247872150245361,0.114121672795408
9.34902839864339,0,-0.0319037471830898,0,9.34902839864339,-0.0319037471830898,-0.0319037471830898,-0.0319037471830898,0.0353702402159913
12.5616640281909,0,0.00441577973083164,0,12.5616640281909,0.00441577973083164,0.00441577973083164,0.00441577973083164,0.0138459086615911
10.5411867057519,0,-0.0885790708954701,0,10.5411867057519,-0.0885790708954701,-0.0885790708954701,-0.0885790708954701,0.0320565633703811
10.8363107906744,0,-0.028098390818107,0,10.8363107906744,-0.028098390818107,-0.028098390818107,-0.028098390818107,0.071926050301895
7.60971237336999,0,0.0425196941211018,0,7.60971237336999,0.0425196941211018,0.0425196941211018,0.0425196941211018,0.0675431227803087
7.13153216147587,0,-0.0477446268787778,0,7.13153216147587,-0.0477446268787778,-0.0477446268787778,-0.0477446268787778,0.0691602399134146
11.3171115233183,0,-0.0301299566297987,0,11.3171115233183,-0.0301299566297987,-0.0301299566297987,-0.0301299566297987,0.0549217163119364
12.491172371433,0,0.00616174807970621,0,12.491172371433,0.00616174807970621,0.00616174807970621,0.00616174807970621,0.0405245193389735
17.7574754531964,0,-0.0364542682670167,0,17.7574754531964,-0.0364542682670167,-0.0364542682670167,-0.0364542682670167,0.0437339114285826
23.3384346785706,0,0.0173424537425691,0,23.3384346785706,0.0173424537425691,0.0173424537425691,0.0173424537425691,0.0189266195413323
31.0786588545351,0,-0.104141192155505,0,31.0786588545351,-0.104141192155505,-0.104141192155505,-0.104141192155505,0.0562787835549554
16.8846431378076,0,0.0592246738975235,0,16.8846431378076,0.0592246738975235,0.0592246738975235,0.0592246738975235,0.0580511049145327
123.279980889138,0,0.30509624252595,0,123.279980889138,0.30509624252595,0.30509624252595,0.30509624252595,0.059767195787558
10.8384906759069,0,-0.00221059163205814,0,10.8384906759069,-0.00221059163205814,-0.00221059163205814,-0.00221059163205814,0.0251376149245104
7.87691324476292,0,-0.0704972430897311,0,7.87691324476292,-0.0704972430897311,-0.0704972430897311,-0.0704972430897311,0.0322283121382998
14.6925462604222,0,-0.00458452472707301,0,14.6925462604222,-0.00458452472707301,-0.00458452472707301,-0.00458452472707301,0.0444254697733256
12.6985002447189,0,0.0156151615690587,0,12.6985002447189,0.0156151615690587,0.0156151615690587,0.0156151615690587,0.0344296478282526
14.3972634987083,0,-0.0237118006498921,0,14.3972634987083,-0.0237118006498921,-0.0237118006498921,-0.0237118006498921,0.0295064854269103
14.1514365378187,0,-0.0107350800784212,0,14.1514365378187,-0.0107350800784212,-0.0107350800784212,-0.0107350800784212,0.0554744268805768
27.9381463268887,0,-0.0196646199066465,0,27.9381463268887,-0.0196646199066465,-0.0196646199066465,-0.0196646199066465,0.0266030945529787
24.4728765020316,0,-0.0883766236254439,0,24.4728765020316,-0.0883766236254439,-0.0883766236254439,-0.0883766236254439,0.0473406670453721
13.4368696617468,0,0.0535402362440232,0,13.4368696617468,0.0535402362440232,0.0535402362440232,0.0535402362440232,0.0282079903838013
7.48402930279067,0,0.00968988201586394,0,7.48402930279067,0.00968988201586394,0.00968988201586394,0.00968988201586394,0.0686754083472401
25.9320346135502,0,-0.0232712391594247,0,25.9320346135502,-0.0232712391594247,-0.0232712391594247,-0.0232712391594247,0.0300519735078187
NA,NA,NA,NA,NA,NA,NA,NA,NA
12.0144898669671,0,-0.0304643580877798,0,12.0144898669671,-0.0304643580877798,-0.0304643580877798,-0.0304643580877798,0.0246585875375876
5.59197431763262,0,-0.0578220526680145,0,5.59197431763262,-0.0578220526680145,-0.0578220526680145,-0.0578220526680145,0.0290843221745671
7.10118523761685,0,-0.0285278978712163,0,7.10118523761685,-0.0285278978712163,-0.0285278978712163,-0.0285278978712163,0.0595492352872805
8.39406695268219,0,0.0167837864563465,0,8.39406695268219,0.0167837864563465,0.0167837864563465,0.0167837864563465,0.0322473662392579
6.68163411954067,0,0.0399525800720857,0,6.68163411954067,0.0399525800720857,0.0399525800720857,0.0399525800720857,0.0632642521725607
10.9419857642508,0,-0.0876235523401562,0,10.9419857642508,-0.0876235523401562,-0.0876235523401562,-0.0876235523401562,0.0336377588977628
9.567453602661,0,-0.0130573193727359,0,9.567453602661,-0.0130573193727359,-0.0130573193727359,-0.0130573193727359,0.0264340771076804
9.56764954052794,0,-0.00578932875863998,0,9.56764954052794,-0.00578932875863998,-0.00578932875863998,-0.00578932875863998,0.0288617279537588
9.58796747981615,0,0.00725905880614161,0,9.58796747981615,0.00725905880614161,0.00725905880614161,0.00725905880614161,0.0422687684348916
12.9045618909384,0,-0.020800428050844,0,12.9045618909384,-0.020800428050844,-0.020800428050844,-0.020800428050844,0.00918914559220215
9.03381024943225,0,-0.0258591277728825,0,9.03381024943225,-0.0258591277728825,-0.0258591277728825,-0.0258591277728825,0.0210013285642308
7.292171244769,0,0.0214216184583366,0,7.292171244769,0.0214216184583366,0.0214216184583366,0.0214216184583366,0.00787016036700002
10.6567948708008,0,0.0203455428827325,0,10.6567948708008,0.0203455428827325,0.0203455428827325,0.0203455428827325,0.0367174068081082
15.83958844307,0,0.0399832495665445,0,15.83958844307,0.0399832495665445,0.0399832495665445,0.0399832495665445,0.0130470310288665
17.7014293147066,0,0.0234372077444364,0,17.7014293147066,0.0234372077444364,0.0234372077444364,0.0234372077444364,0.0323786122878216
14.7585414478692,0,-0.0143222744287462,0,14.7585414478692,-0.0143222744287462,-0.0143222744287462,-0.0143222744287462,0.0637816832942033
20.7521231210355,0,-0.0269978295709997,0,20.7521231210355,-0.0269978295709997,-0.0269978295709997,-0.0269978295709997,0.0154926437594917
13.9836050997556,0,-0.0596374353307077,0,13.9836050997556,-0.0596374353307077,-0.0596374353307077,-0.0596374353307077,0.0260159424457815
11.3110693140974,0,0.00982781565554414,0,11.3110693140974,0.00982781565554414,0.00982781565554414,0.00982781565554414,0.0152975413868066
16.5519463473715,0,-0.0850116784148187,0,16.5519463473715,-0.0850116784148187,-0.0850116784148187,-0.0850116784148187,0.0449328569998866
12.3671082351961,0,0.0210231372322994,0,12.3671082351961,0.0210231372322994,0.0210231372322994,0.0210231372322994,0.0160828742749283
12.3654554745313,0,-0.0686880413546458,0,12.3654554745313,-0.0686880413546458,-0.0686880413546458,-0.0686880413546458,0.0513325050706189
19.2556223171704,0,0.0285945738844167,0,19.2556223171704,0.0285945738844167,0.0285945738844167,0.0285945738844167,0.0139726523520546
34.7312424253189,0,0.00360906084633839,0,34.7312424253189,0.00360906084633839,0.00360906084633839,0.00360906084633839,0.017575833019559
54.7209102152747,0,0.0196726221291343,0,54.7209102152747,0.0196726221291343,0.0196726221291343,0.0196726221291343,0.0109274670854921
6.15335383446594,0,0.00868907833362001,0,6.15335383446594,0.00868907833362001,0.00868907833362001,0.00868907833362001,0.148956660150613
8.22166390729103,0,0.0200227074138689,0,8.22166390729103,0.0200227074138689,0.0200227074138689,0.0200227074138689,0.0889316774406693
6.56936523894705,0,-0.0184803687031215,0,6.56936523894705,-0.0184803687031215,-0.0184803687031215,-0.0184803687031215,0.0397871786329299
7.36539602284415,0,-0.0247872150245361,0,7.36539602284415,-0.0247872150245361,-0.0247872150245361,-0.0247872150245361,0.114121672795408
9.34902839864339,0,-0.0319037471830898,0,9.34902839864339,-0.0319037471830898,-0.0319037471830898,-0.0319037471830898,0.0353702402159913
12.5616640281909,0,0.00441577973083164,0,12.5616640281909,0.00441577973083164,0.00441577973083164,0.00441577973083164,0.0138459086615911
10.5411867057519,0,-0.0885790708954701,0,10.5411867057519,-0.0885790708954701,-0.0885790708954701,-0.0885790708954701,0.0320565633703811
10.8363107906744,0,-0.028098390818107,0,10.8363107906744,-0.028098390818107,-0.028098390818107,-0.028098390818107,0.071926050301895
7.60971237336999,0,0.0425196941211018,0,7.60971237336999,0.0425196941211018,0.0425196941211018,0.0425196941211018,0.0675431227803087
7.13153216147587,0,-0.0477446268787778,0,7.13153216147587,-0.0477446268787778,-0.0477446268787778,-0.0477446268787778,0.0691602399134146
11.3171115233183,0,-0.0301299566297987,0,11.3171115233183,-0.0301299566297987,-0.0301299566297987,-0.0301299566297987,0.0549217163119364
12.491172371433,0,0.00616174807970621,0,12.491172371433,0.00616174807970621,0.00616174807970621,0.00616174807970621,0.0405245193389735
17.7574754531964,0,-0.0364542682670167,0,17.7574754531964,-0.0364542682670167,-0.0364542682670167,-0.0364542682670167,0.0437339114285826
23.3384346785706,0,0.0173424537425691,0,23.3384346785706,0.0173424537425691,0.0173424537425691,0.0173424537425691,0.0189266195413323
31.0786588545351,0,-0.104141192155505,0,31.0786588545351,-0.104141192155505,-0.104141192155505,-0.104141192155505,0.0562787835549554
16.8846431378076,0,0.0592246738975235,0,16.8846431378076,0.0592246738975235,0.0592246738975235,0.0592246738975235,0.0580511049145327
123.279980889138,0,0.30509624252595,0,123.279980889138,0.30509624252595,0.30509624252595,0.30509624252595,0.059767195787558
10.8384906759069,0,-0.00221059163205814,0,10.8384906759069,-0.00221059163205814,-0.00221059163205814,-0.00221059163205814,0.0251376149245104
7.87691324476292,0,-0.0704972430897311,0,7.87691324476292,-0.0704972430897311,-0.0704972430897311,-0.0704972430897311,0.0322283121382998
14.6925462604222,0,-0.00458452472707301,0,14.6925462604222,-0.00458452472707301,-0.00458452472707301,-0.00458452472707301,0.0444254697733256
12.6985002447189,0,0.0156151615690587,0,12.6985002447189,0.0156151615690587,0.0156151615690587,0.0156151615690587,0.0344296478282526
14.3972634987083,0,-0.0237118006498921,0,14.3972634987083,-0.0237118006498921,-0.0237118006498921,-0.0237118006498921,0.0295064854269103
14.1514365378187,0,-0.0107350800784212,0,14.1514365378187,-0.0107350800784212,-0.0107350800784212,-0.0107350800784212,0.0554744268805768
27.9381463268887,0,-0.0196646199066465,0,27.9381463268887,-0.0196646199066465,-0.0196646199066465,-0.0196646199066465,0.0266030945529787
24.4728765020316,0,-0.0883766236254439,0,24.4728765020316,-0.0883766236254439,-0.0883766236254439,-0.0883766236254439,0.0473406670453721
13.4368696617468,0,0.0535402362440232,0,13.4368696617468,0.0535402362440232,0.0535402362440232,0.0535402362440232,0.0282079903838013
7.48402930279067,0,0.00968988201586394,0,7.48402930279067,0.00968988201586394,0.00968988201586394,0.00968988201586394,0.0686754083472401
25.9320346135502,0,-0.0232712391594247,0,25.9320346135502,-0.0232712391594247,-0.0232712391594247,-0.0232712391594247,0.0300519735078187
NA,NA,NA,NA,NA,NA,NA,NA,NA
12.0144898669671,0,-0.0304643580877798,0,12.0144898669671,-0.0304643580877798,-0.0304643580877798,-0.0304643580877798,0.0246585875375876
5.59197431763262,0,-0.0578220526680145,0,5.59197431763262,-0.0578220526680145,-0.0578220526680145,-0.0578220526680145,0.0290843221745671
7.10118523761685,0,-0.0285278978712163,0,7.10118523761685,-0.0285278978712163,-0.0285278978712163,-0.0285278978712163,0.0595492352872805
8.39406695268219,0,0.0167837864563465,0,8.39406695268219,0.0167837864563465,0.0167837864563465,0.0167837864563465,0.0322473662392579
6.68163411954067,0,0.0399525800720857,0,6.68163411954067,0.0399525800720857,0.0399525800720857,0.0399525800720857,0.0632642521725607
10.9419857642508,0,-0.0876235523401562,0,10.9419857642508,-0.0876235523401562,-0.0876235523401562,-0.0876235523401562,0.0336377588977628
9.567453602661,0,-0.0130573193727359,0,9.567453602661,-0.0130573193727359,-0.0130573193727359,-0.0130573193727359,0.0264340771076804
9.56764954052794,0,-0.00578932875863998,0,9.56764954052794,-0.00578932875863998,-0.00578932875863998,-0.00578932875863998,0.0288617279537588
9.58796747981615,0,0.00725905880614161,0,9.58796747981615,0.00725905880614161,0.00725905880614161,0.00725905880614161,0.0422687684348916
12.9045618909384,0,-0.020800428050844,0,12.9045618909384,-0.020800428050844,-0.020800428050844,-0.020800428050844,0.00918914559220215
9.03381024943225,0,-0.0258591277728825,0,9.03381024943225,-0.0258591277728825,-0.0258591277728825,-0.0258591277728825,0.0210013285642308
7.292171244769,0,0.0214216184583366,0,7.292171244769,0.0214216184583366,0.0214216184583366,0.0214216184583366,0.00787016036700002
10.6567948708008,0,0.0203455428827325,0,10.6567948708008,0.0203455428827325,0.0203455428827325,0.0203455428827325,0.0367174068081082
15.83958844307,0,0.0399832495665445,0,15.83958844307,0.0399832495665445,0.0399832495665445,0.0399832495665445,0.0130470310288665
17.7014293147066,0,0.0234372077444364,0,17.7014293147066,0.0234372077444364,0.0234372077444364,0.0234372077444364,0.0323786122878216
14.7585414478692,0,-0.0143222744287462,0,14.7585414478692,-0.0143222744287462,-0.0143222744287462,-0.0143222744287462,0.0637816832942033
20.7521231210355,0,-0.0269978295709997,0,20.7521231210355,-0.0269978295709997,-0.0269978295709997,-0.0269978295709997,0.0154926437594917
13.9836050997556,0,-0.0596374353307077,0,13.9836050997556,-0.0596374353307077,-0.0596374353307077,-0.0596374353307077,0.0260159424457815
11.3110693140974,0,0.00982781565554414,0,11.3110693140974,0.00982781565554414,0.00982781565554414,0.00982781565554414,0.0152975413868066
16.5519463473715,0,-0.0850116784148187,0,16.5519463473715,-0.0850116784148187,-0.0850116784148187,-0.0850116784148187,0.0449328569998866
12.3671082351961,0,0.0210231372322994,0,12.3671082351961,0.0210231372322994,0.0210231372322994,0.0210231372322994,0.0160828742749283
12.3654554745313,0,-0.0686880413546458,0,12.3654554745313,-0.0686880413546458,-0.0686880413546458,-0.0686880413546458,0.0513325050706189
19.2556223171704,0,0.0285945738844167,0,19.2556223171704,0.0285945738844167,0.0285945738844167,0.0285945738844167,0.0139726523520546
34.7312424253189,0,0.00360906084633839,0,34.7312424253189,0.00360906084633839,0.00360906084633839,0.00360906084633839,0.017575833019559
54.7209102152747,0,0.0196726221291343,0,54.7209102152747,0.0196726221291343,0.0196726221291343,0.0196726221291343,0.0109274670854921
6.15335383446594,0,0.00868907833362001,0,6.15335383446594,0.00868907833362001,0.00868907833362001,0.00868907833362001,0.148956660150613
8.22166390729103,0,0.0200227074138689,0,8.22166390729103,0.0200227074138689,0.0200227074138689,0.0200227074138689,0.0889316774406693
6.56936523894705,0,-0.0184803687031215,0,6.56936523894705,-0.0184803687031215,-0.0184803687031215,-0.0184803687031215,0.0397871786329299
7.36539602284415,0,-0.0247872150245361,0,7.36539602284415,-0.0247872150245361,-0.0247872150245361,-0.0247872150245361,0.114121672795408
9.34902839864339,0,-0.0319037471830898,0,9.34902839864339,-0.0319037471830898,-0.0319037471830898,-0.0319037471830898,0.0353702402159913
12.5616640281909,0,0.00441577973083164,0,12.5616640281909,0.00441577973083164,0.00441577973083164,0.00441577973083164,0.0138459086615911
10.5411867057519,0,-0.0885790708954701,0,10.5411867057519,-0.0885790708954701,-0.0885790708954701,-0.0885790708954701,0.0320565633703811
10.8363107906744,0,-0.028098390818107,0,10.8363107906744,-0.028098390818107,-0.028098390818107,-0.028098390818107,0.071926050301895
7.60971237336999,0,0.0425196941211018,0,7.60971237336999,0.0425196941211018,0.0425196941211018,0.0425196941211018,0.0675431227803087
7.13153216147587,0,-0.0477446268787778,0,7.13153216147587,-0.0477446268787778,-0.0477446268787778,-0.0477446268787778,0.0691602399134146
11.3171115233183,0,-0.0301299566297987,0,11.3171115233183,-0.0301299566297987,-0.0301299566297987,-0.0301299566297987,0.0549217163119364
12.491172371433,0,0.00616174807970621,0,12.491172371433,0.00616174807970621,0.00616174807970621,0.00616174807970621,0.0405245193389735
17.7574754531964,0,-0.0364542682670167,0,17.7574754531964,-0.0364542682670167,-0.0364542682670167,-0.0364542682670167,0.0437339114285826
23.3384346785706,0,0.0173424537425691,0,23.3384346785706,0.0173424537425691,0.0173424537425691,0.0173424537425691,0.0189266195413323
31.0786588545351,0,-0.104141192155505,0,31.0786588545351,-0.104141192155505,-0.104141192155505,-0.104141192155505,0.0562787835549554
16.8846431378076,0,0.0592246738975235,0,16.8846431378076,0.0592246738975235,0.0592246738975235,0.0592246738975235,0.0580511049145327
123.279980889138,0,0.30509624252595,0,123.279980889138,0.30509624252595,0.30509624252595,0.30509624252595,0.059767195787558
10.8384906759069,0,-0.00221059163205814,0,10.8384906759069,-0.00221059163205814,-0.00221059163205814,-0.00221059163205814,0.0251376149245104
7.87691324476292,0,-0.0704972430897311,0,7.87691324476292,-0.0704972430897311,-0.0704972430897311,-0.0704972430897311,0.0322283121382998
14.6925462604222,0,-0.00458452472707301,0,14.6925462604222,-0.00458452472707301,-0.00458452472707301,-0.00458452472707301,0.0444254697733256
12.6985002447189,0,0.0156151615690587,0,12.6985002447189,0.0156151615690587,0.0156151615690587,0.0156151615690587,0.0344296478282526
14.3972634987083,0,-0.0237118006498921,0,14.3972634987083,-0.0237118006498921,-0.0237118006498921,-0.0237118006498921,0.0295064854269103
14.1514365378187,0,-0.0107350800784212,0,14.1514365378187,-0.0107350800784212,-0.0107350800784212,-0.0107350800784212,0.0554744268805768
27.9381463268887,0,-0.0196646199066465,0,27.9381463268887,-0.0196646199066465,-0.0196646199066465,-0.0196646199066465,0.0266030945529787
24.4728765020316,0,-0.0883766236254439,0,24.4728765020316,-0.0883766236254439,-0.0883766236254439,-0.0883766236254439,0.0473406670453721
13.4368696617468,0,0.0535402362440232,0,13.4368696617468,0.0535402362440232,0.0535402362440232,0.0535402362440232,0.0282079903838013
7.48402930279067,0,0.00968988201586394,0,7.48402930279067,0.00968988201586394,0.00968988201586394,0.00968988201586394,0.0686754083472401
25.9320346135502,0,-0.0232712391594247,0,25.9320346135502,-0.0232712391594247,-0.0232712391594247,-0.0232712391594247,0.0300519735078187
NA,NA,NA,NA,NA,NA,NA,NA,NA
12.0144898669671,0,-0.0304643580877798,0,12.0144898669671,-0.0304643580877798,-0.0304643580877798,-0.0304643580877798,0.0246585875375876
5.59197431763262,0,-0.0578220526680145,0,5.59197431763262,-0.0578220526680145,-0.0578220526680145,-0.0578220526680145,0.0290843221745671
7.10118523761685,0,-0.0285278978712163,0,7.10118523761685,-0.0285278978712163,-0.0285278978712163,-0.0285278978712163,0.0595492352872805
8.39406695268219,0,0.0167837864563465,0,8.39406695268219,0.0167837864563465,0.0167837864563465,0.0167837864563465,0.0322473662392579
6.68163411954067,0,0.0399525800720857,0,6.68163411954067,0.0399525800720857,0.0399525800720857,0.0399525800720857,0.0632642521725607
10.9419857642508,0,-0.0876235523401562,0,10.9419857642508,-0.0876235523401562,-0.0876235523401562,-0.0876235523401562,0.0336377588977628
9.567453602661,0,-0.0130573193727359,0,9.567453602661,-0.0130573193727359,-0.0130573193727359,-0.0130573193727359,0.0264340771076804
9.56764954052794,0,-0.00578932875863998,0,9.56764954052794,-0.00578932875863998,-0.00578932875863998,-0.00578932875863998,0.0288617279537588
9.58796747981615,0,0.00725905880614161,0,9.58796747981615,0.00725905880614161,0.00725905880614161,0.00725905880614161,0.0422687684348916
12.9045618909384,0,-0.020800428050844,0,12.9045618909384,-0.020800428050844,-0.020800428050844,-0.020800428050844,0.00918914559220215
9.03381024943225,0,-0.0258591277728825,0,9.03381024943225,-0.0258591277728825,-0.0258591277728825,-0.0258591277728825,0.0210013285642308
7.292171244769,0,0.0214216184583366,0,7.292171244769,0.0214216184583366,0.0214216184583366,0.0214216184583366,0.00787016036700002
10.6567948708008,0,0.0203455428827325,0,10.6567948708008,0.0203455428827325,0.0203455428827325,0.0203455428827325,0.0367174068081082
15.83958844307,0,0.0399832495665445,0,15.83958844307,0.0399832495665445,0.0399832495665445,0.0399832495665445,0.0130470310288665
17.7014293147066,0,0.0234372077444364,0,17.7014293147066,0.0234372077444364,0.0234372077444364,0.0234372077444364,0.0323786122878216
14.7585414478692,0,-0.0143222744287462,0,14.7585414478692,-0.0143222744287462,-0.0143222744287462,-0.0143222744287462,0.0637816832942033
20.7521231210355,0,-0.0269978295709997,0,20.7521231210355,-0.0269978295709997,-0.0269978295709997,-0.0269978295709997,0.0154926437594917
13.9836050997556,0,-0.0596374353307077,0,13.9836050997556,-0.0596374353307077,-0.0596374353307077,-0.0596374353307077,0.0260159424457815
11.3110693140974,0,0.00982781565554414,0,11.3110693140974,0.00982781565554414,0.00982781565554414,0.00982781565554414,0.0152975413868066
16.5519463473715,0,-0.0850116784148187,0,16.5519463473715,-0.0850116784148187,-0.0850116784148187,-0.0850116784148187,0.0449328569998866
12.3671082351961,0,0.0210231372322994,0,12.3671082351961,0.0210231372322994,0.0210231372322994,0.0210231372322994,0.0160828742749283
12.3654554745313,0,-0.0686880413546458,0,12.3654554745313,-0.0686880413546458,-0.0686880413546458,-0.0686880413546458,0.0513325050706189
19.2556223171704,0,0.0285945738844167,0,19.2556223171704,0.0285945738844167,0.0285945738844167,0.0285945738844167,0.0139726523520546
34.7312424253189,0,0.00360906084633839,0,34.7312424253189,0.00360906084633839,0.00360906084633839,0.00360906084633839,0.017575833019559
54.7209102152747,0,0.0196726221291343,0,54.7209102152747,0.0196726221291343,0.0196726221291343,0.0196726221291343,0.0109274670854921
6.15335383446594,0,0.00868907833362001,0,6.15335383446594,0.00868907833362001,0.00868907833362001,0.00868907833362001,0.148956660150613
8.22166390729103,0,0.0200227074138689,0,8.22166390729103,0.0200227074138689,0.0200227074138689,0.0200227074138689,0.0889316774406693
6.56936523894705,0,-0.0184803687031215,0,6.56936523894705,-0.0184803687031215,-0.0184803687031215,-0.0184803687031215,0.0397871786329299
7.36539602284415,0,-0.0247872150245361,0,7.36539602284415,-0.0247872150245361,-0.0247872150245361,-0.0247872150245361,0.114121672795408
9.34902839864339,0,-0.0319037471830898,0,9.34902839864339,-0.0319037471830898,-0.0319037471830898,-0.0319037471830898,0.0353702402159913
12.5616640281909,0,0.00441577973083164,0,12.5616640281909,0.00441577973083164,0.00441577973083164,0.00441577973083164,0.0138459086615911
10.5411867057519,0,-0.0885790708954701,0,10.5411867057519,-0.0885790708954701,-0.0885790708954701,-0.0885790708954701,0.0320565633703811
10.8363107906744,0,-0.028098390818107,0,10.8363107906744,-0.028098390818107,-0.028098390818107,-0.028098390818107,0.071926050301895
7.60971237336999,0,0.0425196941211018,0,7.60971237336999,0.0425196941211018,0.0425196941211018,0.0425196941211018,0.0675431227803087
7.13153216147587,0,-0.0477446268787778,0,7.13153216147587,-0.0477446268787778,-0.0477446268787778,-0.0477446268787778,0.0691602399134146
11.3171115233183,0,-0.0301299566297987,0,11.3171115233183,-0.0301299566297987,-0.0301299566297987,-0.0301299566297987,0.0549217163119364
12.491172371433,0,0.00616174807970621,0,12.491172371433,0.00616174807970621,0.00616174807970621,0.00616174807970621,0.0405245193389735
17.7574754531964,0,-0.0364542682670167,0,17.7574754531964,-0.0364542682670167,-0.0364542682670167,-0.0364542682670167,0.0437339114285826
23.3384346785706,0,0.0173424537425691,0,23.3384346785706,0.0173424537425691,0.0173424537425691,0.0173424537425691,0.0189266195413323
31.0786588545351,0,-0.104141192155505,0,31.0786588545351,-0.104141192155505,-0.104141192155505,-0.104141192155505,0.0562787835549554
16.8846431378076,0,0.0592246738975235,0,16.8846431378076,0.0592246738975235,0.0592246738975235,0.0592246738975235,0.0580511049145327
123.279980889138,0,0.30509624252595,0,123.279980889138,0.30509624252595,0.30509624252595,0.30509624252595,0.059767195787558
10.8384906759069,0,-0.00221059163205814,0,10.8384906759069,-0.00221059163205814,-0.00221059163205814,-0.00221059163205814,0.0251376149245104
7.87691324476292,0,-0.0704972430897311,0,7.87691324476292,-0.0704972430897311,-0.0704972430897311,-0.0704972430897311,0.0322283121382998
14.6925462604222,0,-0.00458452472707301,0,14.6925462604222,-0.00458452472707301,-0.00458452472707301,-0.00458452472707301,0.0444254697733256
12.6985002447189,0,0.0156151615690587,0,12.6985002447189,0.0156151615690587,0.0156151615690587,0.0156151615690587,0.0344296478282526
14.3972634987083,0,-0.0237118006498921,0,14.3972634987083,-0.0237118006498921,-0.0237118006498921,-0.0237118006498921,0.0295064854269103
14.1514365378187,0,-0.0107350800784212,0,14.1514365378187,-0.0107350800784212,-0.0107350800784212,-0.0107350800784212,0.0554744268805768
27.9381463268887,0,-0.0196646199066465,0,27.9381463268887,-0.0196646199066465,-0.0196646199066465,-0.0196646199066465,0.0266030945529787
24.4728765020316,0,-0.0883766236254439,0,24.4728765020316,-0.0883766236254439,-0.0883766236254439,-0.0883766236254439,0.0473406670453721
13.4368696617468,0,0.0535402362440232,0,13.4368696617468,0.0535402362440232,0.0535402362440232,0.0535402362440232,0.0282079903838013
7.48402930279067,0,0.00968988201586394,0,7.48402930279067,0.00968988201586394,0.00968988201586394,0.00968988201586394,0.0686754083472401
25.9320346135502,0,-0.0232712391594247,0,25.9320346135502,-0.0232712391594247,-0.0232712391594247,-0.0232712391594247,0.0300519735078187
NA,NA,NA,NA,NA,NA,NA,NA,NA
12.0144898669671,0,-0.0304643580877798,0,12.0144898669671,-0.0304643580877798,-0.0304643580877798,-0.0304643580877798,0.0246585875375876
5.59197431763262,0,-0.0578220526680145,0,5.59197431763262,-0.0578220526680145,-0.0578220526680145,-0.0578220526680145,0.0290843221745671
7.10118523761685,0,-0.0285278978712163,0,7.10118523761685,-0.0285278978712163,-0.0285278978712163,-0.0285278978712163,0.0595492352872805
8.39406695268219,0,0.0167837864563465,0,8.39406695268219,0.0167837864563465,0.0167837864563465,0.0167837864563465,0.0322473662392579
6.68163411954067,0,0.0399525800720857,0,6.68163411954067,0.0399525800720857,0.0399525800720857,0.0399525800720857,0.0632642521725607
10.9419857642508,0,-0.0876235523401562,0,10.9419857642508,-0.0876235523401562,-0.0876235523401562,-0.0876235523401562,0.0336377588977628
9.567453602661,0,-0.0130573193727359,0,9.567453602661,-0.0130573193727359,-0.0130573193727359,-0.0130573193727359,0.0264340771076804
9.56764954052794,0,-0.00578932875863998,0,9.56764954052794,-0.00578932875863998,-0.00578932875863998,-0.00578932875863998,0.0288617279537588
9.58796747981615,0,0.00725905880614161,0,9.58796747981615,0.00725905880614161,0.00725905880614161,0.00725905880614161,0.0422687684348916
12.9045618909384,0,-0.020800428050844,0,12.9045618909384,-0.020800428050844,-0.020800428050844,-0.020800428050844,0.00918914559220215
9.03381024943225,0,-0.0258591277728825,0,9.03381024943225,-0.0258591277728825,-0.0258591277728825,-0.0258591277728825,0.0210013285642308
7.292171244769,0,0.0214216184583366,0,7.292171244769,0.0214216184583366,0.0214216184583366,0.0214216184583366,0.00787016036700002
10.6567948708008,0,0.0203455428827325,0,10.6567948708008,0.0203455428827325,0.0203455428827325,0.0203455428827325,0.0367174068081082
15.83958844307,0,0.0399832495665445,0,15.83958844307,0.0399832495665445,0.0399832495665445,0.0399832495665445,0.0130470310288665
17.7014293147066,0,0.0234372077444364,0,17.7014293147066,0.0234372077444364,0.0234372077444364,0.0234372077444364,0.0323786122878216
14.7585414478692,0,-0.0143222744287462,0,14.7585414478692,-0.0143222744287462,-0.0143222744287462,-0.0143222744287462,0.0637816832942033
20.7521231210355,0,-0.0269978295709997,0,20.7521231210355,-0.0269978295709997,-0.0269978295709997,-0.0269978295709997,0.0154926437594917
13.9836050997556,0,-0.0596374353307077,0,13.9836050997556,-0.0596374353307077,-0.0596374353307077,-0.0596374353307077,0.0260159424457815
11.3110693140974,0,0.00982781565554414,0,11.3110693140974,0.00982781565554414,0.00982781565554414,0.00982781565554414,0.0152975413868066
16.5519463473715,0,-0.0850116784148187,0,16.5519463473715,-0.0850116784148187,-0.0850116784148187,-0.0850116784148187,0.0449328569998866
12.3671082351961,0,0.0210231372322994,0,12.3671082351961,0.0210231372322994,0.0210231372322994,0.0210231372322994,0.0160828742749283
12.3654554745313,0,-0.0686880413546458,0,12.3654554745313,-0.0686880413546458,-0.0686880413546458,-0.0686880413546458,0.0513325050706189
19.2556223171704,0,0.0285945738844167,0,19.2556223171704,0.0285945738844167,0.0285945738844167,0.0285945738844167,0.0139726523520546
34.7312424253189,0,0.00360906084633839,0,34.7312424253189,0.00360906084633839,0.00360906084633839,0.00360906084633839,0.017575833019559
54.7209102152747,0,0.0196726221291343,0,54.7209102152747,0.0196726221291343,0.0196726221291343,0.0196726221291343,0.0109274670854921
6.15335383446594,0,0.00868907833362001,0,6.15335383446594,0.00868907833362001,0.00868907833362001,0.00868907833362001,0.148956660150613
8.22166390729103,0,0.0200227074138689,0,8.22166390729103,0.0200227074138689,0.0200227074138689,0.0200227074138689,0.0889316774406693
6.56936523894705,0,-0.0184803687031215,0,6.56936523894705,-0.0184803687031215,-0.0184803687031215,-0.0184803687031215,0.0397871786329299
7.36539602284415,0,-0.0247872150245361,0,7.36539602284415,-0.0247872150245361,-0.0247872150245361,-0.0247872150245361,0.114121672795408
9.34902839864339,0,-0.0319037471830898,0,9.34902839864339,-0.0319037471830898,-0.0319037471830898,-0.0319037471830898,0.0353702402159913
12.5616640281909,0,0.00441577973083164,0,12.5616640281909,0.00441577973083164,0.00441577973083164,0.00441577973083164,0.0138459086615911
10.5411867057519,0,-0.0885790708954701,0,10.5411867057519,-0.0885790708954701,-0.0885790708954701,-0.0885790708954701,0.0320565633703811
10.8363107906744,0,-0.028098390818107,0,10.8363107906744,-0.028098390818107,-0.028098390818107,-0.028098390818107,0.071926050301895
7.60971237336999,0,0.0425196941211018,0,7.60971237336999,0.0425196941211018,0.0425196941211018,0.0425196941211018,0.0675431227803087
7.13153216147587,0,-0.0477446268787778,0,7.13153216147587,-0.0477446268787778,-0.0477446268787778,-0.0477446268787778,0.0691602399134146
11.3171115233183,0,-0.0301299566297987,0,11.3171115233183,-0.0301299566297987,-0.0301299566297987,-0.0301299566297987,0.0549217163119364
12.491172371433,0,0.00616174807970621,0,12.491172371433,0.00616174807970621,0.00616174807970621,0.00616174807970621,0.0405245193389735
17.7574754531964,0,-0.0364542682670167,0,17.7574754531964,-0.0364542682670167,-0.0364542682670167,-0.0364542682670167,0.0437339114285826
23.3384346785706,0,0.0173424537425691,0,23.3384346785706,0.0173424537425691,0.0173424537425691,0.0173424537425691,0.0189266195413323
31.0786588545351,0,-0.104141192155505,0,31.0786588545351,-0.104141192155505,-0.104141192155505,-0.104141192155505,0.0562787835549554
16.8846431378076,0,0.0592246738975235,0,16.8846431378076,0.0592246738975235,0.0592246738975235,0.0592246738975235,0.0580511049145327
123.279980889138,0,0.30509624252595,0,123.279980889138,0.30509624252595,0.30509624252595,0.30509624252595,0.059767195787558
10.8384906759069,0,-0.00221059163205814,0,10.8384906759069,-0.00221059163205814,-0.00221059163205814,-0.00221059163205814,0.0251376149245104
7.87691324476292,0,-0.0704972430897311,0,7.87691324476292,-0.0704972430897311,-0.0704972430897311,-0.0704972430897311,0.0322283121382998
14.6925462604222,0,-0.00458452472707301,0,14.6925462604222,-0.00458452472707301,-0.00458452472707301,-0.00458452472707301,0.0444254697733256
12.6985002447189,0,0.0156151615690587,0,12.6985002447189,0.0156151615690587,0.0156151615690587,0.0156151615690587,0.0344296478282526
14.3972634987083,0,-0.0237118006498921,0,14.3972634987083,-0.0237118006498921,-0.0237118006498921,-0.0237118006498921,0.0295064854269103
14.1514365378187,0,-0.0107350800784212,0,14.1514365378187,-0.0107350800784212,-0.0107350800784212,-0.0107350800784212,0.0554744268805768
27.9381463268887,0,-0.0196646199066465,0,27.9381463268887,-0.0196646199066465,-0.0196646199066465,-0.0196646199066465,0.0266030945529787
24.4728765020316,0,-0.0883766236254439,0,24.4728765020316,-0.0883766236254439,-0.0883766236254439,-0.0883766236254439,0.0473406670453721
13.4368696617468,0,0.0535402362440232,0,13.4368696617468,0.0535402362440232,0.0535402362440232,0.0535402362440232,0.0282079903838013
7.48402930279067,0,0.00968988201586394,0,7.48402930279067,0.00968988201586394,0.00968988201586394,0.00968988201586394,0.0686754083472401
25.9320346135502,0,-0.0232712391594247,0,25.9320346135502,-0.0232712391594247,-0.0232712391594247,-0.0232712391594247,0.0300519735078187
NA,NA,NA,NA,NA,NA,NA,NA,NA
12.0144898669671,0,-0.0304643580877798,0,12.0144898669671,-0.0304643580877798,-0.0304643580877798,-0.0304643580877798,0.0246585875375876
5.59197431763262,0,-0.0578220526680145,0,5.59197431763262,-0.0578220526680145,-0.0578220526680145,-0.0578220526680145,0.0290843221745671
7.10118523761685,0,-0.0285278978712163,0,7.10118523761685,-0.0285278978712163,-0.0285278978712163,-0.0285278978712163,0.0595492352872805
8.39406695268219,0,0.0167837864563465,0,8.39406695268219,0.0167837864563465,0.0167837864563465,0.0167837864563465,0.0322473662392579
6.68163411954067,0,0.0399525800720857,0,6.68163411954067,0.0399525800720857,0.0399525800720857,0.0399525800720857,0.0632642521725607
10.9419857642508,0,-0.0876235523401562,0,10.9419857642508,-0.0876235523401562,-0.0876235523401562,-0.0876235523401562,0.0336377588977628
9.567453602661,0,-0.0130573193727359,0,9.567453602661,-0.0130573193727359,-0.0130573193727359,-0.0130573193727359,0.0264340771076804
9.56764954052794,0,-0.00578932875863998,0,9.56764954052794,-0.00578932875863998,-0.00578932875863998,-0.00578932875863998,0.0288617279537588
9.58796747981615,0,0.00725905880614161,0,9.58796747981615,0.00725905880614161,0.00725905880614161,0.00725905880614161,0.0422687684348916
12.9045618909384,0,-0.020800428050844,0,12.9045618909384,-0.020800428050844,-0.020800428050844,-0.020800428050844,0.00918914559220215
9.03381024943225,0,-0.0258591277728825,0,9.03381024943225,-0.0258591277728825,-0.0258591277728825,-0.0258591277728825,0.0210013285642308
7.292171244769,0,0.0214216184583366,0,7.292171244769,0.0214216184583366,0.0214216184583366,0.0214216184583366,0.00787016036700002
10.6567948708008,0,0.0203455428827325,0,10.6567948708008,0.0203455428827325,0.0203455428827325,0.0203455428827325,0.0367174068081082
15.83958844307,0,0.0399832495665445,0,15.83958844307,0.0399832495665445,0.0399832495665445,0.0399832495665445,0.0130470310288665
17.7014293147066,0,0.0234372077444364,0,17.7014293147066,0.0234372077444364,0.0234372077444364,0.0234372077444364,0.0323786122878216
14.7585414478692,0,-0.0143222744287462,0,14.7585414478692,-0.0143222744287462,-0.0143222744287462,-0.0143222744287462,0.0637816832942033
20.7521231210355,0,-0.0269978295709997,0,20.7521231210355,-0.0269978295709997,-0.0269978295709997,-0.0269978295709997,0.0154926437594917
13.9836050997556,0,-0.0596374353307077,0,13.9836050997556,-0.0596374353307077,-0.0596374353307077,-0.0596374353307077,0.0260159424457815
11.3110693140974,0,0.00982781565554414,0,11.3110693140974,0.00982781565554414,0.00982781565554414,0.00982781565554414,0.0152975413868066
16.5519463473715,0,-0.0850116784148187,0,16.5519463473715,-0.0850116784148187,-0.0850116784148187,-0.0850116784148187,0.0449328569998866
12.3671082351961,0,0.0210231372322994,0,12.3671082351961,0.0210231372322994,0.0210231372322994,0.0210231372322994,0.0160828742749283
12.3654554745313,0,-0.0686880413546458,0,12.3654554745313,-0.0686880413546458,-0.0686880413546458,-0.0686880413546458,0.0513325050706189
19.2556223171704,0,0.0285945738844167,0,19.2556223171704,0.0285945738844167,0.0285945738844167,0.0285945738844167,0.0139726523520546
34.7312424253189,0,0.00360906084633839,0,34.7312424253189,0.00360906084633839,0.00360906084633839,0.00360906084633839,0.017575833019559
54.7209102152747,0,0.0196726221291343,0,54.7209102152747,0.0196726221291343,0.0196726221291343,0.0196726221291343,0.0109274670854921
6.15335383446594,0,0.00868907833362001,0,6.15335383446594,0.00868907833362001,0.00868907833362001,0.00868907833362001,0.148956660150613
8.22166390729103,0,0.0200227074138689,0,8.22166390729103,0.0200227074138689,0.0200227074138689,0.0200227074138689,0.0889316774406693
6.56936523894705,0,-0.0184803687031215,0,6.56936523894705,-0.0184803687031215,-0.0184803687031215,-0.0184803687031215,0.0397871786329299
7.36539602284415,0,-0.0247872150245361,0,7.36539602284415,-0.0247872150245361,-0.0247872150245361,-0.0247872150245361,0.114121672795408
9.34902839864339,0,-0.0319037471830898,0,9.34902839864339,-0.0319037471830898,-0.0319037471830898,-0.0319037471830898,0.0353702402159913
12.5616640281909,0,0.00441577973083164,0,12.5616640281909,0.00441577973083164,0.00441577973083164,0.00441577973083164,0.0138459086615911
10.5411867057519,0,-0.0885790708954701,0,10.5411867057519,-0.0885790708954701,-0.0885790708954701,-0.0885790708954701,0.0320565633703811
10.8363107906744,0,-0.028098390818107,0,10.8363107906744,-0.028098390818107,-0.028098390818107,-0.028098390818107,0.071926050301895
7.60971237336999,0,0.0425196941211018,0,7.60971237336999,0.0425196941211018,0.0425196941211018,0.0425196941211018,0.0675431227803087
7.13153216147587,0,-0.0477446268787778,0,7.13153216147587,-0.0477446268787778,-0.0477446268787778,-0.0477446268787778,0.0691602399134146
11.3171115233183,0,-0.0301299566297987,0,11.3171115233183,-0.0301299566297987,-0.0301299566297987,-0.0301299566297987,0.0549217163119364
12.491172371433,0,0.00616174807970621,0,12.491172371433,0.00616174807970621,0.00616174807970621,0.00616174807970621,0.0405245193389735
17.7574754531964,0,-0.0364542682670167,0,17.7574754531964,-0.0364542682670167,-0.0364542682670167,-0.0364542682670167,0.0437339114285826
23.3384346785706,0,0.0173424537425691,0,23.3384346785706,0.0173424537425691,0.0173424537425691,0.0173424537425691,0.0189266195413323
31.0786588545351,0,-0.104141192155505,0,31.0786588545351,-0.104141192155505,-0.104141192155505,-0.104141192155505,0.0562787835549554
16.8846431378076,0,0.0592246738975235,0,16.8846431378076,0.0592246738975235,0.0592246738975235,0.0592246738975235,0.0580511049145327
123.279980889138,0,0.30509624252595,0,123.279980889138,0.30509624252595,0.30509624252595,0.30509624252595,0.059767195787558
10.8384906759069,0,-0.00221059163205814,0,10.8384906759069,-0.00221059163205814,-0.00221059163205814,-0.00221059163205814,0.0251376149245104
7.87691324476292,0,-0.0704972430897311,0,7.87691324476292,-0.0704972430897311,-0.0704972430897311,-0.0704972430897311,0.0322283121382998
14.6925462604222,0,-0.00458452472707301,0,14.6925462604222,-0.00458452472707301,-0.00458452472707301,-0.00458452472707301,0.0444254697733256
12.6985002447189,0,0.0156151615690587,0,12.6985002447189,0.0156151615690587,0.0156151615690587,0.0156151615690587,0.0344296478282526
14.3972634987083,0,-0.0237118006498921,0,14.3972634987083,-0.0237118006498921,-0.0237118006498921,-0.0237118006498921,0.0295064854269103
14.1514365378187,0,-0.0107350800784212,0,14.1514365378187,-0.0107350800784212,-0.0107350800784212,-0.0107350800784212,0.0554744268805768
27.9381463268887,0,-0.0196646199066465,0,27.9381463268887,-0.0196646199066465,-0.0196646199066465,-0.0196646199066465,0.0266030945529787
24.4728765020316,0,-0.0883766236254439,0,24.4728765020316,-0.0883766236254439,-0.0883766236254439,-0.0883766236254439,0.0473406670453721
13.4368696617468,0,0.0535402362440232,0,13.4368696617468,0.0535402362440232,0.0535402362440232,0.0535402362440232,0.0282079903838013
7.48402930279067,0,0.00968988201586394,0,7.48402930279067,0.00968988201586394,0.00968988201586394,0.00968988201586394,0.0686754083472401
25.9320346135502,0,-0.0232712391594247,0,25.9320346135502,-0.0232712391594247,-0.0232712391594247,-0.0232712391594247,0.0300519735078187
NA,NA,NA,NA,NA,NA,NA,NA,NA
12.0144898669671,0,-0.0304643580877798,0,12.0144898669671,-0.0304643580877798,-0.0304643580877798,-0.0304643580877798,0.0246585875375876
5.59197431763262,0,-0.0578220526680145,0,5.59197431763262,-0.0578220526680145,-0.0578220526680145,-0.0578220526680145,0.0290843221745671
7.10118523761685,0,-0.0285278978712163,0,7.10118523761685,-0.0285278978712163,-0.0285278978712163,-0.0285278978712163,0.0595492352872805
8.39406695268219,0,0.0167837864563465,0,8.39406695268219,0.0167837864563465,0.0167837864563465,0.0167837864563465,0.0322473662392579
6.68163411954067,0,0.0399525800720857,0,6.68163411954067,0.0399525800720857,0.0399525800720857,0.0399525800720857,0.0632642521725607
10.9419857642508,0,-0.0876235523401562,0,10.9419857642508,-0.0876235523401562,-0.0876235523401562,-0.0876235523401562,0.0336377588977628
9.567453602661,0,-0.0130573193727359,0,9.567453602661,-0.0130573193727359,-0.0130573193727359,-0.0130573193727359,0.0264340771076804
9.56764954052794,0,-0.00578932875863998,0,9.56764954052794,-0.00578932875863998,-0.00578932875863998,-0.00578932875863998,0.0288617279537588
9.58796747981615,0,0.00725905880614161,0,9.58796747981615,0.00725905880614161,0.00725905880614161,0.00725905880614161,0.0422687684348916
12.9045618909384,0,-0.020800428050844,0,12.9045618909384,-0.020800428050844,-0.020800428050844,-0.020800428050844,0.00918914559220215
9.03381024943225,0,-0.0258591277728825,0,9.03381024943225,-0.0258591277728825,-0.0258591277728825,-0.0258591277728825,0.0210013285642308
7.292171244769,0,0.0214216184583366,0,7.292171244769,0.0214216184583366,0.0214216184583366,0.0214216184583366,0.00787016036700002
10.6567948708008,0,0.0203455428827325,0,10.6567948708008,0.0203455428827325,0.0203455428827325,0.0203455428827325,0.0367174068081082
15.83958844307,0,0.0399832495665445,0,15.83958844307,0.0399832495665445,0.0399832495665445,0.0399832495665445,0.0130470310288665
17.7014293147066,0,0.0234372077444364,0,17.7014293147066,0.0234372077444364,0.0234372077444364,0.0234372077444364,0.0323786122878216
14.7585414478692,0,-0.0143222744287462,0,14.7585414478692,-0.0143222744287462,-0.0143222744287462,-0.0143222744287462,0.0637816832942033
20.7521231210355,0,-0.0269978295709997,0,20.7521231210355,-0.0269978295709997,-0.0269978295709997,-0.0269978295709997,0.0154926437594917
13.9836050997556,0,-0.0596374353307077,0,13.9836050997556,-0.0596374353307077,-0.0596374353307077,-0.0596374353307077,0.0260159424457815
11.3110693140974,0,0.00982781565554414,0,11.3110693140974,0.00982781565554414,0.00982781565554414,0.00982781565554414,0.0152975413868066
16.5519463473715,0,-0.0850116784148187,0,16.5519463473715,-0.0850116784148187,-0.0850116784148187,-0.0850116784148187,0.0449328569998866
12.3671082351961,0,0.0210231372322994,0,12.3671082351961,0.0210231372322994,0.0210231372322994,0.0210231372322994,0.0160828742749283
12.3654554745313,0,-0.0686880413546458,0,12.3654554745313,-0.0686880413546458,-0.0686880413546458,-0.0686880413546458,0.0513325050706189
19.2556223171704,0,0.0285945738844167,0,19.2556223171704,0.0285945738844167,0.0285945738844167,0.0285945738844167,0.0139726523520546
34.7312424253189,0,0.00360906084633839,0,34.7312424253189,0.00360906084633839,0.00360906084633839,0.00360906084633839,0.017575833019559
54.7209102152747,0,0.0196726221291343,0,54.7209102152747,0.0196726221291343,0.0196726221291343,0.0196726221291343,0.0109274670854921
6.15335383446594,0,0.00868907833362001,0,6.15335383446594,0.00868907833362001,0.00868907833362001,0.00868907833362001,0.148956660150613
8.22166390729103,0,0.0200227074138689,0,8.22166390729103,0.0200227074138689,0.0200227074138689,0.0200227074138689,0.0889316774406693
6.56936523894705,0,-0.0184803687031215,0,6.56936523894705,-0.0184803687031215,-0.0184803687031215,-0.0184803687031215,0.0397871786329299
7.36539602284415,0,-0.0247872150245361,0,7.36539602284415,-0.0247872150245361,-0.0247872150245361,-0.0247872150245361,0.114121672795408
9.34902839864339,0,-0.0319037471830898,0,9.34902839864339,-0.0319037471830898,-0.0319037471830898,-0.0319037471830898,0.0353702402159913
12.5616640281909,0,0.00441577973083164,0,12.5616640281909,0.00441577973083164,0.00441577973083164,0.00441577973083164,0.0138459086615911
10.5411867057519,0,-0.0885790708954701,0,10.5411867057519,-0.0885790708954701,-0.0885790708954701,-0.0885790708954701,0.0320565633703811
10.8363107906744,0,-0.028098390818107,0,10.8363107906744,-0.028098390818107,-0.028098390818107,-0.028098390818107,0.071926050301895
7.60971237336999,0,0.0425196941211018,0,7.60971237336999,0.0425196941211018,0.0425196941211018,0.0425196941211018,0.0675431227803087
7.13153216147587,0,-0.0477446268787778,0,7.13153216147587,-0.0477446268787778,-0.0477446268787778,-0.0477446268787778,0.0691602399134146
11.3171115233183,0,-0.0301299566297987,0,11.3171115233183,-0.0301299566297987,-0.0301299566297987,-0.0301299566297987,0.0549217163119364
12.491172371433,0,0.00616174807970621,0,12.491172371433,0.00616174807970621,0.00616174807970621,0.00616174807970621,0.0405245193389735
17.7574754531964,0,-0.0364542682670167,0,17.7574754531964,-0.0364542682670167,-0.0364542682670167,-0.0364542682670167,0.0437339114285826
23.3384346785706,0,0.0173424537425691,0,23.3384346785706,0.0173424537425691,0.0173424537425691,0.0173424537425691,0.0189266195413323
31.0786588545351,0,-0.104141192155505,0,31.0786588545351,-0.104141192155505,-0.104141192155505,-0.104141192155505,0.0562787835549554
16.8846431378076,0,0.0592246738975235,0,16.8846431378076,0.0592246738975235,0.0592246738975235,0.0592246738975235,0.0580511049145327
123.279980889138,0,0.30509624252595,0,123.279980889138,0.30509624252595,0.30509624252595,0.30509624252595,0.059767195787558
10.8384906759069,0,-0.00221059163205814,0,10.8384906759069,-0.00221059163205814,-0.00221059163205814,-0.00221059163205814,0.0251376149245104
7.87691324476292,0,-0.0704972430897311,0,7.87691324476292,-0.0704972430897311,-0.0704972430897311,-0.0704972430897311,0.0322283121382998
14.6925462604222,0,-0.00458452472707301,0,14.6925462604222,-0.00458452472707301,-0.00458452472707301,-0.00458452472707301,0.0444254697733256
12.6985002447189,0,0.0156151615690587,0,12.6985002447189,0.0156151615690587,0.0156151615690587,0.0156151615690587,0.0344296478282526
14.3972634987083,0,-0.0237118006498921,0,14.3972634987083,-0.0237118006498921,-0.0237118006498921,-0.0237118006498921,0.0295064854269103
14.1514365378187,0,-0.0107350800784212,0,14.1514365378187,-0.0107350800784212,-0.0107350800784212,-0.0107350800784212,0.0554744268805768
27.9381463268887,0,-0.0196646199066465,0,27.9381463268887,-0.0196646199066465,-0.0196646199066465,-0.0196646199066465,0.0266030945529787
24.4728765020316,0,-0.0883766236254439,0,24.4728765020316,-0.0883766236254439,-0.0883766236254439,-0.0883766236254439,0.0473406670453721
13.4368696617468,0,0.0535402362440232,0,13.4368696617468,0.0535402362440232,0.0535402362440232,0.0535402362440232,0.0282079903838013
7.48402930279067,0,0.00968988201586394,0,7.48402930279067,0.00968988201586394,0.00968988201586394,0.00968988201586394,0.0686754083472401
25.9320346135502,0,-0.0232712391594247,0,25.9320346135502,-0.0232712391594247,-0.0232712391594247,-0.0232712391594247,0.0300519735078187
NA,NA,NA,NA,NA,NA,NA,NA,NA
12.0144898669671,0,-0.0304643580877798,0,12.0144898669671,-0.0304643580877798,-0.0304643580877798,-0.0304643580877798,0.0246585875375876
5.59197431763262,0,-0.0578220526680145,0,5.59197431763262,-0.0578220526680145,-0.0578220526680145,-0.0578220526680145,0.0290843221745671
7.10118523761685,0,-0.0285278978712163,0,7.10118523761685,-0.0285278978712163,-0.0285278978712163,-0.0285278978712163,0.0595492352872805
8.39406695268219,0,0.0167837864563465,0,8.39406695268219,0.0167837864563465,0.0167837864563465,0.0167837864563465,0.0322473662392579
6.68163411954067,0,0.0399525800720857,0,6.68163411954067,0.0399525800720857,0.0399525800720857,0.0399525800720857,0.0632642521725607
10.9419857642508,0,-0.0876235523401562,0,10.9419857642508,-0.0876235523401562,-0.0876235523401562,-0.0876235523401562,0.0336377588977628
9.567453602661,0,-0.0130573193727359,0,9.567453602661,-0.0130573193727359,-0.0130573193727359,-0.0130573193727359,0.0264340771076804
9.56764954052794,0,-0.00578932875863998,0,9.56764954052794,-0.00578932875863998,-0.00578932875863998,-0.00578932875863998,0.0288617279537588
9.58796747981615,0,0.00725905880614161,0,9.58796747981615,0.00725905880614161,0.00725905880614161,0.00725905880614161,0.0422687684348916
12.9045618909384,0,-0.020800428050844,0,12.9045618909384,-0.020800428050844,-0.020800428050844,-0.020800428050844,0.00918914559220215
9.03381024943225,0,-0.0258591277728825,0,9.03381024943225,-0.0258591277728825,-0.0258591277728825,-0.0258591277728825,0.0210013285642308
7.292171244769,0,0.0214216184583366,0,7.292171244769,0.0214216184583366,0.0214216184583366,0.0214216184583366,0.00787016036700002
10.6567948708008,0,0.0203455428827325,0,10.6567948708008,0.0203455428827325,0.0203455428827325,0.0203455428827325,0.0367174068081082
15.83958844307,0,0.0399832495665445,0,15.83958844307,0.0399832495665445,0.0399832495665445,0.0399832495665445,0.0130470310288665
17.7014293147066,0,0.0234372077444364,0,17.7014293147066,0.0234372077444364,0.0234372077444364,0.0234372077444364,0.0323786122878216
14.7585414478692,0,-0.0143222744287462,0,14.7585414478692,-0.0143222744287462,-0.0143222744287462,-0.0143222744287462,0.0637816832942033
20.7521231210355,0,-0.0269978295709997,0,20.7521231210355,-0.0269978295709997,-0.0269978295709997,-0.0269978295709997,0.0154926437594917
13.9836050997556,0,-0.0596374353307077,0,13.9836050997556,-0.0596374353307077,-0.0596374353307077,-0.0596374353307077,0.0260159424457815
11.3110693140974,0,0.00982781565554414,0,11.3110693140974,0.00982781565554414,0.00982781565554414,0.00982781565554414,0.0152975413868066
16.5519463473715,0,-0.0850116784148187,0,16.5519463473715,-0.0850116784148187,-0.0850116784148187,-0.0850116784148187,0.0449328569998866
12.3671082351961,0,0.0210231372322994,0,12.3671082351961,0.0210231372322994,0.0210231372322994,0.0210231372322994,0.0160828742749283
12.3654554745313,0,-0.0686880413546458,0,12.3654554745313,-0.0686880413546458,-0.0686880413546458,-0.0686880413546458,0.0513325050706189
19.2556223171704,0,0.0285945738844167,0,19.2556223171704,0.0285945738844167,0.0285945738844167,0.0285945738844167,0.0139726523520546
34.7312424253189,0,0.00360906084633839,0,34.7312424253189,0.00360906084633839,0.00360906084633839,0.00360906084633839,0.017575833019559
54.7209102152747,0,0.0196726221291343,0,54.7209102152747,0.0196726221291343,0.0196726221291343,0.0196726221291343,0.0109274670854921
6.15335383446594,0,0.00868907833362001,0,6.15335383446594,0.00868907833362001,0.00868907833362001,0.00868907833362001,0.148956660150613
8.22166390729103,0,0.0200227074138689,0,8.22166390729103,0.0200227074138689,0.0200227074138689,0.0200227074138689,0.0889316774406693
6.56936523894705,0,-0.0184803687031215,0,6.56936523894705,-0.0184803687031215,-0.0184803687031215,-0.0184803687031215,0.0397871786329299
7.36539602284415,0,-0.0247872150245361,0,7.36539602284415,-0.0247872150245361,-0.0247872150245361,-0.0247872150245361,0.114121672795408
9.34902839864339,0,-0.0319037471830898,0,9.34902839864339,-0.0319037471830898,-0.0319037471830898,-0.0319037471830898,0.0353702402159913
12.5616640281909,0,0.00441577973083164,0,12.5616640281909,0.00441577973083164,0.00441577973083164,0.00441577973083164,0.0138459086615911
10.5411867057519,0,-0.0885790708954701,0,10.5411867057519,-0.0885790708954701,-0.0885790708954701,-0.0885790708954701,0.0320565633703811
10.8363107906744,0,-0.028098390818107,0,10.8363107906744,-0.028098390818107,-0.028098390818107,-0.028098390818107,0.071926050301895
7.60971237336999,0,0.0425196941211018,0,7.60971237336999,0.0425196941211018,0.0425196941211018,0.0425196941211018,0.0675431227803087
7.13153216147587,0,-0.0477446268787778,0,7.13153216147587,-0.0477446268787778,-0.0477446268787778,-0.0477446268787778,0.0691602399134146
11.3171115233183,0,-0.0301299566297987,0,11.3171115233183,-0.0301299566297987,-0.0301299566297987,-0.0301299566297987,0.0549217163119364
12.491172371433,0,0.00616174807970621,0,12.491172371433,0.00616174807970621,0.00616174807970621,0.00616174807970621,0.0405245193389735
17.7574754531964,0,-0.0364542682670167,0,17.7574754531964,-0.0364542682670167,-0.0364542682670167,-0.0364542682670167,0.0437339114285826
23.3384346785706,0,0.0173424537425691,0,23.3384346785706,0.0173424537425691,0.0173424537425691,0.0173424537425691,0.0189266195413323
31.0786588545351,0,-0.104141192155505,0,31.0786588545351,-0.104141192155505,-0.104141192155505,-0.104141192155505,0.0562787835549554
16.8846431378076,0,0.0592246738975235,0,16.8846431378076,0.0592246738975235,0.0592246738975235,0.0592246738975235,0.0580511049145327
123.279980889138,0,0.30509624252595,0,123.279980889138,0.30509624252595,0.30509624252595,0.30509624252595,0.059767195787558
10.8384906759069,0,-0.00221059163205814,0,10.8384906759069,-0.00221059163205814,-0.00221059163205814,-0.00221059163205814,0.0251376149245104
7.87691324476292,0,-0.0704972430897311,0,7.87691324476292,-0.0704972430897311,-0.0704972430897311,-0.0704972430897311,0.0322283121382998
14.6925462604222,0,-0.00458452472707301,0,14.6925462604222,-0.00458452472707301,-0.00458452472707301,-0.00458452472707301,0.0444254697733256
12.6985002447189,0,0.0156151615690587,0,12.6985002447189,0.0156151615690587,0.0156151615690587,0.0156151615690587,0.0344296478282526
14.3972634987083,0,-0.0237118006498921,0,14.3972634987083,-0.0237118006498921,-0.0237118006498921,-0.0237118006498921,0.0295064854269103
14.1514365378187,0,-0.0107350800784212,0,14.1514365378187,-0.0107350800784212,-0.0107350800784212,-0.0107350800784212,0.0554744268805768
27.9381463268887,0,-0.0196646199066465,0,27.9381463268887,-0.0196646199066465,-0.0196646199066465,-0.0196646199066465,0.0266030945529787
24.4728765020316,0,-0.0883766236254439,0,24.4728765020316,-0.0883766236254439,-0.0883766236254439,-0.0883766236254439,0.0473406670453721
13.4368696617468,0,0.0535402362440232,0,13.4368696617468,0.0535402362440232,0.0535402362440232,0.0535402362440232,0.0282079903838013
7.48402930279067,0,0.00968988201586394,0,7.48402930279067,0.00968988201586394,0.00968988201586394,0.00968988201586394,0.0686754083472401
25.9320346135502,0,-0.0232712391594247,0,25.9320346135502,-0.0232712391594247,-0.0232712391594247,-0.0232712391594247,0.0300519735078187
NA,NA,NA,NA,NA,NA,NA,NA,NA
12.0144898669671,0,-0.0304643580877798,0,12.0144898669671,-0.0304643580877798,-0.0304643580877798,-0.0304643580877798,0.0246585875375876
5.59197431763262,0,-0.0578220526680145,0,5.59197431763262,-0.0578220526680145,-0.0578220526680145,-0.0578220526680145,0.0290843221745671
7.10118523761685,0,-0.0285278978712163,0,7.10118523761685,-0.0285278978712163,-0.0285278978712163,-0.0285278978712163,0.0595492352872805
8.39406695268219,0,0.0167837864563465,0,8.39406695268219,0.0167837864563465,0.0167837864563465,0.0167837864563465,0.0322473662392579
6.68163411954067,0,0.0399525800720857,0,6.68163411954067,0.0399525800720857,0.0399525800720857,0.0399525800720857,0.0632642521725607
10.9419857642508,0,-0.0876235523401562,0,10.9419857642508,-0.0876235523401562,-0.0876235523401562,-0.0876235523401562,0.0336377588977628
9.567453602661,0,-0.0130573193727359,0,9.567453602661,-0.0130573193727359,-0.0130573193727359,-0.0130573193727359,0.0264340771076804
9.56764954052794,0,-0.00578932875863998,0,9.56764954052794,-0.00578932875863998,-0.00578932875863998,-0.00578932875863998,0.0288617279537588
9.58796747981615,0,0.00725905880614161,0,9.58796747981615,0.00725905880614161,0.00725905880614161,0.00725905880614161,0.0422687684348916
12.9045618909384,0,-0.020800428050844,0,12.9045618909384,-0.020800428050844,-0.020800428050844,-0.020800428050844,0.00918914559220215
9.03381024943225,0,-0.0258591277728825,0,9.03381024943225,-0.0258591277728825,-0.0258591277728825,-0.0258591277728825,0.0210013285642308
7.292171244769,0,0.0214216184583366,0,7.292171244769,0.0214216184583366,0.0214216184583366,0.0214216184583366,0.00787016036700002
10.6567948708008,0,0.0203455428827325,0,10.6567948708008,0.0203455428827325,0.0203455428827325,0.0203455428827325,0.0367174068081082
15.83958844307,0,0.0399832495665445,0,15.83958844307,0.0399832495665445,0.0399832495665445,0.0399832495665445,0.0130470310288665
17.7014293147066,0,0.0234372077444364,0,17.7014293147066,0.0234372077444364,0.0234372077444364,0.0234372077444364,0.0323786122878216
14.7585414478692,0,-0.0143222744287462,0,14.7585414478692,-0.0143222744287462,-0.0143222744287462,-0.0143222744287462,0.0637816832942033
20.7521231210355,0,-0.0269978295709997,0,20.7521231210355,-0.0269978295709997,-0.0269978295709997,-0.0269978295709997,0.0154926437594917
13.9836050997556,0,-0.0596374353307077,0,13.9836050997556,-0.0596374353307077,-0.0596374353307077,-0.0596374353307077,0.0260159424457815
11.3110693140974,0,0.00982781565554414,0,11.3110693140974,0.00982781565554414,0.00982781565554414,0.00982781565554414,0.0152975413868066
16.5519463473715,0,-0.0850116784148187,0,16.5519463473715,-0.0850116784148187,-0.0850116784148187,-0.0850116784148187,0.0449328569998866
12.3671082351961,0,0.0210231372322994,0,12.3671082351961,0.0210231372322994,0.0210231372322994,0.0210231372322994,0.0160828742749283
12.3654554745313,0,-0.0686880413546458,0,12.3654554745313,-0.0686880413546458,-0.0686880413546458,-0.0686880413546458,0.0513325050706189
19.2556223171704,0,0.0285945738844167,0,19.2556223171704,0.0285945738844167,0.0285945738844167,0.0285945738844167,0.0139726523520546
34.7312424253189,0,0.00360906084633839,0,34.7312424253189,0.00360906084633839,0.00360906084633839,0.00360906084633839,0.017575833019559
54.7209102152747,0,0.0196726221291343,0,54.7209102152747,0.0196726221291343,0.0196726221291343,0.0196726221291343,0.0109274670854921
6.15335383446594,0,0.00868907833362001,0,6.15335383446594,0.00868907833362001,0.00868907833362001,0.00868907833362001,0.148956660150613
8.22166390729103,0,0.0200227074138689,0,8.22166390729103,0.0200227074138689,0.0200227074138689,0.0200227074138689,0.0889316774406693
6.56936523894705,0,-0.0184803687031215,0,6.56936523894705,-0.0184803687031215,-0.0184803687031215,-0.0184803687031215,0.0397871786329299
7.36539602284415,0,-0.0247872150245361,0,7.36539602284415,-0.0247872150245361,-0.0247872150245361,-0.0247872150245361,0.114121672795408
9.34902839864339,0,-0.0319037471830898,0,9.34902839864339,-0.0319037471830898,-0.0319037471830898,-0.0319037471830898,0.0353702402159913
12.5616640281909,0,0.00441577973083164,0,12.5616640281909,0.00441577973083164,0.00441577973083164,0.00441577973083164,0.0138459086615911
10.5411867057519,0,-0.0885790708954701,0,10.5411867057519,-0.0885790708954701,-0.0885790708954701,-0.0885790708954701,0.0320565633703811
10.8363107906744,0,-0.028098390818107,0,10.8363107906744,-0.028098390818107,-0.028098390818107,-0.028098390818107,0.071926050301895
7.60971237336999,0,0.0425196941211018,0,7.60971237336999,0.0425196941211018,0.0425196941211018,0.0425196941211018,0.0675431227803087
7.13153216147587,0,-0.0477446268787778,0,7.13153216147587,-0.0477446268787778,-0.0477446268787778,-0.0477446268787778,0.0691602399134146
11.3171115233183,0,-0.0301299566297987,0,11.3171115233183,-0.0301299566297987,-0.0301299566297987,-0.0301299566297987,0.0549217163119364
12.491172371433,0,0.00616174807970621,0,12.491172371433,0.00616174807970621,0.00616174807970621,0.00616174807970621,0.0405245193389735
17.7574754531964,0,-0.0364542682670167,0,17.7574754531964,-0.0364542682670167,-0.0364542682670167,-0.0364542682670167,0.0437339114285826
23.3384346785706,0,0.0173424537425691,0,23.3384346785706,0.0173424537425691,0.0173424537425691,0.0173424537425691,0.0189266195413323
31.0786588545351,0,-0.104141192155505,0,31.0786588545351,-0.104141192155505,-0.104141192155505,-0.104141192155505,0.0562787835549554
16.8846431378076,0,0.0592246738975235,0,16.8846431378076,0.0592246738975235,0.0592246738975235,0.0592246738975235,0.0580511049145327
123.279980889138,0,0.30509624252595,0,123.279980889138,0.30509624252595,0.30509624252595,0.30509624252595,0.059767195787558
10.8384906759069,0,-0.00221059163205814,0,10.8384906759069,-0.00221059163205814,-0.00221059163205814,-0.00221059163205814,0.0251376149245104
7.87691324476292,0,-0.0704972430897311,0,7.87691324476292,-0.0704972430897311,-0.0704972430897311,-0.0704972430897311,0.0322283121382998
14.6925462604222,0,-0.00458452472707301,0,14.6925462604222,-0.00458452472707301,-0.00458452472707301,-0.00458452472707301,0.0444254697733256
12.6985002447189,0,0.0156151615690587,0,12.6985002447189,0.0156151615690587,0.0156151615690587,0.0156151615690587,0.0344296478282526
14.3972634987083,0,-0.0237118006498921,0,14.3972634987083,-0.0237118006498921,-0.0237118006498921,-0.0237118006498921,0.0295064854269103
14.1514365378187,0,-0.0107350800784212,0,14.1514365378187,-0.0107350800784212,-0.0107350800784212,-0.0107350800784212,0.0554744268805768
27.9381463268887,0,-0.0196646199066465,0,27.9381463268887,-0.0196646199066465,-0.0196646199066465,-0.0196646199066465,0.0266030945529787
24.4728765020316,0,-0.0883766236254439,0,24.4728765020316,-0.0883766236254439,-0.0883766236254439,-0.0883766236254439,0.0473406670453721
13.4368696617468,0,0.0535402362440232,0,13.4368696617468,0.0535402362440232,0.0535402362440232,0.0535402362440232,0.0282079903838013
7.48402930279067,0,0.00968988201586394,0,7.48402930279067,0.00968988201586394,0.00968988201586394,0.00968988201586394,0.0686754083472401
25.9320346135502,0,-0.0232712391594247,0,25.9320346135502,-0.0232712391594247,-0.0232712391594247,-0.0232712391594247,0.0300519735078187
NA,NA,NA,NA,NA,NA,NA,NA,NA
12.0144898669671,0,-0.0304643580877798,0,12.0144898669671,-0.0304643580877798,-0.0304643580877798,-0.0304643580877798,0.0246585875375876
5.59197431763262,0,-0.0578220526680145,0,5.59197431763262,-0.0578220526680145,-0.0578220526680145,-0.0578220526680145,0.0290843221745671
7.10118523761685,0,-0.0285278978712163,0,7.10118523761685,-0.0285278978712163,-0.0285278978712163,-0.0285278978712163,0.0595492352872805
8.39406695268219,0,0.0167837864563465,0,8.39406695268219,0.0167837864563465,0.0167837864563465,0.0167837864563465,0.0322473662392579
6.68163411954067,0,0.0399525800720857,0,6.68163411954067,0.0399525800720857,0.0399525800720857,0.0399525800720857,0.0632642521725607
10.9419857642508,0,-0.0876235523401562,0,10.9419857642508,-0.0876235523401562,-0.0876235523401562,-0.0876235523401562,0.0336377588977628
9.567453602661,0,-0.0130573193727359,0,9.567453602661,-0.0130573193727359,-0.0130573193727359,-0.0130573193727359,0.0264340771076804
9.56764954052794,0,-0.00578932875863998,0,9.56764954052794,-0.00578932875863998,-0.00578932875863998,-0.00578932875863998,0.0288617279537588
9.58796747981615,0,0.00725905880614161,0,9.58796747981615,0.00725905880614161,0.00725905880614161,0.00725905880614161,0.0422687684348916
12.9045618909384,0,-0.020800428050844,0,12.9045618909384,-0.020800428050844,-0.020800428050844,-0.020800428050844,0.00918914559220215
9.03381024943225,0,-0.0258591277728825,0,9.03381024943225,-0.0258591277728825,-0.0258591277728825,-0.0258591277728825,0.0210013285642308
7.292171244769,0,0.0214216184583366,0,7.292171244769,0.0214216184583366,0.0214216184583366,0.0214216184583366,0.00787016036700002
10.6567948708008,0,0.0203455428827325,0,10.6567948708008,0.0203455428827325,0.0203455428827325,0.0203455428827325,0.0367174068081082
15.83958844307,0,0.0399832495665445,0,15.83958844307,0.0399832495665445,0.0399832495665445,0.0399832495665445,0.0130470310288665
17.7014293147066,0,0.0234372077444364,0,17.7014293147066,0.0234372077444364,0.0234372077444364,0.0234372077444364,0.0323786122878216
14.7585414478692,0,-0.0143222744287462,0,14.7585414478692,-0.0143222744287462,-0.0143222744287462,-0.0143222744287462,0.0637816832942033
20.7521231210355,0,-0.0269978295709997,0,20.7521231210355,-0.0269978295709997,-0.0269978295709997,-0.0269978295709997,0.0154926437594917
13.9836050997556,0,-0.0596374353307077,0,13.9836050997556,-0.0596374353307077,-0.0596374353307077,-0.0596374353307077,0.0260159424457815
11.3110693140974,0,0.00982781565554414,0,11.3110693140974,0.00982781565554414,0.00982781565554414,0.00982781565554414,0.0152975413868066
16.5519463473715,0,-0.0850116784148187,0,16.5519463473715,-0.0850116784148187,-0.0850116784148187,-0.0850116784148187,0.0449328569998866
12.3671082351961,0,0.0210231372322994,0,12.3671082351961,0.0210231372322994,0.0210231372322994,0.0210231372322994,0.0160828742749283
12.3654554745313,0,-0.0686880413546458,0,12.3654554745313,-0.0686880413546458,-0.0686880413546458,-0.0686880413546458,0.0513325050706189
19.2556223171704,0,0.0285945738844167,0,19.2556223171704,0.0285945738844167,0.0285945738844167,0.0285945738844167,0.0139726523520546
34.7312424253189,0,0.00360906084633839,0,34.7312424253189,0.00360906084633839,0.00360906084633839,0.00360906084633839,0.017575833019559
54.7209102152747,0,0.0196726221291343,0,54.7209102152747,0.0196726221291343,0.0196726221291343,0.0196726221291343,0.0109274670854921
6.15335383446594,0,0.00868907833362001,0,6.15335383446594,0.00868907833362001,0.00868907833362001,0.00868907833362001,0.148956660150613
8.22166390729103,0,0.0200227074138689,0,8.22166390729103,0.0200227074138689,0.0200227074138689,0.0200227074138689,0.0889316774406693
6.56936523894705,0,-0.0184803687031215,0,6.56936523894705,-0.0184803687031215,-0.0184803687031215,-0.0184803687031215,0.0397871786329299
7.36539602284415,0,-0.0247872150245361,0,7.36539602284415,-0.0247872150245361,-0.0247872150245361,-0.0247872150245361,0.114121672795408
9.34902839864339,0,-0.0319037471830898,0,9.34902839864339,-0.0319037471830898,-0.0319037471830898,-0.0319037471830898,0.0353702402159913
12.5616640281909,0,0.00441577973083164,0,12.5616640281909,0.00441577973083164,0.00441577973083164,0.00441577973083164,0.0138459086615911
10.5411867057519,0,-0.0885790708954701,0,10.5411867057519,-0.0885790708954701,-0.0885790708954701,-0.0885790708954701,0.0320565633703811
10.8363107906744,0,-0.028098390818107,0,10.8363107906744,-0.028098390818107,-0.028098390818107,-0.028098390818107,0.071926050301895
7.60971237336999,0,0.0425196941211018,0,7.60971237336999,0.0425196941211018,0.0425196941211018,0.0425196941211018,0.0675431227803087
7.13153216147587,0,-0.0477446268787778,0,7.13153216147587,-0.0477446268787778,-0.0477446268787778,-0.0477446268787778,0.0691602399134146
11.3171115233183,0,-0.0301299566297987,0,11.3171115233183,-0.0301299566297987,-0.0301299566297987,-0.0301299566297987,0.0549217163119364
12.491172371433,0,0.00616174807970621,0,12.491172371433,0.00616174807970621,0.00616174807970621,0.00616174807970621,0.0405245193389735
17.7574754531964,0,-0.0364542682670167,0,17.7574754531964,-0.0364542682670167,-0.0364542682670167,-0.0364542682670167,0.0437339114285826
23.3384346785706,0,0.0173424537425691,0,23.3384346785706,0.0173424537425691,0.0173424537425691,0.0173424537425691,0.0189266195413323
31.0786588545351,0,-0.104141192155505,0,31.0786588545351,-0.104141192155505,-0.104141192155505,-0.104141192155505,0.0562787835549554
16.8846431378076,0,0.0592246738975235,0,16.8846431378076,0.0592246738975235,0.0592246738975235,0.0592246738975235,0.0580511049145327
123.279980889138,0,0.30509624252595,0,123.279980889138,0.30509624252595,0.30509624252595,0.30509624252595,0.059767195787558
10.8384906759069,0,-0.00221059163205814,0,10.8384906759069,-0.00221059163205814,-0.00221059163205814,-0.00221059163205814,0.0251376149245104
7.87691324476292,0,-0.0704972430897311,0,7.87691324476292,-0.0704972430897311,-0.0704972430897311,-0.0704972430897311,0.0322283121382998
14.6925462604222,0,-0.00458452472707301,0,14.6925462604222,-0.00458452472707301,-0.00458452472707301,-0.00458452472707301,0.0444254697733256
12.6985002447189,0,0.0156151615690587,0,12.6985002447189,0.0156151615690587,0.0156151615690587,0.0156151615690587,0.0344296478282526
14.3972634987083,0,-0.0237118006498921,0,14.3972634987083,-0.0237118006498921,-0.0237118006498921,-0.0237118006498921,0.0295064854269103
14.1514365378187,0,-0.0107350800784212,0,14.1514365378187,-0.0107350800784212,-0.0107350800784212,-0.0107350800784212,0.0554744268805768
27.9381463268887,0,-0.0196646199066465,0,27.9381463268887,-0.0196646199066465,-0.0196646199066465,-0.0196646199066465,0.0266030945529787
24.4728765020316,0,-0.0883766236254439,0,24.4728765020316,-0.0883766236254439,-0.0883766236254439,-0.0883766236254439,0.0473406670453721
13.4368696617468,0,0.0535402362440232,0,13.4368696617468,0.0535402362440232,0.0535402362440232,0.0535402362440232,0.0282079903838013
7.48402930279067,0,0.00968988201586394,0,7.48402930279067,0.00968988201586394,0.00968988201586394,0.00968988201586394,0.0686754083472401
25.9320346135502,0,-0.0232712391594247,0,25.9320346135502,-0.0232712391594247,-0.0232712391594247,-0.0232712391594247,0.0300519735078187
NA,NA,NA,NA,NA,NA,NA,NA,NA
12.0144898669671,0,-0.0304643580877798,0,12.0144898669671,-0.0304643580877798,-0.0304643580877798,-0.0304643580877798,0.0246585875375876
5.59197431763262,0,-0.0578220526680145,0,5.59197431763262,-0.0578220526680145,-0.0578220526680145,-0.0578220526680145,0.0290843221745671
7.10118523761685,0,-0.0285278978712163,0,7.10118523761685,-0.0285278978712163,-0.0285278978712163,-0.0285278978712163,0.0595492352872805
8.39406695268219,0,0.0167837864563465,0,8.39406695268219,0.0167837864563465,0.0167837864563465,0.0167837864563465,0.0322473662392579
6.68163411954067,0,0.0399525800720857,0,6.68163411954067,0.0399525800720857,0.0399525800720857,0.0399525800720857,0.0632642521725607
10.9419857642508,0,-0.0876235523401562,0,10.9419857642508,-0.0876235523401562,-0.0876235523401562,-0.0876235523401562,0.0336377588977628
9.567453602661,0,-0.0130573193727359,0,9.567453602661,-0.0130573193727359,-0.0130573193727359,-0.0130573193727359,0.0264340771076804
9.56764954052794,0,-0.00578932875863998,0,9.56764954052794,-0.00578932875863998,-0.00578932875863998,-0.00578932875863998,0.0288617279537588
9.58796747981615,0,0.00725905880614161,0,9.58796747981615,0.00725905880614161,0.00725905880614161,0.00725905880614161,0.0422687684348916
12.9045618909384,0,-0.020800428050844,0,12.9045618909384,-0.020800428050844,-0.020800428050844,-0.020800428050844,0.00918914559220215
9.03381024943225,0,-0.0258591277728825,0,9.03381024943225,-0.0258591277728825,-0.0258591277728825,-0.0258591277728825,0.0210013285642308
7.292171244769,0,0.0214216184583366,0,7.292171244769,0.0214216184583366,0.0214216184583366,0.0214216184583366,0.00787016036700002
10.6567948708008,0,0.0203455428827325,0,10.6567948708008,0.0203455428827325,0.0203455428827325,0.0203455428827325,0.0367174068081082
15.83958844307,0,0.0399832495665445,0,15.83958844307,0.0399832495665445,0.0399832495665445,0.0399832495665445,0.0130470310288665
17.7014293147066,0,0.0234372077444364,0,17.7014293147066,0.0234372077444364,0.0234372077444364,0.0234372077444364,0.0323786122878216
14.7585414478692,0,-0.0143222744287462,0,14.7585414478692,-0.0143222744287462,-0.0143222744287462,-0.0143222744287462,0.0637816832942033
20.7521231210355,0,-0.0269978295709997,0,20.7521231210355,-0.0269978295709997,-0.0269978295709997,-0.0269978295709997,0.0154926437594917
13.9836050997556,0,-0.0596374353307077,0,13.9836050997556,-0.0596374353307077,-0.0596374353307077,-0.0596374353307077,0.0260159424457815
11.3110693140974,0,0.00982781565554414,0,11.3110693140974,0.00982781565554414,0.00982781565554414,0.00982781565554414,0.0152975413868066
16.5519463473715,0,-0.0850116784148187,0,16.5519463473715,-0.0850116784148187,-0.0850116784148187,-0.0850116784148187,0.0449328569998866
12.3671082351961,0,0.0210231372322994,0,12.3671082351961,0.0210231372322994,0.0210231372322994,0.0210231372322994,0.0160828742749283
12.3654554745313,0,-0.0686880413546458,0,12.3654554745313,-0.0686880413546458,-0.0686880413546458,-0.0686880413546458,0.0513325050706189
19.2556223171704,0,0.0285945738844167,0,19.2556223171704,0.0285945738844167,0.0285945738844167,0.0285945738844167,0.0139726523520546
34.7312424253189,0,0.00360906084633839,0,34.7312424253189,0.00360906084633839,0.00360906084633839,0.00360906084633839,0.017575833019559
54.7209102152747,0,0.0196726221291343,0,54.7209102152747,0.0196726221291343,0.0196726221291343,0.0196726221291343,0.0109274670854921
6.15335383446594,0,0.00868907833362001,0,6.15335383446594,0.00868907833362001,0.00868907833362001,0.00868907833362001,0.148956660150613
8.22166390729103,0,0.0200227074138689,0,8.22166390729103,0.0200227074138689,0.0200227074138689,0.0200227074138689,0.0889316774406693
6.56936523894705,0,-0.0184803687031215,0,6.56936523894705,-0.0184803687031215,-0.0184803687031215,-0.0184803687031215,0.0397871786329299
7.36539602284415,0,-0.0247872150245361,0,7.36539602284415,-0.0247872150245361,-0.0247872150245361,-0.0247872150245361,0.114121672795408
9.34902839864339,0,-0.0319037471830898,0,9.34902839864339,-0.0319037471830898,-0.0319037471830898,-0.0319037471830898,0.0353702402159913
12.5616640281909,0,0.00441577973083164,0,12.5616640281909,0.00441577973083164,0.00441577973083164,0.00441577973083164,0.0138459086615911
10.5411867057519,0,-0.0885790708954701,0,10.5411867057519,-0.0885790708954701,-0.0885790708954701,-0.0885790708954701,0.0320565633703811
10.8363107906744,0,-0.028098390818107,0,10.8363107906744,-0.028098390818107,-0.028098390818107,-0.028098390818107,0.071926050301895
7.60971237336999,0,0.0425196941211018,0,7.60971237336999,0.0425196941211018,0.0425196941211018,0.0425196941211018,0.0675431227803087
5.93931454818625,0,-0.0606442522079505,0,5.93931454818625,-0.0606442522079505,-0.0606442522079505,-0.0606442522079505,0.0347252472962151
11.3171115233183,0,-0.0301299566297987,0,11.3171115233183,-0.0301299566297987,-0.0301299566297987,-0.0301299566297987,0.0549217163119364
12.491172371433,0,0.00616174807970621,0,12.491172371433,0.00616174807970621,0.00616174807970621,0.00616174807970621,0.0405245193389735
17.7574754531964,0,-0.0364542682670167,0,17.7574754531964,-0.0364542682670167,-0.0364542682670167,-0.0364542682670167,0.0437339114285826
23.3384346785706,0,0.0173424537425691,0,23.3384346785706,0.0173424537425691,0.0173424537425691,0.0173424537425691,0.0189266195413323
31.0786588545351,0,-0.104141192155505,0,31.0786588545351,-0.104141192155505,-0.104141192155505,-0.104141192155505,0.0562787835549554
16.8846431378076,0,0.0592246738975235,0,16.8846431378076,0.0592246738975235,0.0592246738975235,0.0592246738975235,0.0580511049145327
123.279980889138,0,0.30509624252595,0,123.279980889138,0.30509624252595,0.30509624252595,0.30509624252595,0.059767195787558
10.8384906759069,0,-0.00221059163205814,0,10.8384906759069,-0.00221059163205814,-0.00221059163205814,-0.00221059163205814,0.0251376149245104
7.87691324476292,0,-0.0704972430897311,0,7.87691324476292,-0.0704972430897311,-0.0704972430897311,-0.0704972430897311,0.0322283121382998
14.6925462604222,0,-0.00458452472707301,0,14.6925462604222,-0.00458452472707301,-0.00458452472707301,-0.00458452472707301,0.0444254697733256
12.6985002447189,0,0.0156151615690587,0,12.6985002447189,0.0156151615690587,0.0156151615690587,0.0156151615690587,0.0344296478282526
14.3972634987083,0,-0.0237118006498921,0,14.3972634987083,-0.0237118006498921,-0.0237118006498921,-0.0237118006498921,0.0295064854269103
14.1514365378187,0,-0.0107350800784212,0,14.1514365378187,-0.0107350800784212,-0.0107350800784212,-0.0107350800784212,0.0554744268805768
27.9381463268887,0,-0.0196646199066465,0,27.9381463268887,-0.0196646199066465,-0.0196646199066465,-0.0196646199066465,0.0266030945529787
24.4728765020316,0,-0.0883766236254439,0,24.4728765020316,-0.0883766236254439,-0.0883766236254439,-0.0883766236254439,0.0473406670453721
13.4368696617468,0,0.0535402362440232,0,13.4368696617468,0.0535402362440232,0.0535402362440232,0.0535402362440232,0.0282079903838013
7.48402930279067,0,0.00968988201586394,0,7.48402930279067,0.00968988201586394,0.00968988201586394,0.00968988201586394,0.0686754083472401
25.9320346135502,0,-0.0232712391594247,0,25.9320346135502,-0.0232712391594247,-0.0232712391594247,-0.0232712391594247,0.0300519735078187
NA,NA,NA,NA,NA,NA,NA,NA,NA
12.0144898669671,0,-0.0304643580877798,0,12.0144898669671,-0.0304643580877798,-0.0304643580877798,-0.0304643580877798,0.0246585875375876
5.59197431763262,0,-0.0578220526680145,0,5.59197431763262,-0.0578220526680145,-0.0578220526680145,-0.0578220526680145,0.0290843221745671
7.10118523761685,0,-0.0285278978712163,0,7.10118523761685,-0.0285278978712163,-0.0285278978712163,-0.0285278978712163,0.0595492352872805
8.39406695268219,0,0.0167837864563465,0,8.39406695268219,0.0167837864563465,0.0167837864563465,0.0167837864563465,0.0322473662392579
6.68163411954067,0,0.0399525800720857,0,6.68163411954067,0.0399525800720857,0.0399525800720857,0.0399525800720857,0.0632642521725607
10.9419857642508,0,-0.0876235523401562,0,10.9419857642508,-0.0876235523401562,-0.0876235523401562,-0.0876235523401562,0.0336377588977628
9.567453602661,0,-0.0130573193727359,0,9.567453602661,-0.0130573193727359,-0.0130573193727359,-0.0130573193727359,0.0264340771076804
9.56764954052794,0,-0.00578932875863998,0,9.56764954052794,-0.00578932875863998,-0.00578932875863998,-0.00578932875863998,0.0288617279537588
9.58796747981615,0,0.00725905880614161,0,9.58796747981615,0.00725905880614161,0.00725905880614161,0.00725905880614161,0.0422687684348916
12.9045618909384,0,-0.020800428050844,0,12.9045618909384,-0.020800428050844,-0.020800428050844,-0.020800428050844,0.00918914559220215
9.03381024943225,0,-0.0258591277728825,0,9.03381024943225,-0.0258591277728825,-0.0258591277728825,-0.0258591277728825,0.0210013285642308
7.292171244769,0,0.0214216184583366,0,7.292171244769,0.0214216184583366,0.0214216184583366,0.0214216184583366,0.00787016036700002
10.6567948708008,0,0.0203455428827325,0,10.6567948708008,0.0203455428827325,0.0203455428827325,0.0203455428827325,0.0367174068081082
15.83958844307,0,0.0399832495665445,0,15.83958844307,0.0399832495665445,0.0399832495665445,0.0399832495665445,0.0130470310288665
17.7014293147066,0,0.0234372077444364,0,17.7014293147066,0.0234372077444364,0.0234372077444364,0.0234372077444364,0.0323786122878216
14.7585414478692,0,-0.0143222744287462,0,14.7585414478692,-0.0143222744287462,-0.0143222744287462,-0.0143222744287462,0.0637816832942033
20.7521231210355,0,-0.0269978295709997,0,20.7521231210355,-0.0269978295709997,-0.0269978295709997,-0.0269978295709997,0.0154926437594917
13.9836050997556,0,-0.0596374353307077,0,13.9836050997556,-0.0596374353307077,-0.0596374353307077,-0.0596374353307077,0.0260159424457815
11.3110693140974,0,0.00982781565554414,0,11.3110693140974,0.00982781565554414,0.00982781565554414,0.00982781565554414,0.0152975413868066
16.5519463473715,0,-0.0850116784148187,0,16.5519463473715,-0.0850116784148187,-0.0850116784148187,-0.0850116784148187,0.0449328569998866
12.3671082351961,0,0.0210231372322994,0,12.3671082351961,0.0210231372322994,0.0210231372322994,0.0210231372322994,0.0160828742749283
12.3654554745313,0,-0.0686880413546458,0,12.3654554745313,-0.0686880413546458,-0.0686880413546458,-0.0686880413546458,0.0513325050706189
19.2556223171704,0,0.0285945738844167,0,19.2556223171704,0.0285945738844167,0.0285945738844167,0.0285945738844167,0.0139726523520546
34.7312424253189,0,0.00360906084633839,0,34.7312424253189,0.00360906084633839,0.00360906084633839,0.00360906084633839,0.017575833019559
54.7209102152747,0,0.0196726221291343,0,54.7209102152747,0.0196726221291343,0.0196726221291343,0.0196726221291343,0.0109274670854921
9.37577209119586,0,-0.0166622088619275,0,9.37577209119586,-0.0166622088619275,-0.0166622088619275,-0.0166622088619275,0.0509886552324907
8.22166390729103,0,0.0200227074138689,0,8.22166390729103,0.0200227074138689,0.0200227074138689,0.0200227074138689,0.0889316774406693
6.56936523894705,0,-0.0184803687031215,0,6.56936523894705,-0.0184803687031215,-0.0184803687031215,-0.0184803687031215,0.0397871786329299
7.36539602284415,0,-0.0247872150245361,0,7.36539602284415,-0.0247872150245361,-0.0247872150245361,-0.0247872150245361,0.114121672795408
9.34902839864339,0,-0.0319037471830898,0,9.34902839864339,-0.0319037471830898,-0.0319037471830898,-0.0319037471830898,0.0353702402159913
12.5616640281909,0,0.00441577973083164,0,12.5616640281909,0.00441577973083164,0.00441577973083164,0.00441577973083164,0.0138459086615911
10.5411867057519,0,-0.0885790708954701,0,10.5411867057519,-0.0885790708954701,-0.0885790708954701,-0.0885790708954701,0.0320565633703811
10.8363107906744,0,-0.028098390818107,0,10.8363107906744,-0.028098390818107,-0.028098390818107,-0.028098390818107,0.071926050301895
7.60971237336999,0,0.0425196941211018,0,7.60971237336999,0.0425196941211018,0.0425196941211018,0.0425196941211018,0.0675431227803087
5.93931454818625,0,-0.0606442522079505,0,5.93931454818625,-0.0606442522079505,-0.0606442522079505,-0.0606442522079505,0.0347252472962151
11.3171115233183,0,-0.0301299566297987,0,11.3171115233183,-0.0301299566297987,-0.0301299566297987,-0.0301299566297987,0.0549217163119364
12.491172371433,0,0.00616174807970621,0,12.491172371433,0.00616174807970621,0.00616174807970621,0.00616174807970621,0.0405245193389735
17.7574754531964,0,-0.0364542682670167,0,17.7574754531964,-0.0364542682670167,-0.0364542682670167,-0.0364542682670167,0.0437339114285826
23.3384346785706,0,0.0173424537425691,0,23.3384346785706,0.0173424537425691,0.0173424537425691,0.0173424537425691,0.0189266195413323
31.0786588545351,0,-0.104141192155505,0,31.0786588545351,-0.104141192155505,-0.104141192155505,-0.104141192155505,0.0562787835549554
16.8846431378076,0,0.0592246738975235,0,16.8846431378076,0.0592246738975235,0.0592246738975235,0.0592246738975235,0.0580511049145327
123.279980889138,0,0.30509624252595,0,123.279980889138,0.30509624252595,0.30509624252595,0.30509624252595,0.059767195787558
10.8384906759069,0,-0.00221059163205814,0,10.8384906759069,-0.00221059163205814,-0.00221059163205814,-0.00221059163205814,0.0251376149245104
7.87691324476292,0,-0.0704972430897311,0,7.87691324476292,-0.0704972430897311,-0.0704972430897311,-0.0704972430897311,0.0322283121382998
14.6925462604222,0,-0.00458452472707301,0,14.6925462604222,-0.00458452472707301,-0.00458452472707301,-0.00458452472707301,0.0444254697733256
12.6985002447189,0,0.0156151615690587,0,12.6985002447189,0.0156151615690587,0.0156151615690587,0.0156151615690587,0.0344296478282526
14.3972634987083,0,-0.0237118006498921,0,14.3972634987083,-0.0237118006498921,-0.0237118006498921,-0.0237118006498921,0.0295064854269103
14.1514365378187,0,-0.0107350800784212,0,14.1514365378187,-0.0107350800784212,-0.0107350800784212,-0.0107350800784212,0.0554744268805768
27.9381463268887,0,-0.0196646199066465,0,27.9381463268887,-0.0196646199066465,-0.0196646199066465,-0.0196646199066465,0.0266030945529787
24.4728765020316,0,-0.0883766236254439,0,24.4728765020316,-0.0883766236254439,-0.0883766236254439,-0.0883766236254439,0.0473406670453721
13.4368696617468,0,0.0535402362440232,0,13.4368696617468,0.0535402362440232,0.0535402362440232,0.0535402362440232,0.0282079903838013
7.48402930279067,0,0.00968988201586394,0,7.48402930279067,0.00968988201586394,0.00968988201586394,0.00968988201586394,0.0686754083472401
25.9320346135502,0,-0.0232712391594247,0,25.9320346135502,-0.0232712391594247,-0.0232712391594247,-0.0232712391594247,0.0300519735078187
NA,NA,NA,NA,NA,NA,NA,NA,NA
12.0144898669671,0,-0.0304643580877798,0,12.0144898669671,-0.0304643580877798,-0.0304643580877798,-0.0304643580877798,0.0246585875375876
5.59197431763262,0,-0.0578220526680145,0,5.59197431763262,-0.0578220526680145,-0.0578220526680145,-0.0578220526680145,0.0290843221745671
7.10118523761685,0,-0.0285278978712163,0,7.10118523761685,-0.0285278978712163,-0.0285278978712163,-0.0285278978712163,0.0595492352872805
8.39406695268219,0,0.0167837864563465,0,8.39406695268219,0.0167837864563465,0.0167837864563465,0.0167837864563465,0.0322473662392579
6.68163411954067,0,0.0399525800720857,0,6.68163411954067,0.0399525800720857,0.0399525800720857,0.0399525800720857,0.0632642521725607
10.9419857642508,0,-0.0876235523401562,0,10.9419857642508,-0.0876235523401562,-0.0876235523401562,-0.0876235523401562,0.0336377588977628
9.567453602661,0,-0.0130573193727359,0,9.567453602661,-0.0130573193727359,-0.0130573193727359,-0.0130573193727359,0.0264340771076804
9.56764954052794,0,-0.00578932875863998,0,9.56764954052794,-0.00578932875863998,-0.00578932875863998,-0.00578932875863998,0.0288617279537588
9.58796747981615,0,0.00725905880614161,0,9.58796747981615,0.00725905880614161,0.00725905880614161,0.00725905880614161,0.0422687684348916
12.9045618909384,0,-0.020800428050844,0,12.9045618909384,-0.020800428050844,-0.020800428050844,-0.020800428050844,0.00918914559220215
9.03381024943225,0,-0.0258591277728825,0,9.03381024943225,-0.0258591277728825,-0.0258591277728825,-0.0258591277728825,0.0210013285642308
7.292171244769,0,0.0214216184583366,0,7.292171244769,0.0214216184583366,0.0214216184583366,0.0214216184583366,0.00787016036700002
10.6567948708008,0,0.0203455428827325,0,10.6567948708008,0.0203455428827325,0.0203455428827325,0.0203455428827325,0.0367174068081082
15.83958844307,0,0.0399832495665445,0,15.83958844307,0.0399832495665445,0.0399832495665445,0.0399832495665445,0.0130470310288665
17.7014293147066,0,0.0234372077444364,0,17.7014293147066,0.0234372077444364,0.0234372077444364,0.0234372077444364,0.0323786122878216
14.7585414478692,0,-0.0143222744287462,0,14.7585414478692,-0.0143222744287462,-0.0143222744287462,-0.0143222744287462,0.0637816832942033
20.7521231210355,0,-0.0269978295709997,0,20.7521231210355,-0.0269978295709997,-0.0269978295709997,-0.0269978295709997,0.0154926437594917
13.9836050997556,0,-0.0596374353307077,0,13.9836050997556,-0.0596374353307077,-0.0596374353307077,-0.0596374353307077,0.0260159424457815
11.3110693140974,0,0.00982781565554414,0,11.3110693140974,0.00982781565554414,0.00982781565554414,0.00982781565554414,0.0152975413868066
16.5519463473715,0,-0.0850116784148187,0,16.5519463473715,-0.0850116784148187,-0.0850116784148187,-0.0850116784148187,0.0449328569998866
12.3671082351961,0,0.0210231372322994,0,12.3671082351961,0.0210231372322994,0.0210231372322994,0.0210231372322994,0.0160828742749283
12.3654554745313,0,-0.0686880413546458,0,12.3654554745313,-0.0686880413546458,-0.0686880413546458,-0.0686880413546458,0.0513325050706189
19.2556223171704,0,0.0285945738844167,0,19.2556223171704,0.0285945738844167,0.0285945738844167,0.0285945738844167,0.0139726523520546
34.7312424253189,0,0.00360906084633839,0,34.7312424253189,0.00360906084633839,0.00360906084633839,0.00360906084633839,0.017575833019559
54.7209102152747,0,0.0196726221291343,0,54.7209102152747,0.0196726221291343,0.0196726221291343,0.0196726221291343,0.0109274670854921
9.37577209119586,0,-0.0166622088619275,0,9.37577209119586,-0.0166622088619275,-0.0166622088619275,-0.0166622088619275,0.0509886552324907
8.22166390729103,0,0.0200227074138689,0,8.22166390729103,0.0200227074138689,0.0200227074138689,0.0200227074138689,0.0889316774406693
6.56936523894705,0,-0.0184803687031215,0,6.56936523894705,-0.0184803687031215,-0.0184803687031215,-0.0184803687031215,0.0397871786329299
7.36539602284415,0,-0.0247872150245361,0,7.36539602284415,-0.0247872150245361,-0.0247872150245361,-0.0247872150245361,0.114121672795408
9.34902839864339,0,-0.0319037471830898,0,9.34902839864339,-0.0319037471830898,-0.0319037471830898,-0.0319037471830898,0.0353702402159913
12.5616640281909,0,0.00441577973083164,0,12.5616640281909,0.00441577973083164,0.00441577973083164,0.00441577973083164,0.0138459086615911
10.5411867057519,0,-0.0885790708954701,0,10.5411867057519,-0.0885790708954701,-0.0885790708954701,-0.0885790708954701,0.0320565633703811
10.8363107906744,0,-0.028098390818107,0,10.8363107906744,-0.028098390818107,-0.028098390818107,-0.028098390818107,0.071926050301895
7.60971237336999,0,0.0425196941211018,0,7.60971237336999,0.0425196941211018,0.0425196941211018,0.0425196941211018,0.0675431227803087
5.93931454818625,0,-0.0606442522079505,0,5.93931454818625,-0.0606442522079505,-0.0606442522079505,-0.0606442522079505,0.0347252472962151
11.3171115233183,0,-0.0301299566297987,0,11.3171115233183,-0.0301299566297987,-0.0301299566297987,-0.0301299566297987,0.0549217163119364
12.491172371433,0,0.00616174807970621,0,12.491172371433,0.00616174807970621,0.00616174807970621,0.00616174807970621,0.0405245193389735
17.7574754531964,0,-0.0364542682670167,0,17.7574754531964,-0.0364542682670167,-0.0364542682670167,-0.0364542682670167,0.0437339114285826
23.3384346785706,0,0.0173424537425691,0,23.3384346785706,0.0173424537425691,0.0173424537425691,0.0173424537425691,0.0189266195413323
31.0786588545351,0,-0.104141192155505,0,31.0786588545351,-0.104141192155505,-0.104141192155505,-0.104141192155505,0.0562787835549554
16.8846431378076,0,0.0592246738975235,0,16.8846431378076,0.0592246738975235,0.0592246738975235,0.0592246738975235,0.0580511049145327
123.279980889138,0,0.30509624252595,0,123.279980889138,0.30509624252595,0.30509624252595,0.30509624252595,0.059767195787558
10.8384906759069,0,-0.00221059163205814,0,10.8384906759069,-0.00221059163205814,-0.00221059163205814,-0.00221059163205814,0.0251376149245104
7.87691324476292,0,-0.0704972430897311,0,7.87691324476292,-0.0704972430897311,-0.0704972430897311,-0.0704972430897311,0.0322283121382998
14.6925462604222,0,-0.00458452472707301,0,14.6925462604222,-0.00458452472707301,-0.00458452472707301,-0.00458452472707301,0.0444254697733256
12.6985002447189,0,0.0156151615690587,0,12.6985002447189,0.0156151615690587,0.0156151615690587,0.0156151615690587,0.0344296478282526
14.3972634987083,0,-0.0237118006498921,0,14.3972634987083,-0.0237118006498921,-0.0237118006498921,-0.0237118006498921,0.0295064854269103
14.1514365378187,0,-0.0107350800784212,0,14.1514365378187,-0.0107350800784212,-0.0107350800784212,-0.0107350800784212,0.0554744268805768
27.9381463268887,0,-0.0196646199066465,0,27.9381463268887,-0.0196646199066465,-0.0196646199066465,-0.0196646199066465,0.0266030945529787
24.4728765020316,0,-0.0883766236254439,0,24.4728765020316,-0.0883766236254439,-0.0883766236254439,-0.0883766236254439,0.0473406670453721
13.4368696617468,0,0.0535402362440232,0,13.4368696617468,0.0535402362440232,0.0535402362440232,0.0535402362440232,0.0282079903838013
7.48402930279067,0,0.00968988201586394,0,7.48402930279067,0.00968988201586394,0.00968988201586394,0.00968988201586394,0.0686754083472401
25.9320346135502,0,-0.0232712391594247,0,25.9320346135502,-0.0232712391594247,-0.0232712391594247,-0.0232712391594247,0.0300519735078187
NA,NA,NA,NA,NA,NA,NA,NA,NA
12.0144898669671,0,-0.0304643580877798,0,12.0144898669671,-0.0304643580877798,-0.0304643580877798,-0.0304643580877798,0.0246585875375876
5.59197431763262,0,-0.0578220526680145,0,5.59197431763262,-0.0578220526680145,-0.0578220526680145,-0.0578220526680145,0.0290843221745671
7.10118523761685,0,-0.0285278978712163,0,7.10118523761685,-0.0285278978712163,-0.0285278978712163,-0.0285278978712163,0.0595492352872805
8.39406695268219,0,0.0167837864563465,0,8.39406695268219,0.0167837864563465,0.0167837864563465,0.0167837864563465,0.0322473662392579
6.68163411954067,0,0.0399525800720857,0,6.68163411954067,0.0399525800720857,0.0399525800720857,0.0399525800720857,0.0632642521725607
10.9419857642508,0,-0.0876235523401562,0,10.9419857642508,-0.0876235523401562,-0.0876235523401562,-0.0876235523401562,0.0336377588977628
9.567453602661,0,-0.0130573193727359,0,9.567453602661,-0.0130573193727359,-0.0130573193727359,-0.0130573193727359,0.0264340771076804
9.56764954052794,0,-0.00578932875863998,0,9.56764954052794,-0.00578932875863998,-0.00578932875863998,-0.00578932875863998,0.0288617279537588
9.58796747981615,0,0.00725905880614161,0,9.58796747981615,0.00725905880614161,0.00725905880614161,0.00725905880614161,0.0422687684348916
12.9045618909384,0,-0.020800428050844,0,12.9045618909384,-0.020800428050844,-0.020800428050844,-0.020800428050844,0.00918914559220215
9.03381024943225,0,-0.0258591277728825,0,9.03381024943225,-0.0258591277728825,-0.0258591277728825,-0.0258591277728825,0.0210013285642308
7.292171244769,0,0.0214216184583366,0,7.292171244769,0.0214216184583366,0.0214216184583366,0.0214216184583366,0.00787016036700002
10.6567948708008,0,0.0203455428827325,0,10.6567948708008,0.0203455428827325,0.0203455428827325,0.0203455428827325,0.0367174068081082
15.83958844307,0,0.0399832495665445,0,15.83958844307,0.0399832495665445,0.0399832495665445,0.0399832495665445,0.0130470310288665
17.7014293147066,0,0.0234372077444364,0,17.7014293147066,0.0234372077444364,0.0234372077444364,0.0234372077444364,0.0323786122878216
14.7585414478692,0,-0.0143222744287462,0,14.7585414478692,-0.0143222744287462,-0.0143222744287462,-0.0143222744287462,0.0637816832942033
20.7521231210355,0,-0.0269978295709997,0,20.7521231210355,-0.0269978295709997,-0.0269978295709997,-0.0269978295709997,0.0154926437594917
13.9836050997556,0,-0.0596374353307077,0,13.9836050997556,-0.0596374353307077,-0.0596374353307077,-0.0596374353307077,0.0260159424457815
11.3110693140974,0,0.00982781565554414,0,11.3110693140974,0.00982781565554414,0.00982781565554414,0.00982781565554414,0.0152975413868066
16.5519463473715,0,-0.0850116784148187,0,16.5519463473715,-0.0850116784148187,-0.0850116784148187,-0.0850116784148187,0.0449328569998866
12.3671082351961,0,0.0210231372322994,0,12.3671082351961,0.0210231372322994,0.0210231372322994,0.0210231372322994,0.0160828742749283
12.3654554745313,0,-0.0686880413546458,0,12.3654554745313,-0.0686880413546458,-0.0686880413546458,-0.0686880413546458,0.0513325050706189
19.2556223171704,0,0.0285945738844167,0,19.2556223171704,0.0285945738844167,0.0285945738844167,0.0285945738844167,0.0139726523520546
34.7312424253189,0,0.00360906084633839,0,34.7312424253189,0.00360906084633839,0.00360906084633839,0.00360906084633839,0.017575833019559
54.7209102152747,0,0.0196726221291343,0,54.7209102152747,0.0196726221291343,0.0196726221291343,0.0196726221291343,0.0109274670854921
9.37577209119586,0,-0.0166622088619275,0,9.37577209119586,-0.0166622088619275,-0.0166622088619275,-0.0166622088619275,0.0509886552324907
8.22166390729103,0,0.0200227074138689,0,8.22166390729103,0.0200227074138689,0.0200227074138689,0.0200227074138689,0.0889316774406693
6.56936523894705,0,-0.0184803687031215,0,6.56936523894705,-0.0184803687031215,-0.0184803687031215,-0.0184803687031215,0.0397871786329299
7.36539602284415,0,-0.0247872150245361,0,7.36539602284415,-0.0247872150245361,-0.0247872150245361,-0.0247872150245361,0.114121672795408
9.34902839864339,0,-0.0319037471830898,0,9.34902839864339,-0.0319037471830898,-0.0319037471830898,-0.0319037471830898,0.0353702402159913
12.5616640281909,0,0.00441577973083164,0,12.5616640281909,0.00441577973083164,0.00441577973083164,0.00441577973083164,0.0138459086615911
10.5411867057519,0,-0.0885790708954701,0,10.5411867057519,-0.0885790708954701,-0.0885790708954701,-0.0885790708954701,0.0320565633703811
10.8363107906744,0,-0.028098390818107,0,10.8363107906744,-0.028098390818107,-0.028098390818107,-0.028098390818107,0.071926050301895
7.60971237336999,0,0.0425196941211018,0,7.60971237336999,0.0425196941211018,0.0425196941211018,0.0425196941211018,0.0675431227803087
5.93931454818625,0,-0.0606442522079505,0,5.93931454818625,-0.0606442522079505,-0.0606442522079505,-0.0606442522079505,0.0347252472962151
11.3171115233183,0,-0.0301299566297987,0,11.3171115233183,-0.0301299566297987,-0.0301299566297987,-0.0301299566297987,0.0549217163119364
12.491172371433,0,0.00616174807970621,0,12.491172371433,0.00616174807970621,0.00616174807970621,0.00616174807970621,0.0405245193389735
17.7574754531964,0,-0.0364542682670167,0,17.7574754531964,-0.0364542682670167,-0.0364542682670167,-0.0364542682670167,0.0437339114285826
23.3384346785706,0,0.0173424537425691,0,23.3384346785706,0.0173424537425691,0.0173424537425691,0.0173424537425691,0.0189266195413323
31.0786588545351,0,-0.104141192155505,0,31.0786588545351,-0.104141192155505,-0.104141192155505,-0.104141192155505,0.0562787835549554
16.8846431378076,0,0.0592246738975235,0,16.8846431378076,0.0592246738975235,0.0592246738975235,0.0592246738975235,0.0580511049145327
123.279980889138,0,0.30509624252595,0,123.279980889138,0.30509624252595,0.30509624252595,0.30509624252595,0.059767195787558
10.8384906759069,0,-0.00221059163205814,0,10.8384906759069,-0.00221059163205814,-0.00221059163205814,-0.00221059163205814,0.0251376149245104
7.87691324476292,0,-0.0704972430897311,0,7.87691324476292,-0.0704972430897311,-0.0704972430897311,-0.0704972430897311,0.0322283121382998
14.6925462604222,0,-0.00458452472707301,0,14.6925462604222,-0.00458452472707301,-0.00458452472707301,-0.00458452472707301,0.0444254697733256
12.6985002447189,0,0.0156151615690587,0,12.6985002447189,0.0156151615690587,0.0156151615690587,0.0156151615690587,0.0344296478282526
14.3972634987083,0,-0.0237118006498921,0,14.3972634987083,-0.0237118006498921,-0.0237118006498921,-0.0237118006498921,0.0295064854269103
14.1514365378187,0,-0.0107350800784212,0,14.1514365378187,-0.0107350800784212,-0.0107350800784212,-0.0107350800784212,0.0554744268805768
27.9381463268887,0,-0.0196646199066465,0,27.9381463268887,-0.0196646199066465,-0.0196646199066465,-0.0196646199066465,0.0266030945529787
24.4728765020316,0,-0.0883766236254439,0,24.4728765020316,-0.0883766236254439,-0.0883766236254439,-0.0883766236254439,0.0473406670453721
13.4368696617468,0,0.0535402362440232,0,13.4368696617468,0.0535402362440232,0.0535402362440232,0.0535402362440232,0.0282079903838013
7.48402930279067,0,0.00968988201586394,0,7.48402930279067,0.00968988201586394,0.00968988201586394,0.00968988201586394,0.0686754083472401
25.9320346135502,0,-0.0232712391594247,0,25.9320346135502,-0.0232712391594247,-0.0232712391594247,-0.0232712391594247,0.0300519735078187
NA,NA,NA,NA,NA,NA,NA,NA,NA
12.0144898669671,0,-0.0304643580877798,0,12.0144898669671,-0.0304643580877798,-0.0304643580877798,-0.0304643580877798,0.0246585875375876
5.59197431763262,0,-0.0578220526680145,0,5.59197431763262,-0.0578220526680145,-0.0578220526680145,-0.0578220526680145,0.0290843221745671
7.10118523761685,0,-0.0285278978712163,0,7.10118523761685,-0.0285278978712163,-0.0285278978712163,-0.0285278978712163,0.0595492352872805
8.39406695268219,0,0.0167837864563465,0,8.39406695268219,0.0167837864563465,0.0167837864563465,0.0167837864563465,0.0322473662392579
6.68163411954067,0,0.0399525800720857,0,6.68163411954067,0.0399525800720857,0.0399525800720857,0.0399525800720857,0.0632642521725607
10.9419857642508,0,-0.0876235523401562,0,10.9419857642508,-0.0876235523401562,-0.0876235523401562,-0.0876235523401562,0.0336377588977628
9.567453602661,0,-0.0130573193727359,0,9.567453602661,-0.0130573193727359,-0.0130573193727359,-0.0130573193727359,0.0264340771076804
9.56764954052794,0,-0.00578932875863998,0,9.56764954052794,-0.00578932875863998,-0.00578932875863998,-0.00578932875863998,0.0288617279537588
9.58796747981615,0,0.00725905880614161,0,9.58796747981615,0.00725905880614161,0.00725905880614161,0.00725905880614161,0.0422687684348916
12.9045618909384,0,-0.020800428050844,0,12.9045618909384,-0.020800428050844,-0.020800428050844,-0.020800428050844,0.00918914559220215
9.03381024943225,0,-0.0258591277728825,0,9.03381024943225,-0.0258591277728825,-0.0258591277728825,-0.0258591277728825,0.0210013285642308
7.292171244769,0,0.0214216184583366,0,7.292171244769,0.0214216184583366,0.0214216184583366,0.0214216184583366,0.00787016036700002
10.6567948708008,0,0.0203455428827325,0,10.6567948708008,0.0203455428827325,0.0203455428827325,0.0203455428827325,0.0367174068081082
15.83958844307,0,0.0399832495665445,0,15.83958844307,0.0399832495665445,0.0399832495665445,0.0399832495665445,0.0130470310288665
17.7014293147066,0,0.0234372077444364,0,17.7014293147066,0.0234372077444364,0.0234372077444364,0.0234372077444364,0.0323786122878216
14.7585414478692,0,-0.0143222744287462,0,14.7585414478692,-0.0143222744287462,-0.0143222744287462,-0.0143222744287462,0.0637816832942033
20.7521231210355,0,-0.0269978295709997,0,20.7521231210355,-0.0269978295709997,-0.0269978295709997,-0.0269978295709997,0.0154926437594917
13.9836050997556,0,-0.0596374353307077,0,13.9836050997556,-0.0596374353307077,-0.0596374353307077,-0.0596374353307077,0.0260159424457815
11.3110693140974,0,0.00982781565554414,0,11.3110693140974,0.00982781565554414,0.00982781565554414,0.00982781565554414,0.0152975413868066
16.5519463473715,0,-0.0850116784148187,0,16.5519463473715,-0.0850116784148187,-0.0850116784148187,-0.0850116784148187,0.0449328569998866
12.3671082351961,0,0.0210231372322994,0,12.3671082351961,0.0210231372322994,0.0210231372322994,0.0210231372322994,0.0160828742749283
12.3654554745313,0,-0.0686880413546458,0,12.3654554745313,-0.0686880413546458,-0.0686880413546458,-0.0686880413546458,0.0513325050706189
19.2556223171704,0,0.0285945738844167,0,19.2556223171704,0.0285945738844167,0.0285945738844167,0.0285945738844167,0.0139726523520546
34.7312424253189,0,0.00360906084633839,0,34.7312424253189,0.00360906084633839,0.00360906084633839,0.00360906084633839,0.017575833019559
54.7209102152747,0,0.0196726221291343,0,54.7209102152747,0.0196726221291343,0.0196726221291343,0.0196726221291343,0.0109274670854921
9.37577209119586,0,-0.0166622088619275,0,9.37577209119586,-0.0166622088619275,-0.0166622088619275,-0.0166622088619275,0.0509886552324907
8.22166390729103,0,0.0200227074138689,0,8.22166390729103,0.0200227074138689,0.0200227074138689,0.0200227074138689,0.0889316774406693
6.56936523894705,0,-0.0184803687031215,0,6.56936523894705,-0.0184803687031215,-0.0184803687031215,-0.0184803687031215,0.0397871786329299
7.36539602284415,0,-0.0247872150245361,0,7.36539602284415,-0.0247872150245361,-0.0247872150245361,-0.0247872150245361,0.114121672795408
9.34902839864339,0,-0.0319037471830898,0,9.34902839864339,-0.0319037471830898,-0.0319037471830898,-0.0319037471830898,0.0353702402159913
12.5616640281909,0,0.00441577973083164,0,12.5616640281909,0.00441577973083164,0.00441577973083164,0.00441577973083164,0.0138459086615911
10.5411867057519,0,-0.0885790708954701,0,10.5411867057519,-0.0885790708954701,-0.0885790708954701,-0.0885790708954701,0.0320565633703811
10.8363107906744,0,-0.028098390818107,0,10.8363107906744,-0.028098390818107,-0.028098390818107,-0.028098390818107,0.071926050301895
7.60971237336999,0,0.0425196941211018,0,7.60971237336999,0.0425196941211018,0.0425196941211018,0.0425196941211018,0.0675431227803087
5.93931454818625,0,-0.0606442522079505,0,5.93931454818625,-0.0606442522079505,-0.0606442522079505,-0.0606442522079505,0.0347252472962151
11.3171115233183,0,-0.0301299566297987,0,11.3171115233183,-0.0301299566297987,-0.0301299566297987,-0.0301299566297987,0.0549217163119364
12.491172371433,0,0.00616174807970621,0,12.491172371433,0.00616174807970621,0.00616174807970621,0.00616174807970621,0.0405245193389735
17.7574754531964,0,-0.0364542682670167,0,17.7574754531964,-0.0364542682670167,-0.0364542682670167,-0.0364542682670167,0.0437339114285826
23.3384346785706,0,0.0173424537425691,0,23.3384346785706,0.0173424537425691,0.0173424537425691,0.0173424537425691,0.0189266195413323
31.0786588545351,0,-0.104141192155505,0,31.0786588545351,-0.104141192155505,-0.104141192155505,-0.104141192155505,0.0562787835549554
16.8846431378076,0,0.0592246738975235,0,16.8846431378076,0.0592246738975235,0.0592246738975235,0.0592246738975235,0.0580511049145327
123.279980889138,0,0.30509624252595,0,123.279980889138,0.30509624252595,0.30509624252595,0.30509624252595,0.059767195787558
10.8384906759069,0,-0.00221059163205814,0,10.8384906759069,-0.00221059163205814,-0.00221059163205814,-0.00221059163205814,0.0251376149245104
7.87691324476292,0,-0.0704972430897311,0,7.87691324476292,-0.0704972430897311,-0.0704972430897311,-0.0704972430897311,0.0322283121382998
14.6925462604222,0,-0.00458452472707301,0,14.6925462604222,-0.00458452472707301,-0.00458452472707301,-0.00458452472707301,0.0444254697733256
12.6985002447189,0,0.0156151615690587,0,12.6985002447189,0.0156151615690587,0.0156151615690587,0.0156151615690587,0.0344296478282526
14.3972634987083,0,-0.0237118006498921,0,14.3972634987083,-0.0237118006498921,-0.0237118006498921,-0.0237118006498921,0.0295064854269103
14.1514365378187,0,-0.0107350800784212,0,14.1514365378187,-0.0107350800784212,-0.0107350800784212,-0.0107350800784212,0.0554744268805768
27.9381463268887,0,-0.0196646199066465,0,27.9381463268887,-0.0196646199066465,-0.0196646199066465,-0.0196646199066465,0.0266030945529787
24.4728765020316,0,-0.0883766236254439,0,24.4728765020316,-0.0883766236254439,-0.0883766236254439,-0.0883766236254439,0.0473406670453721
13.4368696617468,0,0.0535402362440232,0,13.4368696617468,0.0535402362440232,0.0535402362440232,0.0535402362440232,0.0282079903838013
7.48402930279067,0,0.00968988201586394,0,7.48402930279067,0.00968988201586394,0.00968988201586394,0.00968988201586394,0.0686754083472401
25.9320346135502,0,-0.0232712391594247,0,25.9320346135502,-0.0232712391594247,-0.0232712391594247,-0.0232712391594247,0.0300519735078187
NA,NA,NA,NA,NA,NA,NA,NA,NA
12.0144898669671,0,-0.0304643580877798,0,12.0144898669671,-0.0304643580877798,-0.0304643580877798,-0.0304643580877798,0.0246585875375876
5.59197431763262,0,-0.0578220526680145,0,5.59197431763262,-0.0578220526680145,-0.0578220526680145,-0.0578220526680145,0.0290843221745671
7.10118523761685,0,-0.0285278978712163,0,7.10118523761685,-0.0285278978712163,-0.0285278978712163,-0.0285278978712163,0.0595492352872805
8.39406695268219,0,0.0167837864563465,0,8.39406695268219,0.0167837864563465,0.0167837864563465,0.0167837864563465,0.0322473662392579
6.68163411954067,0,0.0399525800720857,0,6.68163411954067,0.0399525800720857,0.0399525800720857,0.0399525800720857,0.0632642521725607
10.9419857642508,0,-0.0876235523401562,0,10.9419857642508,-0.0876235523401562,-0.0876235523401562,-0.0876235523401562,0.0336377588977628
9.567453602661,0,-0.0130573193727359,0,9.567453602661,-0.0130573193727359,-0.0130573193727359,-0.0130573193727359,0.0264340771076804
9.56764954052794,0,-0.00578932875863998,0,9.56764954052794,-0.00578932875863998,-0.00578932875863998,-0.00578932875863998,0.0288617279537588
9.58796747981615,0,0.00725905880614161,0,9.58796747981615,0.00725905880614161,0.00725905880614161,0.00725905880614161,0.0422687684348916
12.9045618909384,0,-0.020800428050844,0,12.9045618909384,-0.020800428050844,-0.020800428050844,-0.020800428050844,0.00918914559220215
9.03381024943225,0,-0.0258591277728825,0,9.03381024943225,-0.0258591277728825,-0.0258591277728825,-0.0258591277728825,0.0210013285642308
7.292171244769,0,0.0214216184583366,0,7.292171244769,0.0214216184583366,0.0214216184583366,0.0214216184583366,0.00787016036700002
10.6567948708008,0,0.0203455428827325,0,10.6567948708008,0.0203455428827325,0.0203455428827325,0.0203455428827325,0.0367174068081082
15.83958844307,0,0.0399832495665445,0,15.83958844307,0.0399832495665445,0.0399832495665445,0.0399832495665445,0.0130470310288665
17.7014293147066,0,0.0234372077444364,0,17.7014293147066,0.0234372077444364,0.0234372077444364,0.0234372077444364,0.0323786122878216
14.7585414478692,0,-0.0143222744287462,0,14.7585414478692,-0.0143222744287462,-0.0143222744287462,-0.0143222744287462,0.0637816832942033
20.7521231210355,0,-0.0269978295709997,0,20.7521231210355,-0.0269978295709997,-0.0269978295709997,-0.0269978295709997,0.0154926437594917
13.9836050997556,0,-0.0596374353307077,0,13.9836050997556,-0.0596374353307077,-0.0596374353307077,-0.0596374353307077,0.0260159424457815
11.3110693140974,0,0.00982781565554414,0,11.3110693140974,0.00982781565554414,0.00982781565554414,0.00982781565554414,0.0152975413868066
16.5519463473715,0,-0.0850116784148187,0,16.5519463473715,-0.0850116784148187,-0.0850116784148187,-0.0850116784148187,0.0449328569998866
12.3671082351961,0,0.0210231372322994,0,12.3671082351961,0.0210231372322994,0.0210231372322994,0.0210231372322994,0.0160828742749283
12.3654554745313,0,-0.0686880413546458,0,12.3654554745313,-0.0686880413546458,-0.0686880413546458,-0.0686880413546458,0.0513325050706189
19.2556223171704,0,0.0285945738844167,0,19.2556223171704,0.0285945738844167,0.0285945738844167,0.0285945738844167,0.0139726523520546
34.7312424253189,0,0.00360906084633839,0,34.7312424253189,0.00360906084633839,0.00360906084633839,0.00360906084633839,0.017575833019559
54.7209102152747,0,0.0196726221291343,0,54.7209102152747,0.0196726221291343,0.0196726221291343,0.0196726221291343,0.0109274670854921
9.37577209119586,0,-0.0166622088619275,0,9.37577209119586,-0.0166622088619275,-0.0166622088619275,-0.0166622088619275,0.0509886552324907
8.22166390729103,0,0.0200227074138689,0,8.22166390729103,0.0200227074138689,0.0200227074138689,0.0200227074138689,0.0889316774406693
6.56936523894705,0,-0.0184803687031215,0,6.56936523894705,-0.0184803687031215,-0.0184803687031215,-0.0184803687031215,0.0397871786329299
7.36539602284415,0,-0.0247872150245361,0,7.36539602284415,-0.0247872150245361,-0.0247872150245361,-0.0247872150245361,0.114121672795408
9.34902839864339,0,-0.0319037471830898,0,9.34902839864339,-0.0319037471830898,-0.0319037471830898,-0.0319037471830898,0.0353702402159913
12.5616640281909,0,0.00441577973083164,0,12.5616640281909,0.00441577973083164,0.00441577973083164,0.00441577973083164,0.0138459086615911
10.5411867057519,0,-0.0885790708954701,0,10.5411867057519,-0.0885790708954701,-0.0885790708954701,-0.0885790708954701,0.0320565633703811
10.8363107906744,0,-0.028098390818107,0,10.8363107906744,-0.028098390818107,-0.028098390818107,-0.028098390818107,0.071926050301895
7.60971237336999,0,0.0425196941211018,0,7.60971237336999,0.0425196941211018,0.0425196941211018,0.0425196941211018,0.0675431227803087
5.93931454818625,0,-0.0606442522079505,0,5.93931454818625,-0.0606442522079505,-0.0606442522079505,-0.0606442522079505,0.0347252472962151
11.3171115233183,0,-0.0301299566297987,0,11.3171115233183,-0.0301299566297987,-0.0301299566297987,-0.0301299566297987,0.0549217163119364
12.491172371433,0,0.00616174807970621,0,12.491172371433,0.00616174807970621,0.00616174807970621,0.00616174807970621,0.0405245193389735
17.7574754531964,0,-0.0364542682670167,0,17.7574754531964,-0.0364542682670167,-0.0364542682670167,-0.0364542682670167,0.0437339114285826
23.3384346785706,0,0.0173424537425691,0,23.3384346785706,0.0173424537425691,0.0173424537425691,0.0173424537425691,0.0189266195413323
31.0786588545351,0,-0.104141192155505,0,31.0786588545351,-0.104141192155505,-0.104141192155505,-0.104141192155505,0.0562787835549554
16.8846431378076,0,0.0592246738975235,0,16.8846431378076,0.0592246738975235,0.0592246738975235,0.0592246738975235,0.0580511049145327
123.279980889138,0,0.30509624252595,0,123.279980889138,0.30509624252595,0.30509624252595,0.30509624252595,0.059767195787558
10.8384906759069,0,-0.00221059163205814,0,10.8384906759069,-0.00221059163205814,-0.00221059163205814,-0.00221059163205814,0.0251376149245104
7.87691324476292,0,-0.0704972430897311,0,7.87691324476292,-0.0704972430897311,-0.0704972430897311,-0.0704972430897311,0.0322283121382998
14.6925462604222,0,-0.00458452472707301,0,14.6925462604222,-0.00458452472707301,-0.00458452472707301,-0.00458452472707301,0.0444254697733256
12.6985002447189,0,0.0156151615690587,0,12.6985002447189,0.0156151615690587,0.0156151615690587,0.0156151615690587,0.0344296478282526
14.3972634987083,0,-0.0237118006498921,0,14.3972634987083,-0.0237118006498921,-0.0237118006498921,-0.0237118006498921,0.0295064854269103
14.1514365378187,0,-0.0107350800784212,0,14.1514365378187,-0.0107350800784212,-0.0107350800784212,-0.0107350800784212,0.0554744268805768
27.9381463268887,0,-0.0196646199066465,0,27.9381463268887,-0.0196646199066465,-0.0196646199066465,-0.0196646199066465,0.0266030945529787
24.4728765020316,0,-0.0883766236254439,0,24.4728765020316,-0.0883766236254439,-0.0883766236254439,-0.0883766236254439,0.0473406670453721
13.4368696617468,0,0.0535402362440232,0,13.4368696617468,0.0535402362440232,0.0535402362440232,0.0535402362440232,0.0282079903838013
7.48402930279067,0,0.00968988201586394,0,7.48402930279067,0.00968988201586394,0.00968988201586394,0.00968988201586394,0.0686754083472401
25.9320346135502,0,-0.0232712391594247,0,25.9320346135502,-0.0232712391594247,-0.0232712391594247,-0.0232712391594247,0.0300519735078187
NA,NA,NA,NA,NA,NA,NA,NA,NA
12.0144898669671,0,-0.0304643580877798,0,12.0144898669671,-0.0304643580877798,-0.0304643580877798,-0.0304643580877798,0.0246585875375876
5.59197431763262,0,-0.0578220526680145,0,5.59197431763262,-0.0578220526680145,-0.0578220526680145,-0.0578220526680145,0.0290843221745671
7.10118523761685,0,-0.0285278978712163,0,7.10118523761685,-0.0285278978712163,-0.0285278978712163,-0.0285278978712163,0.0595492352872805
8.39406695268219,0,0.0167837864563465,0,8.39406695268219,0.0167837864563465,0.0167837864563465,0.0167837864563465,0.0322473662392579
6.68163411954067,0,0.0399525800720857,0,6.68163411954067,0.0399525800720857,0.0399525800720857,0.0399525800720857,0.0632642521725607
10.9419857642508,0,-0.0876235523401562,0,10.9419857642508,-0.0876235523401562,-0.0876235523401562,-0.0876235523401562,0.0336377588977628
9.567453602661,0,-0.0130573193727359,0,9.567453602661,-0.0130573193727359,-0.0130573193727359,-0.0130573193727359,0.0264340771076804
9.56764954052794,0,-0.00578932875863998,0,9.56764954052794,-0.00578932875863998,-0.00578932875863998,-0.00578932875863998,0.0288617279537588
9.58796747981615,0,0.00725905880614161,0,9.58796747981615,0.00725905880614161,0.00725905880614161,0.00725905880614161,0.0422687684348916
12.9045618909384,0,-0.020800428050844,0,12.9045618909384,-0.020800428050844,-0.020800428050844,-0.020800428050844,0.00918914559220215
9.03381024943225,0,-0.0258591277728825,0,9.03381024943225,-0.0258591277728825,-0.0258591277728825,-0.0258591277728825,0.0210013285642308
7.292171244769,0,0.0214216184583366,0,7.292171244769,0.0214216184583366,0.0214216184583366,0.0214216184583366,0.00787016036700002
10.6567948708008,0,0.0203455428827325,0,10.6567948708008,0.0203455428827325,0.0203455428827325,0.0203455428827325,0.0367174068081082
15.83958844307,0,0.0399832495665445,0,15.83958844307,0.0399832495665445,0.0399832495665445,0.0399832495665445,0.0130470310288665
17.7014293147066,0,0.0234372077444364,0,17.7014293147066,0.0234372077444364,0.0234372077444364,0.0234372077444364,0.0323786122878216
14.7585414478692,0,-0.0143222744287462,0,14.7585414478692,-0.0143222744287462,-0.0143222744287462,-0.0143222744287462,0.0637816832942033
20.7521231210355,0,-0.0269978295709997,0,20.7521231210355,-0.0269978295709997,-0.0269978295709997,-0.0269978295709997,0.0154926437594917
13.9836050997556,0,-0.0596374353307077,0,13.9836050997556,-0.0596374353307077,-0.0596374353307077,-0.0596374353307077,0.0260159424457815
11.3110693140974,0,0.00982781565554414,0,11.3110693140974,0.00982781565554414,0.00982781565554414,0.00982781565554414,0.0152975413868066
16.5519463473715,0,-0.0850116784148187,0,16.5519463473715,-0.0850116784148187,-0.0850116784148187,-0.0850116784148187,0.0449328569998866
12.3671082351961,0,0.0210231372322994,0,12.3671082351961,0.0210231372322994,0.0210231372322994,0.0210231372322994,0.0160828742749283
12.3654554745313,0,-0.0686880413546458,0,12.3654554745313,-0.0686880413546458,-0.0686880413546458,-0.0686880413546458,0.0513325050706189
19.2556223171704,0,0.0285945738844167,0,19.2556223171704,0.0285945738844167,0.0285945738844167,0.0285945738844167,0.0139726523520546
34.7312424253189,0,0.00360906084633839,0,34.7312424253189,0.00360906084633839,0.00360906084633839,0.00360906084633839,0.017575833019559
54.7209102152747,0,0.0196726221291343,0,54.7209102152747,0.0196726221291343,0.0196726221291343,0.0196726221291343,0.0109274670854921
9.37577209119586,0,-0.0166622088619275,0,9.37577209119586,-0.0166622088619275,-0.0166622088619275,-0.0166622088619275,0.0509886552324907
8.22166390729103,0,0.0200227074138689,0,8.22166390729103,0.0200227074138689,0.0200227074138689,0.0200227074138689,0.0889316774406693
6.56936523894705,0,-0.0184803687031215,0,6.56936523894705,-0.0184803687031215,-0.0184803687031215,-0.0184803687031215,0.0397871786329299
7.36539602284415,0,-0.0247872150245361,0,7.36539602284415,-0.0247872150245361,-0.0247872150245361,-0.0247872150245361,0.114121672795408
9.34902839864339,0,-0.0319037471830898,0,9.34902839864339,-0.0319037471830898,-0.0319037471830898,-0.0319037471830898,0.0353702402159913
12.5616640281909,0,0.00441577973083164,0,12.5616640281909,0.00441577973083164,0.00441577973083164,0.00441577973083164,0.0138459086615911
10.5411867057519,0,-0.0885790708954701,0,10.5411867057519,-0.0885790708954701,-0.0885790708954701,-0.0885790708954701,0.0320565633703811
10.8363107906744,0,-0.028098390818107,0,10.8363107906744,-0.028098390818107,-0.028098390818107,-0.028098390818107,0.071926050301895
7.60971237336999,0,0.0425196941211018,0,7.60971237336999,0.0425196941211018,0.0425196941211018,0.0425196941211018,0.0675431227803087
5.93931454818625,0,-0.0606442522079505,0,5.93931454818625,-0.0606442522079505,-0.0606442522079505,-0.0606442522079505,0.0347252472962151
11.3171115233183,0,-0.0301299566297987,0,11.3171115233183,-0.0301299566297987,-0.0301299566297987,-0.0301299566297987,0.0549217163119364
12.491172371433,0,0.00616174807970621,0,12.491172371433,0.00616174807970621,0.00616174807970621,0.00616174807970621,0.0405245193389735
17.7574754531964,0,-0.0364542682670167,0,17.7574754531964,-0.0364542682670167,-0.0364542682670167,-0.0364542682670167,0.0437339114285826
23.3384346785706,0,0.0173424537425691,0,23.3384346785706,0.0173424537425691,0.0173424537425691,0.0173424537425691,0.0189266195413323
31.0786588545351,0,-0.104141192155505,0,31.0786588545351,-0.104141192155505,-0.104141192155505,-0.104141192155505,0.0562787835549554
16.8846431378076,0,0.0592246738975235,0,16.8846431378076,0.0592246738975235,0.0592246738975235,0.0592246738975235,0.0580511049145327
123.279980889138,0,0.30509624252595,0,123.279980889138,0.30509624252595,0.30509624252595,0.30509624252595,0.059767195787558
10.8384906759069,0,-0.00221059163205814,0,10.8384906759069,-0.00221059163205814,-0.00221059163205814,-0.00221059163205814,0.0251376149245104
7.87691324476292,0,-0.0704972430897311,0,7.87691324476292,-0.0704972430897311,-0.0704972430897311,-0.0704972430897311,0.0322283121382998
14.6925462604222,0,-0.00458452472707301,0,14.6925462604222,-0.00458452472707301,-0.00458452472707301,-0.00458452472707301,0.0444254697733256
12.6985002447189,0,0.0156151615690587,0,12.6985002447189,0.0156151615690587,0.0156151615690587,0.0156151615690587,0.0344296478282526
14.3972634987083,0,-0.0237118006498921,0,14.3972634987083,-0.0237118006498921,-0.0237118006498921,-0.0237118006498921,0.0295064854269103
14.1514365378187,0,-0.0107350800784212,0,14.1514365378187,-0.0107350800784212,-0.0107350800784212,-0.0107350800784212,0.0554744268805768
27.9381463268887,0,-0.0196646199066465,0,27.9381463268887,-0.0196646199066465,-0.0196646199066465,-0.0196646199066465,0.0266030945529787
24.4728765020316,0,-0.0883766236254439,0,24.4728765020316,-0.0883766236254439,-0.0883766236254439,-0.0883766236254439,0.0473406670453721
13.4368696617468,0,0.0535402362440232,0,13.4368696617468,0.0535402362440232,0.0535402362440232,0.0535402362440232,0.0282079903838013
7.48402930279067,0,0.00968988201586394,0,7.48402930279067,0.00968988201586394,0.00968988201586394,0.00968988201586394,0.0686754083472401
25.9320346135502,0,-0.0232712391594247,0,25.9320346135502,-0.0232712391594247,-0.0232712391594247,-0.0232712391594247,0.0300519735078187
NA,NA,NA,NA,NA,NA,NA,NA,NA
12.0144898669671,0,-0.0304643580877798,0,12.0144898669671,-0.0304643580877798,-0.0304643580877798,-0.0304643580877798,0.0246585875375876
5.59197431763262,0,-0.0578220526680145,0,5.59197431763262,-0.0578220526680145,-0.0578220526680145,-0.0578220526680145,0.0290843221745671
7.10118523761685,0,-0.0285278978712163,0,7.10118523761685,-0.0285278978712163,-0.0285278978712163,-0.0285278978712163,0.0595492352872805
8.39406695268219,0,0.0167837864563465,0,8.39406695268219,0.0167837864563465,0.0167837864563465,0.0167837864563465,0.0322473662392579
6.68163411954067,0,0.0399525800720857,0,6.68163411954067,0.0399525800720857,0.0399525800720857,0.0399525800720857,0.0632642521725607
10.9419857642508,0,-0.0876235523401562,0,10.9419857642508,-0.0876235523401562,-0.0876235523401562,-0.0876235523401562,0.0336377588977628
9.567453602661,0,-0.0130573193727359,0,9.567453602661,-0.0130573193727359,-0.0130573193727359,-0.0130573193727359,0.0264340771076804
9.56764954052794,0,-0.00578932875863998,0,9.56764954052794,-0.00578932875863998,-0.00578932875863998,-0.00578932875863998,0.0288617279537588
9.58796747981615,0,0.00725905880614161,0,9.58796747981615,0.00725905880614161,0.00725905880614161,0.00725905880614161,0.0422687684348916
12.9045618909384,0,-0.020800428050844,0,12.9045618909384,-0.020800428050844,-0.020800428050844,-0.020800428050844,0.00918914559220215
9.03381024943225,0,-0.0258591277728825,0,9.03381024943225,-0.0258591277728825,-0.0258591277728825,-0.0258591277728825,0.0210013285642308
7.292171244769,0,0.0214216184583366,0,7.292171244769,0.0214216184583366,0.0214216184583366,0.0214216184583366,0.00787016036700002
10.6567948708008,0,0.0203455428827325,0,10.6567948708008,0.0203455428827325,0.0203455428827325,0.0203455428827325,0.0367174068081082
15.83958844307,0,0.0399832495665445,0,15.83958844307,0.0399832495665445,0.0399832495665445,0.0399832495665445,0.0130470310288665
17.7014293147066,0,0.0234372077444364,0,17.7014293147066,0.0234372077444364,0.0234372077444364,0.0234372077444364,0.0323786122878216
14.7585414478692,0,-0.0143222744287462,0,14.7585414478692,-0.0143222744287462,-0.0143222744287462,-0.0143222744287462,0.0637816832942033
20.7521231210355,0,-0.0269978295709997,0,20.7521231210355,-0.0269978295709997,-0.0269978295709997,-0.0269978295709997,0.0154926437594917
13.9836050997556,0,-0.0596374353307077,0,13.9836050997556,-0.0596374353307077,-0.0596374353307077,-0.0596374353307077,0.0260159424457815
11.3110693140974,0,0.00982781565554414,0,11.3110693140974,0.00982781565554414,0.00982781565554414,0.00982781565554414,0.0152975413868066
16.5519463473715,0,-0.0850116784148187,0,16.5519463473715,-0.0850116784148187,-0.0850116784148187,-0.0850116784148187,0.0449328569998866
12.3671082351961,0,0.0210231372322994,0,12.3671082351961,0.0210231372322994,0.0210231372322994,0.0210231372322994,0.0160828742749283
12.3654554745313,0,-0.0686880413546458,0,12.3654554745313,-0.0686880413546458,-0.0686880413546458,-0.0686880413546458,0.0513325050706189
19.2556223171704,0,0.0285945738844167,0,19.2556223171704,0.0285945738844167,0.0285945738844167,0.0285945738844167,0.0139726523520546
34.7312424253189,0,0.00360906084633839,0,34.7312424253189,0.00360906084633839,0.00360906084633839,0.00360906084633839,0.017575833019559
54.7209102152747,0,0.0196726221291343,0,54.7209102152747,0.0196726221291343,0.0196726221291343,0.0196726221291343,0.0109274670854921
9.37577209119586,0,-0.0166622088619275,0,9.37577209119586,-0.0166622088619275,-0.0166622088619275,-0.0166622088619275,0.0509886552324907
8.22166390729103,0,0.0200227074138689,0,8.22166390729103,0.0200227074138689,0.0200227074138689,0.0200227074138689,0.0889316774406693
6.56936523894705,0,-0.0184803687031215,0,6.56936523894705,-0.0184803687031215,-0.0184803687031215,-0.0184803687031215,0.0397871786329299
7.36539602284415,0,-0.0247872150245361,0,7.36539602284415,-0.0247872150245361,-0.0247872150245361,-0.0247872150245361,0.114121672795408
9.34902839864339,0,-0.0319037471830898,0,9.34902839864339,-0.0319037471830898,-0.0319037471830898,-0.0319037471830898,0.0353702402159913
12.5616640281909,0,0.00441577973083164,0,12.5616640281909,0.00441577973083164,0.00441577973083164,0.00441577973083164,0.0138459086615911
10.5411867057519,0,-0.0885790708954701,0,10.5411867057519,-0.0885790708954701,-0.0885790708954701,-0.0885790708954701,0.0320565633703811
10.8363107906744,0,-0.028098390818107,0,10.8363107906744,-0.028098390818107,-0.028098390818107,-0.028098390818107,0.071926050301895
7.60971237336999,0,0.0425196941211018,0,7.60971237336999,0.0425196941211018,0.0425196941211018,0.0425196941211018,0.0675431227803087
5.93931454818625,0,-0.0606442522079505,0,5.93931454818625,-0.0606442522079505,-0.0606442522079505,-0.0606442522079505,0.0347252472962151
11.3171115233183,0,-0.0301299566297987,0,11.3171115233183,-0.0301299566297987,-0.0301299566297987,-0.0301299566297987,0.0549217163119364
12.491172371433,0,0.00616174807970621,0,12.491172371433,0.00616174807970621,0.00616174807970621,0.00616174807970621,0.0405245193389735
17.7574754531964,0,-0.0364542682670167,0,17.7574754531964,-0.0364542682670167,-0.0364542682670167,-0.0364542682670167,0.0437339114285826
23.3384346785706,0,0.0173424537425691,0,23.3384346785706,0.0173424537425691,0.0173424537425691,0.0173424537425691,0.0189266195413323
31.0786588545351,0,-0.104141192155505,0,31.0786588545351,-0.104141192155505,-0.104141192155505,-0.104141192155505,0.0562787835549554
16.8846431378076,0,0.0592246738975235,0,16.8846431378076,0.0592246738975235,0.0592246738975235,0.0592246738975235,0.0580511049145327
123.279980889138,0,0.30509624252595,0,123.279980889138,0.30509624252595,0.30509624252595,0.30509624252595,0.059767195787558
10.8384906759069,0,-0.00221059163205814,0,10.8384906759069,-0.00221059163205814,-0.00221059163205814,-0.00221059163205814,0.0251376149245104
7.87691324476292,0,-0.0704972430897311,0,7.87691324476292,-0.0704972430897311,-0.0704972430897311,-0.0704972430897311,0.0322283121382998
14.6925462604222,0,-0.00458452472707301,0,14.6925462604222,-0.00458452472707301,-0.00458452472707301,-0.00458452472707301,0.0444254697733256
12.6985002447189,0,0.0156151615690587,0,12.6985002447189,0.0156151615690587,0.0156151615690587,0.0156151615690587,0.0344296478282526
14.3972634987083,0,-0.0237118006498921,0,14.3972634987083,-0.0237118006498921,-0.0237118006498921,-0.0237118006498921,0.0295064854269103
14.1514365378187,0,-0.0107350800784212,0,14.1514365378187,-0.0107350800784212,-0.0107350800784212,-0.0107350800784212,0.0554744268805768
27.9381463268887,0,-0.0196646199066465,0,27.9381463268887,-0.0196646199066465,-0.0196646199066465,-0.0196646199066465,0.0266030945529787
24.4728765020316,0,-0.0883766236254439,0,24.4728765020316,-0.0883766236254439,-0.0883766236254439,-0.0883766236254439,0.0473406670453721
13.4368696617468,0,0.0535402362440232,0,13.4368696617468,0.0535402362440232,0.0535402362440232,0.0535402362440232,0.0282079903838013
7.48402930279067,0,0.00968988201586394,0,7.48402930279067,0.00968988201586394,0.00968988201586394,0.00968988201586394,0.0686754083472401
25.9320346135502,0,-0.0232712391594247,0,25.9320346135502,-0.0232712391594247,-0.0232712391594247,-0.0232712391594247,0.0300519735078187
NA,NA,NA,NA,NA,NA,NA,NA,NA
12.0144898669671,0,-0.0304643580877798,0,12.0144898669671,-0.0304643580877798,-0.0304643580877798,-0.0304643580877798,0.0246585875375876
5.59197431763262,0,-0.0578220526680145,0,5.59197431763262,-0.0578220526680145,-0.0578220526680145,-0.0578220526680145,0.0290843221745671
7.10118523761685,0,-0.0285278978712163,0,7.10118523761685,-0.0285278978712163,-0.0285278978712163,-0.0285278978712163,0.0595492352872805
8.39406695268219,0,0.0167837864563465,0,8.39406695268219,0.0167837864563465,0.0167837864563465,0.0167837864563465,0.0322473662392579
6.68163411954067,0,0.0399525800720857,0,6.68163411954067,0.0399525800720857,0.0399525800720857,0.0399525800720857,0.0632642521725607
10.9419857642508,0,-0.0876235523401562,0,10.9419857642508,-0.0876235523401562,-0.0876235523401562,-0.0876235523401562,0.0336377588977628
9.567453602661,0,-0.0130573193727359,0,9.567453602661,-0.0130573193727359,-0.0130573193727359,-0.0130573193727359,0.0264340771076804
9.56764954052794,0,-0.00578932875863998,0,9.56764954052794,-0.00578932875863998,-0.00578932875863998,-0.00578932875863998,0.0288617279537588
9.58796747981615,0,0.00725905880614161,0,9.58796747981615,0.00725905880614161,0.00725905880614161,0.00725905880614161,0.0422687684348916
12.9045618909384,0,-0.020800428050844,0,12.9045618909384,-0.020800428050844,-0.020800428050844,-0.020800428050844,0.00918914559220215
9.03381024943225,0,-0.0258591277728825,0,9.03381024943225,-0.0258591277728825,-0.0258591277728825,-0.0258591277728825,0.0210013285642308
7.292171244769,0,0.0214216184583366,0,7.292171244769,0.0214216184583366,0.0214216184583366,0.0214216184583366,0.00787016036700002
10.6567948708008,0,0.0203455428827325,0,10.6567948708008,0.0203455428827325,0.0203455428827325,0.0203455428827325,0.0367174068081082
15.83958844307,0,0.0399832495665445,0,15.83958844307,0.0399832495665445,0.0399832495665445,0.0399832495665445,0.0130470310288665
17.7014293147066,0,0.0234372077444364,0,17.7014293147066,0.0234372077444364,0.0234372077444364,0.0234372077444364,0.0323786122878216
14.7585414478692,0,-0.0143222744287462,0,14.7585414478692,-0.0143222744287462,-0.0143222744287462,-0.0143222744287462,0.0637816832942033
20.7521231210355,0,-0.0269978295709997,0,20.7521231210355,-0.0269978295709997,-0.0269978295709997,-0.0269978295709997,0.0154926437594917
13.9836050997556,0,-0.0596374353307077,0,13.9836050997556,-0.0596374353307077,-0.0596374353307077,-0.0596374353307077,0.0260159424457815
11.3110693140974,0,0.00982781565554414,0,11.3110693140974,0.00982781565554414,0.00982781565554414,0.00982781565554414,0.0152975413868066
16.5519463473715,0,-0.0850116784148187,0,16.5519463473715,-0.0850116784148187,-0.0850116784148187,-0.0850116784148187,0.0449328569998866
12.3671082351961,0,0.0210231372322994,0,12.3671082351961,0.0210231372322994,0.0210231372322994,0.0210231372322994,0.0160828742749283
12.3654554745313,0,-0.0686880413546458,0,12.3654554745313,-0.0686880413546458,-0.0686880413546458,-0.0686880413546458,0.0513325050706189
19.2556223171704,0,0.0285945738844167,0,19.2556223171704,0.0285945738844167,0.0285945738844167,0.0285945738844167,0.0139726523520546
34.7312424253189,0,0.00360906084633839,0,34.7312424253189,0.00360906084633839,0.00360906084633839,0.00360906084633839,0.017575833019559
54.7209102152747,0,0.0196726221291343,0,54.7209102152747,0.0196726221291343,0.0196726221291343,0.0196726221291343,0.0109274670854921
9.37577209119586,0,-0.0166622088619275,0,9.37577209119586,-0.0166622088619275,-0.0166622088619275,-0.0166622088619275,0.0509886552324907
8.22166390729103,0,0.0200227074138689,0,8.22166390729103,0.0200227074138689,0.0200227074138689,0.0200227074138689,0.0889316774406693
6.56936523894705,0,-0.0184803687031215,0,6.56936523894705,-0.0184803687031215,-0.0184803687031215,-0.0184803687031215,0.0397871786329299
7.36539602284415,0,-0.0247872150245361,0,7.36539602284415,-0.0247872150245361,-0.0247872150245361,-0.0247872150245361,0.114121672795408
9.34902839864339,0,-0.0319037471830898,0,9.34902839864339,-0.0319037471830898,-0.0319037471830898,-0.0319037471830898,0.0353702402159913
12.5616640281909,0,0.00441577973083164,0,12.5616640281909,0.00441577973083164,0.00441577973083164,0.00441577973083164,0.0138459086615911
10.5411867057519,0,-0.0885790708954701,0,10.5411867057519,-0.0885790708954701,-0.0885790708954701,-0.0885790708954701,0.0320565633703811
10.8363107906744,0,-0.028098390818107,0,10.8363107906744,-0.028098390818107,-0.028098390818107,-0.028098390818107,0.071926050301895
7.60971237336999,0,0.0425196941211018,0,7.60971237336999,0.0425196941211018,0.0425196941211018,0.0425196941211018,0.0675431227803087
5.93931454818625,0,-0.0606442522079505,0,5.93931454818625,-0.0606442522079505,-0.0606442522079505,-0.0606442522079505,0.0347252472962151
11.3171115233183,0,-0.0301299566297987,0,11.3171115233183,-0.0301299566297987,-0.0301299566297987,-0.0301299566297987,0.0549217163119364
12.491172371433,0,0.00616174807970621,0,12.491172371433,0.00616174807970621,0.00616174807970621,0.00616174807970621,0.0405245193389735
17.7574754531964,0,-0.0364542682670167,0,17.7574754531964,-0.0364542682670167,-0.0364542682670167,-0.0364542682670167,0.0437339114285826
23.3384346785706,0,0.0173424537425691,0,23.3384346785706,0.0173424537425691,0.0173424537425691,0.0173424537425691,0.0189266195413323
31.0786588545351,0,-0.104141192155505,0,31.0786588545351,-0.104141192155505,-0.104141192155505,-0.104141192155505,0.0562787835549554
16.8846431378076,0,0.0592246738975235,0,16.8846431378076,0.0592246738975235,0.0592246738975235,0.0592246738975235,0.0580511049145327
123.279980889138,0,0.30509624252595,0,123.279980889138,0.30509624252595,0.30509624252595,0.30509624252595,0.059767195787558
10.8384906759069,0,-0.00221059163205814,0,10.8384906759069,-0.00221059163205814,-0.00221059163205814,-0.00221059163205814,0.0251376149245104
7.87691324476292,0,-0.0704972430897311,0,7.87691324476292,-0.0704972430897311,-0.0704972430897311,-0.0704972430897311,0.0322283121382998
14.6925462604222,0,-0.00458452472707301,0,14.6925462604222,-0.00458452472707301,-0.00458452472707301,-0.00458452472707301,0.0444254697733256
12.6985002447189,0,0.0156151615690587,0,12.6985002447189,0.0156151615690587,0.0156151615690587,0.0156151615690587,0.0344296478282526
14.3972634987083,0,-0.0237118006498921,0,14.3972634987083,-0.0237118006498921,-0.0237118006498921,-0.0237118006498921,0.0295064854269103
14.1514365378187,0,-0.0107350800784212,0,14.1514365378187,-0.0107350800784212,-0.0107350800784212,-0.0107350800784212,0.0554744268805768
27.9381463268887,0,-0.0196646199066465,0,27.9381463268887,-0.0196646199066465,-0.0196646199066465,-0.0196646199066465,0.0266030945529787
24.4728765020316,0,-0.0883766236254439,0,24.4728765020316,-0.0883766236254439,-0.0883766236254439,-0.0883766236254439,0.0473406670453721
13.4368696617468,0,0.0535402362440232,0,13.4368696617468,0.0535402362440232,0.0535402362440232,0.0535402362440232,0.0282079903838013
7.48402930279067,0,0.00968988201586394,0,7.48402930279067,0.00968988201586394,0.00968988201586394,0.00968988201586394,0.0686754083472401
25.9320346135502,0,-0.0232712391594247,0,25.9320346135502,-0.0232712391594247,-0.0232712391594247,-0.0232712391594247,0.0300519735078187
NA,NA,NA,NA,NA,NA,NA,NA,NA
12.0144898669671,0,-0.0304643580877798,0,12.0144898669671,-0.0304643580877798,-0.0304643580877798,-0.0304643580877798,0.0246585875375876
5.59197431763262,0,-0.0578220526680145,0,5.59197431763262,-0.0578220526680145,-0.0578220526680145,-0.0578220526680145,0.0290843221745671
7.10118523761685,0,-0.0285278978712163,0,7.10118523761685,-0.0285278978712163,-0.0285278978712163,-0.0285278978712163,0.0595492352872805
8.39406695268219,0,0.0167837864563465,0,8.39406695268219,0.0167837864563465,0.0167837864563465,0.0167837864563465,0.0322473662392579
6.68163411954067,0,0.0399525800720857,0,6.68163411954067,0.0399525800720857,0.0399525800720857,0.0399525800720857,0.0632642521725607
10.9419857642508,0,-0.0876235523401562,0,10.9419857642508,-0.0876235523401562,-0.0876235523401562,-0.0876235523401562,0.0336377588977628
9.567453602661,0,-0.0130573193727359,0,9.567453602661,-0.0130573193727359,-0.0130573193727359,-0.0130573193727359,0.0264340771076804
9.56764954052794,0,-0.00578932875863998,0,9.56764954052794,-0.00578932875863998,-0.00578932875863998,-0.00578932875863998,0.0288617279537588
9.58796747981615,0,0.00725905880614161,0,9.58796747981615,0.00725905880614161,0.00725905880614161,0.00725905880614161,0.0422687684348916
12.9045618909384,0,-0.020800428050844,0,12.9045618909384,-0.020800428050844,-0.020800428050844,-0.020800428050844,0.00918914559220215
9.03381024943225,0,-0.0258591277728825,0,9.03381024943225,-0.0258591277728825,-0.0258591277728825,-0.0258591277728825,0.0210013285642308
7.292171244769,0,0.0214216184583366,0,7.292171244769,0.0214216184583366,0.0214216184583366,0.0214216184583366,0.00787016036700002
10.6567948708008,0,0.0203455428827325,0,10.6567948708008,0.0203455428827325,0.0203455428827325,0.0203455428827325,0.0367174068081082
15.83958844307,0,0.0399832495665445,0,15.83958844307,0.0399832495665445,0.0399832495665445,0.0399832495665445,0.0130470310288665
17.7014293147066,0,0.0234372077444364,0,17.7014293147066,0.0234372077444364,0.0234372077444364,0.0234372077444364,0.0323786122878216
14.7585414478692,0,-0.0143222744287462,0,14.7585414478692,-0.0143222744287462,-0.0143222744287462,-0.0143222744287462,0.0637816832942033
20.7521231210355,0,-0.0269978295709997,0,20.7521231210355,-0.0269978295709997,-0.0269978295709997,-0.0269978295709997,0.0154926437594917
13.9836050997556,0,-0.0596374353307077,0,13.9836050997556,-0.0596374353307077,-0.0596374353307077,-0.0596374353307077,0.0260159424457815
11.3110693140974,0,0.00982781565554414,0,11.3110693140974,0.00982781565554414,0.00982781565554414,0.00982781565554414,0.0152975413868066
16.5519463473715,0,-0.0850116784148187,0,16.5519463473715,-0.0850116784148187,-0.0850116784148187,-0.0850116784148187,0.0449328569998866
12.3671082351961,0,0.0210231372322994,0,12.3671082351961,0.0210231372322994,0.0210231372322994,0.0210231372322994,0.0160828742749283
12.3654554745313,0,-0.0686880413546458,0,12.3654554745313,-0.0686880413546458,-0.0686880413546458,-0.0686880413546458,0.0513325050706189
19.2556223171704,0,0.0285945738844167,0,19.2556223171704,0.0285945738844167,0.0285945738844167,0.0285945738844167,0.0139726523520546
34.7312424253189,0,0.00360906084633839,0,34.7312424253189,0.00360906084633839,0.00360906084633839,0.00360906084633839,0.017575833019559
54.7209102152747,0,0.0196726221291343,0,54.7209102152747,0.0196726221291343,0.0196726221291343,0.0196726221291343,0.0109274670854921
9.37577209119586,0,-0.0166622088619275,0,9.37577209119586,-0.0166622088619275,-0.0166622088619275,-0.0166622088619275,0.0509886552324907
8.22166390729103,0,0.0200227074138689,0,8.22166390729103,0.0200227074138689,0.0200227074138689,0.0200227074138689,0.0889316774406693
6.56936523894705,0,-0.0184803687031215,0,6.56936523894705,-0.0184803687031215,-0.0184803687031215,-0.0184803687031215,0.0397871786329299
7.36539602284415,0,-0.0247872150245361,0,7.36539602284415,-0.0247872150245361,-0.0247872150245361,-0.0247872150245361,0.114121672795408
9.34902839864339,0,-0.0319037471830898,0,9.34902839864339,-0.0319037471830898,-0.0319037471830898,-0.0319037471830898,0.0353702402159913
12.5616640281909,0,0.00441577973083164,0,12.5616640281909,0.00441577973083164,0.00441577973083164,0.00441577973083164,0.0138459086615911
10.5411867057519,0,-0.0885790708954701,0,10.5411867057519,-0.0885790708954701,-0.0885790708954701,-0.0885790708954701,0.0320565633703811
10.8363107906744,0,-0.028098390818107,0,10.8363107906744,-0.028098390818107,-0.028098390818107,-0.028098390818107,0.071926050301895
7.60971237336999,0,0.0425196941211018,0,7.60971237336999,0.0425196941211018,0.0425196941211018,0.0425196941211018,0.0675431227803087
5.93931454818625,0,-0.0606442522079505,0,5.93931454818625,-0.0606442522079505,-0.0606442522079505,-0.0606442522079505,0.0347252472962151
11.3171115233183,0,-0.0301299566297987,0,11.3171115233183,-0.0301299566297987,-0.0301299566297987,-0.0301299566297987,0.0549217163119364
12.491172371433,0,0.00616174807970621,0,12.491172371433,0.00616174807970621,0.00616174807970621,0.00616174807970621,0.0405245193389735
17.7574754531964,0,-0.0364542682670167,0,17.7574754531964,-0.0364542682670167,-0.0364542682670167,-0.0364542682670167,0.0437339114285826
23.3384346785706,0,0.0173424537425691,0,23.3384346785706,0.0173424537425691,0.0173424537425691,0.0173424537425691,0.0189266195413323
31.0786588545351,0,-0.104141192155505,0,31.0786588545351,-0.104141192155505,-0.104141192155505,-0.104141192155505,0.0562787835549554
16.8846431378076,0,0.0592246738975235,0,16.8846431378076,0.0592246738975235,0.0592246738975235,0.0592246738975235,0.0580511049145327
129.543664939788,0,0.187339131251037,0,129.543664939788,0.187339131251037,0.187339131251037,0.187339131251037,0.0392949098741799
10.8384906759069,0,-0.00221059163205814,0,10.8384906759069,-0.00221059163205814,-0.00221059163205814,-0.00221059163205814,0.0251376149245104
7.87691324476292,0,-0.0704972430897311,0,7.87691324476292,-0.0704972430897311,-0.0704972430897311,-0.0704972430897311,0.0322283121382998
14.6925462604222,0,-0.00458452472707301,0,14.6925462604222,-0.00458452472707301,-0.00458452472707301,-0.00458452472707301,0.0444254697733256
12.6985002447189,0,0.0156151615690587,0,12.6985002447189,0.0156151615690587,0.0156151615690587,0.0156151615690587,0.0344296478282526
14.3972634987083,0,-0.0237118006498921,0,14.3972634987083,-0.0237118006498921,-0.0237118006498921,-0.0237118006498921,0.0295064854269103
14.1514365378187,0,-0.0107350800784212,0,14.1514365378187,-0.0107350800784212,-0.0107350800784212,-0.0107350800784212,0.0554744268805768
27.9381463268887,0,-0.0196646199066465,0,27.9381463268887,-0.0196646199066465,-0.0196646199066465,-0.0196646199066465,0.0266030945529787
24.4728765020316,0,-0.0883766236254439,0,24.4728765020316,-0.0883766236254439,-0.0883766236254439,-0.0883766236254439,0.0473406670453721
13.4368696617468,0,0.0535402362440232,0,13.4368696617468,0.0535402362440232,0.0535402362440232,0.0535402362440232,0.0282079903838013
7.48402930279067,0,0.00968988201586394,0,7.48402930279067,0.00968988201586394,0.00968988201586394,0.00968988201586394,0.0686754083472401
25.9320346135502,0,-0.0232712391594247,0,25.9320346135502,-0.0232712391594247,-0.0232712391594247,-0.0232712391594247,0.0300519735078187
NA,NA,NA,NA,NA,NA,NA,NA,NA
12.0144898669671,0,-0.0304643580877798,0,12.0144898669671,-0.0304643580877798,-0.0304643580877798,-0.0304643580877798,0.0246585875375876
5.59197431763262,0,-0.0578220526680145,0,5.59197431763262,-0.0578220526680145,-0.0578220526680145,-0.0578220526680145,0.0290843221745671
7.10118523761685,0,-0.0285278978712163,0,7.10118523761685,-0.0285278978712163,-0.0285278978712163,-0.0285278978712163,0.0595492352872805
8.39406695268219,0,0.0167837864563465,0,8.39406695268219,0.0167837864563465,0.0167837864563465,0.0167837864563465,0.0322473662392579
6.68163411954067,0,0.0399525800720857,0,6.68163411954067,0.0399525800720857,0.0399525800720857,0.0399525800720857,0.0632642521725607
10.9419857642508,0,-0.0876235523401562,0,10.9419857642508,-0.0876235523401562,-0.0876235523401562,-0.0876235523401562,0.0336377588977628
9.567453602661,0,-0.0130573193727359,0,9.567453602661,-0.0130573193727359,-0.0130573193727359,-0.0130573193727359,0.0264340771076804
9.56764954052794,0,-0.00578932875863998,0,9.56764954052794,-0.00578932875863998,-0.00578932875863998,-0.00578932875863998,0.0288617279537588
9.58796747981615,0,0.00725905880614161,0,9.58796747981615,0.00725905880614161,0.00725905880614161,0.00725905880614161,0.0422687684348916
12.9045618909384,0,-0.020800428050844,0,12.9045618909384,-0.020800428050844,-0.020800428050844,-0.020800428050844,0.00918914559220215
9.03381024943225,0,-0.0258591277728825,0,9.03381024943225,-0.0258591277728825,-0.0258591277728825,-0.0258591277728825,0.0210013285642308
7.292171244769,0,0.0214216184583366,0,7.292171244769,0.0214216184583366,0.0214216184583366,0.0214216184583366,0.00787016036700002
10.6567948708008,0,0.0203455428827325,0,10.6567948708008,0.0203455428827325,0.0203455428827325,0.0203455428827325,0.0367174068081082
15.83958844307,0,0.0399832495665445,0,15.83958844307,0.0399832495665445,0.0399832495665445,0.0399832495665445,0.0130470310288665
17.7014293147066,0,0.0234372077444364,0,17.7014293147066,0.0234372077444364,0.0234372077444364,0.0234372077444364,0.0323786122878216
14.7585414478692,0,-0.0143222744287462,0,14.7585414478692,-0.0143222744287462,-0.0143222744287462,-0.0143222744287462,0.0637816832942033
20.7521231210355,0,-0.0269978295709997,0,20.7521231210355,-0.0269978295709997,-0.0269978295709997,-0.0269978295709997,0.0154926437594917
13.9836050997556,0,-0.0596374353307077,0,13.9836050997556,-0.0596374353307077,-0.0596374353307077,-0.0596374353307077,0.0260159424457815
11.3110693140974,0,0.00982781565554414,0,11.3110693140974,0.00982781565554414,0.00982781565554414,0.00982781565554414,0.0152975413868066
16.5519463473715,0,-0.0850116784148187,0,16.5519463473715,-0.0850116784148187,-0.0850116784148187,-0.0850116784148187,0.0449328569998866
12.3671082351961,0,0.0210231372322994,0,12.3671082351961,0.0210231372322994,0.0210231372322994,0.0210231372322994,0.0160828742749283
12.3654554745313,0,-0.0686880413546458,0,12.3654554745313,-0.0686880413546458,-0.0686880413546458,-0.0686880413546458,0.0513325050706189
19.2556223171704,0,0.0285945738844167,0,19.2556223171704,0.0285945738844167,0.0285945738844167,0.0285945738844167,0.0139726523520546
34.7312424253189,0,0.00360906084633839,0,34.7312424253189,0.00360906084633839,0.00360906084633839,0.00360906084633839,0.017575833019559
54.7209102152747,0,0.0196726221291343,0,54.7209102152747,0.0196726221291343,0.0196726221291343,0.0196726221291343,0.0109274670854921
9.37577209119586,0,-0.0166622088619275,0,9.37577209119586,-0.0166622088619275,-0.0166622088619275,-0.0166622088619275,0.0509886552324907
8.22166390729103,0,0.0200227074138689,0,8.22166390729103,0.0200227074138689,0.0200227074138689,0.0200227074138689,0.0889316774406693
6.56936523894705,0,-0.0184803687031215,0,6.56936523894705,-0.0184803687031215,-0.0184803687031215,-0.0184803687031215,0.0397871786329299
7.36539602284415,0,-0.0247872150245361,0,7.36539602284415,-0.0247872150245361,-0.0247872150245361,-0.0247872150245361,0.114121672795408
9.34902839864339,0,-0.0319037471830898,0,9.34902839864339,-0.0319037471830898,-0.0319037471830898,-0.0319037471830898,0.0353702402159913
12.5616640281909,0,0.00441577973083164,0,12.5616640281909,0.00441577973083164,0.00441577973083164,0.00441577973083164,0.0138459086615911
10.5411867057519,0,-0.0885790708954701,0,10.5411867057519,-0.0885790708954701,-0.0885790708954701,-0.0885790708954701,0.0320565633703811
10.8363107906744,0,-0.028098390818107,0,10.8363107906744,-0.028098390818107,-0.028098390818107,-0.028098390818107,0.071926050301895
7.60971237336999,0,0.0425196941211018,0,7.60971237336999,0.0425196941211018,0.0425196941211018,0.0425196941211018,0.0675431227803087
5.93931454818625,0,-0.0606442522079505,0,5.93931454818625,-0.0606442522079505,-0.0606442522079505,-0.0606442522079505,0.0347252472962151
11.3171115233183,0,-0.0301299566297987,0,11.3171115233183,-0.0301299566297987,-0.0301299566297987,-0.0301299566297987,0.0549217163119364
12.491172371433,0,0.00616174807970621,0,12.491172371433,0.00616174807970621,0.00616174807970621,0.00616174807970621,0.0405245193389735
17.7574754531964,0,-0.0364542682670167,0,17.7574754531964,-0.0364542682670167,-0.0364542682670167,-0.0364542682670167,0.0437339114285826
23.3384346785706,0,0.0173424537425691,0,23.3384346785706,0.0173424537425691,0.0173424537425691,0.0173424537425691,0.0189266195413323
31.0786588545351,0,-0.104141192155505,0,31.0786588545351,-0.104141192155505,-0.104141192155505,-0.104141192155505,0.0562787835549554
16.8846431378076,0,0.0592246738975235,0,16.8846431378076,0.0592246738975235,0.0592246738975235,0.0592246738975235,0.0580511049145327
129.543664939788,0,0.187339131251037,0,129.543664939788,0.187339131251037,0.187339131251037,0.187339131251037,0.0392949098741799
10.8384906759069,0,-0.00221059163205814,0,10.8384906759069,-0.00221059163205814,-0.00221059163205814,-0.00221059163205814,0.0251376149245104
7.87691324476292,0,-0.0704972430897311,0,7.87691324476292,-0.0704972430897311,-0.0704972430897311,-0.0704972430897311,0.0322283121382998
14.6925462604222,0,-0.00458452472707301,0,14.6925462604222,-0.00458452472707301,-0.00458452472707301,-0.00458452472707301,0.0444254697733256
12.6985002447189,0,0.0156151615690587,0,12.6985002447189,0.0156151615690587,0.0156151615690587,0.0156151615690587,0.0344296478282526
14.3972634987083,0,-0.0237118006498921,0,14.3972634987083,-0.0237118006498921,-0.0237118006498921,-0.0237118006498921,0.0295064854269103
14.1514365378187,0,-0.0107350800784212,0,14.1514365378187,-0.0107350800784212,-0.0107350800784212,-0.0107350800784212,0.0554744268805768
27.9381463268887,0,-0.0196646199066465,0,27.9381463268887,-0.0196646199066465,-0.0196646199066465,-0.0196646199066465,0.0266030945529787
24.4728765020316,0,-0.0883766236254439,0,24.4728765020316,-0.0883766236254439,-0.0883766236254439,-0.0883766236254439,0.0473406670453721
13.4368696617468,0,0.0535402362440232,0,13.4368696617468,0.0535402362440232,0.0535402362440232,0.0535402362440232,0.0282079903838013
7.48402930279067,0,0.00968988201586394,0,7.48402930279067,0.00968988201586394,0.00968988201586394,0.00968988201586394,0.0686754083472401
25.9320346135502,0,-0.0232712391594247,0,25.9320346135502,-0.0232712391594247,-0.0232712391594247,-0.0232712391594247,0.0300519735078187
NA,NA,NA,NA,NA,NA,NA,NA,NA
12.0144898669671,0,-0.0304643580877798,0,12.0144898669671,-0.0304643580877798,-0.0304643580877798,-0.0304643580877798,0.0246585875375876
5.59197431763262,0,-0.0578220526680145,0,5.59197431763262,-0.0578220526680145,-0.0578220526680145,-0.0578220526680145,0.0290843221745671
7.10118523761685,0,-0.0285278978712163,0,7.10118523761685,-0.0285278978712163,-0.0285278978712163,-0.0285278978712163,0.0595492352872805
8.39406695268219,0,0.0167837864563465,0,8.39406695268219,0.0167837864563465,0.0167837864563465,0.0167837864563465,0.0322473662392579
6.68163411954067,0,0.0399525800720857,0,6.68163411954067,0.0399525800720857,0.0399525800720857,0.0399525800720857,0.0632642521725607
10.9419857642508,0,-0.0876235523401562,0,10.9419857642508,-0.0876235523401562,-0.0876235523401562,-0.0876235523401562,0.0336377588977628
9.567453602661,0,-0.0130573193727359,0,9.567453602661,-0.0130573193727359,-0.0130573193727359,-0.0130573193727359,0.0264340771076804
9.56764954052794,0,-0.00578932875863998,0,9.56764954052794,-0.00578932875863998,-0.00578932875863998,-0.00578932875863998,0.0288617279537588
9.58796747981615,0,0.00725905880614161,0,9.58796747981615,0.00725905880614161,0.00725905880614161,0.00725905880614161,0.0422687684348916
12.9045618909384,0,-0.020800428050844,0,12.9045618909384,-0.020800428050844,-0.020800428050844,-0.020800428050844,0.00918914559220215
9.03381024943225,0,-0.0258591277728825,0,9.03381024943225,-0.0258591277728825,-0.0258591277728825,-0.0258591277728825,0.0210013285642308
7.292171244769,0,0.0214216184583366,0,7.292171244769,0.0214216184583366,0.0214216184583366,0.0214216184583366,0.00787016036700002
10.6567948708008,0,0.0203455428827325,0,10.6567948708008,0.0203455428827325,0.0203455428827325,0.0203455428827325,0.0367174068081082
15.83958844307,0,0.0399832495665445,0,15.83958844307,0.0399832495665445,0.0399832495665445,0.0399832495665445,0.0130470310288665
17.7014293147066,0,0.0234372077444364,0,17.7014293147066,0.0234372077444364,0.0234372077444364,0.0234372077444364,0.0323786122878216
14.7585414478692,0,-0.0143222744287462,0,14.7585414478692,-0.0143222744287462,-0.0143222744287462,-0.0143222744287462,0.0637816832942033
20.7521231210355,0,-0.0269978295709997,0,20.7521231210355,-0.0269978295709997,-0.0269978295709997,-0.0269978295709997,0.0154926437594917
13.9836050997556,0,-0.0596374353307077,0,13.9836050997556,-0.0596374353307077,-0.0596374353307077,-0.0596374353307077,0.0260159424457815
11.3110693140974,0,0.00982781565554414,0,11.3110693140974,0.00982781565554414,0.00982781565554414,0.00982781565554414,0.0152975413868066
16.5519463473715,0,-0.0850116784148187,0,16.5519463473715,-0.0850116784148187,-0.0850116784148187,-0.0850116784148187,0.0449328569998866
12.3671082351961,0,0.0210231372322994,0,12.3671082351961,0.0210231372322994,0.0210231372322994,0.0210231372322994,0.0160828742749283
12.3654554745313,0,-0.0686880413546458,0,12.3654554745313,-0.0686880413546458,-0.0686880413546458,-0.0686880413546458,0.0513325050706189
19.2556223171704,0,0.0285945738844167,0,19.2556223171704,0.0285945738844167,0.0285945738844167,0.0285945738844167,0.0139726523520546
34.7312424253189,0,0.00360906084633839,0,34.7312424253189,0.00360906084633839,0.00360906084633839,0.00360906084633839,0.017575833019559
54.7209102152747,0,0.0196726221291343,0,54.7209102152747,0.0196726221291343,0.0196726221291343,0.0196726221291343,0.0109274670854921
9.37577209119586,0,-0.0166622088619275,0,9.37577209119586,-0.0166622088619275,-0.0166622088619275,-0.0166622088619275,0.0509886552324907
8.22166390729103,0,0.0200227074138689,0,8.22166390729103,0.0200227074138689,0.0200227074138689,0.0200227074138689,0.0889316774406693
6.56936523894705,0,-0.0184803687031215,0,6.56936523894705,-0.0184803687031215,-0.0184803687031215,-0.0184803687031215,0.0397871786329299
7.36539602284415,0,-0.0247872150245361,0,7.36539602284415,-0.0247872150245361,-0.0247872150245361,-0.0247872150245361,0.114121672795408
9.34902839864339,0,-0.0319037471830898,0,9.34902839864339,-0.0319037471830898,-0.0319037471830898,-0.0319037471830898,0.0353702402159913
12.5616640281909,0,0.00441577973083164,0,12.5616640281909,0.00441577973083164,0.00441577973083164,0.00441577973083164,0.0138459086615911
10.5411867057519,0,-0.0885790708954701,0,10.5411867057519,-0.0885790708954701,-0.0885790708954701,-0.0885790708954701,0.0320565633703811
10.8363107906744,0,-0.028098390818107,0,10.8363107906744,-0.028098390818107,-0.028098390818107,-0.028098390818107,0.071926050301895
7.60971237336999,0,0.0425196941211018,0,7.60971237336999,0.0425196941211018,0.0425196941211018,0.0425196941211018,0.0675431227803087
5.93931454818625,0,-0.0606442522079505,0,5.93931454818625,-0.0606442522079505,-0.0606442522079505,-0.0606442522079505,0.0347252472962151
11.3171115233183,0,-0.0301299566297987,0,11.3171115233183,-0.0301299566297987,-0.0301299566297987,-0.0301299566297987,0.0549217163119364
12.491172371433,0,0.00616174807970621,0,12.491172371433,0.00616174807970621,0.00616174807970621,0.00616174807970621,0.0405245193389735
17.7574754531964,0,-0.0364542682670167,0,17.7574754531964,-0.0364542682670167,-0.0364542682670167,-0.0364542682670167,0.0437339114285826
23.3384346785706,0,0.0173424537425691,0,23.3384346785706,0.0173424537425691,0.0173424537425691,0.0173424537425691,0.0189266195413323
31.0786588545351,0,-0.104141192155505,0,31.0786588545351,-0.104141192155505,-0.104141192155505,-0.104141192155505,0.0562787835549554
16.8846431378076,0,0.0592246738975235,0,16.8846431378076,0.0592246738975235,0.0592246738975235,0.0592246738975235,0.0580511049145327
129.543664939788,0,0.187339131251037,0,129.543664939788,0.187339131251037,0.187339131251037,0.187339131251037,0.0392949098741799
10.8384906759069,0,-0.00221059163205814,0,10.8384906759069,-0.00221059163205814,-0.00221059163205814,-0.00221059163205814,0.0251376149245104
7.87691324476292,0,-0.0704972430897311,0,7.87691324476292,-0.0704972430897311,-0.0704972430897311,-0.0704972430897311,0.0322283121382998
14.6925462604222,0,-0.00458452472707301,0,14.6925462604222,-0.00458452472707301,-0.00458452472707301,-0.00458452472707301,0.0444254697733256
12.6985002447189,0,0.0156151615690587,0,12.6985002447189,0.0156151615690587,0.0156151615690587,0.0156151615690587,0.0344296478282526
14.3972634987083,0,-0.0237118006498921,0,14.3972634987083,-0.0237118006498921,-0.0237118006498921,-0.0237118006498921,0.0295064854269103
14.1514365378187,0,-0.0107350800784212,0,14.1514365378187,-0.0107350800784212,-0.0107350800784212,-0.0107350800784212,0.0554744268805768
27.9381463268887,0,-0.0196646199066465,0,27.9381463268887,-0.0196646199066465,-0.0196646199066465,-0.0196646199066465,0.0266030945529787
24.4728765020316,0,-0.0883766236254439,0,24.4728765020316,-0.0883766236254439,-0.0883766236254439,-0.0883766236254439,0.0473406670453721
13.4368696617468,0,0.0535402362440232,0,13.4368696617468,0.0535402362440232,0.0535402362440232,0.0535402362440232,0.0282079903838013
7.48402930279067,0,0.00968988201586394,0,7.48402930279067,0.00968988201586394,0.00968988201586394,0.00968988201586394,0.0686754083472401
25.9320346135502,0,-0.0232712391594247,0,25.9320346135502,-0.0232712391594247,-0.0232712391594247,-0.0232712391594247,0.0300519735078187
NA,NA,NA,NA,NA,NA,NA,NA,NA
12.0144898669671,0,-0.0304643580877798,0,12.0144898669671,-0.0304643580877798,-0.0304643580877798,-0.0304643580877798,0.0246585875375876
5.59197431763262,0,-0.0578220526680145,0,5.59197431763262,-0.0578220526680145,-0.0578220526680145,-0.0578220526680145,0.0290843221745671
7.10118523761685,0,-0.0285278978712163,0,7.10118523761685,-0.0285278978712163,-0.0285278978712163,-0.0285278978712163,0.0595492352872805
8.39406695268219,0,0.0167837864563465,0,8.39406695268219,0.0167837864563465,0.0167837864563465,0.0167837864563465,0.0322473662392579
6.68163411954067,0,0.0399525800720857,0,6.68163411954067,0.0399525800720857,0.0399525800720857,0.0399525800720857,0.0632642521725607
10.9419857642508,0,-0.0876235523401562,0,10.9419857642508,-0.0876235523401562,-0.0876235523401562,-0.0876235523401562,0.0336377588977628
9.567453602661,0,-0.0130573193727359,0,9.567453602661,-0.0130573193727359,-0.0130573193727359,-0.0130573193727359,0.0264340771076804
9.56764954052794,0,-0.00578932875863998,0,9.56764954052794,-0.00578932875863998,-0.00578932875863998,-0.00578932875863998,0.0288617279537588
9.58796747981615,0,0.00725905880614161,0,9.58796747981615,0.00725905880614161,0.00725905880614161,0.00725905880614161,0.0422687684348916
12.9045618909384,0,-0.020800428050844,0,12.9045618909384,-0.020800428050844,-0.020800428050844,-0.020800428050844,0.00918914559220215
9.03381024943225,0,-0.0258591277728825,0,9.03381024943225,-0.0258591277728825,-0.0258591277728825,-0.0258591277728825,0.0210013285642308
7.292171244769,0,0.0214216184583366,0,7.292171244769,0.0214216184583366,0.0214216184583366,0.0214216184583366,0.00787016036700002
10.6567948708008,0,0.0203455428827325,0,10.6567948708008,0.0203455428827325,0.0203455428827325,0.0203455428827325,0.0367174068081082
15.83958844307,0,0.0399832495665445,0,15.83958844307,0.0399832495665445,0.0399832495665445,0.0399832495665445,0.0130470310288665
17.7014293147066,0,0.0234372077444364,0,17.7014293147066,0.0234372077444364,0.0234372077444364,0.0234372077444364,0.0323786122878216
14.7585414478692,0,-0.0143222744287462,0,14.7585414478692,-0.0143222744287462,-0.0143222744287462,-0.0143222744287462,0.0637816832942033
20.7521231210355,0,-0.0269978295709997,0,20.7521231210355,-0.0269978295709997,-0.0269978295709997,-0.0269978295709997,0.0154926437594917
13.9836050997556,0,-0.0596374353307077,0,13.9836050997556,-0.0596374353307077,-0.0596374353307077,-0.0596374353307077,0.0260159424457815
11.3110693140974,0,0.00982781565554414,0,11.3110693140974,0.00982781565554414,0.00982781565554414,0.00982781565554414,0.0152975413868066
16.5519463473715,0,-0.0850116784148187,0,16.5519463473715,-0.0850116784148187,-0.0850116784148187,-0.0850116784148187,0.0449328569998866
12.3671082351961,0,0.0210231372322994,0,12.3671082351961,0.0210231372322994,0.0210231372322994,0.0210231372322994,0.0160828742749283
12.3654554745313,0,-0.0686880413546458,0,12.3654554745313,-0.0686880413546458,-0.0686880413546458,-0.0686880413546458,0.0513325050706189
19.2556223171704,0,0.0285945738844167,0,19.2556223171704,0.0285945738844167,0.0285945738844167,0.0285945738844167,0.0139726523520546
34.7312424253189,0,0.00360906084633839,0,34.7312424253189,0.00360906084633839,0.00360906084633839,0.00360906084633839,0.017575833019559
54.7209102152747,0,0.0196726221291343,0,54.7209102152747,0.0196726221291343,0.0196726221291343,0.0196726221291343,0.0109274670854921
9.37577209119586,0,-0.0166622088619275,0,9.37577209119586,-0.0166622088619275,-0.0166622088619275,-0.0166622088619275,0.0509886552324907
8.22166390729103,0,0.0200227074138689,0,8.22166390729103,0.0200227074138689,0.0200227074138689,0.0200227074138689,0.0889316774406693
6.56936523894705,0,-0.0184803687031215,0,6.56936523894705,-0.0184803687031215,-0.0184803687031215,-0.0184803687031215,0.0397871786329299
7.36539602284415,0,-0.0247872150245361,0,7.36539602284415,-0.0247872150245361,-0.0247872150245361,-0.0247872150245361,0.114121672795408
9.34902839864339,0,-0.0319037471830898,0,9.34902839864339,-0.0319037471830898,-0.0319037471830898,-0.0319037471830898,0.0353702402159913
12.5616640281909,0,0.00441577973083164,0,12.5616640281909,0.00441577973083164,0.00441577973083164,0.00441577973083164,0.0138459086615911
10.5411867057519,0,-0.0885790708954701,0,10.5411867057519,-0.0885790708954701,-0.0885790708954701,-0.0885790708954701,0.0320565633703811
10.8363107906744,0,-0.028098390818107,0,10.8363107906744,-0.028098390818107,-0.028098390818107,-0.028098390818107,0.071926050301895
7.60971237336999,0,0.0425196941211018,0,7.60971237336999,0.0425196941211018,0.0425196941211018,0.0425196941211018,0.0675431227803087
5.93931454818625,0,-0.0606442522079505,0,5.93931454818625,-0.0606442522079505,-0.0606442522079505,-0.0606442522079505,0.0347252472962151
11.3171115233183,0,-0.0301299566297987,0,11.3171115233183,-0.0301299566297987,-0.0301299566297987,-0.0301299566297987,0.0549217163119364
12.491172371433,0,0.00616174807970621,0,12.491172371433,0.00616174807970621,0.00616174807970621,0.00616174807970621,0.0405245193389735
17.7574754531964,0,-0.0364542682670167,0,17.7574754531964,-0.0364542682670167,-0.0364542682670167,-0.0364542682670167,0.0437339114285826
23.3384346785706,0,0.0173424537425691,0,23.3384346785706,0.0173424537425691,0.0173424537425691,0.0173424537425691,0.0189266195413323
31.0786588545351,0,-0.104141192155505,0,31.0786588545351,-0.104141192155505,-0.104141192155505,-0.104141192155505,0.0562787835549554
16.8846431378076,0,0.0592246738975235,0,16.8846431378076,0.0592246738975235,0.0592246738975235,0.0592246738975235,0.0580511049145327
129.543664939788,0,0.187339131251037,0,129.543664939788,0.187339131251037,0.187339131251037,0.187339131251037,0.0392949098741799
10.8384906759069,0,-0.00221059163205814,0,10.8384906759069,-0.00221059163205814,-0.00221059163205814,-0.00221059163205814,0.0251376149245104
7.87691324476292,0,-0.0704972430897311,0,7.87691324476292,-0.0704972430897311,-0.0704972430897311,-0.0704972430897311,0.0322283121382998
14.6925462604222,0,-0.00458452472707301,0,14.6925462604222,-0.00458452472707301,-0.00458452472707301,-0.00458452472707301,0.0444254697733256
12.6985002447189,0,0.0156151615690587,0,12.6985002447189,0.0156151615690587,0.0156151615690587,0.0156151615690587,0.0344296478282526
14.3972634987083,0,-0.0237118006498921,0,14.3972634987083,-0.0237118006498921,-0.0237118006498921,-0.0237118006498921,0.0295064854269103
14.1514365378187,0,-0.0107350800784212,0,14.1514365378187,-0.0107350800784212,-0.0107350800784212,-0.0107350800784212,0.0554744268805768
27.9381463268887,0,-0.0196646199066465,0,27.9381463268887,-0.0196646199066465,-0.0196646199066465,-0.0196646199066465,0.0266030945529787
24.4728765020316,0,-0.0883766236254439,0,24.4728765020316,-0.0883766236254439,-0.0883766236254439,-0.0883766236254439,0.0473406670453721
13.4368696617468,0,0.0535402362440232,0,13.4368696617468,0.0535402362440232,0.0535402362440232,0.0535402362440232,0.0282079903838013
7.48402930279067,0,0.00968988201586394,0,7.48402930279067,0.00968988201586394,0.00968988201586394,0.00968988201586394,0.0686754083472401
25.9320346135502,0,-0.0232712391594247,0,25.9320346135502,-0.0232712391594247,-0.0232712391594247,-0.0232712391594247,0.0300519735078187
NA,NA,NA,NA,NA,NA,NA,NA,NA
12.0144898669671,0,-0.0304643580877798,0,12.0144898669671,-0.0304643580877798,-0.0304643580877798,-0.0304643580877798,0.0246585875375876
5.59197431763262,0,-0.0578220526680145,0,5.59197431763262,-0.0578220526680145,-0.0578220526680145,-0.0578220526680145,0.0290843221745671
7.10118523761685,0,-0.0285278978712163,0,7.10118523761685,-0.0285278978712163,-0.0285278978712163,-0.0285278978712163,0.0595492352872805
8.39406695268219,0,0.0167837864563465,0,8.39406695268219,0.0167837864563465,0.0167837864563465,0.0167837864563465,0.0322473662392579
6.68163411954067,0,0.0399525800720857,0,6.68163411954067,0.0399525800720857,0.0399525800720857,0.0399525800720857,0.0632642521725607
10.9419857642508,0,-0.0876235523401562,0,10.9419857642508,-0.0876235523401562,-0.0876235523401562,-0.0876235523401562,0.0336377588977628
9.567453602661,0,-0.0130573193727359,0,9.567453602661,-0.0130573193727359,-0.0130573193727359,-0.0130573193727359,0.0264340771076804
9.56764954052794,0,-0.00578932875863998,0,9.56764954052794,-0.00578932875863998,-0.00578932875863998,-0.00578932875863998,0.0288617279537588
9.58796747981615,0,0.00725905880614161,0,9.58796747981615,0.00725905880614161,0.00725905880614161,0.00725905880614161,0.0422687684348916
12.9045618909384,0,-0.020800428050844,0,12.9045618909384,-0.020800428050844,-0.020800428050844,-0.020800428050844,0.00918914559220215
9.03381024943225,0,-0.0258591277728825,0,9.03381024943225,-0.0258591277728825,-0.0258591277728825,-0.0258591277728825,0.0210013285642308
7.292171244769,0,0.0214216184583366,0,7.292171244769,0.0214216184583366,0.0214216184583366,0.0214216184583366,0.00787016036700002
10.6567948708008,0,0.0203455428827325,0,10.6567948708008,0.0203455428827325,0.0203455428827325,0.0203455428827325,0.0367174068081082
15.83958844307,0,0.0399832495665445,0,15.83958844307,0.0399832495665445,0.0399832495665445,0.0399832495665445,0.0130470310288665
17.7014293147066,0,0.0234372077444364,0,17.7014293147066,0.0234372077444364,0.0234372077444364,0.0234372077444364,0.0323786122878216
14.7585414478692,0,-0.0143222744287462,0,14.7585414478692,-0.0143222744287462,-0.0143222744287462,-0.0143222744287462,0.0637816832942033
20.7521231210355,0,-0.0269978295709997,0,20.7521231210355,-0.0269978295709997,-0.0269978295709997,-0.0269978295709997,0.0154926437594917
13.9836050997556,0,-0.0596374353307077,0,13.9836050997556,-0.0596374353307077,-0.0596374353307077,-0.0596374353307077,0.0260159424457815
11.3110693140974,0,0.00982781565554414,0,11.3110693140974,0.00982781565554414,0.00982781565554414,0.00982781565554414,0.0152975413868066
16.5519463473715,0,-0.0850116784148187,0,16.5519463473715,-0.0850116784148187,-0.0850116784148187,-0.0850116784148187,0.0449328569998866
12.3671082351961,0,0.0210231372322994,0,12.3671082351961,0.0210231372322994,0.0210231372322994,0.0210231372322994,0.0160828742749283
12.3654554745313,0,-0.0686880413546458,0,12.3654554745313,-0.0686880413546458,-0.0686880413546458,-0.0686880413546458,0.0513325050706189
19.2556223171704,0,0.0285945738844167,0,19.2556223171704,0.0285945738844167,0.0285945738844167,0.0285945738844167,0.0139726523520546
34.7312424253189,0,0.00360906084633839,0,34.7312424253189,0.00360906084633839,0.00360906084633839,0.00360906084633839,0.017575833019559
54.7209102152747,0,0.0196726221291343,0,54.7209102152747,0.0196726221291343,0.0196726221291343,0.0196726221291343,0.0109274670854921
9.37577209119586,0,-0.0166622088619275,0,9.37577209119586,-0.0166622088619275,-0.0166622088619275,-0.0166622088619275,0.0509886552324907
8.22166390729103,0,0.0200227074138689,0,8.22166390729103,0.0200227074138689,0.0200227074138689,0.0200227074138689,0.0889316774406693
6.56936523894705,0,-0.0184803687031215,0,6.56936523894705,-0.0184803687031215,-0.0184803687031215,-0.0184803687031215,0.0397871786329299
7.36539602284415,0,-0.0247872150245361,0,7.36539602284415,-0.0247872150245361,-0.0247872150245361,-0.0247872150245361,0.114121672795408
9.34902839864339,0,-0.0319037471830898,0,9.34902839864339,-0.0319037471830898,-0.0319037471830898,-0.0319037471830898,0.0353702402159913
12.5616640281909,0,0.00441577973083164,0,12.5616640281909,0.00441577973083164,0.00441577973083164,0.00441577973083164,0.0138459086615911
10.5411867057519,0,-0.0885790708954701,0,10.5411867057519,-0.0885790708954701,-0.0885790708954701,-0.0885790708954701,0.0320565633703811
10.8363107906744,0,-0.028098390818107,0,10.8363107906744,-0.028098390818107,-0.028098390818107,-0.028098390818107,0.071926050301895
7.60971237336999,0,0.0425196941211018,0,7.60971237336999,0.0425196941211018,0.0425196941211018,0.0425196941211018,0.0675431227803087
5.93931454818625,0,-0.0606442522079505,0,5.93931454818625,-0.0606442522079505,-0.0606442522079505,-0.0606442522079505,0.0347252472962151
11.3171115233183,0,-0.0301299566297987,0,11.3171115233183,-0.0301299566297987,-0.0301299566297987,-0.0301299566297987,0.0549217163119364
12.491172371433,0,0.00616174807970621,0,12.491172371433,0.00616174807970621,0.00616174807970621,0.00616174807970621,0.0405245193389735
17.7574754531964,0,-0.0364542682670167,0,17.7574754531964,-0.0364542682670167,-0.0364542682670167,-0.0364542682670167,0.0437339114285826
23.3384346785706,0,0.0173424537425691,0,23.3384346785706,0.0173424537425691,0.0173424537425691,0.0173424537425691,0.0189266195413323
39.8146474017142,0,-0.0114906286129136,0,39.8146474017142,-0.0114906286129136,-0.0114906286129136,-0.0114906286129136,0.0491219546710594
16.8846431378076,0,0.0592246738975235,0,16.8846431378076,0.0592246738975235,0.0592246738975235,0.0592246738975235,0.0580511049145327
129.543664939788,0,0.187339131251037,0,129.543664939788,0.187339131251037,0.187339131251037,0.187339131251037,0.0392949098741799
10.8384906759069,0,-0.00221059163205814,0,10.8384906759069,-0.00221059163205814,-0.00221059163205814,-0.00221059163205814,0.0251376149245104
7.87691324476292,0,-0.0704972430897311,0,7.87691324476292,-0.0704972430897311,-0.0704972430897311,-0.0704972430897311,0.0322283121382998
14.6925462604222,0,-0.00458452472707301,0,14.6925462604222,-0.00458452472707301,-0.00458452472707301,-0.00458452472707301,0.0444254697733256
12.6985002447189,0,0.0156151615690587,0,12.6985002447189,0.0156151615690587,0.0156151615690587,0.0156151615690587,0.0344296478282526
14.3972634987083,0,-0.0237118006498921,0,14.3972634987083,-0.0237118006498921,-0.0237118006498921,-0.0237118006498921,0.0295064854269103
14.1514365378187,0,-0.0107350800784212,0,14.1514365378187,-0.0107350800784212,-0.0107350800784212,-0.0107350800784212,0.0554744268805768
27.9381463268887,0,-0.0196646199066465,0,27.9381463268887,-0.0196646199066465,-0.0196646199066465,-0.0196646199066465,0.0266030945529787
24.4728765020316,0,-0.0883766236254439,0,24.4728765020316,-0.0883766236254439,-0.0883766236254439,-0.0883766236254439,0.0473406670453721
13.4368696617468,0,0.0535402362440232,0,13.4368696617468,0.0535402362440232,0.0535402362440232,0.0535402362440232,0.0282079903838013
7.48402930279067,0,0.00968988201586394,0,7.48402930279067,0.00968988201586394,0.00968988201586394,0.00968988201586394,0.0686754083472401
25.9320346135502,0,-0.0232712391594247,0,25.9320346135502,-0.0232712391594247,-0.0232712391594247,-0.0232712391594247,0.0300519735078187
NA,NA,NA,NA,NA,NA,NA,NA,NA
12.0144898669671,0,-0.0304643580877798,0,12.0144898669671,-0.0304643580877798,-0.0304643580877798,-0.0304643580877798,0.0246585875375876
5.59197431763262,0,-0.0578220526680145,0,5.59197431763262,-0.0578220526680145,-0.0578220526680145,-0.0578220526680145,0.0290843221745671
7.10118523761685,0,-0.0285278978712163,0,7.10118523761685,-0.0285278978712163,-0.0285278978712163,-0.0285278978712163,0.0595492352872805
8.39406695268219,0,0.0167837864563465,0,8.39406695268219,0.0167837864563465,0.0167837864563465,0.0167837864563465,0.0322473662392579
6.68163411954067,0,0.0399525800720857,0,6.68163411954067,0.0399525800720857,0.0399525800720857,0.0399525800720857,0.0632642521725607
10.9419857642508,0,-0.0876235523401562,0,10.9419857642508,-0.0876235523401562,-0.0876235523401562,-0.0876235523401562,0.0336377588977628
9.567453602661,0,-0.0130573193727359,0,9.567453602661,-0.0130573193727359,-0.0130573193727359,-0.0130573193727359,0.0264340771076804
9.56764954052794,0,-0.00578932875863998,0,9.56764954052794,-0.00578932875863998,-0.00578932875863998,-0.00578932875863998,0.0288617279537588
9.58796747981615,0,0.00725905880614161,0,9.58796747981615,0.00725905880614161,0.00725905880614161,0.00725905880614161,0.0422687684348916
12.9045618909384,0,-0.020800428050844,0,12.9045618909384,-0.020800428050844,-0.020800428050844,-0.020800428050844,0.00918914559220215
9.03381024943225,0,-0.0258591277728825,0,9.03381024943225,-0.0258591277728825,-0.0258591277728825,-0.0258591277728825,0.0210013285642308
7.292171244769,0,0.0214216184583366,0,7.292171244769,0.0214216184583366,0.0214216184583366,0.0214216184583366,0.00787016036700002
10.6567948708008,0,0.0203455428827325,0,10.6567948708008,0.0203455428827325,0.0203455428827325,0.0203455428827325,0.0367174068081082
15.83958844307,0,0.0399832495665445,0,15.83958844307,0.0399832495665445,0.0399832495665445,0.0399832495665445,0.0130470310288665
17.7014293147066,0,0.0234372077444364,0,17.7014293147066,0.0234372077444364,0.0234372077444364,0.0234372077444364,0.0323786122878216
14.7585414478692,0,-0.0143222744287462,0,14.7585414478692,-0.0143222744287462,-0.0143222744287462,-0.0143222744287462,0.0637816832942033
20.7521231210355,0,-0.0269978295709997,0,20.7521231210355,-0.0269978295709997,-0.0269978295709997,-0.0269978295709997,0.0154926437594917
13.9836050997556,0,-0.0596374353307077,0,13.9836050997556,-0.0596374353307077,-0.0596374353307077,-0.0596374353307077,0.0260159424457815
11.3110693140974,0,0.00982781565554414,0,11.3110693140974,0.00982781565554414,0.00982781565554414,0.00982781565554414,0.0152975413868066
16.5519463473715,0,-0.0850116784148187,0,16.5519463473715,-0.0850116784148187,-0.0850116784148187,-0.0850116784148187,0.0449328569998866
12.3671082351961,0,0.0210231372322994,0,12.3671082351961,0.0210231372322994,0.0210231372322994,0.0210231372322994,0.0160828742749283
12.3654554745313,0,-0.0686880413546458,0,12.3654554745313,-0.0686880413546458,-0.0686880413546458,-0.0686880413546458,0.0513325050706189
19.2556223171704,0,0.0285945738844167,0,19.2556223171704,0.0285945738844167,0.0285945738844167,0.0285945738844167,0.0139726523520546
34.7312424253189,0,0.00360906084633839,0,34.7312424253189,0.00360906084633839,0.00360906084633839,0.00360906084633839,0.017575833019559
54.7209102152747,0,0.0196726221291343,0,54.7209102152747,0.0196726221291343,0.0196726221291343,0.0196726221291343,0.0109274670854921
9.37577209119586,0,-0.0166622088619275,0,9.37577209119586,-0.0166622088619275,-0.0166622088619275,-0.0166622088619275,0.0509886552324907
8.22166390729103,0,0.0200227074138689,0,8.22166390729103,0.0200227074138689,0.0200227074138689,0.0200227074138689,0.0889316774406693
6.56936523894705,0,-0.0184803687031215,0,6.56936523894705,-0.0184803687031215,-0.0184803687031215,-0.0184803687031215,0.0397871786329299
7.36539602284415,0,-0.0247872150245361,0,7.36539602284415,-0.0247872150245361,-0.0247872150245361,-0.0247872150245361,0.114121672795408
9.34902839864339,0,-0.0319037471830898,0,9.34902839864339,-0.0319037471830898,-0.0319037471830898,-0.0319037471830898,0.0353702402159913
12.5616640281909,0,0.00441577973083164,0,12.5616640281909,0.00441577973083164,0.00441577973083164,0.00441577973083164,0.0138459086615911
10.5411867057519,0,-0.0885790708954701,0,10.5411867057519,-0.0885790708954701,-0.0885790708954701,-0.0885790708954701,0.0320565633703811
10.8363107906744,0,-0.028098390818107,0,10.8363107906744,-0.028098390818107,-0.028098390818107,-0.028098390818107,0.071926050301895
7.60971237336999,0,0.0425196941211018,0,7.60971237336999,0.0425196941211018,0.0425196941211018,0.0425196941211018,0.0675431227803087
5.93931454818625,0,-0.0606442522079505,0,5.93931454818625,-0.0606442522079505,-0.0606442522079505,-0.0606442522079505,0.0347252472962151
11.3171115233183,0,-0.0301299566297987,0,11.3171115233183,-0.0301299566297987,-0.0301299566297987,-0.0301299566297987,0.0549217163119364
12.491172371433,0,0.00616174807970621,0,12.491172371433,0.00616174807970621,0.00616174807970621,0.00616174807970621,0.0405245193389735
17.7574754531964,0,-0.0364542682670167,0,17.7574754531964,-0.0364542682670167,-0.0364542682670167,-0.0364542682670167,0.0437339114285826
23.3384346785706,0,0.0173424537425691,0,23.3384346785706,0.0173424537425691,0.0173424537425691,0.0173424537425691,0.0189266195413323
39.8146474017142,0,-0.0114906286129136,0,39.8146474017142,-0.0114906286129136,-0.0114906286129136,-0.0114906286129136,0.0491219546710594
16.8846431378076,0,0.0592246738975235,0,16.8846431378076,0.0592246738975235,0.0592246738975235,0.0592246738975235,0.0580511049145327
129.543664939788,0,0.187339131251037,0,129.543664939788,0.187339131251037,0.187339131251037,0.187339131251037,0.0392949098741799
10.8384906759069,0,-0.00221059163205814,0,10.8384906759069,-0.00221059163205814,-0.00221059163205814,-0.00221059163205814,0.0251376149245104
7.87691324476292,0,-0.0704972430897311,0,7.87691324476292,-0.0704972430897311,-0.0704972430897311,-0.0704972430897311,0.0322283121382998
14.6925462604222,0,-0.00458452472707301,0,14.6925462604222,-0.00458452472707301,-0.00458452472707301,-0.00458452472707301,0.0444254697733256
12.6985002447189,0,0.0156151615690587,0,12.6985002447189,0.0156151615690587,0.0156151615690587,0.0156151615690587,0.0344296478282526
14.3972634987083,0,-0.0237118006498921,0,14.3972634987083,-0.0237118006498921,-0.0237118006498921,-0.0237118006498921,0.0295064854269103
14.1514365378187,0,-0.0107350800784212,0,14.1514365378187,-0.0107350800784212,-0.0107350800784212,-0.0107350800784212,0.0554744268805768
27.9381463268887,0,-0.0196646199066465,0,27.9381463268887,-0.0196646199066465,-0.0196646199066465,-0.0196646199066465,0.0266030945529787
24.4728765020316,0,-0.0883766236254439,0,24.4728765020316,-0.0883766236254439,-0.0883766236254439,-0.0883766236254439,0.0473406670453721
13.4368696617468,0,0.0535402362440232,0,13.4368696617468,0.0535402362440232,0.0535402362440232,0.0535402362440232,0.0282079903838013
7.48402930279067,0,0.00968988201586394,0,7.48402930279067,0.00968988201586394,0.00968988201586394,0.00968988201586394,0.0686754083472401
25.9320346135502,0,-0.0232712391594247,0,25.9320346135502,-0.0232712391594247,-0.0232712391594247,-0.0232712391594247,0.0300519735078187
NA,NA,NA,NA,NA,NA,NA,NA,NA
12.0144898669671,0,-0.0304643580877798,0,12.0144898669671,-0.0304643580877798,-0.0304643580877798,-0.0304643580877798,0.0246585875375876
5.59197431763262,0,-0.0578220526680145,0,5.59197431763262,-0.0578220526680145,-0.0578220526680145,-0.0578220526680145,0.0290843221745671
7.10118523761685,0,-0.0285278978712163,0,7.10118523761685,-0.0285278978712163,-0.0285278978712163,-0.0285278978712163,0.0595492352872805
8.39406695268219,0,0.0167837864563465,0,8.39406695268219,0.0167837864563465,0.0167837864563465,0.0167837864563465,0.0322473662392579
6.68163411954067,0,0.0399525800720857,0,6.68163411954067,0.0399525800720857,0.0399525800720857,0.0399525800720857,0.0632642521725607
10.9419857642508,0,-0.0876235523401562,0,10.9419857642508,-0.0876235523401562,-0.0876235523401562,-0.0876235523401562,0.0336377588977628
9.567453602661,0,-0.0130573193727359,0,9.567453602661,-0.0130573193727359,-0.0130573193727359,-0.0130573193727359,0.0264340771076804
9.56764954052794,0,-0.00578932875863998,0,9.56764954052794,-0.00578932875863998,-0.00578932875863998,-0.00578932875863998,0.0288617279537588
9.58796747981615,0,0.00725905880614161,0,9.58796747981615,0.00725905880614161,0.00725905880614161,0.00725905880614161,0.0422687684348916
12.9045618909384,0,-0.020800428050844,0,12.9045618909384,-0.020800428050844,-0.020800428050844,-0.020800428050844,0.00918914559220215
9.03381024943225,0,-0.0258591277728825,0,9.03381024943225,-0.0258591277728825,-0.0258591277728825,-0.0258591277728825,0.0210013285642308
7.292171244769,0,0.0214216184583366,0,7.292171244769,0.0214216184583366,0.0214216184583366,0.0214216184583366,0.00787016036700002
10.6567948708008,0,0.0203455428827325,0,10.6567948708008,0.0203455428827325,0.0203455428827325,0.0203455428827325,0.0367174068081082
15.83958844307,0,0.0399832495665445,0,15.83958844307,0.0399832495665445,0.0399832495665445,0.0399832495665445,0.0130470310288665
17.7014293147066,0,0.0234372077444364,0,17.7014293147066,0.0234372077444364,0.0234372077444364,0.0234372077444364,0.0323786122878216
14.7585414478692,0,-0.0143222744287462,0,14.7585414478692,-0.0143222744287462,-0.0143222744287462,-0.0143222744287462,0.0637816832942033
20.7521231210355,0,-0.0269978295709997,0,20.7521231210355,-0.0269978295709997,-0.0269978295709997,-0.0269978295709997,0.0154926437594917
13.9836050997556,0,-0.0596374353307077,0,13.9836050997556,-0.0596374353307077,-0.0596374353307077,-0.0596374353307077,0.0260159424457815
11.3110693140974,0,0.00982781565554414,0,11.3110693140974,0.00982781565554414,0.00982781565554414,0.00982781565554414,0.0152975413868066
16.5519463473715,0,-0.0850116784148187,0,16.5519463473715,-0.0850116784148187,-0.0850116784148187,-0.0850116784148187,0.0449328569998866
12.3671082351961,0,0.0210231372322994,0,12.3671082351961,0.0210231372322994,0.0210231372322994,0.0210231372322994,0.0160828742749283
12.3654554745313,0,-0.0686880413546458,0,12.3654554745313,-0.0686880413546458,-0.0686880413546458,-0.0686880413546458,0.0513325050706189
19.2556223171704,0,0.0285945738844167,0,19.2556223171704,0.0285945738844167,0.0285945738844167,0.0285945738844167,0.0139726523520546
34.7312424253189,0,0.00360906084633839,0,34.7312424253189,0.00360906084633839,0.00360906084633839,0.00360906084633839,0.017575833019559
54.7209102152747,0,0.0196726221291343,0,54.7209102152747,0.0196726221291343,0.0196726221291343,0.0196726221291343,0.0109274670854921
9.37577209119586,0,-0.0166622088619275,0,9.37577209119586,-0.0166622088619275,-0.0166622088619275,-0.0166622088619275,0.0509886552324907
8.22166390729103,0,0.0200227074138689,0,8.22166390729103,0.0200227074138689,0.0200227074138689,0.0200227074138689,0.0889316774406693
6.56936523894705,0,-0.0184803687031215,0,6.56936523894705,-0.0184803687031215,-0.0184803687031215,-0.0184803687031215,0.0397871786329299
7.36539602284415,0,-0.0247872150245361,0,7.36539602284415,-0.0247872150245361,-0.0247872150245361,-0.0247872150245361,0.114121672795408
9.34902839864339,0,-0.0319037471830898,0,9.34902839864339,-0.0319037471830898,-0.0319037471830898,-0.0319037471830898,0.0353702402159913
12.5616640281909,0,0.00441577973083164,0,12.5616640281909,0.00441577973083164,0.00441577973083164,0.00441577973083164,0.0138459086615911
10.5411867057519,0,-0.0885790708954701,0,10.5411867057519,-0.0885790708954701,-0.0885790708954701,-0.0885790708954701,0.0320565633703811
10.8363107906744,0,-0.028098390818107,0,10.8363107906744,-0.028098390818107,-0.028098390818107,-0.028098390818107,0.071926050301895
7.60971237336999,0,0.0425196941211018,0,7.60971237336999,0.0425196941211018,0.0425196941211018,0.0425196941211018,0.0675431227803087
5.93931454818625,0,-0.0606442522079505,0,5.93931454818625,-0.0606442522079505,-0.0606442522079505,-0.0606442522079505,0.0347252472962151
11.3171115233183,0,-0.0301299566297987,0,11.3171115233183,-0.0301299566297987,-0.0301299566297987,-0.0301299566297987,0.0549217163119364
12.491172371433,0,0.00616174807970621,0,12.491172371433,0.00616174807970621,0.00616174807970621,0.00616174807970621,0.0405245193389735
26.9159257982544,0,0.00103996356092225,0,26.9159257982544,0.00103996356092225,0.00103996356092225,0.00103996356092225,0.0289826613233299
23.3384346785706,0,0.0173424537425691,0,23.3384346785706,0.0173424537425691,0.0173424537425691,0.0173424537425691,0.0189266195413323
39.8146474017142,0,-0.0114906286129136,0,39.8146474017142,-0.0114906286129136,-0.0114906286129136,-0.0114906286129136,0.0491219546710594
16.8846431378076,0,0.0592246738975235,0,16.8846431378076,0.0592246738975235,0.0592246738975235,0.0592246738975235,0.0580511049145327
129.543664939788,0,0.187339131251037,0,129.543664939788,0.187339131251037,0.187339131251037,0.187339131251037,0.0392949098741799
10.8384906759069,0,-0.00221059163205814,0,10.8384906759069,-0.00221059163205814,-0.00221059163205814,-0.00221059163205814,0.0251376149245104
7.87691324476292,0,-0.0704972430897311,0,7.87691324476292,-0.0704972430897311,-0.0704972430897311,-0.0704972430897311,0.0322283121382998
14.6925462604222,0,-0.00458452472707301,0,14.6925462604222,-0.00458452472707301,-0.00458452472707301,-0.00458452472707301,0.0444254697733256
12.6985002447189,0,0.0156151615690587,0,12.6985002447189,0.0156151615690587,0.0156151615690587,0.0156151615690587,0.0344296478282526
14.3972634987083,0,-0.0237118006498921,0,14.3972634987083,-0.0237118006498921,-0.0237118006498921,-0.0237118006498921,0.0295064854269103
14.1514365378187,0,-0.0107350800784212,0,14.1514365378187,-0.0107350800784212,-0.0107350800784212,-0.0107350800784212,0.0554744268805768
27.9381463268887,0,-0.0196646199066465,0,27.9381463268887,-0.0196646199066465,-0.0196646199066465,-0.0196646199066465,0.0266030945529787
24.4728765020316,0,-0.0883766236254439,0,24.4728765020316,-0.0883766236254439,-0.0883766236254439,-0.0883766236254439,0.0473406670453721
13.4368696617468,0,0.0535402362440232,0,13.4368696617468,0.0535402362440232,0.0535402362440232,0.0535402362440232,0.0282079903838013
7.48402930279067,0,0.00968988201586394,0,7.48402930279067,0.00968988201586394,0.00968988201586394,0.00968988201586394,0.0686754083472401
25.9320346135502,0,-0.0232712391594247,0,25.9320346135502,-0.0232712391594247,-0.0232712391594247,-0.0232712391594247,0.0300519735078187
NA,NA,NA,NA,NA,NA,NA,NA,NA
12.0144898669671,0,-0.0304643580877798,0,12.0144898669671,-0.0304643580877798,-0.0304643580877798,-0.0304643580877798,0.0246585875375876
5.59197431763262,0,-0.0578220526680145,0,5.59197431763262,-0.0578220526680145,-0.0578220526680145,-0.0578220526680145,0.0290843221745671
7.10118523761685,0,-0.0285278978712163,0,7.10118523761685,-0.0285278978712163,-0.0285278978712163,-0.0285278978712163,0.0595492352872805
8.39406695268219,0,0.0167837864563465,0,8.39406695268219,0.0167837864563465,0.0167837864563465,0.0167837864563465,0.0322473662392579
6.68163411954067,0,0.0399525800720857,0,6.68163411954067,0.0399525800720857,0.0399525800720857,0.0399525800720857,0.0632642521725607
10.9419857642508,0,-0.0876235523401562,0,10.9419857642508,-0.0876235523401562,-0.0876235523401562,-0.0876235523401562,0.0336377588977628
9.567453602661,0,-0.0130573193727359,0,9.567453602661,-0.0130573193727359,-0.0130573193727359,-0.0130573193727359,0.0264340771076804
9.56764954052794,0,-0.00578932875863998,0,9.56764954052794,-0.00578932875863998,-0.00578932875863998,-0.00578932875863998,0.0288617279537588
9.58796747981615,0,0.00725905880614161,0,9.58796747981615,0.00725905880614161,0.00725905880614161,0.00725905880614161,0.0422687684348916
12.9045618909384,0,-0.020800428050844,0,12.9045618909384,-0.020800428050844,-0.020800428050844,-0.020800428050844,0.00918914559220215
9.03381024943225,0,-0.0258591277728825,0,9.03381024943225,-0.0258591277728825,-0.0258591277728825,-0.0258591277728825,0.0210013285642308
7.292171244769,0,0.0214216184583366,0,7.292171244769,0.0214216184583366,0.0214216184583366,0.0214216184583366,0.00787016036700002
10.6567948708008,0,0.0203455428827325,0,10.6567948708008,0.0203455428827325,0.0203455428827325,0.0203455428827325,0.0367174068081082
15.83958844307,0,0.0399832495665445,0,15.83958844307,0.0399832495665445,0.0399832495665445,0.0399832495665445,0.0130470310288665
17.7014293147066,0,0.0234372077444364,0,17.7014293147066,0.0234372077444364,0.0234372077444364,0.0234372077444364,0.0323786122878216
14.7585414478692,0,-0.0143222744287462,0,14.7585414478692,-0.0143222744287462,-0.0143222744287462,-0.0143222744287462,0.0637816832942033
20.7521231210355,0,-0.0269978295709997,0,20.7521231210355,-0.0269978295709997,-0.0269978295709997,-0.0269978295709997,0.0154926437594917
13.9836050997556,0,-0.0596374353307077,0,13.9836050997556,-0.0596374353307077,-0.0596374353307077,-0.0596374353307077,0.0260159424457815
11.3110693140974,0,0.00982781565554414,0,11.3110693140974,0.00982781565554414,0.00982781565554414,0.00982781565554414,0.0152975413868066
16.5519463473715,0,-0.0850116784148187,0,16.5519463473715,-0.0850116784148187,-0.0850116784148187,-0.0850116784148187,0.0449328569998866
12.3671082351961,0,0.0210231372322994,0,12.3671082351961,0.0210231372322994,0.0210231372322994,0.0210231372322994,0.0160828742749283
12.3654554745313,0,-0.0686880413546458,0,12.3654554745313,-0.0686880413546458,-0.0686880413546458,-0.0686880413546458,0.0513325050706189
19.2556223171704,0,0.0285945738844167,0,19.2556223171704,0.0285945738844167,0.0285945738844167,0.0285945738844167,0.0139726523520546
34.7312424253189,0,0.00360906084633839,0,34.7312424253189,0.00360906084633839,0.00360906084633839,0.00360906084633839,0.017575833019559
54.7209102152747,0,0.0196726221291343,0,54.7209102152747,0.0196726221291343,0.0196726221291343,0.0196726221291343,0.0109274670854921
9.37577209119586,0,-0.0166622088619275,0,9.37577209119586,-0.0166622088619275,-0.0166622088619275,-0.0166622088619275,0.0509886552324907
8.22166390729103,0,0.0200227074138689,0,8.22166390729103,0.0200227074138689,0.0200227074138689,0.0200227074138689,0.0889316774406693
6.56936523894705,0,-0.0184803687031215,0,6.56936523894705,-0.0184803687031215,-0.0184803687031215,-0.0184803687031215,0.0397871786329299
7.36539602284415,0,-0.0247872150245361,0,7.36539602284415,-0.0247872150245361,-0.0247872150245361,-0.0247872150245361,0.114121672795408
9.34902839864339,0,-0.0319037471830898,0,9.34902839864339,-0.0319037471830898,-0.0319037471830898,-0.0319037471830898,0.0353702402159913
12.5616640281909,0,0.00441577973083164,0,12.5616640281909,0.00441577973083164,0.00441577973083164,0.00441577973083164,0.0138459086615911
10.5411867057519,0,-0.0885790708954701,0,10.5411867057519,-0.0885790708954701,-0.0885790708954701,-0.0885790708954701,0.0320565633703811
10.8363107906744,0,-0.028098390818107,0,10.8363107906744,-0.028098390818107,-0.028098390818107,-0.028098390818107,0.071926050301895
7.60971237336999,0,0.0425196941211018,0,7.60971237336999,0.0425196941211018,0.0425196941211018,0.0425196941211018,0.0675431227803087
5.93931454818625,0,-0.0606442522079505,0,5.93931454818625,-0.0606442522079505,-0.0606442522079505,-0.0606442522079505,0.0347252472962151
11.3171115233183,0,-0.0301299566297987,0,11.3171115233183,-0.0301299566297987,-0.0301299566297987,-0.0301299566297987,0.0549217163119364
12.491172371433,0,0.00616174807970621,0,12.491172371433,0.00616174807970621,0.00616174807970621,0.00616174807970621,0.0405245193389735
26.9159257982544,0,0.00103996356092225,0,26.9159257982544,0.00103996356092225,0.00103996356092225,0.00103996356092225,0.0289826613233299
23.3384346785706,0,0.0173424537425691,0,23.3384346785706,0.0173424537425691,0.0173424537425691,0.0173424537425691,0.0189266195413323
39.8146474017142,0,-0.0114906286129136,0,39.8146474017142,-0.0114906286129136,-0.0114906286129136,-0.0114906286129136,0.0491219546710594
16.8846431378076,0,0.0592246738975235,0,16.8846431378076,0.0592246738975235,0.0592246738975235,0.0592246738975235,0.0580511049145327
129.543664939788,0,0.187339131251037,0,129.543664939788,0.187339131251037,0.187339131251037,0.187339131251037,0.0392949098741799
10.8384906759069,0,-0.00221059163205814,0,10.8384906759069,-0.00221059163205814,-0.00221059163205814,-0.00221059163205814,0.0251376149245104
7.87691324476292,0,-0.0704972430897311,0,7.87691324476292,-0.0704972430897311,-0.0704972430897311,-0.0704972430897311,0.0322283121382998
14.6925462604222,0,-0.00458452472707301,0,14.6925462604222,-0.00458452472707301,-0.00458452472707301,-0.00458452472707301,0.0444254697733256
12.6985002447189,0,0.0156151615690587,0,12.6985002447189,0.0156151615690587,0.0156151615690587,0.0156151615690587,0.0344296478282526
14.3972634987083,0,-0.0237118006498921,0,14.3972634987083,-0.0237118006498921,-0.0237118006498921,-0.0237118006498921,0.0295064854269103
14.1514365378187,0,-0.0107350800784212,0,14.1514365378187,-0.0107350800784212,-0.0107350800784212,-0.0107350800784212,0.0554744268805768
27.9381463268887,0,-0.0196646199066465,0,27.9381463268887,-0.0196646199066465,-0.0196646199066465,-0.0196646199066465,0.0266030945529787
24.4728765020316,0,-0.0883766236254439,0,24.4728765020316,-0.0883766236254439,-0.0883766236254439,-0.0883766236254439,0.0473406670453721
13.4368696617468,0,0.0535402362440232,0,13.4368696617468,0.0535402362440232,0.0535402362440232,0.0535402362440232,0.0282079903838013
7.48402930279067,0,0.00968988201586394,0,7.48402930279067,0.00968988201586394,0.00968988201586394,0.00968988201586394,0.0686754083472401
25.9320346135502,0,-0.0232712391594247,0,25.9320346135502,-0.0232712391594247,-0.0232712391594247,-0.0232712391594247,0.0300519735078187
NA,NA,NA,NA,NA,NA,NA,NA,NA
12.0144898669671,0,-0.0304643580877798,0,12.0144898669671,-0.0304643580877798,-0.0304643580877798,-0.0304643580877798,0.0246585875375876
5.59197431763262,0,-0.0578220526680145,0,5.59197431763262,-0.0578220526680145,-0.0578220526680145,-0.0578220526680145,0.0290843221745671
7.10118523761685,0,-0.0285278978712163,0,7.10118523761685,-0.0285278978712163,-0.0285278978712163,-0.0285278978712163,0.0595492352872805
8.39406695268219,0,0.0167837864563465,0,8.39406695268219,0.0167837864563465,0.0167837864563465,0.0167837864563465,0.0322473662392579
6.68163411954067,0,0.0399525800720857,0,6.68163411954067,0.0399525800720857,0.0399525800720857,0.0399525800720857,0.0632642521725607
10.9419857642508,0,-0.0876235523401562,0,10.9419857642508,-0.0876235523401562,-0.0876235523401562,-0.0876235523401562,0.0336377588977628
9.567453602661,0,-0.0130573193727359,0,9.567453602661,-0.0130573193727359,-0.0130573193727359,-0.0130573193727359,0.0264340771076804
9.56764954052794,0,-0.00578932875863998,0,9.56764954052794,-0.00578932875863998,-0.00578932875863998,-0.00578932875863998,0.0288617279537588
9.58796747981615,0,0.00725905880614161,0,9.58796747981615,0.00725905880614161,0.00725905880614161,0.00725905880614161,0.0422687684348916
12.9045618909384,0,-0.020800428050844,0,12.9045618909384,-0.020800428050844,-0.020800428050844,-0.020800428050844,0.00918914559220215
9.03381024943225,0,-0.0258591277728825,0,9.03381024943225,-0.0258591277728825,-0.0258591277728825,-0.0258591277728825,0.0210013285642308
7.292171244769,0,0.0214216184583366,0,7.292171244769,0.0214216184583366,0.0214216184583366,0.0214216184583366,0.00787016036700002
10.6567948708008,0,0.0203455428827325,0,10.6567948708008,0.0203455428827325,0.0203455428827325,0.0203455428827325,0.0367174068081082
15.83958844307,0,0.0399832495665445,0,15.83958844307,0.0399832495665445,0.0399832495665445,0.0399832495665445,0.0130470310288665
17.7014293147066,0,0.0234372077444364,0,17.7014293147066,0.0234372077444364,0.0234372077444364,0.0234372077444364,0.0323786122878216
14.7585414478692,0,-0.0143222744287462,0,14.7585414478692,-0.0143222744287462,-0.0143222744287462,-0.0143222744287462,0.0637816832942033
20.7521231210355,0,-0.0269978295709997,0,20.7521231210355,-0.0269978295709997,-0.0269978295709997,-0.0269978295709997,0.0154926437594917
13.9836050997556,0,-0.0596374353307077,0,13.9836050997556,-0.0596374353307077,-0.0596374353307077,-0.0596374353307077,0.0260159424457815
11.3110693140974,0,0.00982781565554414,0,11.3110693140974,0.00982781565554414,0.00982781565554414,0.00982781565554414,0.0152975413868066
16.5519463473715,0,-0.0850116784148187,0,16.5519463473715,-0.0850116784148187,-0.0850116784148187,-0.0850116784148187,0.0449328569998866
12.3671082351961,0,0.0210231372322994,0,12.3671082351961,0.0210231372322994,0.0210231372322994,0.0210231372322994,0.0160828742749283
12.3654554745313,0,-0.0686880413546458,0,12.3654554745313,-0.0686880413546458,-0.0686880413546458,-0.0686880413546458,0.0513325050706189
19.2556223171704,0,0.0285945738844167,0,19.2556223171704,0.0285945738844167,0.0285945738844167,0.0285945738844167,0.0139726523520546
34.7312424253189,0,0.00360906084633839,0,34.7312424253189,0.00360906084633839,0.00360906084633839,0.00360906084633839,0.017575833019559
54.7209102152747,0,0.0196726221291343,0,54.7209102152747,0.0196726221291343,0.0196726221291343,0.0196726221291343,0.0109274670854921
9.37577209119586,0,-0.0166622088619275,0,9.37577209119586,-0.0166622088619275,-0.0166622088619275,-0.0166622088619275,0.0509886552324907
8.22166390729103,0,0.0200227074138689,0,8.22166390729103,0.0200227074138689,0.0200227074138689,0.0200227074138689,0.0889316774406693
6.56936523894705,0,-0.0184803687031215,0,6.56936523894705,-0.0184803687031215,-0.0184803687031215,-0.0184803687031215,0.0397871786329299
7.36539602284415,0,-0.0247872150245361,0,7.36539602284415,-0.0247872150245361,-0.0247872150245361,-0.0247872150245361,0.114121672795408
9.34902839864339,0,-0.0319037471830898,0,9.34902839864339,-0.0319037471830898,-0.0319037471830898,-0.0319037471830898,0.0353702402159913
12.5616640281909,0,0.00441577973083164,0,12.5616640281909,0.00441577973083164,0.00441577973083164,0.00441577973083164,0.0138459086615911
10.5411867057519,0,-0.0885790708954701,0,10.5411867057519,-0.0885790708954701,-0.0885790708954701,-0.0885790708954701,0.0320565633703811
10.8363107906744,0,-0.028098390818107,0,10.8363107906744,-0.028098390818107,-0.028098390818107,-0.028098390818107,0.071926050301895
7.60971237336999,0,0.0425196941211018,0,7.60971237336999,0.0425196941211018,0.0425196941211018,0.0425196941211018,0.0675431227803087
5.93931454818625,0,-0.0606442522079505,0,5.93931454818625,-0.0606442522079505,-0.0606442522079505,-0.0606442522079505,0.0347252472962151
11.3171115233183,0,-0.0301299566297987,0,11.3171115233183,-0.0301299566297987,-0.0301299566297987,-0.0301299566297987,0.0549217163119364
12.491172371433,0,0.00616174807970621,0,12.491172371433,0.00616174807970621,0.00616174807970621,0.00616174807970621,0.0405245193389735
26.9159257982544,0,0.00103996356092225,0,26.9159257982544,0.00103996356092225,0.00103996356092225,0.00103996356092225,0.0289826613233299
23.3384346785706,0,0.0173424537425691,0,23.3384346785706,0.0173424537425691,0.0173424537425691,0.0173424537425691,0.0189266195413323
39.8146474017142,0,-0.0114906286129136,0,39.8146474017142,-0.0114906286129136,-0.0114906286129136,-0.0114906286129136,0.0491219546710594
16.8846431378076,0,0.0592246738975235,0,16.8846431378076,0.0592246738975235,0.0592246738975235,0.0592246738975235,0.0580511049145327
129.543664939788,0,0.187339131251037,0,129.543664939788,0.187339131251037,0.187339131251037,0.187339131251037,0.0392949098741799
7.87613657515693,0,0.0413542662923309,0,7.87613657515693,0.0413542662923309,0.0413542662923309,0.0413542662923309,0.0315625132232254
7.87691324476292,0,-0.0704972430897311,0,7.87691324476292,-0.0704972430897311,-0.0704972430897311,-0.0704972430897311,0.0322283121382998
14.6925462604222,0,-0.00458452472707301,0,14.6925462604222,-0.00458452472707301,-0.00458452472707301,-0.00458452472707301,0.0444254697733256
12.6985002447189,0,0.0156151615690587,0,12.6985002447189,0.0156151615690587,0.0156151615690587,0.0156151615690587,0.0344296478282526
14.3972634987083,0,-0.0237118006498921,0,14.3972634987083,-0.0237118006498921,-0.0237118006498921,-0.0237118006498921,0.0295064854269103
14.1514365378187,0,-0.0107350800784212,0,14.1514365378187,-0.0107350800784212,-0.0107350800784212,-0.0107350800784212,0.0554744268805768
27.9381463268887,0,-0.0196646199066465,0,27.9381463268887,-0.0196646199066465,-0.0196646199066465,-0.0196646199066465,0.0266030945529787
24.4728765020316,0,-0.0883766236254439,0,24.4728765020316,-0.0883766236254439,-0.0883766236254439,-0.0883766236254439,0.0473406670453721
13.4368696617468,0,0.0535402362440232,0,13.4368696617468,0.0535402362440232,0.0535402362440232,0.0535402362440232,0.0282079903838013
7.48402930279067,0,0.00968988201586394,0,7.48402930279067,0.00968988201586394,0.00968988201586394,0.00968988201586394,0.0686754083472401
25.9320346135502,0,-0.0232712391594247,0,25.9320346135502,-0.0232712391594247,-0.0232712391594247,-0.0232712391594247,0.0300519735078187
NA,NA,NA,NA,NA,NA,NA,NA,NA
12.0144898669671,0,-0.0304643580877798,0,12.0144898669671,-0.0304643580877798,-0.0304643580877798,-0.0304643580877798,0.0246585875375876
5.59197431763262,0,-0.0578220526680145,0,5.59197431763262,-0.0578220526680145,-0.0578220526680145,-0.0578220526680145,0.0290843221745671
7.10118523761685,0,-0.0285278978712163,0,7.10118523761685,-0.0285278978712163,-0.0285278978712163,-0.0285278978712163,0.0595492352872805
8.39406695268219,0,0.0167837864563465,0,8.39406695268219,0.0167837864563465,0.0167837864563465,0.0167837864563465,0.0322473662392579
6.68163411954067,0,0.0399525800720857,0,6.68163411954067,0.0399525800720857,0.0399525800720857,0.0399525800720857,0.0632642521725607
10.9419857642508,0,-0.0876235523401562,0,10.9419857642508,-0.0876235523401562,-0.0876235523401562,-0.0876235523401562,0.0336377588977628
9.567453602661,0,-0.0130573193727359,0,9.567453602661,-0.0130573193727359,-0.0130573193727359,-0.0130573193727359,0.0264340771076804
9.56764954052794,0,-0.00578932875863998,0,9.56764954052794,-0.00578932875863998,-0.00578932875863998,-0.00578932875863998,0.0288617279537588
9.58796747981615,0,0.00725905880614161,0,9.58796747981615,0.00725905880614161,0.00725905880614161,0.00725905880614161,0.0422687684348916
12.9045618909384,0,-0.020800428050844,0,12.9045618909384,-0.020800428050844,-0.020800428050844,-0.020800428050844,0.00918914559220215
9.03381024943225,0,-0.0258591277728825,0,9.03381024943225,-0.0258591277728825,-0.0258591277728825,-0.0258591277728825,0.0210013285642308
7.292171244769,0,0.0214216184583366,0,7.292171244769,0.0214216184583366,0.0214216184583366,0.0214216184583366,0.00787016036700002
10.6567948708008,0,0.0203455428827325,0,10.6567948708008,0.0203455428827325,0.0203455428827325,0.0203455428827325,0.0367174068081082
15.83958844307,0,0.0399832495665445,0,15.83958844307,0.0399832495665445,0.0399832495665445,0.0399832495665445,0.0130470310288665
17.7014293147066,0,0.0234372077444364,0,17.7014293147066,0.0234372077444364,0.0234372077444364,0.0234372077444364,0.0323786122878216
14.7585414478692,0,-0.0143222744287462,0,14.7585414478692,-0.0143222744287462,-0.0143222744287462,-0.0143222744287462,0.0637816832942033
20.7521231210355,0,-0.0269978295709997,0,20.7521231210355,-0.0269978295709997,-0.0269978295709997,-0.0269978295709997,0.0154926437594917
13.9836050997556,0,-0.0596374353307077,0,13.9836050997556,-0.0596374353307077,-0.0596374353307077,-0.0596374353307077,0.0260159424457815
11.3110693140974,0,0.00982781565554414,0,11.3110693140974,0.00982781565554414,0.00982781565554414,0.00982781565554414,0.0152975413868066
16.5519463473715,0,-0.0850116784148187,0,16.5519463473715,-0.0850116784148187,-0.0850116784148187,-0.0850116784148187,0.0449328569998866
12.3671082351961,0,0.0210231372322994,0,12.3671082351961,0.0210231372322994,0.0210231372322994,0.0210231372322994,0.0160828742749283
12.3654554745313,0,-0.0686880413546458,0,12.3654554745313,-0.0686880413546458,-0.0686880413546458,-0.0686880413546458,0.0513325050706189
19.2556223171704,0,0.0285945738844167,0,19.2556223171704,0.0285945738844167,0.0285945738844167,0.0285945738844167,0.0139726523520546
34.7312424253189,0,0.00360906084633839,0,34.7312424253189,0.00360906084633839,0.00360906084633839,0.00360906084633839,0.017575833019559
54.7209102152747,0,0.0196726221291343,0,54.7209102152747,0.0196726221291343,0.0196726221291343,0.0196726221291343,0.0109274670854921
9.37577209119586,0,-0.0166622088619275,0,9.37577209119586,-0.0166622088619275,-0.0166622088619275,-0.0166622088619275,0.0509886552324907
8.22166390729103,0,0.0200227074138689,0,8.22166390729103,0.0200227074138689,0.0200227074138689,0.0200227074138689,0.0889316774406693
6.56936523894705,0,-0.0184803687031215,0,6.56936523894705,-0.0184803687031215,-0.0184803687031215,-0.0184803687031215,0.0397871786329299
7.36539602284415,0,-0.0247872150245361,0,7.36539602284415,-0.0247872150245361,-0.0247872150245361,-0.0247872150245361,0.114121672795408
9.34902839864339,0,-0.0319037471830898,0,9.34902839864339,-0.0319037471830898,-0.0319037471830898,-0.0319037471830898,0.0353702402159913
12.5616640281909,0,0.00441577973083164,0,12.5616640281909,0.00441577973083164,0.00441577973083164,0.00441577973083164,0.0138459086615911
10.5411867057519,0,-0.0885790708954701,0,10.5411867057519,-0.0885790708954701,-0.0885790708954701,-0.0885790708954701,0.0320565633703811
10.8363107906744,0,-0.028098390818107,0,10.8363107906744,-0.028098390818107,-0.028098390818107,-0.028098390818107,0.071926050301895
7.60971237336999,0,0.0425196941211018,0,7.60971237336999,0.0425196941211018,0.0425196941211018,0.0425196941211018,0.0675431227803087
5.93931454818625,0,-0.0606442522079505,0,5.93931454818625,-0.0606442522079505,-0.0606442522079505,-0.0606442522079505,0.0347252472962151
11.3171115233183,0,-0.0301299566297987,0,11.3171115233183,-0.0301299566297987,-0.0301299566297987,-0.0301299566297987,0.0549217163119364
12.491172371433,0,0.00616174807970621,0,12.491172371433,0.00616174807970621,0.00616174807970621,0.00616174807970621,0.0405245193389735
26.9159257982544,0,0.00103996356092225,0,26.9159257982544,0.00103996356092225,0.00103996356092225,0.00103996356092225,0.0289826613233299
23.3384346785706,0,0.0173424537425691,0,23.3384346785706,0.0173424537425691,0.0173424537425691,0.0173424537425691,0.0189266195413323
39.8146474017142,0,-0.0114906286129136,0,39.8146474017142,-0.0114906286129136,-0.0114906286129136,-0.0114906286129136,0.0491219546710594
16.8846431378076,0,0.0592246738975235,0,16.8846431378076,0.0592246738975235,0.0592246738975235,0.0592246738975235,0.0580511049145327
129.543664939788,0,0.187339131251037,0,129.543664939788,0.187339131251037,0.187339131251037,0.187339131251037,0.0392949098741799
7.87613657515693,0,0.0413542662923309,0,7.87613657515693,0.0413542662923309,0.0413542662923309,0.0413542662923309,0.0315625132232254
7.87691324476292,0,-0.0704972430897311,0,7.87691324476292,-0.0704972430897311,-0.0704972430897311,-0.0704972430897311,0.0322283121382998
14.6925462604222,0,-0.00458452472707301,0,14.6925462604222,-0.00458452472707301,-0.00458452472707301,-0.00458452472707301,0.0444254697733256
12.6985002447189,0,0.0156151615690587,0,12.6985002447189,0.0156151615690587,0.0156151615690587,0.0156151615690587,0.0344296478282526
14.3972634987083,0,-0.0237118006498921,0,14.3972634987083,-0.0237118006498921,-0.0237118006498921,-0.0237118006498921,0.0295064854269103
14.1514365378187,0,-0.0107350800784212,0,14.1514365378187,-0.0107350800784212,-0.0107350800784212,-0.0107350800784212,0.0554744268805768
27.9381463268887,0,-0.0196646199066465,0,27.9381463268887,-0.0196646199066465,-0.0196646199066465,-0.0196646199066465,0.0266030945529787
24.4728765020316,0,-0.0883766236254439,0,24.4728765020316,-0.0883766236254439,-0.0883766236254439,-0.0883766236254439,0.0473406670453721
13.4368696617468,0,0.0535402362440232,0,13.4368696617468,0.0535402362440232,0.0535402362440232,0.0535402362440232,0.0282079903838013
7.48402930279067,0,0.00968988201586394,0,7.48402930279067,0.00968988201586394,0.00968988201586394,0.00968988201586394,0.0686754083472401
25.9320346135502,0,-0.0232712391594247,0,25.9320346135502,-0.0232712391594247,-0.0232712391594247,-0.0232712391594247,0.0300519735078187
NA,NA,NA,NA,NA,NA,NA,NA,NA
12.0144898669671,0,-0.0304643580877798,0,12.0144898669671,-0.0304643580877798,-0.0304643580877798,-0.0304643580877798,0.0246585875375876
5.59197431763262,0,-0.0578220526680145,0,5.59197431763262,-0.0578220526680145,-0.0578220526680145,-0.0578220526680145,0.0290843221745671
7.10118523761685,0,-0.0285278978712163,0,7.10118523761685,-0.0285278978712163,-0.0285278978712163,-0.0285278978712163,0.0595492352872805
8.39406695268219,0,0.0167837864563465,0,8.39406695268219,0.0167837864563465,0.0167837864563465,0.0167837864563465,0.0322473662392579
6.68163411954067,0,0.0399525800720857,0,6.68163411954067,0.0399525800720857,0.0399525800720857,0.0399525800720857,0.0632642521725607
10.9419857642508,0,-0.0876235523401562,0,10.9419857642508,-0.0876235523401562,-0.0876235523401562,-0.0876235523401562,0.0336377588977628
9.567453602661,0,-0.0130573193727359,0,9.567453602661,-0.0130573193727359,-0.0130573193727359,-0.0130573193727359,0.0264340771076804
9.56764954052794,0,-0.00578932875863998,0,9.56764954052794,-0.00578932875863998,-0.00578932875863998,-0.00578932875863998,0.0288617279537588
9.58796747981615,0,0.00725905880614161,0,9.58796747981615,0.00725905880614161,0.00725905880614161,0.00725905880614161,0.0422687684348916
12.9045618909384,0,-0.020800428050844,0,12.9045618909384,-0.020800428050844,-0.020800428050844,-0.020800428050844,0.00918914559220215
9.03381024943225,0,-0.0258591277728825,0,9.03381024943225,-0.0258591277728825,-0.0258591277728825,-0.0258591277728825,0.0210013285642308
7.292171244769,0,0.0214216184583366,0,7.292171244769,0.0214216184583366,0.0214216184583366,0.0214216184583366,0.00787016036700002
10.6567948708008,0,0.0203455428827325,0,10.6567948708008,0.0203455428827325,0.0203455428827325,0.0203455428827325,0.0367174068081082
15.83958844307,0,0.0399832495665445,0,15.83958844307,0.0399832495665445,0.0399832495665445,0.0399832495665445,0.0130470310288665
17.7014293147066,0,0.0234372077444364,0,17.7014293147066,0.0234372077444364,0.0234372077444364,0.0234372077444364,0.0323786122878216
14.7585414478692,0,-0.0143222744287462,0,14.7585414478692,-0.0143222744287462,-0.0143222744287462,-0.0143222744287462,0.0637816832942033
20.7521231210355,0,-0.0269978295709997,0,20.7521231210355,-0.0269978295709997,-0.0269978295709997,-0.0269978295709997,0.0154926437594917
13.9836050997556,0,-0.0596374353307077,0,13.9836050997556,-0.0596374353307077,-0.0596374353307077,-0.0596374353307077,0.0260159424457815
11.3110693140974,0,0.00982781565554414,0,11.3110693140974,0.00982781565554414,0.00982781565554414,0.00982781565554414,0.0152975413868066
16.5519463473715,0,-0.0850116784148187,0,16.5519463473715,-0.0850116784148187,-0.0850116784148187,-0.0850116784148187,0.0449328569998866
12.3671082351961,0,0.0210231372322994,0,12.3671082351961,0.0210231372322994,0.0210231372322994,0.0210231372322994,0.0160828742749283
12.3654554745313,0,-0.0686880413546458,0,12.3654554745313,-0.0686880413546458,-0.0686880413546458,-0.0686880413546458,0.0513325050706189
19.2556223171704,0,0.0285945738844167,0,19.2556223171704,0.0285945738844167,0.0285945738844167,0.0285945738844167,0.0139726523520546
34.7312424253189,0,0.00360906084633839,0,34.7312424253189,0.00360906084633839,0.00360906084633839,0.00360906084633839,0.017575833019559
54.7209102152747,0,0.0196726221291343,0,54.7209102152747,0.0196726221291343,0.0196726221291343,0.0196726221291343,0.0109274670854921
9.37577209119586,0,-0.0166622088619275,0,9.37577209119586,-0.0166622088619275,-0.0166622088619275,-0.0166622088619275,0.0509886552324907
8.22166390729103,0,0.0200227074138689,0,8.22166390729103,0.0200227074138689,0.0200227074138689,0.0200227074138689,0.0889316774406693
6.56936523894705,0,-0.0184803687031215,0,6.56936523894705,-0.0184803687031215,-0.0184803687031215,-0.0184803687031215,0.0397871786329299
7.36539602284415,0,-0.0247872150245361,0,7.36539602284415,-0.0247872150245361,-0.0247872150245361,-0.0247872150245361,0.114121672795408
9.34902839864339,0,-0.0319037471830898,0,9.34902839864339,-0.0319037471830898,-0.0319037471830898,-0.0319037471830898,0.0353702402159913
12.5616640281909,0,0.00441577973083164,0,12.5616640281909,0.00441577973083164,0.00441577973083164,0.00441577973083164,0.0138459086615911
10.5411867057519,0,-0.0885790708954701,0,10.5411867057519,-0.0885790708954701,-0.0885790708954701,-0.0885790708954701,0.0320565633703811
10.8363107906744,0,-0.028098390818107,0,10.8363107906744,-0.028098390818107,-0.028098390818107,-0.028098390818107,0.071926050301895
7.60971237336999,0,0.0425196941211018,0,7.60971237336999,0.0425196941211018,0.0425196941211018,0.0425196941211018,0.0675431227803087
5.93931454818625,0,-0.0606442522079505,0,5.93931454818625,-0.0606442522079505,-0.0606442522079505,-0.0606442522079505,0.0347252472962151
11.3171115233183,0,-0.0301299566297987,0,11.3171115233183,-0.0301299566297987,-0.0301299566297987,-0.0301299566297987,0.0549217163119364
12.491172371433,0,0.00616174807970621,0,12.491172371433,0.00616174807970621,0.00616174807970621,0.00616174807970621,0.0405245193389735
26.9159257982544,0,0.00103996356092225,0,26.9159257982544,0.00103996356092225,0.00103996356092225,0.00103996356092225,0.0289826613233299
23.3384346785706,0,0.0173424537425691,0,23.3384346785706,0.0173424537425691,0.0173424537425691,0.0173424537425691,0.0189266195413323
39.8146474017142,0,-0.0114906286129136,0,39.8146474017142,-0.0114906286129136,-0.0114906286129136,-0.0114906286129136,0.0491219546710594
16.8846431378076,0,0.0592246738975235,0,16.8846431378076,0.0592246738975235,0.0592246738975235,0.0592246738975235,0.0580511049145327
129.543664939788,0,0.187339131251037,0,129.543664939788,0.187339131251037,0.187339131251037,0.187339131251037,0.0392949098741799
7.87613657515693,0,0.0413542662923309,0,7.87613657515693,0.0413542662923309,0.0413542662923309,0.0413542662923309,0.0315625132232254
7.87691324476292,0,-0.0704972430897311,0,7.87691324476292,-0.0704972430897311,-0.0704972430897311,-0.0704972430897311,0.0322283121382998
14.6925462604222,0,-0.00458452472707301,0,14.6925462604222,-0.00458452472707301,-0.00458452472707301,-0.00458452472707301,0.0444254697733256
12.6985002447189,0,0.0156151615690587,0,12.6985002447189,0.0156151615690587,0.0156151615690587,0.0156151615690587,0.0344296478282526
14.3972634987083,0,-0.0237118006498921,0,14.3972634987083,-0.0237118006498921,-0.0237118006498921,-0.0237118006498921,0.0295064854269103
14.1514365378187,0,-0.0107350800784212,0,14.1514365378187,-0.0107350800784212,-0.0107350800784212,-0.0107350800784212,0.0554744268805768
27.9381463268887,0,-0.0196646199066465,0,27.9381463268887,-0.0196646199066465,-0.0196646199066465,-0.0196646199066465,0.0266030945529787
24.4728765020316,0,-0.0883766236254439,0,24.4728765020316,-0.0883766236254439,-0.0883766236254439,-0.0883766236254439,0.0473406670453721
13.4368696617468,0,0.0535402362440232,0,13.4368696617468,0.0535402362440232,0.0535402362440232,0.0535402362440232,0.0282079903838013
7.48402930279067,0,0.00968988201586394,0,7.48402930279067,0.00968988201586394,0.00968988201586394,0.00968988201586394,0.0686754083472401
25.9320346135502,0,-0.0232712391594247,0,25.9320346135502,-0.0232712391594247,-0.0232712391594247,-0.0232712391594247,0.0300519735078187
NA,NA,NA,NA,NA,NA,NA,NA,NA
12.0144898669671,0,-0.0304643580877798,0,12.0144898669671,-0.0304643580877798,-0.0304643580877798,-0.0304643580877798,0.0246585875375876
5.59197431763262,0,-0.0578220526680145,0,5.59197431763262,-0.0578220526680145,-0.0578220526680145,-0.0578220526680145,0.0290843221745671
7.10118523761685,0,-0.0285278978712163,0,7.10118523761685,-0.0285278978712163,-0.0285278978712163,-0.0285278978712163,0.0595492352872805
8.39406695268219,0,0.0167837864563465,0,8.39406695268219,0.0167837864563465,0.0167837864563465,0.0167837864563465,0.0322473662392579
6.68163411954067,0,0.0399525800720857,0,6.68163411954067,0.0399525800720857,0.0399525800720857,0.0399525800720857,0.0632642521725607
10.9419857642508,0,-0.0876235523401562,0,10.9419857642508,-0.0876235523401562,-0.0876235523401562,-0.0876235523401562,0.0336377588977628
9.567453602661,0,-0.0130573193727359,0,9.567453602661,-0.0130573193727359,-0.0130573193727359,-0.0130573193727359,0.0264340771076804
9.56764954052794,0,-0.00578932875863998,0,9.56764954052794,-0.00578932875863998,-0.00578932875863998,-0.00578932875863998,0.0288617279537588
9.58796747981615,0,0.00725905880614161,0,9.58796747981615,0.00725905880614161,0.00725905880614161,0.00725905880614161,0.0422687684348916
12.9045618909384,0,-0.020800428050844,0,12.9045618909384,-0.020800428050844,-0.020800428050844,-0.020800428050844,0.00918914559220215
9.03381024943225,0,-0.0258591277728825,0,9.03381024943225,-0.0258591277728825,-0.0258591277728825,-0.0258591277728825,0.0210013285642308
7.292171244769,0,0.0214216184583366,0,7.292171244769,0.0214216184583366,0.0214216184583366,0.0214216184583366,0.00787016036700002
10.6567948708008,0,0.0203455428827325,0,10.6567948708008,0.0203455428827325,0.0203455428827325,0.0203455428827325,0.0367174068081082
15.83958844307,0,0.0399832495665445,0,15.83958844307,0.0399832495665445,0.0399832495665445,0.0399832495665445,0.0130470310288665
17.7014293147066,0,0.0234372077444364,0,17.7014293147066,0.0234372077444364,0.0234372077444364,0.0234372077444364,0.0323786122878216
14.7585414478692,0,-0.0143222744287462,0,14.7585414478692,-0.0143222744287462,-0.0143222744287462,-0.0143222744287462,0.0637816832942033
8.7869971588466,0,0.0255650750927985,0,8.7869971588466,0.0255650750927985,0.0255650750927985,0.0255650750927985,0.0115189820321319
13.9836050997556,0,-0.0596374353307077,0,13.9836050997556,-0.0596374353307077,-0.0596374353307077,-0.0596374353307077,0.0260159424457815
11.3110693140974,0,0.00982781565554414,0,11.3110693140974,0.00982781565554414,0.00982781565554414,0.00982781565554414,0.0152975413868066
16.5519463473715,0,-0.0850116784148187,0,16.5519463473715,-0.0850116784148187,-0.0850116784148187,-0.0850116784148187,0.0449328569998866
12.3671082351961,0,0.0210231372322994,0,12.3671082351961,0.0210231372322994,0.0210231372322994,0.0210231372322994,0.0160828742749283
12.3654554745313,0,-0.0686880413546458,0,12.3654554745313,-0.0686880413546458,-0.0686880413546458,-0.0686880413546458,0.0513325050706189
19.2556223171704,0,0.0285945738844167,0,19.2556223171704,0.0285945738844167,0.0285945738844167,0.0285945738844167,0.0139726523520546
34.7312424253189,0,0.00360906084633839,0,34.7312424253189,0.00360906084633839,0.00360906084633839,0.00360906084633839,0.017575833019559
54.7209102152747,0,0.0196726221291343,0,54.7209102152747,0.0196726221291343,0.0196726221291343,0.0196726221291343,0.0109274670854921
9.37577209119586,0,-0.0166622088619275,0,9.37577209119586,-0.0166622088619275,-0.0166622088619275,-0.0166622088619275,0.0509886552324907
8.22166390729103,0,0.0200227074138689,0,8.22166390729103,0.0200227074138689,0.0200227074138689,0.0200227074138689,0.0889316774406693
6.56936523894705,0,-0.0184803687031215,0,6.56936523894705,-0.0184803687031215,-0.0184803687031215,-0.0184803687031215,0.0397871786329299
7.36539602284415,0,-0.0247872150245361,0,7.36539602284415,-0.0247872150245361,-0.0247872150245361,-0.0247872150245361,0.114121672795408
9.34902839864339,0,-0.0319037471830898,0,9.34902839864339,-0.0319037471830898,-0.0319037471830898,-0.0319037471830898,0.0353702402159913
12.5616640281909,0,0.00441577973083164,0,12.5616640281909,0.00441577973083164,0.00441577973083164,0.00441577973083164,0.0138459086615911
10.5411867057519,0,-0.0885790708954701,0,10.5411867057519,-0.0885790708954701,-0.0885790708954701,-0.0885790708954701,0.0320565633703811
10.8363107906744,0,-0.028098390818107,0,10.8363107906744,-0.028098390818107,-0.028098390818107,-0.028098390818107,0.071926050301895
7.60971237336999,0,0.0425196941211018,0,7.60971237336999,0.0425196941211018,0.0425196941211018,0.0425196941211018,0.0675431227803087
5.93931454818625,0,-0.0606442522079505,0,5.93931454818625,-0.0606442522079505,-0.0606442522079505,-0.0606442522079505,0.0347252472962151
11.3171115233183,0,-0.0301299566297987,0,11.3171115233183,-0.0301299566297987,-0.0301299566297987,-0.0301299566297987,0.0549217163119364
12.491172371433,0,0.00616174807970621,0,12.491172371433,0.00616174807970621,0.00616174807970621,0.00616174807970621,0.0405245193389735
26.9159257982544,0,0.00103996356092225,0,26.9159257982544,0.00103996356092225,0.00103996356092225,0.00103996356092225,0.0289826613233299
23.3384346785706,0,0.0173424537425691,0,23.3384346785706,0.0173424537425691,0.0173424537425691,0.0173424537425691,0.0189266195413323
39.8146474017142,0,-0.0114906286129136,0,39.8146474017142,-0.0114906286129136,-0.0114906286129136,-0.0114906286129136,0.0491219546710594
16.8846431378076,0,0.0592246738975235,0,16.8846431378076,0.0592246738975235,0.0592246738975235,0.0592246738975235,0.0580511049145327
129.543664939788,0,0.187339131251037,0,129.543664939788,0.187339131251037,0.187339131251037,0.187339131251037,0.0392949098741799
7.87613657515693,0,0.0413542662923309,0,7.87613657515693,0.0413542662923309,0.0413542662923309,0.0413542662923309,0.0315625132232254
7.87691324476292,0,-0.0704972430897311,0,7.87691324476292,-0.0704972430897311,-0.0704972430897311,-0.0704972430897311,0.0322283121382998
14.6925462604222,0,-0.00458452472707301,0,14.6925462604222,-0.00458452472707301,-0.00458452472707301,-0.00458452472707301,0.0444254697733256
12.6985002447189,0,0.0156151615690587,0,12.6985002447189,0.0156151615690587,0.0156151615690587,0.0156151615690587,0.0344296478282526
14.3972634987083,0,-0.0237118006498921,0,14.3972634987083,-0.0237118006498921,-0.0237118006498921,-0.0237118006498921,0.0295064854269103
14.1514365378187,0,-0.0107350800784212,0,14.1514365378187,-0.0107350800784212,-0.0107350800784212,-0.0107350800784212,0.0554744268805768
27.9381463268887,0,-0.0196646199066465,0,27.9381463268887,-0.0196646199066465,-0.0196646199066465,-0.0196646199066465,0.0266030945529787
24.4728765020316,0,-0.0883766236254439,0,24.4728765020316,-0.0883766236254439,-0.0883766236254439,-0.0883766236254439,0.0473406670453721
13.4368696617468,0,0.0535402362440232,0,13.4368696617468,0.0535402362440232,0.0535402362440232,0.0535402362440232,0.0282079903838013
7.48402930279067,0,0.00968988201586394,0,7.48402930279067,0.00968988201586394,0.00968988201586394,0.00968988201586394,0.0686754083472401
25.9320346135502,0,-0.0232712391594247,0,25.9320346135502,-0.0232712391594247,-0.0232712391594247,-0.0232712391594247,0.0300519735078187
NA,NA,NA,NA,NA,NA,NA,NA,NA
12.0144898669671,0,-0.0304643580877798,0,12.0144898669671,-0.0304643580877798,-0.0304643580877798,-0.0304643580877798,0.0246585875375876
5.59197431763262,0,-0.0578220526680145,0,5.59197431763262,-0.0578220526680145,-0.0578220526680145,-0.0578220526680145,0.0290843221745671
7.10118523761685,0,-0.0285278978712163,0,7.10118523761685,-0.0285278978712163,-0.0285278978712163,-0.0285278978712163,0.0595492352872805
8.39406695268219,0,0.0167837864563465,0,8.39406695268219,0.0167837864563465,0.0167837864563465,0.0167837864563465,0.0322473662392579
6.68163411954067,0,0.0399525800720857,0,6.68163411954067,0.0399525800720857,0.0399525800720857,0.0399525800720857,0.0632642521725607
10.9419857642508,0,-0.0876235523401562,0,10.9419857642508,-0.0876235523401562,-0.0876235523401562,-0.0876235523401562,0.0336377588977628
9.567453602661,0,-0.0130573193727359,0,9.567453602661,-0.0130573193727359,-0.0130573193727359,-0.0130573193727359,0.0264340771076804
9.56764954052794,0,-0.00578932875863998,0,9.56764954052794,-0.00578932875863998,-0.00578932875863998,-0.00578932875863998,0.0288617279537588
9.58796747981615,0,0.00725905880614161,0,9.58796747981615,0.00725905880614161,0.00725905880614161,0.00725905880614161,0.0422687684348916
12.9045618909384,0,-0.020800428050844,0,12.9045618909384,-0.020800428050844,-0.020800428050844,-0.020800428050844,0.00918914559220215
9.03381024943225,0,-0.0258591277728825,0,9.03381024943225,-0.0258591277728825,-0.0258591277728825,-0.0258591277728825,0.0210013285642308
7.292171244769,0,0.0214216184583366,0,7.292171244769,0.0214216184583366,0.0214216184583366,0.0214216184583366,0.00787016036700002
10.6567948708008,0,0.0203455428827325,0,10.6567948708008,0.0203455428827325,0.0203455428827325,0.0203455428827325,0.0367174068081082
15.83958844307,0,0.0399832495665445,0,15.83958844307,0.0399832495665445,0.0399832495665445,0.0399832495665445,0.0130470310288665
17.7014293147066,0,0.0234372077444364,0,17.7014293147066,0.0234372077444364,0.0234372077444364,0.0234372077444364,0.0323786122878216
14.7585414478692,0,-0.0143222744287462,0,14.7585414478692,-0.0143222744287462,-0.0143222744287462,-0.0143222744287462,0.0637816832942033
8.7869971588466,0,0.0255650750927985,0,8.7869971588466,0.0255650750927985,0.0255650750927985,0.0255650750927985,0.0115189820321319
13.9836050997556,0,-0.0596374353307077,0,13.9836050997556,-0.0596374353307077,-0.0596374353307077,-0.0596374353307077,0.0260159424457815
11.3110693140974,0,0.00982781565554414,0,11.3110693140974,0.00982781565554414,0.00982781565554414,0.00982781565554414,0.0152975413868066
16.5519463473715,0,-0.0850116784148187,0,16.5519463473715,-0.0850116784148187,-0.0850116784148187,-0.0850116784148187,0.0449328569998866
12.3671082351961,0,0.0210231372322994,0,12.3671082351961,0.0210231372322994,0.0210231372322994,0.0210231372322994,0.0160828742749283
12.3654554745313,0,-0.0686880413546458,0,12.3654554745313,-0.0686880413546458,-0.0686880413546458,-0.0686880413546458,0.0513325050706189
19.2556223171704,0,0.0285945738844167,0,19.2556223171704,0.0285945738844167,0.0285945738844167,0.0285945738844167,0.0139726523520546
34.7312424253189,0,0.00360906084633839,0,34.7312424253189,0.00360906084633839,0.00360906084633839,0.00360906084633839,0.017575833019559
54.7209102152747,0,0.0196726221291343,0,54.7209102152747,0.0196726221291343,0.0196726221291343,0.0196726221291343,0.0109274670854921
9.37577209119586,0,-0.0166622088619275,0,9.37577209119586,-0.0166622088619275,-0.0166622088619275,-0.0166622088619275,0.0509886552324907
8.22166390729103,0,0.0200227074138689,0,8.22166390729103,0.0200227074138689,0.0200227074138689,0.0200227074138689,0.0889316774406693
6.56936523894705,0,-0.0184803687031215,0,6.56936523894705,-0.0184803687031215,-0.0184803687031215,-0.0184803687031215,0.0397871786329299
7.36539602284415,0,-0.0247872150245361,0,7.36539602284415,-0.0247872150245361,-0.0247872150245361,-0.0247872150245361,0.114121672795408
9.34902839864339,0,-0.0319037471830898,0,9.34902839864339,-0.0319037471830898,-0.0319037471830898,-0.0319037471830898,0.0353702402159913
12.5616640281909,0,0.00441577973083164,0,12.5616640281909,0.00441577973083164,0.00441577973083164,0.00441577973083164,0.0138459086615911
10.5411867057519,0,-0.0885790708954701,0,10.5411867057519,-0.0885790708954701,-0.0885790708954701,-0.0885790708954701,0.0320565633703811
10.8363107906744,0,-0.028098390818107,0,10.8363107906744,-0.028098390818107,-0.028098390818107,-0.028098390818107,0.071926050301895
7.60971237336999,0,0.0425196941211018,0,7.60971237336999,0.0425196941211018,0.0425196941211018,0.0425196941211018,0.0675431227803087
5.93931454818625,0,-0.0606442522079505,0,5.93931454818625,-0.0606442522079505,-0.0606442522079505,-0.0606442522079505,0.0347252472962151
11.3171115233183,0,-0.0301299566297987,0,11.3171115233183,-0.0301299566297987,-0.0301299566297987,-0.0301299566297987,0.0549217163119364
12.491172371433,0,0.00616174807970621,0,12.491172371433,0.00616174807970621,0.00616174807970621,0.00616174807970621,0.0405245193389735
26.9159257982544,0,0.00103996356092225,0,26.9159257982544,0.00103996356092225,0.00103996356092225,0.00103996356092225,0.0289826613233299
23.3384346785706,0,0.0173424537425691,0,23.3384346785706,0.0173424537425691,0.0173424537425691,0.0173424537425691,0.0189266195413323
39.8146474017142,0,-0.0114906286129136,0,39.8146474017142,-0.0114906286129136,-0.0114906286129136,-0.0114906286129136,0.0491219546710594
16.8846431378076,0,0.0592246738975235,0,16.8846431378076,0.0592246738975235,0.0592246738975235,0.0592246738975235,0.0580511049145327
129.543664939788,0,0.187339131251037,0,129.543664939788,0.187339131251037,0.187339131251037,0.187339131251037,0.0392949098741799
7.87613657515693,0,0.0413542662923309,0,7.87613657515693,0.0413542662923309,0.0413542662923309,0.0413542662923309,0.0315625132232254
7.87691324476292,0,-0.0704972430897311,0,7.87691324476292,-0.0704972430897311,-0.0704972430897311,-0.0704972430897311,0.0322283121382998
14.6925462604222,0,-0.00458452472707301,0,14.6925462604222,-0.00458452472707301,-0.00458452472707301,-0.00458452472707301,0.0444254697733256
12.6985002447189,0,0.0156151615690587,0,12.6985002447189,0.0156151615690587,0.0156151615690587,0.0156151615690587,0.0344296478282526
14.3972634987083,0,-0.0237118006498921,0,14.3972634987083,-0.0237118006498921,-0.0237118006498921,-0.0237118006498921,0.0295064854269103
14.1514365378187,0,-0.0107350800784212,0,14.1514365378187,-0.0107350800784212,-0.0107350800784212,-0.0107350800784212,0.0554744268805768
27.9381463268887,0,-0.0196646199066465,0,27.9381463268887,-0.0196646199066465,-0.0196646199066465,-0.0196646199066465,0.0266030945529787
24.4728765020316,0,-0.0883766236254439,0,24.4728765020316,-0.0883766236254439,-0.0883766236254439,-0.0883766236254439,0.0473406670453721
13.4368696617468,0,0.0535402362440232,0,13.4368696617468,0.0535402362440232,0.0535402362440232,0.0535402362440232,0.0282079903838013
7.48402930279067,0,0.00968988201586394,0,7.48402930279067,0.00968988201586394,0.00968988201586394,0.00968988201586394,0.0686754083472401
25.9320346135502,0,-0.0232712391594247,0,25.9320346135502,-0.0232712391594247,-0.0232712391594247,-0.0232712391594247,0.0300519735078187
NA,NA,NA,NA,NA,NA,NA,NA,NA
12.0144898669671,0,-0.0304643580877798,0,12.0144898669671,-0.0304643580877798,-0.0304643580877798,-0.0304643580877798,0.0246585875375876
5.59197431763262,0,-0.0578220526680145,0,5.59197431763262,-0.0578220526680145,-0.0578220526680145,-0.0578220526680145,0.0290843221745671
7.10118523761685,0,-0.0285278978712163,0,7.10118523761685,-0.0285278978712163,-0.0285278978712163,-0.0285278978712163,0.0595492352872805
8.39406695268219,0,0.0167837864563465,0,8.39406695268219,0.0167837864563465,0.0167837864563465,0.0167837864563465,0.0322473662392579
6.68163411954067,0,0.0399525800720857,0,6.68163411954067,0.0399525800720857,0.0399525800720857,0.0399525800720857,0.0632642521725607
10.9419857642508,0,-0.0876235523401562,0,10.9419857642508,-0.0876235523401562,-0.0876235523401562,-0.0876235523401562,0.0336377588977628
9.567453602661,0,-0.0130573193727359,0,9.567453602661,-0.0130573193727359,-0.0130573193727359,-0.0130573193727359,0.0264340771076804
9.56764954052794,0,-0.00578932875863998,0,9.56764954052794,-0.00578932875863998,-0.00578932875863998,-0.00578932875863998,0.0288617279537588
9.58796747981615,0,0.00725905880614161,0,9.58796747981615,0.00725905880614161,0.00725905880614161,0.00725905880614161,0.0422687684348916
12.9045618909384,0,-0.020800428050844,0,12.9045618909384,-0.020800428050844,-0.020800428050844,-0.020800428050844,0.00918914559220215
9.03381024943225,0,-0.0258591277728825,0,9.03381024943225,-0.0258591277728825,-0.0258591277728825,-0.0258591277728825,0.0210013285642308
7.292171244769,0,0.0214216184583366,0,7.292171244769,0.0214216184583366,0.0214216184583366,0.0214216184583366,0.00787016036700002
10.6567948708008,0,0.0203455428827325,0,10.6567948708008,0.0203455428827325,0.0203455428827325,0.0203455428827325,0.0367174068081082
15.83958844307,0,0.0399832495665445,0,15.83958844307,0.0399832495665445,0.0399832495665445,0.0399832495665445,0.0130470310288665
17.7014293147066,0,0.0234372077444364,0,17.7014293147066,0.0234372077444364,0.0234372077444364,0.0234372077444364,0.0323786122878216
14.7585414478692,0,-0.0143222744287462,0,14.7585414478692,-0.0143222744287462,-0.0143222744287462,-0.0143222744287462,0.0637816832942033
8.7869971588466,0,0.0255650750927985,0,8.7869971588466,0.0255650750927985,0.0255650750927985,0.0255650750927985,0.0115189820321319
13.9836050997556,0,-0.0596374353307077,0,13.9836050997556,-0.0596374353307077,-0.0596374353307077,-0.0596374353307077,0.0260159424457815
11.3110693140974,0,0.00982781565554414,0,11.3110693140974,0.00982781565554414,0.00982781565554414,0.00982781565554414,0.0152975413868066
16.5519463473715,0,-0.0850116784148187,0,16.5519463473715,-0.0850116784148187,-0.0850116784148187,-0.0850116784148187,0.0449328569998866
12.3671082351961,0,0.0210231372322994,0,12.3671082351961,0.0210231372322994,0.0210231372322994,0.0210231372322994,0.0160828742749283
12.3654554745313,0,-0.0686880413546458,0,12.3654554745313,-0.0686880413546458,-0.0686880413546458,-0.0686880413546458,0.0513325050706189
19.2556223171704,0,0.0285945738844167,0,19.2556223171704,0.0285945738844167,0.0285945738844167,0.0285945738844167,0.0139726523520546
34.7312424253189,0,0.00360906084633839,0,34.7312424253189,0.00360906084633839,0.00360906084633839,0.00360906084633839,0.017575833019559
54.7209102152747,0,0.0196726221291343,0,54.7209102152747,0.0196726221291343,0.0196726221291343,0.0196726221291343,0.0109274670854921
9.37577209119586,0,-0.0166622088619275,0,9.37577209119586,-0.0166622088619275,-0.0166622088619275,-0.0166622088619275,0.0509886552324907
8.22166390729103,0,0.0200227074138689,0,8.22166390729103,0.0200227074138689,0.0200227074138689,0.0200227074138689,0.0889316774406693
6.56936523894705,0,-0.0184803687031215,0,6.56936523894705,-0.0184803687031215,-0.0184803687031215,-0.0184803687031215,0.0397871786329299
7.36539602284415,0,-0.0247872150245361,0,7.36539602284415,-0.0247872150245361,-0.0247872150245361,-0.0247872150245361,0.114121672795408
9.34902839864339,0,-0.0319037471830898,0,9.34902839864339,-0.0319037471830898,-0.0319037471830898,-0.0319037471830898,0.0353702402159913
12.5616640281909,0,0.00441577973083164,0,12.5616640281909,0.00441577973083164,0.00441577973083164,0.00441577973083164,0.0138459086615911
10.5411867057519,0,-0.0885790708954701,0,10.5411867057519,-0.0885790708954701,-0.0885790708954701,-0.0885790708954701,0.0320565633703811
10.8363107906744,0,-0.028098390818107,0,10.8363107906744,-0.028098390818107,-0.028098390818107,-0.028098390818107,0.071926050301895
7.60971237336999,0,0.0425196941211018,0,7.60971237336999,0.0425196941211018,0.0425196941211018,0.0425196941211018,0.0675431227803087
5.93931454818625,0,-0.0606442522079505,0,5.93931454818625,-0.0606442522079505,-0.0606442522079505,-0.0606442522079505,0.0347252472962151
11.3171115233183,0,-0.0301299566297987,0,11.3171115233183,-0.0301299566297987,-0.0301299566297987,-0.0301299566297987,0.0549217163119364
12.491172371433,0,0.00616174807970621,0,12.491172371433,0.00616174807970621,0.00616174807970621,0.00616174807970621,0.0405245193389735
26.9159257982544,0,0.00103996356092225,0,26.9159257982544,0.00103996356092225,0.00103996356092225,0.00103996356092225,0.0289826613233299
23.3384346785706,0,0.0173424537425691,0,23.3384346785706,0.0173424537425691,0.0173424537425691,0.0173424537425691,0.0189266195413323
39.8146474017142,0,-0.0114906286129136,0,39.8146474017142,-0.0114906286129136,-0.0114906286129136,-0.0114906286129136,0.0491219546710594
16.8846431378076,0,0.0592246738975235,0,16.8846431378076,0.0592246738975235,0.0592246738975235,0.0592246738975235,0.0580511049145327
129.543664939788,0,0.187339131251037,0,129.543664939788,0.187339131251037,0.187339131251037,0.187339131251037,0.0392949098741799
7.87613657515693,0,0.0413542662923309,0,7.87613657515693,0.0413542662923309,0.0413542662923309,0.0413542662923309,0.0315625132232254
6.75451986071434,0,0.0140182295143905,0,6.75451986071434,0.0140182295143905,0.0140182295143905,0.0140182295143905,0.0568066082100863
14.6925462604222,0,-0.00458452472707301,0,14.6925462604222,-0.00458452472707301,-0.00458452472707301,-0.00458452472707301,0.0444254697733256
12.6985002447189,0,0.0156151615690587,0,12.6985002447189,0.0156151615690587,0.0156151615690587,0.0156151615690587,0.0344296478282526
14.3972634987083,0,-0.0237118006498921,0,14.3972634987083,-0.0237118006498921,-0.0237118006498921,-0.0237118006498921,0.0295064854269103
14.1514365378187,0,-0.0107350800784212,0,14.1514365378187,-0.0107350800784212,-0.0107350800784212,-0.0107350800784212,0.0554744268805768
27.9381463268887,0,-0.0196646199066465,0,27.9381463268887,-0.0196646199066465,-0.0196646199066465,-0.0196646199066465,0.0266030945529787
24.4728765020316,0,-0.0883766236254439,0,24.4728765020316,-0.0883766236254439,-0.0883766236254439,-0.0883766236254439,0.0473406670453721
13.4368696617468,0,0.0535402362440232,0,13.4368696617468,0.0535402362440232,0.0535402362440232,0.0535402362440232,0.0282079903838013
7.48402930279067,0,0.00968988201586394,0,7.48402930279067,0.00968988201586394,0.00968988201586394,0.00968988201586394,0.0686754083472401
25.9320346135502,0,-0.0232712391594247,0,25.9320346135502,-0.0232712391594247,-0.0232712391594247,-0.0232712391594247,0.0300519735078187
NA,NA,NA,NA,NA,NA,NA,NA,NA
12.0144898669671,0,-0.0304643580877798,0,12.0144898669671,-0.0304643580877798,-0.0304643580877798,-0.0304643580877798,0.0246585875375876
5.59197431763262,0,-0.0578220526680145,0,5.59197431763262,-0.0578220526680145,-0.0578220526680145,-0.0578220526680145,0.0290843221745671
7.10118523761685,0,-0.0285278978712163,0,7.10118523761685,-0.0285278978712163,-0.0285278978712163,-0.0285278978712163,0.0595492352872805
8.39406695268219,0,0.0167837864563465,0,8.39406695268219,0.0167837864563465,0.0167837864563465,0.0167837864563465,0.0322473662392579
6.68163411954067,0,0.0399525800720857,0,6.68163411954067,0.0399525800720857,0.0399525800720857,0.0399525800720857,0.0632642521725607
10.9419857642508,0,-0.0876235523401562,0,10.9419857642508,-0.0876235523401562,-0.0876235523401562,-0.0876235523401562,0.0336377588977628
9.567453602661,0,-0.0130573193727359,0,9.567453602661,-0.0130573193727359,-0.0130573193727359,-0.0130573193727359,0.0264340771076804
9.56764954052794,0,-0.00578932875863998,0,9.56764954052794,-0.00578932875863998,-0.00578932875863998,-0.00578932875863998,0.0288617279537588
9.58796747981615,0,0.00725905880614161,0,9.58796747981615,0.00725905880614161,0.00725905880614161,0.00725905880614161,0.0422687684348916
12.9045618909384,0,-0.020800428050844,0,12.9045618909384,-0.020800428050844,-0.020800428050844,-0.020800428050844,0.00918914559220215
9.03381024943225,0,-0.0258591277728825,0,9.03381024943225,-0.0258591277728825,-0.0258591277728825,-0.0258591277728825,0.0210013285642308
7.292171244769,0,0.0214216184583366,0,7.292171244769,0.0214216184583366,0.0214216184583366,0.0214216184583366,0.00787016036700002
10.6567948708008,0,0.0203455428827325,0,10.6567948708008,0.0203455428827325,0.0203455428827325,0.0203455428827325,0.0367174068081082
15.83958844307,0,0.0399832495665445,0,15.83958844307,0.0399832495665445,0.0399832495665445,0.0399832495665445,0.0130470310288665
17.7014293147066,0,0.0234372077444364,0,17.7014293147066,0.0234372077444364,0.0234372077444364,0.0234372077444364,0.0323786122878216
14.7585414478692,0,-0.0143222744287462,0,14.7585414478692,-0.0143222744287462,-0.0143222744287462,-0.0143222744287462,0.0637816832942033
8.7869971588466,0,0.0255650750927985,0,8.7869971588466,0.0255650750927985,0.0255650750927985,0.0255650750927985,0.0115189820321319
13.9836050997556,0,-0.0596374353307077,0,13.9836050997556,-0.0596374353307077,-0.0596374353307077,-0.0596374353307077,0.0260159424457815
11.3110693140974,0,0.00982781565554414,0,11.3110693140974,0.00982781565554414,0.00982781565554414,0.00982781565554414,0.0152975413868066
16.5519463473715,0,-0.0850116784148187,0,16.5519463473715,-0.0850116784148187,-0.0850116784148187,-0.0850116784148187,0.0449328569998866
12.3671082351961,0,0.0210231372322994,0,12.3671082351961,0.0210231372322994,0.0210231372322994,0.0210231372322994,0.0160828742749283
12.3654554745313,0,-0.0686880413546458,0,12.3654554745313,-0.0686880413546458,-0.0686880413546458,-0.0686880413546458,0.0513325050706189
19.2556223171704,0,0.0285945738844167,0,19.2556223171704,0.0285945738844167,0.0285945738844167,0.0285945738844167,0.0139726523520546
34.7312424253189,0,0.00360906084633839,0,34.7312424253189,0.00360906084633839,0.00360906084633839,0.00360906084633839,0.017575833019559
54.7209102152747,0,0.0196726221291343,0,54.7209102152747,0.0196726221291343,0.0196726221291343,0.0196726221291343,0.0109274670854921
9.37577209119586,0,-0.0166622088619275,0,9.37577209119586,-0.0166622088619275,-0.0166622088619275,-0.0166622088619275,0.0509886552324907
8.22166390729103,0,0.0200227074138689,0,8.22166390729103,0.0200227074138689,0.0200227074138689,0.0200227074138689,0.0889316774406693
6.56936523894705,0,-0.0184803687031215,0,6.56936523894705,-0.0184803687031215,-0.0184803687031215,-0.0184803687031215,0.0397871786329299
7.36539602284415,0,-0.0247872150245361,0,7.36539602284415,-0.0247872150245361,-0.0247872150245361,-0.0247872150245361,0.114121672795408
9.34902839864339,0,-0.0319037471830898,0,9.34902839864339,-0.0319037471830898,-0.0319037471830898,-0.0319037471830898,0.0353702402159913
12.5616640281909,0,0.00441577973083164,0,12.5616640281909,0.00441577973083164,0.00441577973083164,0.00441577973083164,0.0138459086615911
10.5411867057519,0,-0.0885790708954701,0,10.5411867057519,-0.0885790708954701,-0.0885790708954701,-0.0885790708954701,0.0320565633703811
10.8363107906744,0,-0.028098390818107,0,10.8363107906744,-0.028098390818107,-0.028098390818107,-0.028098390818107,0.071926050301895
7.60971237336999,0,0.0425196941211018,0,7.60971237336999,0.0425196941211018,0.0425196941211018,0.0425196941211018,0.0675431227803087
5.93931454818625,0,-0.0606442522079505,0,5.93931454818625,-0.0606442522079505,-0.0606442522079505,-0.0606442522079505,0.0347252472962151
11.3171115233183,0,-0.0301299566297987,0,11.3171115233183,-0.0301299566297987,-0.0301299566297987,-0.0301299566297987,0.0549217163119364
12.491172371433,0,0.00616174807970621,0,12.491172371433,0.00616174807970621,0.00616174807970621,0.00616174807970621,0.0405245193389735
26.9159257982544,0,0.00103996356092225,0,26.9159257982544,0.00103996356092225,0.00103996356092225,0.00103996356092225,0.0289826613233299
23.3384346785706,0,0.0173424537425691,0,23.3384346785706,0.0173424537425691,0.0173424537425691,0.0173424537425691,0.0189266195413323
39.8146474017142,0,-0.0114906286129136,0,39.8146474017142,-0.0114906286129136,-0.0114906286129136,-0.0114906286129136,0.0491219546710594
16.8846431378076,0,0.0592246738975235,0,16.8846431378076,0.0592246738975235,0.0592246738975235,0.0592246738975235,0.0580511049145327
129.543664939788,0,0.187339131251037,0,129.543664939788,0.187339131251037,0.187339131251037,0.187339131251037,0.0392949098741799
7.87613657515693,0,0.0413542662923309,0,7.87613657515693,0.0413542662923309,0.0413542662923309,0.0413542662923309,0.0315625132232254
6.75451986071434,0,0.0140182295143905,0,6.75451986071434,0.0140182295143905,0.0140182295143905,0.0140182295143905,0.0568066082100863
14.6925462604222,0,-0.00458452472707301,0,14.6925462604222,-0.00458452472707301,-0.00458452472707301,-0.00458452472707301,0.0444254697733256
12.6985002447189,0,0.0156151615690587,0,12.6985002447189,0.0156151615690587,0.0156151615690587,0.0156151615690587,0.0344296478282526
14.3972634987083,0,-0.0237118006498921,0,14.3972634987083,-0.0237118006498921,-0.0237118006498921,-0.0237118006498921,0.0295064854269103
14.1514365378187,0,-0.0107350800784212,0,14.1514365378187,-0.0107350800784212,-0.0107350800784212,-0.0107350800784212,0.0554744268805768
27.9381463268887,0,-0.0196646199066465,0,27.9381463268887,-0.0196646199066465,-0.0196646199066465,-0.0196646199066465,0.0266030945529787
24.4728765020316,0,-0.0883766236254439,0,24.4728765020316,-0.0883766236254439,-0.0883766236254439,-0.0883766236254439,0.0473406670453721
13.4368696617468,0,0.0535402362440232,0,13.4368696617468,0.0535402362440232,0.0535402362440232,0.0535402362440232,0.0282079903838013
7.48402930279067,0,0.00968988201586394,0,7.48402930279067,0.00968988201586394,0.00968988201586394,0.00968988201586394,0.0686754083472401
25.9320346135502,0,-0.0232712391594247,0,25.9320346135502,-0.0232712391594247,-0.0232712391594247,-0.0232712391594247,0.0300519735078187
NA,NA,NA,NA,NA,NA,NA,NA,NA
12.0144898669671,0,-0.0304643580877798,0,12.0144898669671,-0.0304643580877798,-0.0304643580877798,-0.0304643580877798,0.0246585875375876
5.59197431763262,0,-0.0578220526680145,0,5.59197431763262,-0.0578220526680145,-0.0578220526680145,-0.0578220526680145,0.0290843221745671
7.10118523761685,0,-0.0285278978712163,0,7.10118523761685,-0.0285278978712163,-0.0285278978712163,-0.0285278978712163,0.0595492352872805
8.39406695268219,0,0.0167837864563465,0,8.39406695268219,0.0167837864563465,0.0167837864563465,0.0167837864563465,0.0322473662392579
6.68163411954067,0,0.0399525800720857,0,6.68163411954067,0.0399525800720857,0.0399525800720857,0.0399525800720857,0.0632642521725607
10.9419857642508,0,-0.0876235523401562,0,10.9419857642508,-0.0876235523401562,-0.0876235523401562,-0.0876235523401562,0.0336377588977628
9.567453602661,0,-0.0130573193727359,0,9.567453602661,-0.0130573193727359,-0.0130573193727359,-0.0130573193727359,0.0264340771076804
9.56764954052794,0,-0.00578932875863998,0,9.56764954052794,-0.00578932875863998,-0.00578932875863998,-0.00578932875863998,0.0288617279537588
9.58796747981615,0,0.00725905880614161,0,9.58796747981615,0.00725905880614161,0.00725905880614161,0.00725905880614161,0.0422687684348916
12.9045618909384,0,-0.020800428050844,0,12.9045618909384,-0.020800428050844,-0.020800428050844,-0.020800428050844,0.00918914559220215
9.03381024943225,0,-0.0258591277728825,0,9.03381024943225,-0.0258591277728825,-0.0258591277728825,-0.0258591277728825,0.0210013285642308
7.292171244769,0,0.0214216184583366,0,7.292171244769,0.0214216184583366,0.0214216184583366,0.0214216184583366,0.00787016036700002
10.6567948708008,0,0.0203455428827325,0,10.6567948708008,0.0203455428827325,0.0203455428827325,0.0203455428827325,0.0367174068081082
15.83958844307,0,0.0399832495665445,0,15.83958844307,0.0399832495665445,0.0399832495665445,0.0399832495665445,0.0130470310288665
17.7014293147066,0,0.0234372077444364,0,17.7014293147066,0.0234372077444364,0.0234372077444364,0.0234372077444364,0.0323786122878216
14.7585414478692,0,-0.0143222744287462,0,14.7585414478692,-0.0143222744287462,-0.0143222744287462,-0.0143222744287462,0.0637816832942033
8.7869971588466,0,0.0255650750927985,0,8.7869971588466,0.0255650750927985,0.0255650750927985,0.0255650750927985,0.0115189820321319
13.9836050997556,0,-0.0596374353307077,0,13.9836050997556,-0.0596374353307077,-0.0596374353307077,-0.0596374353307077,0.0260159424457815
11.3110693140974,0,0.00982781565554414,0,11.3110693140974,0.00982781565554414,0.00982781565554414,0.00982781565554414,0.0152975413868066
16.5519463473715,0,-0.0850116784148187,0,16.5519463473715,-0.0850116784148187,-0.0850116784148187,-0.0850116784148187,0.0449328569998866
12.3671082351961,0,0.0210231372322994,0,12.3671082351961,0.0210231372322994,0.0210231372322994,0.0210231372322994,0.0160828742749283
12.3654554745313,0,-0.0686880413546458,0,12.3654554745313,-0.0686880413546458,-0.0686880413546458,-0.0686880413546458,0.0513325050706189
19.2556223171704,0,0.0285945738844167,0,19.2556223171704,0.0285945738844167,0.0285945738844167,0.0285945738844167,0.0139726523520546
34.7312424253189,0,0.00360906084633839,0,34.7312424253189,0.00360906084633839,0.00360906084633839,0.00360906084633839,0.017575833019559
54.7209102152747,0,0.0196726221291343,0,54.7209102152747,0.0196726221291343,0.0196726221291343,0.0196726221291343,0.0109274670854921
9.37577209119586,0,-0.0166622088619275,0,9.37577209119586,-0.0166622088619275,-0.0166622088619275,-0.0166622088619275,0.0509886552324907
8.22166390729103,0,0.0200227074138689,0,8.22166390729103,0.0200227074138689,0.0200227074138689,0.0200227074138689,0.0889316774406693
6.56936523894705,0,-0.0184803687031215,0,6.56936523894705,-0.0184803687031215,-0.0184803687031215,-0.0184803687031215,0.0397871786329299
7.36539602284415,0,-0.0247872150245361,0,7.36539602284415,-0.0247872150245361,-0.0247872150245361,-0.0247872150245361,0.114121672795408
9.34902839864339,0,-0.0319037471830898,0,9.34902839864339,-0.0319037471830898,-0.0319037471830898,-0.0319037471830898,0.0353702402159913
12.5616640281909,0,0.00441577973083164,0,12.5616640281909,0.00441577973083164,0.00441577973083164,0.00441577973083164,0.0138459086615911
10.5411867057519,0,-0.0885790708954701,0,10.5411867057519,-0.0885790708954701,-0.0885790708954701,-0.0885790708954701,0.0320565633703811
10.8363107906744,0,-0.028098390818107,0,10.8363107906744,-0.028098390818107,-0.028098390818107,-0.028098390818107,0.071926050301895
7.60971237336999,0,0.0425196941211018,0,7.60971237336999,0.0425196941211018,0.0425196941211018,0.0425196941211018,0.0675431227803087
5.93931454818625,0,-0.0606442522079505,0,5.93931454818625,-0.0606442522079505,-0.0606442522079505,-0.0606442522079505,0.0347252472962151
11.3171115233183,0,-0.0301299566297987,0,11.3171115233183,-0.0301299566297987,-0.0301299566297987,-0.0301299566297987,0.0549217163119364
12.491172371433,0,0.00616174807970621,0,12.491172371433,0.00616174807970621,0.00616174807970621,0.00616174807970621,0.0405245193389735
26.9159257982544,0,0.00103996356092225,0,26.9159257982544,0.00103996356092225,0.00103996356092225,0.00103996356092225,0.0289826613233299
23.3384346785706,0,0.0173424537425691,0,23.3384346785706,0.0173424537425691,0.0173424537425691,0.0173424537425691,0.0189266195413323
39.8146474017142,0,-0.0114906286129136,0,39.8146474017142,-0.0114906286129136,-0.0114906286129136,-0.0114906286129136,0.0491219546710594
16.8846431378076,0,0.0592246738975235,0,16.8846431378076,0.0592246738975235,0.0592246738975235,0.0592246738975235,0.0580511049145327
129.543664939788,0,0.187339131251037,0,129.543664939788,0.187339131251037,0.187339131251037,0.187339131251037,0.0392949098741799
7.87613657515693,0,0.0413542662923309,0,7.87613657515693,0.0413542662923309,0.0413542662923309,0.0413542662923309,0.0315625132232254
6.75451986071434,0,0.0140182295143905,0,6.75451986071434,0.0140182295143905,0.0140182295143905,0.0140182295143905,0.0568066082100863
14.6925462604222,0,-0.00458452472707301,0,14.6925462604222,-0.00458452472707301,-0.00458452472707301,-0.00458452472707301,0.0444254697733256
12.6985002447189,0,0.0156151615690587,0,12.6985002447189,0.0156151615690587,0.0156151615690587,0.0156151615690587,0.0344296478282526
14.3972634987083,0,-0.0237118006498921,0,14.3972634987083,-0.0237118006498921,-0.0237118006498921,-0.0237118006498921,0.0295064854269103
14.1514365378187,0,-0.0107350800784212,0,14.1514365378187,-0.0107350800784212,-0.0107350800784212,-0.0107350800784212,0.0554744268805768
27.9381463268887,0,-0.0196646199066465,0,27.9381463268887,-0.0196646199066465,-0.0196646199066465,-0.0196646199066465,0.0266030945529787
24.4728765020316,0,-0.0883766236254439,0,24.4728765020316,-0.0883766236254439,-0.0883766236254439,-0.0883766236254439,0.0473406670453721
13.4368696617468,0,0.0535402362440232,0,13.4368696617468,0.0535402362440232,0.0535402362440232,0.0535402362440232,0.0282079903838013
7.48402930279067,0,0.00968988201586394,0,7.48402930279067,0.00968988201586394,0.00968988201586394,0.00968988201586394,0.0686754083472401
25.9320346135502,0,-0.0232712391594247,0,25.9320346135502,-0.0232712391594247,-0.0232712391594247,-0.0232712391594247,0.0300519735078187
NA,NA,NA,NA,NA,NA,NA,NA,NA
12.0144898669671,0,-0.0304643580877798,0,12.0144898669671,-0.0304643580877798,-0.0304643580877798,-0.0304643580877798,0.0246585875375876
5.59197431763262,0,-0.0578220526680145,0,5.59197431763262,-0.0578220526680145,-0.0578220526680145,-0.0578220526680145,0.0290843221745671
7.10118523761685,0,-0.0285278978712163,0,7.10118523761685,-0.0285278978712163,-0.0285278978712163,-0.0285278978712163,0.0595492352872805
8.39406695268219,0,0.0167837864563465,0,8.39406695268219,0.0167837864563465,0.0167837864563465,0.0167837864563465,0.0322473662392579
6.68163411954067,0,0.0399525800720857,0,6.68163411954067,0.0399525800720857,0.0399525800720857,0.0399525800720857,0.0632642521725607
10.9419857642508,0,-0.0876235523401562,0,10.9419857642508,-0.0876235523401562,-0.0876235523401562,-0.0876235523401562,0.0336377588977628
9.567453602661,0,-0.0130573193727359,0,9.567453602661,-0.0130573193727359,-0.0130573193727359,-0.0130573193727359,0.0264340771076804
9.56764954052794,0,-0.00578932875863998,0,9.56764954052794,-0.00578932875863998,-0.00578932875863998,-0.00578932875863998,0.0288617279537588
9.58796747981615,0,0.00725905880614161,0,9.58796747981615,0.00725905880614161,0.00725905880614161,0.00725905880614161,0.0422687684348916
12.9045618909384,0,-0.020800428050844,0,12.9045618909384,-0.020800428050844,-0.020800428050844,-0.020800428050844,0.00918914559220215
9.03381024943225,0,-0.0258591277728825,0,9.03381024943225,-0.0258591277728825,-0.0258591277728825,-0.0258591277728825,0.0210013285642308
7.292171244769,0,0.0214216184583366,0,7.292171244769,0.0214216184583366,0.0214216184583366,0.0214216184583366,0.00787016036700002
10.6567948708008,0,0.0203455428827325,0,10.6567948708008,0.0203455428827325,0.0203455428827325,0.0203455428827325,0.0367174068081082
15.83958844307,0,0.0399832495665445,0,15.83958844307,0.0399832495665445,0.0399832495665445,0.0399832495665445,0.0130470310288665
17.7014293147066,0,0.0234372077444364,0,17.7014293147066,0.0234372077444364,0.0234372077444364,0.0234372077444364,0.0323786122878216
14.7585414478692,0,-0.0143222744287462,0,14.7585414478692,-0.0143222744287462,-0.0143222744287462,-0.0143222744287462,0.0637816832942033
8.7869971588466,0,0.0255650750927985,0,8.7869971588466,0.0255650750927985,0.0255650750927985,0.0255650750927985,0.0115189820321319
13.9836050997556,0,-0.0596374353307077,0,13.9836050997556,-0.0596374353307077,-0.0596374353307077,-0.0596374353307077,0.0260159424457815
11.3110693140974,0,0.00982781565554414,0,11.3110693140974,0.00982781565554414,0.00982781565554414,0.00982781565554414,0.0152975413868066
16.5519463473715,0,-0.0850116784148187,0,16.5519463473715,-0.0850116784148187,-0.0850116784148187,-0.0850116784148187,0.0449328569998866
12.3671082351961,0,0.0210231372322994,0,12.3671082351961,0.0210231372322994,0.0210231372322994,0.0210231372322994,0.0160828742749283
12.3654554745313,0,-0.0686880413546458,0,12.3654554745313,-0.0686880413546458,-0.0686880413546458,-0.0686880413546458,0.0513325050706189
19.2556223171704,0,0.0285945738844167,0,19.2556223171704,0.0285945738844167,0.0285945738844167,0.0285945738844167,0.0139726523520546
34.7312424253189,0,0.00360906084633839,0,34.7312424253189,0.00360906084633839,0.00360906084633839,0.00360906084633839,0.017575833019559
54.7209102152747,0,0.0196726221291343,0,54.7209102152747,0.0196726221291343,0.0196726221291343,0.0196726221291343,0.0109274670854921
9.37577209119586,0,-0.0166622088619275,0,9.37577209119586,-0.0166622088619275,-0.0166622088619275,-0.0166622088619275,0.0509886552324907
8.22166390729103,0,0.0200227074138689,0,8.22166390729103,0.0200227074138689,0.0200227074138689,0.0200227074138689,0.0889316774406693
6.56936523894705,0,-0.0184803687031215,0,6.56936523894705,-0.0184803687031215,-0.0184803687031215,-0.0184803687031215,0.0397871786329299
7.36539602284415,0,-0.0247872150245361,0,7.36539602284415,-0.0247872150245361,-0.0247872150245361,-0.0247872150245361,0.114121672795408
9.34902839864339,0,-0.0319037471830898,0,9.34902839864339,-0.0319037471830898,-0.0319037471830898,-0.0319037471830898,0.0353702402159913
12.5616640281909,0,0.00441577973083164,0,12.5616640281909,0.00441577973083164,0.00441577973083164,0.00441577973083164,0.0138459086615911
10.5411867057519,0,-0.0885790708954701,0,10.5411867057519,-0.0885790708954701,-0.0885790708954701,-0.0885790708954701,0.0320565633703811
10.8363107906744,0,-0.028098390818107,0,10.8363107906744,-0.028098390818107,-0.028098390818107,-0.028098390818107,0.071926050301895
7.60971237336999,0,0.0425196941211018,0,7.60971237336999,0.0425196941211018,0.0425196941211018,0.0425196941211018,0.0675431227803087
5.93931454818625,0,-0.0606442522079505,0,5.93931454818625,-0.0606442522079505,-0.0606442522079505,-0.0606442522079505,0.0347252472962151
11.3171115233183,0,-0.0301299566297987,0,11.3171115233183,-0.0301299566297987,-0.0301299566297987,-0.0301299566297987,0.0549217163119364
12.491172371433,0,0.00616174807970621,0,12.491172371433,0.00616174807970621,0.00616174807970621,0.00616174807970621,0.0405245193389735
26.9159257982544,0,0.00103996356092225,0,26.9159257982544,0.00103996356092225,0.00103996356092225,0.00103996356092225,0.0289826613233299
23.3384346785706,0,0.0173424537425691,0,23.3384346785706,0.0173424537425691,0.0173424537425691,0.0173424537425691,0.0189266195413323
39.8146474017142,0,-0.0114906286129136,0,39.8146474017142,-0.0114906286129136,-0.0114906286129136,-0.0114906286129136,0.0491219546710594
16.8846431378076,0,0.0592246738975235,0,16.8846431378076,0.0592246738975235,0.0592246738975235,0.0592246738975235,0.0580511049145327
129.543664939788,0,0.187339131251037,0,129.543664939788,0.187339131251037,0.187339131251037,0.187339131251037,0.0392949098741799
7.87613657515693,0,0.0413542662923309,0,7.87613657515693,0.0413542662923309,0.0413542662923309,0.0413542662923309,0.0315625132232254
6.75451986071434,0,0.0140182295143905,0,6.75451986071434,0.0140182295143905,0.0140182295143905,0.0140182295143905,0.0568066082100863
14.6925462604222,0,-0.00458452472707301,0,14.6925462604222,-0.00458452472707301,-0.00458452472707301,-0.00458452472707301,0.0444254697733256
12.6985002447189,0,0.0156151615690587,0,12.6985002447189,0.0156151615690587,0.0156151615690587,0.0156151615690587,0.0344296478282526
14.3972634987083,0,-0.0237118006498921,0,14.3972634987083,-0.0237118006498921,-0.0237118006498921,-0.0237118006498921,0.0295064854269103
14.1514365378187,0,-0.0107350800784212,0,14.1514365378187,-0.0107350800784212,-0.0107350800784212,-0.0107350800784212,0.0554744268805768
27.9381463268887,0,-0.0196646199066465,0,27.9381463268887,-0.0196646199066465,-0.0196646199066465,-0.0196646199066465,0.0266030945529787
24.4728765020316,0,-0.0883766236254439,0,24.4728765020316,-0.0883766236254439,-0.0883766236254439,-0.0883766236254439,0.0473406670453721
13.4368696617468,0,0.0535402362440232,0,13.4368696617468,0.0535402362440232,0.0535402362440232,0.0535402362440232,0.0282079903838013
7.48402930279067,0,0.00968988201586394,0,7.48402930279067,0.00968988201586394,0.00968988201586394,0.00968988201586394,0.0686754083472401
25.9320346135502,0,-0.0232712391594247,0,25.9320346135502,-0.0232712391594247,-0.0232712391594247,-0.0232712391594247,0.0300519735078187
NA,NA,NA,NA,NA,NA,NA,NA,NA
12.0144898669671,0,-0.0304643580877798,0,12.0144898669671,-0.0304643580877798,-0.0304643580877798,-0.0304643580877798,0.0246585875375876
5.59197431763262,0,-0.0578220526680145,0,5.59197431763262,-0.0578220526680145,-0.0578220526680145,-0.0578220526680145,0.0290843221745671
7.10118523761685,0,-0.0285278978712163,0,7.10118523761685,-0.0285278978712163,-0.0285278978712163,-0.0285278978712163,0.0595492352872805
8.39406695268219,0,0.0167837864563465,0,8.39406695268219,0.0167837864563465,0.0167837864563465,0.0167837864563465,0.0322473662392579
6.68163411954067,0,0.0399525800720857,0,6.68163411954067,0.0399525800720857,0.0399525800720857,0.0399525800720857,0.0632642521725607
10.9419857642508,0,-0.0876235523401562,0,10.9419857642508,-0.0876235523401562,-0.0876235523401562,-0.0876235523401562,0.0336377588977628
9.567453602661,0,-0.0130573193727359,0,9.567453602661,-0.0130573193727359,-0.0130573193727359,-0.0130573193727359,0.0264340771076804
9.56764954052794,0,-0.00578932875863998,0,9.56764954052794,-0.00578932875863998,-0.00578932875863998,-0.00578932875863998,0.0288617279537588
9.58796747981615,0,0.00725905880614161,0,9.58796747981615,0.00725905880614161,0.00725905880614161,0.00725905880614161,0.0422687684348916
12.9045618909384,0,-0.020800428050844,0,12.9045618909384,-0.020800428050844,-0.020800428050844,-0.020800428050844,0.00918914559220215
9.03381024943225,0,-0.0258591277728825,0,9.03381024943225,-0.0258591277728825,-0.0258591277728825,-0.0258591277728825,0.0210013285642308
7.292171244769,0,0.0214216184583366,0,7.292171244769,0.0214216184583366,0.0214216184583366,0.0214216184583366,0.00787016036700002
10.6567948708008,0,0.0203455428827325,0,10.6567948708008,0.0203455428827325,0.0203455428827325,0.0203455428827325,0.0367174068081082
15.83958844307,0,0.0399832495665445,0,15.83958844307,0.0399832495665445,0.0399832495665445,0.0399832495665445,0.0130470310288665
17.7014293147066,0,0.0234372077444364,0,17.7014293147066,0.0234372077444364,0.0234372077444364,0.0234372077444364,0.0323786122878216
14.7585414478692,0,-0.0143222744287462,0,14.7585414478692,-0.0143222744287462,-0.0143222744287462,-0.0143222744287462,0.0637816832942033
8.7869971588466,0,0.0255650750927985,0,8.7869971588466,0.0255650750927985,0.0255650750927985,0.0255650750927985,0.0115189820321319
13.9836050997556,0,-0.0596374353307077,0,13.9836050997556,-0.0596374353307077,-0.0596374353307077,-0.0596374353307077,0.0260159424457815
11.3110693140974,0,0.00982781565554414,0,11.3110693140974,0.00982781565554414,0.00982781565554414,0.00982781565554414,0.0152975413868066
16.5519463473715,0,-0.0850116784148187,0,16.5519463473715,-0.0850116784148187,-0.0850116784148187,-0.0850116784148187,0.0449328569998866
12.3671082351961,0,0.0210231372322994,0,12.3671082351961,0.0210231372322994,0.0210231372322994,0.0210231372322994,0.0160828742749283
12.3654554745313,0,-0.0686880413546458,0,12.3654554745313,-0.0686880413546458,-0.0686880413546458,-0.0686880413546458,0.0513325050706189
19.2556223171704,0,0.0285945738844167,0,19.2556223171704,0.0285945738844167,0.0285945738844167,0.0285945738844167,0.0139726523520546
34.7312424253189,0,0.00360906084633839,0,34.7312424253189,0.00360906084633839,0.00360906084633839,0.00360906084633839,0.017575833019559
54.7209102152747,0,0.0196726221291343,0,54.7209102152747,0.0196726221291343,0.0196726221291343,0.0196726221291343,0.0109274670854921
9.37577209119586,0,-0.0166622088619275,0,9.37577209119586,-0.0166622088619275,-0.0166622088619275,-0.0166622088619275,0.0509886552324907
8.22166390729103,0,0.0200227074138689,0,8.22166390729103,0.0200227074138689,0.0200227074138689,0.0200227074138689,0.0889316774406693
6.56936523894705,0,-0.0184803687031215,0,6.56936523894705,-0.0184803687031215,-0.0184803687031215,-0.0184803687031215,0.0397871786329299
7.36539602284415,0,-0.0247872150245361,0,7.36539602284415,-0.0247872150245361,-0.0247872150245361,-0.0247872150245361,0.114121672795408
9.34902839864339,0,-0.0319037471830898,0,9.34902839864339,-0.0319037471830898,-0.0319037471830898,-0.0319037471830898,0.0353702402159913
12.5616640281909,0,0.00441577973083164,0,12.5616640281909,0.00441577973083164,0.00441577973083164,0.00441577973083164,0.0138459086615911
10.5411867057519,0,-0.0885790708954701,0,10.5411867057519,-0.0885790708954701,-0.0885790708954701,-0.0885790708954701,0.0320565633703811
10.8363107906744,0,-0.028098390818107,0,10.8363107906744,-0.028098390818107,-0.028098390818107,-0.028098390818107,0.071926050301895
7.60971237336999,0,0.0425196941211018,0,7.60971237336999,0.0425196941211018,0.0425196941211018,0.0425196941211018,0.0675431227803087
5.93931454818625,0,-0.0606442522079505,0,5.93931454818625,-0.0606442522079505,-0.0606442522079505,-0.0606442522079505,0.0347252472962151
11.3171115233183,0,-0.0301299566297987,0,11.3171115233183,-0.0301299566297987,-0.0301299566297987,-0.0301299566297987,0.0549217163119364
12.491172371433,0,0.00616174807970621,0,12.491172371433,0.00616174807970621,0.00616174807970621,0.00616174807970621,0.0405245193389735
26.9159257982544,0,0.00103996356092225,0,26.9159257982544,0.00103996356092225,0.00103996356092225,0.00103996356092225,0.0289826613233299
23.3384346785706,0,0.0173424537425691,0,23.3384346785706,0.0173424537425691,0.0173424537425691,0.0173424537425691,0.0189266195413323
39.8146474017142,0,-0.0114906286129136,0,39.8146474017142,-0.0114906286129136,-0.0114906286129136,-0.0114906286129136,0.0491219546710594
16.8846431378076,0,0.0592246738975235,0,16.8846431378076,0.0592246738975235,0.0592246738975235,0.0592246738975235,0.0580511049145327
129.543664939788,0,0.187339131251037,0,129.543664939788,0.187339131251037,0.187339131251037,0.187339131251037,0.0392949098741799
7.87613657515693,0,0.0413542662923309,0,7.87613657515693,0.0413542662923309,0.0413542662923309,0.0413542662923309,0.0315625132232254
6.75451986071434,0,0.0140182295143905,0,6.75451986071434,0.0140182295143905,0.0140182295143905,0.0140182295143905,0.0568066082100863
14.6925462604222,0,-0.00458452472707301,0,14.6925462604222,-0.00458452472707301,-0.00458452472707301,-0.00458452472707301,0.0444254697733256
12.6985002447189,0,0.0156151615690587,0,12.6985002447189,0.0156151615690587,0.0156151615690587,0.0156151615690587,0.0344296478282526
14.3972634987083,0,-0.0237118006498921,0,14.3972634987083,-0.0237118006498921,-0.0237118006498921,-0.0237118006498921,0.0295064854269103
14.1514365378187,0,-0.0107350800784212,0,14.1514365378187,-0.0107350800784212,-0.0107350800784212,-0.0107350800784212,0.0554744268805768
27.9381463268887,0,-0.0196646199066465,0,27.9381463268887,-0.0196646199066465,-0.0196646199066465,-0.0196646199066465,0.0266030945529787
24.4728765020316,0,-0.0883766236254439,0,24.4728765020316,-0.0883766236254439,-0.0883766236254439,-0.0883766236254439,0.0473406670453721
13.4368696617468,0,0.0535402362440232,0,13.4368696617468,0.0535402362440232,0.0535402362440232,0.0535402362440232,0.0282079903838013
7.48402930279067,0,0.00968988201586394,0,7.48402930279067,0.00968988201586394,0.00968988201586394,0.00968988201586394,0.0686754083472401
25.9320346135502,0,-0.0232712391594247,0,25.9320346135502,-0.0232712391594247,-0.0232712391594247,-0.0232712391594247,0.0300519735078187
NA,NA,NA,NA,NA,NA,NA,NA,NA
12.0144898669671,0,-0.0304643580877798,0,12.0144898669671,-0.0304643580877798,-0.0304643580877798,-0.0304643580877798,0.0246585875375876
5.59197431763262,0,-0.0578220526680145,0,5.59197431763262,-0.0578220526680145,-0.0578220526680145,-0.0578220526680145,0.0290843221745671
7.10118523761685,0,-0.0285278978712163,0,7.10118523761685,-0.0285278978712163,-0.0285278978712163,-0.0285278978712163,0.0595492352872805
8.39406695268219,0,0.0167837864563465,0,8.39406695268219,0.0167837864563465,0.0167837864563465,0.0167837864563465,0.0322473662392579
6.68163411954067,0,0.0399525800720857,0,6.68163411954067,0.0399525800720857,0.0399525800720857,0.0399525800720857,0.0632642521725607
10.9419857642508,0,-0.0876235523401562,0,10.9419857642508,-0.0876235523401562,-0.0876235523401562,-0.0876235523401562,0.0336377588977628
9.567453602661,0,-0.0130573193727359,0,9.567453602661,-0.0130573193727359,-0.0130573193727359,-0.0130573193727359,0.0264340771076804
9.56764954052794,0,-0.00578932875863998,0,9.56764954052794,-0.00578932875863998,-0.00578932875863998,-0.00578932875863998,0.0288617279537588
9.58796747981615,0,0.00725905880614161,0,9.58796747981615,0.00725905880614161,0.00725905880614161,0.00725905880614161,0.0422687684348916
12.9045618909384,0,-0.020800428050844,0,12.9045618909384,-0.020800428050844,-0.020800428050844,-0.020800428050844,0.00918914559220215
9.03381024943225,0,-0.0258591277728825,0,9.03381024943225,-0.0258591277728825,-0.0258591277728825,-0.0258591277728825,0.0210013285642308
7.292171244769,0,0.0214216184583366,0,7.292171244769,0.0214216184583366,0.0214216184583366,0.0214216184583366,0.00787016036700002
10.6567948708008,0,0.0203455428827325,0,10.6567948708008,0.0203455428827325,0.0203455428827325,0.0203455428827325,0.0367174068081082
15.83958844307,0,0.0399832495665445,0,15.83958844307,0.0399832495665445,0.0399832495665445,0.0399832495665445,0.0130470310288665
17.7014293147066,0,0.0234372077444364,0,17.7014293147066,0.0234372077444364,0.0234372077444364,0.0234372077444364,0.0323786122878216
14.7585414478692,0,-0.0143222744287462,0,14.7585414478692,-0.0143222744287462,-0.0143222744287462,-0.0143222744287462,0.0637816832942033
8.7869971588466,0,0.0255650750927985,0,8.7869971588466,0.0255650750927985,0.0255650750927985,0.0255650750927985,0.0115189820321319
13.9836050997556,0,-0.0596374353307077,0,13.9836050997556,-0.0596374353307077,-0.0596374353307077,-0.0596374353307077,0.0260159424457815
11.3110693140974,0,0.00982781565554414,0,11.3110693140974,0.00982781565554414,0.00982781565554414,0.00982781565554414,0.0152975413868066
16.5519463473715,0,-0.0850116784148187,0,16.5519463473715,-0.0850116784148187,-0.0850116784148187,-0.0850116784148187,0.0449328569998866
12.3671082351961,0,0.0210231372322994,0,12.3671082351961,0.0210231372322994,0.0210231372322994,0.0210231372322994,0.0160828742749283
12.3654554745313,0,-0.0686880413546458,0,12.3654554745313,-0.0686880413546458,-0.0686880413546458,-0.0686880413546458,0.0513325050706189
19.2556223171704,0,0.0285945738844167,0,19.2556223171704,0.0285945738844167,0.0285945738844167,0.0285945738844167,0.0139726523520546
34.7312424253189,0,0.00360906084633839,0,34.7312424253189,0.00360906084633839,0.00360906084633839,0.00360906084633839,0.017575833019559
54.7209102152747,0,0.0196726221291343,0,54.7209102152747,0.0196726221291343,0.0196726221291343,0.0196726221291343,0.0109274670854921
9.37577209119586,0,-0.0166622088619275,0,9.37577209119586,-0.0166622088619275,-0.0166622088619275,-0.0166622088619275,0.0509886552324907
8.22166390729103,0,0.0200227074138689,0,8.22166390729103,0.0200227074138689,0.0200227074138689,0.0200227074138689,0.0889316774406693
6.56936523894705,0,-0.0184803687031215,0,6.56936523894705,-0.0184803687031215,-0.0184803687031215,-0.0184803687031215,0.0397871786329299
7.36539602284415,0,-0.0247872150245361,0,7.36539602284415,-0.0247872150245361,-0.0247872150245361,-0.0247872150245361,0.114121672795408
9.34902839864339,0,-0.0319037471830898,0,9.34902839864339,-0.0319037471830898,-0.0319037471830898,-0.0319037471830898,0.0353702402159913
12.5616640281909,0,0.00441577973083164,0,12.5616640281909,0.00441577973083164,0.00441577973083164,0.00441577973083164,0.0138459086615911
10.5411867057519,0,-0.0885790708954701,0,10.5411867057519,-0.0885790708954701,-0.0885790708954701,-0.0885790708954701,0.0320565633703811
10.8363107906744,0,-0.028098390818107,0,10.8363107906744,-0.028098390818107,-0.028098390818107,-0.028098390818107,0.071926050301895
7.60971237336999,0,0.0425196941211018,0,7.60971237336999,0.0425196941211018,0.0425196941211018,0.0425196941211018,0.0675431227803087
5.93931454818625,0,-0.0606442522079505,0,5.93931454818625,-0.0606442522079505,-0.0606442522079505,-0.0606442522079505,0.0347252472962151
11.3171115233183,0,-0.0301299566297987,0,11.3171115233183,-0.0301299566297987,-0.0301299566297987,-0.0301299566297987,0.0549217163119364
12.491172371433,0,0.00616174807970621,0,12.491172371433,0.00616174807970621,0.00616174807970621,0.00616174807970621,0.0405245193389735
26.9159257982544,0,0.00103996356092225,0,26.9159257982544,0.00103996356092225,0.00103996356092225,0.00103996356092225,0.0289826613233299
23.3384346785706,0,0.0173424537425691,0,23.3384346785706,0.0173424537425691,0.0173424537425691,0.0173424537425691,0.0189266195413323
39.8146474017142,0,-0.0114906286129136,0,39.8146474017142,-0.0114906286129136,-0.0114906286129136,-0.0114906286129136,0.0491219546710594
16.8846431378076,0,0.0592246738975235,0,16.8846431378076,0.0592246738975235,0.0592246738975235,0.0592246738975235,0.0580511049145327
129.543664939788,0,0.187339131251037,0,129.543664939788,0.187339131251037,0.187339131251037,0.187339131251037,0.0392949098741799
7.87613657515693,0,0.0413542662923309,0,7.87613657515693,0.0413542662923309,0.0413542662923309,0.0413542662923309,0.0315625132232254
6.75451986071434,0,0.0140182295143905,0,6.75451986071434,0.0140182295143905,0.0140182295143905,0.0140182295143905,0.0568066082100863
14.6925462604222,0,-0.00458452472707301,0,14.6925462604222,-0.00458452472707301,-0.00458452472707301,-0.00458452472707301,0.0444254697733256
12.6985002447189,0,0.0156151615690587,0,12.6985002447189,0.0156151615690587,0.0156151615690587,0.0156151615690587,0.0344296478282526
14.3972634987083,0,-0.0237118006498921,0,14.3972634987083,-0.0237118006498921,-0.0237118006498921,-0.0237118006498921,0.0295064854269103
14.1514365378187,0,-0.0107350800784212,0,14.1514365378187,-0.0107350800784212,-0.0107350800784212,-0.0107350800784212,0.0554744268805768
27.9381463268887,0,-0.0196646199066465,0,27.9381463268887,-0.0196646199066465,-0.0196646199066465,-0.0196646199066465,0.0266030945529787
24.4728765020316,0,-0.0883766236254439,0,24.4728765020316,-0.0883766236254439,-0.0883766236254439,-0.0883766236254439,0.0473406670453721
13.4368696617468,0,0.0535402362440232,0,13.4368696617468,0.0535402362440232,0.0535402362440232,0.0535402362440232,0.0282079903838013
7.48402930279067,0,0.00968988201586394,0,7.48402930279067,0.00968988201586394,0.00968988201586394,0.00968988201586394,0.0686754083472401
25.9320346135502,0,-0.0232712391594247,0,25.9320346135502,-0.0232712391594247,-0.0232712391594247,-0.0232712391594247,0.0300519735078187
NA,NA,NA,NA,NA,NA,NA,NA,NA
12.0144898669671,0,-0.0304643580877798,0,12.0144898669671,-0.0304643580877798,-0.0304643580877798,-0.0304643580877798,0.0246585875375876
5.59197431763262,0,-0.0578220526680145,0,5.59197431763262,-0.0578220526680145,-0.0578220526680145,-0.0578220526680145,0.0290843221745671
7.10118523761685,0,-0.0285278978712163,0,7.10118523761685,-0.0285278978712163,-0.0285278978712163,-0.0285278978712163,0.0595492352872805
8.39406695268219,0,0.0167837864563465,0,8.39406695268219,0.0167837864563465,0.0167837864563465,0.0167837864563465,0.0322473662392579
6.68163411954067,0,0.0399525800720857,0,6.68163411954067,0.0399525800720857,0.0399525800720857,0.0399525800720857,0.0632642521725607
10.9419857642508,0,-0.0876235523401562,0,10.9419857642508,-0.0876235523401562,-0.0876235523401562,-0.0876235523401562,0.0336377588977628
9.567453602661,0,-0.0130573193727359,0,9.567453602661,-0.0130573193727359,-0.0130573193727359,-0.0130573193727359,0.0264340771076804
9.56764954052794,0,-0.00578932875863998,0,9.56764954052794,-0.00578932875863998,-0.00578932875863998,-0.00578932875863998,0.0288617279537588
9.58796747981615,0,0.00725905880614161,0,9.58796747981615,0.00725905880614161,0.00725905880614161,0.00725905880614161,0.0422687684348916
12.9045618909384,0,-0.020800428050844,0,12.9045618909384,-0.020800428050844,-0.020800428050844,-0.020800428050844,0.00918914559220215
9.03381024943225,0,-0.0258591277728825,0,9.03381024943225,-0.0258591277728825,-0.0258591277728825,-0.0258591277728825,0.0210013285642308
7.292171244769,0,0.0214216184583366,0,7.292171244769,0.0214216184583366,0.0214216184583366,0.0214216184583366,0.00787016036700002
10.6567948708008,0,0.0203455428827325,0,10.6567948708008,0.0203455428827325,0.0203455428827325,0.0203455428827325,0.0367174068081082
15.83958844307,0,0.0399832495665445,0,15.83958844307,0.0399832495665445,0.0399832495665445,0.0399832495665445,0.0130470310288665
17.7014293147066,0,0.0234372077444364,0,17.7014293147066,0.0234372077444364,0.0234372077444364,0.0234372077444364,0.0323786122878216
14.7585414478692,0,-0.0143222744287462,0,14.7585414478692,-0.0143222744287462,-0.0143222744287462,-0.0143222744287462,0.0637816832942033
8.7869971588466,0,0.0255650750927985,0,8.7869971588466,0.0255650750927985,0.0255650750927985,0.0255650750927985,0.0115189820321319
13.9836050997556,0,-0.0596374353307077,0,13.9836050997556,-0.0596374353307077,-0.0596374353307077,-0.0596374353307077,0.0260159424457815
11.3110693140974,0,0.00982781565554414,0,11.3110693140974,0.00982781565554414,0.00982781565554414,0.00982781565554414,0.0152975413868066
16.5519463473715,0,-0.0850116784148187,0,16.5519463473715,-0.0850116784148187,-0.0850116784148187,-0.0850116784148187,0.0449328569998866
12.3671082351961,0,0.0210231372322994,0,12.3671082351961,0.0210231372322994,0.0210231372322994,0.0210231372322994,0.0160828742749283
12.3654554745313,0,-0.0686880413546458,0,12.3654554745313,-0.0686880413546458,-0.0686880413546458,-0.0686880413546458,0.0513325050706189
19.2556223171704,0,0.0285945738844167,0,19.2556223171704,0.0285945738844167,0.0285945738844167,0.0285945738844167,0.0139726523520546
34.7312424253189,0,0.00360906084633839,0,34.7312424253189,0.00360906084633839,0.00360906084633839,0.00360906084633839,0.017575833019559
54.7209102152747,0,0.0196726221291343,0,54.7209102152747,0.0196726221291343,0.0196726221291343,0.0196726221291343,0.0109274670854921
9.37577209119586,0,-0.0166622088619275,0,9.37577209119586,-0.0166622088619275,-0.0166622088619275,-0.0166622088619275,0.0509886552324907
8.22166390729103,0,0.0200227074138689,0,8.22166390729103,0.0200227074138689,0.0200227074138689,0.0200227074138689,0.0889316774406693
6.56936523894705,0,-0.0184803687031215,0,6.56936523894705,-0.0184803687031215,-0.0184803687031215,-0.0184803687031215,0.0397871786329299
7.36539602284415,0,-0.0247872150245361,0,7.36539602284415,-0.0247872150245361,-0.0247872150245361,-0.0247872150245361,0.114121672795408
9.34902839864339,0,-0.0319037471830898,0,9.34902839864339,-0.0319037471830898,-0.0319037471830898,-0.0319037471830898,0.0353702402159913
12.5616640281909,0,0.00441577973083164,0,12.5616640281909,0.00441577973083164,0.00441577973083164,0.00441577973083164,0.0138459086615911
10.5411867057519,0,-0.0885790708954701,0,10.5411867057519,-0.0885790708954701,-0.0885790708954701,-0.0885790708954701,0.0320565633703811
10.8363107906744,0,-0.028098390818107,0,10.8363107906744,-0.028098390818107,-0.028098390818107,-0.028098390818107,0.071926050301895
7.60971237336999,0,0.0425196941211018,0,7.60971237336999,0.0425196941211018,0.0425196941211018,0.0425196941211018,0.0675431227803087
5.93931454818625,0,-0.0606442522079505,0,5.93931454818625,-0.0606442522079505,-0.0606442522079505,-0.0606442522079505,0.0347252472962151
11.3171115233183,0,-0.0301299566297987,0,11.3171115233183,-0.0301299566297987,-0.0301299566297987,-0.0301299566297987,0.0549217163119364
12.491172371433,0,0.00616174807970621,0,12.491172371433,0.00616174807970621,0.00616174807970621,0.00616174807970621,0.0405245193389735
26.9159257982544,0,0.00103996356092225,0,26.9159257982544,0.00103996356092225,0.00103996356092225,0.00103996356092225,0.0289826613233299
23.3384346785706,0,0.0173424537425691,0,23.3384346785706,0.0173424537425691,0.0173424537425691,0.0173424537425691,0.0189266195413323
39.8146474017142,0,-0.0114906286129136,0,39.8146474017142,-0.0114906286129136,-0.0114906286129136,-0.0114906286129136,0.0491219546710594
16.8846431378076,0,0.0592246738975235,0,16.8846431378076,0.0592246738975235,0.0592246738975235,0.0592246738975235,0.0580511049145327
129.543664939788,0,0.187339131251037,0,129.543664939788,0.187339131251037,0.187339131251037,0.187339131251037,0.0392949098741799
7.87613657515693,0,0.0413542662923309,0,7.87613657515693,0.0413542662923309,0.0413542662923309,0.0413542662923309,0.0315625132232254
6.75451986071434,0,0.0140182295143905,0,6.75451986071434,0.0140182295143905,0.0140182295143905,0.0140182295143905,0.0568066082100863
14.6925462604222,0,-0.00458452472707301,0,14.6925462604222,-0.00458452472707301,-0.00458452472707301,-0.00458452472707301,0.0444254697733256
12.6985002447189,0,0.0156151615690587,0,12.6985002447189,0.0156151615690587,0.0156151615690587,0.0156151615690587,0.0344296478282526
14.3972634987083,0,-0.0237118006498921,0,14.3972634987083,-0.0237118006498921,-0.0237118006498921,-0.0237118006498921,0.0295064854269103
14.1514365378187,0,-0.0107350800784212,0,14.1514365378187,-0.0107350800784212,-0.0107350800784212,-0.0107350800784212,0.0554744268805768
27.9381463268887,0,-0.0196646199066465,0,27.9381463268887,-0.0196646199066465,-0.0196646199066465,-0.0196646199066465,0.0266030945529787
24.4728765020316,0,-0.0883766236254439,0,24.4728765020316,-0.0883766236254439,-0.0883766236254439,-0.0883766236254439,0.0473406670453721
13.4368696617468,0,0.0535402362440232,0,13.4368696617468,0.0535402362440232,0.0535402362440232,0.0535402362440232,0.0282079903838013
7.48402930279067,0,0.00968988201586394,0,7.48402930279067,0.00968988201586394,0.00968988201586394,0.00968988201586394,0.0686754083472401
25.9320346135502,0,-0.0232712391594247,0,25.9320346135502,-0.0232712391594247,-0.0232712391594247,-0.0232712391594247,0.0300519735078187
NA,NA,NA,NA,NA,NA,NA,NA,NA
12.0144898669671,0,-0.0304643580877798,0,12.0144898669671,-0.0304643580877798,-0.0304643580877798,-0.0304643580877798,0.0246585875375876
5.59197431763262,0,-0.0578220526680145,0,5.59197431763262,-0.0578220526680145,-0.0578220526680145,-0.0578220526680145,0.0290843221745671
7.10118523761685,0,-0.0285278978712163,0,7.10118523761685,-0.0285278978712163,-0.0285278978712163,-0.0285278978712163,0.0595492352872805
8.39406695268219,0,0.0167837864563465,0,8.39406695268219,0.0167837864563465,0.0167837864563465,0.0167837864563465,0.0322473662392579
6.68163411954067,0,0.0399525800720857,0,6.68163411954067,0.0399525800720857,0.0399525800720857,0.0399525800720857,0.0632642521725607
10.9419857642508,0,-0.0876235523401562,0,10.9419857642508,-0.0876235523401562,-0.0876235523401562,-0.0876235523401562,0.0336377588977628
9.567453602661,0,-0.0130573193727359,0,9.567453602661,-0.0130573193727359,-0.0130573193727359,-0.0130573193727359,0.0264340771076804
9.56764954052794,0,-0.00578932875863998,0,9.56764954052794,-0.00578932875863998,-0.00578932875863998,-0.00578932875863998,0.0288617279537588
9.58796747981615,0,0.00725905880614161,0,9.58796747981615,0.00725905880614161,0.00725905880614161,0.00725905880614161,0.0422687684348916
12.9045618909384,0,-0.020800428050844,0,12.9045618909384,-0.020800428050844,-0.020800428050844,-0.020800428050844,0.00918914559220215
9.03381024943225,0,-0.0258591277728825,0,9.03381024943225,-0.0258591277728825,-0.0258591277728825,-0.0258591277728825,0.0210013285642308
7.292171244769,0,0.0214216184583366,0,7.292171244769,0.0214216184583366,0.0214216184583366,0.0214216184583366,0.00787016036700002
10.6567948708008,0,0.0203455428827325,0,10.6567948708008,0.0203455428827325,0.0203455428827325,0.0203455428827325,0.0367174068081082
15.83958844307,0,0.0399832495665445,0,15.83958844307,0.0399832495665445,0.0399832495665445,0.0399832495665445,0.0130470310288665
17.7014293147066,0,0.0234372077444364,0,17.7014293147066,0.0234372077444364,0.0234372077444364,0.0234372077444364,0.0323786122878216
14.7585414478692,0,-0.0143222744287462,0,14.7585414478692,-0.0143222744287462,-0.0143222744287462,-0.0143222744287462,0.0637816832942033
8.7869971588466,0,0.0255650750927985,0,8.7869971588466,0.0255650750927985,0.0255650750927985,0.0255650750927985,0.0115189820321319
13.9836050997556,0,-0.0596374353307077,0,13.9836050997556,-0.0596374353307077,-0.0596374353307077,-0.0596374353307077,0.0260159424457815
11.3110693140974,0,0.00982781565554414,0,11.3110693140974,0.00982781565554414,0.00982781565554414,0.00982781565554414,0.0152975413868066
16.5519463473715,0,-0.0850116784148187,0,16.5519463473715,-0.0850116784148187,-0.0850116784148187,-0.0850116784148187,0.0449328569998866
12.3671082351961,0,0.0210231372322994,0,12.3671082351961,0.0210231372322994,0.0210231372322994,0.0210231372322994,0.0160828742749283
12.3654554745313,0,-0.0686880413546458,0,12.3654554745313,-0.0686880413546458,-0.0686880413546458,-0.0686880413546458,0.0513325050706189
19.2556223171704,0,0.0285945738844167,0,19.2556223171704,0.0285945738844167,0.0285945738844167,0.0285945738844167,0.0139726523520546
34.7312424253189,0,0.00360906084633839,0,34.7312424253189,0.00360906084633839,0.00360906084633839,0.00360906084633839,0.017575833019559
54.7209102152747,0,0.0196726221291343,0,54.7209102152747,0.0196726221291343,0.0196726221291343,0.0196726221291343,0.0109274670854921
9.37577209119586,0,-0.0166622088619275,0,9.37577209119586,-0.0166622088619275,-0.0166622088619275,-0.0166622088619275,0.0509886552324907
8.22166390729103,0,0.0200227074138689,0,8.22166390729103,0.0200227074138689,0.0200227074138689,0.0200227074138689,0.0889316774406693
6.56936523894705,0,-0.0184803687031215,0,6.56936523894705,-0.0184803687031215,-0.0184803687031215,-0.0184803687031215,0.0397871786329299
7.36539602284415,0,-0.0247872150245361,0,7.36539602284415,-0.0247872150245361,-0.0247872150245361,-0.0247872150245361,0.114121672795408
9.34902839864339,0,-0.0319037471830898,0,9.34902839864339,-0.0319037471830898,-0.0319037471830898,-0.0319037471830898,0.0353702402159913
12.5616640281909,0,0.00441577973083164,0,12.5616640281909,0.00441577973083164,0.00441577973083164,0.00441577973083164,0.0138459086615911
10.5411867057519,0,-0.0885790708954701,0,10.5411867057519,-0.0885790708954701,-0.0885790708954701,-0.0885790708954701,0.0320565633703811
10.8363107906744,0,-0.028098390818107,0,10.8363107906744,-0.028098390818107,-0.028098390818107,-0.028098390818107,0.071926050301895
7.60971237336999,0,0.0425196941211018,0,7.60971237336999,0.0425196941211018,0.0425196941211018,0.0425196941211018,0.0675431227803087
5.93931454818625,0,-0.0606442522079505,0,5.93931454818625,-0.0606442522079505,-0.0606442522079505,-0.0606442522079505,0.0347252472962151
11.3171115233183,0,-0.0301299566297987,0,11.3171115233183,-0.0301299566297987,-0.0301299566297987,-0.0301299566297987,0.0549217163119364
12.491172371433,0,0.00616174807970621,0,12.491172371433,0.00616174807970621,0.00616174807970621,0.00616174807970621,0.0405245193389735
26.9159257982544,0,0.00103996356092225,0,26.9159257982544,0.00103996356092225,0.00103996356092225,0.00103996356092225,0.0289826613233299
23.3384346785706,0,0.0173424537425691,0,23.3384346785706,0.0173424537425691,0.0173424537425691,0.0173424537425691,0.0189266195413323
39.8146474017142,0,-0.0114906286129136,0,39.8146474017142,-0.0114906286129136,-0.0114906286129136,-0.0114906286129136,0.0491219546710594
16.8846431378076,0,0.0592246738975235,0,16.8846431378076,0.0592246738975235,0.0592246738975235,0.0592246738975235,0.0580511049145327
129.543664939788,0,0.187339131251037,0,129.543664939788,0.187339131251037,0.187339131251037,0.187339131251037,0.0392949098741799
7.87613657515693,0,0.0413542662923309,0,7.87613657515693,0.0413542662923309,0.0413542662923309,0.0413542662923309,0.0315625132232254
6.75451986071434,0,0.0140182295143905,0,6.75451986071434,0.0140182295143905,0.0140182295143905,0.0140182295143905,0.0568066082100863
14.6925462604222,0,-0.00458452472707301,0,14.6925462604222,-0.00458452472707301,-0.00458452472707301,-0.00458452472707301,0.0444254697733256
12.6985002447189,0,0.0156151615690587,0,12.6985002447189,0.0156151615690587,0.0156151615690587,0.0156151615690587,0.0344296478282526
14.3972634987083,0,-0.0237118006498921,0,14.3972634987083,-0.0237118006498921,-0.0237118006498921,-0.0237118006498921,0.0295064854269103
14.1514365378187,0,-0.0107350800784212,0,14.1514365378187,-0.0107350800784212,-0.0107350800784212,-0.0107350800784212,0.0554744268805768
27.9381463268887,0,-0.0196646199066465,0,27.9381463268887,-0.0196646199066465,-0.0196646199066465,-0.0196646199066465,0.0266030945529787
24.4728765020316,0,-0.0883766236254439,0,24.4728765020316,-0.0883766236254439,-0.0883766236254439,-0.0883766236254439,0.0473406670453721
13.4368696617468,0,0.0535402362440232,0,13.4368696617468,0.0535402362440232,0.0535402362440232,0.0535402362440232,0.0282079903838013
7.48402930279067,0,0.00968988201586394,0,7.48402930279067,0.00968988201586394,0.00968988201586394,0.00968988201586394,0.0686754083472401
25.9320346135502,0,-0.0232712391594247,0,25.9320346135502,-0.0232712391594247,-0.0232712391594247,-0.0232712391594247,0.0300519735078187
NA,NA,NA,NA,NA,NA,NA,NA,NA
12.0144898669671,0,-0.0304643580877798,0,12.0144898669671,-0.0304643580877798,-0.0304643580877798,-0.0304643580877798,0.0246585875375876
5.59197431763262,0,-0.0578220526680145,0,5.59197431763262,-0.0578220526680145,-0.0578220526680145,-0.0578220526680145,0.0290843221745671
7.10118523761685,0,-0.0285278978712163,0,7.10118523761685,-0.0285278978712163,-0.0285278978712163,-0.0285278978712163,0.0595492352872805
8.39406695268219,0,0.0167837864563465,0,8.39406695268219,0.0167837864563465,0.0167837864563465,0.0167837864563465,0.0322473662392579
6.68163411954067,0,0.0399525800720857,0,6.68163411954067,0.0399525800720857,0.0399525800720857,0.0399525800720857,0.0632642521725607
10.9419857642508,0,-0.0876235523401562,0,10.9419857642508,-0.0876235523401562,-0.0876235523401562,-0.0876235523401562,0.0336377588977628
9.567453602661,0,-0.0130573193727359,0,9.567453602661,-0.0130573193727359,-0.0130573193727359,-0.0130573193727359,0.0264340771076804
9.56764954052794,0,-0.00578932875863998,0,9.56764954052794,-0.00578932875863998,-0.00578932875863998,-0.00578932875863998,0.0288617279537588
9.58796747981615,0,0.00725905880614161,0,9.58796747981615,0.00725905880614161,0.00725905880614161,0.00725905880614161,0.0422687684348916
12.9045618909384,0,-0.020800428050844,0,12.9045618909384,-0.020800428050844,-0.020800428050844,-0.020800428050844,0.00918914559220215
9.03381024943225,0,-0.0258591277728825,0,9.03381024943225,-0.0258591277728825,-0.0258591277728825,-0.0258591277728825,0.0210013285642308
7.292171244769,0,0.0214216184583366,0,7.292171244769,0.0214216184583366,0.0214216184583366,0.0214216184583366,0.00787016036700002
10.6567948708008,0,0.0203455428827325,0,10.6567948708008,0.0203455428827325,0.0203455428827325,0.0203455428827325,0.0367174068081082
15.83958844307,0,0.0399832495665445,0,15.83958844307,0.0399832495665445,0.0399832495665445,0.0399832495665445,0.0130470310288665
17.7014293147066,0,0.0234372077444364,0,17.7014293147066,0.0234372077444364,0.0234372077444364,0.0234372077444364,0.0323786122878216
14.7585414478692,0,-0.0143222744287462,0,14.7585414478692,-0.0143222744287462,-0.0143222744287462,-0.0143222744287462,0.0637816832942033
8.7869971588466,0,0.0255650750927985,0,8.7869971588466,0.0255650750927985,0.0255650750927985,0.0255650750927985,0.0115189820321319
13.9836050997556,0,-0.0596374353307077,0,13.9836050997556,-0.0596374353307077,-0.0596374353307077,-0.0596374353307077,0.0260159424457815
11.3110693140974,0,0.00982781565554414,0,11.3110693140974,0.00982781565554414,0.00982781565554414,0.00982781565554414,0.0152975413868066
16.5519463473715,0,-0.0850116784148187,0,16.5519463473715,-0.0850116784148187,-0.0850116784148187,-0.0850116784148187,0.0449328569998866
12.3671082351961,0,0.0210231372322994,0,12.3671082351961,0.0210231372322994,0.0210231372322994,0.0210231372322994,0.0160828742749283
12.3654554745313,0,-0.0686880413546458,0,12.3654554745313,-0.0686880413546458,-0.0686880413546458,-0.0686880413546458,0.0513325050706189
19.2556223171704,0,0.0285945738844167,0,19.2556223171704,0.0285945738844167,0.0285945738844167,0.0285945738844167,0.0139726523520546
34.7312424253189,0,0.00360906084633839,0,34.7312424253189,0.00360906084633839,0.00360906084633839,0.00360906084633839,0.017575833019559
54.7209102152747,0,0.0196726221291343,0,54.7209102152747,0.0196726221291343,0.0196726221291343,0.0196726221291343,0.0109274670854921
9.37577209119586,0,-0.0166622088619275,0,9.37577209119586,-0.0166622088619275,-0.0166622088619275,-0.0166622088619275,0.0509886552324907
8.22166390729103,0,0.0200227074138689,0,8.22166390729103,0.0200227074138689,0.0200227074138689,0.0200227074138689,0.0889316774406693
6.56936523894705,0,-0.0184803687031215,0,6.56936523894705,-0.0184803687031215,-0.0184803687031215,-0.0184803687031215,0.0397871786329299
7.36539602284415,0,-0.0247872150245361,0,7.36539602284415,-0.0247872150245361,-0.0247872150245361,-0.0247872150245361,0.114121672795408
9.34902839864339,0,-0.0319037471830898,0,9.34902839864339,-0.0319037471830898,-0.0319037471830898,-0.0319037471830898,0.0353702402159913
12.5616640281909,0,0.00441577973083164,0,12.5616640281909,0.00441577973083164,0.00441577973083164,0.00441577973083164,0.0138459086615911
10.5411867057519,0,-0.0885790708954701,0,10.5411867057519,-0.0885790708954701,-0.0885790708954701,-0.0885790708954701,0.0320565633703811
10.8363107906744,0,-0.028098390818107,0,10.8363107906744,-0.028098390818107,-0.028098390818107,-0.028098390818107,0.071926050301895
7.60971237336999,0,0.0425196941211018,0,7.60971237336999,0.0425196941211018,0.0425196941211018,0.0425196941211018,0.0675431227803087
5.93931454818625,0,-0.0606442522079505,0,5.93931454818625,-0.0606442522079505,-0.0606442522079505,-0.0606442522079505,0.0347252472962151
11.3171115233183,0,-0.0301299566297987,0,11.3171115233183,-0.0301299566297987,-0.0301299566297987,-0.0301299566297987,0.0549217163119364
12.491172371433,0,0.00616174807970621,0,12.491172371433,0.00616174807970621,0.00616174807970621,0.00616174807970621,0.0405245193389735
26.9159257982544,0,0.00103996356092225,0,26.9159257982544,0.00103996356092225,0.00103996356092225,0.00103996356092225,0.0289826613233299
23.3384346785706,0,0.0173424537425691,0,23.3384346785706,0.0173424537425691,0.0173424537425691,0.0173424537425691,0.0189266195413323
39.8146474017142,0,-0.0114906286129136,0,39.8146474017142,-0.0114906286129136,-0.0114906286129136,-0.0114906286129136,0.0491219546710594
16.8846431378076,0,0.0592246738975235,0,16.8846431378076,0.0592246738975235,0.0592246738975235,0.0592246738975235,0.0580511049145327
129.543664939788,0,0.187339131251037,0,129.543664939788,0.187339131251037,0.187339131251037,0.187339131251037,0.0392949098741799
7.87613657515693,0,0.0413542662923309,0,7.87613657515693,0.0413542662923309,0.0413542662923309,0.0413542662923309,0.0315625132232254
6.75451986071434,0,0.0140182295143905,0,6.75451986071434,0.0140182295143905,0.0140182295143905,0.0140182295143905,0.0568066082100863
14.6925462604222,0,-0.00458452472707301,0,14.6925462604222,-0.00458452472707301,-0.00458452472707301,-0.00458452472707301,0.0444254697733256
12.6985002447189,0,0.0156151615690587,0,12.6985002447189,0.0156151615690587,0.0156151615690587,0.0156151615690587,0.0344296478282526
14.3972634987083,0,-0.0237118006498921,0,14.3972634987083,-0.0237118006498921,-0.0237118006498921,-0.0237118006498921,0.0295064854269103
14.1514365378187,0,-0.0107350800784212,0,14.1514365378187,-0.0107350800784212,-0.0107350800784212,-0.0107350800784212,0.0554744268805768
27.9381463268887,0,-0.0196646199066465,0,27.9381463268887,-0.0196646199066465,-0.0196646199066465,-0.0196646199066465,0.0266030945529787
24.4728765020316,0,-0.0883766236254439,0,24.4728765020316,-0.0883766236254439,-0.0883766236254439,-0.0883766236254439,0.0473406670453721
13.4368696617468,0,0.0535402362440232,0,13.4368696617468,0.0535402362440232,0.0535402362440232,0.0535402362440232,0.0282079903838013
7.48402930279067,0,0.00968988201586394,0,7.48402930279067,0.00968988201586394,0.00968988201586394,0.00968988201586394,0.0686754083472401
25.9320346135502,0,-0.0232712391594247,0,25.9320346135502,-0.0232712391594247,-0.0232712391594247,-0.0232712391594247,0.0300519735078187
NA,NA,NA,NA,NA,NA,NA,NA,NA
12.0144898669671,0,-0.0304643580877798,0,12.0144898669671,-0.0304643580877798,-0.0304643580877798,-0.0304643580877798,0.0246585875375876
5.59197431763262,0,-0.0578220526680145,0,5.59197431763262,-0.0578220526680145,-0.0578220526680145,-0.0578220526680145,0.0290843221745671
7.10118523761685,0,-0.0285278978712163,0,7.10118523761685,-0.0285278978712163,-0.0285278978712163,-0.0285278978712163,0.0595492352872805
8.39406695268219,0,0.0167837864563465,0,8.39406695268219,0.0167837864563465,0.0167837864563465,0.0167837864563465,0.0322473662392579
6.68163411954067,0,0.0399525800720857,0,6.68163411954067,0.0399525800720857,0.0399525800720857,0.0399525800720857,0.0632642521725607
10.9419857642508,0,-0.0876235523401562,0,10.9419857642508,-0.0876235523401562,-0.0876235523401562,-0.0876235523401562,0.0336377588977628
9.567453602661,0,-0.0130573193727359,0,9.567453602661,-0.0130573193727359,-0.0130573193727359,-0.0130573193727359,0.0264340771076804
9.56764954052794,0,-0.00578932875863998,0,9.56764954052794,-0.00578932875863998,-0.00578932875863998,-0.00578932875863998,0.0288617279537588
9.58796747981615,0,0.00725905880614161,0,9.58796747981615,0.00725905880614161,0.00725905880614161,0.00725905880614161,0.0422687684348916
12.9045618909384,0,-0.020800428050844,0,12.9045618909384,-0.020800428050844,-0.020800428050844,-0.020800428050844,0.00918914559220215
9.03381024943225,0,-0.0258591277728825,0,9.03381024943225,-0.0258591277728825,-0.0258591277728825,-0.0258591277728825,0.0210013285642308
7.292171244769,0,0.0214216184583366,0,7.292171244769,0.0214216184583366,0.0214216184583366,0.0214216184583366,0.00787016036700002
10.6567948708008,0,0.0203455428827325,0,10.6567948708008,0.0203455428827325,0.0203455428827325,0.0203455428827325,0.0367174068081082
15.83958844307,0,0.0399832495665445,0,15.83958844307,0.0399832495665445,0.0399832495665445,0.0399832495665445,0.0130470310288665
17.7014293147066,0,0.0234372077444364,0,17.7014293147066,0.0234372077444364,0.0234372077444364,0.0234372077444364,0.0323786122878216
14.7585414478692,0,-0.0143222744287462,0,14.7585414478692,-0.0143222744287462,-0.0143222744287462,-0.0143222744287462,0.0637816832942033
8.7869971588466,0,0.0255650750927985,0,8.7869971588466,0.0255650750927985,0.0255650750927985,0.0255650750927985,0.0115189820321319
13.9836050997556,0,-0.0596374353307077,0,13.9836050997556,-0.0596374353307077,-0.0596374353307077,-0.0596374353307077,0.0260159424457815
11.3110693140974,0,0.00982781565554414,0,11.3110693140974,0.00982781565554414,0.00982781565554414,0.00982781565554414,0.0152975413868066
16.5519463473715,0,-0.0850116784148187,0,16.5519463473715,-0.0850116784148187,-0.0850116784148187,-0.0850116784148187,0.0449328569998866
12.3671082351961,0,0.0210231372322994,0,12.3671082351961,0.0210231372322994,0.0210231372322994,0.0210231372322994,0.0160828742749283
12.3654554745313,0,-0.0686880413546458,0,12.3654554745313,-0.0686880413546458,-0.0686880413546458,-0.0686880413546458,0.0513325050706189
19.2556223171704,0,0.0285945738844167,0,19.2556223171704,0.0285945738844167,0.0285945738844167,0.0285945738844167,0.0139726523520546
34.7312424253189,0,0.00360906084633839,0,34.7312424253189,0.00360906084633839,0.00360906084633839,0.00360906084633839,0.017575833019559
54.7209102152747,0,0.0196726221291343,0,54.7209102152747,0.0196726221291343,0.0196726221291343,0.0196726221291343,0.0109274670854921
9.37577209119586,0,-0.0166622088619275,0,9.37577209119586,-0.0166622088619275,-0.0166622088619275,-0.0166622088619275,0.0509886552324907
8.22166390729103,0,0.0200227074138689,0,8.22166390729103,0.0200227074138689,0.0200227074138689,0.0200227074138689,0.0889316774406693
6.56936523894705,0,-0.0184803687031215,0,6.56936523894705,-0.0184803687031215,-0.0184803687031215,-0.0184803687031215,0.0397871786329299
7.36539602284415,0,-0.0247872150245361,0,7.36539602284415,-0.0247872150245361,-0.0247872150245361,-0.0247872150245361,0.114121672795408
9.34902839864339,0,-0.0319037471830898,0,9.34902839864339,-0.0319037471830898,-0.0319037471830898,-0.0319037471830898,0.0353702402159913
12.5616640281909,0,0.00441577973083164,0,12.5616640281909,0.00441577973083164,0.00441577973083164,0.00441577973083164,0.0138459086615911
10.5411867057519,0,-0.0885790708954701,0,10.5411867057519,-0.0885790708954701,-0.0885790708954701,-0.0885790708954701,0.0320565633703811
10.8363107906744,0,-0.028098390818107,0,10.8363107906744,-0.028098390818107,-0.028098390818107,-0.028098390818107,0.071926050301895
7.60971237336999,0,0.0425196941211018,0,7.60971237336999,0.0425196941211018,0.0425196941211018,0.0425196941211018,0.0675431227803087
5.93931454818625,0,-0.0606442522079505,0,5.93931454818625,-0.0606442522079505,-0.0606442522079505,-0.0606442522079505,0.0347252472962151
11.3171115233183,0,-0.0301299566297987,0,11.3171115233183,-0.0301299566297987,-0.0301299566297987,-0.0301299566297987,0.0549217163119364
12.491172371433,0,0.00616174807970621,0,12.491172371433,0.00616174807970621,0.00616174807970621,0.00616174807970621,0.0405245193389735
26.9159257982544,0,0.00103996356092225,0,26.9159257982544,0.00103996356092225,0.00103996356092225,0.00103996356092225,0.0289826613233299
23.3384346785706,0,0.0173424537425691,0,23.3384346785706,0.0173424537425691,0.0173424537425691,0.0173424537425691,0.0189266195413323
39.8146474017142,0,-0.0114906286129136,0,39.8146474017142,-0.0114906286129136,-0.0114906286129136,-0.0114906286129136,0.0491219546710594
16.8846431378076,0,0.0592246738975235,0,16.8846431378076,0.0592246738975235,0.0592246738975235,0.0592246738975235,0.0580511049145327
129.543664939788,0,0.187339131251037,0,129.543664939788,0.187339131251037,0.187339131251037,0.187339131251037,0.0392949098741799
7.87613657515693,0,0.0413542662923309,0,7.87613657515693,0.0413542662923309,0.0413542662923309,0.0413542662923309,0.0315625132232254
6.75451986071434,0,0.0140182295143905,0,6.75451986071434,0.0140182295143905,0.0140182295143905,0.0140182295143905,0.0568066082100863
14.6925462604222,0,-0.00458452472707301,0,14.6925462604222,-0.00458452472707301,-0.00458452472707301,-0.00458452472707301,0.0444254697733256
12.6985002447189,0,0.0156151615690587,0,12.6985002447189,0.0156151615690587,0.0156151615690587,0.0156151615690587,0.0344296478282526
14.3972634987083,0,-0.0237118006498921,0,14.3972634987083,-0.0237118006498921,-0.0237118006498921,-0.0237118006498921,0.0295064854269103
14.1514365378187,0,-0.0107350800784212,0,14.1514365378187,-0.0107350800784212,-0.0107350800784212,-0.0107350800784212,0.0554744268805768
27.9381463268887,0,-0.0196646199066465,0,27.9381463268887,-0.0196646199066465,-0.0196646199066465,-0.0196646199066465,0.0266030945529787
24.4728765020316,0,-0.0883766236254439,0,24.4728765020316,-0.0883766236254439,-0.0883766236254439,-0.0883766236254439,0.0473406670453721
13.4368696617468,0,0.0535402362440232,0,13.4368696617468,0.0535402362440232,0.0535402362440232,0.0535402362440232,0.0282079903838013
7.48402930279067,0,0.00968988201586394,0,7.48402930279067,0.00968988201586394,0.00968988201586394,0.00968988201586394,0.0686754083472401
25.9320346135502,0,-0.0232712391594247,0,25.9320346135502,-0.0232712391594247,-0.0232712391594247,-0.0232712391594247,0.0300519735078187
NA,NA,NA,NA,NA,NA,NA,NA,NA
12.0144898669671,0,-0.0304643580877798,0,12.0144898669671,-0.0304643580877798,-0.0304643580877798,-0.0304643580877798,0.0246585875375876
5.59197431763262,0,-0.0578220526680145,0,5.59197431763262,-0.0578220526680145,-0.0578220526680145,-0.0578220526680145,0.0290843221745671
7.10118523761685,0,-0.0285278978712163,0,7.10118523761685,-0.0285278978712163,-0.0285278978712163,-0.0285278978712163,0.0595492352872805
8.39406695268219,0,0.0167837864563465,0,8.39406695268219,0.0167837864563465,0.0167837864563465,0.0167837864563465,0.0322473662392579
6.68163411954067,0,0.0399525800720857,0,6.68163411954067,0.0399525800720857,0.0399525800720857,0.0399525800720857,0.0632642521725607
10.9419857642508,0,-0.0876235523401562,0,10.9419857642508,-0.0876235523401562,-0.0876235523401562,-0.0876235523401562,0.0336377588977628
9.567453602661,0,-0.0130573193727359,0,9.567453602661,-0.0130573193727359,-0.0130573193727359,-0.0130573193727359,0.0264340771076804
9.56764954052794,0,-0.00578932875863998,0,9.56764954052794,-0.00578932875863998,-0.00578932875863998,-0.00578932875863998,0.0288617279537588
9.58796747981615,0,0.00725905880614161,0,9.58796747981615,0.00725905880614161,0.00725905880614161,0.00725905880614161,0.0422687684348916
12.9045618909384,0,-0.020800428050844,0,12.9045618909384,-0.020800428050844,-0.020800428050844,-0.020800428050844,0.00918914559220215
9.03381024943225,0,-0.0258591277728825,0,9.03381024943225,-0.0258591277728825,-0.0258591277728825,-0.0258591277728825,0.0210013285642308
7.292171244769,0,0.0214216184583366,0,7.292171244769,0.0214216184583366,0.0214216184583366,0.0214216184583366,0.00787016036700002
10.6567948708008,0,0.0203455428827325,0,10.6567948708008,0.0203455428827325,0.0203455428827325,0.0203455428827325,0.0367174068081082
15.83958844307,0,0.0399832495665445,0,15.83958844307,0.0399832495665445,0.0399832495665445,0.0399832495665445,0.0130470310288665
17.7014293147066,0,0.0234372077444364,0,17.7014293147066,0.0234372077444364,0.0234372077444364,0.0234372077444364,0.0323786122878216
14.7585414478692,0,-0.0143222744287462,0,14.7585414478692,-0.0143222744287462,-0.0143222744287462,-0.0143222744287462,0.0637816832942033
8.7869971588466,0,0.0255650750927985,0,8.7869971588466,0.0255650750927985,0.0255650750927985,0.0255650750927985,0.0115189820321319
13.9836050997556,0,-0.0596374353307077,0,13.9836050997556,-0.0596374353307077,-0.0596374353307077,-0.0596374353307077,0.0260159424457815
11.3110693140974,0,0.00982781565554414,0,11.3110693140974,0.00982781565554414,0.00982781565554414,0.00982781565554414,0.0152975413868066
16.5519463473715,0,-0.0850116784148187,0,16.5519463473715,-0.0850116784148187,-0.0850116784148187,-0.0850116784148187,0.0449328569998866
12.3671082351961,0,0.0210231372322994,0,12.3671082351961,0.0210231372322994,0.0210231372322994,0.0210231372322994,0.0160828742749283
12.3654554745313,0,-0.0686880413546458,0,12.3654554745313,-0.0686880413546458,-0.0686880413546458,-0.0686880413546458,0.0513325050706189
19.2556223171704,0,0.0285945738844167,0,19.2556223171704,0.0285945738844167,0.0285945738844167,0.0285945738844167,0.0139726523520546
34.7312424253189,0,0.00360906084633839,0,34.7312424253189,0.00360906084633839,0.00360906084633839,0.00360906084633839,0.017575833019559
54.7209102152747,0,0.0196726221291343,0,54.7209102152747,0.0196726221291343,0.0196726221291343,0.0196726221291343,0.0109274670854921
9.37577209119586,0,-0.0166622088619275,0,9.37577209119586,-0.0166622088619275,-0.0166622088619275,-0.0166622088619275,0.0509886552324907
8.22166390729103,0,0.0200227074138689,0,8.22166390729103,0.0200227074138689,0.0200227074138689,0.0200227074138689,0.0889316774406693
6.56936523894705,0,-0.0184803687031215,0,6.56936523894705,-0.0184803687031215,-0.0184803687031215,-0.0184803687031215,0.0397871786329299
7.36539602284415,0,-0.0247872150245361,0,7.36539602284415,-0.0247872150245361,-0.0247872150245361,-0.0247872150245361,0.114121672795408
9.34902839864339,0,-0.0319037471830898,0,9.34902839864339,-0.0319037471830898,-0.0319037471830898,-0.0319037471830898,0.0353702402159913
12.5616640281909,0,0.00441577973083164,0,12.5616640281909,0.00441577973083164,0.00441577973083164,0.00441577973083164,0.0138459086615911
10.5411867057519,0,-0.0885790708954701,0,10.5411867057519,-0.0885790708954701,-0.0885790708954701,-0.0885790708954701,0.0320565633703811
10.8363107906744,0,-0.028098390818107,0,10.8363107906744,-0.028098390818107,-0.028098390818107,-0.028098390818107,0.071926050301895
7.60971237336999,0,0.0425196941211018,0,7.60971237336999,0.0425196941211018,0.0425196941211018,0.0425196941211018,0.0675431227803087
5.93931454818625,0,-0.0606442522079505,0,5.93931454818625,-0.0606442522079505,-0.0606442522079505,-0.0606442522079505,0.0347252472962151
11.3171115233183,0,-0.0301299566297987,0,11.3171115233183,-0.0301299566297987,-0.0301299566297987,-0.0301299566297987,0.0549217163119364
12.491172371433,0,0.00616174807970621,0,12.491172371433,0.00616174807970621,0.00616174807970621,0.00616174807970621,0.0405245193389735
26.9159257982544,0,0.00103996356092225,0,26.9159257982544,0.00103996356092225,0.00103996356092225,0.00103996356092225,0.0289826613233299
23.3384346785706,0,0.0173424537425691,0,23.3384346785706,0.0173424537425691,0.0173424537425691,0.0173424537425691,0.0189266195413323
39.8146474017142,0,-0.0114906286129136,0,39.8146474017142,-0.0114906286129136,-0.0114906286129136,-0.0114906286129136,0.0491219546710594
16.8846431378076,0,0.0592246738975235,0,16.8846431378076,0.0592246738975235,0.0592246738975235,0.0592246738975235,0.0580511049145327
129.543664939788,0,0.187339131251037,0,129.543664939788,0.187339131251037,0.187339131251037,0.187339131251037,0.0392949098741799
7.87613657515693,0,0.0413542662923309,0,7.87613657515693,0.0413542662923309,0.0413542662923309,0.0413542662923309,0.0315625132232254
6.75451986071434,0,0.0140182295143905,0,6.75451986071434,0.0140182295143905,0.0140182295143905,0.0140182295143905,0.0568066082100863
14.6925462604222,0,-0.00458452472707301,0,14.6925462604222,-0.00458452472707301,-0.00458452472707301,-0.00458452472707301,0.0444254697733256
12.6985002447189,0,0.0156151615690587,0,12.6985002447189,0.0156151615690587,0.0156151615690587,0.0156151615690587,0.0344296478282526
14.3972634987083,0,-0.0237118006498921,0,14.3972634987083,-0.0237118006498921,-0.0237118006498921,-0.0237118006498921,0.0295064854269103
14.1514365378187,0,-0.0107350800784212,0,14.1514365378187,-0.0107350800784212,-0.0107350800784212,-0.0107350800784212,0.0554744268805768
27.9381463268887,0,-0.0196646199066465,0,27.9381463268887,-0.0196646199066465,-0.0196646199066465,-0.0196646199066465,0.0266030945529787
24.4728765020316,0,-0.0883766236254439,0,24.4728765020316,-0.0883766236254439,-0.0883766236254439,-0.0883766236254439,0.0473406670453721
13.4368696617468,0,0.0535402362440232,0,13.4368696617468,0.0535402362440232,0.0535402362440232,0.0535402362440232,0.0282079903838013
7.48402930279067,0,0.00968988201586394,0,7.48402930279067,0.00968988201586394,0.00968988201586394,0.00968988201586394,0.0686754083472401
25.9320346135502,0,-0.0232712391594247,0,25.9320346135502,-0.0232712391594247,-0.0232712391594247,-0.0232712391594247,0.0300519735078187
NA,NA,NA,NA,NA,NA,NA,NA,NA
12.0144898669671,0,-0.0304643580877798,0,12.0144898669671,-0.0304643580877798,-0.0304643580877798,-0.0304643580877798,0.0246585875375876
5.59197431763262,0,-0.0578220526680145,0,5.59197431763262,-0.0578220526680145,-0.0578220526680145,-0.0578220526680145,0.0290843221745671
7.10118523761685,0,-0.0285278978712163,0,7.10118523761685,-0.0285278978712163,-0.0285278978712163,-0.0285278978712163,0.0595492352872805
8.39406695268219,0,0.0167837864563465,0,8.39406695268219,0.0167837864563465,0.0167837864563465,0.0167837864563465,0.0322473662392579
6.68163411954067,0,0.0399525800720857,0,6.68163411954067,0.0399525800720857,0.0399525800720857,0.0399525800720857,0.0632642521725607
10.9419857642508,0,-0.0876235523401562,0,10.9419857642508,-0.0876235523401562,-0.0876235523401562,-0.0876235523401562,0.0336377588977628
9.567453602661,0,-0.0130573193727359,0,9.567453602661,-0.0130573193727359,-0.0130573193727359,-0.0130573193727359,0.0264340771076804
9.56764954052794,0,-0.00578932875863998,0,9.56764954052794,-0.00578932875863998,-0.00578932875863998,-0.00578932875863998,0.0288617279537588
9.58796747981615,0,0.00725905880614161,0,9.58796747981615,0.00725905880614161,0.00725905880614161,0.00725905880614161,0.0422687684348916
12.9045618909384,0,-0.020800428050844,0,12.9045618909384,-0.020800428050844,-0.020800428050844,-0.020800428050844,0.00918914559220215
9.03381024943225,0,-0.0258591277728825,0,9.03381024943225,-0.0258591277728825,-0.0258591277728825,-0.0258591277728825,0.0210013285642308
7.292171244769,0,0.0214216184583366,0,7.292171244769,0.0214216184583366,0.0214216184583366,0.0214216184583366,0.00787016036700002
10.6567948708008,0,0.0203455428827325,0,10.6567948708008,0.0203455428827325,0.0203455428827325,0.0203455428827325,0.0367174068081082
15.83958844307,0,0.0399832495665445,0,15.83958844307,0.0399832495665445,0.0399832495665445,0.0399832495665445,0.0130470310288665
17.7014293147066,0,0.0234372077444364,0,17.7014293147066,0.0234372077444364,0.0234372077444364,0.0234372077444364,0.0323786122878216
14.7585414478692,0,-0.0143222744287462,0,14.7585414478692,-0.0143222744287462,-0.0143222744287462,-0.0143222744287462,0.0637816832942033
8.7869971588466,0,0.0255650750927985,0,8.7869971588466,0.0255650750927985,0.0255650750927985,0.0255650750927985,0.0115189820321319
13.9836050997556,0,-0.0596374353307077,0,13.9836050997556,-0.0596374353307077,-0.0596374353307077,-0.0596374353307077,0.0260159424457815
11.3110693140974,0,0.00982781565554414,0,11.3110693140974,0.00982781565554414,0.00982781565554414,0.00982781565554414,0.0152975413868066
16.5519463473715,0,-0.0850116784148187,0,16.5519463473715,-0.0850116784148187,-0.0850116784148187,-0.0850116784148187,0.0449328569998866
12.3671082351961,0,0.0210231372322994,0,12.3671082351961,0.0210231372322994,0.0210231372322994,0.0210231372322994,0.0160828742749283
12.3654554745313,0,-0.0686880413546458,0,12.3654554745313,-0.0686880413546458,-0.0686880413546458,-0.0686880413546458,0.0513325050706189
19.2556223171704,0,0.0285945738844167,0,19.2556223171704,0.0285945738844167,0.0285945738844167,0.0285945738844167,0.0139726523520546
34.7312424253189,0,0.00360906084633839,0,34.7312424253189,0.00360906084633839,0.00360906084633839,0.00360906084633839,0.017575833019559
54.7209102152747,0,0.0196726221291343,0,54.7209102152747,0.0196726221291343,0.0196726221291343,0.0196726221291343,0.0109274670854921
9.37577209119586,0,-0.0166622088619275,0,9.37577209119586,-0.0166622088619275,-0.0166622088619275,-0.0166622088619275,0.0509886552324907
8.22166390729103,0,0.0200227074138689,0,8.22166390729103,0.0200227074138689,0.0200227074138689,0.0200227074138689,0.0889316774406693
6.56936523894705,0,-0.0184803687031215,0,6.56936523894705,-0.0184803687031215,-0.0184803687031215,-0.0184803687031215,0.0397871786329299
7.36539602284415,0,-0.0247872150245361,0,7.36539602284415,-0.0247872150245361,-0.0247872150245361,-0.0247872150245361,0.114121672795408
9.34902839864339,0,-0.0319037471830898,0,9.34902839864339,-0.0319037471830898,-0.0319037471830898,-0.0319037471830898,0.0353702402159913
12.5616640281909,0,0.00441577973083164,0,12.5616640281909,0.00441577973083164,0.00441577973083164,0.00441577973083164,0.0138459086615911
10.5411867057519,0,-0.0885790708954701,0,10.5411867057519,-0.0885790708954701,-0.0885790708954701,-0.0885790708954701,0.0320565633703811
10.8363107906744,0,-0.028098390818107,0,10.8363107906744,-0.028098390818107,-0.028098390818107,-0.028098390818107,0.071926050301895
7.60971237336999,0,0.0425196941211018,0,7.60971237336999,0.0425196941211018,0.0425196941211018,0.0425196941211018,0.0675431227803087
5.93931454818625,0,-0.0606442522079505,0,5.93931454818625,-0.0606442522079505,-0.0606442522079505,-0.0606442522079505,0.0347252472962151
11.3171115233183,0,-0.0301299566297987,0,11.3171115233183,-0.0301299566297987,-0.0301299566297987,-0.0301299566297987,0.0549217163119364
12.491172371433,0,0.00616174807970621,0,12.491172371433,0.00616174807970621,0.00616174807970621,0.00616174807970621,0.0405245193389735
26.9159257982544,0,0.00103996356092225,0,26.9159257982544,0.00103996356092225,0.00103996356092225,0.00103996356092225,0.0289826613233299
23.3384346785706,0,0.0173424537425691,0,23.3384346785706,0.0173424537425691,0.0173424537425691,0.0173424537425691,0.0189266195413323
39.8146474017142,0,-0.0114906286129136,0,39.8146474017142,-0.0114906286129136,-0.0114906286129136,-0.0114906286129136,0.0491219546710594
16.8846431378076,0,0.0592246738975235,0,16.8846431378076,0.0592246738975235,0.0592246738975235,0.0592246738975235,0.0580511049145327
129.543664939788,0,0.187339131251037,0,129.543664939788,0.187339131251037,0.187339131251037,0.187339131251037,0.0392949098741799
7.87613657515693,0,0.0413542662923309,0,7.87613657515693,0.0413542662923309,0.0413542662923309,0.0413542662923309,0.0315625132232254
6.75451986071434,0,0.0140182295143905,0,6.75451986071434,0.0140182295143905,0.0140182295143905,0.0140182295143905,0.0568066082100863
14.6925462604222,0,-0.00458452472707301,0,14.6925462604222,-0.00458452472707301,-0.00458452472707301,-0.00458452472707301,0.0444254697733256
12.6985002447189,0,0.0156151615690587,0,12.6985002447189,0.0156151615690587,0.0156151615690587,0.0156151615690587,0.0344296478282526
14.3972634987083,0,-0.0237118006498921,0,14.3972634987083,-0.0237118006498921,-0.0237118006498921,-0.0237118006498921,0.0295064854269103
14.1514365378187,0,-0.0107350800784212,0,14.1514365378187,-0.0107350800784212,-0.0107350800784212,-0.0107350800784212,0.0554744268805768
27.9381463268887,0,-0.0196646199066465,0,27.9381463268887,-0.0196646199066465,-0.0196646199066465,-0.0196646199066465,0.0266030945529787
24.4728765020316,0,-0.0883766236254439,0,24.4728765020316,-0.0883766236254439,-0.0883766236254439,-0.0883766236254439,0.0473406670453721
13.4368696617468,0,0.0535402362440232,0,13.4368696617468,0.0535402362440232,0.0535402362440232,0.0535402362440232,0.0282079903838013
7.48402930279067,0,0.00968988201586394,0,7.48402930279067,0.00968988201586394,0.00968988201586394,0.00968988201586394,0.0686754083472401
25.9320346135502,0,-0.0232712391594247,0,25.9320346135502,-0.0232712391594247,-0.0232712391594247,-0.0232712391594247,0.0300519735078187
NA,NA,NA,NA,NA,NA,NA,NA,NA
12.0144898669671,0,-0.0304643580877798,0,12.0144898669671,-0.0304643580877798,-0.0304643580877798,-0.0304643580877798,0.0246585875375876
5.59197431763262,0,-0.0578220526680145,0,5.59197431763262,-0.0578220526680145,-0.0578220526680145,-0.0578220526680145,0.0290843221745671
7.10118523761685,0,-0.0285278978712163,0,7.10118523761685,-0.0285278978712163,-0.0285278978712163,-0.0285278978712163,0.0595492352872805
8.39406695268219,0,0.0167837864563465,0,8.39406695268219,0.0167837864563465,0.0167837864563465,0.0167837864563465,0.0322473662392579
6.68163411954067,0,0.0399525800720857,0,6.68163411954067,0.0399525800720857,0.0399525800720857,0.0399525800720857,0.0632642521725607
10.9419857642508,0,-0.0876235523401562,0,10.9419857642508,-0.0876235523401562,-0.0876235523401562,-0.0876235523401562,0.0336377588977628
9.567453602661,0,-0.0130573193727359,0,9.567453602661,-0.0130573193727359,-0.0130573193727359,-0.0130573193727359,0.0264340771076804
9.56764954052794,0,-0.00578932875863998,0,9.56764954052794,-0.00578932875863998,-0.00578932875863998,-0.00578932875863998,0.0288617279537588
9.58796747981615,0,0.00725905880614161,0,9.58796747981615,0.00725905880614161,0.00725905880614161,0.00725905880614161,0.0422687684348916
12.9045618909384,0,-0.020800428050844,0,12.9045618909384,-0.020800428050844,-0.020800428050844,-0.020800428050844,0.00918914559220215
9.03381024943225,0,-0.0258591277728825,0,9.03381024943225,-0.0258591277728825,-0.0258591277728825,-0.0258591277728825,0.0210013285642308
7.292171244769,0,0.0214216184583366,0,7.292171244769,0.0214216184583366,0.0214216184583366,0.0214216184583366,0.00787016036700002
10.6567948708008,0,0.0203455428827325,0,10.6567948708008,0.0203455428827325,0.0203455428827325,0.0203455428827325,0.0367174068081082
15.83958844307,0,0.0399832495665445,0,15.83958844307,0.0399832495665445,0.0399832495665445,0.0399832495665445,0.0130470310288665
17.7014293147066,0,0.0234372077444364,0,17.7014293147066,0.0234372077444364,0.0234372077444364,0.0234372077444364,0.0323786122878216
14.7585414478692,0,-0.0143222744287462,0,14.7585414478692,-0.0143222744287462,-0.0143222744287462,-0.0143222744287462,0.0637816832942033
8.7869971588466,0,0.0255650750927985,0,8.7869971588466,0.0255650750927985,0.0255650750927985,0.0255650750927985,0.0115189820321319
13.9836050997556,0,-0.0596374353307077,0,13.9836050997556,-0.0596374353307077,-0.0596374353307077,-0.0596374353307077,0.0260159424457815
11.3110693140974,0,0.00982781565554414,0,11.3110693140974,0.00982781565554414,0.00982781565554414,0.00982781565554414,0.0152975413868066
16.5519463473715,0,-0.0850116784148187,0,16.5519463473715,-0.0850116784148187,-0.0850116784148187,-0.0850116784148187,0.0449328569998866
12.3671082351961,0,0.0210231372322994,0,12.3671082351961,0.0210231372322994,0.0210231372322994,0.0210231372322994,0.0160828742749283
12.3654554745313,0,-0.0686880413546458,0,12.3654554745313,-0.0686880413546458,-0.0686880413546458,-0.0686880413546458,0.0513325050706189
19.2556223171704,0,0.0285945738844167,0,19.2556223171704,0.0285945738844167,0.0285945738844167,0.0285945738844167,0.0139726523520546
34.7312424253189,0,0.00360906084633839,0,34.7312424253189,0.00360906084633839,0.00360906084633839,0.00360906084633839,0.017575833019559
54.7209102152747,0,0.0196726221291343,0,54.7209102152747,0.0196726221291343,0.0196726221291343,0.0196726221291343,0.0109274670854921
9.37577209119586,0,-0.0166622088619275,0,9.37577209119586,-0.0166622088619275,-0.0166622088619275,-0.0166622088619275,0.0509886552324907
8.22166390729103,0,0.0200227074138689,0,8.22166390729103,0.0200227074138689,0.0200227074138689,0.0200227074138689,0.0889316774406693
6.56936523894705,0,-0.0184803687031215,0,6.56936523894705,-0.0184803687031215,-0.0184803687031215,-0.0184803687031215,0.0397871786329299
7.36539602284415,0,-0.0247872150245361,0,7.36539602284415,-0.0247872150245361,-0.0247872150245361,-0.0247872150245361,0.114121672795408
9.34902839864339,0,-0.0319037471830898,0,9.34902839864339,-0.0319037471830898,-0.0319037471830898,-0.0319037471830898,0.0353702402159913
12.5616640281909,0,0.00441577973083164,0,12.5616640281909,0.00441577973083164,0.00441577973083164,0.00441577973083164,0.0138459086615911
10.5411867057519,0,-0.0885790708954701,0,10.5411867057519,-0.0885790708954701,-0.0885790708954701,-0.0885790708954701,0.0320565633703811
10.8363107906744,0,-0.028098390818107,0,10.8363107906744,-0.028098390818107,-0.028098390818107,-0.028098390818107,0.071926050301895
7.60971237336999,0,0.0425196941211018,0,7.60971237336999,0.0425196941211018,0.0425196941211018,0.0425196941211018,0.0675431227803087
5.93931454818625,0,-0.0606442522079505,0,5.93931454818625,-0.0606442522079505,-0.0606442522079505,-0.0606442522079505,0.0347252472962151
11.3171115233183,0,-0.0301299566297987,0,11.3171115233183,-0.0301299566297987,-0.0301299566297987,-0.0301299566297987,0.0549217163119364
12.491172371433,0,0.00616174807970621,0,12.491172371433,0.00616174807970621,0.00616174807970621,0.00616174807970621,0.0405245193389735
26.9159257982544,0,0.00103996356092225,0,26.9159257982544,0.00103996356092225,0.00103996356092225,0.00103996356092225,0.0289826613233299
23.3384346785706,0,0.0173424537425691,0,23.3384346785706,0.0173424537425691,0.0173424537425691,0.0173424537425691,0.0189266195413323
39.8146474017142,0,-0.0114906286129136,0,39.8146474017142,-0.0114906286129136,-0.0114906286129136,-0.0114906286129136,0.0491219546710594
16.8846431378076,0,0.0592246738975235,0,16.8846431378076,0.0592246738975235,0.0592246738975235,0.0592246738975235,0.0580511049145327
129.543664939788,0,0.187339131251037,0,129.543664939788,0.187339131251037,0.187339131251037,0.187339131251037,0.0392949098741799
7.87613657515693,0,0.0413542662923309,0,7.87613657515693,0.0413542662923309,0.0413542662923309,0.0413542662923309,0.0315625132232254
6.75451986071434,0,0.0140182295143905,0,6.75451986071434,0.0140182295143905,0.0140182295143905,0.0140182295143905,0.0568066082100863
14.6925462604222,0,-0.00458452472707301,0,14.6925462604222,-0.00458452472707301,-0.00458452472707301,-0.00458452472707301,0.0444254697733256
12.6985002447189,0,0.0156151615690587,0,12.6985002447189,0.0156151615690587,0.0156151615690587,0.0156151615690587,0.0344296478282526
14.3972634987083,0,-0.0237118006498921,0,14.3972634987083,-0.0237118006498921,-0.0237118006498921,-0.0237118006498921,0.0295064854269103
14.1514365378187,0,-0.0107350800784212,0,14.1514365378187,-0.0107350800784212,-0.0107350800784212,-0.0107350800784212,0.0554744268805768
27.9381463268887,0,-0.0196646199066465,0,27.9381463268887,-0.0196646199066465,-0.0196646199066465,-0.0196646199066465,0.0266030945529787
24.4728765020316,0,-0.0883766236254439,0,24.4728765020316,-0.0883766236254439,-0.0883766236254439,-0.0883766236254439,0.0473406670453721
13.4368696617468,0,0.0535402362440232,0,13.4368696617468,0.0535402362440232,0.0535402362440232,0.0535402362440232,0.0282079903838013
7.48402930279067,0,0.00968988201586394,0,7.48402930279067,0.00968988201586394,0.00968988201586394,0.00968988201586394,0.0686754083472401
25.9320346135502,0,-0.0232712391594247,0,25.9320346135502,-0.0232712391594247,-0.0232712391594247,-0.0232712391594247,0.0300519735078187
NA,NA,NA,NA,NA,NA,NA,NA,NA
12.0144898669671,0,-0.0304643580877798,0,12.0144898669671,-0.0304643580877798,-0.0304643580877798,-0.0304643580877798,0.0246585875375876
5.59197431763262,0,-0.0578220526680145,0,5.59197431763262,-0.0578220526680145,-0.0578220526680145,-0.0578220526680145,0.0290843221745671
7.10118523761685,0,-0.0285278978712163,0,7.10118523761685,-0.0285278978712163,-0.0285278978712163,-0.0285278978712163,0.0595492352872805
8.39406695268219,0,0.0167837864563465,0,8.39406695268219,0.0167837864563465,0.0167837864563465,0.0167837864563465,0.0322473662392579
6.68163411954067,0,0.0399525800720857,0,6.68163411954067,0.0399525800720857,0.0399525800720857,0.0399525800720857,0.0632642521725607
10.9419857642508,0,-0.0876235523401562,0,10.9419857642508,-0.0876235523401562,-0.0876235523401562,-0.0876235523401562,0.0336377588977628
9.567453602661,0,-0.0130573193727359,0,9.567453602661,-0.0130573193727359,-0.0130573193727359,-0.0130573193727359,0.0264340771076804
9.56764954052794,0,-0.00578932875863998,0,9.56764954052794,-0.00578932875863998,-0.00578932875863998,-0.00578932875863998,0.0288617279537588
9.58796747981615,0,0.00725905880614161,0,9.58796747981615,0.00725905880614161,0.00725905880614161,0.00725905880614161,0.0422687684348916
12.9045618909384,0,-0.020800428050844,0,12.9045618909384,-0.020800428050844,-0.020800428050844,-0.020800428050844,0.00918914559220215
9.03381024943225,0,-0.0258591277728825,0,9.03381024943225,-0.0258591277728825,-0.0258591277728825,-0.0258591277728825,0.0210013285642308
7.292171244769,0,0.0214216184583366,0,7.292171244769,0.0214216184583366,0.0214216184583366,0.0214216184583366,0.00787016036700002
10.6567948708008,0,0.0203455428827325,0,10.6567948708008,0.0203455428827325,0.0203455428827325,0.0203455428827325,0.0367174068081082
15.83958844307,0,0.0399832495665445,0,15.83958844307,0.0399832495665445,0.0399832495665445,0.0399832495665445,0.0130470310288665
17.7014293147066,0,0.0234372077444364,0,17.7014293147066,0.0234372077444364,0.0234372077444364,0.0234372077444364,0.0323786122878216
14.7585414478692,0,-0.0143222744287462,0,14.7585414478692,-0.0143222744287462,-0.0143222744287462,-0.0143222744287462,0.0637816832942033
8.7869971588466,0,0.0255650750927985,0,8.7869971588466,0.0255650750927985,0.0255650750927985,0.0255650750927985,0.0115189820321319
13.9836050997556,0,-0.0596374353307077,0,13.9836050997556,-0.0596374353307077,-0.0596374353307077,-0.0596374353307077,0.0260159424457815
11.3110693140974,0,0.00982781565554414,0,11.3110693140974,0.00982781565554414,0.00982781565554414,0.00982781565554414,0.0152975413868066
16.5519463473715,0,-0.0850116784148187,0,16.5519463473715,-0.0850116784148187,-0.0850116784148187,-0.0850116784148187,0.0449328569998866
12.3671082351961,0,0.0210231372322994,0,12.3671082351961,0.0210231372322994,0.0210231372322994,0.0210231372322994,0.0160828742749283
12.3654554745313,0,-0.0686880413546458,0,12.3654554745313,-0.0686880413546458,-0.0686880413546458,-0.0686880413546458,0.0513325050706189
19.2556223171704,0,0.0285945738844167,0,19.2556223171704,0.0285945738844167,0.0285945738844167,0.0285945738844167,0.0139726523520546
34.7312424253189,0,0.00360906084633839,0,34.7312424253189,0.00360906084633839,0.00360906084633839,0.00360906084633839,0.017575833019559
54.7209102152747,0,0.0196726221291343,0,54.7209102152747,0.0196726221291343,0.0196726221291343,0.0196726221291343,0.0109274670854921
9.37577209119586,0,-0.0166622088619275,0,9.37577209119586,-0.0166622088619275,-0.0166622088619275,-0.0166622088619275,0.0509886552324907
8.22166390729103,0,0.0200227074138689,0,8.22166390729103,0.0200227074138689,0.0200227074138689,0.0200227074138689,0.0889316774406693
6.56936523894705,0,-0.0184803687031215,0,6.56936523894705,-0.0184803687031215,-0.0184803687031215,-0.0184803687031215,0.0397871786329299
7.36539602284415,0,-0.0247872150245361,0,7.36539602284415,-0.0247872150245361,-0.0247872150245361,-0.0247872150245361,0.114121672795408
9.34902839864339,0,-0.0319037471830898,0,9.34902839864339,-0.0319037471830898,-0.0319037471830898,-0.0319037471830898,0.0353702402159913
12.5616640281909,0,0.00441577973083164,0,12.5616640281909,0.00441577973083164,0.00441577973083164,0.00441577973083164,0.0138459086615911
10.5411867057519,0,-0.0885790708954701,0,10.5411867057519,-0.0885790708954701,-0.0885790708954701,-0.0885790708954701,0.0320565633703811
10.8363107906744,0,-0.028098390818107,0,10.8363107906744,-0.028098390818107,-0.028098390818107,-0.028098390818107,0.071926050301895
7.60971237336999,0,0.0425196941211018,0,7.60971237336999,0.0425196941211018,0.0425196941211018,0.0425196941211018,0.0675431227803087
5.93931454818625,0,-0.0606442522079505,0,5.93931454818625,-0.0606442522079505,-0.0606442522079505,-0.0606442522079505,0.0347252472962151
11.3171115233183,0,-0.0301299566297987,0,11.3171115233183,-0.0301299566297987,-0.0301299566297987,-0.0301299566297987,0.0549217163119364
12.491172371433,0,0.00616174807970621,0,12.491172371433,0.00616174807970621,0.00616174807970621,0.00616174807970621,0.0405245193389735
26.9159257982544,0,0.00103996356092225,0,26.9159257982544,0.00103996356092225,0.00103996356092225,0.00103996356092225,0.0289826613233299
23.3384346785706,0,0.0173424537425691,0,23.3384346785706,0.0173424537425691,0.0173424537425691,0.0173424537425691,0.0189266195413323
39.8146474017142,0,-0.0114906286129136,0,39.8146474017142,-0.0114906286129136,-0.0114906286129136,-0.0114906286129136,0.0491219546710594
16.8846431378076,0,0.0592246738975235,0,16.8846431378076,0.0592246738975235,0.0592246738975235,0.0592246738975235,0.0580511049145327
129.543664939788,0,0.187339131251037,0,129.543664939788,0.187339131251037,0.187339131251037,0.187339131251037,0.0392949098741799
7.87613657515693,0,0.0413542662923309,0,7.87613657515693,0.0413542662923309,0.0413542662923309,0.0413542662923309,0.0315625132232254
6.75451986071434,0,0.0140182295143905,0,6.75451986071434,0.0140182295143905,0.0140182295143905,0.0140182295143905,0.0568066082100863
14.6925462604222,0,-0.00458452472707301,0,14.6925462604222,-0.00458452472707301,-0.00458452472707301,-0.00458452472707301,0.0444254697733256
12.6985002447189,0,0.0156151615690587,0,12.6985002447189,0.0156151615690587,0.0156151615690587,0.0156151615690587,0.0344296478282526
14.3972634987083,0,-0.0237118006498921,0,14.3972634987083,-0.0237118006498921,-0.0237118006498921,-0.0237118006498921,0.0295064854269103
14.1514365378187,0,-0.0107350800784212,0,14.1514365378187,-0.0107350800784212,-0.0107350800784212,-0.0107350800784212,0.0554744268805768
27.9381463268887,0,-0.0196646199066465,0,27.9381463268887,-0.0196646199066465,-0.0196646199066465,-0.0196646199066465,0.0266030945529787
24.4728765020316,0,-0.0883766236254439,0,24.4728765020316,-0.0883766236254439,-0.0883766236254439,-0.0883766236254439,0.0473406670453721
13.4368696617468,0,0.0535402362440232,0,13.4368696617468,0.0535402362440232,0.0535402362440232,0.0535402362440232,0.0282079903838013
7.48402930279067,0,0.00968988201586394,0,7.48402930279067,0.00968988201586394,0.00968988201586394,0.00968988201586394,0.0686754083472401
25.9320346135502,0,-0.0232712391594247,0,25.9320346135502,-0.0232712391594247,-0.0232712391594247,-0.0232712391594247,0.0300519735078187
NA,NA,NA,NA,NA,NA,NA,NA,NA
12.0144898669671,0,-0.0304643580877798,0,12.0144898669671,-0.0304643580877798,-0.0304643580877798,-0.0304643580877798,0.0246585875375876
5.59197431763262,0,-0.0578220526680145,0,5.59197431763262,-0.0578220526680145,-0.0578220526680145,-0.0578220526680145,0.0290843221745671
7.10118523761685,0,-0.0285278978712163,0,7.10118523761685,-0.0285278978712163,-0.0285278978712163,-0.0285278978712163,0.0595492352872805
8.39406695268219,0,0.0167837864563465,0,8.39406695268219,0.0167837864563465,0.0167837864563465,0.0167837864563465,0.0322473662392579
6.68163411954067,0,0.0399525800720857,0,6.68163411954067,0.0399525800720857,0.0399525800720857,0.0399525800720857,0.0632642521725607
10.9419857642508,0,-0.0876235523401562,0,10.9419857642508,-0.0876235523401562,-0.0876235523401562,-0.0876235523401562,0.0336377588977628
9.567453602661,0,-0.0130573193727359,0,9.567453602661,-0.0130573193727359,-0.0130573193727359,-0.0130573193727359,0.0264340771076804
9.56764954052794,0,-0.00578932875863998,0,9.56764954052794,-0.00578932875863998,-0.00578932875863998,-0.00578932875863998,0.0288617279537588
9.58796747981615,0,0.00725905880614161,0,9.58796747981615,0.00725905880614161,0.00725905880614161,0.00725905880614161,0.0422687684348916
12.9045618909384,0,-0.020800428050844,0,12.9045618909384,-0.020800428050844,-0.020800428050844,-0.020800428050844,0.00918914559220215
9.03381024943225,0,-0.0258591277728825,0,9.03381024943225,-0.0258591277728825,-0.0258591277728825,-0.0258591277728825,0.0210013285642308
7.292171244769,0,0.0214216184583366,0,7.292171244769,0.0214216184583366,0.0214216184583366,0.0214216184583366,0.00787016036700002
10.6567948708008,0,0.0203455428827325,0,10.6567948708008,0.0203455428827325,0.0203455428827325,0.0203455428827325,0.0367174068081082
15.83958844307,0,0.0399832495665445,0,15.83958844307,0.0399832495665445,0.0399832495665445,0.0399832495665445,0.0130470310288665
17.7014293147066,0,0.0234372077444364,0,17.7014293147066,0.0234372077444364,0.0234372077444364,0.0234372077444364,0.0323786122878216
14.7585414478692,0,-0.0143222744287462,0,14.7585414478692,-0.0143222744287462,-0.0143222744287462,-0.0143222744287462,0.0637816832942033
8.7869971588466,0,0.0255650750927985,0,8.7869971588466,0.0255650750927985,0.0255650750927985,0.0255650750927985,0.0115189820321319
13.9836050997556,0,-0.0596374353307077,0,13.9836050997556,-0.0596374353307077,-0.0596374353307077,-0.0596374353307077,0.0260159424457815
11.3110693140974,0,0.00982781565554414,0,11.3110693140974,0.00982781565554414,0.00982781565554414,0.00982781565554414,0.0152975413868066
16.5519463473715,0,-0.0850116784148187,0,16.5519463473715,-0.0850116784148187,-0.0850116784148187,-0.0850116784148187,0.0449328569998866
12.3671082351961,0,0.0210231372322994,0,12.3671082351961,0.0210231372322994,0.0210231372322994,0.0210231372322994,0.0160828742749283
12.3654554745313,0,-0.0686880413546458,0,12.3654554745313,-0.0686880413546458,-0.0686880413546458,-0.0686880413546458,0.0513325050706189
19.2556223171704,0,0.0285945738844167,0,19.2556223171704,0.0285945738844167,0.0285945738844167,0.0285945738844167,0.0139726523520546
34.7312424253189,0,0.00360906084633839,0,34.7312424253189,0.00360906084633839,0.00360906084633839,0.00360906084633839,0.017575833019559
54.7209102152747,0,0.0196726221291343,0,54.7209102152747,0.0196726221291343,0.0196726221291343,0.0196726221291343,0.0109274670854921
9.37577209119586,0,-0.0166622088619275,0,9.37577209119586,-0.0166622088619275,-0.0166622088619275,-0.0166622088619275,0.0509886552324907
8.22166390729103,0,0.0200227074138689,0,8.22166390729103,0.0200227074138689,0.0200227074138689,0.0200227074138689,0.0889316774406693
6.56936523894705,0,-0.0184803687031215,0,6.56936523894705,-0.0184803687031215,-0.0184803687031215,-0.0184803687031215,0.0397871786329299
7.36539602284415,0,-0.0247872150245361,0,7.36539602284415,-0.0247872150245361,-0.0247872150245361,-0.0247872150245361,0.114121672795408
9.34902839864339,0,-0.0319037471830898,0,9.34902839864339,-0.0319037471830898,-0.0319037471830898,-0.0319037471830898,0.0353702402159913
12.5616640281909,0,0.00441577973083164,0,12.5616640281909,0.00441577973083164,0.00441577973083164,0.00441577973083164,0.0138459086615911
10.5411867057519,0,-0.0885790708954701,0,10.5411867057519,-0.0885790708954701,-0.0885790708954701,-0.0885790708954701,0.0320565633703811
10.8363107906744,0,-0.028098390818107,0,10.8363107906744,-0.028098390818107,-0.028098390818107,-0.028098390818107,0.071926050301895
7.60971237336999,0,0.0425196941211018,0,7.60971237336999,0.0425196941211018,0.0425196941211018,0.0425196941211018,0.0675431227803087
5.93931454818625,0,-0.0606442522079505,0,5.93931454818625,-0.0606442522079505,-0.0606442522079505,-0.0606442522079505,0.0347252472962151
11.3171115233183,0,-0.0301299566297987,0,11.3171115233183,-0.0301299566297987,-0.0301299566297987,-0.0301299566297987,0.0549217163119364
12.491172371433,0,0.00616174807970621,0,12.491172371433,0.00616174807970621,0.00616174807970621,0.00616174807970621,0.0405245193389735
26.9159257982544,0,0.00103996356092225,0,26.9159257982544,0.00103996356092225,0.00103996356092225,0.00103996356092225,0.0289826613233299
23.3384346785706,0,0.0173424537425691,0,23.3384346785706,0.0173424537425691,0.0173424537425691,0.0173424537425691,0.0189266195413323
39.8146474017142,0,-0.0114906286129136,0,39.8146474017142,-0.0114906286129136,-0.0114906286129136,-0.0114906286129136,0.0491219546710594
16.8846431378076,0,0.0592246738975235,0,16.8846431378076,0.0592246738975235,0.0592246738975235,0.0592246738975235,0.0580511049145327
129.543664939788,0,0.187339131251037,0,129.543664939788,0.187339131251037,0.187339131251037,0.187339131251037,0.0392949098741799
7.87613657515693,0,0.0413542662923309,0,7.87613657515693,0.0413542662923309,0.0413542662923309,0.0413542662923309,0.0315625132232254
6.75451986071434,0,0.0140182295143905,0,6.75451986071434,0.0140182295143905,0.0140182295143905,0.0140182295143905,0.0568066082100863
14.6925462604222,0,-0.00458452472707301,0,14.6925462604222,-0.00458452472707301,-0.00458452472707301,-0.00458452472707301,0.0444254697733256
12.6985002447189,0,0.0156151615690587,0,12.6985002447189,0.0156151615690587,0.0156151615690587,0.0156151615690587,0.0344296478282526
14.3972634987083,0,-0.0237118006498921,0,14.3972634987083,-0.0237118006498921,-0.0237118006498921,-0.0237118006498921,0.0295064854269103
14.1514365378187,0,-0.0107350800784212,0,14.1514365378187,-0.0107350800784212,-0.0107350800784212,-0.0107350800784212,0.0554744268805768
27.9381463268887,0,-0.0196646199066465,0,27.9381463268887,-0.0196646199066465,-0.0196646199066465,-0.0196646199066465,0.0266030945529787
24.4728765020316,0,-0.0883766236254439,0,24.4728765020316,-0.0883766236254439,-0.0883766236254439,-0.0883766236254439,0.0473406670453721
13.4368696617468,0,0.0535402362440232,0,13.4368696617468,0.0535402362440232,0.0535402362440232,0.0535402362440232,0.0282079903838013
7.48402930279067,0,0.00968988201586394,0,7.48402930279067,0.00968988201586394,0.00968988201586394,0.00968988201586394,0.0686754083472401
25.9320346135502,0,-0.0232712391594247,0,25.9320346135502,-0.0232712391594247,-0.0232712391594247,-0.0232712391594247,0.0300519735078187
NA,NA,NA,NA,NA,NA,NA,NA,NA
12.0144898669671,0,-0.0304643580877798,0,12.0144898669671,-0.0304643580877798,-0.0304643580877798,-0.0304643580877798,0.0246585875375876
5.59197431763262,0,-0.0578220526680145,0,5.59197431763262,-0.0578220526680145,-0.0578220526680145,-0.0578220526680145,0.0290843221745671
7.10118523761685,0,-0.0285278978712163,0,7.10118523761685,-0.0285278978712163,-0.0285278978712163,-0.0285278978712163,0.0595492352872805
8.39406695268219,0,0.0167837864563465,0,8.39406695268219,0.0167837864563465,0.0167837864563465,0.0167837864563465,0.0322473662392579
6.68163411954067,0,0.0399525800720857,0,6.68163411954067,0.0399525800720857,0.0399525800720857,0.0399525800720857,0.0632642521725607
10.9419857642508,0,-0.0876235523401562,0,10.9419857642508,-0.0876235523401562,-0.0876235523401562,-0.0876235523401562,0.0336377588977628
9.567453602661,0,-0.0130573193727359,0,9.567453602661,-0.0130573193727359,-0.0130573193727359,-0.0130573193727359,0.0264340771076804
9.56764954052794,0,-0.00578932875863998,0,9.56764954052794,-0.00578932875863998,-0.00578932875863998,-0.00578932875863998,0.0288617279537588
9.58796747981615,0,0.00725905880614161,0,9.58796747981615,0.00725905880614161,0.00725905880614161,0.00725905880614161,0.0422687684348916
12.9045618909384,0,-0.020800428050844,0,12.9045618909384,-0.020800428050844,-0.020800428050844,-0.020800428050844,0.00918914559220215
9.03381024943225,0,-0.0258591277728825,0,9.03381024943225,-0.0258591277728825,-0.0258591277728825,-0.0258591277728825,0.0210013285642308
7.292171244769,0,0.0214216184583366,0,7.292171244769,0.0214216184583366,0.0214216184583366,0.0214216184583366,0.00787016036700002
10.6567948708008,0,0.0203455428827325,0,10.6567948708008,0.0203455428827325,0.0203455428827325,0.0203455428827325,0.0367174068081082
15.83958844307,0,0.0399832495665445,0,15.83958844307,0.0399832495665445,0.0399832495665445,0.0399832495665445,0.0130470310288665
17.7014293147066,0,0.0234372077444364,0,17.7014293147066,0.0234372077444364,0.0234372077444364,0.0234372077444364,0.0323786122878216
14.7585414478692,0,-0.0143222744287462,0,14.7585414478692,-0.0143222744287462,-0.0143222744287462,-0.0143222744287462,0.0637816832942033
8.7869971588466,0,0.0255650750927985,0,8.7869971588466,0.0255650750927985,0.0255650750927985,0.0255650750927985,0.0115189820321319
13.9836050997556,0,-0.0596374353307077,0,13.9836050997556,-0.0596374353307077,-0.0596374353307077,-0.0596374353307077,0.0260159424457815
11.3110693140974,0,0.00982781565554414,0,11.3110693140974,0.00982781565554414,0.00982781565554414,0.00982781565554414,0.0152975413868066
16.5519463473715,0,-0.0850116784148187,0,16.5519463473715,-0.0850116784148187,-0.0850116784148187,-0.0850116784148187,0.0449328569998866
12.3671082351961,0,0.0210231372322994,0,12.3671082351961,0.0210231372322994,0.0210231372322994,0.0210231372322994,0.0160828742749283
12.3654554745313,0,-0.0686880413546458,0,12.3654554745313,-0.0686880413546458,-0.0686880413546458,-0.0686880413546458,0.0513325050706189
19.2556223171704,0,0.0285945738844167,0,19.2556223171704,0.0285945738844167,0.0285945738844167,0.0285945738844167,0.0139726523520546
34.7312424253189,0,0.00360906084633839,0,34.7312424253189,0.00360906084633839,0.00360906084633839,0.00360906084633839,0.017575833019559
54.7209102152747,0,0.0196726221291343,0,54.7209102152747,0.0196726221291343,0.0196726221291343,0.0196726221291343,0.0109274670854921
9.37577209119586,0,-0.0166622088619275,0,9.37577209119586,-0.0166622088619275,-0.0166622088619275,-0.0166622088619275,0.0509886552324907
8.22166390729103,0,0.0200227074138689,0,8.22166390729103,0.0200227074138689,0.0200227074138689,0.0200227074138689,0.0889316774406693
6.56936523894705,0,-0.0184803687031215,0,6.56936523894705,-0.0184803687031215,-0.0184803687031215,-0.0184803687031215,0.0397871786329299
7.36539602284415,0,-0.0247872150245361,0,7.36539602284415,-0.0247872150245361,-0.0247872150245361,-0.0247872150245361,0.114121672795408
9.34902839864339,0,-0.0319037471830898,0,9.34902839864339,-0.0319037471830898,-0.0319037471830898,-0.0319037471830898,0.0353702402159913
12.5616640281909,0,0.00441577973083164,0,12.5616640281909,0.00441577973083164,0.00441577973083164,0.00441577973083164,0.0138459086615911
10.5411867057519,0,-0.0885790708954701,0,10.5411867057519,-0.0885790708954701,-0.0885790708954701,-0.0885790708954701,0.0320565633703811
10.8363107906744,0,-0.028098390818107,0,10.8363107906744,-0.028098390818107,-0.028098390818107,-0.028098390818107,0.071926050301895
7.60971237336999,0,0.0425196941211018,0,7.60971237336999,0.0425196941211018,0.0425196941211018,0.0425196941211018,0.0675431227803087
5.93931454818625,0,-0.0606442522079505,0,5.93931454818625,-0.0606442522079505,-0.0606442522079505,-0.0606442522079505,0.0347252472962151
11.3171115233183,0,-0.0301299566297987,0,11.3171115233183,-0.0301299566297987,-0.0301299566297987,-0.0301299566297987,0.0549217163119364
12.491172371433,0,0.00616174807970621,0,12.491172371433,0.00616174807970621,0.00616174807970621,0.00616174807970621,0.0405245193389735
26.9159257982544,0,0.00103996356092225,0,26.9159257982544,0.00103996356092225,0.00103996356092225,0.00103996356092225,0.0289826613233299
23.3384346785706,0,0.0173424537425691,0,23.3384346785706,0.0173424537425691,0.0173424537425691,0.0173424537425691,0.0189266195413323
39.8146474017142,0,-0.0114906286129136,0,39.8146474017142,-0.0114906286129136,-0.0114906286129136,-0.0114906286129136,0.0491219546710594
16.8846431378076,0,0.0592246738975235,0,16.8846431378076,0.0592246738975235,0.0592246738975235,0.0592246738975235,0.0580511049145327
129.543664939788,0,0.187339131251037,0,129.543664939788,0.187339131251037,0.187339131251037,0.187339131251037,0.0392949098741799
7.87613657515693,0,0.0413542662923309,0,7.87613657515693,0.0413542662923309,0.0413542662923309,0.0413542662923309,0.0315625132232254
6.75451986071434,0,0.0140182295143905,0,6.75451986071434,0.0140182295143905,0.0140182295143905,0.0140182295143905,0.0568066082100863
14.6925462604222,0,-0.00458452472707301,0,14.6925462604222,-0.00458452472707301,-0.00458452472707301,-0.00458452472707301,0.0444254697733256
12.6985002447189,0,0.0156151615690587,0,12.6985002447189,0.0156151615690587,0.0156151615690587,0.0156151615690587,0.0344296478282526
14.3972634987083,0,-0.0237118006498921,0,14.3972634987083,-0.0237118006498921,-0.0237118006498921,-0.0237118006498921,0.0295064854269103
14.1514365378187,0,-0.0107350800784212,0,14.1514365378187,-0.0107350800784212,-0.0107350800784212,-0.0107350800784212,0.0554744268805768
27.9381463268887,0,-0.0196646199066465,0,27.9381463268887,-0.0196646199066465,-0.0196646199066465,-0.0196646199066465,0.0266030945529787
24.4728765020316,0,-0.0883766236254439,0,24.4728765020316,-0.0883766236254439,-0.0883766236254439,-0.0883766236254439,0.0473406670453721
13.4368696617468,0,0.0535402362440232,0,13.4368696617468,0.0535402362440232,0.0535402362440232,0.0535402362440232,0.0282079903838013
7.48402930279067,0,0.00968988201586394,0,7.48402930279067,0.00968988201586394,0.00968988201586394,0.00968988201586394,0.0686754083472401
25.9320346135502,0,-0.0232712391594247,0,25.9320346135502,-0.0232712391594247,-0.0232712391594247,-0.0232712391594247,0.0300519735078187
NA,NA,NA,NA,NA,NA,NA,NA,NA
12.0144898669671,0,-0.0304643580877798,0,12.0144898669671,-0.0304643580877798,-0.0304643580877798,-0.0304643580877798,0.0246585875375876
5.59197431763262,0,-0.0578220526680145,0,5.59197431763262,-0.0578220526680145,-0.0578220526680145,-0.0578220526680145,0.0290843221745671
7.10118523761685,0,-0.0285278978712163,0,7.10118523761685,-0.0285278978712163,-0.0285278978712163,-0.0285278978712163,0.0595492352872805
8.39406695268219,0,0.0167837864563465,0,8.39406695268219,0.0167837864563465,0.0167837864563465,0.0167837864563465,0.0322473662392579
6.68163411954067,0,0.0399525800720857,0,6.68163411954067,0.0399525800720857,0.0399525800720857,0.0399525800720857,0.0632642521725607
10.9419857642508,0,-0.0876235523401562,0,10.9419857642508,-0.0876235523401562,-0.0876235523401562,-0.0876235523401562,0.0336377588977628
9.567453602661,0,-0.0130573193727359,0,9.567453602661,-0.0130573193727359,-0.0130573193727359,-0.0130573193727359,0.0264340771076804
9.56764954052794,0,-0.00578932875863998,0,9.56764954052794,-0.00578932875863998,-0.00578932875863998,-0.00578932875863998,0.0288617279537588
9.58796747981615,0,0.00725905880614161,0,9.58796747981615,0.00725905880614161,0.00725905880614161,0.00725905880614161,0.0422687684348916
12.9045618909384,0,-0.020800428050844,0,12.9045618909384,-0.020800428050844,-0.020800428050844,-0.020800428050844,0.00918914559220215
9.03381024943225,0,-0.0258591277728825,0,9.03381024943225,-0.0258591277728825,-0.0258591277728825,-0.0258591277728825,0.0210013285642308
7.292171244769,0,0.0214216184583366,0,7.292171244769,0.0214216184583366,0.0214216184583366,0.0214216184583366,0.00787016036700002
10.6567948708008,0,0.0203455428827325,0,10.6567948708008,0.0203455428827325,0.0203455428827325,0.0203455428827325,0.0367174068081082
15.83958844307,0,0.0399832495665445,0,15.83958844307,0.0399832495665445,0.0399832495665445,0.0399832495665445,0.0130470310288665
17.7014293147066,0,0.0234372077444364,0,17.7014293147066,0.0234372077444364,0.0234372077444364,0.0234372077444364,0.0323786122878216
14.7585414478692,0,-0.0143222744287462,0,14.7585414478692,-0.0143222744287462,-0.0143222744287462,-0.0143222744287462,0.0637816832942033
8.7869971588466,0,0.0255650750927985,0,8.7869971588466,0.0255650750927985,0.0255650750927985,0.0255650750927985,0.0115189820321319
13.9836050997556,0,-0.0596374353307077,0,13.9836050997556,-0.0596374353307077,-0.0596374353307077,-0.0596374353307077,0.0260159424457815
11.3110693140974,0,0.00982781565554414,0,11.3110693140974,0.00982781565554414,0.00982781565554414,0.00982781565554414,0.0152975413868066
16.5519463473715,0,-0.0850116784148187,0,16.5519463473715,-0.0850116784148187,-0.0850116784148187,-0.0850116784148187,0.0449328569998866
12.3671082351961,0,0.0210231372322994,0,12.3671082351961,0.0210231372322994,0.0210231372322994,0.0210231372322994,0.0160828742749283
12.3654554745313,0,-0.0686880413546458,0,12.3654554745313,-0.0686880413546458,-0.0686880413546458,-0.0686880413546458,0.0513325050706189
19.2556223171704,0,0.0285945738844167,0,19.2556223171704,0.0285945738844167,0.0285945738844167,0.0285945738844167,0.0139726523520546
34.7312424253189,0,0.00360906084633839,0,34.7312424253189,0.00360906084633839,0.00360906084633839,0.00360906084633839,0.017575833019559
54.7209102152747,0,0.0196726221291343,0,54.7209102152747,0.0196726221291343,0.0196726221291343,0.0196726221291343,0.0109274670854921
9.37577209119586,0,-0.0166622088619275,0,9.37577209119586,-0.0166622088619275,-0.0166622088619275,-0.0166622088619275,0.0509886552324907
8.22166390729103,0,0.0200227074138689,0,8.22166390729103,0.0200227074138689,0.0200227074138689,0.0200227074138689,0.0889316774406693
6.56936523894705,0,-0.0184803687031215,0,6.56936523894705,-0.0184803687031215,-0.0184803687031215,-0.0184803687031215,0.0397871786329299
7.36539602284415,0,-0.0247872150245361,0,7.36539602284415,-0.0247872150245361,-0.0247872150245361,-0.0247872150245361,0.114121672795408
9.34902839864339,0,-0.0319037471830898,0,9.34902839864339,-0.0319037471830898,-0.0319037471830898,-0.0319037471830898,0.0353702402159913
12.5616640281909,0,0.00441577973083164,0,12.5616640281909,0.00441577973083164,0.00441577973083164,0.00441577973083164,0.0138459086615911
10.5411867057519,0,-0.0885790708954701,0,10.5411867057519,-0.0885790708954701,-0.0885790708954701,-0.0885790708954701,0.0320565633703811
10.8363107906744,0,-0.028098390818107,0,10.8363107906744,-0.028098390818107,-0.028098390818107,-0.028098390818107,0.071926050301895
7.60971237336999,0,0.0425196941211018,0,7.60971237336999,0.0425196941211018,0.0425196941211018,0.0425196941211018,0.0675431227803087
5.93931454818625,0,-0.0606442522079505,0,5.93931454818625,-0.0606442522079505,-0.0606442522079505,-0.0606442522079505,0.0347252472962151
11.3171115233183,0,-0.0301299566297987,0,11.3171115233183,-0.0301299566297987,-0.0301299566297987,-0.0301299566297987,0.0549217163119364
12.491172371433,0,0.00616174807970621,0,12.491172371433,0.00616174807970621,0.00616174807970621,0.00616174807970621,0.0405245193389735
26.9159257982544,0,0.00103996356092225,0,26.9159257982544,0.00103996356092225,0.00103996356092225,0.00103996356092225,0.0289826613233299
23.3384346785706,0,0.0173424537425691,0,23.3384346785706,0.0173424537425691,0.0173424537425691,0.0173424537425691,0.0189266195413323
39.8146474017142,0,-0.0114906286129136,0,39.8146474017142,-0.0114906286129136,-0.0114906286129136,-0.0114906286129136,0.0491219546710594
16.8846431378076,0,0.0592246738975235,0,16.8846431378076,0.0592246738975235,0.0592246738975235,0.0592246738975235,0.0580511049145327
129.543664939788,0,0.187339131251037,0,129.543664939788,0.187339131251037,0.187339131251037,0.187339131251037,0.0392949098741799
7.87613657515693,0,0.0413542662923309,0,7.87613657515693,0.0413542662923309,0.0413542662923309,0.0413542662923309,0.0315625132232254
6.75451986071434,0,0.0140182295143905,0,6.75451986071434,0.0140182295143905,0.0140182295143905,0.0140182295143905,0.0568066082100863
14.6925462604222,0,-0.00458452472707301,0,14.6925462604222,-0.00458452472707301,-0.00458452472707301,-0.00458452472707301,0.0444254697733256
12.6985002447189,0,0.0156151615690587,0,12.6985002447189,0.0156151615690587,0.0156151615690587,0.0156151615690587,0.0344296478282526
14.3972634987083,0,-0.0237118006498921,0,14.3972634987083,-0.0237118006498921,-0.0237118006498921,-0.0237118006498921,0.0295064854269103
14.1514365378187,0,-0.0107350800784212,0,14.1514365378187,-0.0107350800784212,-0.0107350800784212,-0.0107350800784212,0.0554744268805768
27.9381463268887,0,-0.0196646199066465,0,27.9381463268887,-0.0196646199066465,-0.0196646199066465,-0.0196646199066465,0.0266030945529787
24.4728765020316,0,-0.0883766236254439,0,24.4728765020316,-0.0883766236254439,-0.0883766236254439,-0.0883766236254439,0.0473406670453721
13.4368696617468,0,0.0535402362440232,0,13.4368696617468,0.0535402362440232,0.0535402362440232,0.0535402362440232,0.0282079903838013
7.48402930279067,0,0.00968988201586394,0,7.48402930279067,0.00968988201586394,0.00968988201586394,0.00968988201586394,0.0686754083472401
25.9320346135502,0,-0.0232712391594247,0,25.9320346135502,-0.0232712391594247,-0.0232712391594247,-0.0232712391594247,0.0300519735078187
NA,NA,NA,NA,NA,NA,NA,NA,NA
12.0144898669671,0,-0.0304643580877798,0,12.0144898669671,-0.0304643580877798,-0.0304643580877798,-0.0304643580877798,0.0246585875375876
5.59197431763262,0,-0.0578220526680145,0,5.59197431763262,-0.0578220526680145,-0.0578220526680145,-0.0578220526680145,0.0290843221745671
7.10118523761685,0,-0.0285278978712163,0,7.10118523761685,-0.0285278978712163,-0.0285278978712163,-0.0285278978712163,0.0595492352872805
8.39406695268219,0,0.0167837864563465,0,8.39406695268219,0.0167837864563465,0.0167837864563465,0.0167837864563465,0.0322473662392579
6.68163411954067,0,0.0399525800720857,0,6.68163411954067,0.0399525800720857,0.0399525800720857,0.0399525800720857,0.0632642521725607
10.9419857642508,0,-0.0876235523401562,0,10.9419857642508,-0.0876235523401562,-0.0876235523401562,-0.0876235523401562,0.0336377588977628
9.567453602661,0,-0.0130573193727359,0,9.567453602661,-0.0130573193727359,-0.0130573193727359,-0.0130573193727359,0.0264340771076804
9.56764954052794,0,-0.00578932875863998,0,9.56764954052794,-0.00578932875863998,-0.00578932875863998,-0.00578932875863998,0.0288617279537588
9.58796747981615,0,0.00725905880614161,0,9.58796747981615,0.00725905880614161,0.00725905880614161,0.00725905880614161,0.0422687684348916
12.9045618909384,0,-0.020800428050844,0,12.9045618909384,-0.020800428050844,-0.020800428050844,-0.020800428050844,0.00918914559220215
9.03381024943225,0,-0.0258591277728825,0,9.03381024943225,-0.0258591277728825,-0.0258591277728825,-0.0258591277728825,0.0210013285642308
7.292171244769,0,0.0214216184583366,0,7.292171244769,0.0214216184583366,0.0214216184583366,0.0214216184583366,0.00787016036700002
10.6567948708008,0,0.0203455428827325,0,10.6567948708008,0.0203455428827325,0.0203455428827325,0.0203455428827325,0.0367174068081082
15.83958844307,0,0.0399832495665445,0,15.83958844307,0.0399832495665445,0.0399832495665445,0.0399832495665445,0.0130470310288665
17.7014293147066,0,0.0234372077444364,0,17.7014293147066,0.0234372077444364,0.0234372077444364,0.0234372077444364,0.0323786122878216
14.7585414478692,0,-0.0143222744287462,0,14.7585414478692,-0.0143222744287462,-0.0143222744287462,-0.0143222744287462,0.0637816832942033
8.7869971588466,0,0.0255650750927985,0,8.7869971588466,0.0255650750927985,0.0255650750927985,0.0255650750927985,0.0115189820321319
13.9836050997556,0,-0.0596374353307077,0,13.9836050997556,-0.0596374353307077,-0.0596374353307077,-0.0596374353307077,0.0260159424457815
11.3110693140974,0,0.00982781565554414,0,11.3110693140974,0.00982781565554414,0.00982781565554414,0.00982781565554414,0.0152975413868066
16.5519463473715,0,-0.0850116784148187,0,16.5519463473715,-0.0850116784148187,-0.0850116784148187,-0.0850116784148187,0.0449328569998866
12.3671082351961,0,0.0210231372322994,0,12.3671082351961,0.0210231372322994,0.0210231372322994,0.0210231372322994,0.0160828742749283
12.3654554745313,0,-0.0686880413546458,0,12.3654554745313,-0.0686880413546458,-0.0686880413546458,-0.0686880413546458,0.0513325050706189
19.2556223171704,0,0.0285945738844167,0,19.2556223171704,0.0285945738844167,0.0285945738844167,0.0285945738844167,0.0139726523520546
34.7312424253189,0,0.00360906084633839,0,34.7312424253189,0.00360906084633839,0.00360906084633839,0.00360906084633839,0.017575833019559
54.7209102152747,0,0.0196726221291343,0,54.7209102152747,0.0196726221291343,0.0196726221291343,0.0196726221291343,0.0109274670854921
9.37577209119586,0,-0.0166622088619275,0,9.37577209119586,-0.0166622088619275,-0.0166622088619275,-0.0166622088619275,0.0509886552324907
8.22166390729103,0,0.0200227074138689,0,8.22166390729103,0.0200227074138689,0.0200227074138689,0.0200227074138689,0.0889316774406693
6.56936523894705,0,-0.0184803687031215,0,6.56936523894705,-0.0184803687031215,-0.0184803687031215,-0.0184803687031215,0.0397871786329299
7.36539602284415,0,-0.0247872150245361,0,7.36539602284415,-0.0247872150245361,-0.0247872150245361,-0.0247872150245361,0.114121672795408
9.34902839864339,0,-0.0319037471830898,0,9.34902839864339,-0.0319037471830898,-0.0319037471830898,-0.0319037471830898,0.0353702402159913
12.5616640281909,0,0.00441577973083164,0,12.5616640281909,0.00441577973083164,0.00441577973083164,0.00441577973083164,0.0138459086615911
10.5411867057519,0,-0.0885790708954701,0,10.5411867057519,-0.0885790708954701,-0.0885790708954701,-0.0885790708954701,0.0320565633703811
10.8363107906744,0,-0.028098390818107,0,10.8363107906744,-0.028098390818107,-0.028098390818107,-0.028098390818107,0.071926050301895
7.60971237336999,0,0.0425196941211018,0,7.60971237336999,0.0425196941211018,0.0425196941211018,0.0425196941211018,0.0675431227803087
5.93931454818625,0,-0.0606442522079505,0,5.93931454818625,-0.0606442522079505,-0.0606442522079505,-0.0606442522079505,0.0347252472962151
11.3171115233183,0,-0.0301299566297987,0,11.3171115233183,-0.0301299566297987,-0.0301299566297987,-0.0301299566297987,0.0549217163119364
12.491172371433,0,0.00616174807970621,0,12.491172371433,0.00616174807970621,0.00616174807970621,0.00616174807970621,0.0405245193389735
26.9159257982544,0,0.00103996356092225,0,26.9159257982544,0.00103996356092225,0.00103996356092225,0.00103996356092225,0.0289826613233299
23.3384346785706,0,0.0173424537425691,0,23.3384346785706,0.0173424537425691,0.0173424537425691,0.0173424537425691,0.0189266195413323
39.8146474017142,0,-0.0114906286129136,0,39.8146474017142,-0.0114906286129136,-0.0114906286129136,-0.0114906286129136,0.0491219546710594
16.8846431378076,0,0.0592246738975235,0,16.8846431378076,0.0592246738975235,0.0592246738975235,0.0592246738975235,0.0580511049145327
129.543664939788,0,0.187339131251037,0,129.543664939788,0.187339131251037,0.187339131251037,0.187339131251037,0.0392949098741799
7.87613657515693,0,0.0413542662923309,0,7.87613657515693,0.0413542662923309,0.0413542662923309,0.0413542662923309,0.0315625132232254
6.75451986071434,0,0.0140182295143905,0,6.75451986071434,0.0140182295143905,0.0140182295143905,0.0140182295143905,0.0568066082100863
14.6925462604222,0,-0.00458452472707301,0,14.6925462604222,-0.00458452472707301,-0.00458452472707301,-0.00458452472707301,0.0444254697733256
12.6985002447189,0,0.0156151615690587,0,12.6985002447189,0.0156151615690587,0.0156151615690587,0.0156151615690587,0.0344296478282526
14.3972634987083,0,-0.0237118006498921,0,14.3972634987083,-0.0237118006498921,-0.0237118006498921,-0.0237118006498921,0.0295064854269103
14.1514365378187,0,-0.0107350800784212,0,14.1514365378187,-0.0107350800784212,-0.0107350800784212,-0.0107350800784212,0.0554744268805768
27.9381463268887,0,-0.0196646199066465,0,27.9381463268887,-0.0196646199066465,-0.0196646199066465,-0.0196646199066465,0.0266030945529787
24.4728765020316,0,-0.0883766236254439,0,24.4728765020316,-0.0883766236254439,-0.0883766236254439,-0.0883766236254439,0.0473406670453721
13.4368696617468,0,0.0535402362440232,0,13.4368696617468,0.0535402362440232,0.0535402362440232,0.0535402362440232,0.0282079903838013
7.48402930279067,0,0.00968988201586394,0,7.48402930279067,0.00968988201586394,0.00968988201586394,0.00968988201586394,0.0686754083472401
25.9320346135502,0,-0.0232712391594247,0,25.9320346135502,-0.0232712391594247,-0.0232712391594247,-0.0232712391594247,0.0300519735078187
NA,NA,NA,NA,NA,NA,NA,NA,NA
12.0144898669671,0,-0.0304643580877798,0,12.0144898669671,-0.0304643580877798,-0.0304643580877798,-0.0304643580877798,0.0246585875375876
5.59197431763262,0,-0.0578220526680145,0,5.59197431763262,-0.0578220526680145,-0.0578220526680145,-0.0578220526680145,0.0290843221745671
7.10118523761685,0,-0.0285278978712163,0,7.10118523761685,-0.0285278978712163,-0.0285278978712163,-0.0285278978712163,0.0595492352872805
8.39406695268219,0,0.0167837864563465,0,8.39406695268219,0.0167837864563465,0.0167837864563465,0.0167837864563465,0.0322473662392579
6.68163411954067,0,0.0399525800720857,0,6.68163411954067,0.0399525800720857,0.0399525800720857,0.0399525800720857,0.0632642521725607
10.9419857642508,0,-0.0876235523401562,0,10.9419857642508,-0.0876235523401562,-0.0876235523401562,-0.0876235523401562,0.0336377588977628
9.567453602661,0,-0.0130573193727359,0,9.567453602661,-0.0130573193727359,-0.0130573193727359,-0.0130573193727359,0.0264340771076804
9.56764954052794,0,-0.00578932875863998,0,9.56764954052794,-0.00578932875863998,-0.00578932875863998,-0.00578932875863998,0.0288617279537588
9.58796747981615,0,0.00725905880614161,0,9.58796747981615,0.00725905880614161,0.00725905880614161,0.00725905880614161,0.0422687684348916
12.9045618909384,0,-0.020800428050844,0,12.9045618909384,-0.020800428050844,-0.020800428050844,-0.020800428050844,0.00918914559220215
9.03381024943225,0,-0.0258591277728825,0,9.03381024943225,-0.0258591277728825,-0.0258591277728825,-0.0258591277728825,0.0210013285642308
7.292171244769,0,0.0214216184583366,0,7.292171244769,0.0214216184583366,0.0214216184583366,0.0214216184583366,0.00787016036700002
10.6567948708008,0,0.0203455428827325,0,10.6567948708008,0.0203455428827325,0.0203455428827325,0.0203455428827325,0.0367174068081082
15.83958844307,0,0.0399832495665445,0,15.83958844307,0.0399832495665445,0.0399832495665445,0.0399832495665445,0.0130470310288665
17.7014293147066,0,0.0234372077444364,0,17.7014293147066,0.0234372077444364,0.0234372077444364,0.0234372077444364,0.0323786122878216
14.7585414478692,0,-0.0143222744287462,0,14.7585414478692,-0.0143222744287462,-0.0143222744287462,-0.0143222744287462,0.0637816832942033
8.7869971588466,0,0.0255650750927985,0,8.7869971588466,0.0255650750927985,0.0255650750927985,0.0255650750927985,0.0115189820321319
13.9836050997556,0,-0.0596374353307077,0,13.9836050997556,-0.0596374353307077,-0.0596374353307077,-0.0596374353307077,0.0260159424457815
11.3110693140974,0,0.00982781565554414,0,11.3110693140974,0.00982781565554414,0.00982781565554414,0.00982781565554414,0.0152975413868066
16.5519463473715,0,-0.0850116784148187,0,16.5519463473715,-0.0850116784148187,-0.0850116784148187,-0.0850116784148187,0.0449328569998866
12.3671082351961,0,0.0210231372322994,0,12.3671082351961,0.0210231372322994,0.0210231372322994,0.0210231372322994,0.0160828742749283
12.3654554745313,0,-0.0686880413546458,0,12.3654554745313,-0.0686880413546458,-0.0686880413546458,-0.0686880413546458,0.0513325050706189
19.2556223171704,0,0.0285945738844167,0,19.2556223171704,0.0285945738844167,0.0285945738844167,0.0285945738844167,0.0139726523520546
34.7312424253189,0,0.00360906084633839,0,34.7312424253189,0.00360906084633839,0.00360906084633839,0.00360906084633839,0.017575833019559
54.7209102152747,0,0.0196726221291343,0,54.7209102152747,0.0196726221291343,0.0196726221291343,0.0196726221291343,0.0109274670854921
9.37577209119586,0,-0.0166622088619275,0,9.37577209119586,-0.0166622088619275,-0.0166622088619275,-0.0166622088619275,0.0509886552324907
8.22166390729103,0,0.0200227074138689,0,8.22166390729103,0.0200227074138689,0.0200227074138689,0.0200227074138689,0.0889316774406693
6.56936523894705,0,-0.0184803687031215,0,6.56936523894705,-0.0184803687031215,-0.0184803687031215,-0.0184803687031215,0.0397871786329299
7.36539602284415,0,-0.0247872150245361,0,7.36539602284415,-0.0247872150245361,-0.0247872150245361,-0.0247872150245361,0.114121672795408
9.34902839864339,0,-0.0319037471830898,0,9.34902839864339,-0.0319037471830898,-0.0319037471830898,-0.0319037471830898,0.0353702402159913
12.5616640281909,0,0.00441577973083164,0,12.5616640281909,0.00441577973083164,0.00441577973083164,0.00441577973083164,0.0138459086615911
10.5411867057519,0,-0.0885790708954701,0,10.5411867057519,-0.0885790708954701,-0.0885790708954701,-0.0885790708954701,0.0320565633703811
10.8363107906744,0,-0.028098390818107,0,10.8363107906744,-0.028098390818107,-0.028098390818107,-0.028098390818107,0.071926050301895
7.60971237336999,0,0.0425196941211018,0,7.60971237336999,0.0425196941211018,0.0425196941211018,0.0425196941211018,0.0675431227803087
5.93931454818625,0,-0.0606442522079505,0,5.93931454818625,-0.0606442522079505,-0.0606442522079505,-0.0606442522079505,0.0347252472962151
11.3171115233183,0,-0.0301299566297987,0,11.3171115233183,-0.0301299566297987,-0.0301299566297987,-0.0301299566297987,0.0549217163119364
12.491172371433,0,0.00616174807970621,0,12.491172371433,0.00616174807970621,0.00616174807970621,0.00616174807970621,0.0405245193389735
26.9159257982544,0,0.00103996356092225,0,26.9159257982544,0.00103996356092225,0.00103996356092225,0.00103996356092225,0.0289826613233299
23.3384346785706,0,0.0173424537425691,0,23.3384346785706,0.0173424537425691,0.0173424537425691,0.0173424537425691,0.0189266195413323
39.8146474017142,0,-0.0114906286129136,0,39.8146474017142,-0.0114906286129136,-0.0114906286129136,-0.0114906286129136,0.0491219546710594
16.8846431378076,0,0.0592246738975235,0,16.8846431378076,0.0592246738975235,0.0592246738975235,0.0592246738975235,0.0580511049145327
129.543664939788,0,0.187339131251037,0,129.543664939788,0.187339131251037,0.187339131251037,0.187339131251037,0.0392949098741799
7.87613657515693,0,0.0413542662923309,0,7.87613657515693,0.0413542662923309,0.0413542662923309,0.0413542662923309,0.0315625132232254
6.75451986071434,0,0.0140182295143905,0,6.75451986071434,0.0140182295143905,0.0140182295143905,0.0140182295143905,0.0568066082100863
14.6925462604222,0,-0.00458452472707301,0,14.6925462604222,-0.00458452472707301,-0.00458452472707301,-0.00458452472707301,0.0444254697733256
12.6985002447189,0,0.0156151615690587,0,12.6985002447189,0.0156151615690587,0.0156151615690587,0.0156151615690587,0.0344296478282526
14.3972634987083,0,-0.0237118006498921,0,14.3972634987083,-0.0237118006498921,-0.0237118006498921,-0.0237118006498921,0.0295064854269103
14.1514365378187,0,-0.0107350800784212,0,14.1514365378187,-0.0107350800784212,-0.0107350800784212,-0.0107350800784212,0.0554744268805768
27.9381463268887,0,-0.0196646199066465,0,27.9381463268887,-0.0196646199066465,-0.0196646199066465,-0.0196646199066465,0.0266030945529787
24.4728765020316,0,-0.0883766236254439,0,24.4728765020316,-0.0883766236254439,-0.0883766236254439,-0.0883766236254439,0.0473406670453721
13.4368696617468,0,0.0535402362440232,0,13.4368696617468,0.0535402362440232,0.0535402362440232,0.0535402362440232,0.0282079903838013
7.48402930279067,0,0.00968988201586394,0,7.48402930279067,0.00968988201586394,0.00968988201586394,0.00968988201586394,0.0686754083472401
25.9320346135502,0,-0.0232712391594247,0,25.9320346135502,-0.0232712391594247,-0.0232712391594247,-0.0232712391594247,0.0300519735078187
NA,NA,NA,NA,NA,NA,NA,NA,NA
12.0144898669671,0,-0.0304643580877798,0,12.0144898669671,-0.0304643580877798,-0.0304643580877798,-0.0304643580877798,0.0246585875375876
5.59197431763262,0,-0.0578220526680145,0,5.59197431763262,-0.0578220526680145,-0.0578220526680145,-0.0578220526680145,0.0290843221745671
7.10118523761685,0,-0.0285278978712163,0,7.10118523761685,-0.0285278978712163,-0.0285278978712163,-0.0285278978712163,0.0595492352872805
8.39406695268219,0,0.0167837864563465,0,8.39406695268219,0.0167837864563465,0.0167837864563465,0.0167837864563465,0.0322473662392579
6.68163411954067,0,0.0399525800720857,0,6.68163411954067,0.0399525800720857,0.0399525800720857,0.0399525800720857,0.0632642521725607
10.9419857642508,0,-0.0876235523401562,0,10.9419857642508,-0.0876235523401562,-0.0876235523401562,-0.0876235523401562,0.0336377588977628
9.567453602661,0,-0.0130573193727359,0,9.567453602661,-0.0130573193727359,-0.0130573193727359,-0.0130573193727359,0.0264340771076804
9.56764954052794,0,-0.00578932875863998,0,9.56764954052794,-0.00578932875863998,-0.00578932875863998,-0.00578932875863998,0.0288617279537588
9.58796747981615,0,0.00725905880614161,0,9.58796747981615,0.00725905880614161,0.00725905880614161,0.00725905880614161,0.0422687684348916
12.9045618909384,0,-0.020800428050844,0,12.9045618909384,-0.020800428050844,-0.020800428050844,-0.020800428050844,0.00918914559220215
9.03381024943225,0,-0.0258591277728825,0,9.03381024943225,-0.0258591277728825,-0.0258591277728825,-0.0258591277728825,0.0210013285642308
7.292171244769,0,0.0214216184583366,0,7.292171244769,0.0214216184583366,0.0214216184583366,0.0214216184583366,0.00787016036700002
10.6567948708008,0,0.0203455428827325,0,10.6567948708008,0.0203455428827325,0.0203455428827325,0.0203455428827325,0.0367174068081082
15.83958844307,0,0.0399832495665445,0,15.83958844307,0.0399832495665445,0.0399832495665445,0.0399832495665445,0.0130470310288665
17.7014293147066,0,0.0234372077444364,0,17.7014293147066,0.0234372077444364,0.0234372077444364,0.0234372077444364,0.0323786122878216
14.7585414478692,0,-0.0143222744287462,0,14.7585414478692,-0.0143222744287462,-0.0143222744287462,-0.0143222744287462,0.0637816832942033
8.7869971588466,0,0.0255650750927985,0,8.7869971588466,0.0255650750927985,0.0255650750927985,0.0255650750927985,0.0115189820321319
13.9836050997556,0,-0.0596374353307077,0,13.9836050997556,-0.0596374353307077,-0.0596374353307077,-0.0596374353307077,0.0260159424457815
11.3110693140974,0,0.00982781565554414,0,11.3110693140974,0.00982781565554414,0.00982781565554414,0.00982781565554414,0.0152975413868066
16.5519463473715,0,-0.0850116784148187,0,16.5519463473715,-0.0850116784148187,-0.0850116784148187,-0.0850116784148187,0.0449328569998866
12.3671082351961,0,0.0210231372322994,0,12.3671082351961,0.0210231372322994,0.0210231372322994,0.0210231372322994,0.0160828742749283
12.3654554745313,0,-0.0686880413546458,0,12.3654554745313,-0.0686880413546458,-0.0686880413546458,-0.0686880413546458,0.0513325050706189
19.2556223171704,0,0.0285945738844167,0,19.2556223171704,0.0285945738844167,0.0285945738844167,0.0285945738844167,0.0139726523520546
34.7312424253189,0,0.00360906084633839,0,34.7312424253189,0.00360906084633839,0.00360906084633839,0.00360906084633839,0.017575833019559
54.7209102152747,0,0.0196726221291343,0,54.7209102152747,0.0196726221291343,0.0196726221291343,0.0196726221291343,0.0109274670854921
9.37577209119586,0,-0.0166622088619275,0,9.37577209119586,-0.0166622088619275,-0.0166622088619275,-0.0166622088619275,0.0509886552324907
8.22166390729103,0,0.0200227074138689,0,8.22166390729103,0.0200227074138689,0.0200227074138689,0.0200227074138689,0.0889316774406693
6.56936523894705,0,-0.0184803687031215,0,6.56936523894705,-0.0184803687031215,-0.0184803687031215,-0.0184803687031215,0.0397871786329299
7.36539602284415,0,-0.0247872150245361,0,7.36539602284415,-0.0247872150245361,-0.0247872150245361,-0.0247872150245361,0.114121672795408
9.34902839864339,0,-0.0319037471830898,0,9.34902839864339,-0.0319037471830898,-0.0319037471830898,-0.0319037471830898,0.0353702402159913
12.5616640281909,0,0.00441577973083164,0,12.5616640281909,0.00441577973083164,0.00441577973083164,0.00441577973083164,0.0138459086615911
10.5411867057519,0,-0.0885790708954701,0,10.5411867057519,-0.0885790708954701,-0.0885790708954701,-0.0885790708954701,0.0320565633703811
10.8363107906744,0,-0.028098390818107,0,10.8363107906744,-0.028098390818107,-0.028098390818107,-0.028098390818107,0.071926050301895
7.60971237336999,0,0.0425196941211018,0,7.60971237336999,0.0425196941211018,0.0425196941211018,0.0425196941211018,0.0675431227803087
5.93931454818625,0,-0.0606442522079505,0,5.93931454818625,-0.0606442522079505,-0.0606442522079505,-0.0606442522079505,0.0347252472962151
11.3171115233183,0,-0.0301299566297987,0,11.3171115233183,-0.0301299566297987,-0.0301299566297987,-0.0301299566297987,0.0549217163119364
12.491172371433,0,0.00616174807970621,0,12.491172371433,0.00616174807970621,0.00616174807970621,0.00616174807970621,0.0405245193389735
26.9159257982544,0,0.00103996356092225,0,26.9159257982544,0.00103996356092225,0.00103996356092225,0.00103996356092225,0.0289826613233299
23.3384346785706,0,0.0173424537425691,0,23.3384346785706,0.0173424537425691,0.0173424537425691,0.0173424537425691,0.0189266195413323
39.8146474017142,0,-0.0114906286129136,0,39.8146474017142,-0.0114906286129136,-0.0114906286129136,-0.0114906286129136,0.0491219546710594
16.8846431378076,0,0.0592246738975235,0,16.8846431378076,0.0592246738975235,0.0592246738975235,0.0592246738975235,0.0580511049145327
129.543664939788,0,0.187339131251037,0,129.543664939788,0.187339131251037,0.187339131251037,0.187339131251037,0.0392949098741799
7.87613657515693,0,0.0413542662923309,0,7.87613657515693,0.0413542662923309,0.0413542662923309,0.0413542662923309,0.0315625132232254
6.75451986071434,0,0.0140182295143905,0,6.75451986071434,0.0140182295143905,0.0140182295143905,0.0140182295143905,0.0568066082100863
14.6925462604222,0,-0.00458452472707301,0,14.6925462604222,-0.00458452472707301,-0.00458452472707301,-0.00458452472707301,0.0444254697733256
12.6985002447189,0,0.0156151615690587,0,12.6985002447189,0.0156151615690587,0.0156151615690587,0.0156151615690587,0.0344296478282526
14.3972634987083,0,-0.0237118006498921,0,14.3972634987083,-0.0237118006498921,-0.0237118006498921,-0.0237118006498921,0.0295064854269103
14.1514365378187,0,-0.0107350800784212,0,14.1514365378187,-0.0107350800784212,-0.0107350800784212,-0.0107350800784212,0.0554744268805768
27.9381463268887,0,-0.0196646199066465,0,27.9381463268887,-0.0196646199066465,-0.0196646199066465,-0.0196646199066465,0.0266030945529787
24.4728765020316,0,-0.0883766236254439,0,24.4728765020316,-0.0883766236254439,-0.0883766236254439,-0.0883766236254439,0.0473406670453721
13.4368696617468,0,0.0535402362440232,0,13.4368696617468,0.0535402362440232,0.0535402362440232,0.0535402362440232,0.0282079903838013
7.48402930279067,0,0.00968988201586394,0,7.48402930279067,0.00968988201586394,0.00968988201586394,0.00968988201586394,0.0686754083472401
25.9320346135502,0,-0.0232712391594247,0,25.9320346135502,-0.0232712391594247,-0.0232712391594247,-0.0232712391594247,0.0300519735078187
NA,NA,NA,NA,NA,NA,NA,NA,NA
12.0144898669671,0,-0.0304643580877798,0,12.0144898669671,-0.0304643580877798,-0.0304643580877798,-0.0304643580877798,0.0246585875375876
5.59197431763262,0,-0.0578220526680145,0,5.59197431763262,-0.0578220526680145,-0.0578220526680145,-0.0578220526680145,0.0290843221745671
7.10118523761685,0,-0.0285278978712163,0,7.10118523761685,-0.0285278978712163,-0.0285278978712163,-0.0285278978712163,0.0595492352872805
8.39406695268219,0,0.0167837864563465,0,8.39406695268219,0.0167837864563465,0.0167837864563465,0.0167837864563465,0.0322473662392579
6.68163411954067,0,0.0399525800720857,0,6.68163411954067,0.0399525800720857,0.0399525800720857,0.0399525800720857,0.0632642521725607
10.9419857642508,0,-0.0876235523401562,0,10.9419857642508,-0.0876235523401562,-0.0876235523401562,-0.0876235523401562,0.0336377588977628
9.567453602661,0,-0.0130573193727359,0,9.567453602661,-0.0130573193727359,-0.0130573193727359,-0.0130573193727359,0.0264340771076804
9.56764954052794,0,-0.00578932875863998,0,9.56764954052794,-0.00578932875863998,-0.00578932875863998,-0.00578932875863998,0.0288617279537588
9.58796747981615,0,0.00725905880614161,0,9.58796747981615,0.00725905880614161,0.00725905880614161,0.00725905880614161,0.0422687684348916
12.9045618909384,0,-0.020800428050844,0,12.9045618909384,-0.020800428050844,-0.020800428050844,-0.020800428050844,0.00918914559220215
9.03381024943225,0,-0.0258591277728825,0,9.03381024943225,-0.0258591277728825,-0.0258591277728825,-0.0258591277728825,0.0210013285642308
7.292171244769,0,0.0214216184583366,0,7.292171244769,0.0214216184583366,0.0214216184583366,0.0214216184583366,0.00787016036700002
10.6567948708008,0,0.0203455428827325,0,10.6567948708008,0.0203455428827325,0.0203455428827325,0.0203455428827325,0.0367174068081082
15.83958844307,0,0.0399832495665445,0,15.83958844307,0.0399832495665445,0.0399832495665445,0.0399832495665445,0.0130470310288665
17.7014293147066,0,0.0234372077444364,0,17.7014293147066,0.0234372077444364,0.0234372077444364,0.0234372077444364,0.0323786122878216
14.7585414478692,0,-0.0143222744287462,0,14.7585414478692,-0.0143222744287462,-0.0143222744287462,-0.0143222744287462,0.0637816832942033
8.7869971588466,0,0.0255650750927985,0,8.7869971588466,0.0255650750927985,0.0255650750927985,0.0255650750927985,0.0115189820321319
13.9836050997556,0,-0.0596374353307077,0,13.9836050997556,-0.0596374353307077,-0.0596374353307077,-0.0596374353307077,0.0260159424457815
11.3110693140974,0,0.00982781565554414,0,11.3110693140974,0.00982781565554414,0.00982781565554414,0.00982781565554414,0.0152975413868066
16.5519463473715,0,-0.0850116784148187,0,16.5519463473715,-0.0850116784148187,-0.0850116784148187,-0.0850116784148187,0.0449328569998866
12.3671082351961,0,0.0210231372322994,0,12.3671082351961,0.0210231372322994,0.0210231372322994,0.0210231372322994,0.0160828742749283
12.3654554745313,0,-0.0686880413546458,0,12.3654554745313,-0.0686880413546458,-0.0686880413546458,-0.0686880413546458,0.0513325050706189
19.2556223171704,0,0.0285945738844167,0,19.2556223171704,0.0285945738844167,0.0285945738844167,0.0285945738844167,0.0139726523520546
34.7312424253189,0,0.00360906084633839,0,34.7312424253189,0.00360906084633839,0.00360906084633839,0.00360906084633839,0.017575833019559
54.7209102152747,0,0.0196726221291343,0,54.7209102152747,0.0196726221291343,0.0196726221291343,0.0196726221291343,0.0109274670854921
9.37577209119586,0,-0.0166622088619275,0,9.37577209119586,-0.0166622088619275,-0.0166622088619275,-0.0166622088619275,0.0509886552324907
8.22166390729103,0,0.0200227074138689,0,8.22166390729103,0.0200227074138689,0.0200227074138689,0.0200227074138689,0.0889316774406693
6.56936523894705,0,-0.0184803687031215,0,6.56936523894705,-0.0184803687031215,-0.0184803687031215,-0.0184803687031215,0.0397871786329299
7.36539602284415,0,-0.0247872150245361,0,7.36539602284415,-0.0247872150245361,-0.0247872150245361,-0.0247872150245361,0.114121672795408
9.34902839864339,0,-0.0319037471830898,0,9.34902839864339,-0.0319037471830898,-0.0319037471830898,-0.0319037471830898,0.0353702402159913
12.5616640281909,0,0.00441577973083164,0,12.5616640281909,0.00441577973083164,0.00441577973083164,0.00441577973083164,0.0138459086615911
10.5411867057519,0,-0.0885790708954701,0,10.5411867057519,-0.0885790708954701,-0.0885790708954701,-0.0885790708954701,0.0320565633703811
10.8363107906744,0,-0.028098390818107,0,10.8363107906744,-0.028098390818107,-0.028098390818107,-0.028098390818107,0.071926050301895
7.60971237336999,0,0.0425196941211018,0,7.60971237336999,0.0425196941211018,0.0425196941211018,0.0425196941211018,0.0675431227803087
5.93931454818625,0,-0.0606442522079505,0,5.93931454818625,-0.0606442522079505,-0.0606442522079505,-0.0606442522079505,0.0347252472962151
11.3171115233183,0,-0.0301299566297987,0,11.3171115233183,-0.0301299566297987,-0.0301299566297987,-0.0301299566297987,0.0549217163119364
12.491172371433,0,0.00616174807970621,0,12.491172371433,0.00616174807970621,0.00616174807970621,0.00616174807970621,0.0405245193389735
26.9159257982544,0,0.00103996356092225,0,26.9159257982544,0.00103996356092225,0.00103996356092225,0.00103996356092225,0.0289826613233299
23.3384346785706,0,0.0173424537425691,0,23.3384346785706,0.0173424537425691,0.0173424537425691,0.0173424537425691,0.0189266195413323
39.8146474017142,0,-0.0114906286129136,0,39.8146474017142,-0.0114906286129136,-0.0114906286129136,-0.0114906286129136,0.0491219546710594
16.8846431378076,0,0.0592246738975235,0,16.8846431378076,0.0592246738975235,0.0592246738975235,0.0592246738975235,0.0580511049145327
129.543664939788,0,0.187339131251037,0,129.543664939788,0.187339131251037,0.187339131251037,0.187339131251037,0.0392949098741799
7.87613657515693,0,0.0413542662923309,0,7.87613657515693,0.0413542662923309,0.0413542662923309,0.0413542662923309,0.0315625132232254
6.75451986071434,0,0.0140182295143905,0,6.75451986071434,0.0140182295143905,0.0140182295143905,0.0140182295143905,0.0568066082100863
14.6925462604222,0,-0.00458452472707301,0,14.6925462604222,-0.00458452472707301,-0.00458452472707301,-0.00458452472707301,0.0444254697733256
12.6985002447189,0,0.0156151615690587,0,12.6985002447189,0.0156151615690587,0.0156151615690587,0.0156151615690587,0.0344296478282526
14.3972634987083,0,-0.0237118006498921,0,14.3972634987083,-0.0237118006498921,-0.0237118006498921,-0.0237118006498921,0.0295064854269103
14.1514365378187,0,-0.0107350800784212,0,14.1514365378187,-0.0107350800784212,-0.0107350800784212,-0.0107350800784212,0.0554744268805768
27.9381463268887,0,-0.0196646199066465,0,27.9381463268887,-0.0196646199066465,-0.0196646199066465,-0.0196646199066465,0.0266030945529787
24.4728765020316,0,-0.0883766236254439,0,24.4728765020316,-0.0883766236254439,-0.0883766236254439,-0.0883766236254439,0.0473406670453721
13.4368696617468,0,0.0535402362440232,0,13.4368696617468,0.0535402362440232,0.0535402362440232,0.0535402362440232,0.0282079903838013
7.48402930279067,0,0.00968988201586394,0,7.48402930279067,0.00968988201586394,0.00968988201586394,0.00968988201586394,0.0686754083472401
25.9320346135502,0,-0.0232712391594247,0,25.9320346135502,-0.0232712391594247,-0.0232712391594247,-0.0232712391594247,0.0300519735078187
NA,NA,NA,NA,NA,NA,NA,NA,NA
12.0144898669671,0,-0.0304643580877798,0,12.0144898669671,-0.0304643580877798,-0.0304643580877798,-0.0304643580877798,0.0246585875375876
5.59197431763262,0,-0.0578220526680145,0,5.59197431763262,-0.0578220526680145,-0.0578220526680145,-0.0578220526680145,0.0290843221745671
7.10118523761685,0,-0.0285278978712163,0,7.10118523761685,-0.0285278978712163,-0.0285278978712163,-0.0285278978712163,0.0595492352872805
8.39406695268219,0,0.0167837864563465,0,8.39406695268219,0.0167837864563465,0.0167837864563465,0.0167837864563465,0.0322473662392579
6.68163411954067,0,0.0399525800720857,0,6.68163411954067,0.0399525800720857,0.0399525800720857,0.0399525800720857,0.0632642521725607
10.9419857642508,0,-0.0876235523401562,0,10.9419857642508,-0.0876235523401562,-0.0876235523401562,-0.0876235523401562,0.0336377588977628
9.567453602661,0,-0.0130573193727359,0,9.567453602661,-0.0130573193727359,-0.0130573193727359,-0.0130573193727359,0.0264340771076804
9.56764954052794,0,-0.00578932875863998,0,9.56764954052794,-0.00578932875863998,-0.00578932875863998,-0.00578932875863998,0.0288617279537588
9.58796747981615,0,0.00725905880614161,0,9.58796747981615,0.00725905880614161,0.00725905880614161,0.00725905880614161,0.0422687684348916
12.9045618909384,0,-0.020800428050844,0,12.9045618909384,-0.020800428050844,-0.020800428050844,-0.020800428050844,0.00918914559220215
9.03381024943225,0,-0.0258591277728825,0,9.03381024943225,-0.0258591277728825,-0.0258591277728825,-0.0258591277728825,0.0210013285642308
7.292171244769,0,0.0214216184583366,0,7.292171244769,0.0214216184583366,0.0214216184583366,0.0214216184583366,0.00787016036700002
10.6567948708008,0,0.0203455428827325,0,10.6567948708008,0.0203455428827325,0.0203455428827325,0.0203455428827325,0.0367174068081082
15.83958844307,0,0.0399832495665445,0,15.83958844307,0.0399832495665445,0.0399832495665445,0.0399832495665445,0.0130470310288665
17.7014293147066,0,0.0234372077444364,0,17.7014293147066,0.0234372077444364,0.0234372077444364,0.0234372077444364,0.0323786122878216
14.7585414478692,0,-0.0143222744287462,0,14.7585414478692,-0.0143222744287462,-0.0143222744287462,-0.0143222744287462,0.0637816832942033
8.7869971588466,0,0.0255650750927985,0,8.7869971588466,0.0255650750927985,0.0255650750927985,0.0255650750927985,0.0115189820321319
13.9836050997556,0,-0.0596374353307077,0,13.9836050997556,-0.0596374353307077,-0.0596374353307077,-0.0596374353307077,0.0260159424457815
11.3110693140974,0,0.00982781565554414,0,11.3110693140974,0.00982781565554414,0.00982781565554414,0.00982781565554414,0.0152975413868066
16.5519463473715,0,-0.0850116784148187,0,16.5519463473715,-0.0850116784148187,-0.0850116784148187,-0.0850116784148187,0.0449328569998866
12.3671082351961,0,0.0210231372322994,0,12.3671082351961,0.0210231372322994,0.0210231372322994,0.0210231372322994,0.0160828742749283
12.3654554745313,0,-0.0686880413546458,0,12.3654554745313,-0.0686880413546458,-0.0686880413546458,-0.0686880413546458,0.0513325050706189
19.2556223171704,0,0.0285945738844167,0,19.2556223171704,0.0285945738844167,0.0285945738844167,0.0285945738844167,0.0139726523520546
34.7312424253189,0,0.00360906084633839,0,34.7312424253189,0.00360906084633839,0.00360906084633839,0.00360906084633839,0.017575833019559
54.7209102152747,0,0.0196726221291343,0,54.7209102152747,0.0196726221291343,0.0196726221291343,0.0196726221291343,0.0109274670854921
9.37577209119586,0,-0.0166622088619275,0,9.37577209119586,-0.0166622088619275,-0.0166622088619275,-0.0166622088619275,0.0509886552324907
8.22166390729103,0,0.0200227074138689,0,8.22166390729103,0.0200227074138689,0.0200227074138689,0.0200227074138689,0.0889316774406693
6.56936523894705,0,-0.0184803687031215,0,6.56936523894705,-0.0184803687031215,-0.0184803687031215,-0.0184803687031215,0.0397871786329299
7.36539602284415,0,-0.0247872150245361,0,7.36539602284415,-0.0247872150245361,-0.0247872150245361,-0.0247872150245361,0.114121672795408
9.34902839864339,0,-0.0319037471830898,0,9.34902839864339,-0.0319037471830898,-0.0319037471830898,-0.0319037471830898,0.0353702402159913
12.5616640281909,0,0.00441577973083164,0,12.5616640281909,0.00441577973083164,0.00441577973083164,0.00441577973083164,0.0138459086615911
10.5411867057519,0,-0.0885790708954701,0,10.5411867057519,-0.0885790708954701,-0.0885790708954701,-0.0885790708954701,0.0320565633703811
10.8363107906744,0,-0.028098390818107,0,10.8363107906744,-0.028098390818107,-0.028098390818107,-0.028098390818107,0.071926050301895
7.60971237336999,0,0.0425196941211018,0,7.60971237336999,0.0425196941211018,0.0425196941211018,0.0425196941211018,0.0675431227803087
5.93931454818625,0,-0.0606442522079505,0,5.93931454818625,-0.0606442522079505,-0.0606442522079505,-0.0606442522079505,0.0347252472962151
11.3171115233183,0,-0.0301299566297987,0,11.3171115233183,-0.0301299566297987,-0.0301299566297987,-0.0301299566297987,0.0549217163119364
12.491172371433,0,0.00616174807970621,0,12.491172371433,0.00616174807970621,0.00616174807970621,0.00616174807970621,0.0405245193389735
26.9159257982544,0,0.00103996356092225,0,26.9159257982544,0.00103996356092225,0.00103996356092225,0.00103996356092225,0.0289826613233299
23.3384346785706,0,0.0173424537425691,0,23.3384346785706,0.0173424537425691,0.0173424537425691,0.0173424537425691,0.0189266195413323
39.8146474017142,0,-0.0114906286129136,0,39.8146474017142,-0.0114906286129136,-0.0114906286129136,-0.0114906286129136,0.0491219546710594
16.8846431378076,0,0.0592246738975235,0,16.8846431378076,0.0592246738975235,0.0592246738975235,0.0592246738975235,0.0580511049145327
129.543664939788,0,0.187339131251037,0,129.543664939788,0.187339131251037,0.187339131251037,0.187339131251037,0.0392949098741799
7.87613657515693,0,0.0413542662923309,0,7.87613657515693,0.0413542662923309,0.0413542662923309,0.0413542662923309,0.0315625132232254
6.75451986071434,0,0.0140182295143905,0,6.75451986071434,0.0140182295143905,0.0140182295143905,0.0140182295143905,0.0568066082100863
14.6925462604222,0,-0.00458452472707301,0,14.6925462604222,-0.00458452472707301,-0.00458452472707301,-0.00458452472707301,0.0444254697733256
12.6985002447189,0,0.0156151615690587,0,12.6985002447189,0.0156151615690587,0.0156151615690587,0.0156151615690587,0.0344296478282526
14.3972634987083,0,-0.0237118006498921,0,14.3972634987083,-0.0237118006498921,-0.0237118006498921,-0.0237118006498921,0.0295064854269103
14.1514365378187,0,-0.0107350800784212,0,14.1514365378187,-0.0107350800784212,-0.0107350800784212,-0.0107350800784212,0.0554744268805768
27.9381463268887,0,-0.0196646199066465,0,27.9381463268887,-0.0196646199066465,-0.0196646199066465,-0.0196646199066465,0.0266030945529787
24.4728765020316,0,-0.0883766236254439,0,24.4728765020316,-0.0883766236254439,-0.0883766236254439,-0.0883766236254439,0.0473406670453721
13.4368696617468,0,0.0535402362440232,0,13.4368696617468,0.0535402362440232,0.0535402362440232,0.0535402362440232,0.0282079903838013
7.48402930279067,0,0.00968988201586394,0,7.48402930279067,0.00968988201586394,0.00968988201586394,0.00968988201586394,0.0686754083472401
25.9320346135502,0,-0.0232712391594247,0,25.9320346135502,-0.0232712391594247,-0.0232712391594247,-0.0232712391594247,0.0300519735078187
NA,NA,NA,NA,NA,NA,NA,NA,NA
12.0144898669671,0,-0.0304643580877798,0,12.0144898669671,-0.0304643580877798,-0.0304643580877798,-0.0304643580877798,0.0246585875375876
5.59197431763262,0,-0.0578220526680145,0,5.59197431763262,-0.0578220526680145,-0.0578220526680145,-0.0578220526680145,0.0290843221745671
7.10118523761685,0,-0.0285278978712163,0,7.10118523761685,-0.0285278978712163,-0.0285278978712163,-0.0285278978712163,0.0595492352872805
8.39406695268219,0,0.0167837864563465,0,8.39406695268219,0.0167837864563465,0.0167837864563465,0.0167837864563465,0.0322473662392579
6.68163411954067,0,0.0399525800720857,0,6.68163411954067,0.0399525800720857,0.0399525800720857,0.0399525800720857,0.0632642521725607
10.9419857642508,0,-0.0876235523401562,0,10.9419857642508,-0.0876235523401562,-0.0876235523401562,-0.0876235523401562,0.0336377588977628
9.567453602661,0,-0.0130573193727359,0,9.567453602661,-0.0130573193727359,-0.0130573193727359,-0.0130573193727359,0.0264340771076804
9.56764954052794,0,-0.00578932875863998,0,9.56764954052794,-0.00578932875863998,-0.00578932875863998,-0.00578932875863998,0.0288617279537588
9.58796747981615,0,0.00725905880614161,0,9.58796747981615,0.00725905880614161,0.00725905880614161,0.00725905880614161,0.0422687684348916
12.9045618909384,0,-0.020800428050844,0,12.9045618909384,-0.020800428050844,-0.020800428050844,-0.020800428050844,0.00918914559220215
9.03381024943225,0,-0.0258591277728825,0,9.03381024943225,-0.0258591277728825,-0.0258591277728825,-0.0258591277728825,0.0210013285642308
7.292171244769,0,0.0214216184583366,0,7.292171244769,0.0214216184583366,0.0214216184583366,0.0214216184583366,0.00787016036700002
10.6567948708008,0,0.0203455428827325,0,10.6567948708008,0.0203455428827325,0.0203455428827325,0.0203455428827325,0.0367174068081082
15.83958844307,0,0.0399832495665445,0,15.83958844307,0.0399832495665445,0.0399832495665445,0.0399832495665445,0.0130470310288665
17.7014293147066,0,0.0234372077444364,0,17.7014293147066,0.0234372077444364,0.0234372077444364,0.0234372077444364,0.0323786122878216
14.7585414478692,0,-0.0143222744287462,0,14.7585414478692,-0.0143222744287462,-0.0143222744287462,-0.0143222744287462,0.0637816832942033
8.7869971588466,0,0.0255650750927985,0,8.7869971588466,0.0255650750927985,0.0255650750927985,0.0255650750927985,0.0115189820321319
13.9836050997556,0,-0.0596374353307077,0,13.9836050997556,-0.0596374353307077,-0.0596374353307077,-0.0596374353307077,0.0260159424457815
11.3110693140974,0,0.00982781565554414,0,11.3110693140974,0.00982781565554414,0.00982781565554414,0.00982781565554414,0.0152975413868066
16.5519463473715,0,-0.0850116784148187,0,16.5519463473715,-0.0850116784148187,-0.0850116784148187,-0.0850116784148187,0.0449328569998866
12.3671082351961,0,0.0210231372322994,0,12.3671082351961,0.0210231372322994,0.0210231372322994,0.0210231372322994,0.0160828742749283
12.3654554745313,0,-0.0686880413546458,0,12.3654554745313,-0.0686880413546458,-0.0686880413546458,-0.0686880413546458,0.0513325050706189
19.2556223171704,0,0.0285945738844167,0,19.2556223171704,0.0285945738844167,0.0285945738844167,0.0285945738844167,0.0139726523520546
34.7312424253189,0,0.00360906084633839,0,34.7312424253189,0.00360906084633839,0.00360906084633839,0.00360906084633839,0.017575833019559
54.7209102152747,0,0.0196726221291343,0,54.7209102152747,0.0196726221291343,0.0196726221291343,0.0196726221291343,0.0109274670854921
9.37577209119586,0,-0.0166622088619275,0,9.37577209119586,-0.0166622088619275,-0.0166622088619275,-0.0166622088619275,0.0509886552324907
8.22166390729103,0,0.0200227074138689,0,8.22166390729103,0.0200227074138689,0.0200227074138689,0.0200227074138689,0.0889316774406693
6.56936523894705,0,-0.0184803687031215,0,6.56936523894705,-0.0184803687031215,-0.0184803687031215,-0.0184803687031215,0.0397871786329299
7.36539602284415,0,-0.0247872150245361,0,7.36539602284415,-0.0247872150245361,-0.0247872150245361,-0.0247872150245361,0.114121672795408
9.34902839864339,0,-0.0319037471830898,0,9.34902839864339,-0.0319037471830898,-0.0319037471830898,-0.0319037471830898,0.0353702402159913
12.5616640281909,0,0.00441577973083164,0,12.5616640281909,0.00441577973083164,0.00441577973083164,0.00441577973083164,0.0138459086615911
10.5411867057519,0,-0.0885790708954701,0,10.5411867057519,-0.0885790708954701,-0.0885790708954701,-0.0885790708954701,0.0320565633703811
10.8363107906744,0,-0.028098390818107,0,10.8363107906744,-0.028098390818107,-0.028098390818107,-0.028098390818107,0.071926050301895
7.60971237336999,0,0.0425196941211018,0,7.60971237336999,0.0425196941211018,0.0425196941211018,0.0425196941211018,0.0675431227803087
5.93931454818625,0,-0.0606442522079505,0,5.93931454818625,-0.0606442522079505,-0.0606442522079505,-0.0606442522079505,0.0347252472962151
11.3171115233183,0,-0.0301299566297987,0,11.3171115233183,-0.0301299566297987,-0.0301299566297987,-0.0301299566297987,0.0549217163119364
12.491172371433,0,0.00616174807970621,0,12.491172371433,0.00616174807970621,0.00616174807970621,0.00616174807970621,0.0405245193389735
26.9159257982544,0,0.00103996356092225,0,26.9159257982544,0.00103996356092225,0.00103996356092225,0.00103996356092225,0.0289826613233299
23.3384346785706,0,0.0173424537425691,0,23.3384346785706,0.0173424537425691,0.0173424537425691,0.0173424537425691,0.0189266195413323
39.8146474017142,0,-0.0114906286129136,0,39.8146474017142,-0.0114906286129136,-0.0114906286129136,-0.0114906286129136,0.0491219546710594
16.8846431378076,0,0.0592246738975235,0,16.8846431378076,0.0592246738975235,0.0592246738975235,0.0592246738975235,0.0580511049145327
129.543664939788,0,0.187339131251037,0,129.543664939788,0.187339131251037,0.187339131251037,0.187339131251037,0.0392949098741799
7.87613657515693,0,0.0413542662923309,0,7.87613657515693,0.0413542662923309,0.0413542662923309,0.0413542662923309,0.0315625132232254
6.75451986071434,0,0.0140182295143905,0,6.75451986071434,0.0140182295143905,0.0140182295143905,0.0140182295143905,0.0568066082100863
14.6925462604222,0,-0.00458452472707301,0,14.6925462604222,-0.00458452472707301,-0.00458452472707301,-0.00458452472707301,0.0444254697733256
12.6985002447189,0,0.0156151615690587,0,12.6985002447189,0.0156151615690587,0.0156151615690587,0.0156151615690587,0.0344296478282526
14.3972634987083,0,-0.0237118006498921,0,14.3972634987083,-0.0237118006498921,-0.0237118006498921,-0.0237118006498921,0.0295064854269103
14.1514365378187,0,-0.0107350800784212,0,14.1514365378187,-0.0107350800784212,-0.0107350800784212,-0.0107350800784212,0.0554744268805768
27.9381463268887,0,-0.0196646199066465,0,27.9381463268887,-0.0196646199066465,-0.0196646199066465,-0.0196646199066465,0.0266030945529787
24.4728765020316,0,-0.0883766236254439,0,24.4728765020316,-0.0883766236254439,-0.0883766236254439,-0.0883766236254439,0.0473406670453721
13.4368696617468,0,0.0535402362440232,0,13.4368696617468,0.0535402362440232,0.0535402362440232,0.0535402362440232,0.0282079903838013
7.48402930279067,0,0.00968988201586394,0,7.48402930279067,0.00968988201586394,0.00968988201586394,0.00968988201586394,0.0686754083472401
25.9320346135502,0,-0.0232712391594247,0,25.9320346135502,-0.0232712391594247,-0.0232712391594247,-0.0232712391594247,0.0300519735078187
NA,NA,NA,NA,NA,NA,NA,NA,NA
12.0144898669671,0,-0.0304643580877798,0,12.0144898669671,-0.0304643580877798,-0.0304643580877798,-0.0304643580877798,0.0246585875375876
5.59197431763262,0,-0.0578220526680145,0,5.59197431763262,-0.0578220526680145,-0.0578220526680145,-0.0578220526680145,0.0290843221745671
7.10118523761685,0,-0.0285278978712163,0,7.10118523761685,-0.0285278978712163,-0.0285278978712163,-0.0285278978712163,0.0595492352872805
8.39406695268219,0,0.0167837864563465,0,8.39406695268219,0.0167837864563465,0.0167837864563465,0.0167837864563465,0.0322473662392579
6.68163411954067,0,0.0399525800720857,0,6.68163411954067,0.0399525800720857,0.0399525800720857,0.0399525800720857,0.0632642521725607
10.9419857642508,0,-0.0876235523401562,0,10.9419857642508,-0.0876235523401562,-0.0876235523401562,-0.0876235523401562,0.0336377588977628
9.567453602661,0,-0.0130573193727359,0,9.567453602661,-0.0130573193727359,-0.0130573193727359,-0.0130573193727359,0.0264340771076804
9.56764954052794,0,-0.00578932875863998,0,9.56764954052794,-0.00578932875863998,-0.00578932875863998,-0.00578932875863998,0.0288617279537588
9.58796747981615,0,0.00725905880614161,0,9.58796747981615,0.00725905880614161,0.00725905880614161,0.00725905880614161,0.0422687684348916
12.9045618909384,0,-0.020800428050844,0,12.9045618909384,-0.020800428050844,-0.020800428050844,-0.020800428050844,0.00918914559220215
9.03381024943225,0,-0.0258591277728825,0,9.03381024943225,-0.0258591277728825,-0.0258591277728825,-0.0258591277728825,0.0210013285642308
7.292171244769,0,0.0214216184583366,0,7.292171244769,0.0214216184583366,0.0214216184583366,0.0214216184583366,0.00787016036700002
10.6567948708008,0,0.0203455428827325,0,10.6567948708008,0.0203455428827325,0.0203455428827325,0.0203455428827325,0.0367174068081082
15.83958844307,0,0.0399832495665445,0,15.83958844307,0.0399832495665445,0.0399832495665445,0.0399832495665445,0.0130470310288665
17.7014293147066,0,0.0234372077444364,0,17.7014293147066,0.0234372077444364,0.0234372077444364,0.0234372077444364,0.0323786122878216
14.7585414478692,0,-0.0143222744287462,0,14.7585414478692,-0.0143222744287462,-0.0143222744287462,-0.0143222744287462,0.0637816832942033
8.7869971588466,0,0.0255650750927985,0,8.7869971588466,0.0255650750927985,0.0255650750927985,0.0255650750927985,0.0115189820321319
13.9836050997556,0,-0.0596374353307077,0,13.9836050997556,-0.0596374353307077,-0.0596374353307077,-0.0596374353307077,0.0260159424457815
11.3110693140974,0,0.00982781565554414,0,11.3110693140974,0.00982781565554414,0.00982781565554414,0.00982781565554414,0.0152975413868066
16.5519463473715,0,-0.0850116784148187,0,16.5519463473715,-0.0850116784148187,-0.0850116784148187,-0.0850116784148187,0.0449328569998866
12.3671082351961,0,0.0210231372322994,0,12.3671082351961,0.0210231372322994,0.0210231372322994,0.0210231372322994,0.0160828742749283
12.3654554745313,0,-0.0686880413546458,0,12.3654554745313,-0.0686880413546458,-0.0686880413546458,-0.0686880413546458,0.0513325050706189
19.2556223171704,0,0.0285945738844167,0,19.2556223171704,0.0285945738844167,0.0285945738844167,0.0285945738844167,0.0139726523520546
34.7312424253189,0,0.00360906084633839,0,34.7312424253189,0.00360906084633839,0.00360906084633839,0.00360906084633839,0.017575833019559
54.7209102152747,0,0.0196726221291343,0,54.7209102152747,0.0196726221291343,0.0196726221291343,0.0196726221291343,0.0109274670854921
9.37577209119586,0,-0.0166622088619275,0,9.37577209119586,-0.0166622088619275,-0.0166622088619275,-0.0166622088619275,0.0509886552324907
8.22166390729103,0,0.0200227074138689,0,8.22166390729103,0.0200227074138689,0.0200227074138689,0.0200227074138689,0.0889316774406693
6.56936523894705,0,-0.0184803687031215,0,6.56936523894705,-0.0184803687031215,-0.0184803687031215,-0.0184803687031215,0.0397871786329299
7.36539602284415,0,-0.0247872150245361,0,7.36539602284415,-0.0247872150245361,-0.0247872150245361,-0.0247872150245361,0.114121672795408
9.34902839864339,0,-0.0319037471830898,0,9.34902839864339,-0.0319037471830898,-0.0319037471830898,-0.0319037471830898,0.0353702402159913
12.5616640281909,0,0.00441577973083164,0,12.5616640281909,0.00441577973083164,0.00441577973083164,0.00441577973083164,0.0138459086615911
10.5411867057519,0,-0.0885790708954701,0,10.5411867057519,-0.0885790708954701,-0.0885790708954701,-0.0885790708954701,0.0320565633703811
10.8363107906744,0,-0.028098390818107,0,10.8363107906744,-0.028098390818107,-0.028098390818107,-0.028098390818107,0.071926050301895
7.60971237336999,0,0.0425196941211018,0,7.60971237336999,0.0425196941211018,0.0425196941211018,0.0425196941211018,0.0675431227803087
5.93931454818625,0,-0.0606442522079505,0,5.93931454818625,-0.0606442522079505,-0.0606442522079505,-0.0606442522079505,0.0347252472962151
11.3171115233183,0,-0.0301299566297987,0,11.3171115233183,-0.0301299566297987,-0.0301299566297987,-0.0301299566297987,0.0549217163119364
12.491172371433,0,0.00616174807970621,0,12.491172371433,0.00616174807970621,0.00616174807970621,0.00616174807970621,0.0405245193389735
26.9159257982544,0,0.00103996356092225,0,26.9159257982544,0.00103996356092225,0.00103996356092225,0.00103996356092225,0.0289826613233299
23.3384346785706,0,0.0173424537425691,0,23.3384346785706,0.0173424537425691,0.0173424537425691,0.0173424537425691,0.0189266195413323
39.8146474017142,0,-0.0114906286129136,0,39.8146474017142,-0.0114906286129136,-0.0114906286129136,-0.0114906286129136,0.0491219546710594
16.8846431378076,0,0.0592246738975235,0,16.8846431378076,0.0592246738975235,0.0592246738975235,0.0592246738975235,0.0580511049145327
129.543664939788,0,0.187339131251037,0,129.543664939788,0.187339131251037,0.187339131251037,0.187339131251037,0.0392949098741799
7.87613657515693,0,0.0413542662923309,0,7.87613657515693,0.0413542662923309,0.0413542662923309,0.0413542662923309,0.0315625132232254
6.75451986071434,0,0.0140182295143905,0,6.75451986071434,0.0140182295143905,0.0140182295143905,0.0140182295143905,0.0568066082100863
14.6925462604222,0,-0.00458452472707301,0,14.6925462604222,-0.00458452472707301,-0.00458452472707301,-0.00458452472707301,0.0444254697733256
12.6985002447189,0,0.0156151615690587,0,12.6985002447189,0.0156151615690587,0.0156151615690587,0.0156151615690587,0.0344296478282526
14.3972634987083,0,-0.0237118006498921,0,14.3972634987083,-0.0237118006498921,-0.0237118006498921,-0.0237118006498921,0.0295064854269103
14.1514365378187,0,-0.0107350800784212,0,14.1514365378187,-0.0107350800784212,-0.0107350800784212,-0.0107350800784212,0.0554744268805768
27.9381463268887,0,-0.0196646199066465,0,27.9381463268887,-0.0196646199066465,-0.0196646199066465,-0.0196646199066465,0.0266030945529787
24.4728765020316,0,-0.0883766236254439,0,24.4728765020316,-0.0883766236254439,-0.0883766236254439,-0.0883766236254439,0.0473406670453721
13.4368696617468,0,0.0535402362440232,0,13.4368696617468,0.0535402362440232,0.0535402362440232,0.0535402362440232,0.0282079903838013
7.48402930279067,0,0.00968988201586394,0,7.48402930279067,0.00968988201586394,0.00968988201586394,0.00968988201586394,0.0686754083472401
25.9320346135502,0,-0.0232712391594247,0,25.9320346135502,-0.0232712391594247,-0.0232712391594247,-0.0232712391594247,0.0300519735078187
NA,NA,NA,NA,NA,NA,NA,NA,NA
12.0144898669671,0,-0.0304643580877798,0,12.0144898669671,-0.0304643580877798,-0.0304643580877798,-0.0304643580877798,0.0246585875375876
5.59197431763262,0,-0.0578220526680145,0,5.59197431763262,-0.0578220526680145,-0.0578220526680145,-0.0578220526680145,0.0290843221745671
7.10118523761685,0,-0.0285278978712163,0,7.10118523761685,-0.0285278978712163,-0.0285278978712163,-0.0285278978712163,0.0595492352872805
8.39406695268219,0,0.0167837864563465,0,8.39406695268219,0.0167837864563465,0.0167837864563465,0.0167837864563465,0.0322473662392579
6.68163411954067,0,0.0399525800720857,0,6.68163411954067,0.0399525800720857,0.0399525800720857,0.0399525800720857,0.0632642521725607
10.9419857642508,0,-0.0876235523401562,0,10.9419857642508,-0.0876235523401562,-0.0876235523401562,-0.0876235523401562,0.0336377588977628
9.567453602661,0,-0.0130573193727359,0,9.567453602661,-0.0130573193727359,-0.0130573193727359,-0.0130573193727359,0.0264340771076804
9.56764954052794,0,-0.00578932875863998,0,9.56764954052794,-0.00578932875863998,-0.00578932875863998,-0.00578932875863998,0.0288617279537588
9.58796747981615,0,0.00725905880614161,0,9.58796747981615,0.00725905880614161,0.00725905880614161,0.00725905880614161,0.0422687684348916
12.9045618909384,0,-0.020800428050844,0,12.9045618909384,-0.020800428050844,-0.020800428050844,-0.020800428050844,0.00918914559220215
9.03381024943225,0,-0.0258591277728825,0,9.03381024943225,-0.0258591277728825,-0.0258591277728825,-0.0258591277728825,0.0210013285642308
7.292171244769,0,0.0214216184583366,0,7.292171244769,0.0214216184583366,0.0214216184583366,0.0214216184583366,0.00787016036700002
10.6567948708008,0,0.0203455428827325,0,10.6567948708008,0.0203455428827325,0.0203455428827325,0.0203455428827325,0.0367174068081082
15.83958844307,0,0.0399832495665445,0,15.83958844307,0.0399832495665445,0.0399832495665445,0.0399832495665445,0.0130470310288665
17.7014293147066,0,0.0234372077444364,0,17.7014293147066,0.0234372077444364,0.0234372077444364,0.0234372077444364,0.0323786122878216
14.7585414478692,0,-0.0143222744287462,0,14.7585414478692,-0.0143222744287462,-0.0143222744287462,-0.0143222744287462,0.0637816832942033
8.7869971588466,0,0.0255650750927985,0,8.7869971588466,0.0255650750927985,0.0255650750927985,0.0255650750927985,0.0115189820321319
13.9836050997556,0,-0.0596374353307077,0,13.9836050997556,-0.0596374353307077,-0.0596374353307077,-0.0596374353307077,0.0260159424457815
11.3110693140974,0,0.00982781565554414,0,11.3110693140974,0.00982781565554414,0.00982781565554414,0.00982781565554414,0.0152975413868066
16.5519463473715,0,-0.0850116784148187,0,16.5519463473715,-0.0850116784148187,-0.0850116784148187,-0.0850116784148187,0.0449328569998866
12.3671082351961,0,0.0210231372322994,0,12.3671082351961,0.0210231372322994,0.0210231372322994,0.0210231372322994,0.0160828742749283
12.3654554745313,0,-0.0686880413546458,0,12.3654554745313,-0.0686880413546458,-0.0686880413546458,-0.0686880413546458,0.0513325050706189
19.2556223171704,0,0.0285945738844167,0,19.2556223171704,0.0285945738844167,0.0285945738844167,0.0285945738844167,0.0139726523520546
34.7312424253189,0,0.00360906084633839,0,34.7312424253189,0.00360906084633839,0.00360906084633839,0.00360906084633839,0.017575833019559
54.7209102152747,0,0.0196726221291343,0,54.7209102152747,0.0196726221291343,0.0196726221291343,0.0196726221291343,0.0109274670854921
9.37577209119586,0,-0.0166622088619275,0,9.37577209119586,-0.0166622088619275,-0.0166622088619275,-0.0166622088619275,0.0509886552324907
8.22166390729103,0,0.0200227074138689,0,8.22166390729103,0.0200227074138689,0.0200227074138689,0.0200227074138689,0.0889316774406693
6.56936523894705,0,-0.0184803687031215,0,6.56936523894705,-0.0184803687031215,-0.0184803687031215,-0.0184803687031215,0.0397871786329299
7.36539602284415,0,-0.0247872150245361,0,7.36539602284415,-0.0247872150245361,-0.0247872150245361,-0.0247872150245361,0.114121672795408
9.34902839864339,0,-0.0319037471830898,0,9.34902839864339,-0.0319037471830898,-0.0319037471830898,-0.0319037471830898,0.0353702402159913
12.5616640281909,0,0.00441577973083164,0,12.5616640281909,0.00441577973083164,0.00441577973083164,0.00441577973083164,0.0138459086615911
10.5411867057519,0,-0.0885790708954701,0,10.5411867057519,-0.0885790708954701,-0.0885790708954701,-0.0885790708954701,0.0320565633703811
10.8363107906744,0,-0.028098390818107,0,10.8363107906744,-0.028098390818107,-0.028098390818107,-0.028098390818107,0.071926050301895
7.60971237336999,0,0.0425196941211018,0,7.60971237336999,0.0425196941211018,0.0425196941211018,0.0425196941211018,0.0675431227803087
5.93931454818625,0,-0.0606442522079505,0,5.93931454818625,-0.0606442522079505,-0.0606442522079505,-0.0606442522079505,0.0347252472962151
11.3171115233183,0,-0.0301299566297987,0,11.3171115233183,-0.0301299566297987,-0.0301299566297987,-0.0301299566297987,0.0549217163119364
12.491172371433,0,0.00616174807970621,0,12.491172371433,0.00616174807970621,0.00616174807970621,0.00616174807970621,0.0405245193389735
26.9159257982544,0,0.00103996356092225,0,26.9159257982544,0.00103996356092225,0.00103996356092225,0.00103996356092225,0.0289826613233299
23.3384346785706,0,0.0173424537425691,0,23.3384346785706,0.0173424537425691,0.0173424537425691,0.0173424537425691,0.0189266195413323
39.8146474017142,0,-0.0114906286129136,0,39.8146474017142,-0.0114906286129136,-0.0114906286129136,-0.0114906286129136,0.0491219546710594
16.8846431378076,0,0.0592246738975235,0,16.8846431378076,0.0592246738975235,0.0592246738975235,0.0592246738975235,0.0580511049145327
129.543664939788,0,0.187339131251037,0,129.543664939788,0.187339131251037,0.187339131251037,0.187339131251037,0.0392949098741799
7.87613657515693,0,0.0413542662923309,0,7.87613657515693,0.0413542662923309,0.0413542662923309,0.0413542662923309,0.0315625132232254
6.75451986071434,0,0.0140182295143905,0,6.75451986071434,0.0140182295143905,0.0140182295143905,0.0140182295143905,0.0568066082100863
14.6925462604222,0,-0.00458452472707301,0,14.6925462604222,-0.00458452472707301,-0.00458452472707301,-0.00458452472707301,0.0444254697733256
12.6985002447189,0,0.0156151615690587,0,12.6985002447189,0.0156151615690587,0.0156151615690587,0.0156151615690587,0.0344296478282526
14.3972634987083,0,-0.0237118006498921,0,14.3972634987083,-0.0237118006498921,-0.0237118006498921,-0.0237118006498921,0.0295064854269103
14.1514365378187,0,-0.0107350800784212,0,14.1514365378187,-0.0107350800784212,-0.0107350800784212,-0.0107350800784212,0.0554744268805768
27.9381463268887,0,-0.0196646199066465,0,27.9381463268887,-0.0196646199066465,-0.0196646199066465,-0.0196646199066465,0.0266030945529787
24.4728765020316,0,-0.0883766236254439,0,24.4728765020316,-0.0883766236254439,-0.0883766236254439,-0.0883766236254439,0.0473406670453721
13.4368696617468,0,0.0535402362440232,0,13.4368696617468,0.0535402362440232,0.0535402362440232,0.0535402362440232,0.0282079903838013
7.48402930279067,0,0.00968988201586394,0,7.48402930279067,0.00968988201586394,0.00968988201586394,0.00968988201586394,0.0686754083472401
25.9320346135502,0,-0.0232712391594247,0,25.9320346135502,-0.0232712391594247,-0.0232712391594247,-0.0232712391594247,0.0300519735078187
NA,NA,NA,NA,NA,NA,NA,NA,NA
12.0144898669671,0,-0.0304643580877798,0,12.0144898669671,-0.0304643580877798,-0.0304643580877798,-0.0304643580877798,0.0246585875375876
5.59197431763262,0,-0.0578220526680145,0,5.59197431763262,-0.0578220526680145,-0.0578220526680145,-0.0578220526680145,0.0290843221745671
7.10118523761685,0,-0.0285278978712163,0,7.10118523761685,-0.0285278978712163,-0.0285278978712163,-0.0285278978712163,0.0595492352872805
8.39406695268219,0,0.0167837864563465,0,8.39406695268219,0.0167837864563465,0.0167837864563465,0.0167837864563465,0.0322473662392579
6.68163411954067,0,0.0399525800720857,0,6.68163411954067,0.0399525800720857,0.0399525800720857,0.0399525800720857,0.0632642521725607
10.9419857642508,0,-0.0876235523401562,0,10.9419857642508,-0.0876235523401562,-0.0876235523401562,-0.0876235523401562,0.0336377588977628
9.567453602661,0,-0.0130573193727359,0,9.567453602661,-0.0130573193727359,-0.0130573193727359,-0.0130573193727359,0.0264340771076804
9.56764954052794,0,-0.00578932875863998,0,9.56764954052794,-0.00578932875863998,-0.00578932875863998,-0.00578932875863998,0.0288617279537588
9.58796747981615,0,0.00725905880614161,0,9.58796747981615,0.00725905880614161,0.00725905880614161,0.00725905880614161,0.0422687684348916
12.9045618909384,0,-0.020800428050844,0,12.9045618909384,-0.020800428050844,-0.020800428050844,-0.020800428050844,0.00918914559220215
9.03381024943225,0,-0.0258591277728825,0,9.03381024943225,-0.0258591277728825,-0.0258591277728825,-0.0258591277728825,0.0210013285642308
7.292171244769,0,0.0214216184583366,0,7.292171244769,0.0214216184583366,0.0214216184583366,0.0214216184583366,0.00787016036700002
10.6567948708008,0,0.0203455428827325,0,10.6567948708008,0.0203455428827325,0.0203455428827325,0.0203455428827325,0.0367174068081082
15.83958844307,0,0.0399832495665445,0,15.83958844307,0.0399832495665445,0.0399832495665445,0.0399832495665445,0.0130470310288665
17.7014293147066,0,0.0234372077444364,0,17.7014293147066,0.0234372077444364,0.0234372077444364,0.0234372077444364,0.0323786122878216
14.7585414478692,0,-0.0143222744287462,0,14.7585414478692,-0.0143222744287462,-0.0143222744287462,-0.0143222744287462,0.0637816832942033
8.7869971588466,0,0.0255650750927985,0,8.7869971588466,0.0255650750927985,0.0255650750927985,0.0255650750927985,0.0115189820321319
13.9836050997556,0,-0.0596374353307077,0,13.9836050997556,-0.0596374353307077,-0.0596374353307077,-0.0596374353307077,0.0260159424457815
11.3110693140974,0,0.00982781565554414,0,11.3110693140974,0.00982781565554414,0.00982781565554414,0.00982781565554414,0.0152975413868066
16.5519463473715,0,-0.0850116784148187,0,16.5519463473715,-0.0850116784148187,-0.0850116784148187,-0.0850116784148187,0.0449328569998866
12.3671082351961,0,0.0210231372322994,0,12.3671082351961,0.0210231372322994,0.0210231372322994,0.0210231372322994,0.0160828742749283
12.3654554745313,0,-0.0686880413546458,0,12.3654554745313,-0.0686880413546458,-0.0686880413546458,-0.0686880413546458,0.0513325050706189
19.2556223171704,0,0.0285945738844167,0,19.2556223171704,0.0285945738844167,0.0285945738844167,0.0285945738844167,0.0139726523520546
34.7312424253189,0,0.00360906084633839,0,34.7312424253189,0.00360906084633839,0.00360906084633839,0.00360906084633839,0.017575833019559
54.7209102152747,0,0.0196726221291343,0,54.7209102152747,0.0196726221291343,0.0196726221291343,0.0196726221291343,0.0109274670854921
9.37577209119586,0,-0.0166622088619275,0,9.37577209119586,-0.0166622088619275,-0.0166622088619275,-0.0166622088619275,0.0509886552324907
8.22166390729103,0,0.0200227074138689,0,8.22166390729103,0.0200227074138689,0.0200227074138689,0.0200227074138689,0.0889316774406693
6.56936523894705,0,-0.0184803687031215,0,6.56936523894705,-0.0184803687031215,-0.0184803687031215,-0.0184803687031215,0.0397871786329299
7.36539602284415,0,-0.0247872150245361,0,7.36539602284415,-0.0247872150245361,-0.0247872150245361,-0.0247872150245361,0.114121672795408
9.34902839864339,0,-0.0319037471830898,0,9.34902839864339,-0.0319037471830898,-0.0319037471830898,-0.0319037471830898,0.0353702402159913
12.5616640281909,0,0.00441577973083164,0,12.5616640281909,0.00441577973083164,0.00441577973083164,0.00441577973083164,0.0138459086615911
10.5411867057519,0,-0.0885790708954701,0,10.5411867057519,-0.0885790708954701,-0.0885790708954701,-0.0885790708954701,0.0320565633703811
10.8363107906744,0,-0.028098390818107,0,10.8363107906744,-0.028098390818107,-0.028098390818107,-0.028098390818107,0.071926050301895
7.60971237336999,0,0.0425196941211018,0,7.60971237336999,0.0425196941211018,0.0425196941211018,0.0425196941211018,0.0675431227803087
5.93931454818625,0,-0.0606442522079505,0,5.93931454818625,-0.0606442522079505,-0.0606442522079505,-0.0606442522079505,0.0347252472962151
11.3171115233183,0,-0.0301299566297987,0,11.3171115233183,-0.0301299566297987,-0.0301299566297987,-0.0301299566297987,0.0549217163119364
12.491172371433,0,0.00616174807970621,0,12.491172371433,0.00616174807970621,0.00616174807970621,0.00616174807970621,0.0405245193389735
26.9159257982544,0,0.00103996356092225,0,26.9159257982544,0.00103996356092225,0.00103996356092225,0.00103996356092225,0.0289826613233299
23.3384346785706,0,0.0173424537425691,0,23.3384346785706,0.0173424537425691,0.0173424537425691,0.0173424537425691,0.0189266195413323
39.8146474017142,0,-0.0114906286129136,0,39.8146474017142,-0.0114906286129136,-0.0114906286129136,-0.0114906286129136,0.0491219546710594
16.8846431378076,0,0.0592246738975235,0,16.8846431378076,0.0592246738975235,0.0592246738975235,0.0592246738975235,0.0580511049145327
129.543664939788,0,0.187339131251037,0,129.543664939788,0.187339131251037,0.187339131251037,0.187339131251037,0.0392949098741799
7.87613657515693,0,0.0413542662923309,0,7.87613657515693,0.0413542662923309,0.0413542662923309,0.0413542662923309,0.0315625132232254
6.75451986071434,0,0.0140182295143905,0,6.75451986071434,0.0140182295143905,0.0140182295143905,0.0140182295143905,0.0568066082100863
14.6925462604222,0,-0.00458452472707301,0,14.6925462604222,-0.00458452472707301,-0.00458452472707301,-0.00458452472707301,0.0444254697733256
12.6985002447189,0,0.0156151615690587,0,12.6985002447189,0.0156151615690587,0.0156151615690587,0.0156151615690587,0.0344296478282526
14.3972634987083,0,-0.0237118006498921,0,14.3972634987083,-0.0237118006498921,-0.0237118006498921,-0.0237118006498921,0.0295064854269103
14.1514365378187,0,-0.0107350800784212,0,14.1514365378187,-0.0107350800784212,-0.0107350800784212,-0.0107350800784212,0.0554744268805768
27.9381463268887,0,-0.0196646199066465,0,27.9381463268887,-0.0196646199066465,-0.0196646199066465,-0.0196646199066465,0.0266030945529787
24.4728765020316,0,-0.0883766236254439,0,24.4728765020316,-0.0883766236254439,-0.0883766236254439,-0.0883766236254439,0.0473406670453721
13.4368696617468,0,0.0535402362440232,0,13.4368696617468,0.0535402362440232,0.0535402362440232,0.0535402362440232,0.0282079903838013
7.48402930279067,0,0.00968988201586394,0,7.48402930279067,0.00968988201586394,0.00968988201586394,0.00968988201586394,0.0686754083472401
25.9320346135502,0,-0.0232712391594247,0,25.9320346135502,-0.0232712391594247,-0.0232712391594247,-0.0232712391594247,0.0300519735078187
NA,NA,NA,NA,NA,NA,NA,NA,NA
12.0144898669671,0,-0.0304643580877798,0,12.0144898669671,-0.0304643580877798,-0.0304643580877798,-0.0304643580877798,0.0246585875375876
5.59197431763262,0,-0.0578220526680145,0,5.59197431763262,-0.0578220526680145,-0.0578220526680145,-0.0578220526680145,0.0290843221745671
7.10118523761685,0,-0.0285278978712163,0,7.10118523761685,-0.0285278978712163,-0.0285278978712163,-0.0285278978712163,0.0595492352872805
8.39406695268219,0,0.0167837864563465,0,8.39406695268219,0.0167837864563465,0.0167837864563465,0.0167837864563465,0.0322473662392579
6.68163411954067,0,0.0399525800720857,0,6.68163411954067,0.0399525800720857,0.0399525800720857,0.0399525800720857,0.0632642521725607
10.9419857642508,0,-0.0876235523401562,0,10.9419857642508,-0.0876235523401562,-0.0876235523401562,-0.0876235523401562,0.0336377588977628
9.567453602661,0,-0.0130573193727359,0,9.567453602661,-0.0130573193727359,-0.0130573193727359,-0.0130573193727359,0.0264340771076804
9.56764954052794,0,-0.00578932875863998,0,9.56764954052794,-0.00578932875863998,-0.00578932875863998,-0.00578932875863998,0.0288617279537588
9.58796747981615,0,0.00725905880614161,0,9.58796747981615,0.00725905880614161,0.00725905880614161,0.00725905880614161,0.0422687684348916
12.9045618909384,0,-0.020800428050844,0,12.9045618909384,-0.020800428050844,-0.020800428050844,-0.020800428050844,0.00918914559220215
9.03381024943225,0,-0.0258591277728825,0,9.03381024943225,-0.0258591277728825,-0.0258591277728825,-0.0258591277728825,0.0210013285642308
7.292171244769,0,0.0214216184583366,0,7.292171244769,0.0214216184583366,0.0214216184583366,0.0214216184583366,0.00787016036700002
10.6567948708008,0,0.0203455428827325,0,10.6567948708008,0.0203455428827325,0.0203455428827325,0.0203455428827325,0.0367174068081082
15.83958844307,0,0.0399832495665445,0,15.83958844307,0.0399832495665445,0.0399832495665445,0.0399832495665445,0.0130470310288665
17.7014293147066,0,0.0234372077444364,0,17.7014293147066,0.0234372077444364,0.0234372077444364,0.0234372077444364,0.0323786122878216
14.7585414478692,0,-0.0143222744287462,0,14.7585414478692,-0.0143222744287462,-0.0143222744287462,-0.0143222744287462,0.0637816832942033
8.7869971588466,0,0.0255650750927985,0,8.7869971588466,0.0255650750927985,0.0255650750927985,0.0255650750927985,0.0115189820321319
13.9836050997556,0,-0.0596374353307077,0,13.9836050997556,-0.0596374353307077,-0.0596374353307077,-0.0596374353307077,0.0260159424457815
11.3110693140974,0,0.00982781565554414,0,11.3110693140974,0.00982781565554414,0.00982781565554414,0.00982781565554414,0.0152975413868066
16.5519463473715,0,-0.0850116784148187,0,16.5519463473715,-0.0850116784148187,-0.0850116784148187,-0.0850116784148187,0.0449328569998866
12.3671082351961,0,0.0210231372322994,0,12.3671082351961,0.0210231372322994,0.0210231372322994,0.0210231372322994,0.0160828742749283
12.3654554745313,0,-0.0686880413546458,0,12.3654554745313,-0.0686880413546458,-0.0686880413546458,-0.0686880413546458,0.0513325050706189
19.2556223171704,0,0.0285945738844167,0,19.2556223171704,0.0285945738844167,0.0285945738844167,0.0285945738844167,0.0139726523520546
34.7312424253189,0,0.00360906084633839,0,34.7312424253189,0.00360906084633839,0.00360906084633839,0.00360906084633839,0.017575833019559
54.7209102152747,0,0.0196726221291343,0,54.7209102152747,0.0196726221291343,0.0196726221291343,0.0196726221291343,0.0109274670854921
9.37577209119586,0,-0.0166622088619275,0,9.37577209119586,-0.0166622088619275,-0.0166622088619275,-0.0166622088619275,0.0509886552324907
8.22166390729103,0,0.0200227074138689,0,8.22166390729103,0.0200227074138689,0.0200227074138689,0.0200227074138689,0.0889316774406693
6.56936523894705,0,-0.0184803687031215,0,6.56936523894705,-0.0184803687031215,-0.0184803687031215,-0.0184803687031215,0.0397871786329299
7.36539602284415,0,-0.0247872150245361,0,7.36539602284415,-0.0247872150245361,-0.0247872150245361,-0.0247872150245361,0.114121672795408
9.34902839864339,0,-0.0319037471830898,0,9.34902839864339,-0.0319037471830898,-0.0319037471830898,-0.0319037471830898,0.0353702402159913
12.5616640281909,0,0.00441577973083164,0,12.5616640281909,0.00441577973083164,0.00441577973083164,0.00441577973083164,0.0138459086615911
10.5411867057519,0,-0.0885790708954701,0,10.5411867057519,-0.0885790708954701,-0.0885790708954701,-0.0885790708954701,0.0320565633703811
10.8363107906744,0,-0.028098390818107,0,10.8363107906744,-0.028098390818107,-0.028098390818107,-0.028098390818107,0.071926050301895
7.60971237336999,0,0.0425196941211018,0,7.60971237336999,0.0425196941211018,0.0425196941211018,0.0425196941211018,0.0675431227803087
5.93931454818625,0,-0.0606442522079505,0,5.93931454818625,-0.0606442522079505,-0.0606442522079505,-0.0606442522079505,0.0347252472962151
11.3171115233183,0,-0.0301299566297987,0,11.3171115233183,-0.0301299566297987,-0.0301299566297987,-0.0301299566297987,0.0549217163119364
12.491172371433,0,0.00616174807970621,0,12.491172371433,0.00616174807970621,0.00616174807970621,0.00616174807970621,0.0405245193389735
26.9159257982544,0,0.00103996356092225,0,26.9159257982544,0.00103996356092225,0.00103996356092225,0.00103996356092225,0.0289826613233299
23.3384346785706,0,0.0173424537425691,0,23.3384346785706,0.0173424537425691,0.0173424537425691,0.0173424537425691,0.0189266195413323
39.8146474017142,0,-0.0114906286129136,0,39.8146474017142,-0.0114906286129136,-0.0114906286129136,-0.0114906286129136,0.0491219546710594
16.8846431378076,0,0.0592246738975235,0,16.8846431378076,0.0592246738975235,0.0592246738975235,0.0592246738975235,0.0580511049145327
129.543664939788,0,0.187339131251037,0,129.543664939788,0.187339131251037,0.187339131251037,0.187339131251037,0.0392949098741799
7.87613657515693,0,0.0413542662923309,0,7.87613657515693,0.0413542662923309,0.0413542662923309,0.0413542662923309,0.0315625132232254
6.75451986071434,0,0.0140182295143905,0,6.75451986071434,0.0140182295143905,0.0140182295143905,0.0140182295143905,0.0568066082100863
14.6925462604222,0,-0.00458452472707301,0,14.6925462604222,-0.00458452472707301,-0.00458452472707301,-0.00458452472707301,0.0444254697733256
12.6985002447189,0,0.0156151615690587,0,12.6985002447189,0.0156151615690587,0.0156151615690587,0.0156151615690587,0.0344296478282526
14.3972634987083,0,-0.0237118006498921,0,14.3972634987083,-0.0237118006498921,-0.0237118006498921,-0.0237118006498921,0.0295064854269103
14.1514365378187,0,-0.0107350800784212,0,14.1514365378187,-0.0107350800784212,-0.0107350800784212,-0.0107350800784212,0.0554744268805768
27.9381463268887,0,-0.0196646199066465,0,27.9381463268887,-0.0196646199066465,-0.0196646199066465,-0.0196646199066465,0.0266030945529787
24.4728765020316,0,-0.0883766236254439,0,24.4728765020316,-0.0883766236254439,-0.0883766236254439,-0.0883766236254439,0.0473406670453721
13.4368696617468,0,0.0535402362440232,0,13.4368696617468,0.0535402362440232,0.0535402362440232,0.0535402362440232,0.0282079903838013
7.48402930279067,0,0.00968988201586394,0,7.48402930279067,0.00968988201586394,0.00968988201586394,0.00968988201586394,0.0686754083472401
25.9320346135502,0,-0.0232712391594247,0,25.9320346135502,-0.0232712391594247,-0.0232712391594247,-0.0232712391594247,0.0300519735078187
NA,NA,NA,NA,NA,NA,NA,NA,NA
12.0144898669671,0,-0.0304643580877798,0,12.0144898669671,-0.0304643580877798,-0.0304643580877798,-0.0304643580877798,0.0246585875375876
5.59197431763262,0,-0.0578220526680145,0,5.59197431763262,-0.0578220526680145,-0.0578220526680145,-0.0578220526680145,0.0290843221745671
7.10118523761685,0,-0.0285278978712163,0,7.10118523761685,-0.0285278978712163,-0.0285278978712163,-0.0285278978712163,0.0595492352872805
8.39406695268219,0,0.0167837864563465,0,8.39406695268219,0.0167837864563465,0.0167837864563465,0.0167837864563465,0.0322473662392579
6.68163411954067,0,0.0399525800720857,0,6.68163411954067,0.0399525800720857,0.0399525800720857,0.0399525800720857,0.0632642521725607
10.9419857642508,0,-0.0876235523401562,0,10.9419857642508,-0.0876235523401562,-0.0876235523401562,-0.0876235523401562,0.0336377588977628
9.567453602661,0,-0.0130573193727359,0,9.567453602661,-0.0130573193727359,-0.0130573193727359,-0.0130573193727359,0.0264340771076804
9.56764954052794,0,-0.00578932875863998,0,9.56764954052794,-0.00578932875863998,-0.00578932875863998,-0.00578932875863998,0.0288617279537588
9.58796747981615,0,0.00725905880614161,0,9.58796747981615,0.00725905880614161,0.00725905880614161,0.00725905880614161,0.0422687684348916
12.9045618909384,0,-0.020800428050844,0,12.9045618909384,-0.020800428050844,-0.020800428050844,-0.020800428050844,0.00918914559220215
9.03381024943225,0,-0.0258591277728825,0,9.03381024943225,-0.0258591277728825,-0.0258591277728825,-0.0258591277728825,0.0210013285642308
7.292171244769,0,0.0214216184583366,0,7.292171244769,0.0214216184583366,0.0214216184583366,0.0214216184583366,0.00787016036700002
10.6567948708008,0,0.0203455428827325,0,10.6567948708008,0.0203455428827325,0.0203455428827325,0.0203455428827325,0.0367174068081082
15.83958844307,0,0.0399832495665445,0,15.83958844307,0.0399832495665445,0.0399832495665445,0.0399832495665445,0.0130470310288665
17.7014293147066,0,0.0234372077444364,0,17.7014293147066,0.0234372077444364,0.0234372077444364,0.0234372077444364,0.0323786122878216
14.7585414478692,0,-0.0143222744287462,0,14.7585414478692,-0.0143222744287462,-0.0143222744287462,-0.0143222744287462,0.0637816832942033
8.7869971588466,0,0.0255650750927985,0,8.7869971588466,0.0255650750927985,0.0255650750927985,0.0255650750927985,0.0115189820321319
13.9836050997556,0,-0.0596374353307077,0,13.9836050997556,-0.0596374353307077,-0.0596374353307077,-0.0596374353307077,0.0260159424457815
11.3110693140974,0,0.00982781565554414,0,11.3110693140974,0.00982781565554414,0.00982781565554414,0.00982781565554414,0.0152975413868066
16.5519463473715,0,-0.0850116784148187,0,16.5519463473715,-0.0850116784148187,-0.0850116784148187,-0.0850116784148187,0.0449328569998866
12.3671082351961,0,0.0210231372322994,0,12.3671082351961,0.0210231372322994,0.0210231372322994,0.0210231372322994,0.0160828742749283
12.3654554745313,0,-0.0686880413546458,0,12.3654554745313,-0.0686880413546458,-0.0686880413546458,-0.0686880413546458,0.0513325050706189
19.2556223171704,0,0.0285945738844167,0,19.2556223171704,0.0285945738844167,0.0285945738844167,0.0285945738844167,0.0139726523520546
34.7312424253189,0,0.00360906084633839,0,34.7312424253189,0.00360906084633839,0.00360906084633839,0.00360906084633839,0.017575833019559
54.7209102152747,0,0.0196726221291343,0,54.7209102152747,0.0196726221291343,0.0196726221291343,0.0196726221291343,0.0109274670854921
9.37577209119586,0,-0.0166622088619275,0,9.37577209119586,-0.0166622088619275,-0.0166622088619275,-0.0166622088619275,0.0509886552324907
8.22166390729103,0,0.0200227074138689,0,8.22166390729103,0.0200227074138689,0.0200227074138689,0.0200227074138689,0.0889316774406693
6.56936523894705,0,-0.0184803687031215,0,6.56936523894705,-0.0184803687031215,-0.0184803687031215,-0.0184803687031215,0.0397871786329299
7.36539602284415,0,-0.0247872150245361,0,7.36539602284415,-0.0247872150245361,-0.0247872150245361,-0.0247872150245361,0.114121672795408
9.34902839864339,0,-0.0319037471830898,0,9.34902839864339,-0.0319037471830898,-0.0319037471830898,-0.0319037471830898,0.0353702402159913
12.5616640281909,0,0.00441577973083164,0,12.5616640281909,0.00441577973083164,0.00441577973083164,0.00441577973083164,0.0138459086615911
10.5411867057519,0,-0.0885790708954701,0,10.5411867057519,-0.0885790708954701,-0.0885790708954701,-0.0885790708954701,0.0320565633703811
10.8363107906744,0,-0.028098390818107,0,10.8363107906744,-0.028098390818107,-0.028098390818107,-0.028098390818107,0.071926050301895
7.60971237336999,0,0.0425196941211018,0,7.60971237336999,0.0425196941211018,0.0425196941211018,0.0425196941211018,0.0675431227803087
5.93931454818625,0,-0.0606442522079505,0,5.93931454818625,-0.0606442522079505,-0.0606442522079505,-0.0606442522079505,0.0347252472962151
11.3171115233183,0,-0.0301299566297987,0,11.3171115233183,-0.0301299566297987,-0.0301299566297987,-0.0301299566297987,0.0549217163119364
12.491172371433,0,0.00616174807970621,0,12.491172371433,0.00616174807970621,0.00616174807970621,0.00616174807970621,0.0405245193389735
26.9159257982544,0,0.00103996356092225,0,26.9159257982544,0.00103996356092225,0.00103996356092225,0.00103996356092225,0.0289826613233299
23.3384346785706,0,0.0173424537425691,0,23.3384346785706,0.0173424537425691,0.0173424537425691,0.0173424537425691,0.0189266195413323
39.8146474017142,0,-0.0114906286129136,0,39.8146474017142,-0.0114906286129136,-0.0114906286129136,-0.0114906286129136,0.0491219546710594
16.8846431378076,0,0.0592246738975235,0,16.8846431378076,0.0592246738975235,0.0592246738975235,0.0592246738975235,0.0580511049145327
129.543664939788,0,0.187339131251037,0,129.543664939788,0.187339131251037,0.187339131251037,0.187339131251037,0.0392949098741799
7.87613657515693,0,0.0413542662923309,0,7.87613657515693,0.0413542662923309,0.0413542662923309,0.0413542662923309,0.0315625132232254
6.75451986071434,0,0.0140182295143905,0,6.75451986071434,0.0140182295143905,0.0140182295143905,0.0140182295143905,0.0568066082100863
14.6925462604222,0,-0.00458452472707301,0,14.6925462604222,-0.00458452472707301,-0.00458452472707301,-0.00458452472707301,0.0444254697733256
12.6985002447189,0,0.0156151615690587,0,12.6985002447189,0.0156151615690587,0.0156151615690587,0.0156151615690587,0.0344296478282526
14.3972634987083,0,-0.0237118006498921,0,14.3972634987083,-0.0237118006498921,-0.0237118006498921,-0.0237118006498921,0.0295064854269103
14.1514365378187,0,-0.0107350800784212,0,14.1514365378187,-0.0107350800784212,-0.0107350800784212,-0.0107350800784212,0.0554744268805768
27.9381463268887,0,-0.0196646199066465,0,27.9381463268887,-0.0196646199066465,-0.0196646199066465,-0.0196646199066465,0.0266030945529787
24.4728765020316,0,-0.0883766236254439,0,24.4728765020316,-0.0883766236254439,-0.0883766236254439,-0.0883766236254439,0.0473406670453721
13.4368696617468,0,0.0535402362440232,0,13.4368696617468,0.0535402362440232,0.0535402362440232,0.0535402362440232,0.0282079903838013
7.48402930279067,0,0.00968988201586394,0,7.48402930279067,0.00968988201586394,0.00968988201586394,0.00968988201586394,0.0686754083472401
25.9320346135502,0,-0.0232712391594247,0,25.9320346135502,-0.0232712391594247,-0.0232712391594247,-0.0232712391594247,0.0300519735078187
NA,NA,NA,NA,NA,NA,NA,NA,NA
12.0144898669671,0,-0.0304643580877798,0,12.0144898669671,-0.0304643580877798,-0.0304643580877798,-0.0304643580877798,0.0246585875375876
5.59197431763262,0,-0.0578220526680145,0,5.59197431763262,-0.0578220526680145,-0.0578220526680145,-0.0578220526680145,0.0290843221745671
7.10118523761685,0,-0.0285278978712163,0,7.10118523761685,-0.0285278978712163,-0.0285278978712163,-0.0285278978712163,0.0595492352872805
8.39406695268219,0,0.0167837864563465,0,8.39406695268219,0.0167837864563465,0.0167837864563465,0.0167837864563465,0.0322473662392579
6.68163411954067,0,0.0399525800720857,0,6.68163411954067,0.0399525800720857,0.0399525800720857,0.0399525800720857,0.0632642521725607
10.9419857642508,0,-0.0876235523401562,0,10.9419857642508,-0.0876235523401562,-0.0876235523401562,-0.0876235523401562,0.0336377588977628
9.567453602661,0,-0.0130573193727359,0,9.567453602661,-0.0130573193727359,-0.0130573193727359,-0.0130573193727359,0.0264340771076804
9.56764954052794,0,-0.00578932875863998,0,9.56764954052794,-0.00578932875863998,-0.00578932875863998,-0.00578932875863998,0.0288617279537588
9.58796747981615,0,0.00725905880614161,0,9.58796747981615,0.00725905880614161,0.00725905880614161,0.00725905880614161,0.0422687684348916
12.9045618909384,0,-0.020800428050844,0,12.9045618909384,-0.020800428050844,-0.020800428050844,-0.020800428050844,0.00918914559220215
9.03381024943225,0,-0.0258591277728825,0,9.03381024943225,-0.0258591277728825,-0.0258591277728825,-0.0258591277728825,0.0210013285642308
7.292171244769,0,0.0214216184583366,0,7.292171244769,0.0214216184583366,0.0214216184583366,0.0214216184583366,0.00787016036700002
10.6567948708008,0,0.0203455428827325,0,10.6567948708008,0.0203455428827325,0.0203455428827325,0.0203455428827325,0.0367174068081082
15.83958844307,0,0.0399832495665445,0,15.83958844307,0.0399832495665445,0.0399832495665445,0.0399832495665445,0.0130470310288665
17.7014293147066,0,0.0234372077444364,0,17.7014293147066,0.0234372077444364,0.0234372077444364,0.0234372077444364,0.0323786122878216
14.7585414478692,0,-0.0143222744287462,0,14.7585414478692,-0.0143222744287462,-0.0143222744287462,-0.0143222744287462,0.0637816832942033
8.7869971588466,0,0.0255650750927985,0,8.7869971588466,0.0255650750927985,0.0255650750927985,0.0255650750927985,0.0115189820321319
13.9836050997556,0,-0.0596374353307077,0,13.9836050997556,-0.0596374353307077,-0.0596374353307077,-0.0596374353307077,0.0260159424457815
11.3110693140974,0,0.00982781565554414,0,11.3110693140974,0.00982781565554414,0.00982781565554414,0.00982781565554414,0.0152975413868066
16.5519463473715,0,-0.0850116784148187,0,16.5519463473715,-0.0850116784148187,-0.0850116784148187,-0.0850116784148187,0.0449328569998866
12.3671082351961,0,0.0210231372322994,0,12.3671082351961,0.0210231372322994,0.0210231372322994,0.0210231372322994,0.0160828742749283
12.3654554745313,0,-0.0686880413546458,0,12.3654554745313,-0.0686880413546458,-0.0686880413546458,-0.0686880413546458,0.0513325050706189
19.2556223171704,0,0.0285945738844167,0,19.2556223171704,0.0285945738844167,0.0285945738844167,0.0285945738844167,0.0139726523520546
34.7312424253189,0,0.00360906084633839,0,34.7312424253189,0.00360906084633839,0.00360906084633839,0.00360906084633839,0.017575833019559
54.7209102152747,0,0.0196726221291343,0,54.7209102152747,0.0196726221291343,0.0196726221291343,0.0196726221291343,0.0109274670854921
9.37577209119586,0,-0.0166622088619275,0,9.37577209119586,-0.0166622088619275,-0.0166622088619275,-0.0166622088619275,0.0509886552324907
8.22166390729103,0,0.0200227074138689,0,8.22166390729103,0.0200227074138689,0.0200227074138689,0.0200227074138689,0.0889316774406693
6.56936523894705,0,-0.0184803687031215,0,6.56936523894705,-0.0184803687031215,-0.0184803687031215,-0.0184803687031215,0.0397871786329299
7.36539602284415,0,-0.0247872150245361,0,7.36539602284415,-0.0247872150245361,-0.0247872150245361,-0.0247872150245361,0.114121672795408
9.34902839864339,0,-0.0319037471830898,0,9.34902839864339,-0.0319037471830898,-0.0319037471830898,-0.0319037471830898,0.0353702402159913
12.5616640281909,0,0.00441577973083164,0,12.5616640281909,0.00441577973083164,0.00441577973083164,0.00441577973083164,0.0138459086615911
10.5411867057519,0,-0.0885790708954701,0,10.5411867057519,-0.0885790708954701,-0.0885790708954701,-0.0885790708954701,0.0320565633703811
10.8363107906744,0,-0.028098390818107,0,10.8363107906744,-0.028098390818107,-0.028098390818107,-0.028098390818107,0.071926050301895
7.60971237336999,0,0.0425196941211018,0,7.60971237336999,0.0425196941211018,0.0425196941211018,0.0425196941211018,0.0675431227803087
5.93931454818625,0,-0.0606442522079505,0,5.93931454818625,-0.0606442522079505,-0.0606442522079505,-0.0606442522079505,0.0347252472962151
11.3171115233183,0,-0.0301299566297987,0,11.3171115233183,-0.0301299566297987,-0.0301299566297987,-0.0301299566297987,0.0549217163119364
12.491172371433,0,0.00616174807970621,0,12.491172371433,0.00616174807970621,0.00616174807970621,0.00616174807970621,0.0405245193389735
26.9159257982544,0,0.00103996356092225,0,26.9159257982544,0.00103996356092225,0.00103996356092225,0.00103996356092225,0.0289826613233299
23.3384346785706,0,0.0173424537425691,0,23.3384346785706,0.0173424537425691,0.0173424537425691,0.0173424537425691,0.0189266195413323
39.8146474017142,0,-0.0114906286129136,0,39.8146474017142,-0.0114906286129136,-0.0114906286129136,-0.0114906286129136,0.0491219546710594
16.8846431378076,0,0.0592246738975235,0,16.8846431378076,0.0592246738975235,0.0592246738975235,0.0592246738975235,0.0580511049145327
129.543664939788,0,0.187339131251037,0,129.543664939788,0.187339131251037,0.187339131251037,0.187339131251037,0.0392949098741799
7.87613657515693,0,0.0413542662923309,0,7.87613657515693,0.0413542662923309,0.0413542662923309,0.0413542662923309,0.0315625132232254
6.75451986071434,0,0.0140182295143905,0,6.75451986071434,0.0140182295143905,0.0140182295143905,0.0140182295143905,0.0568066082100863
14.6925462604222,0,-0.00458452472707301,0,14.6925462604222,-0.00458452472707301,-0.00458452472707301,-0.00458452472707301,0.0444254697733256
12.6985002447189,0,0.0156151615690587,0,12.6985002447189,0.0156151615690587,0.0156151615690587,0.0156151615690587,0.0344296478282526
14.3972634987083,0,-0.0237118006498921,0,14.3972634987083,-0.0237118006498921,-0.0237118006498921,-0.0237118006498921,0.0295064854269103
14.1514365378187,0,-0.0107350800784212,0,14.1514365378187,-0.0107350800784212,-0.0107350800784212,-0.0107350800784212,0.0554744268805768
27.9381463268887,0,-0.0196646199066465,0,27.9381463268887,-0.0196646199066465,-0.0196646199066465,-0.0196646199066465,0.0266030945529787
24.4728765020316,0,-0.0883766236254439,0,24.4728765020316,-0.0883766236254439,-0.0883766236254439,-0.0883766236254439,0.0473406670453721
13.4368696617468,0,0.0535402362440232,0,13.4368696617468,0.0535402362440232,0.0535402362440232,0.0535402362440232,0.0282079903838013
7.48402930279067,0,0.00968988201586394,0,7.48402930279067,0.00968988201586394,0.00968988201586394,0.00968988201586394,0.0686754083472401
25.9320346135502,0,-0.0232712391594247,0,25.9320346135502,-0.0232712391594247,-0.0232712391594247,-0.0232712391594247,0.0300519735078187
NA,NA,NA,NA,NA,NA,NA,NA,NA
12.0144898669671,0,-0.0304643580877798,0,12.0144898669671,-0.0304643580877798,-0.0304643580877798,-0.0304643580877798,0.0246585875375876
5.59197431763262,0,-0.0578220526680145,0,5.59197431763262,-0.0578220526680145,-0.0578220526680145,-0.0578220526680145,0.0290843221745671
7.10118523761685,0,-0.0285278978712163,0,7.10118523761685,-0.0285278978712163,-0.0285278978712163,-0.0285278978712163,0.0595492352872805
8.39406695268219,0,0.0167837864563465,0,8.39406695268219,0.0167837864563465,0.0167837864563465,0.0167837864563465,0.0322473662392579
6.68163411954067,0,0.0399525800720857,0,6.68163411954067,0.0399525800720857,0.0399525800720857,0.0399525800720857,0.0632642521725607
10.9419857642508,0,-0.0876235523401562,0,10.9419857642508,-0.0876235523401562,-0.0876235523401562,-0.0876235523401562,0.0336377588977628
9.567453602661,0,-0.0130573193727359,0,9.567453602661,-0.0130573193727359,-0.0130573193727359,-0.0130573193727359,0.0264340771076804
9.56764954052794,0,-0.00578932875863998,0,9.56764954052794,-0.00578932875863998,-0.00578932875863998,-0.00578932875863998,0.0288617279537588
9.58796747981615,0,0.00725905880614161,0,9.58796747981615,0.00725905880614161,0.00725905880614161,0.00725905880614161,0.0422687684348916
12.9045618909384,0,-0.020800428050844,0,12.9045618909384,-0.020800428050844,-0.020800428050844,-0.020800428050844,0.00918914559220215
9.03381024943225,0,-0.0258591277728825,0,9.03381024943225,-0.0258591277728825,-0.0258591277728825,-0.0258591277728825,0.0210013285642308
7.292171244769,0,0.0214216184583366,0,7.292171244769,0.0214216184583366,0.0214216184583366,0.0214216184583366,0.00787016036700002
10.6567948708008,0,0.0203455428827325,0,10.6567948708008,0.0203455428827325,0.0203455428827325,0.0203455428827325,0.0367174068081082
15.83958844307,0,0.0399832495665445,0,15.83958844307,0.0399832495665445,0.0399832495665445,0.0399832495665445,0.0130470310288665
17.7014293147066,0,0.0234372077444364,0,17.7014293147066,0.0234372077444364,0.0234372077444364,0.0234372077444364,0.0323786122878216
14.7585414478692,0,-0.0143222744287462,0,14.7585414478692,-0.0143222744287462,-0.0143222744287462,-0.0143222744287462,0.0637816832942033
8.7869971588466,0,0.0255650750927985,0,8.7869971588466,0.0255650750927985,0.0255650750927985,0.0255650750927985,0.0115189820321319
13.9836050997556,0,-0.0596374353307077,0,13.9836050997556,-0.0596374353307077,-0.0596374353307077,-0.0596374353307077,0.0260159424457815
11.3110693140974,0,0.00982781565554414,0,11.3110693140974,0.00982781565554414,0.00982781565554414,0.00982781565554414,0.0152975413868066
16.5519463473715,0,-0.0850116784148187,0,16.5519463473715,-0.0850116784148187,-0.0850116784148187,-0.0850116784148187,0.0449328569998866
12.3671082351961,0,0.0210231372322994,0,12.3671082351961,0.0210231372322994,0.0210231372322994,0.0210231372322994,0.0160828742749283
12.3654554745313,0,-0.0686880413546458,0,12.3654554745313,-0.0686880413546458,-0.0686880413546458,-0.0686880413546458,0.0513325050706189
19.2556223171704,0,0.0285945738844167,0,19.2556223171704,0.0285945738844167,0.0285945738844167,0.0285945738844167,0.0139726523520546
34.7312424253189,0,0.00360906084633839,0,34.7312424253189,0.00360906084633839,0.00360906084633839,0.00360906084633839,0.017575833019559
54.7209102152747,0,0.0196726221291343,0,54.7209102152747,0.0196726221291343,0.0196726221291343,0.0196726221291343,0.0109274670854921
9.37577209119586,0,-0.0166622088619275,0,9.37577209119586,-0.0166622088619275,-0.0166622088619275,-0.0166622088619275,0.0509886552324907
8.22166390729103,0,0.0200227074138689,0,8.22166390729103,0.0200227074138689,0.0200227074138689,0.0200227074138689,0.0889316774406693
6.56936523894705,0,-0.0184803687031215,0,6.56936523894705,-0.0184803687031215,-0.0184803687031215,-0.0184803687031215,0.0397871786329299
7.36539602284415,0,-0.0247872150245361,0,7.36539602284415,-0.0247872150245361,-0.0247872150245361,-0.0247872150245361,0.114121672795408
9.34902839864339,0,-0.0319037471830898,0,9.34902839864339,-0.0319037471830898,-0.0319037471830898,-0.0319037471830898,0.0353702402159913
12.5616640281909,0,0.00441577973083164,0,12.5616640281909,0.00441577973083164,0.00441577973083164,0.00441577973083164,0.0138459086615911
10.5411867057519,0,-0.0885790708954701,0,10.5411867057519,-0.0885790708954701,-0.0885790708954701,-0.0885790708954701,0.0320565633703811
10.8363107906744,0,-0.028098390818107,0,10.8363107906744,-0.028098390818107,-0.028098390818107,-0.028098390818107,0.071926050301895
7.60971237336999,0,0.0425196941211018,0,7.60971237336999,0.0425196941211018,0.0425196941211018,0.0425196941211018,0.0675431227803087
5.93931454818625,0,-0.0606442522079505,0,5.93931454818625,-0.0606442522079505,-0.0606442522079505,-0.0606442522079505,0.0347252472962151
11.3171115233183,0,-0.0301299566297987,0,11.3171115233183,-0.0301299566297987,-0.0301299566297987,-0.0301299566297987,0.0549217163119364
12.491172371433,0,0.00616174807970621,0,12.491172371433,0.00616174807970621,0.00616174807970621,0.00616174807970621,0.0405245193389735
26.9159257982544,0,0.00103996356092225,0,26.9159257982544,0.00103996356092225,0.00103996356092225,0.00103996356092225,0.0289826613233299
23.3384346785706,0,0.0173424537425691,0,23.3384346785706,0.0173424537425691,0.0173424537425691,0.0173424537425691,0.0189266195413323
39.8146474017142,0,-0.0114906286129136,0,39.8146474017142,-0.0114906286129136,-0.0114906286129136,-0.0114906286129136,0.0491219546710594
16.8846431378076,0,0.0592246738975235,0,16.8846431378076,0.0592246738975235,0.0592246738975235,0.0592246738975235,0.0580511049145327
129.543664939788,0,0.187339131251037,0,129.543664939788,0.187339131251037,0.187339131251037,0.187339131251037,0.0392949098741799
7.87613657515693,0,0.0413542662923309,0,7.87613657515693,0.0413542662923309,0.0413542662923309,0.0413542662923309,0.0315625132232254
6.75451986071434,0,0.0140182295143905,0,6.75451986071434,0.0140182295143905,0.0140182295143905,0.0140182295143905,0.0568066082100863
14.6925462604222,0,-0.00458452472707301,0,14.6925462604222,-0.00458452472707301,-0.00458452472707301,-0.00458452472707301,0.0444254697733256
12.6985002447189,0,0.0156151615690587,0,12.6985002447189,0.0156151615690587,0.0156151615690587,0.0156151615690587,0.0344296478282526
14.3972634987083,0,-0.0237118006498921,0,14.3972634987083,-0.0237118006498921,-0.0237118006498921,-0.0237118006498921,0.0295064854269103
14.1514365378187,0,-0.0107350800784212,0,14.1514365378187,-0.0107350800784212,-0.0107350800784212,-0.0107350800784212,0.0554744268805768
27.9381463268887,0,-0.0196646199066465,0,27.9381463268887,-0.0196646199066465,-0.0196646199066465,-0.0196646199066465,0.0266030945529787
24.4728765020316,0,-0.0883766236254439,0,24.4728765020316,-0.0883766236254439,-0.0883766236254439,-0.0883766236254439,0.0473406670453721
13.4368696617468,0,0.0535402362440232,0,13.4368696617468,0.0535402362440232,0.0535402362440232,0.0535402362440232,0.0282079903838013
7.48402930279067,0,0.00968988201586394,0,7.48402930279067,0.00968988201586394,0.00968988201586394,0.00968988201586394,0.0686754083472401
25.9320346135502,0,-0.0232712391594247,0,25.9320346135502,-0.0232712391594247,-0.0232712391594247,-0.0232712391594247,0.0300519735078187
NA,NA,NA,NA,NA,NA,NA,NA,NA
12.0144898669671,0,-0.0304643580877798,0,12.0144898669671,-0.0304643580877798,-0.0304643580877798,-0.0304643580877798,0.0246585875375876
5.59197431763262,0,-0.0578220526680145,0,5.59197431763262,-0.0578220526680145,-0.0578220526680145,-0.0578220526680145,0.0290843221745671
7.10118523761685,0,-0.0285278978712163,0,7.10118523761685,-0.0285278978712163,-0.0285278978712163,-0.0285278978712163,0.0595492352872805
8.39406695268219,0,0.0167837864563465,0,8.39406695268219,0.0167837864563465,0.0167837864563465,0.0167837864563465,0.0322473662392579
6.68163411954067,0,0.0399525800720857,0,6.68163411954067,0.0399525800720857,0.0399525800720857,0.0399525800720857,0.0632642521725607
10.9419857642508,0,-0.0876235523401562,0,10.9419857642508,-0.0876235523401562,-0.0876235523401562,-0.0876235523401562,0.0336377588977628
9.567453602661,0,-0.0130573193727359,0,9.567453602661,-0.0130573193727359,-0.0130573193727359,-0.0130573193727359,0.0264340771076804
9.56764954052794,0,-0.00578932875863998,0,9.56764954052794,-0.00578932875863998,-0.00578932875863998,-0.00578932875863998,0.0288617279537588
9.58796747981615,0,0.00725905880614161,0,9.58796747981615,0.00725905880614161,0.00725905880614161,0.00725905880614161,0.0422687684348916
12.9045618909384,0,-0.020800428050844,0,12.9045618909384,-0.020800428050844,-0.020800428050844,-0.020800428050844,0.00918914559220215
9.03381024943225,0,-0.0258591277728825,0,9.03381024943225,-0.0258591277728825,-0.0258591277728825,-0.0258591277728825,0.0210013285642308
7.292171244769,0,0.0214216184583366,0,7.292171244769,0.0214216184583366,0.0214216184583366,0.0214216184583366,0.00787016036700002
10.6567948708008,0,0.0203455428827325,0,10.6567948708008,0.0203455428827325,0.0203455428827325,0.0203455428827325,0.0367174068081082
15.83958844307,0,0.0399832495665445,0,15.83958844307,0.0399832495665445,0.0399832495665445,0.0399832495665445,0.0130470310288665
17.7014293147066,0,0.0234372077444364,0,17.7014293147066,0.0234372077444364,0.0234372077444364,0.0234372077444364,0.0323786122878216
14.7585414478692,0,-0.0143222744287462,0,14.7585414478692,-0.0143222744287462,-0.0143222744287462,-0.0143222744287462,0.0637816832942033
8.7869971588466,0,0.0255650750927985,0,8.7869971588466,0.0255650750927985,0.0255650750927985,0.0255650750927985,0.0115189820321319
13.9836050997556,0,-0.0596374353307077,0,13.9836050997556,-0.0596374353307077,-0.0596374353307077,-0.0596374353307077,0.0260159424457815
11.3110693140974,0,0.00982781565554414,0,11.3110693140974,0.00982781565554414,0.00982781565554414,0.00982781565554414,0.0152975413868066
16.5519463473715,0,-0.0850116784148187,0,16.5519463473715,-0.0850116784148187,-0.0850116784148187,-0.0850116784148187,0.0449328569998866
12.3671082351961,0,0.0210231372322994,0,12.3671082351961,0.0210231372322994,0.0210231372322994,0.0210231372322994,0.0160828742749283
12.3654554745313,0,-0.0686880413546458,0,12.3654554745313,-0.0686880413546458,-0.0686880413546458,-0.0686880413546458,0.0513325050706189
19.2556223171704,0,0.0285945738844167,0,19.2556223171704,0.0285945738844167,0.0285945738844167,0.0285945738844167,0.0139726523520546
34.7312424253189,0,0.00360906084633839,0,34.7312424253189,0.00360906084633839,0.00360906084633839,0.00360906084633839,0.017575833019559
54.7209102152747,0,0.0196726221291343,0,54.7209102152747,0.0196726221291343,0.0196726221291343,0.0196726221291343,0.0109274670854921
9.37577209119586,0,-0.0166622088619275,0,9.37577209119586,-0.0166622088619275,-0.0166622088619275,-0.0166622088619275,0.0509886552324907
8.22166390729103,0,0.0200227074138689,0,8.22166390729103,0.0200227074138689,0.0200227074138689,0.0200227074138689,0.0889316774406693
6.56936523894705,0,-0.0184803687031215,0,6.56936523894705,-0.0184803687031215,-0.0184803687031215,-0.0184803687031215,0.0397871786329299
7.36539602284415,0,-0.0247872150245361,0,7.36539602284415,-0.0247872150245361,-0.0247872150245361,-0.0247872150245361,0.114121672795408
9.34902839864339,0,-0.0319037471830898,0,9.34902839864339,-0.0319037471830898,-0.0319037471830898,-0.0319037471830898,0.0353702402159913
12.5616640281909,0,0.00441577973083164,0,12.5616640281909,0.00441577973083164,0.00441577973083164,0.00441577973083164,0.0138459086615911
10.5411867057519,0,-0.0885790708954701,0,10.5411867057519,-0.0885790708954701,-0.0885790708954701,-0.0885790708954701,0.0320565633703811
10.8363107906744,0,-0.028098390818107,0,10.8363107906744,-0.028098390818107,-0.028098390818107,-0.028098390818107,0.071926050301895
7.60971237336999,0,0.0425196941211018,0,7.60971237336999,0.0425196941211018,0.0425196941211018,0.0425196941211018,0.0675431227803087
5.93931454818625,0,-0.0606442522079505,0,5.93931454818625,-0.0606442522079505,-0.0606442522079505,-0.0606442522079505,0.0347252472962151
11.3171115233183,0,-0.0301299566297987,0,11.3171115233183,-0.0301299566297987,-0.0301299566297987,-0.0301299566297987,0.0549217163119364
12.491172371433,0,0.00616174807970621,0,12.491172371433,0.00616174807970621,0.00616174807970621,0.00616174807970621,0.0405245193389735
26.9159257982544,0,0.00103996356092225,0,26.9159257982544,0.00103996356092225,0.00103996356092225,0.00103996356092225,0.0289826613233299
23.3384346785706,0,0.0173424537425691,0,23.3384346785706,0.0173424537425691,0.0173424537425691,0.0173424537425691,0.0189266195413323
39.8146474017142,0,-0.0114906286129136,0,39.8146474017142,-0.0114906286129136,-0.0114906286129136,-0.0114906286129136,0.0491219546710594
16.8846431378076,0,0.0592246738975235,0,16.8846431378076,0.0592246738975235,0.0592246738975235,0.0592246738975235,0.0580511049145327
129.543664939788,0,0.187339131251037,0,129.543664939788,0.187339131251037,0.187339131251037,0.187339131251037,0.0392949098741799
7.87613657515693,0,0.0413542662923309,0,7.87613657515693,0.0413542662923309,0.0413542662923309,0.0413542662923309,0.0315625132232254
6.75451986071434,0,0.0140182295143905,0,6.75451986071434,0.0140182295143905,0.0140182295143905,0.0140182295143905,0.0568066082100863
14.6925462604222,0,-0.00458452472707301,0,14.6925462604222,-0.00458452472707301,-0.00458452472707301,-0.00458452472707301,0.0444254697733256
12.6985002447189,0,0.0156151615690587,0,12.6985002447189,0.0156151615690587,0.0156151615690587,0.0156151615690587,0.0344296478282526
14.3972634987083,0,-0.0237118006498921,0,14.3972634987083,-0.0237118006498921,-0.0237118006498921,-0.0237118006498921,0.0295064854269103
14.1514365378187,0,-0.0107350800784212,0,14.1514365378187,-0.0107350800784212,-0.0107350800784212,-0.0107350800784212,0.0554744268805768
27.9381463268887,0,-0.0196646199066465,0,27.9381463268887,-0.0196646199066465,-0.0196646199066465,-0.0196646199066465,0.0266030945529787
24.4728765020316,0,-0.0883766236254439,0,24.4728765020316,-0.0883766236254439,-0.0883766236254439,-0.0883766236254439,0.0473406670453721
13.4368696617468,0,0.0535402362440232,0,13.4368696617468,0.0535402362440232,0.0535402362440232,0.0535402362440232,0.0282079903838013
7.48402930279067,0,0.00968988201586394,0,7.48402930279067,0.00968988201586394,0.00968988201586394,0.00968988201586394,0.0686754083472401
25.9320346135502,0,-0.0232712391594247,0,25.9320346135502,-0.0232712391594247,-0.0232712391594247,-0.0232712391594247,0.0300519735078187
NA,NA,NA,NA,NA,NA,NA,NA,NA
12.0144898669671,0,-0.0304643580877798,0,12.0144898669671,-0.0304643580877798,-0.0304643580877798,-0.0304643580877798,0.0246585875375876
5.59197431763262,0,-0.0578220526680145,0,5.59197431763262,-0.0578220526680145,-0.0578220526680145,-0.0578220526680145,0.0290843221745671
7.10118523761685,0,-0.0285278978712163,0,7.10118523761685,-0.0285278978712163,-0.0285278978712163,-0.0285278978712163,0.0595492352872805
8.39406695268219,0,0.0167837864563465,0,8.39406695268219,0.0167837864563465,0.0167837864563465,0.0167837864563465,0.0322473662392579
6.68163411954067,0,0.0399525800720857,0,6.68163411954067,0.0399525800720857,0.0399525800720857,0.0399525800720857,0.0632642521725607
10.9419857642508,0,-0.0876235523401562,0,10.9419857642508,-0.0876235523401562,-0.0876235523401562,-0.0876235523401562,0.0336377588977628
9.567453602661,0,-0.0130573193727359,0,9.567453602661,-0.0130573193727359,-0.0130573193727359,-0.0130573193727359,0.0264340771076804
9.56764954052794,0,-0.00578932875863998,0,9.56764954052794,-0.00578932875863998,-0.00578932875863998,-0.00578932875863998,0.0288617279537588
9.58796747981615,0,0.00725905880614161,0,9.58796747981615,0.00725905880614161,0.00725905880614161,0.00725905880614161,0.0422687684348916
12.9045618909384,0,-0.020800428050844,0,12.9045618909384,-0.020800428050844,-0.020800428050844,-0.020800428050844,0.00918914559220215
9.03381024943225,0,-0.0258591277728825,0,9.03381024943225,-0.0258591277728825,-0.0258591277728825,-0.0258591277728825,0.0210013285642308
7.292171244769,0,0.0214216184583366,0,7.292171244769,0.0214216184583366,0.0214216184583366,0.0214216184583366,0.00787016036700002
10.6567948708008,0,0.0203455428827325,0,10.6567948708008,0.0203455428827325,0.0203455428827325,0.0203455428827325,0.0367174068081082
15.83958844307,0,0.0399832495665445,0,15.83958844307,0.0399832495665445,0.0399832495665445,0.0399832495665445,0.0130470310288665
17.7014293147066,0,0.0234372077444364,0,17.7014293147066,0.0234372077444364,0.0234372077444364,0.0234372077444364,0.0323786122878216
14.7585414478692,0,-0.0143222744287462,0,14.7585414478692,-0.0143222744287462,-0.0143222744287462,-0.0143222744287462,0.0637816832942033
8.7869971588466,0,0.0255650750927985,0,8.7869971588466,0.0255650750927985,0.0255650750927985,0.0255650750927985,0.0115189820321319
13.9836050997556,0,-0.0596374353307077,0,13.9836050997556,-0.0596374353307077,-0.0596374353307077,-0.0596374353307077,0.0260159424457815
11.3110693140974,0,0.00982781565554414,0,11.3110693140974,0.00982781565554414,0.00982781565554414,0.00982781565554414,0.0152975413868066
16.5519463473715,0,-0.0850116784148187,0,16.5519463473715,-0.0850116784148187,-0.0850116784148187,-0.0850116784148187,0.0449328569998866
12.3671082351961,0,0.0210231372322994,0,12.3671082351961,0.0210231372322994,0.0210231372322994,0.0210231372322994,0.0160828742749283
12.3654554745313,0,-0.0686880413546458,0,12.3654554745313,-0.0686880413546458,-0.0686880413546458,-0.0686880413546458,0.0513325050706189
19.2556223171704,0,0.0285945738844167,0,19.2556223171704,0.0285945738844167,0.0285945738844167,0.0285945738844167,0.0139726523520546
34.7312424253189,0,0.00360906084633839,0,34.7312424253189,0.00360906084633839,0.00360906084633839,0.00360906084633839,0.017575833019559
54.7209102152747,0,0.0196726221291343,0,54.7209102152747,0.0196726221291343,0.0196726221291343,0.0196726221291343,0.0109274670854921
9.37577209119586,0,-0.0166622088619275,0,9.37577209119586,-0.0166622088619275,-0.0166622088619275,-0.0166622088619275,0.0509886552324907
8.22166390729103,0,0.0200227074138689,0,8.22166390729103,0.0200227074138689,0.0200227074138689,0.0200227074138689,0.0889316774406693
6.56936523894705,0,-0.0184803687031215,0,6.56936523894705,-0.0184803687031215,-0.0184803687031215,-0.0184803687031215,0.0397871786329299
7.36539602284415,0,-0.0247872150245361,0,7.36539602284415,-0.0247872150245361,-0.0247872150245361,-0.0247872150245361,0.114121672795408
9.34902839864339,0,-0.0319037471830898,0,9.34902839864339,-0.0319037471830898,-0.0319037471830898,-0.0319037471830898,0.0353702402159913
12.5616640281909,0,0.00441577973083164,0,12.5616640281909,0.00441577973083164,0.00441577973083164,0.00441577973083164,0.0138459086615911
10.5411867057519,0,-0.0885790708954701,0,10.5411867057519,-0.0885790708954701,-0.0885790708954701,-0.0885790708954701,0.0320565633703811
10.8363107906744,0,-0.028098390818107,0,10.8363107906744,-0.028098390818107,-0.028098390818107,-0.028098390818107,0.071926050301895
7.60971237336999,0,0.0425196941211018,0,7.60971237336999,0.0425196941211018,0.0425196941211018,0.0425196941211018,0.0675431227803087
5.93931454818625,0,-0.0606442522079505,0,5.93931454818625,-0.0606442522079505,-0.0606442522079505,-0.0606442522079505,0.0347252472962151
11.3171115233183,0,-0.0301299566297987,0,11.3171115233183,-0.0301299566297987,-0.0301299566297987,-0.0301299566297987,0.0549217163119364
12.491172371433,0,0.00616174807970621,0,12.491172371433,0.00616174807970621,0.00616174807970621,0.00616174807970621,0.0405245193389735
26.9159257982544,0,0.00103996356092225,0,26.9159257982544,0.00103996356092225,0.00103996356092225,0.00103996356092225,0.0289826613233299
23.3384346785706,0,0.0173424537425691,0,23.3384346785706,0.0173424537425691,0.0173424537425691,0.0173424537425691,0.0189266195413323
39.8146474017142,0,-0.0114906286129136,0,39.8146474017142,-0.0114906286129136,-0.0114906286129136,-0.0114906286129136,0.0491219546710594
16.8846431378076,0,0.0592246738975235,0,16.8846431378076,0.0592246738975235,0.0592246738975235,0.0592246738975235,0.0580511049145327
129.543664939788,0,0.187339131251037,0,129.543664939788,0.187339131251037,0.187339131251037,0.187339131251037,0.0392949098741799
7.87613657515693,0,0.0413542662923309,0,7.87613657515693,0.0413542662923309,0.0413542662923309,0.0413542662923309,0.0315625132232254
6.75451986071434,0,0.0140182295143905,0,6.75451986071434,0.0140182295143905,0.0140182295143905,0.0140182295143905,0.0568066082100863
14.6925462604222,0,-0.00458452472707301,0,14.6925462604222,-0.00458452472707301,-0.00458452472707301,-0.00458452472707301,0.0444254697733256
12.6985002447189,0,0.0156151615690587,0,12.6985002447189,0.0156151615690587,0.0156151615690587,0.0156151615690587,0.0344296478282526
14.3972634987083,0,-0.0237118006498921,0,14.3972634987083,-0.0237118006498921,-0.0237118006498921,-0.0237118006498921,0.0295064854269103
14.1514365378187,0,-0.0107350800784212,0,14.1514365378187,-0.0107350800784212,-0.0107350800784212,-0.0107350800784212,0.0554744268805768
27.9381463268887,0,-0.0196646199066465,0,27.9381463268887,-0.0196646199066465,-0.0196646199066465,-0.0196646199066465,0.0266030945529787
24.4728765020316,0,-0.0883766236254439,0,24.4728765020316,-0.0883766236254439,-0.0883766236254439,-0.0883766236254439,0.0473406670453721
13.4368696617468,0,0.0535402362440232,0,13.4368696617468,0.0535402362440232,0.0535402362440232,0.0535402362440232,0.0282079903838013
7.48402930279067,0,0.00968988201586394,0,7.48402930279067,0.00968988201586394,0.00968988201586394,0.00968988201586394,0.0686754083472401
25.9320346135502,0,-0.0232712391594247,0,25.9320346135502,-0.0232712391594247,-0.0232712391594247,-0.0232712391594247,0.0300519735078187
NA,NA,NA,NA,NA,NA,NA,NA,NA
12.0144898669671,0,-0.0304643580877798,0,12.0144898669671,-0.0304643580877798,-0.0304643580877798,-0.0304643580877798,0.0246585875375876
5.59197431763262,0,-0.0578220526680145,0,5.59197431763262,-0.0578220526680145,-0.0578220526680145,-0.0578220526680145,0.0290843221745671
7.10118523761685,0,-0.0285278978712163,0,7.10118523761685,-0.0285278978712163,-0.0285278978712163,-0.0285278978712163,0.0595492352872805
8.39406695268219,0,0.0167837864563465,0,8.39406695268219,0.0167837864563465,0.0167837864563465,0.0167837864563465,0.0322473662392579
6.68163411954067,0,0.0399525800720857,0,6.68163411954067,0.0399525800720857,0.0399525800720857,0.0399525800720857,0.0632642521725607
10.9419857642508,0,-0.0876235523401562,0,10.9419857642508,-0.0876235523401562,-0.0876235523401562,-0.0876235523401562,0.0336377588977628
9.567453602661,0,-0.0130573193727359,0,9.567453602661,-0.0130573193727359,-0.0130573193727359,-0.0130573193727359,0.0264340771076804
9.56764954052794,0,-0.00578932875863998,0,9.56764954052794,-0.00578932875863998,-0.00578932875863998,-0.00578932875863998,0.0288617279537588
9.58796747981615,0,0.00725905880614161,0,9.58796747981615,0.00725905880614161,0.00725905880614161,0.00725905880614161,0.0422687684348916
12.9045618909384,0,-0.020800428050844,0,12.9045618909384,-0.020800428050844,-0.020800428050844,-0.020800428050844,0.00918914559220215
9.03381024943225,0,-0.0258591277728825,0,9.03381024943225,-0.0258591277728825,-0.0258591277728825,-0.0258591277728825,0.0210013285642308
7.292171244769,0,0.0214216184583366,0,7.292171244769,0.0214216184583366,0.0214216184583366,0.0214216184583366,0.00787016036700002
10.6567948708008,0,0.0203455428827325,0,10.6567948708008,0.0203455428827325,0.0203455428827325,0.0203455428827325,0.0367174068081082
15.83958844307,0,0.0399832495665445,0,15.83958844307,0.0399832495665445,0.0399832495665445,0.0399832495665445,0.0130470310288665
17.7014293147066,0,0.0234372077444364,0,17.7014293147066,0.0234372077444364,0.0234372077444364,0.0234372077444364,0.0323786122878216
14.7585414478692,0,-0.0143222744287462,0,14.7585414478692,-0.0143222744287462,-0.0143222744287462,-0.0143222744287462,0.0637816832942033
8.7869971588466,0,0.0255650750927985,0,8.7869971588466,0.0255650750927985,0.0255650750927985,0.0255650750927985,0.0115189820321319
13.9836050997556,0,-0.0596374353307077,0,13.9836050997556,-0.0596374353307077,-0.0596374353307077,-0.0596374353307077,0.0260159424457815
11.3110693140974,0,0.00982781565554414,0,11.3110693140974,0.00982781565554414,0.00982781565554414,0.00982781565554414,0.0152975413868066
16.5519463473715,0,-0.0850116784148187,0,16.5519463473715,-0.0850116784148187,-0.0850116784148187,-0.0850116784148187,0.0449328569998866
12.3671082351961,0,0.0210231372322994,0,12.3671082351961,0.0210231372322994,0.0210231372322994,0.0210231372322994,0.0160828742749283
12.3654554745313,0,-0.0686880413546458,0,12.3654554745313,-0.0686880413546458,-0.0686880413546458,-0.0686880413546458,0.0513325050706189
19.2556223171704,0,0.0285945738844167,0,19.2556223171704,0.0285945738844167,0.0285945738844167,0.0285945738844167,0.0139726523520546
34.7312424253189,0,0.00360906084633839,0,34.7312424253189,0.00360906084633839,0.00360906084633839,0.00360906084633839,0.017575833019559
54.7209102152747,0,0.0196726221291343,0,54.7209102152747,0.0196726221291343,0.0196726221291343,0.0196726221291343,0.0109274670854921
9.37577209119586,0,-0.0166622088619275,0,9.37577209119586,-0.0166622088619275,-0.0166622088619275,-0.0166622088619275,0.0509886552324907
8.22166390729103,0,0.0200227074138689,0,8.22166390729103,0.0200227074138689,0.0200227074138689,0.0200227074138689,0.0889316774406693
6.56936523894705,0,-0.0184803687031215,0,6.56936523894705,-0.0184803687031215,-0.0184803687031215,-0.0184803687031215,0.0397871786329299
7.36539602284415,0,-0.0247872150245361,0,7.36539602284415,-0.0247872150245361,-0.0247872150245361,-0.0247872150245361,0.114121672795408
9.34902839864339,0,-0.0319037471830898,0,9.34902839864339,-0.0319037471830898,-0.0319037471830898,-0.0319037471830898,0.0353702402159913
12.5616640281909,0,0.00441577973083164,0,12.5616640281909,0.00441577973083164,0.00441577973083164,0.00441577973083164,0.0138459086615911
10.5411867057519,0,-0.0885790708954701,0,10.5411867057519,-0.0885790708954701,-0.0885790708954701,-0.0885790708954701,0.0320565633703811
10.8363107906744,0,-0.028098390818107,0,10.8363107906744,-0.028098390818107,-0.028098390818107,-0.028098390818107,0.071926050301895
7.60971237336999,0,0.0425196941211018,0,7.60971237336999,0.0425196941211018,0.0425196941211018,0.0425196941211018,0.0675431227803087
5.93931454818625,0,-0.0606442522079505,0,5.93931454818625,-0.0606442522079505,-0.0606442522079505,-0.0606442522079505,0.0347252472962151
11.3171115233183,0,-0.0301299566297987,0,11.3171115233183,-0.0301299566297987,-0.0301299566297987,-0.0301299566297987,0.0549217163119364
12.491172371433,0,0.00616174807970621,0,12.491172371433,0.00616174807970621,0.00616174807970621,0.00616174807970621,0.0405245193389735
26.9159257982544,0,0.00103996356092225,0,26.9159257982544,0.00103996356092225,0.00103996356092225,0.00103996356092225,0.0289826613233299
23.3384346785706,0,0.0173424537425691,0,23.3384346785706,0.0173424537425691,0.0173424537425691,0.0173424537425691,0.0189266195413323
39.8146474017142,0,-0.0114906286129136,0,39.8146474017142,-0.0114906286129136,-0.0114906286129136,-0.0114906286129136,0.0491219546710594
16.8846431378076,0,0.0592246738975235,0,16.8846431378076,0.0592246738975235,0.0592246738975235,0.0592246738975235,0.0580511049145327
129.543664939788,0,0.187339131251037,0,129.543664939788,0.187339131251037,0.187339131251037,0.187339131251037,0.0392949098741799
7.87613657515693,0,0.0413542662923309,0,7.87613657515693,0.0413542662923309,0.0413542662923309,0.0413542662923309,0.0315625132232254
6.75451986071434,0,0.0140182295143905,0,6.75451986071434,0.0140182295143905,0.0140182295143905,0.0140182295143905,0.0568066082100863
14.6925462604222,0,-0.00458452472707301,0,14.6925462604222,-0.00458452472707301,-0.00458452472707301,-0.00458452472707301,0.0444254697733256
12.6985002447189,0,0.0156151615690587,0,12.6985002447189,0.0156151615690587,0.0156151615690587,0.0156151615690587,0.0344296478282526
14.3972634987083,0,-0.0237118006498921,0,14.3972634987083,-0.0237118006498921,-0.0237118006498921,-0.0237118006498921,0.0295064854269103
14.1514365378187,0,-0.0107350800784212,0,14.1514365378187,-0.0107350800784212,-0.0107350800784212,-0.0107350800784212,0.0554744268805768
27.9381463268887,0,-0.0196646199066465,0,27.9381463268887,-0.0196646199066465,-0.0196646199066465,-0.0196646199066465,0.0266030945529787
24.4728765020316,0,-0.0883766236254439,0,24.4728765020316,-0.0883766236254439,-0.0883766236254439,-0.0883766236254439,0.0473406670453721
11.303125406956,0,0.0200076122858094,0,11.303125406956,0.0200076122858094,0.0200076122858094,0.0200076122858094,0.0675102696912362
7.48402930279067,0,0.00968988201586394,0,7.48402930279067,0.00968988201586394,0.00968988201586394,0.00968988201586394,0.0686754083472401
25.9320346135502,0,-0.0232712391594247,0,25.9320346135502,-0.0232712391594247,-0.0232712391594247,-0.0232712391594247,0.0300519735078187
NA,NA,NA,NA,NA,NA,NA,NA,NA
12.0144898669671,0,-0.0304643580877798,0,12.0144898669671,-0.0304643580877798,-0.0304643580877798,-0.0304643580877798,0.0246585875375876
5.59197431763262,0,-0.0578220526680145,0,5.59197431763262,-0.0578220526680145,-0.0578220526680145,-0.0578220526680145,0.0290843221745671
7.10118523761685,0,-0.0285278978712163,0,7.10118523761685,-0.0285278978712163,-0.0285278978712163,-0.0285278978712163,0.0595492352872805
8.39406695268219,0,0.0167837864563465,0,8.39406695268219,0.0167837864563465,0.0167837864563465,0.0167837864563465,0.0322473662392579
6.68163411954067,0,0.0399525800720857,0,6.68163411954067,0.0399525800720857,0.0399525800720857,0.0399525800720857,0.0632642521725607
10.9419857642508,0,-0.0876235523401562,0,10.9419857642508,-0.0876235523401562,-0.0876235523401562,-0.0876235523401562,0.0336377588977628
9.567453602661,0,-0.0130573193727359,0,9.567453602661,-0.0130573193727359,-0.0130573193727359,-0.0130573193727359,0.0264340771076804
9.56764954052794,0,-0.00578932875863998,0,9.56764954052794,-0.00578932875863998,-0.00578932875863998,-0.00578932875863998,0.0288617279537588
9.58796747981615,0,0.00725905880614161,0,9.58796747981615,0.00725905880614161,0.00725905880614161,0.00725905880614161,0.0422687684348916
12.9045618909384,0,-0.020800428050844,0,12.9045618909384,-0.020800428050844,-0.020800428050844,-0.020800428050844,0.00918914559220215
9.03381024943225,0,-0.0258591277728825,0,9.03381024943225,-0.0258591277728825,-0.0258591277728825,-0.0258591277728825,0.0210013285642308
7.292171244769,0,0.0214216184583366,0,7.292171244769,0.0214216184583366,0.0214216184583366,0.0214216184583366,0.00787016036700002
10.6567948708008,0,0.0203455428827325,0,10.6567948708008,0.0203455428827325,0.0203455428827325,0.0203455428827325,0.0367174068081082
15.83958844307,0,0.0399832495665445,0,15.83958844307,0.0399832495665445,0.0399832495665445,0.0399832495665445,0.0130470310288665
17.7014293147066,0,0.0234372077444364,0,17.7014293147066,0.0234372077444364,0.0234372077444364,0.0234372077444364,0.0323786122878216
14.7585414478692,0,-0.0143222744287462,0,14.7585414478692,-0.0143222744287462,-0.0143222744287462,-0.0143222744287462,0.0637816832942033
8.7869971588466,0,0.0255650750927985,0,8.7869971588466,0.0255650750927985,0.0255650750927985,0.0255650750927985,0.0115189820321319
13.9836050997556,0,-0.0596374353307077,0,13.9836050997556,-0.0596374353307077,-0.0596374353307077,-0.0596374353307077,0.0260159424457815
11.3110693140974,0,0.00982781565554414,0,11.3110693140974,0.00982781565554414,0.00982781565554414,0.00982781565554414,0.0152975413868066
16.5519463473715,0,-0.0850116784148187,0,16.5519463473715,-0.0850116784148187,-0.0850116784148187,-0.0850116784148187,0.0449328569998866
12.3671082351961,0,0.0210231372322994,0,12.3671082351961,0.0210231372322994,0.0210231372322994,0.0210231372322994,0.0160828742749283
12.3654554745313,0,-0.0686880413546458,0,12.3654554745313,-0.0686880413546458,-0.0686880413546458,-0.0686880413546458,0.0513325050706189
19.2556223171704,0,0.0285945738844167,0,19.2556223171704,0.0285945738844167,0.0285945738844167,0.0285945738844167,0.0139726523520546
34.7312424253189,0,0.00360906084633839,0,34.7312424253189,0.00360906084633839,0.00360906084633839,0.00360906084633839,0.017575833019559
54.7209102152747,0,0.0196726221291343,0,54.7209102152747,0.0196726221291343,0.0196726221291343,0.0196726221291343,0.0109274670854921
9.37577209119586,0,-0.0166622088619275,0,9.37577209119586,-0.0166622088619275,-0.0166622088619275,-0.0166622088619275,0.0509886552324907
8.22166390729103,0,0.0200227074138689,0,8.22166390729103,0.0200227074138689,0.0200227074138689,0.0200227074138689,0.0889316774406693
6.56936523894705,0,-0.0184803687031215,0,6.56936523894705,-0.0184803687031215,-0.0184803687031215,-0.0184803687031215,0.0397871786329299
7.36539602284415,0,-0.0247872150245361,0,7.36539602284415,-0.0247872150245361,-0.0247872150245361,-0.0247872150245361,0.114121672795408
9.34902839864339,0,-0.0319037471830898,0,9.34902839864339,-0.0319037471830898,-0.0319037471830898,-0.0319037471830898,0.0353702402159913
12.5616640281909,0,0.00441577973083164,0,12.5616640281909,0.00441577973083164,0.00441577973083164,0.00441577973083164,0.0138459086615911
10.5411867057519,0,-0.0885790708954701,0,10.5411867057519,-0.0885790708954701,-0.0885790708954701,-0.0885790708954701,0.0320565633703811
10.8363107906744,0,-0.028098390818107,0,10.8363107906744,-0.028098390818107,-0.028098390818107,-0.028098390818107,0.071926050301895
7.60971237336999,0,0.0425196941211018,0,7.60971237336999,0.0425196941211018,0.0425196941211018,0.0425196941211018,0.0675431227803087
5.93931454818625,0,-0.0606442522079505,0,5.93931454818625,-0.0606442522079505,-0.0606442522079505,-0.0606442522079505,0.0347252472962151
11.3171115233183,0,-0.0301299566297987,0,11.3171115233183,-0.0301299566297987,-0.0301299566297987,-0.0301299566297987,0.0549217163119364
12.491172371433,0,0.00616174807970621,0,12.491172371433,0.00616174807970621,0.00616174807970621,0.00616174807970621,0.0405245193389735
26.9159257982544,0,0.00103996356092225,0,26.9159257982544,0.00103996356092225,0.00103996356092225,0.00103996356092225,0.0289826613233299
23.3384346785706,0,0.0173424537425691,0,23.3384346785706,0.0173424537425691,0.0173424537425691,0.0173424537425691,0.0189266195413323
39.8146474017142,0,-0.0114906286129136,0,39.8146474017142,-0.0114906286129136,-0.0114906286129136,-0.0114906286129136,0.0491219546710594
16.8846431378076,0,0.0592246738975235,0,16.8846431378076,0.0592246738975235,0.0592246738975235,0.0592246738975235,0.0580511049145327
129.543664939788,0,0.187339131251037,0,129.543664939788,0.187339131251037,0.187339131251037,0.187339131251037,0.0392949098741799
7.87613657515693,0,0.0413542662923309,0,7.87613657515693,0.0413542662923309,0.0413542662923309,0.0413542662923309,0.0315625132232254
6.75451986071434,0,0.0140182295143905,0,6.75451986071434,0.0140182295143905,0.0140182295143905,0.0140182295143905,0.0568066082100863
14.6925462604222,0,-0.00458452472707301,0,14.6925462604222,-0.00458452472707301,-0.00458452472707301,-0.00458452472707301,0.0444254697733256
12.6985002447189,0,0.0156151615690587,0,12.6985002447189,0.0156151615690587,0.0156151615690587,0.0156151615690587,0.0344296478282526
14.3972634987083,0,-0.0237118006498921,0,14.3972634987083,-0.0237118006498921,-0.0237118006498921,-0.0237118006498921,0.0295064854269103
14.1514365378187,0,-0.0107350800784212,0,14.1514365378187,-0.0107350800784212,-0.0107350800784212,-0.0107350800784212,0.0554744268805768
27.9381463268887,0,-0.0196646199066465,0,27.9381463268887,-0.0196646199066465,-0.0196646199066465,-0.0196646199066465,0.0266030945529787
24.4728765020316,0,-0.0883766236254439,0,24.4728765020316,-0.0883766236254439,-0.0883766236254439,-0.0883766236254439,0.0473406670453721
11.303125406956,0,0.0200076122858094,0,11.303125406956,0.0200076122858094,0.0200076122858094,0.0200076122858094,0.0675102696912362
7.48402930279067,0,0.00968988201586394,0,7.48402930279067,0.00968988201586394,0.00968988201586394,0.00968988201586394,0.0686754083472401
25.9320346135502,0,-0.0232712391594247,0,25.9320346135502,-0.0232712391594247,-0.0232712391594247,-0.0232712391594247,0.0300519735078187
NA,NA,NA,NA,NA,NA,NA,NA,NA
12.0144898669671,0,-0.0304643580877798,0,12.0144898669671,-0.0304643580877798,-0.0304643580877798,-0.0304643580877798,0.0246585875375876
5.59197431763262,0,-0.0578220526680145,0,5.59197431763262,-0.0578220526680145,-0.0578220526680145,-0.0578220526680145,0.0290843221745671
7.10118523761685,0,-0.0285278978712163,0,7.10118523761685,-0.0285278978712163,-0.0285278978712163,-0.0285278978712163,0.0595492352872805
8.39406695268219,0,0.0167837864563465,0,8.39406695268219,0.0167837864563465,0.0167837864563465,0.0167837864563465,0.0322473662392579
6.68163411954067,0,0.0399525800720857,0,6.68163411954067,0.0399525800720857,0.0399525800720857,0.0399525800720857,0.0632642521725607
10.9419857642508,0,-0.0876235523401562,0,10.9419857642508,-0.0876235523401562,-0.0876235523401562,-0.0876235523401562,0.0336377588977628
9.567453602661,0,-0.0130573193727359,0,9.567453602661,-0.0130573193727359,-0.0130573193727359,-0.0130573193727359,0.0264340771076804
9.56764954052794,0,-0.00578932875863998,0,9.56764954052794,-0.00578932875863998,-0.00578932875863998,-0.00578932875863998,0.0288617279537588
9.58796747981615,0,0.00725905880614161,0,9.58796747981615,0.00725905880614161,0.00725905880614161,0.00725905880614161,0.0422687684348916
12.9045618909384,0,-0.020800428050844,0,12.9045618909384,-0.020800428050844,-0.020800428050844,-0.020800428050844,0.00918914559220215
9.03381024943225,0,-0.0258591277728825,0,9.03381024943225,-0.0258591277728825,-0.0258591277728825,-0.0258591277728825,0.0210013285642308
7.292171244769,0,0.0214216184583366,0,7.292171244769,0.0214216184583366,0.0214216184583366,0.0214216184583366,0.00787016036700002
10.6567948708008,0,0.0203455428827325,0,10.6567948708008,0.0203455428827325,0.0203455428827325,0.0203455428827325,0.0367174068081082
15.83958844307,0,0.0399832495665445,0,15.83958844307,0.0399832495665445,0.0399832495665445,0.0399832495665445,0.0130470310288665
17.7014293147066,0,0.0234372077444364,0,17.7014293147066,0.0234372077444364,0.0234372077444364,0.0234372077444364,0.0323786122878216
14.7585414478692,0,-0.0143222744287462,0,14.7585414478692,-0.0143222744287462,-0.0143222744287462,-0.0143222744287462,0.0637816832942033
8.7869971588466,0,0.0255650750927985,0,8.7869971588466,0.0255650750927985,0.0255650750927985,0.0255650750927985,0.0115189820321319
13.9836050997556,0,-0.0596374353307077,0,13.9836050997556,-0.0596374353307077,-0.0596374353307077,-0.0596374353307077,0.0260159424457815
11.3110693140974,0,0.00982781565554414,0,11.3110693140974,0.00982781565554414,0.00982781565554414,0.00982781565554414,0.0152975413868066
16.5519463473715,0,-0.0850116784148187,0,16.5519463473715,-0.0850116784148187,-0.0850116784148187,-0.0850116784148187,0.0449328569998866
12.3671082351961,0,0.0210231372322994,0,12.3671082351961,0.0210231372322994,0.0210231372322994,0.0210231372322994,0.0160828742749283
12.3654554745313,0,-0.0686880413546458,0,12.3654554745313,-0.0686880413546458,-0.0686880413546458,-0.0686880413546458,0.0513325050706189
19.2556223171704,0,0.0285945738844167,0,19.2556223171704,0.0285945738844167,0.0285945738844167,0.0285945738844167,0.0139726523520546
34.7312424253189,0,0.00360906084633839,0,34.7312424253189,0.00360906084633839,0.00360906084633839,0.00360906084633839,0.017575833019559
54.7209102152747,0,0.0196726221291343,0,54.7209102152747,0.0196726221291343,0.0196726221291343,0.0196726221291343,0.0109274670854921
9.37577209119586,0,-0.0166622088619275,0,9.37577209119586,-0.0166622088619275,-0.0166622088619275,-0.0166622088619275,0.0509886552324907
8.22166390729103,0,0.0200227074138689,0,8.22166390729103,0.0200227074138689,0.0200227074138689,0.0200227074138689,0.0889316774406693
6.56936523894705,0,-0.0184803687031215,0,6.56936523894705,-0.0184803687031215,-0.0184803687031215,-0.0184803687031215,0.0397871786329299
7.36539602284415,0,-0.0247872150245361,0,7.36539602284415,-0.0247872150245361,-0.0247872150245361,-0.0247872150245361,0.114121672795408
9.34902839864339,0,-0.0319037471830898,0,9.34902839864339,-0.0319037471830898,-0.0319037471830898,-0.0319037471830898,0.0353702402159913
12.5616640281909,0,0.00441577973083164,0,12.5616640281909,0.00441577973083164,0.00441577973083164,0.00441577973083164,0.0138459086615911
10.5411867057519,0,-0.0885790708954701,0,10.5411867057519,-0.0885790708954701,-0.0885790708954701,-0.0885790708954701,0.0320565633703811
10.8363107906744,0,-0.028098390818107,0,10.8363107906744,-0.028098390818107,-0.028098390818107,-0.028098390818107,0.071926050301895
7.60971237336999,0,0.0425196941211018,0,7.60971237336999,0.0425196941211018,0.0425196941211018,0.0425196941211018,0.0675431227803087
5.93931454818625,0,-0.0606442522079505,0,5.93931454818625,-0.0606442522079505,-0.0606442522079505,-0.0606442522079505,0.0347252472962151
11.3171115233183,0,-0.0301299566297987,0,11.3171115233183,-0.0301299566297987,-0.0301299566297987,-0.0301299566297987,0.0549217163119364
12.491172371433,0,0.00616174807970621,0,12.491172371433,0.00616174807970621,0.00616174807970621,0.00616174807970621,0.0405245193389735
26.9159257982544,0,0.00103996356092225,0,26.9159257982544,0.00103996356092225,0.00103996356092225,0.00103996356092225,0.0289826613233299
23.3384346785706,0,0.0173424537425691,0,23.3384346785706,0.0173424537425691,0.0173424537425691,0.0173424537425691,0.0189266195413323
39.8146474017142,0,-0.0114906286129136,0,39.8146474017142,-0.0114906286129136,-0.0114906286129136,-0.0114906286129136,0.0491219546710594
16.8846431378076,0,0.0592246738975235,0,16.8846431378076,0.0592246738975235,0.0592246738975235,0.0592246738975235,0.0580511049145327
129.543664939788,0,0.187339131251037,0,129.543664939788,0.187339131251037,0.187339131251037,0.187339131251037,0.0392949098741799
7.87613657515693,0,0.0413542662923309,0,7.87613657515693,0.0413542662923309,0.0413542662923309,0.0413542662923309,0.0315625132232254
6.75451986071434,0,0.0140182295143905,0,6.75451986071434,0.0140182295143905,0.0140182295143905,0.0140182295143905,0.0568066082100863
14.6925462604222,0,-0.00458452472707301,0,14.6925462604222,-0.00458452472707301,-0.00458452472707301,-0.00458452472707301,0.0444254697733256
12.6985002447189,0,0.0156151615690587,0,12.6985002447189,0.0156151615690587,0.0156151615690587,0.0156151615690587,0.0344296478282526
14.3972634987083,0,-0.0237118006498921,0,14.3972634987083,-0.0237118006498921,-0.0237118006498921,-0.0237118006498921,0.0295064854269103
14.1514365378187,0,-0.0107350800784212,0,14.1514365378187,-0.0107350800784212,-0.0107350800784212,-0.0107350800784212,0.0554744268805768
27.9381463268887,0,-0.0196646199066465,0,27.9381463268887,-0.0196646199066465,-0.0196646199066465,-0.0196646199066465,0.0266030945529787
24.4728765020316,0,-0.0883766236254439,0,24.4728765020316,-0.0883766236254439,-0.0883766236254439,-0.0883766236254439,0.0473406670453721
11.303125406956,0,0.0200076122858094,0,11.303125406956,0.0200076122858094,0.0200076122858094,0.0200076122858094,0.0675102696912362
7.48402930279067,0,0.00968988201586394,0,7.48402930279067,0.00968988201586394,0.00968988201586394,0.00968988201586394,0.0686754083472401
25.9320346135502,0,-0.0232712391594247,0,25.9320346135502,-0.0232712391594247,-0.0232712391594247,-0.0232712391594247,0.0300519735078187
NA,NA,NA,NA,NA,NA,NA,NA,NA
12.0144898669671,0,-0.0304643580877798,0,12.0144898669671,-0.0304643580877798,-0.0304643580877798,-0.0304643580877798,0.0246585875375876
5.59197431763262,0,-0.0578220526680145,0,5.59197431763262,-0.0578220526680145,-0.0578220526680145,-0.0578220526680145,0.0290843221745671
7.10118523761685,0,-0.0285278978712163,0,7.10118523761685,-0.0285278978712163,-0.0285278978712163,-0.0285278978712163,0.0595492352872805
8.39406695268219,0,0.0167837864563465,0,8.39406695268219,0.0167837864563465,0.0167837864563465,0.0167837864563465,0.0322473662392579
6.68163411954067,0,0.0399525800720857,0,6.68163411954067,0.0399525800720857,0.0399525800720857,0.0399525800720857,0.0632642521725607
10.9419857642508,0,-0.0876235523401562,0,10.9419857642508,-0.0876235523401562,-0.0876235523401562,-0.0876235523401562,0.0336377588977628
9.567453602661,0,-0.0130573193727359,0,9.567453602661,-0.0130573193727359,-0.0130573193727359,-0.0130573193727359,0.0264340771076804
9.56764954052794,0,-0.00578932875863998,0,9.56764954052794,-0.00578932875863998,-0.00578932875863998,-0.00578932875863998,0.0288617279537588
9.58796747981615,0,0.00725905880614161,0,9.58796747981615,0.00725905880614161,0.00725905880614161,0.00725905880614161,0.0422687684348916
12.9045618909384,0,-0.020800428050844,0,12.9045618909384,-0.020800428050844,-0.020800428050844,-0.020800428050844,0.00918914559220215
9.03381024943225,0,-0.0258591277728825,0,9.03381024943225,-0.0258591277728825,-0.0258591277728825,-0.0258591277728825,0.0210013285642308
7.292171244769,0,0.0214216184583366,0,7.292171244769,0.0214216184583366,0.0214216184583366,0.0214216184583366,0.00787016036700002
10.6567948708008,0,0.0203455428827325,0,10.6567948708008,0.0203455428827325,0.0203455428827325,0.0203455428827325,0.0367174068081082
15.83958844307,0,0.0399832495665445,0,15.83958844307,0.0399832495665445,0.0399832495665445,0.0399832495665445,0.0130470310288665
17.7014293147066,0,0.0234372077444364,0,17.7014293147066,0.0234372077444364,0.0234372077444364,0.0234372077444364,0.0323786122878216
14.7585414478692,0,-0.0143222744287462,0,14.7585414478692,-0.0143222744287462,-0.0143222744287462,-0.0143222744287462,0.0637816832942033
8.7869971588466,0,0.0255650750927985,0,8.7869971588466,0.0255650750927985,0.0255650750927985,0.0255650750927985,0.0115189820321319
13.9836050997556,0,-0.0596374353307077,0,13.9836050997556,-0.0596374353307077,-0.0596374353307077,-0.0596374353307077,0.0260159424457815
11.3110693140974,0,0.00982781565554414,0,11.3110693140974,0.00982781565554414,0.00982781565554414,0.00982781565554414,0.0152975413868066
16.5519463473715,0,-0.0850116784148187,0,16.5519463473715,-0.0850116784148187,-0.0850116784148187,-0.0850116784148187,0.0449328569998866
12.3671082351961,0,0.0210231372322994,0,12.3671082351961,0.0210231372322994,0.0210231372322994,0.0210231372322994,0.0160828742749283
12.3654554745313,0,-0.0686880413546458,0,12.3654554745313,-0.0686880413546458,-0.0686880413546458,-0.0686880413546458,0.0513325050706189
19.2556223171704,0,0.0285945738844167,0,19.2556223171704,0.0285945738844167,0.0285945738844167,0.0285945738844167,0.0139726523520546
34.7312424253189,0,0.00360906084633839,0,34.7312424253189,0.00360906084633839,0.00360906084633839,0.00360906084633839,0.017575833019559
54.7209102152747,0,0.0196726221291343,0,54.7209102152747,0.0196726221291343,0.0196726221291343,0.0196726221291343,0.0109274670854921
9.37577209119586,0,-0.0166622088619275,0,9.37577209119586,-0.0166622088619275,-0.0166622088619275,-0.0166622088619275,0.0509886552324907
8.22166390729103,0,0.0200227074138689,0,8.22166390729103,0.0200227074138689,0.0200227074138689,0.0200227074138689,0.0889316774406693
6.56936523894705,0,-0.0184803687031215,0,6.56936523894705,-0.0184803687031215,-0.0184803687031215,-0.0184803687031215,0.0397871786329299
7.36539602284415,0,-0.0247872150245361,0,7.36539602284415,-0.0247872150245361,-0.0247872150245361,-0.0247872150245361,0.114121672795408
9.34902839864339,0,-0.0319037471830898,0,9.34902839864339,-0.0319037471830898,-0.0319037471830898,-0.0319037471830898,0.0353702402159913
12.5616640281909,0,0.00441577973083164,0,12.5616640281909,0.00441577973083164,0.00441577973083164,0.00441577973083164,0.0138459086615911
10.5411867057519,0,-0.0885790708954701,0,10.5411867057519,-0.0885790708954701,-0.0885790708954701,-0.0885790708954701,0.0320565633703811
10.8363107906744,0,-0.028098390818107,0,10.8363107906744,-0.028098390818107,-0.028098390818107,-0.028098390818107,0.071926050301895
7.60971237336999,0,0.0425196941211018,0,7.60971237336999,0.0425196941211018,0.0425196941211018,0.0425196941211018,0.0675431227803087
5.93931454818625,0,-0.0606442522079505,0,5.93931454818625,-0.0606442522079505,-0.0606442522079505,-0.0606442522079505,0.0347252472962151
11.3171115233183,0,-0.0301299566297987,0,11.3171115233183,-0.0301299566297987,-0.0301299566297987,-0.0301299566297987,0.0549217163119364
12.491172371433,0,0.00616174807970621,0,12.491172371433,0.00616174807970621,0.00616174807970621,0.00616174807970621,0.0405245193389735
26.9159257982544,0,0.00103996356092225,0,26.9159257982544,0.00103996356092225,0.00103996356092225,0.00103996356092225,0.0289826613233299
23.3384346785706,0,0.0173424537425691,0,23.3384346785706,0.0173424537425691,0.0173424537425691,0.0173424537425691,0.0189266195413323
39.8146474017142,0,-0.0114906286129136,0,39.8146474017142,-0.0114906286129136,-0.0114906286129136,-0.0114906286129136,0.0491219546710594
16.8846431378076,0,0.0592246738975235,0,16.8846431378076,0.0592246738975235,0.0592246738975235,0.0592246738975235,0.0580511049145327
129.543664939788,0,0.187339131251037,0,129.543664939788,0.187339131251037,0.187339131251037,0.187339131251037,0.0392949098741799
7.87613657515693,0,0.0413542662923309,0,7.87613657515693,0.0413542662923309,0.0413542662923309,0.0413542662923309,0.0315625132232254
6.75451986071434,0,0.0140182295143905,0,6.75451986071434,0.0140182295143905,0.0140182295143905,0.0140182295143905,0.0568066082100863
14.6925462604222,0,-0.00458452472707301,0,14.6925462604222,-0.00458452472707301,-0.00458452472707301,-0.00458452472707301,0.0444254697733256
12.6985002447189,0,0.0156151615690587,0,12.6985002447189,0.0156151615690587,0.0156151615690587,0.0156151615690587,0.0344296478282526
14.3972634987083,0,-0.0237118006498921,0,14.3972634987083,-0.0237118006498921,-0.0237118006498921,-0.0237118006498921,0.0295064854269103
14.1514365378187,0,-0.0107350800784212,0,14.1514365378187,-0.0107350800784212,-0.0107350800784212,-0.0107350800784212,0.0554744268805768
27.9381463268887,0,-0.0196646199066465,0,27.9381463268887,-0.0196646199066465,-0.0196646199066465,-0.0196646199066465,0.0266030945529787
24.4728765020316,0,-0.0883766236254439,0,24.4728765020316,-0.0883766236254439,-0.0883766236254439,-0.0883766236254439,0.0473406670453721
11.303125406956,0,0.0200076122858094,0,11.303125406956,0.0200076122858094,0.0200076122858094,0.0200076122858094,0.0675102696912362
7.48402930279067,0,0.00968988201586394,0,7.48402930279067,0.00968988201586394,0.00968988201586394,0.00968988201586394,0.0686754083472401
25.9320346135502,0,-0.0232712391594247,0,25.9320346135502,-0.0232712391594247,-0.0232712391594247,-0.0232712391594247,0.0300519735078187
NA,NA,NA,NA,NA,NA,NA,NA,NA
12.0144898669671,0,-0.0304643580877798,0,12.0144898669671,-0.0304643580877798,-0.0304643580877798,-0.0304643580877798,0.0246585875375876
5.59197431763262,0,-0.0578220526680145,0,5.59197431763262,-0.0578220526680145,-0.0578220526680145,-0.0578220526680145,0.0290843221745671
7.10118523761685,0,-0.0285278978712163,0,7.10118523761685,-0.0285278978712163,-0.0285278978712163,-0.0285278978712163,0.0595492352872805
8.39406695268219,0,0.0167837864563465,0,8.39406695268219,0.0167837864563465,0.0167837864563465,0.0167837864563465,0.0322473662392579
6.68163411954067,0,0.0399525800720857,0,6.68163411954067,0.0399525800720857,0.0399525800720857,0.0399525800720857,0.0632642521725607
10.9419857642508,0,-0.0876235523401562,0,10.9419857642508,-0.0876235523401562,-0.0876235523401562,-0.0876235523401562,0.0336377588977628
9.567453602661,0,-0.0130573193727359,0,9.567453602661,-0.0130573193727359,-0.0130573193727359,-0.0130573193727359,0.0264340771076804
9.56764954052794,0,-0.00578932875863998,0,9.56764954052794,-0.00578932875863998,-0.00578932875863998,-0.00578932875863998,0.0288617279537588
9.58796747981615,0,0.00725905880614161,0,9.58796747981615,0.00725905880614161,0.00725905880614161,0.00725905880614161,0.0422687684348916
12.9045618909384,0,-0.020800428050844,0,12.9045618909384,-0.020800428050844,-0.020800428050844,-0.020800428050844,0.00918914559220215
9.03381024943225,0,-0.0258591277728825,0,9.03381024943225,-0.0258591277728825,-0.0258591277728825,-0.0258591277728825,0.0210013285642308
7.292171244769,0,0.0214216184583366,0,7.292171244769,0.0214216184583366,0.0214216184583366,0.0214216184583366,0.00787016036700002
10.6567948708008,0,0.0203455428827325,0,10.6567948708008,0.0203455428827325,0.0203455428827325,0.0203455428827325,0.0367174068081082
15.83958844307,0,0.0399832495665445,0,15.83958844307,0.0399832495665445,0.0399832495665445,0.0399832495665445,0.0130470310288665
17.7014293147066,0,0.0234372077444364,0,17.7014293147066,0.0234372077444364,0.0234372077444364,0.0234372077444364,0.0323786122878216
14.7585414478692,0,-0.0143222744287462,0,14.7585414478692,-0.0143222744287462,-0.0143222744287462,-0.0143222744287462,0.0637816832942033
8.7869971588466,0,0.0255650750927985,0,8.7869971588466,0.0255650750927985,0.0255650750927985,0.0255650750927985,0.0115189820321319
13.9836050997556,0,-0.0596374353307077,0,13.9836050997556,-0.0596374353307077,-0.0596374353307077,-0.0596374353307077,0.0260159424457815
11.3110693140974,0,0.00982781565554414,0,11.3110693140974,0.00982781565554414,0.00982781565554414,0.00982781565554414,0.0152975413868066
16.5519463473715,0,-0.0850116784148187,0,16.5519463473715,-0.0850116784148187,-0.0850116784148187,-0.0850116784148187,0.0449328569998866
12.3671082351961,0,0.0210231372322994,0,12.3671082351961,0.0210231372322994,0.0210231372322994,0.0210231372322994,0.0160828742749283
12.3654554745313,0,-0.0686880413546458,0,12.3654554745313,-0.0686880413546458,-0.0686880413546458,-0.0686880413546458,0.0513325050706189
19.2556223171704,0,0.0285945738844167,0,19.2556223171704,0.0285945738844167,0.0285945738844167,0.0285945738844167,0.0139726523520546
34.7312424253189,0,0.00360906084633839,0,34.7312424253189,0.00360906084633839,0.00360906084633839,0.00360906084633839,0.017575833019559
54.7209102152747,0,0.0196726221291343,0,54.7209102152747,0.0196726221291343,0.0196726221291343,0.0196726221291343,0.0109274670854921
9.37577209119586,0,-0.0166622088619275,0,9.37577209119586,-0.0166622088619275,-0.0166622088619275,-0.0166622088619275,0.0509886552324907
8.22166390729103,0,0.0200227074138689,0,8.22166390729103,0.0200227074138689,0.0200227074138689,0.0200227074138689,0.0889316774406693
6.56936523894705,0,-0.0184803687031215,0,6.56936523894705,-0.0184803687031215,-0.0184803687031215,-0.0184803687031215,0.0397871786329299
7.36539602284415,0,-0.0247872150245361,0,7.36539602284415,-0.0247872150245361,-0.0247872150245361,-0.0247872150245361,0.114121672795408
9.34902839864339,0,-0.0319037471830898,0,9.34902839864339,-0.0319037471830898,-0.0319037471830898,-0.0319037471830898,0.0353702402159913
12.5616640281909,0,0.00441577973083164,0,12.5616640281909,0.00441577973083164,0.00441577973083164,0.00441577973083164,0.0138459086615911
10.5411867057519,0,-0.0885790708954701,0,10.5411867057519,-0.0885790708954701,-0.0885790708954701,-0.0885790708954701,0.0320565633703811
10.8363107906744,0,-0.028098390818107,0,10.8363107906744,-0.028098390818107,-0.028098390818107,-0.028098390818107,0.071926050301895
7.60971237336999,0,0.0425196941211018,0,7.60971237336999,0.0425196941211018,0.0425196941211018,0.0425196941211018,0.0675431227803087
5.93931454818625,0,-0.0606442522079505,0,5.93931454818625,-0.0606442522079505,-0.0606442522079505,-0.0606442522079505,0.0347252472962151
11.3171115233183,0,-0.0301299566297987,0,11.3171115233183,-0.0301299566297987,-0.0301299566297987,-0.0301299566297987,0.0549217163119364
12.491172371433,0,0.00616174807970621,0,12.491172371433,0.00616174807970621,0.00616174807970621,0.00616174807970621,0.0405245193389735
26.9159257982544,0,0.00103996356092225,0,26.9159257982544,0.00103996356092225,0.00103996356092225,0.00103996356092225,0.0289826613233299
23.3384346785706,0,0.0173424537425691,0,23.3384346785706,0.0173424537425691,0.0173424537425691,0.0173424537425691,0.0189266195413323
39.8146474017142,0,-0.0114906286129136,0,39.8146474017142,-0.0114906286129136,-0.0114906286129136,-0.0114906286129136,0.0491219546710594
16.8846431378076,0,0.0592246738975235,0,16.8846431378076,0.0592246738975235,0.0592246738975235,0.0592246738975235,0.0580511049145327
129.543664939788,0,0.187339131251037,0,129.543664939788,0.187339131251037,0.187339131251037,0.187339131251037,0.0392949098741799
7.87613657515693,0,0.0413542662923309,0,7.87613657515693,0.0413542662923309,0.0413542662923309,0.0413542662923309,0.0315625132232254
6.75451986071434,0,0.0140182295143905,0,6.75451986071434,0.0140182295143905,0.0140182295143905,0.0140182295143905,0.0568066082100863
14.6925462604222,0,-0.00458452472707301,0,14.6925462604222,-0.00458452472707301,-0.00458452472707301,-0.00458452472707301,0.0444254697733256
12.6985002447189,0,0.0156151615690587,0,12.6985002447189,0.0156151615690587,0.0156151615690587,0.0156151615690587,0.0344296478282526
14.3972634987083,0,-0.0237118006498921,0,14.3972634987083,-0.0237118006498921,-0.0237118006498921,-0.0237118006498921,0.0295064854269103
14.1514365378187,0,-0.0107350800784212,0,14.1514365378187,-0.0107350800784212,-0.0107350800784212,-0.0107350800784212,0.0554744268805768
27.9381463268887,0,-0.0196646199066465,0,27.9381463268887,-0.0196646199066465,-0.0196646199066465,-0.0196646199066465,0.0266030945529787
24.4728765020316,0,-0.0883766236254439,0,24.4728765020316,-0.0883766236254439,-0.0883766236254439,-0.0883766236254439,0.0473406670453721
11.303125406956,0,0.0200076122858094,0,11.303125406956,0.0200076122858094,0.0200076122858094,0.0200076122858094,0.0675102696912362
7.48402930279067,0,0.00968988201586394,0,7.48402930279067,0.00968988201586394,0.00968988201586394,0.00968988201586394,0.0686754083472401
25.9320346135502,0,-0.0232712391594247,0,25.9320346135502,-0.0232712391594247,-0.0232712391594247,-0.0232712391594247,0.0300519735078187
NA,NA,NA,NA,NA,NA,NA,NA,NA
12.0144898669671,0,-0.0304643580877798,0,12.0144898669671,-0.0304643580877798,-0.0304643580877798,-0.0304643580877798,0.0246585875375876
5.59197431763262,0,-0.0578220526680145,0,5.59197431763262,-0.0578220526680145,-0.0578220526680145,-0.0578220526680145,0.0290843221745671
7.10118523761685,0,-0.0285278978712163,0,7.10118523761685,-0.0285278978712163,-0.0285278978712163,-0.0285278978712163,0.0595492352872805
8.39406695268219,0,0.0167837864563465,0,8.39406695268219,0.0167837864563465,0.0167837864563465,0.0167837864563465,0.0322473662392579
6.68163411954067,0,0.0399525800720857,0,6.68163411954067,0.0399525800720857,0.0399525800720857,0.0399525800720857,0.0632642521725607
10.9419857642508,0,-0.0876235523401562,0,10.9419857642508,-0.0876235523401562,-0.0876235523401562,-0.0876235523401562,0.0336377588977628
9.567453602661,0,-0.0130573193727359,0,9.567453602661,-0.0130573193727359,-0.0130573193727359,-0.0130573193727359,0.0264340771076804
9.56764954052794,0,-0.00578932875863998,0,9.56764954052794,-0.00578932875863998,-0.00578932875863998,-0.00578932875863998,0.0288617279537588
9.58796747981615,0,0.00725905880614161,0,9.58796747981615,0.00725905880614161,0.00725905880614161,0.00725905880614161,0.0422687684348916
12.9045618909384,0,-0.020800428050844,0,12.9045618909384,-0.020800428050844,-0.020800428050844,-0.020800428050844,0.00918914559220215
9.03381024943225,0,-0.0258591277728825,0,9.03381024943225,-0.0258591277728825,-0.0258591277728825,-0.0258591277728825,0.0210013285642308
7.292171244769,0,0.0214216184583366,0,7.292171244769,0.0214216184583366,0.0214216184583366,0.0214216184583366,0.00787016036700002
10.6567948708008,0,0.0203455428827325,0,10.6567948708008,0.0203455428827325,0.0203455428827325,0.0203455428827325,0.0367174068081082
15.83958844307,0,0.0399832495665445,0,15.83958844307,0.0399832495665445,0.0399832495665445,0.0399832495665445,0.0130470310288665
17.7014293147066,0,0.0234372077444364,0,17.7014293147066,0.0234372077444364,0.0234372077444364,0.0234372077444364,0.0323786122878216
14.7585414478692,0,-0.0143222744287462,0,14.7585414478692,-0.0143222744287462,-0.0143222744287462,-0.0143222744287462,0.0637816832942033
8.7869971588466,0,0.0255650750927985,0,8.7869971588466,0.0255650750927985,0.0255650750927985,0.0255650750927985,0.0115189820321319
13.9836050997556,0,-0.0596374353307077,0,13.9836050997556,-0.0596374353307077,-0.0596374353307077,-0.0596374353307077,0.0260159424457815
11.3110693140974,0,0.00982781565554414,0,11.3110693140974,0.00982781565554414,0.00982781565554414,0.00982781565554414,0.0152975413868066
16.5519463473715,0,-0.0850116784148187,0,16.5519463473715,-0.0850116784148187,-0.0850116784148187,-0.0850116784148187,0.0449328569998866
12.3671082351961,0,0.0210231372322994,0,12.3671082351961,0.0210231372322994,0.0210231372322994,0.0210231372322994,0.0160828742749283
12.3654554745313,0,-0.0686880413546458,0,12.3654554745313,-0.0686880413546458,-0.0686880413546458,-0.0686880413546458,0.0513325050706189
19.2556223171704,0,0.0285945738844167,0,19.2556223171704,0.0285945738844167,0.0285945738844167,0.0285945738844167,0.0139726523520546
34.7312424253189,0,0.00360906084633839,0,34.7312424253189,0.00360906084633839,0.00360906084633839,0.00360906084633839,0.017575833019559
54.7209102152747,0,0.0196726221291343,0,54.7209102152747,0.0196726221291343,0.0196726221291343,0.0196726221291343,0.0109274670854921
9.37577209119586,0,-0.0166622088619275,0,9.37577209119586,-0.0166622088619275,-0.0166622088619275,-0.0166622088619275,0.0509886552324907
8.22166390729103,0,0.0200227074138689,0,8.22166390729103,0.0200227074138689,0.0200227074138689,0.0200227074138689,0.0889316774406693
6.56936523894705,0,-0.0184803687031215,0,6.56936523894705,-0.0184803687031215,-0.0184803687031215,-0.0184803687031215,0.0397871786329299
7.36539602284415,0,-0.0247872150245361,0,7.36539602284415,-0.0247872150245361,-0.0247872150245361,-0.0247872150245361,0.114121672795408
9.34902839864339,0,-0.0319037471830898,0,9.34902839864339,-0.0319037471830898,-0.0319037471830898,-0.0319037471830898,0.0353702402159913
12.5616640281909,0,0.00441577973083164,0,12.5616640281909,0.00441577973083164,0.00441577973083164,0.00441577973083164,0.0138459086615911
10.5411867057519,0,-0.0885790708954701,0,10.5411867057519,-0.0885790708954701,-0.0885790708954701,-0.0885790708954701,0.0320565633703811
10.8363107906744,0,-0.028098390818107,0,10.8363107906744,-0.028098390818107,-0.028098390818107,-0.028098390818107,0.071926050301895
7.60971237336999,0,0.0425196941211018,0,7.60971237336999,0.0425196941211018,0.0425196941211018,0.0425196941211018,0.0675431227803087
5.93931454818625,0,-0.0606442522079505,0,5.93931454818625,-0.0606442522079505,-0.0606442522079505,-0.0606442522079505,0.0347252472962151
11.3171115233183,0,-0.0301299566297987,0,11.3171115233183,-0.0301299566297987,-0.0301299566297987,-0.0301299566297987,0.0549217163119364
12.491172371433,0,0.00616174807970621,0,12.491172371433,0.00616174807970621,0.00616174807970621,0.00616174807970621,0.0405245193389735
26.9159257982544,0,0.00103996356092225,0,26.9159257982544,0.00103996356092225,0.00103996356092225,0.00103996356092225,0.0289826613233299
23.3384346785706,0,0.0173424537425691,0,23.3384346785706,0.0173424537425691,0.0173424537425691,0.0173424537425691,0.0189266195413323
39.8146474017142,0,-0.0114906286129136,0,39.8146474017142,-0.0114906286129136,-0.0114906286129136,-0.0114906286129136,0.0491219546710594
16.8846431378076,0,0.0592246738975235,0,16.8846431378076,0.0592246738975235,0.0592246738975235,0.0592246738975235,0.0580511049145327
129.543664939788,0,0.187339131251037,0,129.543664939788,0.187339131251037,0.187339131251037,0.187339131251037,0.0392949098741799
7.87613657515693,0,0.0413542662923309,0,7.87613657515693,0.0413542662923309,0.0413542662923309,0.0413542662923309,0.0315625132232254
6.75451986071434,0,0.0140182295143905,0,6.75451986071434,0.0140182295143905,0.0140182295143905,0.0140182295143905,0.0568066082100863
14.6925462604222,0,-0.00458452472707301,0,14.6925462604222,-0.00458452472707301,-0.00458452472707301,-0.00458452472707301,0.0444254697733256
12.6985002447189,0,0.0156151615690587,0,12.6985002447189,0.0156151615690587,0.0156151615690587,0.0156151615690587,0.0344296478282526
14.3972634987083,0,-0.0237118006498921,0,14.3972634987083,-0.0237118006498921,-0.0237118006498921,-0.0237118006498921,0.0295064854269103
14.1514365378187,0,-0.0107350800784212,0,14.1514365378187,-0.0107350800784212,-0.0107350800784212,-0.0107350800784212,0.0554744268805768
27.9381463268887,0,-0.0196646199066465,0,27.9381463268887,-0.0196646199066465,-0.0196646199066465,-0.0196646199066465,0.0266030945529787
24.4728765020316,0,-0.0883766236254439,0,24.4728765020316,-0.0883766236254439,-0.0883766236254439,-0.0883766236254439,0.0473406670453721
11.303125406956,0,0.0200076122858094,0,11.303125406956,0.0200076122858094,0.0200076122858094,0.0200076122858094,0.0675102696912362
7.48402930279067,0,0.00968988201586394,0,7.48402930279067,0.00968988201586394,0.00968988201586394,0.00968988201586394,0.0686754083472401
25.9320346135502,0,-0.0232712391594247,0,25.9320346135502,-0.0232712391594247,-0.0232712391594247,-0.0232712391594247,0.0300519735078187
NA,NA,NA,NA,NA,NA,NA,NA,NA
12.0144898669671,0,-0.0304643580877798,0,12.0144898669671,-0.0304643580877798,-0.0304643580877798,-0.0304643580877798,0.0246585875375876
5.59197431763262,0,-0.0578220526680145,0,5.59197431763262,-0.0578220526680145,-0.0578220526680145,-0.0578220526680145,0.0290843221745671
7.10118523761685,0,-0.0285278978712163,0,7.10118523761685,-0.0285278978712163,-0.0285278978712163,-0.0285278978712163,0.0595492352872805
8.39406695268219,0,0.0167837864563465,0,8.39406695268219,0.0167837864563465,0.0167837864563465,0.0167837864563465,0.0322473662392579
6.68163411954067,0,0.0399525800720857,0,6.68163411954067,0.0399525800720857,0.0399525800720857,0.0399525800720857,0.0632642521725607
10.9419857642508,0,-0.0876235523401562,0,10.9419857642508,-0.0876235523401562,-0.0876235523401562,-0.0876235523401562,0.0336377588977628
9.567453602661,0,-0.0130573193727359,0,9.567453602661,-0.0130573193727359,-0.0130573193727359,-0.0130573193727359,0.0264340771076804
9.56764954052794,0,-0.00578932875863998,0,9.56764954052794,-0.00578932875863998,-0.00578932875863998,-0.00578932875863998,0.0288617279537588
9.58796747981615,0,0.00725905880614161,0,9.58796747981615,0.00725905880614161,0.00725905880614161,0.00725905880614161,0.0422687684348916
12.9045618909384,0,-0.020800428050844,0,12.9045618909384,-0.020800428050844,-0.020800428050844,-0.020800428050844,0.00918914559220215
9.03381024943225,0,-0.0258591277728825,0,9.03381024943225,-0.0258591277728825,-0.0258591277728825,-0.0258591277728825,0.0210013285642308
7.292171244769,0,0.0214216184583366,0,7.292171244769,0.0214216184583366,0.0214216184583366,0.0214216184583366,0.00787016036700002
10.6567948708008,0,0.0203455428827325,0,10.6567948708008,0.0203455428827325,0.0203455428827325,0.0203455428827325,0.0367174068081082
15.83958844307,0,0.0399832495665445,0,15.83958844307,0.0399832495665445,0.0399832495665445,0.0399832495665445,0.0130470310288665
17.7014293147066,0,0.0234372077444364,0,17.7014293147066,0.0234372077444364,0.0234372077444364,0.0234372077444364,0.0323786122878216
14.7585414478692,0,-0.0143222744287462,0,14.7585414478692,-0.0143222744287462,-0.0143222744287462,-0.0143222744287462,0.0637816832942033
8.7869971588466,0,0.0255650750927985,0,8.7869971588466,0.0255650750927985,0.0255650750927985,0.0255650750927985,0.0115189820321319
13.9836050997556,0,-0.0596374353307077,0,13.9836050997556,-0.0596374353307077,-0.0596374353307077,-0.0596374353307077,0.0260159424457815
11.3110693140974,0,0.00982781565554414,0,11.3110693140974,0.00982781565554414,0.00982781565554414,0.00982781565554414,0.0152975413868066
16.5519463473715,0,-0.0850116784148187,0,16.5519463473715,-0.0850116784148187,-0.0850116784148187,-0.0850116784148187,0.0449328569998866
12.3671082351961,0,0.0210231372322994,0,12.3671082351961,0.0210231372322994,0.0210231372322994,0.0210231372322994,0.0160828742749283
12.3654554745313,0,-0.0686880413546458,0,12.3654554745313,-0.0686880413546458,-0.0686880413546458,-0.0686880413546458,0.0513325050706189
19.2556223171704,0,0.0285945738844167,0,19.2556223171704,0.0285945738844167,0.0285945738844167,0.0285945738844167,0.0139726523520546
34.7312424253189,0,0.00360906084633839,0,34.7312424253189,0.00360906084633839,0.00360906084633839,0.00360906084633839,0.017575833019559
54.7209102152747,0,0.0196726221291343,0,54.7209102152747,0.0196726221291343,0.0196726221291343,0.0196726221291343,0.0109274670854921
9.37577209119586,0,-0.0166622088619275,0,9.37577209119586,-0.0166622088619275,-0.0166622088619275,-0.0166622088619275,0.0509886552324907
8.22166390729103,0,0.0200227074138689,0,8.22166390729103,0.0200227074138689,0.0200227074138689,0.0200227074138689,0.0889316774406693
6.56936523894705,0,-0.0184803687031215,0,6.56936523894705,-0.0184803687031215,-0.0184803687031215,-0.0184803687031215,0.0397871786329299
7.36539602284415,0,-0.0247872150245361,0,7.36539602284415,-0.0247872150245361,-0.0247872150245361,-0.0247872150245361,0.114121672795408
9.34902839864339,0,-0.0319037471830898,0,9.34902839864339,-0.0319037471830898,-0.0319037471830898,-0.0319037471830898,0.0353702402159913
12.5616640281909,0,0.00441577973083164,0,12.5616640281909,0.00441577973083164,0.00441577973083164,0.00441577973083164,0.0138459086615911
10.5411867057519,0,-0.0885790708954701,0,10.5411867057519,-0.0885790708954701,-0.0885790708954701,-0.0885790708954701,0.0320565633703811
10.8363107906744,0,-0.028098390818107,0,10.8363107906744,-0.028098390818107,-0.028098390818107,-0.028098390818107,0.071926050301895
7.60971237336999,0,0.0425196941211018,0,7.60971237336999,0.0425196941211018,0.0425196941211018,0.0425196941211018,0.0675431227803087
5.93931454818625,0,-0.0606442522079505,0,5.93931454818625,-0.0606442522079505,-0.0606442522079505,-0.0606442522079505,0.0347252472962151
11.3171115233183,0,-0.0301299566297987,0,11.3171115233183,-0.0301299566297987,-0.0301299566297987,-0.0301299566297987,0.0549217163119364
12.491172371433,0,0.00616174807970621,0,12.491172371433,0.00616174807970621,0.00616174807970621,0.00616174807970621,0.0405245193389735
26.9159257982544,0,0.00103996356092225,0,26.9159257982544,0.00103996356092225,0.00103996356092225,0.00103996356092225,0.0289826613233299
23.3384346785706,0,0.0173424537425691,0,23.3384346785706,0.0173424537425691,0.0173424537425691,0.0173424537425691,0.0189266195413323
39.8146474017142,0,-0.0114906286129136,0,39.8146474017142,-0.0114906286129136,-0.0114906286129136,-0.0114906286129136,0.0491219546710594
16.8846431378076,0,0.0592246738975235,0,16.8846431378076,0.0592246738975235,0.0592246738975235,0.0592246738975235,0.0580511049145327
129.543664939788,0,0.187339131251037,0,129.543664939788,0.187339131251037,0.187339131251037,0.187339131251037,0.0392949098741799
7.87613657515693,0,0.0413542662923309,0,7.87613657515693,0.0413542662923309,0.0413542662923309,0.0413542662923309,0.0315625132232254
6.75451986071434,0,0.0140182295143905,0,6.75451986071434,0.0140182295143905,0.0140182295143905,0.0140182295143905,0.0568066082100863
14.6925462604222,0,-0.00458452472707301,0,14.6925462604222,-0.00458452472707301,-0.00458452472707301,-0.00458452472707301,0.0444254697733256
12.6985002447189,0,0.0156151615690587,0,12.6985002447189,0.0156151615690587,0.0156151615690587,0.0156151615690587,0.0344296478282526
14.3972634987083,0,-0.0237118006498921,0,14.3972634987083,-0.0237118006498921,-0.0237118006498921,-0.0237118006498921,0.0295064854269103
14.1514365378187,0,-0.0107350800784212,0,14.1514365378187,-0.0107350800784212,-0.0107350800784212,-0.0107350800784212,0.0554744268805768
27.9381463268887,0,-0.0196646199066465,0,27.9381463268887,-0.0196646199066465,-0.0196646199066465,-0.0196646199066465,0.0266030945529787
24.4728765020316,0,-0.0883766236254439,0,24.4728765020316,-0.0883766236254439,-0.0883766236254439,-0.0883766236254439,0.0473406670453721
11.303125406956,0,0.0200076122858094,0,11.303125406956,0.0200076122858094,0.0200076122858094,0.0200076122858094,0.0675102696912362
7.48402930279067,0,0.00968988201586394,0,7.48402930279067,0.00968988201586394,0.00968988201586394,0.00968988201586394,0.0686754083472401
25.9320346135502,0,-0.0232712391594247,0,25.9320346135502,-0.0232712391594247,-0.0232712391594247,-0.0232712391594247,0.0300519735078187
NA,NA,NA,NA,NA,NA,NA,NA,NA
12.0144898669671,0,-0.0304643580877798,0,12.0144898669671,-0.0304643580877798,-0.0304643580877798,-0.0304643580877798,0.0246585875375876
5.59197431763262,0,-0.0578220526680145,0,5.59197431763262,-0.0578220526680145,-0.0578220526680145,-0.0578220526680145,0.0290843221745671
7.10118523761685,0,-0.0285278978712163,0,7.10118523761685,-0.0285278978712163,-0.0285278978712163,-0.0285278978712163,0.0595492352872805
8.39406695268219,0,0.0167837864563465,0,8.39406695268219,0.0167837864563465,0.0167837864563465,0.0167837864563465,0.0322473662392579
6.68163411954067,0,0.0399525800720857,0,6.68163411954067,0.0399525800720857,0.0399525800720857,0.0399525800720857,0.0632642521725607
10.9419857642508,0,-0.0876235523401562,0,10.9419857642508,-0.0876235523401562,-0.0876235523401562,-0.0876235523401562,0.0336377588977628
9.567453602661,0,-0.0130573193727359,0,9.567453602661,-0.0130573193727359,-0.0130573193727359,-0.0130573193727359,0.0264340771076804
9.56764954052794,0,-0.00578932875863998,0,9.56764954052794,-0.00578932875863998,-0.00578932875863998,-0.00578932875863998,0.0288617279537588
9.58796747981615,0,0.00725905880614161,0,9.58796747981615,0.00725905880614161,0.00725905880614161,0.00725905880614161,0.0422687684348916
12.9045618909384,0,-0.020800428050844,0,12.9045618909384,-0.020800428050844,-0.020800428050844,-0.020800428050844,0.00918914559220215
9.03381024943225,0,-0.0258591277728825,0,9.03381024943225,-0.0258591277728825,-0.0258591277728825,-0.0258591277728825,0.0210013285642308
7.292171244769,0,0.0214216184583366,0,7.292171244769,0.0214216184583366,0.0214216184583366,0.0214216184583366,0.00787016036700002
10.6567948708008,0,0.0203455428827325,0,10.6567948708008,0.0203455428827325,0.0203455428827325,0.0203455428827325,0.0367174068081082
15.83958844307,0,0.0399832495665445,0,15.83958844307,0.0399832495665445,0.0399832495665445,0.0399832495665445,0.0130470310288665
17.7014293147066,0,0.0234372077444364,0,17.7014293147066,0.0234372077444364,0.0234372077444364,0.0234372077444364,0.0323786122878216
14.7585414478692,0,-0.0143222744287462,0,14.7585414478692,-0.0143222744287462,-0.0143222744287462,-0.0143222744287462,0.0637816832942033
8.7869971588466,0,0.0255650750927985,0,8.7869971588466,0.0255650750927985,0.0255650750927985,0.0255650750927985,0.0115189820321319
13.9836050997556,0,-0.0596374353307077,0,13.9836050997556,-0.0596374353307077,-0.0596374353307077,-0.0596374353307077,0.0260159424457815
11.3110693140974,0,0.00982781565554414,0,11.3110693140974,0.00982781565554414,0.00982781565554414,0.00982781565554414,0.0152975413868066
16.5519463473715,0,-0.0850116784148187,0,16.5519463473715,-0.0850116784148187,-0.0850116784148187,-0.0850116784148187,0.0449328569998866
12.3671082351961,0,0.0210231372322994,0,12.3671082351961,0.0210231372322994,0.0210231372322994,0.0210231372322994,0.0160828742749283
12.3654554745313,0,-0.0686880413546458,0,12.3654554745313,-0.0686880413546458,-0.0686880413546458,-0.0686880413546458,0.0513325050706189
19.2556223171704,0,0.0285945738844167,0,19.2556223171704,0.0285945738844167,0.0285945738844167,0.0285945738844167,0.0139726523520546
34.7312424253189,0,0.00360906084633839,0,34.7312424253189,0.00360906084633839,0.00360906084633839,0.00360906084633839,0.017575833019559
54.7209102152747,0,0.0196726221291343,0,54.7209102152747,0.0196726221291343,0.0196726221291343,0.0196726221291343,0.0109274670854921
9.37577209119586,0,-0.0166622088619275,0,9.37577209119586,-0.0166622088619275,-0.0166622088619275,-0.0166622088619275,0.0509886552324907
8.22166390729103,0,0.0200227074138689,0,8.22166390729103,0.0200227074138689,0.0200227074138689,0.0200227074138689,0.0889316774406693
6.56936523894705,0,-0.0184803687031215,0,6.56936523894705,-0.0184803687031215,-0.0184803687031215,-0.0184803687031215,0.0397871786329299
7.36539602284415,0,-0.0247872150245361,0,7.36539602284415,-0.0247872150245361,-0.0247872150245361,-0.0247872150245361,0.114121672795408
9.34902839864339,0,-0.0319037471830898,0,9.34902839864339,-0.0319037471830898,-0.0319037471830898,-0.0319037471830898,0.0353702402159913
12.5616640281909,0,0.00441577973083164,0,12.5616640281909,0.00441577973083164,0.00441577973083164,0.00441577973083164,0.0138459086615911
10.5411867057519,0,-0.0885790708954701,0,10.5411867057519,-0.0885790708954701,-0.0885790708954701,-0.0885790708954701,0.0320565633703811
10.8363107906744,0,-0.028098390818107,0,10.8363107906744,-0.028098390818107,-0.028098390818107,-0.028098390818107,0.071926050301895
7.60971237336999,0,0.0425196941211018,0,7.60971237336999,0.0425196941211018,0.0425196941211018,0.0425196941211018,0.0675431227803087
5.93931454818625,0,-0.0606442522079505,0,5.93931454818625,-0.0606442522079505,-0.0606442522079505,-0.0606442522079505,0.0347252472962151
11.3171115233183,0,-0.0301299566297987,0,11.3171115233183,-0.0301299566297987,-0.0301299566297987,-0.0301299566297987,0.0549217163119364
12.491172371433,0,0.00616174807970621,0,12.491172371433,0.00616174807970621,0.00616174807970621,0.00616174807970621,0.0405245193389735
26.9159257982544,0,0.00103996356092225,0,26.9159257982544,0.00103996356092225,0.00103996356092225,0.00103996356092225,0.0289826613233299
23.3384346785706,0,0.0173424537425691,0,23.3384346785706,0.0173424537425691,0.0173424537425691,0.0173424537425691,0.0189266195413323
39.8146474017142,0,-0.0114906286129136,0,39.8146474017142,-0.0114906286129136,-0.0114906286129136,-0.0114906286129136,0.0491219546710594
16.8846431378076,0,0.0592246738975235,0,16.8846431378076,0.0592246738975235,0.0592246738975235,0.0592246738975235,0.0580511049145327
129.543664939788,0,0.187339131251037,0,129.543664939788,0.187339131251037,0.187339131251037,0.187339131251037,0.0392949098741799
7.87613657515693,0,0.0413542662923309,0,7.87613657515693,0.0413542662923309,0.0413542662923309,0.0413542662923309,0.0315625132232254
6.75451986071434,0,0.0140182295143905,0,6.75451986071434,0.0140182295143905,0.0140182295143905,0.0140182295143905,0.0568066082100863
14.6925462604222,0,-0.00458452472707301,0,14.6925462604222,-0.00458452472707301,-0.00458452472707301,-0.00458452472707301,0.0444254697733256
12.6985002447189,0,0.0156151615690587,0,12.6985002447189,0.0156151615690587,0.0156151615690587,0.0156151615690587,0.0344296478282526
14.3972634987083,0,-0.0237118006498921,0,14.3972634987083,-0.0237118006498921,-0.0237118006498921,-0.0237118006498921,0.0295064854269103
14.1514365378187,0,-0.0107350800784212,0,14.1514365378187,-0.0107350800784212,-0.0107350800784212,-0.0107350800784212,0.0554744268805768
27.9381463268887,0,-0.0196646199066465,0,27.9381463268887,-0.0196646199066465,-0.0196646199066465,-0.0196646199066465,0.0266030945529787
24.4728765020316,0,-0.0883766236254439,0,24.4728765020316,-0.0883766236254439,-0.0883766236254439,-0.0883766236254439,0.0473406670453721
11.303125406956,0,0.0200076122858094,0,11.303125406956,0.0200076122858094,0.0200076122858094,0.0200076122858094,0.0675102696912362
7.48402930279067,0,0.00968988201586394,0,7.48402930279067,0.00968988201586394,0.00968988201586394,0.00968988201586394,0.0686754083472401
25.9320346135502,0,-0.0232712391594247,0,25.9320346135502,-0.0232712391594247,-0.0232712391594247,-0.0232712391594247,0.0300519735078187
NA,NA,NA,NA,NA,NA,NA,NA,NA
12.0144898669671,0,-0.0304643580877798,0,12.0144898669671,-0.0304643580877798,-0.0304643580877798,-0.0304643580877798,0.0246585875375876
5.59197431763262,0,-0.0578220526680145,0,5.59197431763262,-0.0578220526680145,-0.0578220526680145,-0.0578220526680145,0.0290843221745671
7.10118523761685,0,-0.0285278978712163,0,7.10118523761685,-0.0285278978712163,-0.0285278978712163,-0.0285278978712163,0.0595492352872805
8.39406695268219,0,0.0167837864563465,0,8.39406695268219,0.0167837864563465,0.0167837864563465,0.0167837864563465,0.0322473662392579
6.68163411954067,0,0.0399525800720857,0,6.68163411954067,0.0399525800720857,0.0399525800720857,0.0399525800720857,0.0632642521725607
10.9419857642508,0,-0.0876235523401562,0,10.9419857642508,-0.0876235523401562,-0.0876235523401562,-0.0876235523401562,0.0336377588977628
9.567453602661,0,-0.0130573193727359,0,9.567453602661,-0.0130573193727359,-0.0130573193727359,-0.0130573193727359,0.0264340771076804
9.56764954052794,0,-0.00578932875863998,0,9.56764954052794,-0.00578932875863998,-0.00578932875863998,-0.00578932875863998,0.0288617279537588
9.58796747981615,0,0.00725905880614161,0,9.58796747981615,0.00725905880614161,0.00725905880614161,0.00725905880614161,0.0422687684348916
12.9045618909384,0,-0.020800428050844,0,12.9045618909384,-0.020800428050844,-0.020800428050844,-0.020800428050844,0.00918914559220215
9.03381024943225,0,-0.0258591277728825,0,9.03381024943225,-0.0258591277728825,-0.0258591277728825,-0.0258591277728825,0.0210013285642308
7.292171244769,0,0.0214216184583366,0,7.292171244769,0.0214216184583366,0.0214216184583366,0.0214216184583366,0.00787016036700002
10.6567948708008,0,0.0203455428827325,0,10.6567948708008,0.0203455428827325,0.0203455428827325,0.0203455428827325,0.0367174068081082
15.83958844307,0,0.0399832495665445,0,15.83958844307,0.0399832495665445,0.0399832495665445,0.0399832495665445,0.0130470310288665
17.7014293147066,0,0.0234372077444364,0,17.7014293147066,0.0234372077444364,0.0234372077444364,0.0234372077444364,0.0323786122878216
14.7585414478692,0,-0.0143222744287462,0,14.7585414478692,-0.0143222744287462,-0.0143222744287462,-0.0143222744287462,0.0637816832942033
8.7869971588466,0,0.0255650750927985,0,8.7869971588466,0.0255650750927985,0.0255650750927985,0.0255650750927985,0.0115189820321319
13.9836050997556,0,-0.0596374353307077,0,13.9836050997556,-0.0596374353307077,-0.0596374353307077,-0.0596374353307077,0.0260159424457815
11.3110693140974,0,0.00982781565554414,0,11.3110693140974,0.00982781565554414,0.00982781565554414,0.00982781565554414,0.0152975413868066
16.5519463473715,0,-0.0850116784148187,0,16.5519463473715,-0.0850116784148187,-0.0850116784148187,-0.0850116784148187,0.0449328569998866
12.3671082351961,0,0.0210231372322994,0,12.3671082351961,0.0210231372322994,0.0210231372322994,0.0210231372322994,0.0160828742749283
12.3654554745313,0,-0.0686880413546458,0,12.3654554745313,-0.0686880413546458,-0.0686880413546458,-0.0686880413546458,0.0513325050706189
19.2556223171704,0,0.0285945738844167,0,19.2556223171704,0.0285945738844167,0.0285945738844167,0.0285945738844167,0.0139726523520546
34.7312424253189,0,0.00360906084633839,0,34.7312424253189,0.00360906084633839,0.00360906084633839,0.00360906084633839,0.017575833019559
54.7209102152747,0,0.0196726221291343,0,54.7209102152747,0.0196726221291343,0.0196726221291343,0.0196726221291343,0.0109274670854921
9.37577209119586,0,-0.0166622088619275,0,9.37577209119586,-0.0166622088619275,-0.0166622088619275,-0.0166622088619275,0.0509886552324907
8.22166390729103,0,0.0200227074138689,0,8.22166390729103,0.0200227074138689,0.0200227074138689,0.0200227074138689,0.0889316774406693
6.56936523894705,0,-0.0184803687031215,0,6.56936523894705,-0.0184803687031215,-0.0184803687031215,-0.0184803687031215,0.0397871786329299
7.36539602284415,0,-0.0247872150245361,0,7.36539602284415,-0.0247872150245361,-0.0247872150245361,-0.0247872150245361,0.114121672795408
9.34902839864339,0,-0.0319037471830898,0,9.34902839864339,-0.0319037471830898,-0.0319037471830898,-0.0319037471830898,0.0353702402159913
12.5616640281909,0,0.00441577973083164,0,12.5616640281909,0.00441577973083164,0.00441577973083164,0.00441577973083164,0.0138459086615911
10.5411867057519,0,-0.0885790708954701,0,10.5411867057519,-0.0885790708954701,-0.0885790708954701,-0.0885790708954701,0.0320565633703811
10.8363107906744,0,-0.028098390818107,0,10.8363107906744,-0.028098390818107,-0.028098390818107,-0.028098390818107,0.071926050301895
7.60971237336999,0,0.0425196941211018,0,7.60971237336999,0.0425196941211018,0.0425196941211018,0.0425196941211018,0.0675431227803087
5.93931454818625,0,-0.0606442522079505,0,5.93931454818625,-0.0606442522079505,-0.0606442522079505,-0.0606442522079505,0.0347252472962151
11.3171115233183,0,-0.0301299566297987,0,11.3171115233183,-0.0301299566297987,-0.0301299566297987,-0.0301299566297987,0.0549217163119364
12.491172371433,0,0.00616174807970621,0,12.491172371433,0.00616174807970621,0.00616174807970621,0.00616174807970621,0.0405245193389735
26.9159257982544,0,0.00103996356092225,0,26.9159257982544,0.00103996356092225,0.00103996356092225,0.00103996356092225,0.0289826613233299
23.3384346785706,0,0.0173424537425691,0,23.3384346785706,0.0173424537425691,0.0173424537425691,0.0173424537425691,0.0189266195413323
39.8146474017142,0,-0.0114906286129136,0,39.8146474017142,-0.0114906286129136,-0.0114906286129136,-0.0114906286129136,0.0491219546710594
16.8846431378076,0,0.0592246738975235,0,16.8846431378076,0.0592246738975235,0.0592246738975235,0.0592246738975235,0.0580511049145327
129.543664939788,0,0.187339131251037,0,129.543664939788,0.187339131251037,0.187339131251037,0.187339131251037,0.0392949098741799
7.87613657515693,0,0.0413542662923309,0,7.87613657515693,0.0413542662923309,0.0413542662923309,0.0413542662923309,0.0315625132232254
6.75451986071434,0,0.0140182295143905,0,6.75451986071434,0.0140182295143905,0.0140182295143905,0.0140182295143905,0.0568066082100863
14.6925462604222,0,-0.00458452472707301,0,14.6925462604222,-0.00458452472707301,-0.00458452472707301,-0.00458452472707301,0.0444254697733256
12.6985002447189,0,0.0156151615690587,0,12.6985002447189,0.0156151615690587,0.0156151615690587,0.0156151615690587,0.0344296478282526
14.3972634987083,0,-0.0237118006498921,0,14.3972634987083,-0.0237118006498921,-0.0237118006498921,-0.0237118006498921,0.0295064854269103
14.1514365378187,0,-0.0107350800784212,0,14.1514365378187,-0.0107350800784212,-0.0107350800784212,-0.0107350800784212,0.0554744268805768
27.9381463268887,0,-0.0196646199066465,0,27.9381463268887,-0.0196646199066465,-0.0196646199066465,-0.0196646199066465,0.0266030945529787
24.4728765020316,0,-0.0883766236254439,0,24.4728765020316,-0.0883766236254439,-0.0883766236254439,-0.0883766236254439,0.0473406670453721
11.303125406956,0,0.0200076122858094,0,11.303125406956,0.0200076122858094,0.0200076122858094,0.0200076122858094,0.0675102696912362
7.48402930279067,0,0.00968988201586394,0,7.48402930279067,0.00968988201586394,0.00968988201586394,0.00968988201586394,0.0686754083472401
25.9320346135502,0,-0.0232712391594247,0,25.9320346135502,-0.0232712391594247,-0.0232712391594247,-0.0232712391594247,0.0300519735078187
NA,NA,NA,NA,NA,NA,NA,NA,NA
12.0144898669671,0,-0.0304643580877798,0,12.0144898669671,-0.0304643580877798,-0.0304643580877798,-0.0304643580877798,0.0246585875375876
5.59197431763262,0,-0.0578220526680145,0,5.59197431763262,-0.0578220526680145,-0.0578220526680145,-0.0578220526680145,0.0290843221745671
7.10118523761685,0,-0.0285278978712163,0,7.10118523761685,-0.0285278978712163,-0.0285278978712163,-0.0285278978712163,0.0595492352872805
8.39406695268219,0,0.0167837864563465,0,8.39406695268219,0.0167837864563465,0.0167837864563465,0.0167837864563465,0.0322473662392579
6.68163411954067,0,0.0399525800720857,0,6.68163411954067,0.0399525800720857,0.0399525800720857,0.0399525800720857,0.0632642521725607
10.9419857642508,0,-0.0876235523401562,0,10.9419857642508,-0.0876235523401562,-0.0876235523401562,-0.0876235523401562,0.0336377588977628
9.567453602661,0,-0.0130573193727359,0,9.567453602661,-0.0130573193727359,-0.0130573193727359,-0.0130573193727359,0.0264340771076804
9.56764954052794,0,-0.00578932875863998,0,9.56764954052794,-0.00578932875863998,-0.00578932875863998,-0.00578932875863998,0.0288617279537588
9.58796747981615,0,0.00725905880614161,0,9.58796747981615,0.00725905880614161,0.00725905880614161,0.00725905880614161,0.0422687684348916
12.9045618909384,0,-0.020800428050844,0,12.9045618909384,-0.020800428050844,-0.020800428050844,-0.020800428050844,0.00918914559220215
9.03381024943225,0,-0.0258591277728825,0,9.03381024943225,-0.0258591277728825,-0.0258591277728825,-0.0258591277728825,0.0210013285642308
7.292171244769,0,0.0214216184583366,0,7.292171244769,0.0214216184583366,0.0214216184583366,0.0214216184583366,0.00787016036700002
10.6567948708008,0,0.0203455428827325,0,10.6567948708008,0.0203455428827325,0.0203455428827325,0.0203455428827325,0.0367174068081082
15.83958844307,0,0.0399832495665445,0,15.83958844307,0.0399832495665445,0.0399832495665445,0.0399832495665445,0.0130470310288665
17.7014293147066,0,0.0234372077444364,0,17.7014293147066,0.0234372077444364,0.0234372077444364,0.0234372077444364,0.0323786122878216
14.7585414478692,0,-0.0143222744287462,0,14.7585414478692,-0.0143222744287462,-0.0143222744287462,-0.0143222744287462,0.0637816832942033
8.7869971588466,0,0.0255650750927985,0,8.7869971588466,0.0255650750927985,0.0255650750927985,0.0255650750927985,0.0115189820321319
13.9836050997556,0,-0.0596374353307077,0,13.9836050997556,-0.0596374353307077,-0.0596374353307077,-0.0596374353307077,0.0260159424457815
11.3110693140974,0,0.00982781565554414,0,11.3110693140974,0.00982781565554414,0.00982781565554414,0.00982781565554414,0.0152975413868066
16.5519463473715,0,-0.0850116784148187,0,16.5519463473715,-0.0850116784148187,-0.0850116784148187,-0.0850116784148187,0.0449328569998866
12.3671082351961,0,0.0210231372322994,0,12.3671082351961,0.0210231372322994,0.0210231372322994,0.0210231372322994,0.0160828742749283
12.3654554745313,0,-0.0686880413546458,0,12.3654554745313,-0.0686880413546458,-0.0686880413546458,-0.0686880413546458,0.0513325050706189
19.2556223171704,0,0.0285945738844167,0,19.2556223171704,0.0285945738844167,0.0285945738844167,0.0285945738844167,0.0139726523520546
34.7312424253189,0,0.00360906084633839,0,34.7312424253189,0.00360906084633839,0.00360906084633839,0.00360906084633839,0.017575833019559
54.7209102152747,0,0.0196726221291343,0,54.7209102152747,0.0196726221291343,0.0196726221291343,0.0196726221291343,0.0109274670854921
9.37577209119586,0,-0.0166622088619275,0,9.37577209119586,-0.0166622088619275,-0.0166622088619275,-0.0166622088619275,0.0509886552324907
8.22166390729103,0,0.0200227074138689,0,8.22166390729103,0.0200227074138689,0.0200227074138689,0.0200227074138689,0.0889316774406693
6.56936523894705,0,-0.0184803687031215,0,6.56936523894705,-0.0184803687031215,-0.0184803687031215,-0.0184803687031215,0.0397871786329299
7.36539602284415,0,-0.0247872150245361,0,7.36539602284415,-0.0247872150245361,-0.0247872150245361,-0.0247872150245361,0.114121672795408
9.34902839864339,0,-0.0319037471830898,0,9.34902839864339,-0.0319037471830898,-0.0319037471830898,-0.0319037471830898,0.0353702402159913
12.5616640281909,0,0.00441577973083164,0,12.5616640281909,0.00441577973083164,0.00441577973083164,0.00441577973083164,0.0138459086615911
10.5411867057519,0,-0.0885790708954701,0,10.5411867057519,-0.0885790708954701,-0.0885790708954701,-0.0885790708954701,0.0320565633703811
10.8363107906744,0,-0.028098390818107,0,10.8363107906744,-0.028098390818107,-0.028098390818107,-0.028098390818107,0.071926050301895
7.60971237336999,0,0.0425196941211018,0,7.60971237336999,0.0425196941211018,0.0425196941211018,0.0425196941211018,0.0675431227803087
5.93931454818625,0,-0.0606442522079505,0,5.93931454818625,-0.0606442522079505,-0.0606442522079505,-0.0606442522079505,0.0347252472962151
11.3171115233183,0,-0.0301299566297987,0,11.3171115233183,-0.0301299566297987,-0.0301299566297987,-0.0301299566297987,0.0549217163119364
12.491172371433,0,0.00616174807970621,0,12.491172371433,0.00616174807970621,0.00616174807970621,0.00616174807970621,0.0405245193389735
26.9159257982544,0,0.00103996356092225,0,26.9159257982544,0.00103996356092225,0.00103996356092225,0.00103996356092225,0.0289826613233299
23.3384346785706,0,0.0173424537425691,0,23.3384346785706,0.0173424537425691,0.0173424537425691,0.0173424537425691,0.0189266195413323
39.8146474017142,0,-0.0114906286129136,0,39.8146474017142,-0.0114906286129136,-0.0114906286129136,-0.0114906286129136,0.0491219546710594
16.8846431378076,0,0.0592246738975235,0,16.8846431378076,0.0592246738975235,0.0592246738975235,0.0592246738975235,0.0580511049145327
129.543664939788,0,0.187339131251037,0,129.543664939788,0.187339131251037,0.187339131251037,0.187339131251037,0.0392949098741799
7.87613657515693,0,0.0413542662923309,0,7.87613657515693,0.0413542662923309,0.0413542662923309,0.0413542662923309,0.0315625132232254
6.75451986071434,0,0.0140182295143905,0,6.75451986071434,0.0140182295143905,0.0140182295143905,0.0140182295143905,0.0568066082100863
14.6925462604222,0,-0.00458452472707301,0,14.6925462604222,-0.00458452472707301,-0.00458452472707301,-0.00458452472707301,0.0444254697733256
12.6985002447189,0,0.0156151615690587,0,12.6985002447189,0.0156151615690587,0.0156151615690587,0.0156151615690587,0.0344296478282526
14.3972634987083,0,-0.0237118006498921,0,14.3972634987083,-0.0237118006498921,-0.0237118006498921,-0.0237118006498921,0.0295064854269103
14.1514365378187,0,-0.0107350800784212,0,14.1514365378187,-0.0107350800784212,-0.0107350800784212,-0.0107350800784212,0.0554744268805768
27.9381463268887,0,-0.0196646199066465,0,27.9381463268887,-0.0196646199066465,-0.0196646199066465,-0.0196646199066465,0.0266030945529787
24.4728765020316,0,-0.0883766236254439,0,24.4728765020316,-0.0883766236254439,-0.0883766236254439,-0.0883766236254439,0.0473406670453721
11.303125406956,0,0.0200076122858094,0,11.303125406956,0.0200076122858094,0.0200076122858094,0.0200076122858094,0.0675102696912362
7.48402930279067,0,0.00968988201586394,0,7.48402930279067,0.00968988201586394,0.00968988201586394,0.00968988201586394,0.0686754083472401
25.9320346135502,0,-0.0232712391594247,0,25.9320346135502,-0.0232712391594247,-0.0232712391594247,-0.0232712391594247,0.0300519735078187
NA,NA,NA,NA,NA,NA,NA,NA,NA
12.0144898669671,0,-0.0304643580877798,0,12.0144898669671,-0.0304643580877798,-0.0304643580877798,-0.0304643580877798,0.0246585875375876
5.59197431763262,0,-0.0578220526680145,0,5.59197431763262,-0.0578220526680145,-0.0578220526680145,-0.0578220526680145,0.0290843221745671
7.10118523761685,0,-0.0285278978712163,0,7.10118523761685,-0.0285278978712163,-0.0285278978712163,-0.0285278978712163,0.0595492352872805
8.39406695268219,0,0.0167837864563465,0,8.39406695268219,0.0167837864563465,0.0167837864563465,0.0167837864563465,0.0322473662392579
6.68163411954067,0,0.0399525800720857,0,6.68163411954067,0.0399525800720857,0.0399525800720857,0.0399525800720857,0.0632642521725607
10.9419857642508,0,-0.0876235523401562,0,10.9419857642508,-0.0876235523401562,-0.0876235523401562,-0.0876235523401562,0.0336377588977628
9.567453602661,0,-0.0130573193727359,0,9.567453602661,-0.0130573193727359,-0.0130573193727359,-0.0130573193727359,0.0264340771076804
9.56764954052794,0,-0.00578932875863998,0,9.56764954052794,-0.00578932875863998,-0.00578932875863998,-0.00578932875863998,0.0288617279537588
9.58796747981615,0,0.00725905880614161,0,9.58796747981615,0.00725905880614161,0.00725905880614161,0.00725905880614161,0.0422687684348916
12.9045618909384,0,-0.020800428050844,0,12.9045618909384,-0.020800428050844,-0.020800428050844,-0.020800428050844,0.00918914559220215
9.03381024943225,0,-0.0258591277728825,0,9.03381024943225,-0.0258591277728825,-0.0258591277728825,-0.0258591277728825,0.0210013285642308
7.292171244769,0,0.0214216184583366,0,7.292171244769,0.0214216184583366,0.0214216184583366,0.0214216184583366,0.00787016036700002
10.6567948708008,0,0.0203455428827325,0,10.6567948708008,0.0203455428827325,0.0203455428827325,0.0203455428827325,0.0367174068081082
15.83958844307,0,0.0399832495665445,0,15.83958844307,0.0399832495665445,0.0399832495665445,0.0399832495665445,0.0130470310288665
17.7014293147066,0,0.0234372077444364,0,17.7014293147066,0.0234372077444364,0.0234372077444364,0.0234372077444364,0.0323786122878216
14.7585414478692,0,-0.0143222744287462,0,14.7585414478692,-0.0143222744287462,-0.0143222744287462,-0.0143222744287462,0.0637816832942033
8.7869971588466,0,0.0255650750927985,0,8.7869971588466,0.0255650750927985,0.0255650750927985,0.0255650750927985,0.0115189820321319
13.9836050997556,0,-0.0596374353307077,0,13.9836050997556,-0.0596374353307077,-0.0596374353307077,-0.0596374353307077,0.0260159424457815
11.3110693140974,0,0.00982781565554414,0,11.3110693140974,0.00982781565554414,0.00982781565554414,0.00982781565554414,0.0152975413868066
16.5519463473715,0,-0.0850116784148187,0,16.5519463473715,-0.0850116784148187,-0.0850116784148187,-0.0850116784148187,0.0449328569998866
12.3671082351961,0,0.0210231372322994,0,12.3671082351961,0.0210231372322994,0.0210231372322994,0.0210231372322994,0.0160828742749283
12.3654554745313,0,-0.0686880413546458,0,12.3654554745313,-0.0686880413546458,-0.0686880413546458,-0.0686880413546458,0.0513325050706189
19.2556223171704,0,0.0285945738844167,0,19.2556223171704,0.0285945738844167,0.0285945738844167,0.0285945738844167,0.0139726523520546
34.7312424253189,0,0.00360906084633839,0,34.7312424253189,0.00360906084633839,0.00360906084633839,0.00360906084633839,0.017575833019559
54.7209102152747,0,0.0196726221291343,0,54.7209102152747,0.0196726221291343,0.0196726221291343,0.0196726221291343,0.0109274670854921
9.37577209119586,0,-0.0166622088619275,0,9.37577209119586,-0.0166622088619275,-0.0166622088619275,-0.0166622088619275,0.0509886552324907
8.22166390729103,0,0.0200227074138689,0,8.22166390729103,0.0200227074138689,0.0200227074138689,0.0200227074138689,0.0889316774406693
6.56936523894705,0,-0.0184803687031215,0,6.56936523894705,-0.0184803687031215,-0.0184803687031215,-0.0184803687031215,0.0397871786329299
7.36539602284415,0,-0.0247872150245361,0,7.36539602284415,-0.0247872150245361,-0.0247872150245361,-0.0247872150245361,0.114121672795408
9.34902839864339,0,-0.0319037471830898,0,9.34902839864339,-0.0319037471830898,-0.0319037471830898,-0.0319037471830898,0.0353702402159913
12.5616640281909,0,0.00441577973083164,0,12.5616640281909,0.00441577973083164,0.00441577973083164,0.00441577973083164,0.0138459086615911
10.5411867057519,0,-0.0885790708954701,0,10.5411867057519,-0.0885790708954701,-0.0885790708954701,-0.0885790708954701,0.0320565633703811
10.8363107906744,0,-0.028098390818107,0,10.8363107906744,-0.028098390818107,-0.028098390818107,-0.028098390818107,0.071926050301895
7.60971237336999,0,0.0425196941211018,0,7.60971237336999,0.0425196941211018,0.0425196941211018,0.0425196941211018,0.0675431227803087
5.93931454818625,0,-0.0606442522079505,0,5.93931454818625,-0.0606442522079505,-0.0606442522079505,-0.0606442522079505,0.0347252472962151
11.3171115233183,0,-0.0301299566297987,0,11.3171115233183,-0.0301299566297987,-0.0301299566297987,-0.0301299566297987,0.0549217163119364
12.491172371433,0,0.00616174807970621,0,12.491172371433,0.00616174807970621,0.00616174807970621,0.00616174807970621,0.0405245193389735
26.9159257982544,0,0.00103996356092225,0,26.9159257982544,0.00103996356092225,0.00103996356092225,0.00103996356092225,0.0289826613233299
23.3384346785706,0,0.0173424537425691,0,23.3384346785706,0.0173424537425691,0.0173424537425691,0.0173424537425691,0.0189266195413323
39.8146474017142,0,-0.0114906286129136,0,39.8146474017142,-0.0114906286129136,-0.0114906286129136,-0.0114906286129136,0.0491219546710594
16.8846431378076,0,0.0592246738975235,0,16.8846431378076,0.0592246738975235,0.0592246738975235,0.0592246738975235,0.0580511049145327
129.543664939788,0,0.187339131251037,0,129.543664939788,0.187339131251037,0.187339131251037,0.187339131251037,0.0392949098741799
7.87613657515693,0,0.0413542662923309,0,7.87613657515693,0.0413542662923309,0.0413542662923309,0.0413542662923309,0.0315625132232254
6.75451986071434,0,0.0140182295143905,0,6.75451986071434,0.0140182295143905,0.0140182295143905,0.0140182295143905,0.0568066082100863
14.6925462604222,0,-0.00458452472707301,0,14.6925462604222,-0.00458452472707301,-0.00458452472707301,-0.00458452472707301,0.0444254697733256
12.6985002447189,0,0.0156151615690587,0,12.6985002447189,0.0156151615690587,0.0156151615690587,0.0156151615690587,0.0344296478282526
14.3972634987083,0,-0.0237118006498921,0,14.3972634987083,-0.0237118006498921,-0.0237118006498921,-0.0237118006498921,0.0295064854269103
14.1514365378187,0,-0.0107350800784212,0,14.1514365378187,-0.0107350800784212,-0.0107350800784212,-0.0107350800784212,0.0554744268805768
27.9381463268887,0,-0.0196646199066465,0,27.9381463268887,-0.0196646199066465,-0.0196646199066465,-0.0196646199066465,0.0266030945529787
24.4728765020316,0,-0.0883766236254439,0,24.4728765020316,-0.0883766236254439,-0.0883766236254439,-0.0883766236254439,0.0473406670453721
11.303125406956,0,0.0200076122858094,0,11.303125406956,0.0200076122858094,0.0200076122858094,0.0200076122858094,0.0675102696912362
7.48402930279067,0,0.00968988201586394,0,7.48402930279067,0.00968988201586394,0.00968988201586394,0.00968988201586394,0.0686754083472401
25.9320346135502,0,-0.0232712391594247,0,25.9320346135502,-0.0232712391594247,-0.0232712391594247,-0.0232712391594247,0.0300519735078187
NA,NA,NA,NA,NA,NA,NA,NA,NA
12.0144898669671,0,-0.0304643580877798,0,12.0144898669671,-0.0304643580877798,-0.0304643580877798,-0.0304643580877798,0.0246585875375876
5.59197431763262,0,-0.0578220526680145,0,5.59197431763262,-0.0578220526680145,-0.0578220526680145,-0.0578220526680145,0.0290843221745671
7.10118523761685,0,-0.0285278978712163,0,7.10118523761685,-0.0285278978712163,-0.0285278978712163,-0.0285278978712163,0.0595492352872805
8.39406695268219,0,0.0167837864563465,0,8.39406695268219,0.0167837864563465,0.0167837864563465,0.0167837864563465,0.0322473662392579
6.68163411954067,0,0.0399525800720857,0,6.68163411954067,0.0399525800720857,0.0399525800720857,0.0399525800720857,0.0632642521725607
10.9419857642508,0,-0.0876235523401562,0,10.9419857642508,-0.0876235523401562,-0.0876235523401562,-0.0876235523401562,0.0336377588977628
9.567453602661,0,-0.0130573193727359,0,9.567453602661,-0.0130573193727359,-0.0130573193727359,-0.0130573193727359,0.0264340771076804
9.56764954052794,0,-0.00578932875863998,0,9.56764954052794,-0.00578932875863998,-0.00578932875863998,-0.00578932875863998,0.0288617279537588
9.58796747981615,0,0.00725905880614161,0,9.58796747981615,0.00725905880614161,0.00725905880614161,0.00725905880614161,0.0422687684348916
12.9045618909384,0,-0.020800428050844,0,12.9045618909384,-0.020800428050844,-0.020800428050844,-0.020800428050844,0.00918914559220215
9.03381024943225,0,-0.0258591277728825,0,9.03381024943225,-0.0258591277728825,-0.0258591277728825,-0.0258591277728825,0.0210013285642308
7.292171244769,0,0.0214216184583366,0,7.292171244769,0.0214216184583366,0.0214216184583366,0.0214216184583366,0.00787016036700002
10.6567948708008,0,0.0203455428827325,0,10.6567948708008,0.0203455428827325,0.0203455428827325,0.0203455428827325,0.0367174068081082
15.83958844307,0,0.0399832495665445,0,15.83958844307,0.0399832495665445,0.0399832495665445,0.0399832495665445,0.0130470310288665
17.7014293147066,0,0.0234372077444364,0,17.7014293147066,0.0234372077444364,0.0234372077444364,0.0234372077444364,0.0323786122878216
14.7585414478692,0,-0.0143222744287462,0,14.7585414478692,-0.0143222744287462,-0.0143222744287462,-0.0143222744287462,0.0637816832942033
8.7869971588466,0,0.0255650750927985,0,8.7869971588466,0.0255650750927985,0.0255650750927985,0.0255650750927985,0.0115189820321319
13.9836050997556,0,-0.0596374353307077,0,13.9836050997556,-0.0596374353307077,-0.0596374353307077,-0.0596374353307077,0.0260159424457815
11.3110693140974,0,0.00982781565554414,0,11.3110693140974,0.00982781565554414,0.00982781565554414,0.00982781565554414,0.0152975413868066
16.5519463473715,0,-0.0850116784148187,0,16.5519463473715,-0.0850116784148187,-0.0850116784148187,-0.0850116784148187,0.0449328569998866
12.3671082351961,0,0.0210231372322994,0,12.3671082351961,0.0210231372322994,0.0210231372322994,0.0210231372322994,0.0160828742749283
12.3654554745313,0,-0.0686880413546458,0,12.3654554745313,-0.0686880413546458,-0.0686880413546458,-0.0686880413546458,0.0513325050706189
19.2556223171704,0,0.0285945738844167,0,19.2556223171704,0.0285945738844167,0.0285945738844167,0.0285945738844167,0.0139726523520546
34.7312424253189,0,0.00360906084633839,0,34.7312424253189,0.00360906084633839,0.00360906084633839,0.00360906084633839,0.017575833019559
54.7209102152747,0,0.0196726221291343,0,54.7209102152747,0.0196726221291343,0.0196726221291343,0.0196726221291343,0.0109274670854921
9.37577209119586,0,-0.0166622088619275,0,9.37577209119586,-0.0166622088619275,-0.0166622088619275,-0.0166622088619275,0.0509886552324907
8.22166390729103,0,0.0200227074138689,0,8.22166390729103,0.0200227074138689,0.0200227074138689,0.0200227074138689,0.0889316774406693
6.56936523894705,0,-0.0184803687031215,0,6.56936523894705,-0.0184803687031215,-0.0184803687031215,-0.0184803687031215,0.0397871786329299
7.36539602284415,0,-0.0247872150245361,0,7.36539602284415,-0.0247872150245361,-0.0247872150245361,-0.0247872150245361,0.114121672795408
9.34902839864339,0,-0.0319037471830898,0,9.34902839864339,-0.0319037471830898,-0.0319037471830898,-0.0319037471830898,0.0353702402159913
12.5616640281909,0,0.00441577973083164,0,12.5616640281909,0.00441577973083164,0.00441577973083164,0.00441577973083164,0.0138459086615911
10.5411867057519,0,-0.0885790708954701,0,10.5411867057519,-0.0885790708954701,-0.0885790708954701,-0.0885790708954701,0.0320565633703811
10.8363107906744,0,-0.028098390818107,0,10.8363107906744,-0.028098390818107,-0.028098390818107,-0.028098390818107,0.071926050301895
7.60971237336999,0,0.0425196941211018,0,7.60971237336999,0.0425196941211018,0.0425196941211018,0.0425196941211018,0.0675431227803087
5.93931454818625,0,-0.0606442522079505,0,5.93931454818625,-0.0606442522079505,-0.0606442522079505,-0.0606442522079505,0.0347252472962151
11.3171115233183,0,-0.0301299566297987,0,11.3171115233183,-0.0301299566297987,-0.0301299566297987,-0.0301299566297987,0.0549217163119364
12.491172371433,0,0.00616174807970621,0,12.491172371433,0.00616174807970621,0.00616174807970621,0.00616174807970621,0.0405245193389735
26.9159257982544,0,0.00103996356092225,0,26.9159257982544,0.00103996356092225,0.00103996356092225,0.00103996356092225,0.0289826613233299
23.3384346785706,0,0.0173424537425691,0,23.3384346785706,0.0173424537425691,0.0173424537425691,0.0173424537425691,0.0189266195413323
39.8146474017142,0,-0.0114906286129136,0,39.8146474017142,-0.0114906286129136,-0.0114906286129136,-0.0114906286129136,0.0491219546710594
16.8846431378076,0,0.0592246738975235,0,16.8846431378076,0.0592246738975235,0.0592246738975235,0.0592246738975235,0.0580511049145327
129.543664939788,0,0.187339131251037,0,129.543664939788,0.187339131251037,0.187339131251037,0.187339131251037,0.0392949098741799
7.87613657515693,0,0.0413542662923309,0,7.87613657515693,0.0413542662923309,0.0413542662923309,0.0413542662923309,0.0315625132232254
6.75451986071434,0,0.0140182295143905,0,6.75451986071434,0.0140182295143905,0.0140182295143905,0.0140182295143905,0.0568066082100863
14.6925462604222,0,-0.00458452472707301,0,14.6925462604222,-0.00458452472707301,-0.00458452472707301,-0.00458452472707301,0.0444254697733256
12.6985002447189,0,0.0156151615690587,0,12.6985002447189,0.0156151615690587,0.0156151615690587,0.0156151615690587,0.0344296478282526
14.3972634987083,0,-0.0237118006498921,0,14.3972634987083,-0.0237118006498921,-0.0237118006498921,-0.0237118006498921,0.0295064854269103
14.1514365378187,0,-0.0107350800784212,0,14.1514365378187,-0.0107350800784212,-0.0107350800784212,-0.0107350800784212,0.0554744268805768
27.9381463268887,0,-0.0196646199066465,0,27.9381463268887,-0.0196646199066465,-0.0196646199066465,-0.0196646199066465,0.0266030945529787
24.4728765020316,0,-0.0883766236254439,0,24.4728765020316,-0.0883766236254439,-0.0883766236254439,-0.0883766236254439,0.0473406670453721
11.303125406956,0,0.0200076122858094,0,11.303125406956,0.0200076122858094,0.0200076122858094,0.0200076122858094,0.0675102696912362
7.48402930279067,0,0.00968988201586394,0,7.48402930279067,0.00968988201586394,0.00968988201586394,0.00968988201586394,0.0686754083472401
25.9320346135502,0,-0.0232712391594247,0,25.9320346135502,-0.0232712391594247,-0.0232712391594247,-0.0232712391594247,0.0300519735078187
NA,NA,NA,NA,NA,NA,NA,NA,NA
12.0144898669671,0,-0.0304643580877798,0,12.0144898669671,-0.0304643580877798,-0.0304643580877798,-0.0304643580877798,0.0246585875375876
5.59197431763262,0,-0.0578220526680145,0,5.59197431763262,-0.0578220526680145,-0.0578220526680145,-0.0578220526680145,0.0290843221745671
7.10118523761685,0,-0.0285278978712163,0,7.10118523761685,-0.0285278978712163,-0.0285278978712163,-0.0285278978712163,0.0595492352872805
8.39406695268219,0,0.0167837864563465,0,8.39406695268219,0.0167837864563465,0.0167837864563465,0.0167837864563465,0.0322473662392579
6.68163411954067,0,0.0399525800720857,0,6.68163411954067,0.0399525800720857,0.0399525800720857,0.0399525800720857,0.0632642521725607
10.9419857642508,0,-0.0876235523401562,0,10.9419857642508,-0.0876235523401562,-0.0876235523401562,-0.0876235523401562,0.0336377588977628
9.567453602661,0,-0.0130573193727359,0,9.567453602661,-0.0130573193727359,-0.0130573193727359,-0.0130573193727359,0.0264340771076804
9.56764954052794,0,-0.00578932875863998,0,9.56764954052794,-0.00578932875863998,-0.00578932875863998,-0.00578932875863998,0.0288617279537588
9.58796747981615,0,0.00725905880614161,0,9.58796747981615,0.00725905880614161,0.00725905880614161,0.00725905880614161,0.0422687684348916
12.9045618909384,0,-0.020800428050844,0,12.9045618909384,-0.020800428050844,-0.020800428050844,-0.020800428050844,0.00918914559220215
9.03381024943225,0,-0.0258591277728825,0,9.03381024943225,-0.0258591277728825,-0.0258591277728825,-0.0258591277728825,0.0210013285642308
7.292171244769,0,0.0214216184583366,0,7.292171244769,0.0214216184583366,0.0214216184583366,0.0214216184583366,0.00787016036700002
10.6567948708008,0,0.0203455428827325,0,10.6567948708008,0.0203455428827325,0.0203455428827325,0.0203455428827325,0.0367174068081082
15.83958844307,0,0.0399832495665445,0,15.83958844307,0.0399832495665445,0.0399832495665445,0.0399832495665445,0.0130470310288665
17.7014293147066,0,0.0234372077444364,0,17.7014293147066,0.0234372077444364,0.0234372077444364,0.0234372077444364,0.0323786122878216
14.7585414478692,0,-0.0143222744287462,0,14.7585414478692,-0.0143222744287462,-0.0143222744287462,-0.0143222744287462,0.0637816832942033
8.7869971588466,0,0.0255650750927985,0,8.7869971588466,0.0255650750927985,0.0255650750927985,0.0255650750927985,0.0115189820321319
13.9836050997556,0,-0.0596374353307077,0,13.9836050997556,-0.0596374353307077,-0.0596374353307077,-0.0596374353307077,0.0260159424457815
11.3110693140974,0,0.00982781565554414,0,11.3110693140974,0.00982781565554414,0.00982781565554414,0.00982781565554414,0.0152975413868066
16.5519463473715,0,-0.0850116784148187,0,16.5519463473715,-0.0850116784148187,-0.0850116784148187,-0.0850116784148187,0.0449328569998866
12.3671082351961,0,0.0210231372322994,0,12.3671082351961,0.0210231372322994,0.0210231372322994,0.0210231372322994,0.0160828742749283
12.3654554745313,0,-0.0686880413546458,0,12.3654554745313,-0.0686880413546458,-0.0686880413546458,-0.0686880413546458,0.0513325050706189
19.2556223171704,0,0.0285945738844167,0,19.2556223171704,0.0285945738844167,0.0285945738844167,0.0285945738844167,0.0139726523520546
34.7312424253189,0,0.00360906084633839,0,34.7312424253189,0.00360906084633839,0.00360906084633839,0.00360906084633839,0.017575833019559
54.7209102152747,0,0.0196726221291343,0,54.7209102152747,0.0196726221291343,0.0196726221291343,0.0196726221291343,0.0109274670854921
9.37577209119586,0,-0.0166622088619275,0,9.37577209119586,-0.0166622088619275,-0.0166622088619275,-0.0166622088619275,0.0509886552324907
8.22166390729103,0,0.0200227074138689,0,8.22166390729103,0.0200227074138689,0.0200227074138689,0.0200227074138689,0.0889316774406693
6.56936523894705,0,-0.0184803687031215,0,6.56936523894705,-0.0184803687031215,-0.0184803687031215,-0.0184803687031215,0.0397871786329299
7.36539602284415,0,-0.0247872150245361,0,7.36539602284415,-0.0247872150245361,-0.0247872150245361,-0.0247872150245361,0.114121672795408
9.34902839864339,0,-0.0319037471830898,0,9.34902839864339,-0.0319037471830898,-0.0319037471830898,-0.0319037471830898,0.0353702402159913
12.5616640281909,0,0.00441577973083164,0,12.5616640281909,0.00441577973083164,0.00441577973083164,0.00441577973083164,0.0138459086615911
10.5411867057519,0,-0.0885790708954701,0,10.5411867057519,-0.0885790708954701,-0.0885790708954701,-0.0885790708954701,0.0320565633703811
10.8363107906744,0,-0.028098390818107,0,10.8363107906744,-0.028098390818107,-0.028098390818107,-0.028098390818107,0.071926050301895
7.60971237336999,0,0.0425196941211018,0,7.60971237336999,0.0425196941211018,0.0425196941211018,0.0425196941211018,0.0675431227803087
5.93931454818625,0,-0.0606442522079505,0,5.93931454818625,-0.0606442522079505,-0.0606442522079505,-0.0606442522079505,0.0347252472962151
11.3171115233183,0,-0.0301299566297987,0,11.3171115233183,-0.0301299566297987,-0.0301299566297987,-0.0301299566297987,0.0549217163119364
12.491172371433,0,0.00616174807970621,0,12.491172371433,0.00616174807970621,0.00616174807970621,0.00616174807970621,0.0405245193389735
26.9159257982544,0,0.00103996356092225,0,26.9159257982544,0.00103996356092225,0.00103996356092225,0.00103996356092225,0.0289826613233299
23.3384346785706,0,0.0173424537425691,0,23.3384346785706,0.0173424537425691,0.0173424537425691,0.0173424537425691,0.0189266195413323
39.8146474017142,0,-0.0114906286129136,0,39.8146474017142,-0.0114906286129136,-0.0114906286129136,-0.0114906286129136,0.0491219546710594
16.8846431378076,0,0.0592246738975235,0,16.8846431378076,0.0592246738975235,0.0592246738975235,0.0592246738975235,0.0580511049145327
129.543664939788,0,0.187339131251037,0,129.543664939788,0.187339131251037,0.187339131251037,0.187339131251037,0.0392949098741799
7.87613657515693,0,0.0413542662923309,0,7.87613657515693,0.0413542662923309,0.0413542662923309,0.0413542662923309,0.0315625132232254
6.75451986071434,0,0.0140182295143905,0,6.75451986071434,0.0140182295143905,0.0140182295143905,0.0140182295143905,0.0568066082100863
14.6925462604222,0,-0.00458452472707301,0,14.6925462604222,-0.00458452472707301,-0.00458452472707301,-0.00458452472707301,0.0444254697733256
12.6985002447189,0,0.0156151615690587,0,12.6985002447189,0.0156151615690587,0.0156151615690587,0.0156151615690587,0.0344296478282526
14.3972634987083,0,-0.0237118006498921,0,14.3972634987083,-0.0237118006498921,-0.0237118006498921,-0.0237118006498921,0.0295064854269103
14.1514365378187,0,-0.0107350800784212,0,14.1514365378187,-0.0107350800784212,-0.0107350800784212,-0.0107350800784212,0.0554744268805768
27.9381463268887,0,-0.0196646199066465,0,27.9381463268887,-0.0196646199066465,-0.0196646199066465,-0.0196646199066465,0.0266030945529787
24.4728765020316,0,-0.0883766236254439,0,24.4728765020316,-0.0883766236254439,-0.0883766236254439,-0.0883766236254439,0.0473406670453721
11.303125406956,0,0.0200076122858094,0,11.303125406956,0.0200076122858094,0.0200076122858094,0.0200076122858094,0.0675102696912362
7.48402930279067,0,0.00968988201586394,0,7.48402930279067,0.00968988201586394,0.00968988201586394,0.00968988201586394,0.0686754083472401
25.9320346135502,0,-0.0232712391594247,0,25.9320346135502,-0.0232712391594247,-0.0232712391594247,-0.0232712391594247,0.0300519735078187
NA,NA,NA,NA,NA,NA,NA,NA,NA
12.0144898669671,0,-0.0304643580877798,0,12.0144898669671,-0.0304643580877798,-0.0304643580877798,-0.0304643580877798,0.0246585875375876
5.59197431763262,0,-0.0578220526680145,0,5.59197431763262,-0.0578220526680145,-0.0578220526680145,-0.0578220526680145,0.0290843221745671
7.10118523761685,0,-0.0285278978712163,0,7.10118523761685,-0.0285278978712163,-0.0285278978712163,-0.0285278978712163,0.0595492352872805
8.39406695268219,0,0.0167837864563465,0,8.39406695268219,0.0167837864563465,0.0167837864563465,0.0167837864563465,0.0322473662392579
6.68163411954067,0,0.0399525800720857,0,6.68163411954067,0.0399525800720857,0.0399525800720857,0.0399525800720857,0.0632642521725607
10.9419857642508,0,-0.0876235523401562,0,10.9419857642508,-0.0876235523401562,-0.0876235523401562,-0.0876235523401562,0.0336377588977628
9.567453602661,0,-0.0130573193727359,0,9.567453602661,-0.0130573193727359,-0.0130573193727359,-0.0130573193727359,0.0264340771076804
9.56764954052794,0,-0.00578932875863998,0,9.56764954052794,-0.00578932875863998,-0.00578932875863998,-0.00578932875863998,0.0288617279537588
9.58796747981615,0,0.00725905880614161,0,9.58796747981615,0.00725905880614161,0.00725905880614161,0.00725905880614161,0.0422687684348916
12.9045618909384,0,-0.020800428050844,0,12.9045618909384,-0.020800428050844,-0.020800428050844,-0.020800428050844,0.00918914559220215
9.03381024943225,0,-0.0258591277728825,0,9.03381024943225,-0.0258591277728825,-0.0258591277728825,-0.0258591277728825,0.0210013285642308
7.292171244769,0,0.0214216184583366,0,7.292171244769,0.0214216184583366,0.0214216184583366,0.0214216184583366,0.00787016036700002
10.6567948708008,0,0.0203455428827325,0,10.6567948708008,0.0203455428827325,0.0203455428827325,0.0203455428827325,0.0367174068081082
15.83958844307,0,0.0399832495665445,0,15.83958844307,0.0399832495665445,0.0399832495665445,0.0399832495665445,0.0130470310288665
17.7014293147066,0,0.0234372077444364,0,17.7014293147066,0.0234372077444364,0.0234372077444364,0.0234372077444364,0.0323786122878216
14.7585414478692,0,-0.0143222744287462,0,14.7585414478692,-0.0143222744287462,-0.0143222744287462,-0.0143222744287462,0.0637816832942033
8.7869971588466,0,0.0255650750927985,0,8.7869971588466,0.0255650750927985,0.0255650750927985,0.0255650750927985,0.0115189820321319
13.9836050997556,0,-0.0596374353307077,0,13.9836050997556,-0.0596374353307077,-0.0596374353307077,-0.0596374353307077,0.0260159424457815
11.3110693140974,0,0.00982781565554414,0,11.3110693140974,0.00982781565554414,0.00982781565554414,0.00982781565554414,0.0152975413868066
16.5519463473715,0,-0.0850116784148187,0,16.5519463473715,-0.0850116784148187,-0.0850116784148187,-0.0850116784148187,0.0449328569998866
12.3671082351961,0,0.0210231372322994,0,12.3671082351961,0.0210231372322994,0.0210231372322994,0.0210231372322994,0.0160828742749283
12.3654554745313,0,-0.0686880413546458,0,12.3654554745313,-0.0686880413546458,-0.0686880413546458,-0.0686880413546458,0.0513325050706189
19.2556223171704,0,0.0285945738844167,0,19.2556223171704,0.0285945738844167,0.0285945738844167,0.0285945738844167,0.0139726523520546
34.7312424253189,0,0.00360906084633839,0,34.7312424253189,0.00360906084633839,0.00360906084633839,0.00360906084633839,0.017575833019559
54.7209102152747,0,0.0196726221291343,0,54.7209102152747,0.0196726221291343,0.0196726221291343,0.0196726221291343,0.0109274670854921
9.37577209119586,0,-0.0166622088619275,0,9.37577209119586,-0.0166622088619275,-0.0166622088619275,-0.0166622088619275,0.0509886552324907
8.22166390729103,0,0.0200227074138689,0,8.22166390729103,0.0200227074138689,0.0200227074138689,0.0200227074138689,0.0889316774406693
6.56936523894705,0,-0.0184803687031215,0,6.56936523894705,-0.0184803687031215,-0.0184803687031215,-0.0184803687031215,0.0397871786329299
7.36539602284415,0,-0.0247872150245361,0,7.36539602284415,-0.0247872150245361,-0.0247872150245361,-0.0247872150245361,0.114121672795408
9.34902839864339,0,-0.0319037471830898,0,9.34902839864339,-0.0319037471830898,-0.0319037471830898,-0.0319037471830898,0.0353702402159913
12.5616640281909,0,0.00441577973083164,0,12.5616640281909,0.00441577973083164,0.00441577973083164,0.00441577973083164,0.0138459086615911
10.5411867057519,0,-0.0885790708954701,0,10.5411867057519,-0.0885790708954701,-0.0885790708954701,-0.0885790708954701,0.0320565633703811
10.8363107906744,0,-0.028098390818107,0,10.8363107906744,-0.028098390818107,-0.028098390818107,-0.028098390818107,0.071926050301895
7.60971237336999,0,0.0425196941211018,0,7.60971237336999,0.0425196941211018,0.0425196941211018,0.0425196941211018,0.0675431227803087
5.93931454818625,0,-0.0606442522079505,0,5.93931454818625,-0.0606442522079505,-0.0606442522079505,-0.0606442522079505,0.0347252472962151
11.3171115233183,0,-0.0301299566297987,0,11.3171115233183,-0.0301299566297987,-0.0301299566297987,-0.0301299566297987,0.0549217163119364
12.491172371433,0,0.00616174807970621,0,12.491172371433,0.00616174807970621,0.00616174807970621,0.00616174807970621,0.0405245193389735
26.9159257982544,0,0.00103996356092225,0,26.9159257982544,0.00103996356092225,0.00103996356092225,0.00103996356092225,0.0289826613233299
23.3384346785706,0,0.0173424537425691,0,23.3384346785706,0.0173424537425691,0.0173424537425691,0.0173424537425691,0.0189266195413323
39.8146474017142,0,-0.0114906286129136,0,39.8146474017142,-0.0114906286129136,-0.0114906286129136,-0.0114906286129136,0.0491219546710594
16.8846431378076,0,0.0592246738975235,0,16.8846431378076,0.0592246738975235,0.0592246738975235,0.0592246738975235,0.0580511049145327
129.543664939788,0,0.187339131251037,0,129.543664939788,0.187339131251037,0.187339131251037,0.187339131251037,0.0392949098741799
7.87613657515693,0,0.0413542662923309,0,7.87613657515693,0.0413542662923309,0.0413542662923309,0.0413542662923309,0.0315625132232254
6.75451986071434,0,0.0140182295143905,0,6.75451986071434,0.0140182295143905,0.0140182295143905,0.0140182295143905,0.0568066082100863
14.6925462604222,0,-0.00458452472707301,0,14.6925462604222,-0.00458452472707301,-0.00458452472707301,-0.00458452472707301,0.0444254697733256
12.6985002447189,0,0.0156151615690587,0,12.6985002447189,0.0156151615690587,0.0156151615690587,0.0156151615690587,0.0344296478282526
14.3972634987083,0,-0.0237118006498921,0,14.3972634987083,-0.0237118006498921,-0.0237118006498921,-0.0237118006498921,0.0295064854269103
14.1514365378187,0,-0.0107350800784212,0,14.1514365378187,-0.0107350800784212,-0.0107350800784212,-0.0107350800784212,0.0554744268805768
27.9381463268887,0,-0.0196646199066465,0,27.9381463268887,-0.0196646199066465,-0.0196646199066465,-0.0196646199066465,0.0266030945529787
24.4728765020316,0,-0.0883766236254439,0,24.4728765020316,-0.0883766236254439,-0.0883766236254439,-0.0883766236254439,0.0473406670453721
11.303125406956,0,0.0200076122858094,0,11.303125406956,0.0200076122858094,0.0200076122858094,0.0200076122858094,0.0675102696912362
7.48402930279067,0,0.00968988201586394,0,7.48402930279067,0.00968988201586394,0.00968988201586394,0.00968988201586394,0.0686754083472401
25.9320346135502,0,-0.0232712391594247,0,25.9320346135502,-0.0232712391594247,-0.0232712391594247,-0.0232712391594247,0.0300519735078187
NA,NA,NA,NA,NA,NA,NA,NA,NA
12.0144898669671,0,-0.0304643580877798,0,12.0144898669671,-0.0304643580877798,-0.0304643580877798,-0.0304643580877798,0.0246585875375876
5.59197431763262,0,-0.0578220526680145,0,5.59197431763262,-0.0578220526680145,-0.0578220526680145,-0.0578220526680145,0.0290843221745671
7.10118523761685,0,-0.0285278978712163,0,7.10118523761685,-0.0285278978712163,-0.0285278978712163,-0.0285278978712163,0.0595492352872805
8.39406695268219,0,0.0167837864563465,0,8.39406695268219,0.0167837864563465,0.0167837864563465,0.0167837864563465,0.0322473662392579
6.68163411954067,0,0.0399525800720857,0,6.68163411954067,0.0399525800720857,0.0399525800720857,0.0399525800720857,0.0632642521725607
10.9419857642508,0,-0.0876235523401562,0,10.9419857642508,-0.0876235523401562,-0.0876235523401562,-0.0876235523401562,0.0336377588977628
9.567453602661,0,-0.0130573193727359,0,9.567453602661,-0.0130573193727359,-0.0130573193727359,-0.0130573193727359,0.0264340771076804
9.56764954052794,0,-0.00578932875863998,0,9.56764954052794,-0.00578932875863998,-0.00578932875863998,-0.00578932875863998,0.0288617279537588
9.58796747981615,0,0.00725905880614161,0,9.58796747981615,0.00725905880614161,0.00725905880614161,0.00725905880614161,0.0422687684348916
12.9045618909384,0,-0.020800428050844,0,12.9045618909384,-0.020800428050844,-0.020800428050844,-0.020800428050844,0.00918914559220215
9.03381024943225,0,-0.0258591277728825,0,9.03381024943225,-0.0258591277728825,-0.0258591277728825,-0.0258591277728825,0.0210013285642308
7.292171244769,0,0.0214216184583366,0,7.292171244769,0.0214216184583366,0.0214216184583366,0.0214216184583366,0.00787016036700002
10.6567948708008,0,0.0203455428827325,0,10.6567948708008,0.0203455428827325,0.0203455428827325,0.0203455428827325,0.0367174068081082
15.83958844307,0,0.0399832495665445,0,15.83958844307,0.0399832495665445,0.0399832495665445,0.0399832495665445,0.0130470310288665
17.7014293147066,0,0.0234372077444364,0,17.7014293147066,0.0234372077444364,0.0234372077444364,0.0234372077444364,0.0323786122878216
14.7585414478692,0,-0.0143222744287462,0,14.7585414478692,-0.0143222744287462,-0.0143222744287462,-0.0143222744287462,0.0637816832942033
8.7869971588466,0,0.0255650750927985,0,8.7869971588466,0.0255650750927985,0.0255650750927985,0.0255650750927985,0.0115189820321319
13.9836050997556,0,-0.0596374353307077,0,13.9836050997556,-0.0596374353307077,-0.0596374353307077,-0.0596374353307077,0.0260159424457815
11.3110693140974,0,0.00982781565554414,0,11.3110693140974,0.00982781565554414,0.00982781565554414,0.00982781565554414,0.0152975413868066
16.5519463473715,0,-0.0850116784148187,0,16.5519463473715,-0.0850116784148187,-0.0850116784148187,-0.0850116784148187,0.0449328569998866
12.3671082351961,0,0.0210231372322994,0,12.3671082351961,0.0210231372322994,0.0210231372322994,0.0210231372322994,0.0160828742749283
12.3654554745313,0,-0.0686880413546458,0,12.3654554745313,-0.0686880413546458,-0.0686880413546458,-0.0686880413546458,0.0513325050706189
19.2556223171704,0,0.0285945738844167,0,19.2556223171704,0.0285945738844167,0.0285945738844167,0.0285945738844167,0.0139726523520546
34.7312424253189,0,0.00360906084633839,0,34.7312424253189,0.00360906084633839,0.00360906084633839,0.00360906084633839,0.017575833019559
54.7209102152747,0,0.0196726221291343,0,54.7209102152747,0.0196726221291343,0.0196726221291343,0.0196726221291343,0.0109274670854921
9.37577209119586,0,-0.0166622088619275,0,9.37577209119586,-0.0166622088619275,-0.0166622088619275,-0.0166622088619275,0.0509886552324907
8.22166390729103,0,0.0200227074138689,0,8.22166390729103,0.0200227074138689,0.0200227074138689,0.0200227074138689,0.0889316774406693
6.56936523894705,0,-0.0184803687031215,0,6.56936523894705,-0.0184803687031215,-0.0184803687031215,-0.0184803687031215,0.0397871786329299
7.36539602284415,0,-0.0247872150245361,0,7.36539602284415,-0.0247872150245361,-0.0247872150245361,-0.0247872150245361,0.114121672795408
9.34902839864339,0,-0.0319037471830898,0,9.34902839864339,-0.0319037471830898,-0.0319037471830898,-0.0319037471830898,0.0353702402159913
12.5616640281909,0,0.00441577973083164,0,12.5616640281909,0.00441577973083164,0.00441577973083164,0.00441577973083164,0.0138459086615911
10.5411867057519,0,-0.0885790708954701,0,10.5411867057519,-0.0885790708954701,-0.0885790708954701,-0.0885790708954701,0.0320565633703811
10.8363107906744,0,-0.028098390818107,0,10.8363107906744,-0.028098390818107,-0.028098390818107,-0.028098390818107,0.071926050301895
7.60971237336999,0,0.0425196941211018,0,7.60971237336999,0.0425196941211018,0.0425196941211018,0.0425196941211018,0.0675431227803087
5.93931454818625,0,-0.0606442522079505,0,5.93931454818625,-0.0606442522079505,-0.0606442522079505,-0.0606442522079505,0.0347252472962151
11.3171115233183,0,-0.0301299566297987,0,11.3171115233183,-0.0301299566297987,-0.0301299566297987,-0.0301299566297987,0.0549217163119364
12.491172371433,0,0.00616174807970621,0,12.491172371433,0.00616174807970621,0.00616174807970621,0.00616174807970621,0.0405245193389735
26.9159257982544,0,0.00103996356092225,0,26.9159257982544,0.00103996356092225,0.00103996356092225,0.00103996356092225,0.0289826613233299
23.3384346785706,0,0.0173424537425691,0,23.3384346785706,0.0173424537425691,0.0173424537425691,0.0173424537425691,0.0189266195413323
39.8146474017142,0,-0.0114906286129136,0,39.8146474017142,-0.0114906286129136,-0.0114906286129136,-0.0114906286129136,0.0491219546710594
16.8846431378076,0,0.0592246738975235,0,16.8846431378076,0.0592246738975235,0.0592246738975235,0.0592246738975235,0.0580511049145327
129.543664939788,0,0.187339131251037,0,129.543664939788,0.187339131251037,0.187339131251037,0.187339131251037,0.0392949098741799
7.87613657515693,0,0.0413542662923309,0,7.87613657515693,0.0413542662923309,0.0413542662923309,0.0413542662923309,0.0315625132232254
6.75451986071434,0,0.0140182295143905,0,6.75451986071434,0.0140182295143905,0.0140182295143905,0.0140182295143905,0.0568066082100863
14.6925462604222,0,-0.00458452472707301,0,14.6925462604222,-0.00458452472707301,-0.00458452472707301,-0.00458452472707301,0.0444254697733256
12.6985002447189,0,0.0156151615690587,0,12.6985002447189,0.0156151615690587,0.0156151615690587,0.0156151615690587,0.0344296478282526
14.3972634987083,0,-0.0237118006498921,0,14.3972634987083,-0.0237118006498921,-0.0237118006498921,-0.0237118006498921,0.0295064854269103
14.1514365378187,0,-0.0107350800784212,0,14.1514365378187,-0.0107350800784212,-0.0107350800784212,-0.0107350800784212,0.0554744268805768
27.9381463268887,0,-0.0196646199066465,0,27.9381463268887,-0.0196646199066465,-0.0196646199066465,-0.0196646199066465,0.0266030945529787
24.4728765020316,0,-0.0883766236254439,0,24.4728765020316,-0.0883766236254439,-0.0883766236254439,-0.0883766236254439,0.0473406670453721
11.303125406956,0,0.0200076122858094,0,11.303125406956,0.0200076122858094,0.0200076122858094,0.0200076122858094,0.0675102696912362
7.48402930279067,0,0.00968988201586394,0,7.48402930279067,0.00968988201586394,0.00968988201586394,0.00968988201586394,0.0686754083472401
25.9320346135502,0,-0.0232712391594247,0,25.9320346135502,-0.0232712391594247,-0.0232712391594247,-0.0232712391594247,0.0300519735078187
NA,NA,NA,NA,NA,NA,NA,NA,NA
12.0144898669671,0,-0.0304643580877798,0,12.0144898669671,-0.0304643580877798,-0.0304643580877798,-0.0304643580877798,0.0246585875375876
5.59197431763262,0,-0.0578220526680145,0,5.59197431763262,-0.0578220526680145,-0.0578220526680145,-0.0578220526680145,0.0290843221745671
7.10118523761685,0,-0.0285278978712163,0,7.10118523761685,-0.0285278978712163,-0.0285278978712163,-0.0285278978712163,0.0595492352872805
8.39406695268219,0,0.0167837864563465,0,8.39406695268219,0.0167837864563465,0.0167837864563465,0.0167837864563465,0.0322473662392579
6.68163411954067,0,0.0399525800720857,0,6.68163411954067,0.0399525800720857,0.0399525800720857,0.0399525800720857,0.0632642521725607
10.9419857642508,0,-0.0876235523401562,0,10.9419857642508,-0.0876235523401562,-0.0876235523401562,-0.0876235523401562,0.0336377588977628
9.567453602661,0,-0.0130573193727359,0,9.567453602661,-0.0130573193727359,-0.0130573193727359,-0.0130573193727359,0.0264340771076804
9.56764954052794,0,-0.00578932875863998,0,9.56764954052794,-0.00578932875863998,-0.00578932875863998,-0.00578932875863998,0.0288617279537588
9.58796747981615,0,0.00725905880614161,0,9.58796747981615,0.00725905880614161,0.00725905880614161,0.00725905880614161,0.0422687684348916
12.9045618909384,0,-0.020800428050844,0,12.9045618909384,-0.020800428050844,-0.020800428050844,-0.020800428050844,0.00918914559220215
9.03381024943225,0,-0.0258591277728825,0,9.03381024943225,-0.0258591277728825,-0.0258591277728825,-0.0258591277728825,0.0210013285642308
7.292171244769,0,0.0214216184583366,0,7.292171244769,0.0214216184583366,0.0214216184583366,0.0214216184583366,0.00787016036700002
10.6567948708008,0,0.0203455428827325,0,10.6567948708008,0.0203455428827325,0.0203455428827325,0.0203455428827325,0.0367174068081082
15.83958844307,0,0.0399832495665445,0,15.83958844307,0.0399832495665445,0.0399832495665445,0.0399832495665445,0.0130470310288665
17.7014293147066,0,0.0234372077444364,0,17.7014293147066,0.0234372077444364,0.0234372077444364,0.0234372077444364,0.0323786122878216
14.7585414478692,0,-0.0143222744287462,0,14.7585414478692,-0.0143222744287462,-0.0143222744287462,-0.0143222744287462,0.0637816832942033
8.7869971588466,0,0.0255650750927985,0,8.7869971588466,0.0255650750927985,0.0255650750927985,0.0255650750927985,0.0115189820321319
13.9836050997556,0,-0.0596374353307077,0,13.9836050997556,-0.0596374353307077,-0.0596374353307077,-0.0596374353307077,0.0260159424457815
11.3110693140974,0,0.00982781565554414,0,11.3110693140974,0.00982781565554414,0.00982781565554414,0.00982781565554414,0.0152975413868066
16.5519463473715,0,-0.0850116784148187,0,16.5519463473715,-0.0850116784148187,-0.0850116784148187,-0.0850116784148187,0.0449328569998866
12.3671082351961,0,0.0210231372322994,0,12.3671082351961,0.0210231372322994,0.0210231372322994,0.0210231372322994,0.0160828742749283
12.3654554745313,0,-0.0686880413546458,0,12.3654554745313,-0.0686880413546458,-0.0686880413546458,-0.0686880413546458,0.0513325050706189
19.2556223171704,0,0.0285945738844167,0,19.2556223171704,0.0285945738844167,0.0285945738844167,0.0285945738844167,0.0139726523520546
34.7312424253189,0,0.00360906084633839,0,34.7312424253189,0.00360906084633839,0.00360906084633839,0.00360906084633839,0.017575833019559
54.7209102152747,0,0.0196726221291343,0,54.7209102152747,0.0196726221291343,0.0196726221291343,0.0196726221291343,0.0109274670854921
9.37577209119586,0,-0.0166622088619275,0,9.37577209119586,-0.0166622088619275,-0.0166622088619275,-0.0166622088619275,0.0509886552324907
8.22166390729103,0,0.0200227074138689,0,8.22166390729103,0.0200227074138689,0.0200227074138689,0.0200227074138689,0.0889316774406693
6.56936523894705,0,-0.0184803687031215,0,6.56936523894705,-0.0184803687031215,-0.0184803687031215,-0.0184803687031215,0.0397871786329299
7.36539602284415,0,-0.0247872150245361,0,7.36539602284415,-0.0247872150245361,-0.0247872150245361,-0.0247872150245361,0.114121672795408
9.34902839864339,0,-0.0319037471830898,0,9.34902839864339,-0.0319037471830898,-0.0319037471830898,-0.0319037471830898,0.0353702402159913
12.5616640281909,0,0.00441577973083164,0,12.5616640281909,0.00441577973083164,0.00441577973083164,0.00441577973083164,0.0138459086615911
10.5411867057519,0,-0.0885790708954701,0,10.5411867057519,-0.0885790708954701,-0.0885790708954701,-0.0885790708954701,0.0320565633703811
10.8363107906744,0,-0.028098390818107,0,10.8363107906744,-0.028098390818107,-0.028098390818107,-0.028098390818107,0.071926050301895
7.60971237336999,0,0.0425196941211018,0,7.60971237336999,0.0425196941211018,0.0425196941211018,0.0425196941211018,0.0675431227803087
5.93931454818625,0,-0.0606442522079505,0,5.93931454818625,-0.0606442522079505,-0.0606442522079505,-0.0606442522079505,0.0347252472962151
11.3171115233183,0,-0.0301299566297987,0,11.3171115233183,-0.0301299566297987,-0.0301299566297987,-0.0301299566297987,0.0549217163119364
12.491172371433,0,0.00616174807970621,0,12.491172371433,0.00616174807970621,0.00616174807970621,0.00616174807970621,0.0405245193389735
26.9159257982544,0,0.00103996356092225,0,26.9159257982544,0.00103996356092225,0.00103996356092225,0.00103996356092225,0.0289826613233299
23.3384346785706,0,0.0173424537425691,0,23.3384346785706,0.0173424537425691,0.0173424537425691,0.0173424537425691,0.0189266195413323
39.8146474017142,0,-0.0114906286129136,0,39.8146474017142,-0.0114906286129136,-0.0114906286129136,-0.0114906286129136,0.0491219546710594
16.8846431378076,0,0.0592246738975235,0,16.8846431378076,0.0592246738975235,0.0592246738975235,0.0592246738975235,0.0580511049145327
129.543664939788,0,0.187339131251037,0,129.543664939788,0.187339131251037,0.187339131251037,0.187339131251037,0.0392949098741799
7.87613657515693,0,0.0413542662923309,0,7.87613657515693,0.0413542662923309,0.0413542662923309,0.0413542662923309,0.0315625132232254
6.75451986071434,0,0.0140182295143905,0,6.75451986071434,0.0140182295143905,0.0140182295143905,0.0140182295143905,0.0568066082100863
14.6925462604222,0,-0.00458452472707301,0,14.6925462604222,-0.00458452472707301,-0.00458452472707301,-0.00458452472707301,0.0444254697733256
12.6985002447189,0,0.0156151615690587,0,12.6985002447189,0.0156151615690587,0.0156151615690587,0.0156151615690587,0.0344296478282526
14.3972634987083,0,-0.0237118006498921,0,14.3972634987083,-0.0237118006498921,-0.0237118006498921,-0.0237118006498921,0.0295064854269103
14.1514365378187,0,-0.0107350800784212,0,14.1514365378187,-0.0107350800784212,-0.0107350800784212,-0.0107350800784212,0.0554744268805768
27.9381463268887,0,-0.0196646199066465,0,27.9381463268887,-0.0196646199066465,-0.0196646199066465,-0.0196646199066465,0.0266030945529787
24.4728765020316,0,-0.0883766236254439,0,24.4728765020316,-0.0883766236254439,-0.0883766236254439,-0.0883766236254439,0.0473406670453721
11.303125406956,0,0.0200076122858094,0,11.303125406956,0.0200076122858094,0.0200076122858094,0.0200076122858094,0.0675102696912362
7.48402930279067,0,0.00968988201586394,0,7.48402930279067,0.00968988201586394,0.00968988201586394,0.00968988201586394,0.0686754083472401
25.9320346135502,0,-0.0232712391594247,0,25.9320346135502,-0.0232712391594247,-0.0232712391594247,-0.0232712391594247,0.0300519735078187
NA,NA,NA,NA,NA,NA,NA,NA,NA
12.0144898669671,0,-0.0304643580877798,0,12.0144898669671,-0.0304643580877798,-0.0304643580877798,-0.0304643580877798,0.0246585875375876
5.59197431763262,0,-0.0578220526680145,0,5.59197431763262,-0.0578220526680145,-0.0578220526680145,-0.0578220526680145,0.0290843221745671
7.10118523761685,0,-0.0285278978712163,0,7.10118523761685,-0.0285278978712163,-0.0285278978712163,-0.0285278978712163,0.0595492352872805
8.39406695268219,0,0.0167837864563465,0,8.39406695268219,0.0167837864563465,0.0167837864563465,0.0167837864563465,0.0322473662392579
6.68163411954067,0,0.0399525800720857,0,6.68163411954067,0.0399525800720857,0.0399525800720857,0.0399525800720857,0.0632642521725607
10.9419857642508,0,-0.0876235523401562,0,10.9419857642508,-0.0876235523401562,-0.0876235523401562,-0.0876235523401562,0.0336377588977628
9.567453602661,0,-0.0130573193727359,0,9.567453602661,-0.0130573193727359,-0.0130573193727359,-0.0130573193727359,0.0264340771076804
9.56764954052794,0,-0.00578932875863998,0,9.56764954052794,-0.00578932875863998,-0.00578932875863998,-0.00578932875863998,0.0288617279537588
9.58796747981615,0,0.00725905880614161,0,9.58796747981615,0.00725905880614161,0.00725905880614161,0.00725905880614161,0.0422687684348916
12.9045618909384,0,-0.020800428050844,0,12.9045618909384,-0.020800428050844,-0.020800428050844,-0.020800428050844,0.00918914559220215
9.03381024943225,0,-0.0258591277728825,0,9.03381024943225,-0.0258591277728825,-0.0258591277728825,-0.0258591277728825,0.0210013285642308
7.292171244769,0,0.0214216184583366,0,7.292171244769,0.0214216184583366,0.0214216184583366,0.0214216184583366,0.00787016036700002
10.6567948708008,0,0.0203455428827325,0,10.6567948708008,0.0203455428827325,0.0203455428827325,0.0203455428827325,0.0367174068081082
15.83958844307,0,0.0399832495665445,0,15.83958844307,0.0399832495665445,0.0399832495665445,0.0399832495665445,0.0130470310288665
17.7014293147066,0,0.0234372077444364,0,17.7014293147066,0.0234372077444364,0.0234372077444364,0.0234372077444364,0.0323786122878216
14.7585414478692,0,-0.0143222744287462,0,14.7585414478692,-0.0143222744287462,-0.0143222744287462,-0.0143222744287462,0.0637816832942033
8.7869971588466,0,0.0255650750927985,0,8.7869971588466,0.0255650750927985,0.0255650750927985,0.0255650750927985,0.0115189820321319
13.9836050997556,0,-0.0596374353307077,0,13.9836050997556,-0.0596374353307077,-0.0596374353307077,-0.0596374353307077,0.0260159424457815
11.3110693140974,0,0.00982781565554414,0,11.3110693140974,0.00982781565554414,0.00982781565554414,0.00982781565554414,0.0152975413868066
16.5519463473715,0,-0.0850116784148187,0,16.5519463473715,-0.0850116784148187,-0.0850116784148187,-0.0850116784148187,0.0449328569998866
12.3671082351961,0,0.0210231372322994,0,12.3671082351961,0.0210231372322994,0.0210231372322994,0.0210231372322994,0.0160828742749283
12.3654554745313,0,-0.0686880413546458,0,12.3654554745313,-0.0686880413546458,-0.0686880413546458,-0.0686880413546458,0.0513325050706189
19.2556223171704,0,0.0285945738844167,0,19.2556223171704,0.0285945738844167,0.0285945738844167,0.0285945738844167,0.0139726523520546
34.7312424253189,0,0.00360906084633839,0,34.7312424253189,0.00360906084633839,0.00360906084633839,0.00360906084633839,0.017575833019559
54.7209102152747,0,0.0196726221291343,0,54.7209102152747,0.0196726221291343,0.0196726221291343,0.0196726221291343,0.0109274670854921
9.37577209119586,0,-0.0166622088619275,0,9.37577209119586,-0.0166622088619275,-0.0166622088619275,-0.0166622088619275,0.0509886552324907
8.22166390729103,0,0.0200227074138689,0,8.22166390729103,0.0200227074138689,0.0200227074138689,0.0200227074138689,0.0889316774406693
6.56936523894705,0,-0.0184803687031215,0,6.56936523894705,-0.0184803687031215,-0.0184803687031215,-0.0184803687031215,0.0397871786329299
7.36539602284415,0,-0.0247872150245361,0,7.36539602284415,-0.0247872150245361,-0.0247872150245361,-0.0247872150245361,0.114121672795408
9.34902839864339,0,-0.0319037471830898,0,9.34902839864339,-0.0319037471830898,-0.0319037471830898,-0.0319037471830898,0.0353702402159913
12.5616640281909,0,0.00441577973083164,0,12.5616640281909,0.00441577973083164,0.00441577973083164,0.00441577973083164,0.0138459086615911
10.5411867057519,0,-0.0885790708954701,0,10.5411867057519,-0.0885790708954701,-0.0885790708954701,-0.0885790708954701,0.0320565633703811
10.8363107906744,0,-0.028098390818107,0,10.8363107906744,-0.028098390818107,-0.028098390818107,-0.028098390818107,0.071926050301895
7.60971237336999,0,0.0425196941211018,0,7.60971237336999,0.0425196941211018,0.0425196941211018,0.0425196941211018,0.0675431227803087
5.93931454818625,0,-0.0606442522079505,0,5.93931454818625,-0.0606442522079505,-0.0606442522079505,-0.0606442522079505,0.0347252472962151
11.3171115233183,0,-0.0301299566297987,0,11.3171115233183,-0.0301299566297987,-0.0301299566297987,-0.0301299566297987,0.0549217163119364
12.491172371433,0,0.00616174807970621,0,12.491172371433,0.00616174807970621,0.00616174807970621,0.00616174807970621,0.0405245193389735
26.9159257982544,0,0.00103996356092225,0,26.9159257982544,0.00103996356092225,0.00103996356092225,0.00103996356092225,0.0289826613233299
23.3384346785706,0,0.0173424537425691,0,23.3384346785706,0.0173424537425691,0.0173424537425691,0.0173424537425691,0.0189266195413323
39.8146474017142,0,-0.0114906286129136,0,39.8146474017142,-0.0114906286129136,-0.0114906286129136,-0.0114906286129136,0.0491219546710594
16.8846431378076,0,0.0592246738975235,0,16.8846431378076,0.0592246738975235,0.0592246738975235,0.0592246738975235,0.0580511049145327
129.543664939788,0,0.187339131251037,0,129.543664939788,0.187339131251037,0.187339131251037,0.187339131251037,0.0392949098741799
7.87613657515693,0,0.0413542662923309,0,7.87613657515693,0.0413542662923309,0.0413542662923309,0.0413542662923309,0.0315625132232254
6.75451986071434,0,0.0140182295143905,0,6.75451986071434,0.0140182295143905,0.0140182295143905,0.0140182295143905,0.0568066082100863
14.6925462604222,0,-0.00458452472707301,0,14.6925462604222,-0.00458452472707301,-0.00458452472707301,-0.00458452472707301,0.0444254697733256
12.6985002447189,0,0.0156151615690587,0,12.6985002447189,0.0156151615690587,0.0156151615690587,0.0156151615690587,0.0344296478282526
14.3972634987083,0,-0.0237118006498921,0,14.3972634987083,-0.0237118006498921,-0.0237118006498921,-0.0237118006498921,0.0295064854269103
14.1514365378187,0,-0.0107350800784212,0,14.1514365378187,-0.0107350800784212,-0.0107350800784212,-0.0107350800784212,0.0554744268805768
27.9381463268887,0,-0.0196646199066465,0,27.9381463268887,-0.0196646199066465,-0.0196646199066465,-0.0196646199066465,0.0266030945529787
24.4728765020316,0,-0.0883766236254439,0,24.4728765020316,-0.0883766236254439,-0.0883766236254439,-0.0883766236254439,0.0473406670453721
11.303125406956,0,0.0200076122858094,0,11.303125406956,0.0200076122858094,0.0200076122858094,0.0200076122858094,0.0675102696912362
7.48402930279067,0,0.00968988201586394,0,7.48402930279067,0.00968988201586394,0.00968988201586394,0.00968988201586394,0.0686754083472401
25.9320346135502,0,-0.0232712391594247,0,25.9320346135502,-0.0232712391594247,-0.0232712391594247,-0.0232712391594247,0.0300519735078187
NA,NA,NA,NA,NA,NA,NA,NA,NA
12.0144898669671,0,-0.0304643580877798,0,12.0144898669671,-0.0304643580877798,-0.0304643580877798,-0.0304643580877798,0.0246585875375876
5.59197431763262,0,-0.0578220526680145,0,5.59197431763262,-0.0578220526680145,-0.0578220526680145,-0.0578220526680145,0.0290843221745671
7.10118523761685,0,-0.0285278978712163,0,7.10118523761685,-0.0285278978712163,-0.0285278978712163,-0.0285278978712163,0.0595492352872805
8.39406695268219,0,0.0167837864563465,0,8.39406695268219,0.0167837864563465,0.0167837864563465,0.0167837864563465,0.0322473662392579
6.68163411954067,0,0.0399525800720857,0,6.68163411954067,0.0399525800720857,0.0399525800720857,0.0399525800720857,0.0632642521725607
10.9419857642508,0,-0.0876235523401562,0,10.9419857642508,-0.0876235523401562,-0.0876235523401562,-0.0876235523401562,0.0336377588977628
9.567453602661,0,-0.0130573193727359,0,9.567453602661,-0.0130573193727359,-0.0130573193727359,-0.0130573193727359,0.0264340771076804
9.56764954052794,0,-0.00578932875863998,0,9.56764954052794,-0.00578932875863998,-0.00578932875863998,-0.00578932875863998,0.0288617279537588
9.58796747981615,0,0.00725905880614161,0,9.58796747981615,0.00725905880614161,0.00725905880614161,0.00725905880614161,0.0422687684348916
12.9045618909384,0,-0.020800428050844,0,12.9045618909384,-0.020800428050844,-0.020800428050844,-0.020800428050844,0.00918914559220215
9.03381024943225,0,-0.0258591277728825,0,9.03381024943225,-0.0258591277728825,-0.0258591277728825,-0.0258591277728825,0.0210013285642308
7.292171244769,0,0.0214216184583366,0,7.292171244769,0.0214216184583366,0.0214216184583366,0.0214216184583366,0.00787016036700002
10.6567948708008,0,0.0203455428827325,0,10.6567948708008,0.0203455428827325,0.0203455428827325,0.0203455428827325,0.0367174068081082
15.83958844307,0,0.0399832495665445,0,15.83958844307,0.0399832495665445,0.0399832495665445,0.0399832495665445,0.0130470310288665
17.7014293147066,0,0.0234372077444364,0,17.7014293147066,0.0234372077444364,0.0234372077444364,0.0234372077444364,0.0323786122878216
14.7585414478692,0,-0.0143222744287462,0,14.7585414478692,-0.0143222744287462,-0.0143222744287462,-0.0143222744287462,0.0637816832942033
8.7869971588466,0,0.0255650750927985,0,8.7869971588466,0.0255650750927985,0.0255650750927985,0.0255650750927985,0.0115189820321319
13.9836050997556,0,-0.0596374353307077,0,13.9836050997556,-0.0596374353307077,-0.0596374353307077,-0.0596374353307077,0.0260159424457815
11.3110693140974,0,0.00982781565554414,0,11.3110693140974,0.00982781565554414,0.00982781565554414,0.00982781565554414,0.0152975413868066
16.5519463473715,0,-0.0850116784148187,0,16.5519463473715,-0.0850116784148187,-0.0850116784148187,-0.0850116784148187,0.0449328569998866
12.3671082351961,0,0.0210231372322994,0,12.3671082351961,0.0210231372322994,0.0210231372322994,0.0210231372322994,0.0160828742749283
12.3654554745313,0,-0.0686880413546458,0,12.3654554745313,-0.0686880413546458,-0.0686880413546458,-0.0686880413546458,0.0513325050706189
19.2556223171704,0,0.0285945738844167,0,19.2556223171704,0.0285945738844167,0.0285945738844167,0.0285945738844167,0.0139726523520546
34.7312424253189,0,0.00360906084633839,0,34.7312424253189,0.00360906084633839,0.00360906084633839,0.00360906084633839,0.017575833019559
54.7209102152747,0,0.0196726221291343,0,54.7209102152747,0.0196726221291343,0.0196726221291343,0.0196726221291343,0.0109274670854921
9.37577209119586,0,-0.0166622088619275,0,9.37577209119586,-0.0166622088619275,-0.0166622088619275,-0.0166622088619275,0.0509886552324907
8.22166390729103,0,0.0200227074138689,0,8.22166390729103,0.0200227074138689,0.0200227074138689,0.0200227074138689,0.0889316774406693
6.56936523894705,0,-0.0184803687031215,0,6.56936523894705,-0.0184803687031215,-0.0184803687031215,-0.0184803687031215,0.0397871786329299
7.36539602284415,0,-0.0247872150245361,0,7.36539602284415,-0.0247872150245361,-0.0247872150245361,-0.0247872150245361,0.114121672795408
9.34902839864339,0,-0.0319037471830898,0,9.34902839864339,-0.0319037471830898,-0.0319037471830898,-0.0319037471830898,0.0353702402159913
12.5616640281909,0,0.00441577973083164,0,12.5616640281909,0.00441577973083164,0.00441577973083164,0.00441577973083164,0.0138459086615911
10.5411867057519,0,-0.0885790708954701,0,10.5411867057519,-0.0885790708954701,-0.0885790708954701,-0.0885790708954701,0.0320565633703811
10.8363107906744,0,-0.028098390818107,0,10.8363107906744,-0.028098390818107,-0.028098390818107,-0.028098390818107,0.071926050301895
7.60971237336999,0,0.0425196941211018,0,7.60971237336999,0.0425196941211018,0.0425196941211018,0.0425196941211018,0.0675431227803087
5.93931454818625,0,-0.0606442522079505,0,5.93931454818625,-0.0606442522079505,-0.0606442522079505,-0.0606442522079505,0.0347252472962151
11.3171115233183,0,-0.0301299566297987,0,11.3171115233183,-0.0301299566297987,-0.0301299566297987,-0.0301299566297987,0.0549217163119364
12.491172371433,0,0.00616174807970621,0,12.491172371433,0.00616174807970621,0.00616174807970621,0.00616174807970621,0.0405245193389735
26.9159257982544,0,0.00103996356092225,0,26.9159257982544,0.00103996356092225,0.00103996356092225,0.00103996356092225,0.0289826613233299
23.3384346785706,0,0.0173424537425691,0,23.3384346785706,0.0173424537425691,0.0173424537425691,0.0173424537425691,0.0189266195413323
39.8146474017142,0,-0.0114906286129136,0,39.8146474017142,-0.0114906286129136,-0.0114906286129136,-0.0114906286129136,0.0491219546710594
16.8846431378076,0,0.0592246738975235,0,16.8846431378076,0.0592246738975235,0.0592246738975235,0.0592246738975235,0.0580511049145327
129.543664939788,0,0.187339131251037,0,129.543664939788,0.187339131251037,0.187339131251037,0.187339131251037,0.0392949098741799
7.87613657515693,0,0.0413542662923309,0,7.87613657515693,0.0413542662923309,0.0413542662923309,0.0413542662923309,0.0315625132232254
6.75451986071434,0,0.0140182295143905,0,6.75451986071434,0.0140182295143905,0.0140182295143905,0.0140182295143905,0.0568066082100863
14.6925462604222,0,-0.00458452472707301,0,14.6925462604222,-0.00458452472707301,-0.00458452472707301,-0.00458452472707301,0.0444254697733256
12.6985002447189,0,0.0156151615690587,0,12.6985002447189,0.0156151615690587,0.0156151615690587,0.0156151615690587,0.0344296478282526
14.3972634987083,0,-0.0237118006498921,0,14.3972634987083,-0.0237118006498921,-0.0237118006498921,-0.0237118006498921,0.0295064854269103
14.1514365378187,0,-0.0107350800784212,0,14.1514365378187,-0.0107350800784212,-0.0107350800784212,-0.0107350800784212,0.0554744268805768
27.9381463268887,0,-0.0196646199066465,0,27.9381463268887,-0.0196646199066465,-0.0196646199066465,-0.0196646199066465,0.0266030945529787
24.4728765020316,0,-0.0883766236254439,0,24.4728765020316,-0.0883766236254439,-0.0883766236254439,-0.0883766236254439,0.0473406670453721
11.303125406956,0,0.0200076122858094,0,11.303125406956,0.0200076122858094,0.0200076122858094,0.0200076122858094,0.0675102696912362
7.48402930279067,0,0.00968988201586394,0,7.48402930279067,0.00968988201586394,0.00968988201586394,0.00968988201586394,0.0686754083472401
25.9320346135502,0,-0.0232712391594247,0,25.9320346135502,-0.0232712391594247,-0.0232712391594247,-0.0232712391594247,0.0300519735078187
NA,NA,NA,NA,NA,NA,NA,NA,NA
12.0144898669671,0,-0.0304643580877798,0,12.0144898669671,-0.0304643580877798,-0.0304643580877798,-0.0304643580877798,0.0246585875375876
5.59197431763262,0,-0.0578220526680145,0,5.59197431763262,-0.0578220526680145,-0.0578220526680145,-0.0578220526680145,0.0290843221745671
7.10118523761685,0,-0.0285278978712163,0,7.10118523761685,-0.0285278978712163,-0.0285278978712163,-0.0285278978712163,0.0595492352872805
8.39406695268219,0,0.0167837864563465,0,8.39406695268219,0.0167837864563465,0.0167837864563465,0.0167837864563465,0.0322473662392579
6.68163411954067,0,0.0399525800720857,0,6.68163411954067,0.0399525800720857,0.0399525800720857,0.0399525800720857,0.0632642521725607
10.9419857642508,0,-0.0876235523401562,0,10.9419857642508,-0.0876235523401562,-0.0876235523401562,-0.0876235523401562,0.0336377588977628
9.567453602661,0,-0.0130573193727359,0,9.567453602661,-0.0130573193727359,-0.0130573193727359,-0.0130573193727359,0.0264340771076804
9.56764954052794,0,-0.00578932875863998,0,9.56764954052794,-0.00578932875863998,-0.00578932875863998,-0.00578932875863998,0.0288617279537588
9.58796747981615,0,0.00725905880614161,0,9.58796747981615,0.00725905880614161,0.00725905880614161,0.00725905880614161,0.0422687684348916
12.9045618909384,0,-0.020800428050844,0,12.9045618909384,-0.020800428050844,-0.020800428050844,-0.020800428050844,0.00918914559220215
9.03381024943225,0,-0.0258591277728825,0,9.03381024943225,-0.0258591277728825,-0.0258591277728825,-0.0258591277728825,0.0210013285642308
7.292171244769,0,0.0214216184583366,0,7.292171244769,0.0214216184583366,0.0214216184583366,0.0214216184583366,0.00787016036700002
10.6567948708008,0,0.0203455428827325,0,10.6567948708008,0.0203455428827325,0.0203455428827325,0.0203455428827325,0.0367174068081082
15.83958844307,0,0.0399832495665445,0,15.83958844307,0.0399832495665445,0.0399832495665445,0.0399832495665445,0.0130470310288665
17.7014293147066,0,0.0234372077444364,0,17.7014293147066,0.0234372077444364,0.0234372077444364,0.0234372077444364,0.0323786122878216
14.7585414478692,0,-0.0143222744287462,0,14.7585414478692,-0.0143222744287462,-0.0143222744287462,-0.0143222744287462,0.0637816832942033
8.7869971588466,0,0.0255650750927985,0,8.7869971588466,0.0255650750927985,0.0255650750927985,0.0255650750927985,0.0115189820321319
13.9836050997556,0,-0.0596374353307077,0,13.9836050997556,-0.0596374353307077,-0.0596374353307077,-0.0596374353307077,0.0260159424457815
11.3110693140974,0,0.00982781565554414,0,11.3110693140974,0.00982781565554414,0.00982781565554414,0.00982781565554414,0.0152975413868066
16.5519463473715,0,-0.0850116784148187,0,16.5519463473715,-0.0850116784148187,-0.0850116784148187,-0.0850116784148187,0.0449328569998866
12.3671082351961,0,0.0210231372322994,0,12.3671082351961,0.0210231372322994,0.0210231372322994,0.0210231372322994,0.0160828742749283
12.3654554745313,0,-0.0686880413546458,0,12.3654554745313,-0.0686880413546458,-0.0686880413546458,-0.0686880413546458,0.0513325050706189
19.2556223171704,0,0.0285945738844167,0,19.2556223171704,0.0285945738844167,0.0285945738844167,0.0285945738844167,0.0139726523520546
34.7312424253189,0,0.00360906084633839,0,34.7312424253189,0.00360906084633839,0.00360906084633839,0.00360906084633839,0.017575833019559
54.7209102152747,0,0.0196726221291343,0,54.7209102152747,0.0196726221291343,0.0196726221291343,0.0196726221291343,0.0109274670854921
9.37577209119586,0,-0.0166622088619275,0,9.37577209119586,-0.0166622088619275,-0.0166622088619275,-0.0166622088619275,0.0509886552324907
8.22166390729103,0,0.0200227074138689,0,8.22166390729103,0.0200227074138689,0.0200227074138689,0.0200227074138689,0.0889316774406693
6.56936523894705,0,-0.0184803687031215,0,6.56936523894705,-0.0184803687031215,-0.0184803687031215,-0.0184803687031215,0.0397871786329299
7.36539602284415,0,-0.0247872150245361,0,7.36539602284415,-0.0247872150245361,-0.0247872150245361,-0.0247872150245361,0.114121672795408
9.34902839864339,0,-0.0319037471830898,0,9.34902839864339,-0.0319037471830898,-0.0319037471830898,-0.0319037471830898,0.0353702402159913
12.5616640281909,0,0.00441577973083164,0,12.5616640281909,0.00441577973083164,0.00441577973083164,0.00441577973083164,0.0138459086615911
10.5411867057519,0,-0.0885790708954701,0,10.5411867057519,-0.0885790708954701,-0.0885790708954701,-0.0885790708954701,0.0320565633703811
10.8363107906744,0,-0.028098390818107,0,10.8363107906744,-0.028098390818107,-0.028098390818107,-0.028098390818107,0.071926050301895
7.60971237336999,0,0.0425196941211018,0,7.60971237336999,0.0425196941211018,0.0425196941211018,0.0425196941211018,0.0675431227803087
6.7623626212796,0,0.0569688929469826,0,6.7623626212796,0.0569688929469826,0.0569688929469826,0.0569688929469826,0.0724631197752356
11.3171115233183,0,-0.0301299566297987,0,11.3171115233183,-0.0301299566297987,-0.0301299566297987,-0.0301299566297987,0.0549217163119364
12.491172371433,0,0.00616174807970621,0,12.491172371433,0.00616174807970621,0.00616174807970621,0.00616174807970621,0.0405245193389735
26.9159257982544,0,0.00103996356092225,0,26.9159257982544,0.00103996356092225,0.00103996356092225,0.00103996356092225,0.0289826613233299
23.3384346785706,0,0.0173424537425691,0,23.3384346785706,0.0173424537425691,0.0173424537425691,0.0173424537425691,0.0189266195413323
39.8146474017142,0,-0.0114906286129136,0,39.8146474017142,-0.0114906286129136,-0.0114906286129136,-0.0114906286129136,0.0491219546710594
16.8846431378076,0,0.0592246738975235,0,16.8846431378076,0.0592246738975235,0.0592246738975235,0.0592246738975235,0.0580511049145327
129.543664939788,0,0.187339131251037,0,129.543664939788,0.187339131251037,0.187339131251037,0.187339131251037,0.0392949098741799
7.87613657515693,0,0.0413542662923309,0,7.87613657515693,0.0413542662923309,0.0413542662923309,0.0413542662923309,0.0315625132232254
6.75451986071434,0,0.0140182295143905,0,6.75451986071434,0.0140182295143905,0.0140182295143905,0.0140182295143905,0.0568066082100863
14.6925462604222,0,-0.00458452472707301,0,14.6925462604222,-0.00458452472707301,-0.00458452472707301,-0.00458452472707301,0.0444254697733256
12.6985002447189,0,0.0156151615690587,0,12.6985002447189,0.0156151615690587,0.0156151615690587,0.0156151615690587,0.0344296478282526
14.3972634987083,0,-0.0237118006498921,0,14.3972634987083,-0.0237118006498921,-0.0237118006498921,-0.0237118006498921,0.0295064854269103
14.1514365378187,0,-0.0107350800784212,0,14.1514365378187,-0.0107350800784212,-0.0107350800784212,-0.0107350800784212,0.0554744268805768
27.9381463268887,0,-0.0196646199066465,0,27.9381463268887,-0.0196646199066465,-0.0196646199066465,-0.0196646199066465,0.0266030945529787
24.4728765020316,0,-0.0883766236254439,0,24.4728765020316,-0.0883766236254439,-0.0883766236254439,-0.0883766236254439,0.0473406670453721
11.303125406956,0,0.0200076122858094,0,11.303125406956,0.0200076122858094,0.0200076122858094,0.0200076122858094,0.0675102696912362
7.48402930279067,0,0.00968988201586394,0,7.48402930279067,0.00968988201586394,0.00968988201586394,0.00968988201586394,0.0686754083472401
25.9320346135502,0,-0.0232712391594247,0,25.9320346135502,-0.0232712391594247,-0.0232712391594247,-0.0232712391594247,0.0300519735078187
NA,NA,NA,NA,NA,NA,NA,NA,NA
12.0144898669671,0,-0.0304643580877798,0,12.0144898669671,-0.0304643580877798,-0.0304643580877798,-0.0304643580877798,0.0246585875375876
5.59197431763262,0,-0.0578220526680145,0,5.59197431763262,-0.0578220526680145,-0.0578220526680145,-0.0578220526680145,0.0290843221745671
7.10118523761685,0,-0.0285278978712163,0,7.10118523761685,-0.0285278978712163,-0.0285278978712163,-0.0285278978712163,0.0595492352872805
8.39406695268219,0,0.0167837864563465,0,8.39406695268219,0.0167837864563465,0.0167837864563465,0.0167837864563465,0.0322473662392579
6.68163411954067,0,0.0399525800720857,0,6.68163411954067,0.0399525800720857,0.0399525800720857,0.0399525800720857,0.0632642521725607
10.9419857642508,0,-0.0876235523401562,0,10.9419857642508,-0.0876235523401562,-0.0876235523401562,-0.0876235523401562,0.0336377588977628
9.567453602661,0,-0.0130573193727359,0,9.567453602661,-0.0130573193727359,-0.0130573193727359,-0.0130573193727359,0.0264340771076804
9.56764954052794,0,-0.00578932875863998,0,9.56764954052794,-0.00578932875863998,-0.00578932875863998,-0.00578932875863998,0.0288617279537588
9.58796747981615,0,0.00725905880614161,0,9.58796747981615,0.00725905880614161,0.00725905880614161,0.00725905880614161,0.0422687684348916
12.9045618909384,0,-0.020800428050844,0,12.9045618909384,-0.020800428050844,-0.020800428050844,-0.020800428050844,0.00918914559220215
9.03381024943225,0,-0.0258591277728825,0,9.03381024943225,-0.0258591277728825,-0.0258591277728825,-0.0258591277728825,0.0210013285642308
7.292171244769,0,0.0214216184583366,0,7.292171244769,0.0214216184583366,0.0214216184583366,0.0214216184583366,0.00787016036700002
10.6567948708008,0,0.0203455428827325,0,10.6567948708008,0.0203455428827325,0.0203455428827325,0.0203455428827325,0.0367174068081082
15.83958844307,0,0.0399832495665445,0,15.83958844307,0.0399832495665445,0.0399832495665445,0.0399832495665445,0.0130470310288665
17.7014293147066,0,0.0234372077444364,0,17.7014293147066,0.0234372077444364,0.0234372077444364,0.0234372077444364,0.0323786122878216
14.7585414478692,0,-0.0143222744287462,0,14.7585414478692,-0.0143222744287462,-0.0143222744287462,-0.0143222744287462,0.0637816832942033
8.7869971588466,0,0.0255650750927985,0,8.7869971588466,0.0255650750927985,0.0255650750927985,0.0255650750927985,0.0115189820321319
13.9836050997556,0,-0.0596374353307077,0,13.9836050997556,-0.0596374353307077,-0.0596374353307077,-0.0596374353307077,0.0260159424457815
11.3110693140974,0,0.00982781565554414,0,11.3110693140974,0.00982781565554414,0.00982781565554414,0.00982781565554414,0.0152975413868066
16.5519463473715,0,-0.0850116784148187,0,16.5519463473715,-0.0850116784148187,-0.0850116784148187,-0.0850116784148187,0.0449328569998866
12.3671082351961,0,0.0210231372322994,0,12.3671082351961,0.0210231372322994,0.0210231372322994,0.0210231372322994,0.0160828742749283
12.3654554745313,0,-0.0686880413546458,0,12.3654554745313,-0.0686880413546458,-0.0686880413546458,-0.0686880413546458,0.0513325050706189
19.2556223171704,0,0.0285945738844167,0,19.2556223171704,0.0285945738844167,0.0285945738844167,0.0285945738844167,0.0139726523520546
34.7312424253189,0,0.00360906084633839,0,34.7312424253189,0.00360906084633839,0.00360906084633839,0.00360906084633839,0.017575833019559
54.7209102152747,0,0.0196726221291343,0,54.7209102152747,0.0196726221291343,0.0196726221291343,0.0196726221291343,0.0109274670854921
9.37577209119586,0,-0.0166622088619275,0,9.37577209119586,-0.0166622088619275,-0.0166622088619275,-0.0166622088619275,0.0509886552324907
8.22166390729103,0,0.0200227074138689,0,8.22166390729103,0.0200227074138689,0.0200227074138689,0.0200227074138689,0.0889316774406693
6.56936523894705,0,-0.0184803687031215,0,6.56936523894705,-0.0184803687031215,-0.0184803687031215,-0.0184803687031215,0.0397871786329299
7.36539602284415,0,-0.0247872150245361,0,7.36539602284415,-0.0247872150245361,-0.0247872150245361,-0.0247872150245361,0.114121672795408
9.34902839864339,0,-0.0319037471830898,0,9.34902839864339,-0.0319037471830898,-0.0319037471830898,-0.0319037471830898,0.0353702402159913
12.5616640281909,0,0.00441577973083164,0,12.5616640281909,0.00441577973083164,0.00441577973083164,0.00441577973083164,0.0138459086615911
10.5411867057519,0,-0.0885790708954701,0,10.5411867057519,-0.0885790708954701,-0.0885790708954701,-0.0885790708954701,0.0320565633703811
10.8363107906744,0,-0.028098390818107,0,10.8363107906744,-0.028098390818107,-0.028098390818107,-0.028098390818107,0.071926050301895
7.60971237336999,0,0.0425196941211018,0,7.60971237336999,0.0425196941211018,0.0425196941211018,0.0425196941211018,0.0675431227803087
6.7623626212796,0,0.0569688929469826,0,6.7623626212796,0.0569688929469826,0.0569688929469826,0.0569688929469826,0.0724631197752356
11.3171115233183,0,-0.0301299566297987,0,11.3171115233183,-0.0301299566297987,-0.0301299566297987,-0.0301299566297987,0.0549217163119364
12.491172371433,0,0.00616174807970621,0,12.491172371433,0.00616174807970621,0.00616174807970621,0.00616174807970621,0.0405245193389735
26.9159257982544,0,0.00103996356092225,0,26.9159257982544,0.00103996356092225,0.00103996356092225,0.00103996356092225,0.0289826613233299
23.3384346785706,0,0.0173424537425691,0,23.3384346785706,0.0173424537425691,0.0173424537425691,0.0173424537425691,0.0189266195413323
39.8146474017142,0,-0.0114906286129136,0,39.8146474017142,-0.0114906286129136,-0.0114906286129136,-0.0114906286129136,0.0491219546710594
16.8846431378076,0,0.0592246738975235,0,16.8846431378076,0.0592246738975235,0.0592246738975235,0.0592246738975235,0.0580511049145327
129.543664939788,0,0.187339131251037,0,129.543664939788,0.187339131251037,0.187339131251037,0.187339131251037,0.0392949098741799
7.87613657515693,0,0.0413542662923309,0,7.87613657515693,0.0413542662923309,0.0413542662923309,0.0413542662923309,0.0315625132232254
6.75451986071434,0,0.0140182295143905,0,6.75451986071434,0.0140182295143905,0.0140182295143905,0.0140182295143905,0.0568066082100863
14.6925462604222,0,-0.00458452472707301,0,14.6925462604222,-0.00458452472707301,-0.00458452472707301,-0.00458452472707301,0.0444254697733256
12.6985002447189,0,0.0156151615690587,0,12.6985002447189,0.0156151615690587,0.0156151615690587,0.0156151615690587,0.0344296478282526
14.3972634987083,0,-0.0237118006498921,0,14.3972634987083,-0.0237118006498921,-0.0237118006498921,-0.0237118006498921,0.0295064854269103
14.1514365378187,0,-0.0107350800784212,0,14.1514365378187,-0.0107350800784212,-0.0107350800784212,-0.0107350800784212,0.0554744268805768
27.9381463268887,0,-0.0196646199066465,0,27.9381463268887,-0.0196646199066465,-0.0196646199066465,-0.0196646199066465,0.0266030945529787
24.4728765020316,0,-0.0883766236254439,0,24.4728765020316,-0.0883766236254439,-0.0883766236254439,-0.0883766236254439,0.0473406670453721
11.303125406956,0,0.0200076122858094,0,11.303125406956,0.0200076122858094,0.0200076122858094,0.0200076122858094,0.0675102696912362
7.48402930279067,0,0.00968988201586394,0,7.48402930279067,0.00968988201586394,0.00968988201586394,0.00968988201586394,0.0686754083472401
NA,NA,NA,NA,NA,NA,NA,NA,NA
12.0144898669671,0,-0.0304643580877798,0,12.0144898669671,-0.0304643580877798,-0.0304643580877798,-0.0304643580877798,0.0246585875375876
5.59197431763262,0,-0.0578220526680145,0,5.59197431763262,-0.0578220526680145,-0.0578220526680145,-0.0578220526680145,0.0290843221745671
7.10118523761685,0,-0.0285278978712163,0,7.10118523761685,-0.0285278978712163,-0.0285278978712163,-0.0285278978712163,0.0595492352872805
8.39406695268219,0,0.0167837864563465,0,8.39406695268219,0.0167837864563465,0.0167837864563465,0.0167837864563465,0.0322473662392579
6.68163411954067,0,0.0399525800720857,0,6.68163411954067,0.0399525800720857,0.0399525800720857,0.0399525800720857,0.0632642521725607
10.9419857642508,0,-0.0876235523401562,0,10.9419857642508,-0.0876235523401562,-0.0876235523401562,-0.0876235523401562,0.0336377588977628
9.567453602661,0,-0.0130573193727359,0,9.567453602661,-0.0130573193727359,-0.0130573193727359,-0.0130573193727359,0.0264340771076804
9.56764954052794,0,-0.00578932875863998,0,9.56764954052794,-0.00578932875863998,-0.00578932875863998,-0.00578932875863998,0.0288617279537588
9.58796747981615,0,0.00725905880614161,0,9.58796747981615,0.00725905880614161,0.00725905880614161,0.00725905880614161,0.0422687684348916
12.9045618909384,0,-0.020800428050844,0,12.9045618909384,-0.020800428050844,-0.020800428050844,-0.020800428050844,0.00918914559220215
9.03381024943225,0,-0.0258591277728825,0,9.03381024943225,-0.0258591277728825,-0.0258591277728825,-0.0258591277728825,0.0210013285642308
7.292171244769,0,0.0214216184583366,0,7.292171244769,0.0214216184583366,0.0214216184583366,0.0214216184583366,0.00787016036700002
10.6567948708008,0,0.0203455428827325,0,10.6567948708008,0.0203455428827325,0.0203455428827325,0.0203455428827325,0.0367174068081082
15.83958844307,0,0.0399832495665445,0,15.83958844307,0.0399832495665445,0.0399832495665445,0.0399832495665445,0.0130470310288665
17.7014293147066,0,0.0234372077444364,0,17.7014293147066,0.0234372077444364,0.0234372077444364,0.0234372077444364,0.0323786122878216
14.7585414478692,0,-0.0143222744287462,0,14.7585414478692,-0.0143222744287462,-0.0143222744287462,-0.0143222744287462,0.0637816832942033
8.7869971588466,0,0.0255650750927985,0,8.7869971588466,0.0255650750927985,0.0255650750927985,0.0255650750927985,0.0115189820321319
13.9836050997556,0,-0.0596374353307077,0,13.9836050997556,-0.0596374353307077,-0.0596374353307077,-0.0596374353307077,0.0260159424457815
11.3110693140974,0,0.00982781565554414,0,11.3110693140974,0.00982781565554414,0.00982781565554414,0.00982781565554414,0.0152975413868066
16.5519463473715,0,-0.0850116784148187,0,16.5519463473715,-0.0850116784148187,-0.0850116784148187,-0.0850116784148187,0.0449328569998866
12.3671082351961,0,0.0210231372322994,0,12.3671082351961,0.0210231372322994,0.0210231372322994,0.0210231372322994,0.0160828742749283
12.3654554745313,0,-0.0686880413546458,0,12.3654554745313,-0.0686880413546458,-0.0686880413546458,-0.0686880413546458,0.0513325050706189
19.2556223171704,0,0.0285945738844167,0,19.2556223171704,0.0285945738844167,0.0285945738844167,0.0285945738844167,0.0139726523520546
34.7312424253189,0,0.00360906084633839,0,34.7312424253189,0.00360906084633839,0.00360906084633839,0.00360906084633839,0.017575833019559
54.7209102152747,0,0.0196726221291343,0,54.7209102152747,0.0196726221291343,0.0196726221291343,0.0196726221291343,0.0109274670854921
9.37577209119586,0,-0.0166622088619275,0,9.37577209119586,-0.0166622088619275,-0.0166622088619275,-0.0166622088619275,0.0509886552324907
8.22166390729103,0,0.0200227074138689,0,8.22166390729103,0.0200227074138689,0.0200227074138689,0.0200227074138689,0.0889316774406693
6.56936523894705,0,-0.0184803687031215,0,6.56936523894705,-0.0184803687031215,-0.0184803687031215,-0.0184803687031215,0.0397871786329299
7.36539602284415,0,-0.0247872150245361,0,7.36539602284415,-0.0247872150245361,-0.0247872150245361,-0.0247872150245361,0.114121672795408
9.34902839864339,0,-0.0319037471830898,0,9.34902839864339,-0.0319037471830898,-0.0319037471830898,-0.0319037471830898,0.0353702402159913
12.5616640281909,0,0.00441577973083164,0,12.5616640281909,0.00441577973083164,0.00441577973083164,0.00441577973083164,0.0138459086615911
10.5411867057519,0,-0.0885790708954701,0,10.5411867057519,-0.0885790708954701,-0.0885790708954701,-0.0885790708954701,0.0320565633703811
10.8363107906744,0,-0.028098390818107,0,10.8363107906744,-0.028098390818107,-0.028098390818107,-0.028098390818107,0.071926050301895
7.60971237336999,0,0.0425196941211018,0,7.60971237336999,0.0425196941211018,0.0425196941211018,0.0425196941211018,0.0675431227803087
6.7623626212796,0,0.0569688929469826,0,6.7623626212796,0.0569688929469826,0.0569688929469826,0.0569688929469826,0.0724631197752356
11.3171115233183,0,-0.0301299566297987,0,11.3171115233183,-0.0301299566297987,-0.0301299566297987,-0.0301299566297987,0.0549217163119364
12.491172371433,0,0.00616174807970621,0,12.491172371433,0.00616174807970621,0.00616174807970621,0.00616174807970621,0.0405245193389735
26.9159257982544,0,0.00103996356092225,0,26.9159257982544,0.00103996356092225,0.00103996356092225,0.00103996356092225,0.0289826613233299
23.3384346785706,0,0.0173424537425691,0,23.3384346785706,0.0173424537425691,0.0173424537425691,0.0173424537425691,0.0189266195413323
39.8146474017142,0,-0.0114906286129136,0,39.8146474017142,-0.0114906286129136,-0.0114906286129136,-0.0114906286129136,0.0491219546710594
16.8846431378076,0,0.0592246738975235,0,16.8846431378076,0.0592246738975235,0.0592246738975235,0.0592246738975235,0.0580511049145327
129.543664939788,0,0.187339131251037,0,129.543664939788,0.187339131251037,0.187339131251037,0.187339131251037,0.0392949098741799
7.87613657515693,0,0.0413542662923309,0,7.87613657515693,0.0413542662923309,0.0413542662923309,0.0413542662923309,0.0315625132232254
6.75451986071434,0,0.0140182295143905,0,6.75451986071434,0.0140182295143905,0.0140182295143905,0.0140182295143905,0.0568066082100863
14.6925462604222,0,-0.00458452472707301,0,14.6925462604222,-0.00458452472707301,-0.00458452472707301,-0.00458452472707301,0.0444254697733256
12.6985002447189,0,0.0156151615690587,0,12.6985002447189,0.0156151615690587,0.0156151615690587,0.0156151615690587,0.0344296478282526
14.3972634987083,0,-0.0237118006498921,0,14.3972634987083,-0.0237118006498921,-0.0237118006498921,-0.0237118006498921,0.0295064854269103
14.1514365378187,0,-0.0107350800784212,0,14.1514365378187,-0.0107350800784212,-0.0107350800784212,-0.0107350800784212,0.0554744268805768
27.9381463268887,0,-0.0196646199066465,0,27.9381463268887,-0.0196646199066465,-0.0196646199066465,-0.0196646199066465,0.0266030945529787
24.4728765020316,0,-0.0883766236254439,0,24.4728765020316,-0.0883766236254439,-0.0883766236254439,-0.0883766236254439,0.0473406670453721
11.303125406956,0,0.0200076122858094,0,11.303125406956,0.0200076122858094,0.0200076122858094,0.0200076122858094,0.0675102696912362
7.48402930279067,0,0.00968988201586394,0,7.48402930279067,0.00968988201586394,0.00968988201586394,0.00968988201586394,0.0686754083472401
NA,NA,NA,NA,NA,NA,NA,NA,NA
12.0144898669671,0,-0.0304643580877798,0,12.0144898669671,-0.0304643580877798,-0.0304643580877798,-0.0304643580877798,0.0246585875375876
5.59197431763262,0,-0.0578220526680145,0,5.59197431763262,-0.0578220526680145,-0.0578220526680145,-0.0578220526680145,0.0290843221745671
7.10118523761685,0,-0.0285278978712163,0,7.10118523761685,-0.0285278978712163,-0.0285278978712163,-0.0285278978712163,0.0595492352872805
8.39406695268219,0,0.0167837864563465,0,8.39406695268219,0.0167837864563465,0.0167837864563465,0.0167837864563465,0.0322473662392579
6.68163411954067,0,0.0399525800720857,0,6.68163411954067,0.0399525800720857,0.0399525800720857,0.0399525800720857,0.0632642521725607
10.9419857642508,0,-0.0876235523401562,0,10.9419857642508,-0.0876235523401562,-0.0876235523401562,-0.0876235523401562,0.0336377588977628
9.567453602661,0,-0.0130573193727359,0,9.567453602661,-0.0130573193727359,-0.0130573193727359,-0.0130573193727359,0.0264340771076804
9.56764954052794,0,-0.00578932875863998,0,9.56764954052794,-0.00578932875863998,-0.00578932875863998,-0.00578932875863998,0.0288617279537588
9.58796747981615,0,0.00725905880614161,0,9.58796747981615,0.00725905880614161,0.00725905880614161,0.00725905880614161,0.0422687684348916
12.9045618909384,0,-0.020800428050844,0,12.9045618909384,-0.020800428050844,-0.020800428050844,-0.020800428050844,0.00918914559220215
9.03381024943225,0,-0.0258591277728825,0,9.03381024943225,-0.0258591277728825,-0.0258591277728825,-0.0258591277728825,0.0210013285642308
7.292171244769,0,0.0214216184583366,0,7.292171244769,0.0214216184583366,0.0214216184583366,0.0214216184583366,0.00787016036700002
10.6567948708008,0,0.0203455428827325,0,10.6567948708008,0.0203455428827325,0.0203455428827325,0.0203455428827325,0.0367174068081082
15.83958844307,0,0.0399832495665445,0,15.83958844307,0.0399832495665445,0.0399832495665445,0.0399832495665445,0.0130470310288665
17.7014293147066,0,0.0234372077444364,0,17.7014293147066,0.0234372077444364,0.0234372077444364,0.0234372077444364,0.0323786122878216
14.7585414478692,0,-0.0143222744287462,0,14.7585414478692,-0.0143222744287462,-0.0143222744287462,-0.0143222744287462,0.0637816832942033
8.7869971588466,0,0.0255650750927985,0,8.7869971588466,0.0255650750927985,0.0255650750927985,0.0255650750927985,0.0115189820321319
13.9836050997556,0,-0.0596374353307077,0,13.9836050997556,-0.0596374353307077,-0.0596374353307077,-0.0596374353307077,0.0260159424457815
11.3110693140974,0,0.00982781565554414,0,11.3110693140974,0.00982781565554414,0.00982781565554414,0.00982781565554414,0.0152975413868066
16.5519463473715,0,-0.0850116784148187,0,16.5519463473715,-0.0850116784148187,-0.0850116784148187,-0.0850116784148187,0.0449328569998866
12.3671082351961,0,0.0210231372322994,0,12.3671082351961,0.0210231372322994,0.0210231372322994,0.0210231372322994,0.0160828742749283
12.3654554745313,0,-0.0686880413546458,0,12.3654554745313,-0.0686880413546458,-0.0686880413546458,-0.0686880413546458,0.0513325050706189
19.2556223171704,0,0.0285945738844167,0,19.2556223171704,0.0285945738844167,0.0285945738844167,0.0285945738844167,0.0139726523520546
34.7312424253189,0,0.00360906084633839,0,34.7312424253189,0.00360906084633839,0.00360906084633839,0.00360906084633839,0.017575833019559
54.7209102152747,0,0.0196726221291343,0,54.7209102152747,0.0196726221291343,0.0196726221291343,0.0196726221291343,0.0109274670854921
9.37577209119586,0,-0.0166622088619275,0,9.37577209119586,-0.0166622088619275,-0.0166622088619275,-0.0166622088619275,0.0509886552324907
8.22166390729103,0,0.0200227074138689,0,8.22166390729103,0.0200227074138689,0.0200227074138689,0.0200227074138689,0.0889316774406693
6.56936523894705,0,-0.0184803687031215,0,6.56936523894705,-0.0184803687031215,-0.0184803687031215,-0.0184803687031215,0.0397871786329299
7.36539602284415,0,-0.0247872150245361,0,7.36539602284415,-0.0247872150245361,-0.0247872150245361,-0.0247872150245361,0.114121672795408
9.34902839864339,0,-0.0319037471830898,0,9.34902839864339,-0.0319037471830898,-0.0319037471830898,-0.0319037471830898,0.0353702402159913
12.5616640281909,0,0.00441577973083164,0,12.5616640281909,0.00441577973083164,0.00441577973083164,0.00441577973083164,0.0138459086615911
10.5411867057519,0,-0.0885790708954701,0,10.5411867057519,-0.0885790708954701,-0.0885790708954701,-0.0885790708954701,0.0320565633703811
10.8363107906744,0,-0.028098390818107,0,10.8363107906744,-0.028098390818107,-0.028098390818107,-0.028098390818107,0.071926050301895
7.60971237336999,0,0.0425196941211018,0,7.60971237336999,0.0425196941211018,0.0425196941211018,0.0425196941211018,0.0675431227803087
6.7623626212796,0,0.0569688929469826,0,6.7623626212796,0.0569688929469826,0.0569688929469826,0.0569688929469826,0.0724631197752356
11.3171115233183,0,-0.0301299566297987,0,11.3171115233183,-0.0301299566297987,-0.0301299566297987,-0.0301299566297987,0.0549217163119364
12.491172371433,0,0.00616174807970621,0,12.491172371433,0.00616174807970621,0.00616174807970621,0.00616174807970621,0.0405245193389735
26.9159257982544,0,0.00103996356092225,0,26.9159257982544,0.00103996356092225,0.00103996356092225,0.00103996356092225,0.0289826613233299
23.3384346785706,0,0.0173424537425691,0,23.3384346785706,0.0173424537425691,0.0173424537425691,0.0173424537425691,0.0189266195413323
39.8146474017142,0,-0.0114906286129136,0,39.8146474017142,-0.0114906286129136,-0.0114906286129136,-0.0114906286129136,0.0491219546710594
16.8846431378076,0,0.0592246738975235,0,16.8846431378076,0.0592246738975235,0.0592246738975235,0.0592246738975235,0.0580511049145327
129.543664939788,0,0.187339131251037,0,129.543664939788,0.187339131251037,0.187339131251037,0.187339131251037,0.0392949098741799
7.87613657515693,0,0.0413542662923309,0,7.87613657515693,0.0413542662923309,0.0413542662923309,0.0413542662923309,0.0315625132232254
6.75451986071434,0,0.0140182295143905,0,6.75451986071434,0.0140182295143905,0.0140182295143905,0.0140182295143905,0.0568066082100863
13.3632341442477,0,0.0180382677184463,0,13.3632341442477,0.0180382677184463,0.0180382677184463,0.0180382677184463,0.0615806710832505
12.6985002447189,0,0.0156151615690587,0,12.6985002447189,0.0156151615690587,0.0156151615690587,0.0156151615690587,0.0344296478282526
14.3972634987083,0,-0.0237118006498921,0,14.3972634987083,-0.0237118006498921,-0.0237118006498921,-0.0237118006498921,0.0295064854269103
14.1514365378187,0,-0.0107350800784212,0,14.1514365378187,-0.0107350800784212,-0.0107350800784212,-0.0107350800784212,0.0554744268805768
27.9381463268887,0,-0.0196646199066465,0,27.9381463268887,-0.0196646199066465,-0.0196646199066465,-0.0196646199066465,0.0266030945529787
24.4728765020316,0,-0.0883766236254439,0,24.4728765020316,-0.0883766236254439,-0.0883766236254439,-0.0883766236254439,0.0473406670453721
11.303125406956,0,0.0200076122858094,0,11.303125406956,0.0200076122858094,0.0200076122858094,0.0200076122858094,0.0675102696912362
7.48402930279067,0,0.00968988201586394,0,7.48402930279067,0.00968988201586394,0.00968988201586394,0.00968988201586394,0.0686754083472401
NA,NA,NA,NA,NA,NA,NA,NA,NA
12.0144898669671,0,-0.0304643580877798,0,12.0144898669671,-0.0304643580877798,-0.0304643580877798,-0.0304643580877798,0.0246585875375876
5.59197431763262,0,-0.0578220526680145,0,5.59197431763262,-0.0578220526680145,-0.0578220526680145,-0.0578220526680145,0.0290843221745671
7.10118523761685,0,-0.0285278978712163,0,7.10118523761685,-0.0285278978712163,-0.0285278978712163,-0.0285278978712163,0.0595492352872805
8.39406695268219,0,0.0167837864563465,0,8.39406695268219,0.0167837864563465,0.0167837864563465,0.0167837864563465,0.0322473662392579
6.68163411954067,0,0.0399525800720857,0,6.68163411954067,0.0399525800720857,0.0399525800720857,0.0399525800720857,0.0632642521725607
10.9419857642508,0,-0.0876235523401562,0,10.9419857642508,-0.0876235523401562,-0.0876235523401562,-0.0876235523401562,0.0336377588977628
9.567453602661,0,-0.0130573193727359,0,9.567453602661,-0.0130573193727359,-0.0130573193727359,-0.0130573193727359,0.0264340771076804
9.56764954052794,0,-0.00578932875863998,0,9.56764954052794,-0.00578932875863998,-0.00578932875863998,-0.00578932875863998,0.0288617279537588
9.58796747981615,0,0.00725905880614161,0,9.58796747981615,0.00725905880614161,0.00725905880614161,0.00725905880614161,0.0422687684348916
12.9045618909384,0,-0.020800428050844,0,12.9045618909384,-0.020800428050844,-0.020800428050844,-0.020800428050844,0.00918914559220215
9.03381024943225,0,-0.0258591277728825,0,9.03381024943225,-0.0258591277728825,-0.0258591277728825,-0.0258591277728825,0.0210013285642308
7.292171244769,0,0.0214216184583366,0,7.292171244769,0.0214216184583366,0.0214216184583366,0.0214216184583366,0.00787016036700002
10.6567948708008,0,0.0203455428827325,0,10.6567948708008,0.0203455428827325,0.0203455428827325,0.0203455428827325,0.0367174068081082
15.83958844307,0,0.0399832495665445,0,15.83958844307,0.0399832495665445,0.0399832495665445,0.0399832495665445,0.0130470310288665
17.7014293147066,0,0.0234372077444364,0,17.7014293147066,0.0234372077444364,0.0234372077444364,0.0234372077444364,0.0323786122878216
14.7585414478692,0,-0.0143222744287462,0,14.7585414478692,-0.0143222744287462,-0.0143222744287462,-0.0143222744287462,0.0637816832942033
8.7869971588466,0,0.0255650750927985,0,8.7869971588466,0.0255650750927985,0.0255650750927985,0.0255650750927985,0.0115189820321319
13.9836050997556,0,-0.0596374353307077,0,13.9836050997556,-0.0596374353307077,-0.0596374353307077,-0.0596374353307077,0.0260159424457815
11.3110693140974,0,0.00982781565554414,0,11.3110693140974,0.00982781565554414,0.00982781565554414,0.00982781565554414,0.0152975413868066
16.5519463473715,0,-0.0850116784148187,0,16.5519463473715,-0.0850116784148187,-0.0850116784148187,-0.0850116784148187,0.0449328569998866
12.3671082351961,0,0.0210231372322994,0,12.3671082351961,0.0210231372322994,0.0210231372322994,0.0210231372322994,0.0160828742749283
12.3654554745313,0,-0.0686880413546458,0,12.3654554745313,-0.0686880413546458,-0.0686880413546458,-0.0686880413546458,0.0513325050706189
19.2556223171704,0,0.0285945738844167,0,19.2556223171704,0.0285945738844167,0.0285945738844167,0.0285945738844167,0.0139726523520546
34.7312424253189,0,0.00360906084633839,0,34.7312424253189,0.00360906084633839,0.00360906084633839,0.00360906084633839,0.017575833019559
54.7209102152747,0,0.0196726221291343,0,54.7209102152747,0.0196726221291343,0.0196726221291343,0.0196726221291343,0.0109274670854921
9.37577209119586,0,-0.0166622088619275,0,9.37577209119586,-0.0166622088619275,-0.0166622088619275,-0.0166622088619275,0.0509886552324907
8.22166390729103,0,0.0200227074138689,0,8.22166390729103,0.0200227074138689,0.0200227074138689,0.0200227074138689,0.0889316774406693
6.56936523894705,0,-0.0184803687031215,0,6.56936523894705,-0.0184803687031215,-0.0184803687031215,-0.0184803687031215,0.0397871786329299
7.36539602284415,0,-0.0247872150245361,0,7.36539602284415,-0.0247872150245361,-0.0247872150245361,-0.0247872150245361,0.114121672795408
9.34902839864339,0,-0.0319037471830898,0,9.34902839864339,-0.0319037471830898,-0.0319037471830898,-0.0319037471830898,0.0353702402159913
12.5616640281909,0,0.00441577973083164,0,12.5616640281909,0.00441577973083164,0.00441577973083164,0.00441577973083164,0.0138459086615911
10.5411867057519,0,-0.0885790708954701,0,10.5411867057519,-0.0885790708954701,-0.0885790708954701,-0.0885790708954701,0.0320565633703811
10.8363107906744,0,-0.028098390818107,0,10.8363107906744,-0.028098390818107,-0.028098390818107,-0.028098390818107,0.071926050301895
7.60971237336999,0,0.0425196941211018,0,7.60971237336999,0.0425196941211018,0.0425196941211018,0.0425196941211018,0.0675431227803087
6.7623626212796,0,0.0569688929469826,0,6.7623626212796,0.0569688929469826,0.0569688929469826,0.0569688929469826,0.0724631197752356
11.3171115233183,0,-0.0301299566297987,0,11.3171115233183,-0.0301299566297987,-0.0301299566297987,-0.0301299566297987,0.0549217163119364
12.491172371433,0,0.00616174807970621,0,12.491172371433,0.00616174807970621,0.00616174807970621,0.00616174807970621,0.0405245193389735
26.9159257982544,0,0.00103996356092225,0,26.9159257982544,0.00103996356092225,0.00103996356092225,0.00103996356092225,0.0289826613233299
23.3384346785706,0,0.0173424537425691,0,23.3384346785706,0.0173424537425691,0.0173424537425691,0.0173424537425691,0.0189266195413323
39.8146474017142,0,-0.0114906286129136,0,39.8146474017142,-0.0114906286129136,-0.0114906286129136,-0.0114906286129136,0.0491219546710594
16.8846431378076,0,0.0592246738975235,0,16.8846431378076,0.0592246738975235,0.0592246738975235,0.0592246738975235,0.0580511049145327
129.543664939788,0,0.187339131251037,0,129.543664939788,0.187339131251037,0.187339131251037,0.187339131251037,0.0392949098741799
7.87613657515693,0,0.0413542662923309,0,7.87613657515693,0.0413542662923309,0.0413542662923309,0.0413542662923309,0.0315625132232254
6.75451986071434,0,0.0140182295143905,0,6.75451986071434,0.0140182295143905,0.0140182295143905,0.0140182295143905,0.0568066082100863
13.3632341442477,0,0.0180382677184463,0,13.3632341442477,0.0180382677184463,0.0180382677184463,0.0180382677184463,0.0615806710832505
12.6985002447189,0,0.0156151615690587,0,12.6985002447189,0.0156151615690587,0.0156151615690587,0.0156151615690587,0.0344296478282526
14.3972634987083,0,-0.0237118006498921,0,14.3972634987083,-0.0237118006498921,-0.0237118006498921,-0.0237118006498921,0.0295064854269103
14.1514365378187,0,-0.0107350800784212,0,14.1514365378187,-0.0107350800784212,-0.0107350800784212,-0.0107350800784212,0.0554744268805768
27.9381463268887,0,-0.0196646199066465,0,27.9381463268887,-0.0196646199066465,-0.0196646199066465,-0.0196646199066465,0.0266030945529787
24.4728765020316,0,-0.0883766236254439,0,24.4728765020316,-0.0883766236254439,-0.0883766236254439,-0.0883766236254439,0.0473406670453721
11.303125406956,0,0.0200076122858094,0,11.303125406956,0.0200076122858094,0.0200076122858094,0.0200076122858094,0.0675102696912362
7.48402930279067,0,0.00968988201586394,0,7.48402930279067,0.00968988201586394,0.00968988201586394,0.00968988201586394,0.0686754083472401
NA,NA,NA,NA,NA,NA,NA,NA,NA
12.0144898669671,0,-0.0304643580877798,0,12.0144898669671,-0.0304643580877798,-0.0304643580877798,-0.0304643580877798,0.0246585875375876
5.59197431763262,0,-0.0578220526680145,0,5.59197431763262,-0.0578220526680145,-0.0578220526680145,-0.0578220526680145,0.0290843221745671
7.10118523761685,0,-0.0285278978712163,0,7.10118523761685,-0.0285278978712163,-0.0285278978712163,-0.0285278978712163,0.0595492352872805
8.39406695268219,0,0.0167837864563465,0,8.39406695268219,0.0167837864563465,0.0167837864563465,0.0167837864563465,0.0322473662392579
6.68163411954067,0,0.0399525800720857,0,6.68163411954067,0.0399525800720857,0.0399525800720857,0.0399525800720857,0.0632642521725607
10.9419857642508,0,-0.0876235523401562,0,10.9419857642508,-0.0876235523401562,-0.0876235523401562,-0.0876235523401562,0.0336377588977628
9.567453602661,0,-0.0130573193727359,0,9.567453602661,-0.0130573193727359,-0.0130573193727359,-0.0130573193727359,0.0264340771076804
9.56764954052794,0,-0.00578932875863998,0,9.56764954052794,-0.00578932875863998,-0.00578932875863998,-0.00578932875863998,0.0288617279537588
9.58796747981615,0,0.00725905880614161,0,9.58796747981615,0.00725905880614161,0.00725905880614161,0.00725905880614161,0.0422687684348916
12.9045618909384,0,-0.020800428050844,0,12.9045618909384,-0.020800428050844,-0.020800428050844,-0.020800428050844,0.00918914559220215
9.03381024943225,0,-0.0258591277728825,0,9.03381024943225,-0.0258591277728825,-0.0258591277728825,-0.0258591277728825,0.0210013285642308
7.292171244769,0,0.0214216184583366,0,7.292171244769,0.0214216184583366,0.0214216184583366,0.0214216184583366,0.00787016036700002
10.6567948708008,0,0.0203455428827325,0,10.6567948708008,0.0203455428827325,0.0203455428827325,0.0203455428827325,0.0367174068081082
15.83958844307,0,0.0399832495665445,0,15.83958844307,0.0399832495665445,0.0399832495665445,0.0399832495665445,0.0130470310288665
17.7014293147066,0,0.0234372077444364,0,17.7014293147066,0.0234372077444364,0.0234372077444364,0.0234372077444364,0.0323786122878216
14.7585414478692,0,-0.0143222744287462,0,14.7585414478692,-0.0143222744287462,-0.0143222744287462,-0.0143222744287462,0.0637816832942033
8.7869971588466,0,0.0255650750927985,0,8.7869971588466,0.0255650750927985,0.0255650750927985,0.0255650750927985,0.0115189820321319
13.9836050997556,0,-0.0596374353307077,0,13.9836050997556,-0.0596374353307077,-0.0596374353307077,-0.0596374353307077,0.0260159424457815
11.3110693140974,0,0.00982781565554414,0,11.3110693140974,0.00982781565554414,0.00982781565554414,0.00982781565554414,0.0152975413868066
16.5519463473715,0,-0.0850116784148187,0,16.5519463473715,-0.0850116784148187,-0.0850116784148187,-0.0850116784148187,0.0449328569998866
12.3671082351961,0,0.0210231372322994,0,12.3671082351961,0.0210231372322994,0.0210231372322994,0.0210231372322994,0.0160828742749283
12.3654554745313,0,-0.0686880413546458,0,12.3654554745313,-0.0686880413546458,-0.0686880413546458,-0.0686880413546458,0.0513325050706189
19.2556223171704,0,0.0285945738844167,0,19.2556223171704,0.0285945738844167,0.0285945738844167,0.0285945738844167,0.0139726523520546
34.7312424253189,0,0.00360906084633839,0,34.7312424253189,0.00360906084633839,0.00360906084633839,0.00360906084633839,0.017575833019559
54.7209102152747,0,0.0196726221291343,0,54.7209102152747,0.0196726221291343,0.0196726221291343,0.0196726221291343,0.0109274670854921
9.37577209119586,0,-0.0166622088619275,0,9.37577209119586,-0.0166622088619275,-0.0166622088619275,-0.0166622088619275,0.0509886552324907
8.22166390729103,0,0.0200227074138689,0,8.22166390729103,0.0200227074138689,0.0200227074138689,0.0200227074138689,0.0889316774406693
6.56936523894705,0,-0.0184803687031215,0,6.56936523894705,-0.0184803687031215,-0.0184803687031215,-0.0184803687031215,0.0397871786329299
7.36539602284415,0,-0.0247872150245361,0,7.36539602284415,-0.0247872150245361,-0.0247872150245361,-0.0247872150245361,0.114121672795408
9.34902839864339,0,-0.0319037471830898,0,9.34902839864339,-0.0319037471830898,-0.0319037471830898,-0.0319037471830898,0.0353702402159913
12.5616640281909,0,0.00441577973083164,0,12.5616640281909,0.00441577973083164,0.00441577973083164,0.00441577973083164,0.0138459086615911
10.5411867057519,0,-0.0885790708954701,0,10.5411867057519,-0.0885790708954701,-0.0885790708954701,-0.0885790708954701,0.0320565633703811
10.8363107906744,0,-0.028098390818107,0,10.8363107906744,-0.028098390818107,-0.028098390818107,-0.028098390818107,0.071926050301895
7.60971237336999,0,0.0425196941211018,0,7.60971237336999,0.0425196941211018,0.0425196941211018,0.0425196941211018,0.0675431227803087
6.7623626212796,0,0.0569688929469826,0,6.7623626212796,0.0569688929469826,0.0569688929469826,0.0569688929469826,0.0724631197752356
11.3171115233183,0,-0.0301299566297987,0,11.3171115233183,-0.0301299566297987,-0.0301299566297987,-0.0301299566297987,0.0549217163119364
12.491172371433,0,0.00616174807970621,0,12.491172371433,0.00616174807970621,0.00616174807970621,0.00616174807970621,0.0405245193389735
26.9159257982544,0,0.00103996356092225,0,26.9159257982544,0.00103996356092225,0.00103996356092225,0.00103996356092225,0.0289826613233299
23.3384346785706,0,0.0173424537425691,0,23.3384346785706,0.0173424537425691,0.0173424537425691,0.0173424537425691,0.0189266195413323
39.8146474017142,0,-0.0114906286129136,0,39.8146474017142,-0.0114906286129136,-0.0114906286129136,-0.0114906286129136,0.0491219546710594
16.8846431378076,0,0.0592246738975235,0,16.8846431378076,0.0592246738975235,0.0592246738975235,0.0592246738975235,0.0580511049145327
129.543664939788,0,0.187339131251037,0,129.543664939788,0.187339131251037,0.187339131251037,0.187339131251037,0.0392949098741799
7.87613657515693,0,0.0413542662923309,0,7.87613657515693,0.0413542662923309,0.0413542662923309,0.0413542662923309,0.0315625132232254
6.75451986071434,0,0.0140182295143905,0,6.75451986071434,0.0140182295143905,0.0140182295143905,0.0140182295143905,0.0568066082100863
13.3632341442477,0,0.0180382677184463,0,13.3632341442477,0.0180382677184463,0.0180382677184463,0.0180382677184463,0.0615806710832505
12.6985002447189,0,0.0156151615690587,0,12.6985002447189,0.0156151615690587,0.0156151615690587,0.0156151615690587,0.0344296478282526
14.3972634987083,0,-0.0237118006498921,0,14.3972634987083,-0.0237118006498921,-0.0237118006498921,-0.0237118006498921,0.0295064854269103
14.1514365378187,0,-0.0107350800784212,0,14.1514365378187,-0.0107350800784212,-0.0107350800784212,-0.0107350800784212,0.0554744268805768
27.9381463268887,0,-0.0196646199066465,0,27.9381463268887,-0.0196646199066465,-0.0196646199066465,-0.0196646199066465,0.0266030945529787
24.4728765020316,0,-0.0883766236254439,0,24.4728765020316,-0.0883766236254439,-0.0883766236254439,-0.0883766236254439,0.0473406670453721
11.303125406956,0,0.0200076122858094,0,11.303125406956,0.0200076122858094,0.0200076122858094,0.0200076122858094,0.0675102696912362
7.48402930279067,0,0.00968988201586394,0,7.48402930279067,0.00968988201586394,0.00968988201586394,0.00968988201586394,0.0686754083472401
NA,NA,NA,NA,NA,NA,NA,NA,NA
12.0144898669671,0,-0.0304643580877798,0,12.0144898669671,-0.0304643580877798,-0.0304643580877798,-0.0304643580877798,0.0246585875375876
5.59197431763262,0,-0.0578220526680145,0,5.59197431763262,-0.0578220526680145,-0.0578220526680145,-0.0578220526680145,0.0290843221745671
7.10118523761685,0,-0.0285278978712163,0,7.10118523761685,-0.0285278978712163,-0.0285278978712163,-0.0285278978712163,0.0595492352872805
8.39406695268219,0,0.0167837864563465,0,8.39406695268219,0.0167837864563465,0.0167837864563465,0.0167837864563465,0.0322473662392579
6.68163411954067,0,0.0399525800720857,0,6.68163411954067,0.0399525800720857,0.0399525800720857,0.0399525800720857,0.0632642521725607
10.9419857642508,0,-0.0876235523401562,0,10.9419857642508,-0.0876235523401562,-0.0876235523401562,-0.0876235523401562,0.0336377588977628
9.567453602661,0,-0.0130573193727359,0,9.567453602661,-0.0130573193727359,-0.0130573193727359,-0.0130573193727359,0.0264340771076804
9.56764954052794,0,-0.00578932875863998,0,9.56764954052794,-0.00578932875863998,-0.00578932875863998,-0.00578932875863998,0.0288617279537588
9.58796747981615,0,0.00725905880614161,0,9.58796747981615,0.00725905880614161,0.00725905880614161,0.00725905880614161,0.0422687684348916
12.9045618909384,0,-0.020800428050844,0,12.9045618909384,-0.020800428050844,-0.020800428050844,-0.020800428050844,0.00918914559220215
9.03381024943225,0,-0.0258591277728825,0,9.03381024943225,-0.0258591277728825,-0.0258591277728825,-0.0258591277728825,0.0210013285642308
7.292171244769,0,0.0214216184583366,0,7.292171244769,0.0214216184583366,0.0214216184583366,0.0214216184583366,0.00787016036700002
10.6567948708008,0,0.0203455428827325,0,10.6567948708008,0.0203455428827325,0.0203455428827325,0.0203455428827325,0.0367174068081082
15.83958844307,0,0.0399832495665445,0,15.83958844307,0.0399832495665445,0.0399832495665445,0.0399832495665445,0.0130470310288665
17.7014293147066,0,0.0234372077444364,0,17.7014293147066,0.0234372077444364,0.0234372077444364,0.0234372077444364,0.0323786122878216
14.7585414478692,0,-0.0143222744287462,0,14.7585414478692,-0.0143222744287462,-0.0143222744287462,-0.0143222744287462,0.0637816832942033
8.7869971588466,0,0.0255650750927985,0,8.7869971588466,0.0255650750927985,0.0255650750927985,0.0255650750927985,0.0115189820321319
13.9836050997556,0,-0.0596374353307077,0,13.9836050997556,-0.0596374353307077,-0.0596374353307077,-0.0596374353307077,0.0260159424457815
11.3110693140974,0,0.00982781565554414,0,11.3110693140974,0.00982781565554414,0.00982781565554414,0.00982781565554414,0.0152975413868066
16.5519463473715,0,-0.0850116784148187,0,16.5519463473715,-0.0850116784148187,-0.0850116784148187,-0.0850116784148187,0.0449328569998866
12.3671082351961,0,0.0210231372322994,0,12.3671082351961,0.0210231372322994,0.0210231372322994,0.0210231372322994,0.0160828742749283
12.3654554745313,0,-0.0686880413546458,0,12.3654554745313,-0.0686880413546458,-0.0686880413546458,-0.0686880413546458,0.0513325050706189
19.2556223171704,0,0.0285945738844167,0,19.2556223171704,0.0285945738844167,0.0285945738844167,0.0285945738844167,0.0139726523520546
34.7312424253189,0,0.00360906084633839,0,34.7312424253189,0.00360906084633839,0.00360906084633839,0.00360906084633839,0.017575833019559
54.7209102152747,0,0.0196726221291343,0,54.7209102152747,0.0196726221291343,0.0196726221291343,0.0196726221291343,0.0109274670854921
9.37577209119586,0,-0.0166622088619275,0,9.37577209119586,-0.0166622088619275,-0.0166622088619275,-0.0166622088619275,0.0509886552324907
8.22166390729103,0,0.0200227074138689,0,8.22166390729103,0.0200227074138689,0.0200227074138689,0.0200227074138689,0.0889316774406693
6.56936523894705,0,-0.0184803687031215,0,6.56936523894705,-0.0184803687031215,-0.0184803687031215,-0.0184803687031215,0.0397871786329299
7.36539602284415,0,-0.0247872150245361,0,7.36539602284415,-0.0247872150245361,-0.0247872150245361,-0.0247872150245361,0.114121672795408
9.34902839864339,0,-0.0319037471830898,0,9.34902839864339,-0.0319037471830898,-0.0319037471830898,-0.0319037471830898,0.0353702402159913
12.5616640281909,0,0.00441577973083164,0,12.5616640281909,0.00441577973083164,0.00441577973083164,0.00441577973083164,0.0138459086615911
10.5411867057519,0,-0.0885790708954701,0,10.5411867057519,-0.0885790708954701,-0.0885790708954701,-0.0885790708954701,0.0320565633703811
10.8363107906744,0,-0.028098390818107,0,10.8363107906744,-0.028098390818107,-0.028098390818107,-0.028098390818107,0.071926050301895
7.60971237336999,0,0.0425196941211018,0,7.60971237336999,0.0425196941211018,0.0425196941211018,0.0425196941211018,0.0675431227803087
6.7623626212796,0,0.0569688929469826,0,6.7623626212796,0.0569688929469826,0.0569688929469826,0.0569688929469826,0.0724631197752356
11.3171115233183,0,-0.0301299566297987,0,11.3171115233183,-0.0301299566297987,-0.0301299566297987,-0.0301299566297987,0.0549217163119364
12.491172371433,0,0.00616174807970621,0,12.491172371433,0.00616174807970621,0.00616174807970621,0.00616174807970621,0.0405245193389735
26.9159257982544,0,0.00103996356092225,0,26.9159257982544,0.00103996356092225,0.00103996356092225,0.00103996356092225,0.0289826613233299
23.3384346785706,0,0.0173424537425691,0,23.3384346785706,0.0173424537425691,0.0173424537425691,0.0173424537425691,0.0189266195413323
39.8146474017142,0,-0.0114906286129136,0,39.8146474017142,-0.0114906286129136,-0.0114906286129136,-0.0114906286129136,0.0491219546710594
16.8846431378076,0,0.0592246738975235,0,16.8846431378076,0.0592246738975235,0.0592246738975235,0.0592246738975235,0.0580511049145327
129.543664939788,0,0.187339131251037,0,129.543664939788,0.187339131251037,0.187339131251037,0.187339131251037,0.0392949098741799
7.87613657515693,0,0.0413542662923309,0,7.87613657515693,0.0413542662923309,0.0413542662923309,0.0413542662923309,0.0315625132232254
6.75451986071434,0,0.0140182295143905,0,6.75451986071434,0.0140182295143905,0.0140182295143905,0.0140182295143905,0.0568066082100863
13.3632341442477,0,0.0180382677184463,0,13.3632341442477,0.0180382677184463,0.0180382677184463,0.0180382677184463,0.0615806710832505
12.6985002447189,0,0.0156151615690587,0,12.6985002447189,0.0156151615690587,0.0156151615690587,0.0156151615690587,0.0344296478282526
14.3972634987083,0,-0.0237118006498921,0,14.3972634987083,-0.0237118006498921,-0.0237118006498921,-0.0237118006498921,0.0295064854269103
14.1514365378187,0,-0.0107350800784212,0,14.1514365378187,-0.0107350800784212,-0.0107350800784212,-0.0107350800784212,0.0554744268805768
27.9381463268887,0,-0.0196646199066465,0,27.9381463268887,-0.0196646199066465,-0.0196646199066465,-0.0196646199066465,0.0266030945529787
24.4728765020316,0,-0.0883766236254439,0,24.4728765020316,-0.0883766236254439,-0.0883766236254439,-0.0883766236254439,0.0473406670453721
11.303125406956,0,0.0200076122858094,0,11.303125406956,0.0200076122858094,0.0200076122858094,0.0200076122858094,0.0675102696912362
7.48402930279067,0,0.00968988201586394,0,7.48402930279067,0.00968988201586394,0.00968988201586394,0.00968988201586394,0.0686754083472401
NA,NA,NA,NA,NA,NA,NA,NA,NA
12.0144898669671,0,-0.0304643580877798,0,12.0144898669671,-0.0304643580877798,-0.0304643580877798,-0.0304643580877798,0.0246585875375876
5.59197431763262,0,-0.0578220526680145,0,5.59197431763262,-0.0578220526680145,-0.0578220526680145,-0.0578220526680145,0.0290843221745671
7.10118523761685,0,-0.0285278978712163,0,7.10118523761685,-0.0285278978712163,-0.0285278978712163,-0.0285278978712163,0.0595492352872805
8.39406695268219,0,0.0167837864563465,0,8.39406695268219,0.0167837864563465,0.0167837864563465,0.0167837864563465,0.0322473662392579
6.68163411954067,0,0.0399525800720857,0,6.68163411954067,0.0399525800720857,0.0399525800720857,0.0399525800720857,0.0632642521725607
10.9419857642508,0,-0.0876235523401562,0,10.9419857642508,-0.0876235523401562,-0.0876235523401562,-0.0876235523401562,0.0336377588977628
9.567453602661,0,-0.0130573193727359,0,9.567453602661,-0.0130573193727359,-0.0130573193727359,-0.0130573193727359,0.0264340771076804
9.56764954052794,0,-0.00578932875863998,0,9.56764954052794,-0.00578932875863998,-0.00578932875863998,-0.00578932875863998,0.0288617279537588
9.58796747981615,0,0.00725905880614161,0,9.58796747981615,0.00725905880614161,0.00725905880614161,0.00725905880614161,0.0422687684348916
12.9045618909384,0,-0.020800428050844,0,12.9045618909384,-0.020800428050844,-0.020800428050844,-0.020800428050844,0.00918914559220215
9.03381024943225,0,-0.0258591277728825,0,9.03381024943225,-0.0258591277728825,-0.0258591277728825,-0.0258591277728825,0.0210013285642308
7.292171244769,0,0.0214216184583366,0,7.292171244769,0.0214216184583366,0.0214216184583366,0.0214216184583366,0.00787016036700002
10.6567948708008,0,0.0203455428827325,0,10.6567948708008,0.0203455428827325,0.0203455428827325,0.0203455428827325,0.0367174068081082
15.83958844307,0,0.0399832495665445,0,15.83958844307,0.0399832495665445,0.0399832495665445,0.0399832495665445,0.0130470310288665
17.7014293147066,0,0.0234372077444364,0,17.7014293147066,0.0234372077444364,0.0234372077444364,0.0234372077444364,0.0323786122878216
14.7585414478692,0,-0.0143222744287462,0,14.7585414478692,-0.0143222744287462,-0.0143222744287462,-0.0143222744287462,0.0637816832942033
8.7869971588466,0,0.0255650750927985,0,8.7869971588466,0.0255650750927985,0.0255650750927985,0.0255650750927985,0.0115189820321319
13.9836050997556,0,-0.0596374353307077,0,13.9836050997556,-0.0596374353307077,-0.0596374353307077,-0.0596374353307077,0.0260159424457815
11.3110693140974,0,0.00982781565554414,0,11.3110693140974,0.00982781565554414,0.00982781565554414,0.00982781565554414,0.0152975413868066
16.5519463473715,0,-0.0850116784148187,0,16.5519463473715,-0.0850116784148187,-0.0850116784148187,-0.0850116784148187,0.0449328569998866
12.3671082351961,0,0.0210231372322994,0,12.3671082351961,0.0210231372322994,0.0210231372322994,0.0210231372322994,0.0160828742749283
12.3654554745313,0,-0.0686880413546458,0,12.3654554745313,-0.0686880413546458,-0.0686880413546458,-0.0686880413546458,0.0513325050706189
19.2556223171704,0,0.0285945738844167,0,19.2556223171704,0.0285945738844167,0.0285945738844167,0.0285945738844167,0.0139726523520546
34.7312424253189,0,0.00360906084633839,0,34.7312424253189,0.00360906084633839,0.00360906084633839,0.00360906084633839,0.017575833019559
54.7209102152747,0,0.0196726221291343,0,54.7209102152747,0.0196726221291343,0.0196726221291343,0.0196726221291343,0.0109274670854921
9.37577209119586,0,-0.0166622088619275,0,9.37577209119586,-0.0166622088619275,-0.0166622088619275,-0.0166622088619275,0.0509886552324907
8.22166390729103,0,0.0200227074138689,0,8.22166390729103,0.0200227074138689,0.0200227074138689,0.0200227074138689,0.0889316774406693
6.56936523894705,0,-0.0184803687031215,0,6.56936523894705,-0.0184803687031215,-0.0184803687031215,-0.0184803687031215,0.0397871786329299
7.36539602284415,0,-0.0247872150245361,0,7.36539602284415,-0.0247872150245361,-0.0247872150245361,-0.0247872150245361,0.114121672795408
9.34902839864339,0,-0.0319037471830898,0,9.34902839864339,-0.0319037471830898,-0.0319037471830898,-0.0319037471830898,0.0353702402159913
12.5616640281909,0,0.00441577973083164,0,12.5616640281909,0.00441577973083164,0.00441577973083164,0.00441577973083164,0.0138459086615911
10.5411867057519,0,-0.0885790708954701,0,10.5411867057519,-0.0885790708954701,-0.0885790708954701,-0.0885790708954701,0.0320565633703811
10.8363107906744,0,-0.028098390818107,0,10.8363107906744,-0.028098390818107,-0.028098390818107,-0.028098390818107,0.071926050301895
7.60971237336999,0,0.0425196941211018,0,7.60971237336999,0.0425196941211018,0.0425196941211018,0.0425196941211018,0.0675431227803087
6.7623626212796,0,0.0569688929469826,0,6.7623626212796,0.0569688929469826,0.0569688929469826,0.0569688929469826,0.0724631197752356
11.3171115233183,0,-0.0301299566297987,0,11.3171115233183,-0.0301299566297987,-0.0301299566297987,-0.0301299566297987,0.0549217163119364
12.491172371433,0,0.00616174807970621,0,12.491172371433,0.00616174807970621,0.00616174807970621,0.00616174807970621,0.0405245193389735
26.9159257982544,0,0.00103996356092225,0,26.9159257982544,0.00103996356092225,0.00103996356092225,0.00103996356092225,0.0289826613233299
23.3384346785706,0,0.0173424537425691,0,23.3384346785706,0.0173424537425691,0.0173424537425691,0.0173424537425691,0.0189266195413323
39.8146474017142,0,-0.0114906286129136,0,39.8146474017142,-0.0114906286129136,-0.0114906286129136,-0.0114906286129136,0.0491219546710594
16.8846431378076,0,0.0592246738975235,0,16.8846431378076,0.0592246738975235,0.0592246738975235,0.0592246738975235,0.0580511049145327
129.543664939788,0,0.187339131251037,0,129.543664939788,0.187339131251037,0.187339131251037,0.187339131251037,0.0392949098741799
7.87613657515693,0,0.0413542662923309,0,7.87613657515693,0.0413542662923309,0.0413542662923309,0.0413542662923309,0.0315625132232254
6.75451986071434,0,0.0140182295143905,0,6.75451986071434,0.0140182295143905,0.0140182295143905,0.0140182295143905,0.0568066082100863
13.3632341442477,0,0.0180382677184463,0,13.3632341442477,0.0180382677184463,0.0180382677184463,0.0180382677184463,0.0615806710832505
12.6985002447189,0,0.0156151615690587,0,12.6985002447189,0.0156151615690587,0.0156151615690587,0.0156151615690587,0.0344296478282526
14.3972634987083,0,-0.0237118006498921,0,14.3972634987083,-0.0237118006498921,-0.0237118006498921,-0.0237118006498921,0.0295064854269103
14.1514365378187,0,-0.0107350800784212,0,14.1514365378187,-0.0107350800784212,-0.0107350800784212,-0.0107350800784212,0.0554744268805768
27.9381463268887,0,-0.0196646199066465,0,27.9381463268887,-0.0196646199066465,-0.0196646199066465,-0.0196646199066465,0.0266030945529787
24.4728765020316,0,-0.0883766236254439,0,24.4728765020316,-0.0883766236254439,-0.0883766236254439,-0.0883766236254439,0.0473406670453721
11.303125406956,0,0.0200076122858094,0,11.303125406956,0.0200076122858094,0.0200076122858094,0.0200076122858094,0.0675102696912362
7.48402930279067,0,0.00968988201586394,0,7.48402930279067,0.00968988201586394,0.00968988201586394,0.00968988201586394,0.0686754083472401
NA,NA,NA,NA,NA,NA,NA,NA,NA
12.0144898669671,0,-0.0304643580877798,0,12.0144898669671,-0.0304643580877798,-0.0304643580877798,-0.0304643580877798,0.0246585875375876
5.59197431763262,0,-0.0578220526680145,0,5.59197431763262,-0.0578220526680145,-0.0578220526680145,-0.0578220526680145,0.0290843221745671
7.10118523761685,0,-0.0285278978712163,0,7.10118523761685,-0.0285278978712163,-0.0285278978712163,-0.0285278978712163,0.0595492352872805
8.39406695268219,0,0.0167837864563465,0,8.39406695268219,0.0167837864563465,0.0167837864563465,0.0167837864563465,0.0322473662392579
6.68163411954067,0,0.0399525800720857,0,6.68163411954067,0.0399525800720857,0.0399525800720857,0.0399525800720857,0.0632642521725607
10.9419857642508,0,-0.0876235523401562,0,10.9419857642508,-0.0876235523401562,-0.0876235523401562,-0.0876235523401562,0.0336377588977628
9.567453602661,0,-0.0130573193727359,0,9.567453602661,-0.0130573193727359,-0.0130573193727359,-0.0130573193727359,0.0264340771076804
9.56764954052794,0,-0.00578932875863998,0,9.56764954052794,-0.00578932875863998,-0.00578932875863998,-0.00578932875863998,0.0288617279537588
9.58796747981615,0,0.00725905880614161,0,9.58796747981615,0.00725905880614161,0.00725905880614161,0.00725905880614161,0.0422687684348916
12.9045618909384,0,-0.020800428050844,0,12.9045618909384,-0.020800428050844,-0.020800428050844,-0.020800428050844,0.00918914559220215
9.03381024943225,0,-0.0258591277728825,0,9.03381024943225,-0.0258591277728825,-0.0258591277728825,-0.0258591277728825,0.0210013285642308
7.292171244769,0,0.0214216184583366,0,7.292171244769,0.0214216184583366,0.0214216184583366,0.0214216184583366,0.00787016036700002
10.6567948708008,0,0.0203455428827325,0,10.6567948708008,0.0203455428827325,0.0203455428827325,0.0203455428827325,0.0367174068081082
15.83958844307,0,0.0399832495665445,0,15.83958844307,0.0399832495665445,0.0399832495665445,0.0399832495665445,0.0130470310288665
17.7014293147066,0,0.0234372077444364,0,17.7014293147066,0.0234372077444364,0.0234372077444364,0.0234372077444364,0.0323786122878216
14.7585414478692,0,-0.0143222744287462,0,14.7585414478692,-0.0143222744287462,-0.0143222744287462,-0.0143222744287462,0.0637816832942033
8.7869971588466,0,0.0255650750927985,0,8.7869971588466,0.0255650750927985,0.0255650750927985,0.0255650750927985,0.0115189820321319
13.9836050997556,0,-0.0596374353307077,0,13.9836050997556,-0.0596374353307077,-0.0596374353307077,-0.0596374353307077,0.0260159424457815
11.3110693140974,0,0.00982781565554414,0,11.3110693140974,0.00982781565554414,0.00982781565554414,0.00982781565554414,0.0152975413868066
16.5519463473715,0,-0.0850116784148187,0,16.5519463473715,-0.0850116784148187,-0.0850116784148187,-0.0850116784148187,0.0449328569998866
12.3671082351961,0,0.0210231372322994,0,12.3671082351961,0.0210231372322994,0.0210231372322994,0.0210231372322994,0.0160828742749283
12.3654554745313,0,-0.0686880413546458,0,12.3654554745313,-0.0686880413546458,-0.0686880413546458,-0.0686880413546458,0.0513325050706189
19.2556223171704,0,0.0285945738844167,0,19.2556223171704,0.0285945738844167,0.0285945738844167,0.0285945738844167,0.0139726523520546
34.7312424253189,0,0.00360906084633839,0,34.7312424253189,0.00360906084633839,0.00360906084633839,0.00360906084633839,0.017575833019559
54.7209102152747,0,0.0196726221291343,0,54.7209102152747,0.0196726221291343,0.0196726221291343,0.0196726221291343,0.0109274670854921
9.37577209119586,0,-0.0166622088619275,0,9.37577209119586,-0.0166622088619275,-0.0166622088619275,-0.0166622088619275,0.0509886552324907
8.22166390729103,0,0.0200227074138689,0,8.22166390729103,0.0200227074138689,0.0200227074138689,0.0200227074138689,0.0889316774406693
6.56936523894705,0,-0.0184803687031215,0,6.56936523894705,-0.0184803687031215,-0.0184803687031215,-0.0184803687031215,0.0397871786329299
7.36539602284415,0,-0.0247872150245361,0,7.36539602284415,-0.0247872150245361,-0.0247872150245361,-0.0247872150245361,0.114121672795408
9.34902839864339,0,-0.0319037471830898,0,9.34902839864339,-0.0319037471830898,-0.0319037471830898,-0.0319037471830898,0.0353702402159913
12.5616640281909,0,0.00441577973083164,0,12.5616640281909,0.00441577973083164,0.00441577973083164,0.00441577973083164,0.0138459086615911
10.5411867057519,0,-0.0885790708954701,0,10.5411867057519,-0.0885790708954701,-0.0885790708954701,-0.0885790708954701,0.0320565633703811
10.8363107906744,0,-0.028098390818107,0,10.8363107906744,-0.028098390818107,-0.028098390818107,-0.028098390818107,0.071926050301895
7.60971237336999,0,0.0425196941211018,0,7.60971237336999,0.0425196941211018,0.0425196941211018,0.0425196941211018,0.0675431227803087
6.7623626212796,0,0.0569688929469826,0,6.7623626212796,0.0569688929469826,0.0569688929469826,0.0569688929469826,0.0724631197752356
11.3171115233183,0,-0.0301299566297987,0,11.3171115233183,-0.0301299566297987,-0.0301299566297987,-0.0301299566297987,0.0549217163119364
12.491172371433,0,0.00616174807970621,0,12.491172371433,0.00616174807970621,0.00616174807970621,0.00616174807970621,0.0405245193389735
26.9159257982544,0,0.00103996356092225,0,26.9159257982544,0.00103996356092225,0.00103996356092225,0.00103996356092225,0.0289826613233299
23.3384346785706,0,0.0173424537425691,0,23.3384346785706,0.0173424537425691,0.0173424537425691,0.0173424537425691,0.0189266195413323
39.8146474017142,0,-0.0114906286129136,0,39.8146474017142,-0.0114906286129136,-0.0114906286129136,-0.0114906286129136,0.0491219546710594
16.8846431378076,0,0.0592246738975235,0,16.8846431378076,0.0592246738975235,0.0592246738975235,0.0592246738975235,0.0580511049145327
129.543664939788,0,0.187339131251037,0,129.543664939788,0.187339131251037,0.187339131251037,0.187339131251037,0.0392949098741799
7.87613657515693,0,0.0413542662923309,0,7.87613657515693,0.0413542662923309,0.0413542662923309,0.0413542662923309,0.0315625132232254
6.75451986071434,0,0.0140182295143905,0,6.75451986071434,0.0140182295143905,0.0140182295143905,0.0140182295143905,0.0568066082100863
13.3632341442477,0,0.0180382677184463,0,13.3632341442477,0.0180382677184463,0.0180382677184463,0.0180382677184463,0.0615806710832505
12.6985002447189,0,0.0156151615690587,0,12.6985002447189,0.0156151615690587,0.0156151615690587,0.0156151615690587,0.0344296478282526
14.3972634987083,0,-0.0237118006498921,0,14.3972634987083,-0.0237118006498921,-0.0237118006498921,-0.0237118006498921,0.0295064854269103
14.1514365378187,0,-0.0107350800784212,0,14.1514365378187,-0.0107350800784212,-0.0107350800784212,-0.0107350800784212,0.0554744268805768
27.9381463268887,0,-0.0196646199066465,0,27.9381463268887,-0.0196646199066465,-0.0196646199066465,-0.0196646199066465,0.0266030945529787
24.4728765020316,0,-0.0883766236254439,0,24.4728765020316,-0.0883766236254439,-0.0883766236254439,-0.0883766236254439,0.0473406670453721
11.303125406956,0,0.0200076122858094,0,11.303125406956,0.0200076122858094,0.0200076122858094,0.0200076122858094,0.0675102696912362
7.48402930279067,0,0.00968988201586394,0,7.48402930279067,0.00968988201586394,0.00968988201586394,0.00968988201586394,0.0686754083472401
NA,NA,NA,NA,NA,NA,NA,NA,NA
12.0144898669671,0,-0.0304643580877798,0,12.0144898669671,-0.0304643580877798,-0.0304643580877798,-0.0304643580877798,0.0246585875375876
5.59197431763262,0,-0.0578220526680145,0,5.59197431763262,-0.0578220526680145,-0.0578220526680145,-0.0578220526680145,0.0290843221745671
7.10118523761685,0,-0.0285278978712163,0,7.10118523761685,-0.0285278978712163,-0.0285278978712163,-0.0285278978712163,0.0595492352872805
8.39406695268219,0,0.0167837864563465,0,8.39406695268219,0.0167837864563465,0.0167837864563465,0.0167837864563465,0.0322473662392579
6.68163411954067,0,0.0399525800720857,0,6.68163411954067,0.0399525800720857,0.0399525800720857,0.0399525800720857,0.0632642521725607
10.9419857642508,0,-0.0876235523401562,0,10.9419857642508,-0.0876235523401562,-0.0876235523401562,-0.0876235523401562,0.0336377588977628
9.567453602661,0,-0.0130573193727359,0,9.567453602661,-0.0130573193727359,-0.0130573193727359,-0.0130573193727359,0.0264340771076804
9.56764954052794,0,-0.00578932875863998,0,9.56764954052794,-0.00578932875863998,-0.00578932875863998,-0.00578932875863998,0.0288617279537588
9.58796747981615,0,0.00725905880614161,0,9.58796747981615,0.00725905880614161,0.00725905880614161,0.00725905880614161,0.0422687684348916
12.9045618909384,0,-0.020800428050844,0,12.9045618909384,-0.020800428050844,-0.020800428050844,-0.020800428050844,0.00918914559220215
9.03381024943225,0,-0.0258591277728825,0,9.03381024943225,-0.0258591277728825,-0.0258591277728825,-0.0258591277728825,0.0210013285642308
7.292171244769,0,0.0214216184583366,0,7.292171244769,0.0214216184583366,0.0214216184583366,0.0214216184583366,0.00787016036700002
10.6567948708008,0,0.0203455428827325,0,10.6567948708008,0.0203455428827325,0.0203455428827325,0.0203455428827325,0.0367174068081082
15.83958844307,0,0.0399832495665445,0,15.83958844307,0.0399832495665445,0.0399832495665445,0.0399832495665445,0.0130470310288665
17.7014293147066,0,0.0234372077444364,0,17.7014293147066,0.0234372077444364,0.0234372077444364,0.0234372077444364,0.0323786122878216
14.7585414478692,0,-0.0143222744287462,0,14.7585414478692,-0.0143222744287462,-0.0143222744287462,-0.0143222744287462,0.0637816832942033
8.7869971588466,0,0.0255650750927985,0,8.7869971588466,0.0255650750927985,0.0255650750927985,0.0255650750927985,0.0115189820321319
13.9836050997556,0,-0.0596374353307077,0,13.9836050997556,-0.0596374353307077,-0.0596374353307077,-0.0596374353307077,0.0260159424457815
11.3110693140974,0,0.00982781565554414,0,11.3110693140974,0.00982781565554414,0.00982781565554414,0.00982781565554414,0.0152975413868066
16.5519463473715,0,-0.0850116784148187,0,16.5519463473715,-0.0850116784148187,-0.0850116784148187,-0.0850116784148187,0.0449328569998866
12.3671082351961,0,0.0210231372322994,0,12.3671082351961,0.0210231372322994,0.0210231372322994,0.0210231372322994,0.0160828742749283
12.3654554745313,0,-0.0686880413546458,0,12.3654554745313,-0.0686880413546458,-0.0686880413546458,-0.0686880413546458,0.0513325050706189
19.2556223171704,0,0.0285945738844167,0,19.2556223171704,0.0285945738844167,0.0285945738844167,0.0285945738844167,0.0139726523520546
34.7312424253189,0,0.00360906084633839,0,34.7312424253189,0.00360906084633839,0.00360906084633839,0.00360906084633839,0.017575833019559
54.7209102152747,0,0.0196726221291343,0,54.7209102152747,0.0196726221291343,0.0196726221291343,0.0196726221291343,0.0109274670854921
9.37577209119586,0,-0.0166622088619275,0,9.37577209119586,-0.0166622088619275,-0.0166622088619275,-0.0166622088619275,0.0509886552324907
8.22166390729103,0,0.0200227074138689,0,8.22166390729103,0.0200227074138689,0.0200227074138689,0.0200227074138689,0.0889316774406693
6.56936523894705,0,-0.0184803687031215,0,6.56936523894705,-0.0184803687031215,-0.0184803687031215,-0.0184803687031215,0.0397871786329299
7.36539602284415,0,-0.0247872150245361,0,7.36539602284415,-0.0247872150245361,-0.0247872150245361,-0.0247872150245361,0.114121672795408
9.34902839864339,0,-0.0319037471830898,0,9.34902839864339,-0.0319037471830898,-0.0319037471830898,-0.0319037471830898,0.0353702402159913
12.5616640281909,0,0.00441577973083164,0,12.5616640281909,0.00441577973083164,0.00441577973083164,0.00441577973083164,0.0138459086615911
10.5411867057519,0,-0.0885790708954701,0,10.5411867057519,-0.0885790708954701,-0.0885790708954701,-0.0885790708954701,0.0320565633703811
10.8363107906744,0,-0.028098390818107,0,10.8363107906744,-0.028098390818107,-0.028098390818107,-0.028098390818107,0.071926050301895
7.60971237336999,0,0.0425196941211018,0,7.60971237336999,0.0425196941211018,0.0425196941211018,0.0425196941211018,0.0675431227803087
6.7623626212796,0,0.0569688929469826,0,6.7623626212796,0.0569688929469826,0.0569688929469826,0.0569688929469826,0.0724631197752356
11.3171115233183,0,-0.0301299566297987,0,11.3171115233183,-0.0301299566297987,-0.0301299566297987,-0.0301299566297987,0.0549217163119364
12.491172371433,0,0.00616174807970621,0,12.491172371433,0.00616174807970621,0.00616174807970621,0.00616174807970621,0.0405245193389735
26.9159257982544,0,0.00103996356092225,0,26.9159257982544,0.00103996356092225,0.00103996356092225,0.00103996356092225,0.0289826613233299
23.3384346785706,0,0.0173424537425691,0,23.3384346785706,0.0173424537425691,0.0173424537425691,0.0173424537425691,0.0189266195413323
39.8146474017142,0,-0.0114906286129136,0,39.8146474017142,-0.0114906286129136,-0.0114906286129136,-0.0114906286129136,0.0491219546710594
16.8846431378076,0,0.0592246738975235,0,16.8846431378076,0.0592246738975235,0.0592246738975235,0.0592246738975235,0.0580511049145327
129.543664939788,0,0.187339131251037,0,129.543664939788,0.187339131251037,0.187339131251037,0.187339131251037,0.0392949098741799
7.87613657515693,0,0.0413542662923309,0,7.87613657515693,0.0413542662923309,0.0413542662923309,0.0413542662923309,0.0315625132232254
6.75451986071434,0,0.0140182295143905,0,6.75451986071434,0.0140182295143905,0.0140182295143905,0.0140182295143905,0.0568066082100863
13.3632341442477,0,0.0180382677184463,0,13.3632341442477,0.0180382677184463,0.0180382677184463,0.0180382677184463,0.0615806710832505
12.6985002447189,0,0.0156151615690587,0,12.6985002447189,0.0156151615690587,0.0156151615690587,0.0156151615690587,0.0344296478282526
14.3972634987083,0,-0.0237118006498921,0,14.3972634987083,-0.0237118006498921,-0.0237118006498921,-0.0237118006498921,0.0295064854269103
14.1514365378187,0,-0.0107350800784212,0,14.1514365378187,-0.0107350800784212,-0.0107350800784212,-0.0107350800784212,0.0554744268805768
27.9381463268887,0,-0.0196646199066465,0,27.9381463268887,-0.0196646199066465,-0.0196646199066465,-0.0196646199066465,0.0266030945529787
24.4728765020316,0,-0.0883766236254439,0,24.4728765020316,-0.0883766236254439,-0.0883766236254439,-0.0883766236254439,0.0473406670453721
11.303125406956,0,0.0200076122858094,0,11.303125406956,0.0200076122858094,0.0200076122858094,0.0200076122858094,0.0675102696912362
7.48402930279067,0,0.00968988201586394,0,7.48402930279067,0.00968988201586394,0.00968988201586394,0.00968988201586394,0.0686754083472401
NA,NA,NA,NA,NA,NA,NA,NA,NA
12.0144898669671,0,-0.0304643580877798,0,12.0144898669671,-0.0304643580877798,-0.0304643580877798,-0.0304643580877798,0.0246585875375876
5.59197431763262,0,-0.0578220526680145,0,5.59197431763262,-0.0578220526680145,-0.0578220526680145,-0.0578220526680145,0.0290843221745671
7.10118523761685,0,-0.0285278978712163,0,7.10118523761685,-0.0285278978712163,-0.0285278978712163,-0.0285278978712163,0.0595492352872805
8.39406695268219,0,0.0167837864563465,0,8.39406695268219,0.0167837864563465,0.0167837864563465,0.0167837864563465,0.0322473662392579
6.68163411954067,0,0.0399525800720857,0,6.68163411954067,0.0399525800720857,0.0399525800720857,0.0399525800720857,0.0632642521725607
10.9419857642508,0,-0.0876235523401562,0,10.9419857642508,-0.0876235523401562,-0.0876235523401562,-0.0876235523401562,0.0336377588977628
9.567453602661,0,-0.0130573193727359,0,9.567453602661,-0.0130573193727359,-0.0130573193727359,-0.0130573193727359,0.0264340771076804
9.56764954052794,0,-0.00578932875863998,0,9.56764954052794,-0.00578932875863998,-0.00578932875863998,-0.00578932875863998,0.0288617279537588
9.58796747981615,0,0.00725905880614161,0,9.58796747981615,0.00725905880614161,0.00725905880614161,0.00725905880614161,0.0422687684348916
12.9045618909384,0,-0.020800428050844,0,12.9045618909384,-0.020800428050844,-0.020800428050844,-0.020800428050844,0.00918914559220215
9.03381024943225,0,-0.0258591277728825,0,9.03381024943225,-0.0258591277728825,-0.0258591277728825,-0.0258591277728825,0.0210013285642308
7.292171244769,0,0.0214216184583366,0,7.292171244769,0.0214216184583366,0.0214216184583366,0.0214216184583366,0.00787016036700002
10.6567948708008,0,0.0203455428827325,0,10.6567948708008,0.0203455428827325,0.0203455428827325,0.0203455428827325,0.0367174068081082
15.83958844307,0,0.0399832495665445,0,15.83958844307,0.0399832495665445,0.0399832495665445,0.0399832495665445,0.0130470310288665
17.7014293147066,0,0.0234372077444364,0,17.7014293147066,0.0234372077444364,0.0234372077444364,0.0234372077444364,0.0323786122878216
14.7585414478692,0,-0.0143222744287462,0,14.7585414478692,-0.0143222744287462,-0.0143222744287462,-0.0143222744287462,0.0637816832942033
8.7869971588466,0,0.0255650750927985,0,8.7869971588466,0.0255650750927985,0.0255650750927985,0.0255650750927985,0.0115189820321319
13.9836050997556,0,-0.0596374353307077,0,13.9836050997556,-0.0596374353307077,-0.0596374353307077,-0.0596374353307077,0.0260159424457815
11.3110693140974,0,0.00982781565554414,0,11.3110693140974,0.00982781565554414,0.00982781565554414,0.00982781565554414,0.0152975413868066
16.5519463473715,0,-0.0850116784148187,0,16.5519463473715,-0.0850116784148187,-0.0850116784148187,-0.0850116784148187,0.0449328569998866
12.3671082351961,0,0.0210231372322994,0,12.3671082351961,0.0210231372322994,0.0210231372322994,0.0210231372322994,0.0160828742749283
12.3654554745313,0,-0.0686880413546458,0,12.3654554745313,-0.0686880413546458,-0.0686880413546458,-0.0686880413546458,0.0513325050706189
19.2556223171704,0,0.0285945738844167,0,19.2556223171704,0.0285945738844167,0.0285945738844167,0.0285945738844167,0.0139726523520546
34.7312424253189,0,0.00360906084633839,0,34.7312424253189,0.00360906084633839,0.00360906084633839,0.00360906084633839,0.017575833019559
54.7209102152747,0,0.0196726221291343,0,54.7209102152747,0.0196726221291343,0.0196726221291343,0.0196726221291343,0.0109274670854921
9.37577209119586,0,-0.0166622088619275,0,9.37577209119586,-0.0166622088619275,-0.0166622088619275,-0.0166622088619275,0.0509886552324907
8.22166390729103,0,0.0200227074138689,0,8.22166390729103,0.0200227074138689,0.0200227074138689,0.0200227074138689,0.0889316774406693
6.56936523894705,0,-0.0184803687031215,0,6.56936523894705,-0.0184803687031215,-0.0184803687031215,-0.0184803687031215,0.0397871786329299
7.36539602284415,0,-0.0247872150245361,0,7.36539602284415,-0.0247872150245361,-0.0247872150245361,-0.0247872150245361,0.114121672795408
9.34902839864339,0,-0.0319037471830898,0,9.34902839864339,-0.0319037471830898,-0.0319037471830898,-0.0319037471830898,0.0353702402159913
12.5616640281909,0,0.00441577973083164,0,12.5616640281909,0.00441577973083164,0.00441577973083164,0.00441577973083164,0.0138459086615911
10.5411867057519,0,-0.0885790708954701,0,10.5411867057519,-0.0885790708954701,-0.0885790708954701,-0.0885790708954701,0.0320565633703811
10.8363107906744,0,-0.028098390818107,0,10.8363107906744,-0.028098390818107,-0.028098390818107,-0.028098390818107,0.071926050301895
7.60971237336999,0,0.0425196941211018,0,7.60971237336999,0.0425196941211018,0.0425196941211018,0.0425196941211018,0.0675431227803087
6.7623626212796,0,0.0569688929469826,0,6.7623626212796,0.0569688929469826,0.0569688929469826,0.0569688929469826,0.0724631197752356
11.3171115233183,0,-0.0301299566297987,0,11.3171115233183,-0.0301299566297987,-0.0301299566297987,-0.0301299566297987,0.0549217163119364
12.491172371433,0,0.00616174807970621,0,12.491172371433,0.00616174807970621,0.00616174807970621,0.00616174807970621,0.0405245193389735
26.9159257982544,0,0.00103996356092225,0,26.9159257982544,0.00103996356092225,0.00103996356092225,0.00103996356092225,0.0289826613233299
23.3384346785706,0,0.0173424537425691,0,23.3384346785706,0.0173424537425691,0.0173424537425691,0.0173424537425691,0.0189266195413323
39.8146474017142,0,-0.0114906286129136,0,39.8146474017142,-0.0114906286129136,-0.0114906286129136,-0.0114906286129136,0.0491219546710594
16.8846431378076,0,0.0592246738975235,0,16.8846431378076,0.0592246738975235,0.0592246738975235,0.0592246738975235,0.0580511049145327
129.543664939788,0,0.187339131251037,0,129.543664939788,0.187339131251037,0.187339131251037,0.187339131251037,0.0392949098741799
7.87613657515693,0,0.0413542662923309,0,7.87613657515693,0.0413542662923309,0.0413542662923309,0.0413542662923309,0.0315625132232254
6.75451986071434,0,0.0140182295143905,0,6.75451986071434,0.0140182295143905,0.0140182295143905,0.0140182295143905,0.0568066082100863
13.3632341442477,0,0.0180382677184463,0,13.3632341442477,0.0180382677184463,0.0180382677184463,0.0180382677184463,0.0615806710832505
12.6985002447189,0,0.0156151615690587,0,12.6985002447189,0.0156151615690587,0.0156151615690587,0.0156151615690587,0.0344296478282526
14.3972634987083,0,-0.0237118006498921,0,14.3972634987083,-0.0237118006498921,-0.0237118006498921,-0.0237118006498921,0.0295064854269103
14.1514365378187,0,-0.0107350800784212,0,14.1514365378187,-0.0107350800784212,-0.0107350800784212,-0.0107350800784212,0.0554744268805768
27.9381463268887,0,-0.0196646199066465,0,27.9381463268887,-0.0196646199066465,-0.0196646199066465,-0.0196646199066465,0.0266030945529787
24.4728765020316,0,-0.0883766236254439,0,24.4728765020316,-0.0883766236254439,-0.0883766236254439,-0.0883766236254439,0.0473406670453721
11.303125406956,0,0.0200076122858094,0,11.303125406956,0.0200076122858094,0.0200076122858094,0.0200076122858094,0.0675102696912362
7.48402930279067,0,0.00968988201586394,0,7.48402930279067,0.00968988201586394,0.00968988201586394,0.00968988201586394,0.0686754083472401
NA,NA,NA,NA,NA,NA,NA,NA,NA
12.0144898669671,0,-0.0304643580877798,0,12.0144898669671,-0.0304643580877798,-0.0304643580877798,-0.0304643580877798,0.0246585875375876
5.59197431763262,0,-0.0578220526680145,0,5.59197431763262,-0.0578220526680145,-0.0578220526680145,-0.0578220526680145,0.0290843221745671
7.10118523761685,0,-0.0285278978712163,0,7.10118523761685,-0.0285278978712163,-0.0285278978712163,-0.0285278978712163,0.0595492352872805
8.39406695268219,0,0.0167837864563465,0,8.39406695268219,0.0167837864563465,0.0167837864563465,0.0167837864563465,0.0322473662392579
6.68163411954067,0,0.0399525800720857,0,6.68163411954067,0.0399525800720857,0.0399525800720857,0.0399525800720857,0.0632642521725607
10.9419857642508,0,-0.0876235523401562,0,10.9419857642508,-0.0876235523401562,-0.0876235523401562,-0.0876235523401562,0.0336377588977628
9.567453602661,0,-0.0130573193727359,0,9.567453602661,-0.0130573193727359,-0.0130573193727359,-0.0130573193727359,0.0264340771076804
9.56764954052794,0,-0.00578932875863998,0,9.56764954052794,-0.00578932875863998,-0.00578932875863998,-0.00578932875863998,0.0288617279537588
9.58796747981615,0,0.00725905880614161,0,9.58796747981615,0.00725905880614161,0.00725905880614161,0.00725905880614161,0.0422687684348916
12.9045618909384,0,-0.020800428050844,0,12.9045618909384,-0.020800428050844,-0.020800428050844,-0.020800428050844,0.00918914559220215
9.03381024943225,0,-0.0258591277728825,0,9.03381024943225,-0.0258591277728825,-0.0258591277728825,-0.0258591277728825,0.0210013285642308
7.292171244769,0,0.0214216184583366,0,7.292171244769,0.0214216184583366,0.0214216184583366,0.0214216184583366,0.00787016036700002
10.6567948708008,0,0.0203455428827325,0,10.6567948708008,0.0203455428827325,0.0203455428827325,0.0203455428827325,0.0367174068081082
15.83958844307,0,0.0399832495665445,0,15.83958844307,0.0399832495665445,0.0399832495665445,0.0399832495665445,0.0130470310288665
17.7014293147066,0,0.0234372077444364,0,17.7014293147066,0.0234372077444364,0.0234372077444364,0.0234372077444364,0.0323786122878216
14.7585414478692,0,-0.0143222744287462,0,14.7585414478692,-0.0143222744287462,-0.0143222744287462,-0.0143222744287462,0.0637816832942033
8.7869971588466,0,0.0255650750927985,0,8.7869971588466,0.0255650750927985,0.0255650750927985,0.0255650750927985,0.0115189820321319
13.9836050997556,0,-0.0596374353307077,0,13.9836050997556,-0.0596374353307077,-0.0596374353307077,-0.0596374353307077,0.0260159424457815
11.3110693140974,0,0.00982781565554414,0,11.3110693140974,0.00982781565554414,0.00982781565554414,0.00982781565554414,0.0152975413868066
16.5519463473715,0,-0.0850116784148187,0,16.5519463473715,-0.0850116784148187,-0.0850116784148187,-0.0850116784148187,0.0449328569998866
12.3671082351961,0,0.0210231372322994,0,12.3671082351961,0.0210231372322994,0.0210231372322994,0.0210231372322994,0.0160828742749283
12.3654554745313,0,-0.0686880413546458,0,12.3654554745313,-0.0686880413546458,-0.0686880413546458,-0.0686880413546458,0.0513325050706189
19.2556223171704,0,0.0285945738844167,0,19.2556223171704,0.0285945738844167,0.0285945738844167,0.0285945738844167,0.0139726523520546
34.7312424253189,0,0.00360906084633839,0,34.7312424253189,0.00360906084633839,0.00360906084633839,0.00360906084633839,0.017575833019559
54.7209102152747,0,0.0196726221291343,0,54.7209102152747,0.0196726221291343,0.0196726221291343,0.0196726221291343,0.0109274670854921
9.37577209119586,0,-0.0166622088619275,0,9.37577209119586,-0.0166622088619275,-0.0166622088619275,-0.0166622088619275,0.0509886552324907
8.22166390729103,0,0.0200227074138689,0,8.22166390729103,0.0200227074138689,0.0200227074138689,0.0200227074138689,0.0889316774406693
6.56936523894705,0,-0.0184803687031215,0,6.56936523894705,-0.0184803687031215,-0.0184803687031215,-0.0184803687031215,0.0397871786329299
7.36539602284415,0,-0.0247872150245361,0,7.36539602284415,-0.0247872150245361,-0.0247872150245361,-0.0247872150245361,0.114121672795408
9.34902839864339,0,-0.0319037471830898,0,9.34902839864339,-0.0319037471830898,-0.0319037471830898,-0.0319037471830898,0.0353702402159913
12.5616640281909,0,0.00441577973083164,0,12.5616640281909,0.00441577973083164,0.00441577973083164,0.00441577973083164,0.0138459086615911
10.5411867057519,0,-0.0885790708954701,0,10.5411867057519,-0.0885790708954701,-0.0885790708954701,-0.0885790708954701,0.0320565633703811
10.8363107906744,0,-0.028098390818107,0,10.8363107906744,-0.028098390818107,-0.028098390818107,-0.028098390818107,0.071926050301895
7.60971237336999,0,0.0425196941211018,0,7.60971237336999,0.0425196941211018,0.0425196941211018,0.0425196941211018,0.0675431227803087
6.7623626212796,0,0.0569688929469826,0,6.7623626212796,0.0569688929469826,0.0569688929469826,0.0569688929469826,0.0724631197752356
11.3171115233183,0,-0.0301299566297987,0,11.3171115233183,-0.0301299566297987,-0.0301299566297987,-0.0301299566297987,0.0549217163119364
12.491172371433,0,0.00616174807970621,0,12.491172371433,0.00616174807970621,0.00616174807970621,0.00616174807970621,0.0405245193389735
26.9159257982544,0,0.00103996356092225,0,26.9159257982544,0.00103996356092225,0.00103996356092225,0.00103996356092225,0.0289826613233299
23.3384346785706,0,0.0173424537425691,0,23.3384346785706,0.0173424537425691,0.0173424537425691,0.0173424537425691,0.0189266195413323
39.8146474017142,0,-0.0114906286129136,0,39.8146474017142,-0.0114906286129136,-0.0114906286129136,-0.0114906286129136,0.0491219546710594
16.8846431378076,0,0.0592246738975235,0,16.8846431378076,0.0592246738975235,0.0592246738975235,0.0592246738975235,0.0580511049145327
129.543664939788,0,0.187339131251037,0,129.543664939788,0.187339131251037,0.187339131251037,0.187339131251037,0.0392949098741799
7.87613657515693,0,0.0413542662923309,0,7.87613657515693,0.0413542662923309,0.0413542662923309,0.0413542662923309,0.0315625132232254
6.75451986071434,0,0.0140182295143905,0,6.75451986071434,0.0140182295143905,0.0140182295143905,0.0140182295143905,0.0568066082100863
13.3632341442477,0,0.0180382677184463,0,13.3632341442477,0.0180382677184463,0.0180382677184463,0.0180382677184463,0.0615806710832505
12.6985002447189,0,0.0156151615690587,0,12.6985002447189,0.0156151615690587,0.0156151615690587,0.0156151615690587,0.0344296478282526
14.3972634987083,0,-0.0237118006498921,0,14.3972634987083,-0.0237118006498921,-0.0237118006498921,-0.0237118006498921,0.0295064854269103
14.1514365378187,0,-0.0107350800784212,0,14.1514365378187,-0.0107350800784212,-0.0107350800784212,-0.0107350800784212,0.0554744268805768
27.9381463268887,0,-0.0196646199066465,0,27.9381463268887,-0.0196646199066465,-0.0196646199066465,-0.0196646199066465,0.0266030945529787
24.4728765020316,0,-0.0883766236254439,0,24.4728765020316,-0.0883766236254439,-0.0883766236254439,-0.0883766236254439,0.0473406670453721
11.303125406956,0,0.0200076122858094,0,11.303125406956,0.0200076122858094,0.0200076122858094,0.0200076122858094,0.0675102696912362
7.48402930279067,0,0.00968988201586394,0,7.48402930279067,0.00968988201586394,0.00968988201586394,0.00968988201586394,0.0686754083472401
NA,NA,NA,NA,NA,NA,NA,NA,NA
12.0144898669671,0,-0.0304643580877798,0,12.0144898669671,-0.0304643580877798,-0.0304643580877798,-0.0304643580877798,0.0246585875375876
5.59197431763262,0,-0.0578220526680145,0,5.59197431763262,-0.0578220526680145,-0.0578220526680145,-0.0578220526680145,0.0290843221745671
7.10118523761685,0,-0.0285278978712163,0,7.10118523761685,-0.0285278978712163,-0.0285278978712163,-0.0285278978712163,0.0595492352872805
8.39406695268219,0,0.0167837864563465,0,8.39406695268219,0.0167837864563465,0.0167837864563465,0.0167837864563465,0.0322473662392579
6.68163411954067,0,0.0399525800720857,0,6.68163411954067,0.0399525800720857,0.0399525800720857,0.0399525800720857,0.0632642521725607
10.9419857642508,0,-0.0876235523401562,0,10.9419857642508,-0.0876235523401562,-0.0876235523401562,-0.0876235523401562,0.0336377588977628
9.567453602661,0,-0.0130573193727359,0,9.567453602661,-0.0130573193727359,-0.0130573193727359,-0.0130573193727359,0.0264340771076804
9.56764954052794,0,-0.00578932875863998,0,9.56764954052794,-0.00578932875863998,-0.00578932875863998,-0.00578932875863998,0.0288617279537588
9.58796747981615,0,0.00725905880614161,0,9.58796747981615,0.00725905880614161,0.00725905880614161,0.00725905880614161,0.0422687684348916
12.9045618909384,0,-0.020800428050844,0,12.9045618909384,-0.020800428050844,-0.020800428050844,-0.020800428050844,0.00918914559220215
9.03381024943225,0,-0.0258591277728825,0,9.03381024943225,-0.0258591277728825,-0.0258591277728825,-0.0258591277728825,0.0210013285642308
7.292171244769,0,0.0214216184583366,0,7.292171244769,0.0214216184583366,0.0214216184583366,0.0214216184583366,0.00787016036700002
10.6567948708008,0,0.0203455428827325,0,10.6567948708008,0.0203455428827325,0.0203455428827325,0.0203455428827325,0.0367174068081082
15.83958844307,0,0.0399832495665445,0,15.83958844307,0.0399832495665445,0.0399832495665445,0.0399832495665445,0.0130470310288665
17.7014293147066,0,0.0234372077444364,0,17.7014293147066,0.0234372077444364,0.0234372077444364,0.0234372077444364,0.0323786122878216
14.7585414478692,0,-0.0143222744287462,0,14.7585414478692,-0.0143222744287462,-0.0143222744287462,-0.0143222744287462,0.0637816832942033
8.7869971588466,0,0.0255650750927985,0,8.7869971588466,0.0255650750927985,0.0255650750927985,0.0255650750927985,0.0115189820321319
13.9836050997556,0,-0.0596374353307077,0,13.9836050997556,-0.0596374353307077,-0.0596374353307077,-0.0596374353307077,0.0260159424457815
11.3110693140974,0,0.00982781565554414,0,11.3110693140974,0.00982781565554414,0.00982781565554414,0.00982781565554414,0.0152975413868066
16.5519463473715,0,-0.0850116784148187,0,16.5519463473715,-0.0850116784148187,-0.0850116784148187,-0.0850116784148187,0.0449328569998866
12.3671082351961,0,0.0210231372322994,0,12.3671082351961,0.0210231372322994,0.0210231372322994,0.0210231372322994,0.0160828742749283
12.3654554745313,0,-0.0686880413546458,0,12.3654554745313,-0.0686880413546458,-0.0686880413546458,-0.0686880413546458,0.0513325050706189
19.2556223171704,0,0.0285945738844167,0,19.2556223171704,0.0285945738844167,0.0285945738844167,0.0285945738844167,0.0139726523520546
34.7312424253189,0,0.00360906084633839,0,34.7312424253189,0.00360906084633839,0.00360906084633839,0.00360906084633839,0.017575833019559
54.7209102152747,0,0.0196726221291343,0,54.7209102152747,0.0196726221291343,0.0196726221291343,0.0196726221291343,0.0109274670854921
9.37577209119586,0,-0.0166622088619275,0,9.37577209119586,-0.0166622088619275,-0.0166622088619275,-0.0166622088619275,0.0509886552324907
8.22166390729103,0,0.0200227074138689,0,8.22166390729103,0.0200227074138689,0.0200227074138689,0.0200227074138689,0.0889316774406693
6.56936523894705,0,-0.0184803687031215,0,6.56936523894705,-0.0184803687031215,-0.0184803687031215,-0.0184803687031215,0.0397871786329299
7.36539602284415,0,-0.0247872150245361,0,7.36539602284415,-0.0247872150245361,-0.0247872150245361,-0.0247872150245361,0.114121672795408
9.34902839864339,0,-0.0319037471830898,0,9.34902839864339,-0.0319037471830898,-0.0319037471830898,-0.0319037471830898,0.0353702402159913
12.5616640281909,0,0.00441577973083164,0,12.5616640281909,0.00441577973083164,0.00441577973083164,0.00441577973083164,0.0138459086615911
10.5411867057519,0,-0.0885790708954701,0,10.5411867057519,-0.0885790708954701,-0.0885790708954701,-0.0885790708954701,0.0320565633703811
10.8363107906744,0,-0.028098390818107,0,10.8363107906744,-0.028098390818107,-0.028098390818107,-0.028098390818107,0.071926050301895
7.60971237336999,0,0.0425196941211018,0,7.60971237336999,0.0425196941211018,0.0425196941211018,0.0425196941211018,0.0675431227803087
6.7623626212796,0,0.0569688929469826,0,6.7623626212796,0.0569688929469826,0.0569688929469826,0.0569688929469826,0.0724631197752356
11.3171115233183,0,-0.0301299566297987,0,11.3171115233183,-0.0301299566297987,-0.0301299566297987,-0.0301299566297987,0.0549217163119364
12.491172371433,0,0.00616174807970621,0,12.491172371433,0.00616174807970621,0.00616174807970621,0.00616174807970621,0.0405245193389735
26.9159257982544,0,0.00103996356092225,0,26.9159257982544,0.00103996356092225,0.00103996356092225,0.00103996356092225,0.0289826613233299
23.3384346785706,0,0.0173424537425691,0,23.3384346785706,0.0173424537425691,0.0173424537425691,0.0173424537425691,0.0189266195413323
39.8146474017142,0,-0.0114906286129136,0,39.8146474017142,-0.0114906286129136,-0.0114906286129136,-0.0114906286129136,0.0491219546710594
16.8846431378076,0,0.0592246738975235,0,16.8846431378076,0.0592246738975235,0.0592246738975235,0.0592246738975235,0.0580511049145327
129.543664939788,0,0.187339131251037,0,129.543664939788,0.187339131251037,0.187339131251037,0.187339131251037,0.0392949098741799
7.87613657515693,0,0.0413542662923309,0,7.87613657515693,0.0413542662923309,0.0413542662923309,0.0413542662923309,0.0315625132232254
6.75451986071434,0,0.0140182295143905,0,6.75451986071434,0.0140182295143905,0.0140182295143905,0.0140182295143905,0.0568066082100863
13.3632341442477,0,0.0180382677184463,0,13.3632341442477,0.0180382677184463,0.0180382677184463,0.0180382677184463,0.0615806710832505
14.7971541600243,0,-0.0430456526330341,0,14.7971541600243,-0.0430456526330341,-0.0430456526330341,-0.0430456526330341,0.0449585570848986
14.3972634987083,0,-0.0237118006498921,0,14.3972634987083,-0.0237118006498921,-0.0237118006498921,-0.0237118006498921,0.0295064854269103
14.1514365378187,0,-0.0107350800784212,0,14.1514365378187,-0.0107350800784212,-0.0107350800784212,-0.0107350800784212,0.0554744268805768
27.9381463268887,0,-0.0196646199066465,0,27.9381463268887,-0.0196646199066465,-0.0196646199066465,-0.0196646199066465,0.0266030945529787
24.4728765020316,0,-0.0883766236254439,0,24.4728765020316,-0.0883766236254439,-0.0883766236254439,-0.0883766236254439,0.0473406670453721
11.303125406956,0,0.0200076122858094,0,11.303125406956,0.0200076122858094,0.0200076122858094,0.0200076122858094,0.0675102696912362
7.48402930279067,0,0.00968988201586394,0,7.48402930279067,0.00968988201586394,0.00968988201586394,0.00968988201586394,0.0686754083472401
NA,NA,NA,NA,NA,NA,NA,NA,NA
12.0144898669671,0,-0.0304643580877798,0,12.0144898669671,-0.0304643580877798,-0.0304643580877798,-0.0304643580877798,0.0246585875375876
5.59197431763262,0,-0.0578220526680145,0,5.59197431763262,-0.0578220526680145,-0.0578220526680145,-0.0578220526680145,0.0290843221745671
7.10118523761685,0,-0.0285278978712163,0,7.10118523761685,-0.0285278978712163,-0.0285278978712163,-0.0285278978712163,0.0595492352872805
8.39406695268219,0,0.0167837864563465,0,8.39406695268219,0.0167837864563465,0.0167837864563465,0.0167837864563465,0.0322473662392579
6.68163411954067,0,0.0399525800720857,0,6.68163411954067,0.0399525800720857,0.0399525800720857,0.0399525800720857,0.0632642521725607
10.9419857642508,0,-0.0876235523401562,0,10.9419857642508,-0.0876235523401562,-0.0876235523401562,-0.0876235523401562,0.0336377588977628
9.567453602661,0,-0.0130573193727359,0,9.567453602661,-0.0130573193727359,-0.0130573193727359,-0.0130573193727359,0.0264340771076804
9.56764954052794,0,-0.00578932875863998,0,9.56764954052794,-0.00578932875863998,-0.00578932875863998,-0.00578932875863998,0.0288617279537588
9.58796747981615,0,0.00725905880614161,0,9.58796747981615,0.00725905880614161,0.00725905880614161,0.00725905880614161,0.0422687684348916
12.9045618909384,0,-0.020800428050844,0,12.9045618909384,-0.020800428050844,-0.020800428050844,-0.020800428050844,0.00918914559220215
9.03381024943225,0,-0.0258591277728825,0,9.03381024943225,-0.0258591277728825,-0.0258591277728825,-0.0258591277728825,0.0210013285642308
7.292171244769,0,0.0214216184583366,0,7.292171244769,0.0214216184583366,0.0214216184583366,0.0214216184583366,0.00787016036700002
10.6567948708008,0,0.0203455428827325,0,10.6567948708008,0.0203455428827325,0.0203455428827325,0.0203455428827325,0.0367174068081082
15.83958844307,0,0.0399832495665445,0,15.83958844307,0.0399832495665445,0.0399832495665445,0.0399832495665445,0.0130470310288665
17.7014293147066,0,0.0234372077444364,0,17.7014293147066,0.0234372077444364,0.0234372077444364,0.0234372077444364,0.0323786122878216
14.7585414478692,0,-0.0143222744287462,0,14.7585414478692,-0.0143222744287462,-0.0143222744287462,-0.0143222744287462,0.0637816832942033
8.7869971588466,0,0.0255650750927985,0,8.7869971588466,0.0255650750927985,0.0255650750927985,0.0255650750927985,0.0115189820321319
13.9836050997556,0,-0.0596374353307077,0,13.9836050997556,-0.0596374353307077,-0.0596374353307077,-0.0596374353307077,0.0260159424457815
11.3110693140974,0,0.00982781565554414,0,11.3110693140974,0.00982781565554414,0.00982781565554414,0.00982781565554414,0.0152975413868066
16.5519463473715,0,-0.0850116784148187,0,16.5519463473715,-0.0850116784148187,-0.0850116784148187,-0.0850116784148187,0.0449328569998866
12.3671082351961,0,0.0210231372322994,0,12.3671082351961,0.0210231372322994,0.0210231372322994,0.0210231372322994,0.0160828742749283
12.3654554745313,0,-0.0686880413546458,0,12.3654554745313,-0.0686880413546458,-0.0686880413546458,-0.0686880413546458,0.0513325050706189
19.2556223171704,0,0.0285945738844167,0,19.2556223171704,0.0285945738844167,0.0285945738844167,0.0285945738844167,0.0139726523520546
34.7312424253189,0,0.00360906084633839,0,34.7312424253189,0.00360906084633839,0.00360906084633839,0.00360906084633839,0.017575833019559
54.7209102152747,0,0.0196726221291343,0,54.7209102152747,0.0196726221291343,0.0196726221291343,0.0196726221291343,0.0109274670854921
9.37577209119586,0,-0.0166622088619275,0,9.37577209119586,-0.0166622088619275,-0.0166622088619275,-0.0166622088619275,0.0509886552324907
8.22166390729103,0,0.0200227074138689,0,8.22166390729103,0.0200227074138689,0.0200227074138689,0.0200227074138689,0.0889316774406693
6.56936523894705,0,-0.0184803687031215,0,6.56936523894705,-0.0184803687031215,-0.0184803687031215,-0.0184803687031215,0.0397871786329299
7.36539602284415,0,-0.0247872150245361,0,7.36539602284415,-0.0247872150245361,-0.0247872150245361,-0.0247872150245361,0.114121672795408
9.34902839864339,0,-0.0319037471830898,0,9.34902839864339,-0.0319037471830898,-0.0319037471830898,-0.0319037471830898,0.0353702402159913
12.5616640281909,0,0.00441577973083164,0,12.5616640281909,0.00441577973083164,0.00441577973083164,0.00441577973083164,0.0138459086615911
10.5411867057519,0,-0.0885790708954701,0,10.5411867057519,-0.0885790708954701,-0.0885790708954701,-0.0885790708954701,0.0320565633703811
10.8363107906744,0,-0.028098390818107,0,10.8363107906744,-0.028098390818107,-0.028098390818107,-0.028098390818107,0.071926050301895
7.60971237336999,0,0.0425196941211018,0,7.60971237336999,0.0425196941211018,0.0425196941211018,0.0425196941211018,0.0675431227803087
6.7623626212796,0,0.0569688929469826,0,6.7623626212796,0.0569688929469826,0.0569688929469826,0.0569688929469826,0.0724631197752356
11.3171115233183,0,-0.0301299566297987,0,11.3171115233183,-0.0301299566297987,-0.0301299566297987,-0.0301299566297987,0.0549217163119364
12.491172371433,0,0.00616174807970621,0,12.491172371433,0.00616174807970621,0.00616174807970621,0.00616174807970621,0.0405245193389735
26.9159257982544,0,0.00103996356092225,0,26.9159257982544,0.00103996356092225,0.00103996356092225,0.00103996356092225,0.0289826613233299
23.3384346785706,0,0.0173424537425691,0,23.3384346785706,0.0173424537425691,0.0173424537425691,0.0173424537425691,0.0189266195413323
39.8146474017142,0,-0.0114906286129136,0,39.8146474017142,-0.0114906286129136,-0.0114906286129136,-0.0114906286129136,0.0491219546710594
16.8846431378076,0,0.0592246738975235,0,16.8846431378076,0.0592246738975235,0.0592246738975235,0.0592246738975235,0.0580511049145327
129.543664939788,0,0.187339131251037,0,129.543664939788,0.187339131251037,0.187339131251037,0.187339131251037,0.0392949098741799
7.87613657515693,0,0.0413542662923309,0,7.87613657515693,0.0413542662923309,0.0413542662923309,0.0413542662923309,0.0315625132232254
6.75451986071434,0,0.0140182295143905,0,6.75451986071434,0.0140182295143905,0.0140182295143905,0.0140182295143905,0.0568066082100863
13.3632341442477,0,0.0180382677184463,0,13.3632341442477,0.0180382677184463,0.0180382677184463,0.0180382677184463,0.0615806710832505
14.7971541600243,0,-0.0430456526330341,0,14.7971541600243,-0.0430456526330341,-0.0430456526330341,-0.0430456526330341,0.0449585570848986
14.3972634987083,0,-0.0237118006498921,0,14.3972634987083,-0.0237118006498921,-0.0237118006498921,-0.0237118006498921,0.0295064854269103
14.1514365378187,0,-0.0107350800784212,0,14.1514365378187,-0.0107350800784212,-0.0107350800784212,-0.0107350800784212,0.0554744268805768
27.9381463268887,0,-0.0196646199066465,0,27.9381463268887,-0.0196646199066465,-0.0196646199066465,-0.0196646199066465,0.0266030945529787
24.4728765020316,0,-0.0883766236254439,0,24.4728765020316,-0.0883766236254439,-0.0883766236254439,-0.0883766236254439,0.0473406670453721
11.303125406956,0,0.0200076122858094,0,11.303125406956,0.0200076122858094,0.0200076122858094,0.0200076122858094,0.0675102696912362
7.48402930279067,0,0.00968988201586394,0,7.48402930279067,0.00968988201586394,0.00968988201586394,0.00968988201586394,0.0686754083472401
NA,NA,NA,NA,NA,NA,NA,NA,NA
12.0144898669671,0,-0.0304643580877798,0,12.0144898669671,-0.0304643580877798,-0.0304643580877798,-0.0304643580877798,0.0246585875375876
5.59197431763262,0,-0.0578220526680145,0,5.59197431763262,-0.0578220526680145,-0.0578220526680145,-0.0578220526680145,0.0290843221745671
7.10118523761685,0,-0.0285278978712163,0,7.10118523761685,-0.0285278978712163,-0.0285278978712163,-0.0285278978712163,0.0595492352872805
8.39406695268219,0,0.0167837864563465,0,8.39406695268219,0.0167837864563465,0.0167837864563465,0.0167837864563465,0.0322473662392579
6.68163411954067,0,0.0399525800720857,0,6.68163411954067,0.0399525800720857,0.0399525800720857,0.0399525800720857,0.0632642521725607
10.9419857642508,0,-0.0876235523401562,0,10.9419857642508,-0.0876235523401562,-0.0876235523401562,-0.0876235523401562,0.0336377588977628
9.567453602661,0,-0.0130573193727359,0,9.567453602661,-0.0130573193727359,-0.0130573193727359,-0.0130573193727359,0.0264340771076804
9.56764954052794,0,-0.00578932875863998,0,9.56764954052794,-0.00578932875863998,-0.00578932875863998,-0.00578932875863998,0.0288617279537588
9.58796747981615,0,0.00725905880614161,0,9.58796747981615,0.00725905880614161,0.00725905880614161,0.00725905880614161,0.0422687684348916
12.9045618909384,0,-0.020800428050844,0,12.9045618909384,-0.020800428050844,-0.020800428050844,-0.020800428050844,0.00918914559220215
9.03381024943225,0,-0.0258591277728825,0,9.03381024943225,-0.0258591277728825,-0.0258591277728825,-0.0258591277728825,0.0210013285642308
7.292171244769,0,0.0214216184583366,0,7.292171244769,0.0214216184583366,0.0214216184583366,0.0214216184583366,0.00787016036700002
10.6567948708008,0,0.0203455428827325,0,10.6567948708008,0.0203455428827325,0.0203455428827325,0.0203455428827325,0.0367174068081082
15.83958844307,0,0.0399832495665445,0,15.83958844307,0.0399832495665445,0.0399832495665445,0.0399832495665445,0.0130470310288665
17.7014293147066,0,0.0234372077444364,0,17.7014293147066,0.0234372077444364,0.0234372077444364,0.0234372077444364,0.0323786122878216
14.7585414478692,0,-0.0143222744287462,0,14.7585414478692,-0.0143222744287462,-0.0143222744287462,-0.0143222744287462,0.0637816832942033
8.7869971588466,0,0.0255650750927985,0,8.7869971588466,0.0255650750927985,0.0255650750927985,0.0255650750927985,0.0115189820321319
13.9836050997556,0,-0.0596374353307077,0,13.9836050997556,-0.0596374353307077,-0.0596374353307077,-0.0596374353307077,0.0260159424457815
11.3110693140974,0,0.00982781565554414,0,11.3110693140974,0.00982781565554414,0.00982781565554414,0.00982781565554414,0.0152975413868066
16.5519463473715,0,-0.0850116784148187,0,16.5519463473715,-0.0850116784148187,-0.0850116784148187,-0.0850116784148187,0.0449328569998866
12.3671082351961,0,0.0210231372322994,0,12.3671082351961,0.0210231372322994,0.0210231372322994,0.0210231372322994,0.0160828742749283
12.3654554745313,0,-0.0686880413546458,0,12.3654554745313,-0.0686880413546458,-0.0686880413546458,-0.0686880413546458,0.0513325050706189
19.2556223171704,0,0.0285945738844167,0,19.2556223171704,0.0285945738844167,0.0285945738844167,0.0285945738844167,0.0139726523520546
34.7312424253189,0,0.00360906084633839,0,34.7312424253189,0.00360906084633839,0.00360906084633839,0.00360906084633839,0.017575833019559
54.7209102152747,0,0.0196726221291343,0,54.7209102152747,0.0196726221291343,0.0196726221291343,0.0196726221291343,0.0109274670854921
9.37577209119586,0,-0.0166622088619275,0,9.37577209119586,-0.0166622088619275,-0.0166622088619275,-0.0166622088619275,0.0509886552324907
8.22166390729103,0,0.0200227074138689,0,8.22166390729103,0.0200227074138689,0.0200227074138689,0.0200227074138689,0.0889316774406693
6.56936523894705,0,-0.0184803687031215,0,6.56936523894705,-0.0184803687031215,-0.0184803687031215,-0.0184803687031215,0.0397871786329299
7.36539602284415,0,-0.0247872150245361,0,7.36539602284415,-0.0247872150245361,-0.0247872150245361,-0.0247872150245361,0.114121672795408
9.34902839864339,0,-0.0319037471830898,0,9.34902839864339,-0.0319037471830898,-0.0319037471830898,-0.0319037471830898,0.0353702402159913
9.64603221208774,0,-0.0448878782907022,0,9.64603221208774,-0.0448878782907022,-0.0448878782907022,-0.0448878782907022,0.060446521466018
10.5411867057519,0,-0.0885790708954701,0,10.5411867057519,-0.0885790708954701,-0.0885790708954701,-0.0885790708954701,0.0320565633703811
10.8363107906744,0,-0.028098390818107,0,10.8363107906744,-0.028098390818107,-0.028098390818107,-0.028098390818107,0.071926050301895
7.60971237336999,0,0.0425196941211018,0,7.60971237336999,0.0425196941211018,0.0425196941211018,0.0425196941211018,0.0675431227803087
6.7623626212796,0,0.0569688929469826,0,6.7623626212796,0.0569688929469826,0.0569688929469826,0.0569688929469826,0.0724631197752356
11.3171115233183,0,-0.0301299566297987,0,11.3171115233183,-0.0301299566297987,-0.0301299566297987,-0.0301299566297987,0.0549217163119364
12.491172371433,0,0.00616174807970621,0,12.491172371433,0.00616174807970621,0.00616174807970621,0.00616174807970621,0.0405245193389735
26.9159257982544,0,0.00103996356092225,0,26.9159257982544,0.00103996356092225,0.00103996356092225,0.00103996356092225,0.0289826613233299
23.3384346785706,0,0.0173424537425691,0,23.3384346785706,0.0173424537425691,0.0173424537425691,0.0173424537425691,0.0189266195413323
39.8146474017142,0,-0.0114906286129136,0,39.8146474017142,-0.0114906286129136,-0.0114906286129136,-0.0114906286129136,0.0491219546710594
16.8846431378076,0,0.0592246738975235,0,16.8846431378076,0.0592246738975235,0.0592246738975235,0.0592246738975235,0.0580511049145327
129.543664939788,0,0.187339131251037,0,129.543664939788,0.187339131251037,0.187339131251037,0.187339131251037,0.0392949098741799
7.87613657515693,0,0.0413542662923309,0,7.87613657515693,0.0413542662923309,0.0413542662923309,0.0413542662923309,0.0315625132232254
6.75451986071434,0,0.0140182295143905,0,6.75451986071434,0.0140182295143905,0.0140182295143905,0.0140182295143905,0.0568066082100863
13.3632341442477,0,0.0180382677184463,0,13.3632341442477,0.0180382677184463,0.0180382677184463,0.0180382677184463,0.0615806710832505
14.7971541600243,0,-0.0430456526330341,0,14.7971541600243,-0.0430456526330341,-0.0430456526330341,-0.0430456526330341,0.0449585570848986
14.3972634987083,0,-0.0237118006498921,0,14.3972634987083,-0.0237118006498921,-0.0237118006498921,-0.0237118006498921,0.0295064854269103
14.1514365378187,0,-0.0107350800784212,0,14.1514365378187,-0.0107350800784212,-0.0107350800784212,-0.0107350800784212,0.0554744268805768
27.9381463268887,0,-0.0196646199066465,0,27.9381463268887,-0.0196646199066465,-0.0196646199066465,-0.0196646199066465,0.0266030945529787
24.4728765020316,0,-0.0883766236254439,0,24.4728765020316,-0.0883766236254439,-0.0883766236254439,-0.0883766236254439,0.0473406670453721
11.303125406956,0,0.0200076122858094,0,11.303125406956,0.0200076122858094,0.0200076122858094,0.0200076122858094,0.0675102696912362
7.48402930279067,0,0.00968988201586394,0,7.48402930279067,0.00968988201586394,0.00968988201586394,0.00968988201586394,0.0686754083472401
NA,NA,NA,NA,NA,NA,NA,NA,NA
12.0144898669671,0,-0.0304643580877798,0,12.0144898669671,-0.0304643580877798,-0.0304643580877798,-0.0304643580877798,0.0246585875375876
5.59197431763262,0,-0.0578220526680145,0,5.59197431763262,-0.0578220526680145,-0.0578220526680145,-0.0578220526680145,0.0290843221745671
7.10118523761685,0,-0.0285278978712163,0,7.10118523761685,-0.0285278978712163,-0.0285278978712163,-0.0285278978712163,0.0595492352872805
8.39406695268219,0,0.0167837864563465,0,8.39406695268219,0.0167837864563465,0.0167837864563465,0.0167837864563465,0.0322473662392579
6.68163411954067,0,0.0399525800720857,0,6.68163411954067,0.0399525800720857,0.0399525800720857,0.0399525800720857,0.0632642521725607
10.9419857642508,0,-0.0876235523401562,0,10.9419857642508,-0.0876235523401562,-0.0876235523401562,-0.0876235523401562,0.0336377588977628
9.567453602661,0,-0.0130573193727359,0,9.567453602661,-0.0130573193727359,-0.0130573193727359,-0.0130573193727359,0.0264340771076804
9.56764954052794,0,-0.00578932875863998,0,9.56764954052794,-0.00578932875863998,-0.00578932875863998,-0.00578932875863998,0.0288617279537588
9.58796747981615,0,0.00725905880614161,0,9.58796747981615,0.00725905880614161,0.00725905880614161,0.00725905880614161,0.0422687684348916
12.9045618909384,0,-0.020800428050844,0,12.9045618909384,-0.020800428050844,-0.020800428050844,-0.020800428050844,0.00918914559220215
9.03381024943225,0,-0.0258591277728825,0,9.03381024943225,-0.0258591277728825,-0.0258591277728825,-0.0258591277728825,0.0210013285642308
7.292171244769,0,0.0214216184583366,0,7.292171244769,0.0214216184583366,0.0214216184583366,0.0214216184583366,0.00787016036700002
10.6567948708008,0,0.0203455428827325,0,10.6567948708008,0.0203455428827325,0.0203455428827325,0.0203455428827325,0.0367174068081082
15.83958844307,0,0.0399832495665445,0,15.83958844307,0.0399832495665445,0.0399832495665445,0.0399832495665445,0.0130470310288665
17.7014293147066,0,0.0234372077444364,0,17.7014293147066,0.0234372077444364,0.0234372077444364,0.0234372077444364,0.0323786122878216
14.7585414478692,0,-0.0143222744287462,0,14.7585414478692,-0.0143222744287462,-0.0143222744287462,-0.0143222744287462,0.0637816832942033
8.7869971588466,0,0.0255650750927985,0,8.7869971588466,0.0255650750927985,0.0255650750927985,0.0255650750927985,0.0115189820321319
13.9836050997556,0,-0.0596374353307077,0,13.9836050997556,-0.0596374353307077,-0.0596374353307077,-0.0596374353307077,0.0260159424457815
11.3110693140974,0,0.00982781565554414,0,11.3110693140974,0.00982781565554414,0.00982781565554414,0.00982781565554414,0.0152975413868066
16.5519463473715,0,-0.0850116784148187,0,16.5519463473715,-0.0850116784148187,-0.0850116784148187,-0.0850116784148187,0.0449328569998866
12.3671082351961,0,0.0210231372322994,0,12.3671082351961,0.0210231372322994,0.0210231372322994,0.0210231372322994,0.0160828742749283
12.3654554745313,0,-0.0686880413546458,0,12.3654554745313,-0.0686880413546458,-0.0686880413546458,-0.0686880413546458,0.0513325050706189
19.2556223171704,0,0.0285945738844167,0,19.2556223171704,0.0285945738844167,0.0285945738844167,0.0285945738844167,0.0139726523520546
34.7312424253189,0,0.00360906084633839,0,34.7312424253189,0.00360906084633839,0.00360906084633839,0.00360906084633839,0.017575833019559
54.7209102152747,0,0.0196726221291343,0,54.7209102152747,0.0196726221291343,0.0196726221291343,0.0196726221291343,0.0109274670854921
9.37577209119586,0,-0.0166622088619275,0,9.37577209119586,-0.0166622088619275,-0.0166622088619275,-0.0166622088619275,0.0509886552324907
8.22166390729103,0,0.0200227074138689,0,8.22166390729103,0.0200227074138689,0.0200227074138689,0.0200227074138689,0.0889316774406693
6.56936523894705,0,-0.0184803687031215,0,6.56936523894705,-0.0184803687031215,-0.0184803687031215,-0.0184803687031215,0.0397871786329299
7.36539602284415,0,-0.0247872150245361,0,7.36539602284415,-0.0247872150245361,-0.0247872150245361,-0.0247872150245361,0.114121672795408
9.34902839864339,0,-0.0319037471830898,0,9.34902839864339,-0.0319037471830898,-0.0319037471830898,-0.0319037471830898,0.0353702402159913
9.64603221208774,0,-0.0448878782907022,0,9.64603221208774,-0.0448878782907022,-0.0448878782907022,-0.0448878782907022,0.060446521466018
10.5411867057519,0,-0.0885790708954701,0,10.5411867057519,-0.0885790708954701,-0.0885790708954701,-0.0885790708954701,0.0320565633703811
10.8363107906744,0,-0.028098390818107,0,10.8363107906744,-0.028098390818107,-0.028098390818107,-0.028098390818107,0.071926050301895
7.60971237336999,0,0.0425196941211018,0,7.60971237336999,0.0425196941211018,0.0425196941211018,0.0425196941211018,0.0675431227803087
6.7623626212796,0,0.0569688929469826,0,6.7623626212796,0.0569688929469826,0.0569688929469826,0.0569688929469826,0.0724631197752356
11.3171115233183,0,-0.0301299566297987,0,11.3171115233183,-0.0301299566297987,-0.0301299566297987,-0.0301299566297987,0.0549217163119364
12.491172371433,0,0.00616174807970621,0,12.491172371433,0.00616174807970621,0.00616174807970621,0.00616174807970621,0.0405245193389735
26.9159257982544,0,0.00103996356092225,0,26.9159257982544,0.00103996356092225,0.00103996356092225,0.00103996356092225,0.0289826613233299
23.3384346785706,0,0.0173424537425691,0,23.3384346785706,0.0173424537425691,0.0173424537425691,0.0173424537425691,0.0189266195413323
39.8146474017142,0,-0.0114906286129136,0,39.8146474017142,-0.0114906286129136,-0.0114906286129136,-0.0114906286129136,0.0491219546710594
16.8846431378076,0,0.0592246738975235,0,16.8846431378076,0.0592246738975235,0.0592246738975235,0.0592246738975235,0.0580511049145327
129.543664939788,0,0.187339131251037,0,129.543664939788,0.187339131251037,0.187339131251037,0.187339131251037,0.0392949098741799
7.87613657515693,0,0.0413542662923309,0,7.87613657515693,0.0413542662923309,0.0413542662923309,0.0413542662923309,0.0315625132232254
6.75451986071434,0,0.0140182295143905,0,6.75451986071434,0.0140182295143905,0.0140182295143905,0.0140182295143905,0.0568066082100863
13.3632341442477,0,0.0180382677184463,0,13.3632341442477,0.0180382677184463,0.0180382677184463,0.0180382677184463,0.0615806710832505
14.7971541600243,0,-0.0430456526330341,0,14.7971541600243,-0.0430456526330341,-0.0430456526330341,-0.0430456526330341,0.0449585570848986
14.3972634987083,0,-0.0237118006498921,0,14.3972634987083,-0.0237118006498921,-0.0237118006498921,-0.0237118006498921,0.0295064854269103
14.1514365378187,0,-0.0107350800784212,0,14.1514365378187,-0.0107350800784212,-0.0107350800784212,-0.0107350800784212,0.0554744268805768
27.9381463268887,0,-0.0196646199066465,0,27.9381463268887,-0.0196646199066465,-0.0196646199066465,-0.0196646199066465,0.0266030945529787
24.4728765020316,0,-0.0883766236254439,0,24.4728765020316,-0.0883766236254439,-0.0883766236254439,-0.0883766236254439,0.0473406670453721
11.303125406956,0,0.0200076122858094,0,11.303125406956,0.0200076122858094,0.0200076122858094,0.0200076122858094,0.0675102696912362
7.48402930279067,0,0.00968988201586394,0,7.48402930279067,0.00968988201586394,0.00968988201586394,0.00968988201586394,0.0686754083472401
NA,NA,NA,NA,NA,NA,NA,NA,NA
12.0144898669671,0,-0.0304643580877798,0,12.0144898669671,-0.0304643580877798,-0.0304643580877798,-0.0304643580877798,0.0246585875375876
5.59197431763262,0,-0.0578220526680145,0,5.59197431763262,-0.0578220526680145,-0.0578220526680145,-0.0578220526680145,0.0290843221745671
7.10118523761685,0,-0.0285278978712163,0,7.10118523761685,-0.0285278978712163,-0.0285278978712163,-0.0285278978712163,0.0595492352872805
8.39406695268219,0,0.0167837864563465,0,8.39406695268219,0.0167837864563465,0.0167837864563465,0.0167837864563465,0.0322473662392579
6.68163411954067,0,0.0399525800720857,0,6.68163411954067,0.0399525800720857,0.0399525800720857,0.0399525800720857,0.0632642521725607
10.9419857642508,0,-0.0876235523401562,0,10.9419857642508,-0.0876235523401562,-0.0876235523401562,-0.0876235523401562,0.0336377588977628
9.567453602661,0,-0.0130573193727359,0,9.567453602661,-0.0130573193727359,-0.0130573193727359,-0.0130573193727359,0.0264340771076804
9.56764954052794,0,-0.00578932875863998,0,9.56764954052794,-0.00578932875863998,-0.00578932875863998,-0.00578932875863998,0.0288617279537588
9.58796747981615,0,0.00725905880614161,0,9.58796747981615,0.00725905880614161,0.00725905880614161,0.00725905880614161,0.0422687684348916
12.9045618909384,0,-0.020800428050844,0,12.9045618909384,-0.020800428050844,-0.020800428050844,-0.020800428050844,0.00918914559220215
9.03381024943225,0,-0.0258591277728825,0,9.03381024943225,-0.0258591277728825,-0.0258591277728825,-0.0258591277728825,0.0210013285642308
7.292171244769,0,0.0214216184583366,0,7.292171244769,0.0214216184583366,0.0214216184583366,0.0214216184583366,0.00787016036700002
10.6567948708008,0,0.0203455428827325,0,10.6567948708008,0.0203455428827325,0.0203455428827325,0.0203455428827325,0.0367174068081082
15.83958844307,0,0.0399832495665445,0,15.83958844307,0.0399832495665445,0.0399832495665445,0.0399832495665445,0.0130470310288665
17.7014293147066,0,0.0234372077444364,0,17.7014293147066,0.0234372077444364,0.0234372077444364,0.0234372077444364,0.0323786122878216
14.7585414478692,0,-0.0143222744287462,0,14.7585414478692,-0.0143222744287462,-0.0143222744287462,-0.0143222744287462,0.0637816832942033
8.7869971588466,0,0.0255650750927985,0,8.7869971588466,0.0255650750927985,0.0255650750927985,0.0255650750927985,0.0115189820321319
13.9836050997556,0,-0.0596374353307077,0,13.9836050997556,-0.0596374353307077,-0.0596374353307077,-0.0596374353307077,0.0260159424457815
11.3110693140974,0,0.00982781565554414,0,11.3110693140974,0.00982781565554414,0.00982781565554414,0.00982781565554414,0.0152975413868066
16.5519463473715,0,-0.0850116784148187,0,16.5519463473715,-0.0850116784148187,-0.0850116784148187,-0.0850116784148187,0.0449328569998866
12.3671082351961,0,0.0210231372322994,0,12.3671082351961,0.0210231372322994,0.0210231372322994,0.0210231372322994,0.0160828742749283
12.3654554745313,0,-0.0686880413546458,0,12.3654554745313,-0.0686880413546458,-0.0686880413546458,-0.0686880413546458,0.0513325050706189
19.2556223171704,0,0.0285945738844167,0,19.2556223171704,0.0285945738844167,0.0285945738844167,0.0285945738844167,0.0139726523520546
34.7312424253189,0,0.00360906084633839,0,34.7312424253189,0.00360906084633839,0.00360906084633839,0.00360906084633839,0.017575833019559
54.7209102152747,0,0.0196726221291343,0,54.7209102152747,0.0196726221291343,0.0196726221291343,0.0196726221291343,0.0109274670854921
9.37577209119586,0,-0.0166622088619275,0,9.37577209119586,-0.0166622088619275,-0.0166622088619275,-0.0166622088619275,0.0509886552324907
8.22166390729103,0,0.0200227074138689,0,8.22166390729103,0.0200227074138689,0.0200227074138689,0.0200227074138689,0.0889316774406693
6.56936523894705,0,-0.0184803687031215,0,6.56936523894705,-0.0184803687031215,-0.0184803687031215,-0.0184803687031215,0.0397871786329299
7.36539602284415,0,-0.0247872150245361,0,7.36539602284415,-0.0247872150245361,-0.0247872150245361,-0.0247872150245361,0.114121672795408
9.34902839864339,0,-0.0319037471830898,0,9.34902839864339,-0.0319037471830898,-0.0319037471830898,-0.0319037471830898,0.0353702402159913
9.64603221208774,0,-0.0448878782907022,0,9.64603221208774,-0.0448878782907022,-0.0448878782907022,-0.0448878782907022,0.060446521466018
10.5411867057519,0,-0.0885790708954701,0,10.5411867057519,-0.0885790708954701,-0.0885790708954701,-0.0885790708954701,0.0320565633703811
10.8363107906744,0,-0.028098390818107,0,10.8363107906744,-0.028098390818107,-0.028098390818107,-0.028098390818107,0.071926050301895
7.60971237336999,0,0.0425196941211018,0,7.60971237336999,0.0425196941211018,0.0425196941211018,0.0425196941211018,0.0675431227803087
6.7623626212796,0,0.0569688929469826,0,6.7623626212796,0.0569688929469826,0.0569688929469826,0.0569688929469826,0.0724631197752356
11.3171115233183,0,-0.0301299566297987,0,11.3171115233183,-0.0301299566297987,-0.0301299566297987,-0.0301299566297987,0.0549217163119364
12.491172371433,0,0.00616174807970621,0,12.491172371433,0.00616174807970621,0.00616174807970621,0.00616174807970621,0.0405245193389735
26.9159257982544,0,0.00103996356092225,0,26.9159257982544,0.00103996356092225,0.00103996356092225,0.00103996356092225,0.0289826613233299
23.3384346785706,0,0.0173424537425691,0,23.3384346785706,0.0173424537425691,0.0173424537425691,0.0173424537425691,0.0189266195413323
39.8146474017142,0,-0.0114906286129136,0,39.8146474017142,-0.0114906286129136,-0.0114906286129136,-0.0114906286129136,0.0491219546710594
16.8846431378076,0,0.0592246738975235,0,16.8846431378076,0.0592246738975235,0.0592246738975235,0.0592246738975235,0.0580511049145327
129.543664939788,0,0.187339131251037,0,129.543664939788,0.187339131251037,0.187339131251037,0.187339131251037,0.0392949098741799
7.87613657515693,0,0.0413542662923309,0,7.87613657515693,0.0413542662923309,0.0413542662923309,0.0413542662923309,0.0315625132232254
6.75451986071434,0,0.0140182295143905,0,6.75451986071434,0.0140182295143905,0.0140182295143905,0.0140182295143905,0.0568066082100863
13.3632341442477,0,0.0180382677184463,0,13.3632341442477,0.0180382677184463,0.0180382677184463,0.0180382677184463,0.0615806710832505
14.7971541600243,0,-0.0430456526330341,0,14.7971541600243,-0.0430456526330341,-0.0430456526330341,-0.0430456526330341,0.0449585570848986
14.3972634987083,0,-0.0237118006498921,0,14.3972634987083,-0.0237118006498921,-0.0237118006498921,-0.0237118006498921,0.0295064854269103
14.1514365378187,0,-0.0107350800784212,0,14.1514365378187,-0.0107350800784212,-0.0107350800784212,-0.0107350800784212,0.0554744268805768
27.9381463268887,0,-0.0196646199066465,0,27.9381463268887,-0.0196646199066465,-0.0196646199066465,-0.0196646199066465,0.0266030945529787
24.4728765020316,0,-0.0883766236254439,0,24.4728765020316,-0.0883766236254439,-0.0883766236254439,-0.0883766236254439,0.0473406670453721
11.303125406956,0,0.0200076122858094,0,11.303125406956,0.0200076122858094,0.0200076122858094,0.0200076122858094,0.0675102696912362
7.48402930279067,0,0.00968988201586394,0,7.48402930279067,0.00968988201586394,0.00968988201586394,0.00968988201586394,0.0686754083472401
NA,NA,NA,NA,NA,NA,NA,NA,NA
12.0144898669671,0,-0.0304643580877798,0,12.0144898669671,-0.0304643580877798,-0.0304643580877798,-0.0304643580877798,0.0246585875375876
5.59197431763262,0,-0.0578220526680145,0,5.59197431763262,-0.0578220526680145,-0.0578220526680145,-0.0578220526680145,0.0290843221745671
7.10118523761685,0,-0.0285278978712163,0,7.10118523761685,-0.0285278978712163,-0.0285278978712163,-0.0285278978712163,0.0595492352872805
8.39406695268219,0,0.0167837864563465,0,8.39406695268219,0.0167837864563465,0.0167837864563465,0.0167837864563465,0.0322473662392579
6.68163411954067,0,0.0399525800720857,0,6.68163411954067,0.0399525800720857,0.0399525800720857,0.0399525800720857,0.0632642521725607
10.9419857642508,0,-0.0876235523401562,0,10.9419857642508,-0.0876235523401562,-0.0876235523401562,-0.0876235523401562,0.0336377588977628
9.567453602661,0,-0.0130573193727359,0,9.567453602661,-0.0130573193727359,-0.0130573193727359,-0.0130573193727359,0.0264340771076804
9.56764954052794,0,-0.00578932875863998,0,9.56764954052794,-0.00578932875863998,-0.00578932875863998,-0.00578932875863998,0.0288617279537588
9.58796747981615,0,0.00725905880614161,0,9.58796747981615,0.00725905880614161,0.00725905880614161,0.00725905880614161,0.0422687684348916
12.9045618909384,0,-0.020800428050844,0,12.9045618909384,-0.020800428050844,-0.020800428050844,-0.020800428050844,0.00918914559220215
9.03381024943225,0,-0.0258591277728825,0,9.03381024943225,-0.0258591277728825,-0.0258591277728825,-0.0258591277728825,0.0210013285642308
7.292171244769,0,0.0214216184583366,0,7.292171244769,0.0214216184583366,0.0214216184583366,0.0214216184583366,0.00787016036700002
10.6567948708008,0,0.0203455428827325,0,10.6567948708008,0.0203455428827325,0.0203455428827325,0.0203455428827325,0.0367174068081082
15.83958844307,0,0.0399832495665445,0,15.83958844307,0.0399832495665445,0.0399832495665445,0.0399832495665445,0.0130470310288665
17.7014293147066,0,0.0234372077444364,0,17.7014293147066,0.0234372077444364,0.0234372077444364,0.0234372077444364,0.0323786122878216
14.7585414478692,0,-0.0143222744287462,0,14.7585414478692,-0.0143222744287462,-0.0143222744287462,-0.0143222744287462,0.0637816832942033
8.7869971588466,0,0.0255650750927985,0,8.7869971588466,0.0255650750927985,0.0255650750927985,0.0255650750927985,0.0115189820321319
13.9836050997556,0,-0.0596374353307077,0,13.9836050997556,-0.0596374353307077,-0.0596374353307077,-0.0596374353307077,0.0260159424457815
11.3110693140974,0,0.00982781565554414,0,11.3110693140974,0.00982781565554414,0.00982781565554414,0.00982781565554414,0.0152975413868066
16.5519463473715,0,-0.0850116784148187,0,16.5519463473715,-0.0850116784148187,-0.0850116784148187,-0.0850116784148187,0.0449328569998866
12.3671082351961,0,0.0210231372322994,0,12.3671082351961,0.0210231372322994,0.0210231372322994,0.0210231372322994,0.0160828742749283
12.3654554745313,0,-0.0686880413546458,0,12.3654554745313,-0.0686880413546458,-0.0686880413546458,-0.0686880413546458,0.0513325050706189
19.2556223171704,0,0.0285945738844167,0,19.2556223171704,0.0285945738844167,0.0285945738844167,0.0285945738844167,0.0139726523520546
34.7312424253189,0,0.00360906084633839,0,34.7312424253189,0.00360906084633839,0.00360906084633839,0.00360906084633839,0.017575833019559
54.7209102152747,0,0.0196726221291343,0,54.7209102152747,0.0196726221291343,0.0196726221291343,0.0196726221291343,0.0109274670854921
9.37577209119586,0,-0.0166622088619275,0,9.37577209119586,-0.0166622088619275,-0.0166622088619275,-0.0166622088619275,0.0509886552324907
8.22166390729103,0,0.0200227074138689,0,8.22166390729103,0.0200227074138689,0.0200227074138689,0.0200227074138689,0.0889316774406693
6.56936523894705,0,-0.0184803687031215,0,6.56936523894705,-0.0184803687031215,-0.0184803687031215,-0.0184803687031215,0.0397871786329299
7.36539602284415,0,-0.0247872150245361,0,7.36539602284415,-0.0247872150245361,-0.0247872150245361,-0.0247872150245361,0.114121672795408
9.34902839864339,0,-0.0319037471830898,0,9.34902839864339,-0.0319037471830898,-0.0319037471830898,-0.0319037471830898,0.0353702402159913
9.64603221208774,0,-0.0448878782907022,0,9.64603221208774,-0.0448878782907022,-0.0448878782907022,-0.0448878782907022,0.060446521466018
10.5411867057519,0,-0.0885790708954701,0,10.5411867057519,-0.0885790708954701,-0.0885790708954701,-0.0885790708954701,0.0320565633703811
10.8363107906744,0,-0.028098390818107,0,10.8363107906744,-0.028098390818107,-0.028098390818107,-0.028098390818107,0.071926050301895
7.60971237336999,0,0.0425196941211018,0,7.60971237336999,0.0425196941211018,0.0425196941211018,0.0425196941211018,0.0675431227803087
6.7623626212796,0,0.0569688929469826,0,6.7623626212796,0.0569688929469826,0.0569688929469826,0.0569688929469826,0.0724631197752356
11.3171115233183,0,-0.0301299566297987,0,11.3171115233183,-0.0301299566297987,-0.0301299566297987,-0.0301299566297987,0.0549217163119364
12.491172371433,0,0.00616174807970621,0,12.491172371433,0.00616174807970621,0.00616174807970621,0.00616174807970621,0.0405245193389735
26.9159257982544,0,0.00103996356092225,0,26.9159257982544,0.00103996356092225,0.00103996356092225,0.00103996356092225,0.0289826613233299
23.3384346785706,0,0.0173424537425691,0,23.3384346785706,0.0173424537425691,0.0173424537425691,0.0173424537425691,0.0189266195413323
39.8146474017142,0,-0.0114906286129136,0,39.8146474017142,-0.0114906286129136,-0.0114906286129136,-0.0114906286129136,0.0491219546710594
16.8846431378076,0,0.0592246738975235,0,16.8846431378076,0.0592246738975235,0.0592246738975235,0.0592246738975235,0.0580511049145327
129.543664939788,0,0.187339131251037,0,129.543664939788,0.187339131251037,0.187339131251037,0.187339131251037,0.0392949098741799
7.87613657515693,0,0.0413542662923309,0,7.87613657515693,0.0413542662923309,0.0413542662923309,0.0413542662923309,0.0315625132232254
6.75451986071434,0,0.0140182295143905,0,6.75451986071434,0.0140182295143905,0.0140182295143905,0.0140182295143905,0.0568066082100863
13.3632341442477,0,0.0180382677184463,0,13.3632341442477,0.0180382677184463,0.0180382677184463,0.0180382677184463,0.0615806710832505
14.7971541600243,0,-0.0430456526330341,0,14.7971541600243,-0.0430456526330341,-0.0430456526330341,-0.0430456526330341,0.0449585570848986
14.3972634987083,0,-0.0237118006498921,0,14.3972634987083,-0.0237118006498921,-0.0237118006498921,-0.0237118006498921,0.0295064854269103
14.1514365378187,0,-0.0107350800784212,0,14.1514365378187,-0.0107350800784212,-0.0107350800784212,-0.0107350800784212,0.0554744268805768
27.9381463268887,0,-0.0196646199066465,0,27.9381463268887,-0.0196646199066465,-0.0196646199066465,-0.0196646199066465,0.0266030945529787
24.4728765020316,0,-0.0883766236254439,0,24.4728765020316,-0.0883766236254439,-0.0883766236254439,-0.0883766236254439,0.0473406670453721
11.303125406956,0,0.0200076122858094,0,11.303125406956,0.0200076122858094,0.0200076122858094,0.0200076122858094,0.0675102696912362
7.48402930279067,0,0.00968988201586394,0,7.48402930279067,0.00968988201586394,0.00968988201586394,0.00968988201586394,0.0686754083472401
NA,NA,NA,NA,NA,NA,NA,NA,NA
12.0144898669671,0,-0.0304643580877798,0,12.0144898669671,-0.0304643580877798,-0.0304643580877798,-0.0304643580877798,0.0246585875375876
5.59197431763262,0,-0.0578220526680145,0,5.59197431763262,-0.0578220526680145,-0.0578220526680145,-0.0578220526680145,0.0290843221745671
7.10118523761685,0,-0.0285278978712163,0,7.10118523761685,-0.0285278978712163,-0.0285278978712163,-0.0285278978712163,0.0595492352872805
8.39406695268219,0,0.0167837864563465,0,8.39406695268219,0.0167837864563465,0.0167837864563465,0.0167837864563465,0.0322473662392579
6.68163411954067,0,0.0399525800720857,0,6.68163411954067,0.0399525800720857,0.0399525800720857,0.0399525800720857,0.0632642521725607
10.9419857642508,0,-0.0876235523401562,0,10.9419857642508,-0.0876235523401562,-0.0876235523401562,-0.0876235523401562,0.0336377588977628
9.567453602661,0,-0.0130573193727359,0,9.567453602661,-0.0130573193727359,-0.0130573193727359,-0.0130573193727359,0.0264340771076804
9.56764954052794,0,-0.00578932875863998,0,9.56764954052794,-0.00578932875863998,-0.00578932875863998,-0.00578932875863998,0.0288617279537588
9.58796747981615,0,0.00725905880614161,0,9.58796747981615,0.00725905880614161,0.00725905880614161,0.00725905880614161,0.0422687684348916
12.9045618909384,0,-0.020800428050844,0,12.9045618909384,-0.020800428050844,-0.020800428050844,-0.020800428050844,0.00918914559220215
9.03381024943225,0,-0.0258591277728825,0,9.03381024943225,-0.0258591277728825,-0.0258591277728825,-0.0258591277728825,0.0210013285642308
7.292171244769,0,0.0214216184583366,0,7.292171244769,0.0214216184583366,0.0214216184583366,0.0214216184583366,0.00787016036700002
10.6567948708008,0,0.0203455428827325,0,10.6567948708008,0.0203455428827325,0.0203455428827325,0.0203455428827325,0.0367174068081082
15.83958844307,0,0.0399832495665445,0,15.83958844307,0.0399832495665445,0.0399832495665445,0.0399832495665445,0.0130470310288665
17.7014293147066,0,0.0234372077444364,0,17.7014293147066,0.0234372077444364,0.0234372077444364,0.0234372077444364,0.0323786122878216
14.7585414478692,0,-0.0143222744287462,0,14.7585414478692,-0.0143222744287462,-0.0143222744287462,-0.0143222744287462,0.0637816832942033
8.7869971588466,0,0.0255650750927985,0,8.7869971588466,0.0255650750927985,0.0255650750927985,0.0255650750927985,0.0115189820321319
13.9836050997556,0,-0.0596374353307077,0,13.9836050997556,-0.0596374353307077,-0.0596374353307077,-0.0596374353307077,0.0260159424457815
11.3110693140974,0,0.00982781565554414,0,11.3110693140974,0.00982781565554414,0.00982781565554414,0.00982781565554414,0.0152975413868066
16.5519463473715,0,-0.0850116784148187,0,16.5519463473715,-0.0850116784148187,-0.0850116784148187,-0.0850116784148187,0.0449328569998866
12.3671082351961,0,0.0210231372322994,0,12.3671082351961,0.0210231372322994,0.0210231372322994,0.0210231372322994,0.0160828742749283
12.3654554745313,0,-0.0686880413546458,0,12.3654554745313,-0.0686880413546458,-0.0686880413546458,-0.0686880413546458,0.0513325050706189
19.2556223171704,0,0.0285945738844167,0,19.2556223171704,0.0285945738844167,0.0285945738844167,0.0285945738844167,0.0139726523520546
34.7312424253189,0,0.00360906084633839,0,34.7312424253189,0.00360906084633839,0.00360906084633839,0.00360906084633839,0.017575833019559
54.7209102152747,0,0.0196726221291343,0,54.7209102152747,0.0196726221291343,0.0196726221291343,0.0196726221291343,0.0109274670854921
9.37577209119586,0,-0.0166622088619275,0,9.37577209119586,-0.0166622088619275,-0.0166622088619275,-0.0166622088619275,0.0509886552324907
8.22166390729103,0,0.0200227074138689,0,8.22166390729103,0.0200227074138689,0.0200227074138689,0.0200227074138689,0.0889316774406693
6.56936523894705,0,-0.0184803687031215,0,6.56936523894705,-0.0184803687031215,-0.0184803687031215,-0.0184803687031215,0.0397871786329299
7.36539602284415,0,-0.0247872150245361,0,7.36539602284415,-0.0247872150245361,-0.0247872150245361,-0.0247872150245361,0.114121672795408
9.34902839864339,0,-0.0319037471830898,0,9.34902839864339,-0.0319037471830898,-0.0319037471830898,-0.0319037471830898,0.0353702402159913
9.64603221208774,0,-0.0448878782907022,0,9.64603221208774,-0.0448878782907022,-0.0448878782907022,-0.0448878782907022,0.060446521466018
10.5411867057519,0,-0.0885790708954701,0,10.5411867057519,-0.0885790708954701,-0.0885790708954701,-0.0885790708954701,0.0320565633703811
10.8363107906744,0,-0.028098390818107,0,10.8363107906744,-0.028098390818107,-0.028098390818107,-0.028098390818107,0.071926050301895
7.60971237336999,0,0.0425196941211018,0,7.60971237336999,0.0425196941211018,0.0425196941211018,0.0425196941211018,0.0675431227803087
6.7623626212796,0,0.0569688929469826,0,6.7623626212796,0.0569688929469826,0.0569688929469826,0.0569688929469826,0.0724631197752356
11.3171115233183,0,-0.0301299566297987,0,11.3171115233183,-0.0301299566297987,-0.0301299566297987,-0.0301299566297987,0.0549217163119364
12.491172371433,0,0.00616174807970621,0,12.491172371433,0.00616174807970621,0.00616174807970621,0.00616174807970621,0.0405245193389735
26.9159257982544,0,0.00103996356092225,0,26.9159257982544,0.00103996356092225,0.00103996356092225,0.00103996356092225,0.0289826613233299
23.3384346785706,0,0.0173424537425691,0,23.3384346785706,0.0173424537425691,0.0173424537425691,0.0173424537425691,0.0189266195413323
39.8146474017142,0,-0.0114906286129136,0,39.8146474017142,-0.0114906286129136,-0.0114906286129136,-0.0114906286129136,0.0491219546710594
16.8846431378076,0,0.0592246738975235,0,16.8846431378076,0.0592246738975235,0.0592246738975235,0.0592246738975235,0.0580511049145327
129.543664939788,0,0.187339131251037,0,129.543664939788,0.187339131251037,0.187339131251037,0.187339131251037,0.0392949098741799
7.87613657515693,0,0.0413542662923309,0,7.87613657515693,0.0413542662923309,0.0413542662923309,0.0413542662923309,0.0315625132232254
6.75451986071434,0,0.0140182295143905,0,6.75451986071434,0.0140182295143905,0.0140182295143905,0.0140182295143905,0.0568066082100863
13.3632341442477,0,0.0180382677184463,0,13.3632341442477,0.0180382677184463,0.0180382677184463,0.0180382677184463,0.0615806710832505
14.7971541600243,0,-0.0430456526330341,0,14.7971541600243,-0.0430456526330341,-0.0430456526330341,-0.0430456526330341,0.0449585570848986
14.3972634987083,0,-0.0237118006498921,0,14.3972634987083,-0.0237118006498921,-0.0237118006498921,-0.0237118006498921,0.0295064854269103
14.1514365378187,0,-0.0107350800784212,0,14.1514365378187,-0.0107350800784212,-0.0107350800784212,-0.0107350800784212,0.0554744268805768
27.9381463268887,0,-0.0196646199066465,0,27.9381463268887,-0.0196646199066465,-0.0196646199066465,-0.0196646199066465,0.0266030945529787
24.4728765020316,0,-0.0883766236254439,0,24.4728765020316,-0.0883766236254439,-0.0883766236254439,-0.0883766236254439,0.0473406670453721
11.303125406956,0,0.0200076122858094,0,11.303125406956,0.0200076122858094,0.0200076122858094,0.0200076122858094,0.0675102696912362
7.48402930279067,0,0.00968988201586394,0,7.48402930279067,0.00968988201586394,0.00968988201586394,0.00968988201586394,0.0686754083472401
NA,NA,NA,NA,NA,NA,NA,NA,NA
12.0144898669671,0,-0.0304643580877798,0,12.0144898669671,-0.0304643580877798,-0.0304643580877798,-0.0304643580877798,0.0246585875375876
5.59197431763262,0,-0.0578220526680145,0,5.59197431763262,-0.0578220526680145,-0.0578220526680145,-0.0578220526680145,0.0290843221745671
7.10118523761685,0,-0.0285278978712163,0,7.10118523761685,-0.0285278978712163,-0.0285278978712163,-0.0285278978712163,0.0595492352872805
8.39406695268219,0,0.0167837864563465,0,8.39406695268219,0.0167837864563465,0.0167837864563465,0.0167837864563465,0.0322473662392579
6.68163411954067,0,0.0399525800720857,0,6.68163411954067,0.0399525800720857,0.0399525800720857,0.0399525800720857,0.0632642521725607
10.9419857642508,0,-0.0876235523401562,0,10.9419857642508,-0.0876235523401562,-0.0876235523401562,-0.0876235523401562,0.0336377588977628
9.567453602661,0,-0.0130573193727359,0,9.567453602661,-0.0130573193727359,-0.0130573193727359,-0.0130573193727359,0.0264340771076804
9.56764954052794,0,-0.00578932875863998,0,9.56764954052794,-0.00578932875863998,-0.00578932875863998,-0.00578932875863998,0.0288617279537588
9.58796747981615,0,0.00725905880614161,0,9.58796747981615,0.00725905880614161,0.00725905880614161,0.00725905880614161,0.0422687684348916
12.9045618909384,0,-0.020800428050844,0,12.9045618909384,-0.020800428050844,-0.020800428050844,-0.020800428050844,0.00918914559220215
9.03381024943225,0,-0.0258591277728825,0,9.03381024943225,-0.0258591277728825,-0.0258591277728825,-0.0258591277728825,0.0210013285642308
7.292171244769,0,0.0214216184583366,0,7.292171244769,0.0214216184583366,0.0214216184583366,0.0214216184583366,0.00787016036700002
10.6567948708008,0,0.0203455428827325,0,10.6567948708008,0.0203455428827325,0.0203455428827325,0.0203455428827325,0.0367174068081082
15.83958844307,0,0.0399832495665445,0,15.83958844307,0.0399832495665445,0.0399832495665445,0.0399832495665445,0.0130470310288665
17.7014293147066,0,0.0234372077444364,0,17.7014293147066,0.0234372077444364,0.0234372077444364,0.0234372077444364,0.0323786122878216
14.7585414478692,0,-0.0143222744287462,0,14.7585414478692,-0.0143222744287462,-0.0143222744287462,-0.0143222744287462,0.0637816832942033
8.7869971588466,0,0.0255650750927985,0,8.7869971588466,0.0255650750927985,0.0255650750927985,0.0255650750927985,0.0115189820321319
13.9836050997556,0,-0.0596374353307077,0,13.9836050997556,-0.0596374353307077,-0.0596374353307077,-0.0596374353307077,0.0260159424457815
11.3110693140974,0,0.00982781565554414,0,11.3110693140974,0.00982781565554414,0.00982781565554414,0.00982781565554414,0.0152975413868066
16.5519463473715,0,-0.0850116784148187,0,16.5519463473715,-0.0850116784148187,-0.0850116784148187,-0.0850116784148187,0.0449328569998866
12.3671082351961,0,0.0210231372322994,0,12.3671082351961,0.0210231372322994,0.0210231372322994,0.0210231372322994,0.0160828742749283
12.3654554745313,0,-0.0686880413546458,0,12.3654554745313,-0.0686880413546458,-0.0686880413546458,-0.0686880413546458,0.0513325050706189
19.2556223171704,0,0.0285945738844167,0,19.2556223171704,0.0285945738844167,0.0285945738844167,0.0285945738844167,0.0139726523520546
34.7312424253189,0,0.00360906084633839,0,34.7312424253189,0.00360906084633839,0.00360906084633839,0.00360906084633839,0.017575833019559
54.7209102152747,0,0.0196726221291343,0,54.7209102152747,0.0196726221291343,0.0196726221291343,0.0196726221291343,0.0109274670854921
9.37577209119586,0,-0.0166622088619275,0,9.37577209119586,-0.0166622088619275,-0.0166622088619275,-0.0166622088619275,0.0509886552324907
8.22166390729103,0,0.0200227074138689,0,8.22166390729103,0.0200227074138689,0.0200227074138689,0.0200227074138689,0.0889316774406693
6.56936523894705,0,-0.0184803687031215,0,6.56936523894705,-0.0184803687031215,-0.0184803687031215,-0.0184803687031215,0.0397871786329299
7.36539602284415,0,-0.0247872150245361,0,7.36539602284415,-0.0247872150245361,-0.0247872150245361,-0.0247872150245361,0.114121672795408
9.34902839864339,0,-0.0319037471830898,0,9.34902839864339,-0.0319037471830898,-0.0319037471830898,-0.0319037471830898,0.0353702402159913
9.64603221208774,0,-0.0448878782907022,0,9.64603221208774,-0.0448878782907022,-0.0448878782907022,-0.0448878782907022,0.060446521466018
10.5411867057519,0,-0.0885790708954701,0,10.5411867057519,-0.0885790708954701,-0.0885790708954701,-0.0885790708954701,0.0320565633703811
10.8363107906744,0,-0.028098390818107,0,10.8363107906744,-0.028098390818107,-0.028098390818107,-0.028098390818107,0.071926050301895
7.60971237336999,0,0.0425196941211018,0,7.60971237336999,0.0425196941211018,0.0425196941211018,0.0425196941211018,0.0675431227803087
6.7623626212796,0,0.0569688929469826,0,6.7623626212796,0.0569688929469826,0.0569688929469826,0.0569688929469826,0.0724631197752356
11.3171115233183,0,-0.0301299566297987,0,11.3171115233183,-0.0301299566297987,-0.0301299566297987,-0.0301299566297987,0.0549217163119364
12.491172371433,0,0.00616174807970621,0,12.491172371433,0.00616174807970621,0.00616174807970621,0.00616174807970621,0.0405245193389735
26.9159257982544,0,0.00103996356092225,0,26.9159257982544,0.00103996356092225,0.00103996356092225,0.00103996356092225,0.0289826613233299
23.3384346785706,0,0.0173424537425691,0,23.3384346785706,0.0173424537425691,0.0173424537425691,0.0173424537425691,0.0189266195413323
28.9457890893132,0,-0.0913120366455766,0,28.9457890893132,-0.0913120366455766,-0.0913120366455766,-0.0913120366455766,0.031473801407384
16.8846431378076,0,0.0592246738975235,0,16.8846431378076,0.0592246738975235,0.0592246738975235,0.0592246738975235,0.0580511049145327
129.543664939788,0,0.187339131251037,0,129.543664939788,0.187339131251037,0.187339131251037,0.187339131251037,0.0392949098741799
7.87613657515693,0,0.0413542662923309,0,7.87613657515693,0.0413542662923309,0.0413542662923309,0.0413542662923309,0.0315625132232254
6.75451986071434,0,0.0140182295143905,0,6.75451986071434,0.0140182295143905,0.0140182295143905,0.0140182295143905,0.0568066082100863
13.3632341442477,0,0.0180382677184463,0,13.3632341442477,0.0180382677184463,0.0180382677184463,0.0180382677184463,0.0615806710832505
14.7971541600243,0,-0.0430456526330341,0,14.7971541600243,-0.0430456526330341,-0.0430456526330341,-0.0430456526330341,0.0449585570848986
14.3972634987083,0,-0.0237118006498921,0,14.3972634987083,-0.0237118006498921,-0.0237118006498921,-0.0237118006498921,0.0295064854269103
14.1514365378187,0,-0.0107350800784212,0,14.1514365378187,-0.0107350800784212,-0.0107350800784212,-0.0107350800784212,0.0554744268805768
27.9381463268887,0,-0.0196646199066465,0,27.9381463268887,-0.0196646199066465,-0.0196646199066465,-0.0196646199066465,0.0266030945529787
24.4728765020316,0,-0.0883766236254439,0,24.4728765020316,-0.0883766236254439,-0.0883766236254439,-0.0883766236254439,0.0473406670453721
11.303125406956,0,0.0200076122858094,0,11.303125406956,0.0200076122858094,0.0200076122858094,0.0200076122858094,0.0675102696912362
7.48402930279067,0,0.00968988201586394,0,7.48402930279067,0.00968988201586394,0.00968988201586394,0.00968988201586394,0.0686754083472401
NA,NA,NA,NA,NA,NA,NA,NA,NA
12.0144898669671,0,-0.0304643580877798,0,12.0144898669671,-0.0304643580877798,-0.0304643580877798,-0.0304643580877798,0.0246585875375876
5.59197431763262,0,-0.0578220526680145,0,5.59197431763262,-0.0578220526680145,-0.0578220526680145,-0.0578220526680145,0.0290843221745671
7.10118523761685,0,-0.0285278978712163,0,7.10118523761685,-0.0285278978712163,-0.0285278978712163,-0.0285278978712163,0.0595492352872805
8.39406695268219,0,0.0167837864563465,0,8.39406695268219,0.0167837864563465,0.0167837864563465,0.0167837864563465,0.0322473662392579
6.68163411954067,0,0.0399525800720857,0,6.68163411954067,0.0399525800720857,0.0399525800720857,0.0399525800720857,0.0632642521725607
10.9419857642508,0,-0.0876235523401562,0,10.9419857642508,-0.0876235523401562,-0.0876235523401562,-0.0876235523401562,0.0336377588977628
9.567453602661,0,-0.0130573193727359,0,9.567453602661,-0.0130573193727359,-0.0130573193727359,-0.0130573193727359,0.0264340771076804
9.56764954052794,0,-0.00578932875863998,0,9.56764954052794,-0.00578932875863998,-0.00578932875863998,-0.00578932875863998,0.0288617279537588
9.58796747981615,0,0.00725905880614161,0,9.58796747981615,0.00725905880614161,0.00725905880614161,0.00725905880614161,0.0422687684348916
12.9045618909384,0,-0.020800428050844,0,12.9045618909384,-0.020800428050844,-0.020800428050844,-0.020800428050844,0.00918914559220215
9.03381024943225,0,-0.0258591277728825,0,9.03381024943225,-0.0258591277728825,-0.0258591277728825,-0.0258591277728825,0.0210013285642308
7.292171244769,0,0.0214216184583366,0,7.292171244769,0.0214216184583366,0.0214216184583366,0.0214216184583366,0.00787016036700002
10.6567948708008,0,0.0203455428827325,0,10.6567948708008,0.0203455428827325,0.0203455428827325,0.0203455428827325,0.0367174068081082
15.83958844307,0,0.0399832495665445,0,15.83958844307,0.0399832495665445,0.0399832495665445,0.0399832495665445,0.0130470310288665
17.7014293147066,0,0.0234372077444364,0,17.7014293147066,0.0234372077444364,0.0234372077444364,0.0234372077444364,0.0323786122878216
14.7585414478692,0,-0.0143222744287462,0,14.7585414478692,-0.0143222744287462,-0.0143222744287462,-0.0143222744287462,0.0637816832942033
8.7869971588466,0,0.0255650750927985,0,8.7869971588466,0.0255650750927985,0.0255650750927985,0.0255650750927985,0.0115189820321319
13.9836050997556,0,-0.0596374353307077,0,13.9836050997556,-0.0596374353307077,-0.0596374353307077,-0.0596374353307077,0.0260159424457815
11.3110693140974,0,0.00982781565554414,0,11.3110693140974,0.00982781565554414,0.00982781565554414,0.00982781565554414,0.0152975413868066
16.5519463473715,0,-0.0850116784148187,0,16.5519463473715,-0.0850116784148187,-0.0850116784148187,-0.0850116784148187,0.0449328569998866
12.3671082351961,0,0.0210231372322994,0,12.3671082351961,0.0210231372322994,0.0210231372322994,0.0210231372322994,0.0160828742749283
12.3654554745313,0,-0.0686880413546458,0,12.3654554745313,-0.0686880413546458,-0.0686880413546458,-0.0686880413546458,0.0513325050706189
19.2556223171704,0,0.0285945738844167,0,19.2556223171704,0.0285945738844167,0.0285945738844167,0.0285945738844167,0.0139726523520546
34.7312424253189,0,0.00360906084633839,0,34.7312424253189,0.00360906084633839,0.00360906084633839,0.00360906084633839,0.017575833019559
54.7209102152747,0,0.0196726221291343,0,54.7209102152747,0.0196726221291343,0.0196726221291343,0.0196726221291343,0.0109274670854921
9.37577209119586,0,-0.0166622088619275,0,9.37577209119586,-0.0166622088619275,-0.0166622088619275,-0.0166622088619275,0.0509886552324907
8.22166390729103,0,0.0200227074138689,0,8.22166390729103,0.0200227074138689,0.0200227074138689,0.0200227074138689,0.0889316774406693
6.56936523894705,0,-0.0184803687031215,0,6.56936523894705,-0.0184803687031215,-0.0184803687031215,-0.0184803687031215,0.0397871786329299
7.36539602284415,0,-0.0247872150245361,0,7.36539602284415,-0.0247872150245361,-0.0247872150245361,-0.0247872150245361,0.114121672795408
9.34902839864339,0,-0.0319037471830898,0,9.34902839864339,-0.0319037471830898,-0.0319037471830898,-0.0319037471830898,0.0353702402159913
9.64603221208774,0,-0.0448878782907022,0,9.64603221208774,-0.0448878782907022,-0.0448878782907022,-0.0448878782907022,0.060446521466018
10.5411867057519,0,-0.0885790708954701,0,10.5411867057519,-0.0885790708954701,-0.0885790708954701,-0.0885790708954701,0.0320565633703811
10.8363107906744,0,-0.028098390818107,0,10.8363107906744,-0.028098390818107,-0.028098390818107,-0.028098390818107,0.071926050301895
7.60971237336999,0,0.0425196941211018,0,7.60971237336999,0.0425196941211018,0.0425196941211018,0.0425196941211018,0.0675431227803087
6.7623626212796,0,0.0569688929469826,0,6.7623626212796,0.0569688929469826,0.0569688929469826,0.0569688929469826,0.0724631197752356
11.3171115233183,0,-0.0301299566297987,0,11.3171115233183,-0.0301299566297987,-0.0301299566297987,-0.0301299566297987,0.0549217163119364
12.491172371433,0,0.00616174807970621,0,12.491172371433,0.00616174807970621,0.00616174807970621,0.00616174807970621,0.0405245193389735
26.9159257982544,0,0.00103996356092225,0,26.9159257982544,0.00103996356092225,0.00103996356092225,0.00103996356092225,0.0289826613233299
23.3384346785706,0,0.0173424537425691,0,23.3384346785706,0.0173424537425691,0.0173424537425691,0.0173424537425691,0.0189266195413323
28.9457890893132,0,-0.0913120366455766,0,28.9457890893132,-0.0913120366455766,-0.0913120366455766,-0.0913120366455766,0.031473801407384
16.8846431378076,0,0.0592246738975235,0,16.8846431378076,0.0592246738975235,0.0592246738975235,0.0592246738975235,0.0580511049145327
129.543664939788,0,0.187339131251037,0,129.543664939788,0.187339131251037,0.187339131251037,0.187339131251037,0.0392949098741799
7.87613657515693,0,0.0413542662923309,0,7.87613657515693,0.0413542662923309,0.0413542662923309,0.0413542662923309,0.0315625132232254
6.75451986071434,0,0.0140182295143905,0,6.75451986071434,0.0140182295143905,0.0140182295143905,0.0140182295143905,0.0568066082100863
13.3632341442477,0,0.0180382677184463,0,13.3632341442477,0.0180382677184463,0.0180382677184463,0.0180382677184463,0.0615806710832505
14.7971541600243,0,-0.0430456526330341,0,14.7971541600243,-0.0430456526330341,-0.0430456526330341,-0.0430456526330341,0.0449585570848986
14.3972634987083,0,-0.0237118006498921,0,14.3972634987083,-0.0237118006498921,-0.0237118006498921,-0.0237118006498921,0.0295064854269103
14.1514365378187,0,-0.0107350800784212,0,14.1514365378187,-0.0107350800784212,-0.0107350800784212,-0.0107350800784212,0.0554744268805768
27.9381463268887,0,-0.0196646199066465,0,27.9381463268887,-0.0196646199066465,-0.0196646199066465,-0.0196646199066465,0.0266030945529787
24.4728765020316,0,-0.0883766236254439,0,24.4728765020316,-0.0883766236254439,-0.0883766236254439,-0.0883766236254439,0.0473406670453721
11.303125406956,0,0.0200076122858094,0,11.303125406956,0.0200076122858094,0.0200076122858094,0.0200076122858094,0.0675102696912362
7.48402930279067,0,0.00968988201586394,0,7.48402930279067,0.00968988201586394,0.00968988201586394,0.00968988201586394,0.0686754083472401
NA,NA,NA,NA,NA,NA,NA,NA,NA
12.0144898669671,0,-0.0304643580877798,0,12.0144898669671,-0.0304643580877798,-0.0304643580877798,-0.0304643580877798,0.0246585875375876
5.59197431763262,0,-0.0578220526680145,0,5.59197431763262,-0.0578220526680145,-0.0578220526680145,-0.0578220526680145,0.0290843221745671
7.10118523761685,0,-0.0285278978712163,0,7.10118523761685,-0.0285278978712163,-0.0285278978712163,-0.0285278978712163,0.0595492352872805
8.39406695268219,0,0.0167837864563465,0,8.39406695268219,0.0167837864563465,0.0167837864563465,0.0167837864563465,0.0322473662392579
6.68163411954067,0,0.0399525800720857,0,6.68163411954067,0.0399525800720857,0.0399525800720857,0.0399525800720857,0.0632642521725607
10.9419857642508,0,-0.0876235523401562,0,10.9419857642508,-0.0876235523401562,-0.0876235523401562,-0.0876235523401562,0.0336377588977628
9.567453602661,0,-0.0130573193727359,0,9.567453602661,-0.0130573193727359,-0.0130573193727359,-0.0130573193727359,0.0264340771076804
9.56764954052794,0,-0.00578932875863998,0,9.56764954052794,-0.00578932875863998,-0.00578932875863998,-0.00578932875863998,0.0288617279537588
9.58796747981615,0,0.00725905880614161,0,9.58796747981615,0.00725905880614161,0.00725905880614161,0.00725905880614161,0.0422687684348916
12.9045618909384,0,-0.020800428050844,0,12.9045618909384,-0.020800428050844,-0.020800428050844,-0.020800428050844,0.00918914559220215
9.03381024943225,0,-0.0258591277728825,0,9.03381024943225,-0.0258591277728825,-0.0258591277728825,-0.0258591277728825,0.0210013285642308
7.292171244769,0,0.0214216184583366,0,7.292171244769,0.0214216184583366,0.0214216184583366,0.0214216184583366,0.00787016036700002
10.6567948708008,0,0.0203455428827325,0,10.6567948708008,0.0203455428827325,0.0203455428827325,0.0203455428827325,0.0367174068081082
15.83958844307,0,0.0399832495665445,0,15.83958844307,0.0399832495665445,0.0399832495665445,0.0399832495665445,0.0130470310288665
17.7014293147066,0,0.0234372077444364,0,17.7014293147066,0.0234372077444364,0.0234372077444364,0.0234372077444364,0.0323786122878216
14.7585414478692,0,-0.0143222744287462,0,14.7585414478692,-0.0143222744287462,-0.0143222744287462,-0.0143222744287462,0.0637816832942033
8.7869971588466,0,0.0255650750927985,0,8.7869971588466,0.0255650750927985,0.0255650750927985,0.0255650750927985,0.0115189820321319
13.9836050997556,0,-0.0596374353307077,0,13.9836050997556,-0.0596374353307077,-0.0596374353307077,-0.0596374353307077,0.0260159424457815
11.3110693140974,0,0.00982781565554414,0,11.3110693140974,0.00982781565554414,0.00982781565554414,0.00982781565554414,0.0152975413868066
16.5519463473715,0,-0.0850116784148187,0,16.5519463473715,-0.0850116784148187,-0.0850116784148187,-0.0850116784148187,0.0449328569998866
12.3671082351961,0,0.0210231372322994,0,12.3671082351961,0.0210231372322994,0.0210231372322994,0.0210231372322994,0.0160828742749283
12.3654554745313,0,-0.0686880413546458,0,12.3654554745313,-0.0686880413546458,-0.0686880413546458,-0.0686880413546458,0.0513325050706189
19.2556223171704,0,0.0285945738844167,0,19.2556223171704,0.0285945738844167,0.0285945738844167,0.0285945738844167,0.0139726523520546
34.7312424253189,0,0.00360906084633839,0,34.7312424253189,0.00360906084633839,0.00360906084633839,0.00360906084633839,0.017575833019559
54.7209102152747,0,0.0196726221291343,0,54.7209102152747,0.0196726221291343,0.0196726221291343,0.0196726221291343,0.0109274670854921
9.37577209119586,0,-0.0166622088619275,0,9.37577209119586,-0.0166622088619275,-0.0166622088619275,-0.0166622088619275,0.0509886552324907
8.22166390729103,0,0.0200227074138689,0,8.22166390729103,0.0200227074138689,0.0200227074138689,0.0200227074138689,0.0889316774406693
6.56936523894705,0,-0.0184803687031215,0,6.56936523894705,-0.0184803687031215,-0.0184803687031215,-0.0184803687031215,0.0397871786329299
7.36539602284415,0,-0.0247872150245361,0,7.36539602284415,-0.0247872150245361,-0.0247872150245361,-0.0247872150245361,0.114121672795408
9.34902839864339,0,-0.0319037471830898,0,9.34902839864339,-0.0319037471830898,-0.0319037471830898,-0.0319037471830898,0.0353702402159913
9.64603221208774,0,-0.0448878782907022,0,9.64603221208774,-0.0448878782907022,-0.0448878782907022,-0.0448878782907022,0.060446521466018
10.5411867057519,0,-0.0885790708954701,0,10.5411867057519,-0.0885790708954701,-0.0885790708954701,-0.0885790708954701,0.0320565633703811
10.8363107906744,0,-0.028098390818107,0,10.8363107906744,-0.028098390818107,-0.028098390818107,-0.028098390818107,0.071926050301895
7.60971237336999,0,0.0425196941211018,0,7.60971237336999,0.0425196941211018,0.0425196941211018,0.0425196941211018,0.0675431227803087
6.7623626212796,0,0.0569688929469826,0,6.7623626212796,0.0569688929469826,0.0569688929469826,0.0569688929469826,0.0724631197752356
11.3171115233183,0,-0.0301299566297987,0,11.3171115233183,-0.0301299566297987,-0.0301299566297987,-0.0301299566297987,0.0549217163119364
12.491172371433,0,0.00616174807970621,0,12.491172371433,0.00616174807970621,0.00616174807970621,0.00616174807970621,0.0405245193389735
26.9159257982544,0,0.00103996356092225,0,26.9159257982544,0.00103996356092225,0.00103996356092225,0.00103996356092225,0.0289826613233299
23.3384346785706,0,0.0173424537425691,0,23.3384346785706,0.0173424537425691,0.0173424537425691,0.0173424537425691,0.0189266195413323
28.9457890893132,0,-0.0913120366455766,0,28.9457890893132,-0.0913120366455766,-0.0913120366455766,-0.0913120366455766,0.031473801407384
16.8846431378076,0,0.0592246738975235,0,16.8846431378076,0.0592246738975235,0.0592246738975235,0.0592246738975235,0.0580511049145327
129.543664939788,0,0.187339131251037,0,129.543664939788,0.187339131251037,0.187339131251037,0.187339131251037,0.0392949098741799
7.87613657515693,0,0.0413542662923309,0,7.87613657515693,0.0413542662923309,0.0413542662923309,0.0413542662923309,0.0315625132232254
6.75451986071434,0,0.0140182295143905,0,6.75451986071434,0.0140182295143905,0.0140182295143905,0.0140182295143905,0.0568066082100863
13.3632341442477,0,0.0180382677184463,0,13.3632341442477,0.0180382677184463,0.0180382677184463,0.0180382677184463,0.0615806710832505
14.7971541600243,0,-0.0430456526330341,0,14.7971541600243,-0.0430456526330341,-0.0430456526330341,-0.0430456526330341,0.0449585570848986
14.3972634987083,0,-0.0237118006498921,0,14.3972634987083,-0.0237118006498921,-0.0237118006498921,-0.0237118006498921,0.0295064854269103
14.1514365378187,0,-0.0107350800784212,0,14.1514365378187,-0.0107350800784212,-0.0107350800784212,-0.0107350800784212,0.0554744268805768
27.9381463268887,0,-0.0196646199066465,0,27.9381463268887,-0.0196646199066465,-0.0196646199066465,-0.0196646199066465,0.0266030945529787
24.4728765020316,0,-0.0883766236254439,0,24.4728765020316,-0.0883766236254439,-0.0883766236254439,-0.0883766236254439,0.0473406670453721
11.303125406956,0,0.0200076122858094,0,11.303125406956,0.0200076122858094,0.0200076122858094,0.0200076122858094,0.0675102696912362
7.48402930279067,0,0.00968988201586394,0,7.48402930279067,0.00968988201586394,0.00968988201586394,0.00968988201586394,0.0686754083472401
NA,NA,NA,NA,NA,NA,NA,NA,NA
12.0144898669671,0,-0.0304643580877798,0,12.0144898669671,-0.0304643580877798,-0.0304643580877798,-0.0304643580877798,0.0246585875375876
5.59197431763262,0,-0.0578220526680145,0,5.59197431763262,-0.0578220526680145,-0.0578220526680145,-0.0578220526680145,0.0290843221745671
7.10118523761685,0,-0.0285278978712163,0,7.10118523761685,-0.0285278978712163,-0.0285278978712163,-0.0285278978712163,0.0595492352872805
8.39406695268219,0,0.0167837864563465,0,8.39406695268219,0.0167837864563465,0.0167837864563465,0.0167837864563465,0.0322473662392579
6.68163411954067,0,0.0399525800720857,0,6.68163411954067,0.0399525800720857,0.0399525800720857,0.0399525800720857,0.0632642521725607
10.9419857642508,0,-0.0876235523401562,0,10.9419857642508,-0.0876235523401562,-0.0876235523401562,-0.0876235523401562,0.0336377588977628
9.567453602661,0,-0.0130573193727359,0,9.567453602661,-0.0130573193727359,-0.0130573193727359,-0.0130573193727359,0.0264340771076804
9.56764954052794,0,-0.00578932875863998,0,9.56764954052794,-0.00578932875863998,-0.00578932875863998,-0.00578932875863998,0.0288617279537588
9.58796747981615,0,0.00725905880614161,0,9.58796747981615,0.00725905880614161,0.00725905880614161,0.00725905880614161,0.0422687684348916
12.9045618909384,0,-0.020800428050844,0,12.9045618909384,-0.020800428050844,-0.020800428050844,-0.020800428050844,0.00918914559220215
9.03381024943225,0,-0.0258591277728825,0,9.03381024943225,-0.0258591277728825,-0.0258591277728825,-0.0258591277728825,0.0210013285642308
7.292171244769,0,0.0214216184583366,0,7.292171244769,0.0214216184583366,0.0214216184583366,0.0214216184583366,0.00787016036700002
10.6567948708008,0,0.0203455428827325,0,10.6567948708008,0.0203455428827325,0.0203455428827325,0.0203455428827325,0.0367174068081082
15.83958844307,0,0.0399832495665445,0,15.83958844307,0.0399832495665445,0.0399832495665445,0.0399832495665445,0.0130470310288665
17.7014293147066,0,0.0234372077444364,0,17.7014293147066,0.0234372077444364,0.0234372077444364,0.0234372077444364,0.0323786122878216
14.7585414478692,0,-0.0143222744287462,0,14.7585414478692,-0.0143222744287462,-0.0143222744287462,-0.0143222744287462,0.0637816832942033
8.7869971588466,0,0.0255650750927985,0,8.7869971588466,0.0255650750927985,0.0255650750927985,0.0255650750927985,0.0115189820321319
13.9836050997556,0,-0.0596374353307077,0,13.9836050997556,-0.0596374353307077,-0.0596374353307077,-0.0596374353307077,0.0260159424457815
11.3110693140974,0,0.00982781565554414,0,11.3110693140974,0.00982781565554414,0.00982781565554414,0.00982781565554414,0.0152975413868066
16.5519463473715,0,-0.0850116784148187,0,16.5519463473715,-0.0850116784148187,-0.0850116784148187,-0.0850116784148187,0.0449328569998866
12.3671082351961,0,0.0210231372322994,0,12.3671082351961,0.0210231372322994,0.0210231372322994,0.0210231372322994,0.0160828742749283
12.3654554745313,0,-0.0686880413546458,0,12.3654554745313,-0.0686880413546458,-0.0686880413546458,-0.0686880413546458,0.0513325050706189
19.2556223171704,0,0.0285945738844167,0,19.2556223171704,0.0285945738844167,0.0285945738844167,0.0285945738844167,0.0139726523520546
34.7312424253189,0,0.00360906084633839,0,34.7312424253189,0.00360906084633839,0.00360906084633839,0.00360906084633839,0.017575833019559
54.7209102152747,0,0.0196726221291343,0,54.7209102152747,0.0196726221291343,0.0196726221291343,0.0196726221291343,0.0109274670854921
9.37577209119586,0,-0.0166622088619275,0,9.37577209119586,-0.0166622088619275,-0.0166622088619275,-0.0166622088619275,0.0509886552324907
8.22166390729103,0,0.0200227074138689,0,8.22166390729103,0.0200227074138689,0.0200227074138689,0.0200227074138689,0.0889316774406693
6.56936523894705,0,-0.0184803687031215,0,6.56936523894705,-0.0184803687031215,-0.0184803687031215,-0.0184803687031215,0.0397871786329299
7.36539602284415,0,-0.0247872150245361,0,7.36539602284415,-0.0247872150245361,-0.0247872150245361,-0.0247872150245361,0.114121672795408
9.34902839864339,0,-0.0319037471830898,0,9.34902839864339,-0.0319037471830898,-0.0319037471830898,-0.0319037471830898,0.0353702402159913
9.64603221208774,0,-0.0448878782907022,0,9.64603221208774,-0.0448878782907022,-0.0448878782907022,-0.0448878782907022,0.060446521466018
10.5411867057519,0,-0.0885790708954701,0,10.5411867057519,-0.0885790708954701,-0.0885790708954701,-0.0885790708954701,0.0320565633703811
10.8363107906744,0,-0.028098390818107,0,10.8363107906744,-0.028098390818107,-0.028098390818107,-0.028098390818107,0.071926050301895
7.60971237336999,0,0.0425196941211018,0,7.60971237336999,0.0425196941211018,0.0425196941211018,0.0425196941211018,0.0675431227803087
6.7623626212796,0,0.0569688929469826,0,6.7623626212796,0.0569688929469826,0.0569688929469826,0.0569688929469826,0.0724631197752356
11.3171115233183,0,-0.0301299566297987,0,11.3171115233183,-0.0301299566297987,-0.0301299566297987,-0.0301299566297987,0.0549217163119364
12.491172371433,0,0.00616174807970621,0,12.491172371433,0.00616174807970621,0.00616174807970621,0.00616174807970621,0.0405245193389735
26.9159257982544,0,0.00103996356092225,0,26.9159257982544,0.00103996356092225,0.00103996356092225,0.00103996356092225,0.0289826613233299
23.3384346785706,0,0.0173424537425691,0,23.3384346785706,0.0173424537425691,0.0173424537425691,0.0173424537425691,0.0189266195413323
28.9457890893132,0,-0.0913120366455766,0,28.9457890893132,-0.0913120366455766,-0.0913120366455766,-0.0913120366455766,0.031473801407384
16.8846431378076,0,0.0592246738975235,0,16.8846431378076,0.0592246738975235,0.0592246738975235,0.0592246738975235,0.0580511049145327
129.543664939788,0,0.187339131251037,0,129.543664939788,0.187339131251037,0.187339131251037,0.187339131251037,0.0392949098741799
7.87613657515693,0,0.0413542662923309,0,7.87613657515693,0.0413542662923309,0.0413542662923309,0.0413542662923309,0.0315625132232254
6.75451986071434,0,0.0140182295143905,0,6.75451986071434,0.0140182295143905,0.0140182295143905,0.0140182295143905,0.0568066082100863
13.3632341442477,0,0.0180382677184463,0,13.3632341442477,0.0180382677184463,0.0180382677184463,0.0180382677184463,0.0615806710832505
14.7971541600243,0,-0.0430456526330341,0,14.7971541600243,-0.0430456526330341,-0.0430456526330341,-0.0430456526330341,0.0449585570848986
14.3972634987083,0,-0.0237118006498921,0,14.3972634987083,-0.0237118006498921,-0.0237118006498921,-0.0237118006498921,0.0295064854269103
14.1514365378187,0,-0.0107350800784212,0,14.1514365378187,-0.0107350800784212,-0.0107350800784212,-0.0107350800784212,0.0554744268805768
27.9381463268887,0,-0.0196646199066465,0,27.9381463268887,-0.0196646199066465,-0.0196646199066465,-0.0196646199066465,0.0266030945529787
24.4728765020316,0,-0.0883766236254439,0,24.4728765020316,-0.0883766236254439,-0.0883766236254439,-0.0883766236254439,0.0473406670453721
11.303125406956,0,0.0200076122858094,0,11.303125406956,0.0200076122858094,0.0200076122858094,0.0200076122858094,0.0675102696912362
7.48402930279067,0,0.00968988201586394,0,7.48402930279067,0.00968988201586394,0.00968988201586394,0.00968988201586394,0.0686754083472401
NA,NA,NA,NA,NA,NA,NA,NA,NA
12.0144898669671,0,-0.0304643580877798,0,12.0144898669671,-0.0304643580877798,-0.0304643580877798,-0.0304643580877798,0.0246585875375876
5.59197431763262,0,-0.0578220526680145,0,5.59197431763262,-0.0578220526680145,-0.0578220526680145,-0.0578220526680145,0.0290843221745671
7.10118523761685,0,-0.0285278978712163,0,7.10118523761685,-0.0285278978712163,-0.0285278978712163,-0.0285278978712163,0.0595492352872805
8.39406695268219,0,0.0167837864563465,0,8.39406695268219,0.0167837864563465,0.0167837864563465,0.0167837864563465,0.0322473662392579
6.68163411954067,0,0.0399525800720857,0,6.68163411954067,0.0399525800720857,0.0399525800720857,0.0399525800720857,0.0632642521725607
10.9419857642508,0,-0.0876235523401562,0,10.9419857642508,-0.0876235523401562,-0.0876235523401562,-0.0876235523401562,0.0336377588977628
9.567453602661,0,-0.0130573193727359,0,9.567453602661,-0.0130573193727359,-0.0130573193727359,-0.0130573193727359,0.0264340771076804
9.56764954052794,0,-0.00578932875863998,0,9.56764954052794,-0.00578932875863998,-0.00578932875863998,-0.00578932875863998,0.0288617279537588
9.58796747981615,0,0.00725905880614161,0,9.58796747981615,0.00725905880614161,0.00725905880614161,0.00725905880614161,0.0422687684348916
12.9045618909384,0,-0.020800428050844,0,12.9045618909384,-0.020800428050844,-0.020800428050844,-0.020800428050844,0.00918914559220215
9.03381024943225,0,-0.0258591277728825,0,9.03381024943225,-0.0258591277728825,-0.0258591277728825,-0.0258591277728825,0.0210013285642308
7.292171244769,0,0.0214216184583366,0,7.292171244769,0.0214216184583366,0.0214216184583366,0.0214216184583366,0.00787016036700002
10.6567948708008,0,0.0203455428827325,0,10.6567948708008,0.0203455428827325,0.0203455428827325,0.0203455428827325,0.0367174068081082
15.83958844307,0,0.0399832495665445,0,15.83958844307,0.0399832495665445,0.0399832495665445,0.0399832495665445,0.0130470310288665
17.7014293147066,0,0.0234372077444364,0,17.7014293147066,0.0234372077444364,0.0234372077444364,0.0234372077444364,0.0323786122878216
14.7585414478692,0,-0.0143222744287462,0,14.7585414478692,-0.0143222744287462,-0.0143222744287462,-0.0143222744287462,0.0637816832942033
8.7869971588466,0,0.0255650750927985,0,8.7869971588466,0.0255650750927985,0.0255650750927985,0.0255650750927985,0.0115189820321319
13.9836050997556,0,-0.0596374353307077,0,13.9836050997556,-0.0596374353307077,-0.0596374353307077,-0.0596374353307077,0.0260159424457815
11.3110693140974,0,0.00982781565554414,0,11.3110693140974,0.00982781565554414,0.00982781565554414,0.00982781565554414,0.0152975413868066
16.5519463473715,0,-0.0850116784148187,0,16.5519463473715,-0.0850116784148187,-0.0850116784148187,-0.0850116784148187,0.0449328569998866
12.3671082351961,0,0.0210231372322994,0,12.3671082351961,0.0210231372322994,0.0210231372322994,0.0210231372322994,0.0160828742749283
12.3654554745313,0,-0.0686880413546458,0,12.3654554745313,-0.0686880413546458,-0.0686880413546458,-0.0686880413546458,0.0513325050706189
19.2556223171704,0,0.0285945738844167,0,19.2556223171704,0.0285945738844167,0.0285945738844167,0.0285945738844167,0.0139726523520546
34.7312424253189,0,0.00360906084633839,0,34.7312424253189,0.00360906084633839,0.00360906084633839,0.00360906084633839,0.017575833019559
54.7209102152747,0,0.0196726221291343,0,54.7209102152747,0.0196726221291343,0.0196726221291343,0.0196726221291343,0.0109274670854921
9.37577209119586,0,-0.0166622088619275,0,9.37577209119586,-0.0166622088619275,-0.0166622088619275,-0.0166622088619275,0.0509886552324907
8.22166390729103,0,0.0200227074138689,0,8.22166390729103,0.0200227074138689,0.0200227074138689,0.0200227074138689,0.0889316774406693
6.56936523894705,0,-0.0184803687031215,0,6.56936523894705,-0.0184803687031215,-0.0184803687031215,-0.0184803687031215,0.0397871786329299
7.36539602284415,0,-0.0247872150245361,0,7.36539602284415,-0.0247872150245361,-0.0247872150245361,-0.0247872150245361,0.114121672795408
9.34902839864339,0,-0.0319037471830898,0,9.34902839864339,-0.0319037471830898,-0.0319037471830898,-0.0319037471830898,0.0353702402159913
9.64603221208774,0,-0.0448878782907022,0,9.64603221208774,-0.0448878782907022,-0.0448878782907022,-0.0448878782907022,0.060446521466018
10.5411867057519,0,-0.0885790708954701,0,10.5411867057519,-0.0885790708954701,-0.0885790708954701,-0.0885790708954701,0.0320565633703811
10.8363107906744,0,-0.028098390818107,0,10.8363107906744,-0.028098390818107,-0.028098390818107,-0.028098390818107,0.071926050301895
7.60971237336999,0,0.0425196941211018,0,7.60971237336999,0.0425196941211018,0.0425196941211018,0.0425196941211018,0.0675431227803087
6.7623626212796,0,0.0569688929469826,0,6.7623626212796,0.0569688929469826,0.0569688929469826,0.0569688929469826,0.0724631197752356
11.3171115233183,0,-0.0301299566297987,0,11.3171115233183,-0.0301299566297987,-0.0301299566297987,-0.0301299566297987,0.0549217163119364
12.491172371433,0,0.00616174807970621,0,12.491172371433,0.00616174807970621,0.00616174807970621,0.00616174807970621,0.0405245193389735
26.9159257982544,0,0.00103996356092225,0,26.9159257982544,0.00103996356092225,0.00103996356092225,0.00103996356092225,0.0289826613233299
23.3384346785706,0,0.0173424537425691,0,23.3384346785706,0.0173424537425691,0.0173424537425691,0.0173424537425691,0.0189266195413323
28.9457890893132,0,-0.0913120366455766,0,28.9457890893132,-0.0913120366455766,-0.0913120366455766,-0.0913120366455766,0.031473801407384
16.8846431378076,0,0.0592246738975235,0,16.8846431378076,0.0592246738975235,0.0592246738975235,0.0592246738975235,0.0580511049145327
129.543664939788,0,0.187339131251037,0,129.543664939788,0.187339131251037,0.187339131251037,0.187339131251037,0.0392949098741799
7.87613657515693,0,0.0413542662923309,0,7.87613657515693,0.0413542662923309,0.0413542662923309,0.0413542662923309,0.0315625132232254
6.75451986071434,0,0.0140182295143905,0,6.75451986071434,0.0140182295143905,0.0140182295143905,0.0140182295143905,0.0568066082100863
13.3632341442477,0,0.0180382677184463,0,13.3632341442477,0.0180382677184463,0.0180382677184463,0.0180382677184463,0.0615806710832505
14.7971541600243,0,-0.0430456526330341,0,14.7971541600243,-0.0430456526330341,-0.0430456526330341,-0.0430456526330341,0.0449585570848986
14.3972634987083,0,-0.0237118006498921,0,14.3972634987083,-0.0237118006498921,-0.0237118006498921,-0.0237118006498921,0.0295064854269103
14.1514365378187,0,-0.0107350800784212,0,14.1514365378187,-0.0107350800784212,-0.0107350800784212,-0.0107350800784212,0.0554744268805768
27.9381463268887,0,-0.0196646199066465,0,27.9381463268887,-0.0196646199066465,-0.0196646199066465,-0.0196646199066465,0.0266030945529787
24.4728765020316,0,-0.0883766236254439,0,24.4728765020316,-0.0883766236254439,-0.0883766236254439,-0.0883766236254439,0.0473406670453721
11.303125406956,0,0.0200076122858094,0,11.303125406956,0.0200076122858094,0.0200076122858094,0.0200076122858094,0.0675102696912362
7.48402930279067,0,0.00968988201586394,0,7.48402930279067,0.00968988201586394,0.00968988201586394,0.00968988201586394,0.0686754083472401
NA,NA,NA,NA,NA,NA,NA,NA,NA
12.0144898669671,0,-0.0304643580877798,0,12.0144898669671,-0.0304643580877798,-0.0304643580877798,-0.0304643580877798,0.0246585875375876
5.59197431763262,0,-0.0578220526680145,0,5.59197431763262,-0.0578220526680145,-0.0578220526680145,-0.0578220526680145,0.0290843221745671
7.10118523761685,0,-0.0285278978712163,0,7.10118523761685,-0.0285278978712163,-0.0285278978712163,-0.0285278978712163,0.0595492352872805
8.39406695268219,0,0.0167837864563465,0,8.39406695268219,0.0167837864563465,0.0167837864563465,0.0167837864563465,0.0322473662392579
6.68163411954067,0,0.0399525800720857,0,6.68163411954067,0.0399525800720857,0.0399525800720857,0.0399525800720857,0.0632642521725607
10.9419857642508,0,-0.0876235523401562,0,10.9419857642508,-0.0876235523401562,-0.0876235523401562,-0.0876235523401562,0.0336377588977628
9.567453602661,0,-0.0130573193727359,0,9.567453602661,-0.0130573193727359,-0.0130573193727359,-0.0130573193727359,0.0264340771076804
9.56764954052794,0,-0.00578932875863998,0,9.56764954052794,-0.00578932875863998,-0.00578932875863998,-0.00578932875863998,0.0288617279537588
9.58796747981615,0,0.00725905880614161,0,9.58796747981615,0.00725905880614161,0.00725905880614161,0.00725905880614161,0.0422687684348916
12.9045618909384,0,-0.020800428050844,0,12.9045618909384,-0.020800428050844,-0.020800428050844,-0.020800428050844,0.00918914559220215
9.03381024943225,0,-0.0258591277728825,0,9.03381024943225,-0.0258591277728825,-0.0258591277728825,-0.0258591277728825,0.0210013285642308
7.292171244769,0,0.0214216184583366,0,7.292171244769,0.0214216184583366,0.0214216184583366,0.0214216184583366,0.00787016036700002
10.6567948708008,0,0.0203455428827325,0,10.6567948708008,0.0203455428827325,0.0203455428827325,0.0203455428827325,0.0367174068081082
15.83958844307,0,0.0399832495665445,0,15.83958844307,0.0399832495665445,0.0399832495665445,0.0399832495665445,0.0130470310288665
17.7014293147066,0,0.0234372077444364,0,17.7014293147066,0.0234372077444364,0.0234372077444364,0.0234372077444364,0.0323786122878216
14.7585414478692,0,-0.0143222744287462,0,14.7585414478692,-0.0143222744287462,-0.0143222744287462,-0.0143222744287462,0.0637816832942033
8.7869971588466,0,0.0255650750927985,0,8.7869971588466,0.0255650750927985,0.0255650750927985,0.0255650750927985,0.0115189820321319
13.9836050997556,0,-0.0596374353307077,0,13.9836050997556,-0.0596374353307077,-0.0596374353307077,-0.0596374353307077,0.0260159424457815
11.3110693140974,0,0.00982781565554414,0,11.3110693140974,0.00982781565554414,0.00982781565554414,0.00982781565554414,0.0152975413868066
16.5519463473715,0,-0.0850116784148187,0,16.5519463473715,-0.0850116784148187,-0.0850116784148187,-0.0850116784148187,0.0449328569998866
12.3671082351961,0,0.0210231372322994,0,12.3671082351961,0.0210231372322994,0.0210231372322994,0.0210231372322994,0.0160828742749283
12.3654554745313,0,-0.0686880413546458,0,12.3654554745313,-0.0686880413546458,-0.0686880413546458,-0.0686880413546458,0.0513325050706189
19.2556223171704,0,0.0285945738844167,0,19.2556223171704,0.0285945738844167,0.0285945738844167,0.0285945738844167,0.0139726523520546
34.7312424253189,0,0.00360906084633839,0,34.7312424253189,0.00360906084633839,0.00360906084633839,0.00360906084633839,0.017575833019559
54.7209102152747,0,0.0196726221291343,0,54.7209102152747,0.0196726221291343,0.0196726221291343,0.0196726221291343,0.0109274670854921
9.37577209119586,0,-0.0166622088619275,0,9.37577209119586,-0.0166622088619275,-0.0166622088619275,-0.0166622088619275,0.0509886552324907
8.22166390729103,0,0.0200227074138689,0,8.22166390729103,0.0200227074138689,0.0200227074138689,0.0200227074138689,0.0889316774406693
6.56936523894705,0,-0.0184803687031215,0,6.56936523894705,-0.0184803687031215,-0.0184803687031215,-0.0184803687031215,0.0397871786329299
7.36539602284415,0,-0.0247872150245361,0,7.36539602284415,-0.0247872150245361,-0.0247872150245361,-0.0247872150245361,0.114121672795408
9.34902839864339,0,-0.0319037471830898,0,9.34902839864339,-0.0319037471830898,-0.0319037471830898,-0.0319037471830898,0.0353702402159913
9.64603221208774,0,-0.0448878782907022,0,9.64603221208774,-0.0448878782907022,-0.0448878782907022,-0.0448878782907022,0.060446521466018
10.5411867057519,0,-0.0885790708954701,0,10.5411867057519,-0.0885790708954701,-0.0885790708954701,-0.0885790708954701,0.0320565633703811
10.8363107906744,0,-0.028098390818107,0,10.8363107906744,-0.028098390818107,-0.028098390818107,-0.028098390818107,0.071926050301895
7.60971237336999,0,0.0425196941211018,0,7.60971237336999,0.0425196941211018,0.0425196941211018,0.0425196941211018,0.0675431227803087
6.7623626212796,0,0.0569688929469826,0,6.7623626212796,0.0569688929469826,0.0569688929469826,0.0569688929469826,0.0724631197752356
11.3171115233183,0,-0.0301299566297987,0,11.3171115233183,-0.0301299566297987,-0.0301299566297987,-0.0301299566297987,0.0549217163119364
12.491172371433,0,0.00616174807970621,0,12.491172371433,0.00616174807970621,0.00616174807970621,0.00616174807970621,0.0405245193389735
26.9159257982544,0,0.00103996356092225,0,26.9159257982544,0.00103996356092225,0.00103996356092225,0.00103996356092225,0.0289826613233299
23.3384346785706,0,0.0173424537425691,0,23.3384346785706,0.0173424537425691,0.0173424537425691,0.0173424537425691,0.0189266195413323
28.9457890893132,0,-0.0913120366455766,0,28.9457890893132,-0.0913120366455766,-0.0913120366455766,-0.0913120366455766,0.031473801407384
16.8846431378076,0,0.0592246738975235,0,16.8846431378076,0.0592246738975235,0.0592246738975235,0.0592246738975235,0.0580511049145327
129.543664939788,0,0.187339131251037,0,129.543664939788,0.187339131251037,0.187339131251037,0.187339131251037,0.0392949098741799
7.87613657515693,0,0.0413542662923309,0,7.87613657515693,0.0413542662923309,0.0413542662923309,0.0413542662923309,0.0315625132232254
6.75451986071434,0,0.0140182295143905,0,6.75451986071434,0.0140182295143905,0.0140182295143905,0.0140182295143905,0.0568066082100863
13.3632341442477,0,0.0180382677184463,0,13.3632341442477,0.0180382677184463,0.0180382677184463,0.0180382677184463,0.0615806710832505
14.7971541600243,0,-0.0430456526330341,0,14.7971541600243,-0.0430456526330341,-0.0430456526330341,-0.0430456526330341,0.0449585570848986
14.3972634987083,0,-0.0237118006498921,0,14.3972634987083,-0.0237118006498921,-0.0237118006498921,-0.0237118006498921,0.0295064854269103
14.1514365378187,0,-0.0107350800784212,0,14.1514365378187,-0.0107350800784212,-0.0107350800784212,-0.0107350800784212,0.0554744268805768
27.9381463268887,0,-0.0196646199066465,0,27.9381463268887,-0.0196646199066465,-0.0196646199066465,-0.0196646199066465,0.0266030945529787
24.4728765020316,0,-0.0883766236254439,0,24.4728765020316,-0.0883766236254439,-0.0883766236254439,-0.0883766236254439,0.0473406670453721
11.303125406956,0,0.0200076122858094,0,11.303125406956,0.0200076122858094,0.0200076122858094,0.0200076122858094,0.0675102696912362
7.48402930279067,0,0.00968988201586394,0,7.48402930279067,0.00968988201586394,0.00968988201586394,0.00968988201586394,0.0686754083472401
NA,NA,NA,NA,NA,NA,NA,NA,NA
12.0144898669671,0,-0.0304643580877798,0,12.0144898669671,-0.0304643580877798,-0.0304643580877798,-0.0304643580877798,0.0246585875375876
5.59197431763262,0,-0.0578220526680145,0,5.59197431763262,-0.0578220526680145,-0.0578220526680145,-0.0578220526680145,0.0290843221745671
7.10118523761685,0,-0.0285278978712163,0,7.10118523761685,-0.0285278978712163,-0.0285278978712163,-0.0285278978712163,0.0595492352872805
8.39406695268219,0,0.0167837864563465,0,8.39406695268219,0.0167837864563465,0.0167837864563465,0.0167837864563465,0.0322473662392579
6.68163411954067,0,0.0399525800720857,0,6.68163411954067,0.0399525800720857,0.0399525800720857,0.0399525800720857,0.0632642521725607
10.9419857642508,0,-0.0876235523401562,0,10.9419857642508,-0.0876235523401562,-0.0876235523401562,-0.0876235523401562,0.0336377588977628
9.567453602661,0,-0.0130573193727359,0,9.567453602661,-0.0130573193727359,-0.0130573193727359,-0.0130573193727359,0.0264340771076804
9.56764954052794,0,-0.00578932875863998,0,9.56764954052794,-0.00578932875863998,-0.00578932875863998,-0.00578932875863998,0.0288617279537588
9.58796747981615,0,0.00725905880614161,0,9.58796747981615,0.00725905880614161,0.00725905880614161,0.00725905880614161,0.0422687684348916
12.9045618909384,0,-0.020800428050844,0,12.9045618909384,-0.020800428050844,-0.020800428050844,-0.020800428050844,0.00918914559220215
9.03381024943225,0,-0.0258591277728825,0,9.03381024943225,-0.0258591277728825,-0.0258591277728825,-0.0258591277728825,0.0210013285642308
7.292171244769,0,0.0214216184583366,0,7.292171244769,0.0214216184583366,0.0214216184583366,0.0214216184583366,0.00787016036700002
10.6567948708008,0,0.0203455428827325,0,10.6567948708008,0.0203455428827325,0.0203455428827325,0.0203455428827325,0.0367174068081082
15.83958844307,0,0.0399832495665445,0,15.83958844307,0.0399832495665445,0.0399832495665445,0.0399832495665445,0.0130470310288665
17.7014293147066,0,0.0234372077444364,0,17.7014293147066,0.0234372077444364,0.0234372077444364,0.0234372077444364,0.0323786122878216
14.7585414478692,0,-0.0143222744287462,0,14.7585414478692,-0.0143222744287462,-0.0143222744287462,-0.0143222744287462,0.0637816832942033
8.7869971588466,0,0.0255650750927985,0,8.7869971588466,0.0255650750927985,0.0255650750927985,0.0255650750927985,0.0115189820321319
13.9836050997556,0,-0.0596374353307077,0,13.9836050997556,-0.0596374353307077,-0.0596374353307077,-0.0596374353307077,0.0260159424457815
11.3110693140974,0,0.00982781565554414,0,11.3110693140974,0.00982781565554414,0.00982781565554414,0.00982781565554414,0.0152975413868066
16.5519463473715,0,-0.0850116784148187,0,16.5519463473715,-0.0850116784148187,-0.0850116784148187,-0.0850116784148187,0.0449328569998866
12.3671082351961,0,0.0210231372322994,0,12.3671082351961,0.0210231372322994,0.0210231372322994,0.0210231372322994,0.0160828742749283
12.3654554745313,0,-0.0686880413546458,0,12.3654554745313,-0.0686880413546458,-0.0686880413546458,-0.0686880413546458,0.0513325050706189
19.2556223171704,0,0.0285945738844167,0,19.2556223171704,0.0285945738844167,0.0285945738844167,0.0285945738844167,0.0139726523520546
34.7312424253189,0,0.00360906084633839,0,34.7312424253189,0.00360906084633839,0.00360906084633839,0.00360906084633839,0.017575833019559
54.7209102152747,0,0.0196726221291343,0,54.7209102152747,0.0196726221291343,0.0196726221291343,0.0196726221291343,0.0109274670854921
9.37577209119586,0,-0.0166622088619275,0,9.37577209119586,-0.0166622088619275,-0.0166622088619275,-0.0166622088619275,0.0509886552324907
8.22166390729103,0,0.0200227074138689,0,8.22166390729103,0.0200227074138689,0.0200227074138689,0.0200227074138689,0.0889316774406693
6.56936523894705,0,-0.0184803687031215,0,6.56936523894705,-0.0184803687031215,-0.0184803687031215,-0.0184803687031215,0.0397871786329299
7.36539602284415,0,-0.0247872150245361,0,7.36539602284415,-0.0247872150245361,-0.0247872150245361,-0.0247872150245361,0.114121672795408
9.34902839864339,0,-0.0319037471830898,0,9.34902839864339,-0.0319037471830898,-0.0319037471830898,-0.0319037471830898,0.0353702402159913
9.64603221208774,0,-0.0448878782907022,0,9.64603221208774,-0.0448878782907022,-0.0448878782907022,-0.0448878782907022,0.060446521466018
10.5411867057519,0,-0.0885790708954701,0,10.5411867057519,-0.0885790708954701,-0.0885790708954701,-0.0885790708954701,0.0320565633703811
10.8363107906744,0,-0.028098390818107,0,10.8363107906744,-0.028098390818107,-0.028098390818107,-0.028098390818107,0.071926050301895
7.60971237336999,0,0.0425196941211018,0,7.60971237336999,0.0425196941211018,0.0425196941211018,0.0425196941211018,0.0675431227803087
6.7623626212796,0,0.0569688929469826,0,6.7623626212796,0.0569688929469826,0.0569688929469826,0.0569688929469826,0.0724631197752356
11.3171115233183,0,-0.0301299566297987,0,11.3171115233183,-0.0301299566297987,-0.0301299566297987,-0.0301299566297987,0.0549217163119364
12.491172371433,0,0.00616174807970621,0,12.491172371433,0.00616174807970621,0.00616174807970621,0.00616174807970621,0.0405245193389735
26.9159257982544,0,0.00103996356092225,0,26.9159257982544,0.00103996356092225,0.00103996356092225,0.00103996356092225,0.0289826613233299
23.3384346785706,0,0.0173424537425691,0,23.3384346785706,0.0173424537425691,0.0173424537425691,0.0173424537425691,0.0189266195413323
28.9457890893132,0,-0.0913120366455766,0,28.9457890893132,-0.0913120366455766,-0.0913120366455766,-0.0913120366455766,0.031473801407384
16.8846431378076,0,0.0592246738975235,0,16.8846431378076,0.0592246738975235,0.0592246738975235,0.0592246738975235,0.0580511049145327
129.543664939788,0,0.187339131251037,0,129.543664939788,0.187339131251037,0.187339131251037,0.187339131251037,0.0392949098741799
7.87613657515693,0,0.0413542662923309,0,7.87613657515693,0.0413542662923309,0.0413542662923309,0.0413542662923309,0.0315625132232254
6.75451986071434,0,0.0140182295143905,0,6.75451986071434,0.0140182295143905,0.0140182295143905,0.0140182295143905,0.0568066082100863
13.3632341442477,0,0.0180382677184463,0,13.3632341442477,0.0180382677184463,0.0180382677184463,0.0180382677184463,0.0615806710832505
14.7971541600243,0,-0.0430456526330341,0,14.7971541600243,-0.0430456526330341,-0.0430456526330341,-0.0430456526330341,0.0449585570848986
14.3972634987083,0,-0.0237118006498921,0,14.3972634987083,-0.0237118006498921,-0.0237118006498921,-0.0237118006498921,0.0295064854269103
14.1514365378187,0,-0.0107350800784212,0,14.1514365378187,-0.0107350800784212,-0.0107350800784212,-0.0107350800784212,0.0554744268805768
27.9381463268887,0,-0.0196646199066465,0,27.9381463268887,-0.0196646199066465,-0.0196646199066465,-0.0196646199066465,0.0266030945529787
24.4728765020316,0,-0.0883766236254439,0,24.4728765020316,-0.0883766236254439,-0.0883766236254439,-0.0883766236254439,0.0473406670453721
11.303125406956,0,0.0200076122858094,0,11.303125406956,0.0200076122858094,0.0200076122858094,0.0200076122858094,0.0675102696912362
7.48402930279067,0,0.00968988201586394,0,7.48402930279067,0.00968988201586394,0.00968988201586394,0.00968988201586394,0.0686754083472401
NA,NA,NA,NA,NA,NA,NA,NA,NA
12.0144898669671,0,-0.0304643580877798,0,12.0144898669671,-0.0304643580877798,-0.0304643580877798,-0.0304643580877798,0.0246585875375876
5.59197431763262,0,-0.0578220526680145,0,5.59197431763262,-0.0578220526680145,-0.0578220526680145,-0.0578220526680145,0.0290843221745671
7.10118523761685,0,-0.0285278978712163,0,7.10118523761685,-0.0285278978712163,-0.0285278978712163,-0.0285278978712163,0.0595492352872805
8.39406695268219,0,0.0167837864563465,0,8.39406695268219,0.0167837864563465,0.0167837864563465,0.0167837864563465,0.0322473662392579
6.68163411954067,0,0.0399525800720857,0,6.68163411954067,0.0399525800720857,0.0399525800720857,0.0399525800720857,0.0632642521725607
10.9419857642508,0,-0.0876235523401562,0,10.9419857642508,-0.0876235523401562,-0.0876235523401562,-0.0876235523401562,0.0336377588977628
9.567453602661,0,-0.0130573193727359,0,9.567453602661,-0.0130573193727359,-0.0130573193727359,-0.0130573193727359,0.0264340771076804
9.56764954052794,0,-0.00578932875863998,0,9.56764954052794,-0.00578932875863998,-0.00578932875863998,-0.00578932875863998,0.0288617279537588
9.58796747981615,0,0.00725905880614161,0,9.58796747981615,0.00725905880614161,0.00725905880614161,0.00725905880614161,0.0422687684348916
12.9045618909384,0,-0.020800428050844,0,12.9045618909384,-0.020800428050844,-0.020800428050844,-0.020800428050844,0.00918914559220215
9.03381024943225,0,-0.0258591277728825,0,9.03381024943225,-0.0258591277728825,-0.0258591277728825,-0.0258591277728825,0.0210013285642308
7.292171244769,0,0.0214216184583366,0,7.292171244769,0.0214216184583366,0.0214216184583366,0.0214216184583366,0.00787016036700002
10.6567948708008,0,0.0203455428827325,0,10.6567948708008,0.0203455428827325,0.0203455428827325,0.0203455428827325,0.0367174068081082
15.83958844307,0,0.0399832495665445,0,15.83958844307,0.0399832495665445,0.0399832495665445,0.0399832495665445,0.0130470310288665
17.7014293147066,0,0.0234372077444364,0,17.7014293147066,0.0234372077444364,0.0234372077444364,0.0234372077444364,0.0323786122878216
14.7585414478692,0,-0.0143222744287462,0,14.7585414478692,-0.0143222744287462,-0.0143222744287462,-0.0143222744287462,0.0637816832942033
8.7869971588466,0,0.0255650750927985,0,8.7869971588466,0.0255650750927985,0.0255650750927985,0.0255650750927985,0.0115189820321319
13.9836050997556,0,-0.0596374353307077,0,13.9836050997556,-0.0596374353307077,-0.0596374353307077,-0.0596374353307077,0.0260159424457815
11.3110693140974,0,0.00982781565554414,0,11.3110693140974,0.00982781565554414,0.00982781565554414,0.00982781565554414,0.0152975413868066
16.5519463473715,0,-0.0850116784148187,0,16.5519463473715,-0.0850116784148187,-0.0850116784148187,-0.0850116784148187,0.0449328569998866
12.3671082351961,0,0.0210231372322994,0,12.3671082351961,0.0210231372322994,0.0210231372322994,0.0210231372322994,0.0160828742749283
12.3654554745313,0,-0.0686880413546458,0,12.3654554745313,-0.0686880413546458,-0.0686880413546458,-0.0686880413546458,0.0513325050706189
19.2556223171704,0,0.0285945738844167,0,19.2556223171704,0.0285945738844167,0.0285945738844167,0.0285945738844167,0.0139726523520546
34.7312424253189,0,0.00360906084633839,0,34.7312424253189,0.00360906084633839,0.00360906084633839,0.00360906084633839,0.017575833019559
54.7209102152747,0,0.0196726221291343,0,54.7209102152747,0.0196726221291343,0.0196726221291343,0.0196726221291343,0.0109274670854921
9.37577209119586,0,-0.0166622088619275,0,9.37577209119586,-0.0166622088619275,-0.0166622088619275,-0.0166622088619275,0.0509886552324907
8.22166390729103,0,0.0200227074138689,0,8.22166390729103,0.0200227074138689,0.0200227074138689,0.0200227074138689,0.0889316774406693
6.56936523894705,0,-0.0184803687031215,0,6.56936523894705,-0.0184803687031215,-0.0184803687031215,-0.0184803687031215,0.0397871786329299
7.36539602284415,0,-0.0247872150245361,0,7.36539602284415,-0.0247872150245361,-0.0247872150245361,-0.0247872150245361,0.114121672795408
9.34902839864339,0,-0.0319037471830898,0,9.34902839864339,-0.0319037471830898,-0.0319037471830898,-0.0319037471830898,0.0353702402159913
9.64603221208774,0,-0.0448878782907022,0,9.64603221208774,-0.0448878782907022,-0.0448878782907022,-0.0448878782907022,0.060446521466018
10.5411867057519,0,-0.0885790708954701,0,10.5411867057519,-0.0885790708954701,-0.0885790708954701,-0.0885790708954701,0.0320565633703811
10.8363107906744,0,-0.028098390818107,0,10.8363107906744,-0.028098390818107,-0.028098390818107,-0.028098390818107,0.071926050301895
7.60971237336999,0,0.0425196941211018,0,7.60971237336999,0.0425196941211018,0.0425196941211018,0.0425196941211018,0.0675431227803087
6.7623626212796,0,0.0569688929469826,0,6.7623626212796,0.0569688929469826,0.0569688929469826,0.0569688929469826,0.0724631197752356
11.3171115233183,0,-0.0301299566297987,0,11.3171115233183,-0.0301299566297987,-0.0301299566297987,-0.0301299566297987,0.0549217163119364
12.491172371433,0,0.00616174807970621,0,12.491172371433,0.00616174807970621,0.00616174807970621,0.00616174807970621,0.0405245193389735
26.9159257982544,0,0.00103996356092225,0,26.9159257982544,0.00103996356092225,0.00103996356092225,0.00103996356092225,0.0289826613233299
23.3384346785706,0,0.0173424537425691,0,23.3384346785706,0.0173424537425691,0.0173424537425691,0.0173424537425691,0.0189266195413323
28.9457890893132,0,-0.0913120366455766,0,28.9457890893132,-0.0913120366455766,-0.0913120366455766,-0.0913120366455766,0.031473801407384
16.8846431378076,0,0.0592246738975235,0,16.8846431378076,0.0592246738975235,0.0592246738975235,0.0592246738975235,0.0580511049145327
129.543664939788,0,0.187339131251037,0,129.543664939788,0.187339131251037,0.187339131251037,0.187339131251037,0.0392949098741799
7.87613657515693,0,0.0413542662923309,0,7.87613657515693,0.0413542662923309,0.0413542662923309,0.0413542662923309,0.0315625132232254
6.75451986071434,0,0.0140182295143905,0,6.75451986071434,0.0140182295143905,0.0140182295143905,0.0140182295143905,0.0568066082100863
13.3632341442477,0,0.0180382677184463,0,13.3632341442477,0.0180382677184463,0.0180382677184463,0.0180382677184463,0.0615806710832505
14.7971541600243,0,-0.0430456526330341,0,14.7971541600243,-0.0430456526330341,-0.0430456526330341,-0.0430456526330341,0.0449585570848986
14.3972634987083,0,-0.0237118006498921,0,14.3972634987083,-0.0237118006498921,-0.0237118006498921,-0.0237118006498921,0.0295064854269103
14.1514365378187,0,-0.0107350800784212,0,14.1514365378187,-0.0107350800784212,-0.0107350800784212,-0.0107350800784212,0.0554744268805768
27.9381463268887,0,-0.0196646199066465,0,27.9381463268887,-0.0196646199066465,-0.0196646199066465,-0.0196646199066465,0.0266030945529787
24.4728765020316,0,-0.0883766236254439,0,24.4728765020316,-0.0883766236254439,-0.0883766236254439,-0.0883766236254439,0.0473406670453721
11.303125406956,0,0.0200076122858094,0,11.303125406956,0.0200076122858094,0.0200076122858094,0.0200076122858094,0.0675102696912362
7.48402930279067,0,0.00968988201586394,0,7.48402930279067,0.00968988201586394,0.00968988201586394,0.00968988201586394,0.0686754083472401
NA,NA,NA,NA,NA,NA,NA,NA,NA
12.0144898669671,0,-0.0304643580877798,0,12.0144898669671,-0.0304643580877798,-0.0304643580877798,-0.0304643580877798,0.0246585875375876
5.59197431763262,0,-0.0578220526680145,0,5.59197431763262,-0.0578220526680145,-0.0578220526680145,-0.0578220526680145,0.0290843221745671
7.10118523761685,0,-0.0285278978712163,0,7.10118523761685,-0.0285278978712163,-0.0285278978712163,-0.0285278978712163,0.0595492352872805
8.39406695268219,0,0.0167837864563465,0,8.39406695268219,0.0167837864563465,0.0167837864563465,0.0167837864563465,0.0322473662392579
6.68163411954067,0,0.0399525800720857,0,6.68163411954067,0.0399525800720857,0.0399525800720857,0.0399525800720857,0.0632642521725607
10.9419857642508,0,-0.0876235523401562,0,10.9419857642508,-0.0876235523401562,-0.0876235523401562,-0.0876235523401562,0.0336377588977628
9.567453602661,0,-0.0130573193727359,0,9.567453602661,-0.0130573193727359,-0.0130573193727359,-0.0130573193727359,0.0264340771076804
9.56764954052794,0,-0.00578932875863998,0,9.56764954052794,-0.00578932875863998,-0.00578932875863998,-0.00578932875863998,0.0288617279537588
9.58796747981615,0,0.00725905880614161,0,9.58796747981615,0.00725905880614161,0.00725905880614161,0.00725905880614161,0.0422687684348916
12.9045618909384,0,-0.020800428050844,0,12.9045618909384,-0.020800428050844,-0.020800428050844,-0.020800428050844,0.00918914559220215
9.03381024943225,0,-0.0258591277728825,0,9.03381024943225,-0.0258591277728825,-0.0258591277728825,-0.0258591277728825,0.0210013285642308
7.292171244769,0,0.0214216184583366,0,7.292171244769,0.0214216184583366,0.0214216184583366,0.0214216184583366,0.00787016036700002
10.6567948708008,0,0.0203455428827325,0,10.6567948708008,0.0203455428827325,0.0203455428827325,0.0203455428827325,0.0367174068081082
15.83958844307,0,0.0399832495665445,0,15.83958844307,0.0399832495665445,0.0399832495665445,0.0399832495665445,0.0130470310288665
17.7014293147066,0,0.0234372077444364,0,17.7014293147066,0.0234372077444364,0.0234372077444364,0.0234372077444364,0.0323786122878216
14.7585414478692,0,-0.0143222744287462,0,14.7585414478692,-0.0143222744287462,-0.0143222744287462,-0.0143222744287462,0.0637816832942033
8.7869971588466,0,0.0255650750927985,0,8.7869971588466,0.0255650750927985,0.0255650750927985,0.0255650750927985,0.0115189820321319
13.9836050997556,0,-0.0596374353307077,0,13.9836050997556,-0.0596374353307077,-0.0596374353307077,-0.0596374353307077,0.0260159424457815
11.3110693140974,0,0.00982781565554414,0,11.3110693140974,0.00982781565554414,0.00982781565554414,0.00982781565554414,0.0152975413868066
16.5519463473715,0,-0.0850116784148187,0,16.5519463473715,-0.0850116784148187,-0.0850116784148187,-0.0850116784148187,0.0449328569998866
12.3671082351961,0,0.0210231372322994,0,12.3671082351961,0.0210231372322994,0.0210231372322994,0.0210231372322994,0.0160828742749283
12.3654554745313,0,-0.0686880413546458,0,12.3654554745313,-0.0686880413546458,-0.0686880413546458,-0.0686880413546458,0.0513325050706189
19.2556223171704,0,0.0285945738844167,0,19.2556223171704,0.0285945738844167,0.0285945738844167,0.0285945738844167,0.0139726523520546
34.7312424253189,0,0.00360906084633839,0,34.7312424253189,0.00360906084633839,0.00360906084633839,0.00360906084633839,0.017575833019559
54.7209102152747,0,0.0196726221291343,0,54.7209102152747,0.0196726221291343,0.0196726221291343,0.0196726221291343,0.0109274670854921
9.37577209119586,0,-0.0166622088619275,0,9.37577209119586,-0.0166622088619275,-0.0166622088619275,-0.0166622088619275,0.0509886552324907
8.22166390729103,0,0.0200227074138689,0,8.22166390729103,0.0200227074138689,0.0200227074138689,0.0200227074138689,0.0889316774406693
6.56936523894705,0,-0.0184803687031215,0,6.56936523894705,-0.0184803687031215,-0.0184803687031215,-0.0184803687031215,0.0397871786329299
7.36539602284415,0,-0.0247872150245361,0,7.36539602284415,-0.0247872150245361,-0.0247872150245361,-0.0247872150245361,0.114121672795408
9.34902839864339,0,-0.0319037471830898,0,9.34902839864339,-0.0319037471830898,-0.0319037471830898,-0.0319037471830898,0.0353702402159913
9.64603221208774,0,-0.0448878782907022,0,9.64603221208774,-0.0448878782907022,-0.0448878782907022,-0.0448878782907022,0.060446521466018
10.5411867057519,0,-0.0885790708954701,0,10.5411867057519,-0.0885790708954701,-0.0885790708954701,-0.0885790708954701,0.0320565633703811
10.8363107906744,0,-0.028098390818107,0,10.8363107906744,-0.028098390818107,-0.028098390818107,-0.028098390818107,0.071926050301895
7.60971237336999,0,0.0425196941211018,0,7.60971237336999,0.0425196941211018,0.0425196941211018,0.0425196941211018,0.0675431227803087
6.7623626212796,0,0.0569688929469826,0,6.7623626212796,0.0569688929469826,0.0569688929469826,0.0569688929469826,0.0724631197752356
11.3171115233183,0,-0.0301299566297987,0,11.3171115233183,-0.0301299566297987,-0.0301299566297987,-0.0301299566297987,0.0549217163119364
12.491172371433,0,0.00616174807970621,0,12.491172371433,0.00616174807970621,0.00616174807970621,0.00616174807970621,0.0405245193389735
26.9159257982544,0,0.00103996356092225,0,26.9159257982544,0.00103996356092225,0.00103996356092225,0.00103996356092225,0.0289826613233299
23.3384346785706,0,0.0173424537425691,0,23.3384346785706,0.0173424537425691,0.0173424537425691,0.0173424537425691,0.0189266195413323
28.9457890893132,0,-0.0913120366455766,0,28.9457890893132,-0.0913120366455766,-0.0913120366455766,-0.0913120366455766,0.031473801407384
16.8846431378076,0,0.0592246738975235,0,16.8846431378076,0.0592246738975235,0.0592246738975235,0.0592246738975235,0.0580511049145327
129.543664939788,0,0.187339131251037,0,129.543664939788,0.187339131251037,0.187339131251037,0.187339131251037,0.0392949098741799
7.87613657515693,0,0.0413542662923309,0,7.87613657515693,0.0413542662923309,0.0413542662923309,0.0413542662923309,0.0315625132232254
6.75451986071434,0,0.0140182295143905,0,6.75451986071434,0.0140182295143905,0.0140182295143905,0.0140182295143905,0.0568066082100863
13.3632341442477,0,0.0180382677184463,0,13.3632341442477,0.0180382677184463,0.0180382677184463,0.0180382677184463,0.0615806710832505
14.7971541600243,0,-0.0430456526330341,0,14.7971541600243,-0.0430456526330341,-0.0430456526330341,-0.0430456526330341,0.0449585570848986
14.3972634987083,0,-0.0237118006498921,0,14.3972634987083,-0.0237118006498921,-0.0237118006498921,-0.0237118006498921,0.0295064854269103
14.1514365378187,0,-0.0107350800784212,0,14.1514365378187,-0.0107350800784212,-0.0107350800784212,-0.0107350800784212,0.0554744268805768
27.9381463268887,0,-0.0196646199066465,0,27.9381463268887,-0.0196646199066465,-0.0196646199066465,-0.0196646199066465,0.0266030945529787
24.4728765020316,0,-0.0883766236254439,0,24.4728765020316,-0.0883766236254439,-0.0883766236254439,-0.0883766236254439,0.0473406670453721
11.303125406956,0,0.0200076122858094,0,11.303125406956,0.0200076122858094,0.0200076122858094,0.0200076122858094,0.0675102696912362
7.48402930279067,0,0.00968988201586394,0,7.48402930279067,0.00968988201586394,0.00968988201586394,0.00968988201586394,0.0686754083472401
NA,NA,NA,NA,NA,NA,NA,NA,NA
12.0144898669671,0,-0.0304643580877798,0,12.0144898669671,-0.0304643580877798,-0.0304643580877798,-0.0304643580877798,0.0246585875375876
5.59197431763262,0,-0.0578220526680145,0,5.59197431763262,-0.0578220526680145,-0.0578220526680145,-0.0578220526680145,0.0290843221745671
7.10118523761685,0,-0.0285278978712163,0,7.10118523761685,-0.0285278978712163,-0.0285278978712163,-0.0285278978712163,0.0595492352872805
8.39406695268219,0,0.0167837864563465,0,8.39406695268219,0.0167837864563465,0.0167837864563465,0.0167837864563465,0.0322473662392579
6.68163411954067,0,0.0399525800720857,0,6.68163411954067,0.0399525800720857,0.0399525800720857,0.0399525800720857,0.0632642521725607
9.90977856764798,0,-0.0703516628541319,0,9.90977856764798,-0.0703516628541319,-0.0703516628541319,-0.0703516628541319,0.0190137396144176
9.567453602661,0,-0.0130573193727359,0,9.567453602661,-0.0130573193727359,-0.0130573193727359,-0.0130573193727359,0.0264340771076804
9.56764954052794,0,-0.00578932875863998,0,9.56764954052794,-0.00578932875863998,-0.00578932875863998,-0.00578932875863998,0.0288617279537588
9.58796747981615,0,0.00725905880614161,0,9.58796747981615,0.00725905880614161,0.00725905880614161,0.00725905880614161,0.0422687684348916
12.9045618909384,0,-0.020800428050844,0,12.9045618909384,-0.020800428050844,-0.020800428050844,-0.020800428050844,0.00918914559220215
9.03381024943225,0,-0.0258591277728825,0,9.03381024943225,-0.0258591277728825,-0.0258591277728825,-0.0258591277728825,0.0210013285642308
7.292171244769,0,0.0214216184583366,0,7.292171244769,0.0214216184583366,0.0214216184583366,0.0214216184583366,0.00787016036700002
10.6567948708008,0,0.0203455428827325,0,10.6567948708008,0.0203455428827325,0.0203455428827325,0.0203455428827325,0.0367174068081082
15.83958844307,0,0.0399832495665445,0,15.83958844307,0.0399832495665445,0.0399832495665445,0.0399832495665445,0.0130470310288665
17.7014293147066,0,0.0234372077444364,0,17.7014293147066,0.0234372077444364,0.0234372077444364,0.0234372077444364,0.0323786122878216
14.7585414478692,0,-0.0143222744287462,0,14.7585414478692,-0.0143222744287462,-0.0143222744287462,-0.0143222744287462,0.0637816832942033
8.7869971588466,0,0.0255650750927985,0,8.7869971588466,0.0255650750927985,0.0255650750927985,0.0255650750927985,0.0115189820321319
13.9836050997556,0,-0.0596374353307077,0,13.9836050997556,-0.0596374353307077,-0.0596374353307077,-0.0596374353307077,0.0260159424457815
11.3110693140974,0,0.00982781565554414,0,11.3110693140974,0.00982781565554414,0.00982781565554414,0.00982781565554414,0.0152975413868066
16.5519463473715,0,-0.0850116784148187,0,16.5519463473715,-0.0850116784148187,-0.0850116784148187,-0.0850116784148187,0.0449328569998866
12.3671082351961,0,0.0210231372322994,0,12.3671082351961,0.0210231372322994,0.0210231372322994,0.0210231372322994,0.0160828742749283
12.3654554745313,0,-0.0686880413546458,0,12.3654554745313,-0.0686880413546458,-0.0686880413546458,-0.0686880413546458,0.0513325050706189
19.2556223171704,0,0.0285945738844167,0,19.2556223171704,0.0285945738844167,0.0285945738844167,0.0285945738844167,0.0139726523520546
34.7312424253189,0,0.00360906084633839,0,34.7312424253189,0.00360906084633839,0.00360906084633839,0.00360906084633839,0.017575833019559
54.7209102152747,0,0.0196726221291343,0,54.7209102152747,0.0196726221291343,0.0196726221291343,0.0196726221291343,0.0109274670854921
9.37577209119586,0,-0.0166622088619275,0,9.37577209119586,-0.0166622088619275,-0.0166622088619275,-0.0166622088619275,0.0509886552324907
8.22166390729103,0,0.0200227074138689,0,8.22166390729103,0.0200227074138689,0.0200227074138689,0.0200227074138689,0.0889316774406693
6.56936523894705,0,-0.0184803687031215,0,6.56936523894705,-0.0184803687031215,-0.0184803687031215,-0.0184803687031215,0.0397871786329299
7.36539602284415,0,-0.0247872150245361,0,7.36539602284415,-0.0247872150245361,-0.0247872150245361,-0.0247872150245361,0.114121672795408
9.34902839864339,0,-0.0319037471830898,0,9.34902839864339,-0.0319037471830898,-0.0319037471830898,-0.0319037471830898,0.0353702402159913
9.64603221208774,0,-0.0448878782907022,0,9.64603221208774,-0.0448878782907022,-0.0448878782907022,-0.0448878782907022,0.060446521466018
11.1738978522498,0,-0.0430525372481022,0,11.1738978522498,-0.0430525372481022,-0.0430525372481022,-0.0430525372481022,0.0455534762468136
10.8363107906744,0,-0.028098390818107,0,10.8363107906744,-0.028098390818107,-0.028098390818107,-0.028098390818107,0.071926050301895
7.60971237336999,0,0.0425196941211018,0,7.60971237336999,0.0425196941211018,0.0425196941211018,0.0425196941211018,0.0675431227803087
6.7623626212796,0,0.0569688929469826,0,6.7623626212796,0.0569688929469826,0.0569688929469826,0.0569688929469826,0.0724631197752356
11.3171115233183,0,-0.0301299566297987,0,11.3171115233183,-0.0301299566297987,-0.0301299566297987,-0.0301299566297987,0.0549217163119364
12.491172371433,0,0.00616174807970621,0,12.491172371433,0.00616174807970621,0.00616174807970621,0.00616174807970621,0.0405245193389735
26.9159257982544,0,0.00103996356092225,0,26.9159257982544,0.00103996356092225,0.00103996356092225,0.00103996356092225,0.0289826613233299
23.3384346785706,0,0.0173424537425691,0,23.3384346785706,0.0173424537425691,0.0173424537425691,0.0173424537425691,0.0189266195413323
28.9457890893132,0,-0.0913120366455766,0,28.9457890893132,-0.0913120366455766,-0.0913120366455766,-0.0913120366455766,0.031473801407384
16.8846431378076,0,0.0592246738975235,0,16.8846431378076,0.0592246738975235,0.0592246738975235,0.0592246738975235,0.0580511049145327
129.543664939788,0,0.187339131251037,0,129.543664939788,0.187339131251037,0.187339131251037,0.187339131251037,0.0392949098741799
7.87613657515693,0,0.0413542662923309,0,7.87613657515693,0.0413542662923309,0.0413542662923309,0.0413542662923309,0.0315625132232254
6.75451986071434,0,0.0140182295143905,0,6.75451986071434,0.0140182295143905,0.0140182295143905,0.0140182295143905,0.0568066082100863
13.3632341442477,0,0.0180382677184463,0,13.3632341442477,0.0180382677184463,0.0180382677184463,0.0180382677184463,0.0615806710832505
14.7971541600243,0,-0.0430456526330341,0,14.7971541600243,-0.0430456526330341,-0.0430456526330341,-0.0430456526330341,0.0449585570848986
14.3972634987083,0,-0.0237118006498921,0,14.3972634987083,-0.0237118006498921,-0.0237118006498921,-0.0237118006498921,0.0295064854269103
14.1514365378187,0,-0.0107350800784212,0,14.1514365378187,-0.0107350800784212,-0.0107350800784212,-0.0107350800784212,0.0554744268805768
27.9381463268887,0,-0.0196646199066465,0,27.9381463268887,-0.0196646199066465,-0.0196646199066465,-0.0196646199066465,0.0266030945529787
24.4728765020316,0,-0.0883766236254439,0,24.4728765020316,-0.0883766236254439,-0.0883766236254439,-0.0883766236254439,0.0473406670453721
11.303125406956,0,0.0200076122858094,0,11.303125406956,0.0200076122858094,0.0200076122858094,0.0200076122858094,0.0675102696912362
7.48402930279067,0,0.00968988201586394,0,7.48402930279067,0.00968988201586394,0.00968988201586394,0.00968988201586394,0.0686754083472401
NA,NA,NA,NA,NA,NA,NA,NA,NA
12.0144898669671,0,-0.0304643580877798,0,12.0144898669671,-0.0304643580877798,-0.0304643580877798,-0.0304643580877798,0.0246585875375876
5.59197431763262,0,-0.0578220526680145,0,5.59197431763262,-0.0578220526680145,-0.0578220526680145,-0.0578220526680145,0.0290843221745671
7.10118523761685,0,-0.0285278978712163,0,7.10118523761685,-0.0285278978712163,-0.0285278978712163,-0.0285278978712163,0.0595492352872805
8.39406695268219,0,0.0167837864563465,0,8.39406695268219,0.0167837864563465,0.0167837864563465,0.0167837864563465,0.0322473662392579
6.68163411954067,0,0.0399525800720857,0,6.68163411954067,0.0399525800720857,0.0399525800720857,0.0399525800720857,0.0632642521725607
9.90977856764798,0,-0.0703516628541319,0,9.90977856764798,-0.0703516628541319,-0.0703516628541319,-0.0703516628541319,0.0190137396144176
9.567453602661,0,-0.0130573193727359,0,9.567453602661,-0.0130573193727359,-0.0130573193727359,-0.0130573193727359,0.0264340771076804
9.56764954052794,0,-0.00578932875863998,0,9.56764954052794,-0.00578932875863998,-0.00578932875863998,-0.00578932875863998,0.0288617279537588
9.58796747981615,0,0.00725905880614161,0,9.58796747981615,0.00725905880614161,0.00725905880614161,0.00725905880614161,0.0422687684348916
12.9045618909384,0,-0.020800428050844,0,12.9045618909384,-0.020800428050844,-0.020800428050844,-0.020800428050844,0.00918914559220215
9.03381024943225,0,-0.0258591277728825,0,9.03381024943225,-0.0258591277728825,-0.0258591277728825,-0.0258591277728825,0.0210013285642308
7.292171244769,0,0.0214216184583366,0,7.292171244769,0.0214216184583366,0.0214216184583366,0.0214216184583366,0.00787016036700002
10.6567948708008,0,0.0203455428827325,0,10.6567948708008,0.0203455428827325,0.0203455428827325,0.0203455428827325,0.0367174068081082
15.83958844307,0,0.0399832495665445,0,15.83958844307,0.0399832495665445,0.0399832495665445,0.0399832495665445,0.0130470310288665
17.7014293147066,0,0.0234372077444364,0,17.7014293147066,0.0234372077444364,0.0234372077444364,0.0234372077444364,0.0323786122878216
14.7585414478692,0,-0.0143222744287462,0,14.7585414478692,-0.0143222744287462,-0.0143222744287462,-0.0143222744287462,0.0637816832942033
8.7869971588466,0,0.0255650750927985,0,8.7869971588466,0.0255650750927985,0.0255650750927985,0.0255650750927985,0.0115189820321319
13.9836050997556,0,-0.0596374353307077,0,13.9836050997556,-0.0596374353307077,-0.0596374353307077,-0.0596374353307077,0.0260159424457815
11.3110693140974,0,0.00982781565554414,0,11.3110693140974,0.00982781565554414,0.00982781565554414,0.00982781565554414,0.0152975413868066
16.5519463473715,0,-0.0850116784148187,0,16.5519463473715,-0.0850116784148187,-0.0850116784148187,-0.0850116784148187,0.0449328569998866
12.3671082351961,0,0.0210231372322994,0,12.3671082351961,0.0210231372322994,0.0210231372322994,0.0210231372322994,0.0160828742749283
12.3654554745313,0,-0.0686880413546458,0,12.3654554745313,-0.0686880413546458,-0.0686880413546458,-0.0686880413546458,0.0513325050706189
19.2556223171704,0,0.0285945738844167,0,19.2556223171704,0.0285945738844167,0.0285945738844167,0.0285945738844167,0.0139726523520546
34.7312424253189,0,0.00360906084633839,0,34.7312424253189,0.00360906084633839,0.00360906084633839,0.00360906084633839,0.017575833019559
54.7209102152747,0,0.0196726221291343,0,54.7209102152747,0.0196726221291343,0.0196726221291343,0.0196726221291343,0.0109274670854921
9.37577209119586,0,-0.0166622088619275,0,9.37577209119586,-0.0166622088619275,-0.0166622088619275,-0.0166622088619275,0.0509886552324907
8.22166390729103,0,0.0200227074138689,0,8.22166390729103,0.0200227074138689,0.0200227074138689,0.0200227074138689,0.0889316774406693
6.56936523894705,0,-0.0184803687031215,0,6.56936523894705,-0.0184803687031215,-0.0184803687031215,-0.0184803687031215,0.0397871786329299
7.36539602284415,0,-0.0247872150245361,0,7.36539602284415,-0.0247872150245361,-0.0247872150245361,-0.0247872150245361,0.114121672795408
9.34902839864339,0,-0.0319037471830898,0,9.34902839864339,-0.0319037471830898,-0.0319037471830898,-0.0319037471830898,0.0353702402159913
9.64603221208774,0,-0.0448878782907022,0,9.64603221208774,-0.0448878782907022,-0.0448878782907022,-0.0448878782907022,0.060446521466018
11.1738978522498,0,-0.0430525372481022,0,11.1738978522498,-0.0430525372481022,-0.0430525372481022,-0.0430525372481022,0.0455534762468136
10.8363107906744,0,-0.028098390818107,0,10.8363107906744,-0.028098390818107,-0.028098390818107,-0.028098390818107,0.071926050301895
7.60971237336999,0,0.0425196941211018,0,7.60971237336999,0.0425196941211018,0.0425196941211018,0.0425196941211018,0.0675431227803087
6.7623626212796,0,0.0569688929469826,0,6.7623626212796,0.0569688929469826,0.0569688929469826,0.0569688929469826,0.0724631197752356
11.3171115233183,0,-0.0301299566297987,0,11.3171115233183,-0.0301299566297987,-0.0301299566297987,-0.0301299566297987,0.0549217163119364
12.491172371433,0,0.00616174807970621,0,12.491172371433,0.00616174807970621,0.00616174807970621,0.00616174807970621,0.0405245193389735
26.9159257982544,0,0.00103996356092225,0,26.9159257982544,0.00103996356092225,0.00103996356092225,0.00103996356092225,0.0289826613233299
23.3384346785706,0,0.0173424537425691,0,23.3384346785706,0.0173424537425691,0.0173424537425691,0.0173424537425691,0.0189266195413323
28.9457890893132,0,-0.0913120366455766,0,28.9457890893132,-0.0913120366455766,-0.0913120366455766,-0.0913120366455766,0.031473801407384
16.8846431378076,0,0.0592246738975235,0,16.8846431378076,0.0592246738975235,0.0592246738975235,0.0592246738975235,0.0580511049145327
129.543664939788,0,0.187339131251037,0,129.543664939788,0.187339131251037,0.187339131251037,0.187339131251037,0.0392949098741799
7.87613657515693,0,0.0413542662923309,0,7.87613657515693,0.0413542662923309,0.0413542662923309,0.0413542662923309,0.0315625132232254
6.75451986071434,0,0.0140182295143905,0,6.75451986071434,0.0140182295143905,0.0140182295143905,0.0140182295143905,0.0568066082100863
13.3632341442477,0,0.0180382677184463,0,13.3632341442477,0.0180382677184463,0.0180382677184463,0.0180382677184463,0.0615806710832505
14.7971541600243,0,-0.0430456526330341,0,14.7971541600243,-0.0430456526330341,-0.0430456526330341,-0.0430456526330341,0.0449585570848986
14.3972634987083,0,-0.0237118006498921,0,14.3972634987083,-0.0237118006498921,-0.0237118006498921,-0.0237118006498921,0.0295064854269103
14.1514365378187,0,-0.0107350800784212,0,14.1514365378187,-0.0107350800784212,-0.0107350800784212,-0.0107350800784212,0.0554744268805768
27.9381463268887,0,-0.0196646199066465,0,27.9381463268887,-0.0196646199066465,-0.0196646199066465,-0.0196646199066465,0.0266030945529787
24.4728765020316,0,-0.0883766236254439,0,24.4728765020316,-0.0883766236254439,-0.0883766236254439,-0.0883766236254439,0.0473406670453721
11.303125406956,0,0.0200076122858094,0,11.303125406956,0.0200076122858094,0.0200076122858094,0.0200076122858094,0.0675102696912362
7.48402930279067,0,0.00968988201586394,0,7.48402930279067,0.00968988201586394,0.00968988201586394,0.00968988201586394,0.0686754083472401
NA,NA,NA,NA,NA,NA,NA,NA,NA
12.0144898669671,0,-0.0304643580877798,0,12.0144898669671,-0.0304643580877798,-0.0304643580877798,-0.0304643580877798,0.0246585875375876
5.59197431763262,0,-0.0578220526680145,0,5.59197431763262,-0.0578220526680145,-0.0578220526680145,-0.0578220526680145,0.0290843221745671
7.10118523761685,0,-0.0285278978712163,0,7.10118523761685,-0.0285278978712163,-0.0285278978712163,-0.0285278978712163,0.0595492352872805
8.39406695268219,0,0.0167837864563465,0,8.39406695268219,0.0167837864563465,0.0167837864563465,0.0167837864563465,0.0322473662392579
6.68163411954067,0,0.0399525800720857,0,6.68163411954067,0.0399525800720857,0.0399525800720857,0.0399525800720857,0.0632642521725607
9.90977856764798,0,-0.0703516628541319,0,9.90977856764798,-0.0703516628541319,-0.0703516628541319,-0.0703516628541319,0.0190137396144176
9.567453602661,0,-0.0130573193727359,0,9.567453602661,-0.0130573193727359,-0.0130573193727359,-0.0130573193727359,0.0264340771076804
9.56764954052794,0,-0.00578932875863998,0,9.56764954052794,-0.00578932875863998,-0.00578932875863998,-0.00578932875863998,0.0288617279537588
9.58796747981615,0,0.00725905880614161,0,9.58796747981615,0.00725905880614161,0.00725905880614161,0.00725905880614161,0.0422687684348916
12.9045618909384,0,-0.020800428050844,0,12.9045618909384,-0.020800428050844,-0.020800428050844,-0.020800428050844,0.00918914559220215
9.03381024943225,0,-0.0258591277728825,0,9.03381024943225,-0.0258591277728825,-0.0258591277728825,-0.0258591277728825,0.0210013285642308
7.292171244769,0,0.0214216184583366,0,7.292171244769,0.0214216184583366,0.0214216184583366,0.0214216184583366,0.00787016036700002
10.6567948708008,0,0.0203455428827325,0,10.6567948708008,0.0203455428827325,0.0203455428827325,0.0203455428827325,0.0367174068081082
15.83958844307,0,0.0399832495665445,0,15.83958844307,0.0399832495665445,0.0399832495665445,0.0399832495665445,0.0130470310288665
17.7014293147066,0,0.0234372077444364,0,17.7014293147066,0.0234372077444364,0.0234372077444364,0.0234372077444364,0.0323786122878216
14.7585414478692,0,-0.0143222744287462,0,14.7585414478692,-0.0143222744287462,-0.0143222744287462,-0.0143222744287462,0.0637816832942033
8.7869971588466,0,0.0255650750927985,0,8.7869971588466,0.0255650750927985,0.0255650750927985,0.0255650750927985,0.0115189820321319
13.9836050997556,0,-0.0596374353307077,0,13.9836050997556,-0.0596374353307077,-0.0596374353307077,-0.0596374353307077,0.0260159424457815
11.3110693140974,0,0.00982781565554414,0,11.3110693140974,0.00982781565554414,0.00982781565554414,0.00982781565554414,0.0152975413868066
16.5519463473715,0,-0.0850116784148187,0,16.5519463473715,-0.0850116784148187,-0.0850116784148187,-0.0850116784148187,0.0449328569998866
12.3671082351961,0,0.0210231372322994,0,12.3671082351961,0.0210231372322994,0.0210231372322994,0.0210231372322994,0.0160828742749283
12.3654554745313,0,-0.0686880413546458,0,12.3654554745313,-0.0686880413546458,-0.0686880413546458,-0.0686880413546458,0.0513325050706189
19.2556223171704,0,0.0285945738844167,0,19.2556223171704,0.0285945738844167,0.0285945738844167,0.0285945738844167,0.0139726523520546
34.7312424253189,0,0.00360906084633839,0,34.7312424253189,0.00360906084633839,0.00360906084633839,0.00360906084633839,0.017575833019559
54.7209102152747,0,0.0196726221291343,0,54.7209102152747,0.0196726221291343,0.0196726221291343,0.0196726221291343,0.0109274670854921
9.37577209119586,0,-0.0166622088619275,0,9.37577209119586,-0.0166622088619275,-0.0166622088619275,-0.0166622088619275,0.0509886552324907
8.22166390729103,0,0.0200227074138689,0,8.22166390729103,0.0200227074138689,0.0200227074138689,0.0200227074138689,0.0889316774406693
6.56936523894705,0,-0.0184803687031215,0,6.56936523894705,-0.0184803687031215,-0.0184803687031215,-0.0184803687031215,0.0397871786329299
7.36539602284415,0,-0.0247872150245361,0,7.36539602284415,-0.0247872150245361,-0.0247872150245361,-0.0247872150245361,0.114121672795408
9.34902839864339,0,-0.0319037471830898,0,9.34902839864339,-0.0319037471830898,-0.0319037471830898,-0.0319037471830898,0.0353702402159913
9.64603221208774,0,-0.0448878782907022,0,9.64603221208774,-0.0448878782907022,-0.0448878782907022,-0.0448878782907022,0.060446521466018
11.1738978522498,0,-0.0430525372481022,0,11.1738978522498,-0.0430525372481022,-0.0430525372481022,-0.0430525372481022,0.0455534762468136
10.8363107906744,0,-0.028098390818107,0,10.8363107906744,-0.028098390818107,-0.028098390818107,-0.028098390818107,0.071926050301895
7.60971237336999,0,0.0425196941211018,0,7.60971237336999,0.0425196941211018,0.0425196941211018,0.0425196941211018,0.0675431227803087
6.7623626212796,0,0.0569688929469826,0,6.7623626212796,0.0569688929469826,0.0569688929469826,0.0569688929469826,0.0724631197752356
11.3171115233183,0,-0.0301299566297987,0,11.3171115233183,-0.0301299566297987,-0.0301299566297987,-0.0301299566297987,0.0549217163119364
12.491172371433,0,0.00616174807970621,0,12.491172371433,0.00616174807970621,0.00616174807970621,0.00616174807970621,0.0405245193389735
26.9159257982544,0,0.00103996356092225,0,26.9159257982544,0.00103996356092225,0.00103996356092225,0.00103996356092225,0.0289826613233299
23.3384346785706,0,0.0173424537425691,0,23.3384346785706,0.0173424537425691,0.0173424537425691,0.0173424537425691,0.0189266195413323
28.9457890893132,0,-0.0913120366455766,0,28.9457890893132,-0.0913120366455766,-0.0913120366455766,-0.0913120366455766,0.031473801407384
16.8846431378076,0,0.0592246738975235,0,16.8846431378076,0.0592246738975235,0.0592246738975235,0.0592246738975235,0.0580511049145327
129.543664939788,0,0.187339131251037,0,129.543664939788,0.187339131251037,0.187339131251037,0.187339131251037,0.0392949098741799
7.87613657515693,0,0.0413542662923309,0,7.87613657515693,0.0413542662923309,0.0413542662923309,0.0413542662923309,0.0315625132232254
6.75451986071434,0,0.0140182295143905,0,6.75451986071434,0.0140182295143905,0.0140182295143905,0.0140182295143905,0.0568066082100863
13.3632341442477,0,0.0180382677184463,0,13.3632341442477,0.0180382677184463,0.0180382677184463,0.0180382677184463,0.0615806710832505
14.7971541600243,0,-0.0430456526330341,0,14.7971541600243,-0.0430456526330341,-0.0430456526330341,-0.0430456526330341,0.0449585570848986
14.3972634987083,0,-0.0237118006498921,0,14.3972634987083,-0.0237118006498921,-0.0237118006498921,-0.0237118006498921,0.0295064854269103
14.1514365378187,0,-0.0107350800784212,0,14.1514365378187,-0.0107350800784212,-0.0107350800784212,-0.0107350800784212,0.0554744268805768
27.9381463268887,0,-0.0196646199066465,0,27.9381463268887,-0.0196646199066465,-0.0196646199066465,-0.0196646199066465,0.0266030945529787
24.4728765020316,0,-0.0883766236254439,0,24.4728765020316,-0.0883766236254439,-0.0883766236254439,-0.0883766236254439,0.0473406670453721
11.303125406956,0,0.0200076122858094,0,11.303125406956,0.0200076122858094,0.0200076122858094,0.0200076122858094,0.0675102696912362
7.48402930279067,0,0.00968988201586394,0,7.48402930279067,0.00968988201586394,0.00968988201586394,0.00968988201586394,0.0686754083472401
NA,NA,NA,NA,NA,NA,NA,NA,NA
12.0144898669671,0,-0.0304643580877798,0,12.0144898669671,-0.0304643580877798,-0.0304643580877798,-0.0304643580877798,0.0246585875375876
5.59197431763262,0,-0.0578220526680145,0,5.59197431763262,-0.0578220526680145,-0.0578220526680145,-0.0578220526680145,0.0290843221745671
7.10118523761685,0,-0.0285278978712163,0,7.10118523761685,-0.0285278978712163,-0.0285278978712163,-0.0285278978712163,0.0595492352872805
8.39406695268219,0,0.0167837864563465,0,8.39406695268219,0.0167837864563465,0.0167837864563465,0.0167837864563465,0.0322473662392579
6.68163411954067,0,0.0399525800720857,0,6.68163411954067,0.0399525800720857,0.0399525800720857,0.0399525800720857,0.0632642521725607
9.90977856764798,0,-0.0703516628541319,0,9.90977856764798,-0.0703516628541319,-0.0703516628541319,-0.0703516628541319,0.0190137396144176
9.567453602661,0,-0.0130573193727359,0,9.567453602661,-0.0130573193727359,-0.0130573193727359,-0.0130573193727359,0.0264340771076804
9.56764954052794,0,-0.00578932875863998,0,9.56764954052794,-0.00578932875863998,-0.00578932875863998,-0.00578932875863998,0.0288617279537588
9.58796747981615,0,0.00725905880614161,0,9.58796747981615,0.00725905880614161,0.00725905880614161,0.00725905880614161,0.0422687684348916
12.9045618909384,0,-0.020800428050844,0,12.9045618909384,-0.020800428050844,-0.020800428050844,-0.020800428050844,0.00918914559220215
9.03381024943225,0,-0.0258591277728825,0,9.03381024943225,-0.0258591277728825,-0.0258591277728825,-0.0258591277728825,0.0210013285642308
7.292171244769,0,0.0214216184583366,0,7.292171244769,0.0214216184583366,0.0214216184583366,0.0214216184583366,0.00787016036700002
10.6567948708008,0,0.0203455428827325,0,10.6567948708008,0.0203455428827325,0.0203455428827325,0.0203455428827325,0.0367174068081082
15.83958844307,0,0.0399832495665445,0,15.83958844307,0.0399832495665445,0.0399832495665445,0.0399832495665445,0.0130470310288665
17.7014293147066,0,0.0234372077444364,0,17.7014293147066,0.0234372077444364,0.0234372077444364,0.0234372077444364,0.0323786122878216
14.7585414478692,0,-0.0143222744287462,0,14.7585414478692,-0.0143222744287462,-0.0143222744287462,-0.0143222744287462,0.0637816832942033
8.7869971588466,0,0.0255650750927985,0,8.7869971588466,0.0255650750927985,0.0255650750927985,0.0255650750927985,0.0115189820321319
13.9836050997556,0,-0.0596374353307077,0,13.9836050997556,-0.0596374353307077,-0.0596374353307077,-0.0596374353307077,0.0260159424457815
11.3110693140974,0,0.00982781565554414,0,11.3110693140974,0.00982781565554414,0.00982781565554414,0.00982781565554414,0.0152975413868066
16.5519463473715,0,-0.0850116784148187,0,16.5519463473715,-0.0850116784148187,-0.0850116784148187,-0.0850116784148187,0.0449328569998866
12.3671082351961,0,0.0210231372322994,0,12.3671082351961,0.0210231372322994,0.0210231372322994,0.0210231372322994,0.0160828742749283
12.3654554745313,0,-0.0686880413546458,0,12.3654554745313,-0.0686880413546458,-0.0686880413546458,-0.0686880413546458,0.0513325050706189
19.2556223171704,0,0.0285945738844167,0,19.2556223171704,0.0285945738844167,0.0285945738844167,0.0285945738844167,0.0139726523520546
34.7312424253189,0,0.00360906084633839,0,34.7312424253189,0.00360906084633839,0.00360906084633839,0.00360906084633839,0.017575833019559
54.7209102152747,0,0.0196726221291343,0,54.7209102152747,0.0196726221291343,0.0196726221291343,0.0196726221291343,0.0109274670854921
9.37577209119586,0,-0.0166622088619275,0,9.37577209119586,-0.0166622088619275,-0.0166622088619275,-0.0166622088619275,0.0509886552324907
8.22166390729103,0,0.0200227074138689,0,8.22166390729103,0.0200227074138689,0.0200227074138689,0.0200227074138689,0.0889316774406693
6.56936523894705,0,-0.0184803687031215,0,6.56936523894705,-0.0184803687031215,-0.0184803687031215,-0.0184803687031215,0.0397871786329299
7.36539602284415,0,-0.0247872150245361,0,7.36539602284415,-0.0247872150245361,-0.0247872150245361,-0.0247872150245361,0.114121672795408
9.34902839864339,0,-0.0319037471830898,0,9.34902839864339,-0.0319037471830898,-0.0319037471830898,-0.0319037471830898,0.0353702402159913
9.64603221208774,0,-0.0448878782907022,0,9.64603221208774,-0.0448878782907022,-0.0448878782907022,-0.0448878782907022,0.060446521466018
11.1738978522498,0,-0.0430525372481022,0,11.1738978522498,-0.0430525372481022,-0.0430525372481022,-0.0430525372481022,0.0455534762468136
10.8363107906744,0,-0.028098390818107,0,10.8363107906744,-0.028098390818107,-0.028098390818107,-0.028098390818107,0.071926050301895
7.60971237336999,0,0.0425196941211018,0,7.60971237336999,0.0425196941211018,0.0425196941211018,0.0425196941211018,0.0675431227803087
6.7623626212796,0,0.0569688929469826,0,6.7623626212796,0.0569688929469826,0.0569688929469826,0.0569688929469826,0.0724631197752356
11.3171115233183,0,-0.0301299566297987,0,11.3171115233183,-0.0301299566297987,-0.0301299566297987,-0.0301299566297987,0.0549217163119364
12.491172371433,0,0.00616174807970621,0,12.491172371433,0.00616174807970621,0.00616174807970621,0.00616174807970621,0.0405245193389735
26.9159257982544,0,0.00103996356092225,0,26.9159257982544,0.00103996356092225,0.00103996356092225,0.00103996356092225,0.0289826613233299
23.3384346785706,0,0.0173424537425691,0,23.3384346785706,0.0173424537425691,0.0173424537425691,0.0173424537425691,0.0189266195413323
28.9457890893132,0,-0.0913120366455766,0,28.9457890893132,-0.0913120366455766,-0.0913120366455766,-0.0913120366455766,0.031473801407384
16.8846431378076,0,0.0592246738975235,0,16.8846431378076,0.0592246738975235,0.0592246738975235,0.0592246738975235,0.0580511049145327
142.341641134694,0,0.0232510378272387,0,142.341641134694,0.0232510378272387,0.0232510378272387,0.0232510378272387,0.011714103172536
7.87613657515693,0,0.0413542662923309,0,7.87613657515693,0.0413542662923309,0.0413542662923309,0.0413542662923309,0.0315625132232254
6.75451986071434,0,0.0140182295143905,0,6.75451986071434,0.0140182295143905,0.0140182295143905,0.0140182295143905,0.0568066082100863
13.3632341442477,0,0.0180382677184463,0,13.3632341442477,0.0180382677184463,0.0180382677184463,0.0180382677184463,0.0615806710832505
14.7971541600243,0,-0.0430456526330341,0,14.7971541600243,-0.0430456526330341,-0.0430456526330341,-0.0430456526330341,0.0449585570848986
14.3972634987083,0,-0.0237118006498921,0,14.3972634987083,-0.0237118006498921,-0.0237118006498921,-0.0237118006498921,0.0295064854269103
14.1514365378187,0,-0.0107350800784212,0,14.1514365378187,-0.0107350800784212,-0.0107350800784212,-0.0107350800784212,0.0554744268805768
27.9381463268887,0,-0.0196646199066465,0,27.9381463268887,-0.0196646199066465,-0.0196646199066465,-0.0196646199066465,0.0266030945529787
24.4728765020316,0,-0.0883766236254439,0,24.4728765020316,-0.0883766236254439,-0.0883766236254439,-0.0883766236254439,0.0473406670453721
11.303125406956,0,0.0200076122858094,0,11.303125406956,0.0200076122858094,0.0200076122858094,0.0200076122858094,0.0675102696912362
7.48402930279067,0,0.00968988201586394,0,7.48402930279067,0.00968988201586394,0.00968988201586394,0.00968988201586394,0.0686754083472401
NA,NA,NA,NA,NA,NA,NA,NA,NA
12.0144898669671,0,-0.0304643580877798,0,12.0144898669671,-0.0304643580877798,-0.0304643580877798,-0.0304643580877798,0.0246585875375876
5.59197431763262,0,-0.0578220526680145,0,5.59197431763262,-0.0578220526680145,-0.0578220526680145,-0.0578220526680145,0.0290843221745671
7.10118523761685,0,-0.0285278978712163,0,7.10118523761685,-0.0285278978712163,-0.0285278978712163,-0.0285278978712163,0.0595492352872805
8.39406695268219,0,0.0167837864563465,0,8.39406695268219,0.0167837864563465,0.0167837864563465,0.0167837864563465,0.0322473662392579
6.68163411954067,0,0.0399525800720857,0,6.68163411954067,0.0399525800720857,0.0399525800720857,0.0399525800720857,0.0632642521725607
9.90977856764798,0,-0.0703516628541319,0,9.90977856764798,-0.0703516628541319,-0.0703516628541319,-0.0703516628541319,0.0190137396144176
9.567453602661,0,-0.0130573193727359,0,9.567453602661,-0.0130573193727359,-0.0130573193727359,-0.0130573193727359,0.0264340771076804
9.56764954052794,0,-0.00578932875863998,0,9.56764954052794,-0.00578932875863998,-0.00578932875863998,-0.00578932875863998,0.0288617279537588
9.58796747981615,0,0.00725905880614161,0,9.58796747981615,0.00725905880614161,0.00725905880614161,0.00725905880614161,0.0422687684348916
12.9045618909384,0,-0.020800428050844,0,12.9045618909384,-0.020800428050844,-0.020800428050844,-0.020800428050844,0.00918914559220215
9.03381024943225,0,-0.0258591277728825,0,9.03381024943225,-0.0258591277728825,-0.0258591277728825,-0.0258591277728825,0.0210013285642308
7.292171244769,0,0.0214216184583366,0,7.292171244769,0.0214216184583366,0.0214216184583366,0.0214216184583366,0.00787016036700002
10.6567948708008,0,0.0203455428827325,0,10.6567948708008,0.0203455428827325,0.0203455428827325,0.0203455428827325,0.0367174068081082
15.83958844307,0,0.0399832495665445,0,15.83958844307,0.0399832495665445,0.0399832495665445,0.0399832495665445,0.0130470310288665
17.7014293147066,0,0.0234372077444364,0,17.7014293147066,0.0234372077444364,0.0234372077444364,0.0234372077444364,0.0323786122878216
14.7585414478692,0,-0.0143222744287462,0,14.7585414478692,-0.0143222744287462,-0.0143222744287462,-0.0143222744287462,0.0637816832942033
8.7869971588466,0,0.0255650750927985,0,8.7869971588466,0.0255650750927985,0.0255650750927985,0.0255650750927985,0.0115189820321319
13.9836050997556,0,-0.0596374353307077,0,13.9836050997556,-0.0596374353307077,-0.0596374353307077,-0.0596374353307077,0.0260159424457815
11.3110693140974,0,0.00982781565554414,0,11.3110693140974,0.00982781565554414,0.00982781565554414,0.00982781565554414,0.0152975413868066
16.5519463473715,0,-0.0850116784148187,0,16.5519463473715,-0.0850116784148187,-0.0850116784148187,-0.0850116784148187,0.0449328569998866
12.3671082351961,0,0.0210231372322994,0,12.3671082351961,0.0210231372322994,0.0210231372322994,0.0210231372322994,0.0160828742749283
12.3654554745313,0,-0.0686880413546458,0,12.3654554745313,-0.0686880413546458,-0.0686880413546458,-0.0686880413546458,0.0513325050706189
19.2556223171704,0,0.0285945738844167,0,19.2556223171704,0.0285945738844167,0.0285945738844167,0.0285945738844167,0.0139726523520546
34.7312424253189,0,0.00360906084633839,0,34.7312424253189,0.00360906084633839,0.00360906084633839,0.00360906084633839,0.017575833019559
54.7209102152747,0,0.0196726221291343,0,54.7209102152747,0.0196726221291343,0.0196726221291343,0.0196726221291343,0.0109274670854921
9.37577209119586,0,-0.0166622088619275,0,9.37577209119586,-0.0166622088619275,-0.0166622088619275,-0.0166622088619275,0.0509886552324907
8.22166390729103,0,0.0200227074138689,0,8.22166390729103,0.0200227074138689,0.0200227074138689,0.0200227074138689,0.0889316774406693
6.56936523894705,0,-0.0184803687031215,0,6.56936523894705,-0.0184803687031215,-0.0184803687031215,-0.0184803687031215,0.0397871786329299
7.36539602284415,0,-0.0247872150245361,0,7.36539602284415,-0.0247872150245361,-0.0247872150245361,-0.0247872150245361,0.114121672795408
9.34902839864339,0,-0.0319037471830898,0,9.34902839864339,-0.0319037471830898,-0.0319037471830898,-0.0319037471830898,0.0353702402159913
9.64603221208774,0,-0.0448878782907022,0,9.64603221208774,-0.0448878782907022,-0.0448878782907022,-0.0448878782907022,0.060446521466018
11.1738978522498,0,-0.0430525372481022,0,11.1738978522498,-0.0430525372481022,-0.0430525372481022,-0.0430525372481022,0.0455534762468136
10.8363107906744,0,-0.028098390818107,0,10.8363107906744,-0.028098390818107,-0.028098390818107,-0.028098390818107,0.071926050301895
7.60971237336999,0,0.0425196941211018,0,7.60971237336999,0.0425196941211018,0.0425196941211018,0.0425196941211018,0.0675431227803087
6.7623626212796,0,0.0569688929469826,0,6.7623626212796,0.0569688929469826,0.0569688929469826,0.0569688929469826,0.0724631197752356
11.3171115233183,0,-0.0301299566297987,0,11.3171115233183,-0.0301299566297987,-0.0301299566297987,-0.0301299566297987,0.0549217163119364
12.491172371433,0,0.00616174807970621,0,12.491172371433,0.00616174807970621,0.00616174807970621,0.00616174807970621,0.0405245193389735
26.9159257982544,0,0.00103996356092225,0,26.9159257982544,0.00103996356092225,0.00103996356092225,0.00103996356092225,0.0289826613233299
23.3384346785706,0,0.0173424537425691,0,23.3384346785706,0.0173424537425691,0.0173424537425691,0.0173424537425691,0.0189266195413323
28.9457890893132,0,-0.0913120366455766,0,28.9457890893132,-0.0913120366455766,-0.0913120366455766,-0.0913120366455766,0.031473801407384
16.8846431378076,0,0.0592246738975235,0,16.8846431378076,0.0592246738975235,0.0592246738975235,0.0592246738975235,0.0580511049145327
142.341641134694,0,0.0232510378272387,0,142.341641134694,0.0232510378272387,0.0232510378272387,0.0232510378272387,0.011714103172536
7.87613657515693,0,0.0413542662923309,0,7.87613657515693,0.0413542662923309,0.0413542662923309,0.0413542662923309,0.0315625132232254
6.75451986071434,0,0.0140182295143905,0,6.75451986071434,0.0140182295143905,0.0140182295143905,0.0140182295143905,0.0568066082100863
13.3632341442477,0,0.0180382677184463,0,13.3632341442477,0.0180382677184463,0.0180382677184463,0.0180382677184463,0.0615806710832505
14.7971541600243,0,-0.0430456526330341,0,14.7971541600243,-0.0430456526330341,-0.0430456526330341,-0.0430456526330341,0.0449585570848986
14.3972634987083,0,-0.0237118006498921,0,14.3972634987083,-0.0237118006498921,-0.0237118006498921,-0.0237118006498921,0.0295064854269103
14.1514365378187,0,-0.0107350800784212,0,14.1514365378187,-0.0107350800784212,-0.0107350800784212,-0.0107350800784212,0.0554744268805768
27.9381463268887,0,-0.0196646199066465,0,27.9381463268887,-0.0196646199066465,-0.0196646199066465,-0.0196646199066465,0.0266030945529787
24.4728765020316,0,-0.0883766236254439,0,24.4728765020316,-0.0883766236254439,-0.0883766236254439,-0.0883766236254439,0.0473406670453721
11.303125406956,0,0.0200076122858094,0,11.303125406956,0.0200076122858094,0.0200076122858094,0.0200076122858094,0.0675102696912362
7.48402930279067,0,0.00968988201586394,0,7.48402930279067,0.00968988201586394,0.00968988201586394,0.00968988201586394,0.0686754083472401
NA,NA,NA,NA,NA,NA,NA,NA,NA
12.0144898669671,0,-0.0304643580877798,0,12.0144898669671,-0.0304643580877798,-0.0304643580877798,-0.0304643580877798,0.0246585875375876
5.59197431763262,0,-0.0578220526680145,0,5.59197431763262,-0.0578220526680145,-0.0578220526680145,-0.0578220526680145,0.0290843221745671
7.10118523761685,0,-0.0285278978712163,0,7.10118523761685,-0.0285278978712163,-0.0285278978712163,-0.0285278978712163,0.0595492352872805
8.39406695268219,0,0.0167837864563465,0,8.39406695268219,0.0167837864563465,0.0167837864563465,0.0167837864563465,0.0322473662392579
6.68163411954067,0,0.0399525800720857,0,6.68163411954067,0.0399525800720857,0.0399525800720857,0.0399525800720857,0.0632642521725607
9.90977856764798,0,-0.0703516628541319,0,9.90977856764798,-0.0703516628541319,-0.0703516628541319,-0.0703516628541319,0.0190137396144176
9.567453602661,0,-0.0130573193727359,0,9.567453602661,-0.0130573193727359,-0.0130573193727359,-0.0130573193727359,0.0264340771076804
9.56764954052794,0,-0.00578932875863998,0,9.56764954052794,-0.00578932875863998,-0.00578932875863998,-0.00578932875863998,0.0288617279537588
9.58796747981615,0,0.00725905880614161,0,9.58796747981615,0.00725905880614161,0.00725905880614161,0.00725905880614161,0.0422687684348916
12.9045618909384,0,-0.020800428050844,0,12.9045618909384,-0.020800428050844,-0.020800428050844,-0.020800428050844,0.00918914559220215
9.03381024943225,0,-0.0258591277728825,0,9.03381024943225,-0.0258591277728825,-0.0258591277728825,-0.0258591277728825,0.0210013285642308
7.292171244769,0,0.0214216184583366,0,7.292171244769,0.0214216184583366,0.0214216184583366,0.0214216184583366,0.00787016036700002
10.6567948708008,0,0.0203455428827325,0,10.6567948708008,0.0203455428827325,0.0203455428827325,0.0203455428827325,0.0367174068081082
15.83958844307,0,0.0399832495665445,0,15.83958844307,0.0399832495665445,0.0399832495665445,0.0399832495665445,0.0130470310288665
17.7014293147066,0,0.0234372077444364,0,17.7014293147066,0.0234372077444364,0.0234372077444364,0.0234372077444364,0.0323786122878216
14.7585414478692,0,-0.0143222744287462,0,14.7585414478692,-0.0143222744287462,-0.0143222744287462,-0.0143222744287462,0.0637816832942033
8.7869971588466,0,0.0255650750927985,0,8.7869971588466,0.0255650750927985,0.0255650750927985,0.0255650750927985,0.0115189820321319
13.9836050997556,0,-0.0596374353307077,0,13.9836050997556,-0.0596374353307077,-0.0596374353307077,-0.0596374353307077,0.0260159424457815
11.3110693140974,0,0.00982781565554414,0,11.3110693140974,0.00982781565554414,0.00982781565554414,0.00982781565554414,0.0152975413868066
16.5519463473715,0,-0.0850116784148187,0,16.5519463473715,-0.0850116784148187,-0.0850116784148187,-0.0850116784148187,0.0449328569998866
12.3671082351961,0,0.0210231372322994,0,12.3671082351961,0.0210231372322994,0.0210231372322994,0.0210231372322994,0.0160828742749283
12.3654554745313,0,-0.0686880413546458,0,12.3654554745313,-0.0686880413546458,-0.0686880413546458,-0.0686880413546458,0.0513325050706189
19.2556223171704,0,0.0285945738844167,0,19.2556223171704,0.0285945738844167,0.0285945738844167,0.0285945738844167,0.0139726523520546
34.7312424253189,0,0.00360906084633839,0,34.7312424253189,0.00360906084633839,0.00360906084633839,0.00360906084633839,0.017575833019559
54.7209102152747,0,0.0196726221291343,0,54.7209102152747,0.0196726221291343,0.0196726221291343,0.0196726221291343,0.0109274670854921
9.37577209119586,0,-0.0166622088619275,0,9.37577209119586,-0.0166622088619275,-0.0166622088619275,-0.0166622088619275,0.0509886552324907
8.22166390729103,0,0.0200227074138689,0,8.22166390729103,0.0200227074138689,0.0200227074138689,0.0200227074138689,0.0889316774406693
6.56936523894705,0,-0.0184803687031215,0,6.56936523894705,-0.0184803687031215,-0.0184803687031215,-0.0184803687031215,0.0397871786329299
7.36539602284415,0,-0.0247872150245361,0,7.36539602284415,-0.0247872150245361,-0.0247872150245361,-0.0247872150245361,0.114121672795408
9.34902839864339,0,-0.0319037471830898,0,9.34902839864339,-0.0319037471830898,-0.0319037471830898,-0.0319037471830898,0.0353702402159913
9.64603221208774,0,-0.0448878782907022,0,9.64603221208774,-0.0448878782907022,-0.0448878782907022,-0.0448878782907022,0.060446521466018
11.1738978522498,0,-0.0430525372481022,0,11.1738978522498,-0.0430525372481022,-0.0430525372481022,-0.0430525372481022,0.0455534762468136
10.8363107906744,0,-0.028098390818107,0,10.8363107906744,-0.028098390818107,-0.028098390818107,-0.028098390818107,0.071926050301895
7.60971237336999,0,0.0425196941211018,0,7.60971237336999,0.0425196941211018,0.0425196941211018,0.0425196941211018,0.0675431227803087
6.7623626212796,0,0.0569688929469826,0,6.7623626212796,0.0569688929469826,0.0569688929469826,0.0569688929469826,0.0724631197752356
11.3171115233183,0,-0.0301299566297987,0,11.3171115233183,-0.0301299566297987,-0.0301299566297987,-0.0301299566297987,0.0549217163119364
12.491172371433,0,0.00616174807970621,0,12.491172371433,0.00616174807970621,0.00616174807970621,0.00616174807970621,0.0405245193389735
26.9159257982544,0,0.00103996356092225,0,26.9159257982544,0.00103996356092225,0.00103996356092225,0.00103996356092225,0.0289826613233299
23.3384346785706,0,0.0173424537425691,0,23.3384346785706,0.0173424537425691,0.0173424537425691,0.0173424537425691,0.0189266195413323
28.9457890893132,0,-0.0913120366455766,0,28.9457890893132,-0.0913120366455766,-0.0913120366455766,-0.0913120366455766,0.031473801407384
16.8846431378076,0,0.0592246738975235,0,16.8846431378076,0.0592246738975235,0.0592246738975235,0.0592246738975235,0.0580511049145327
142.341641134694,0,0.0232510378272387,0,142.341641134694,0.0232510378272387,0.0232510378272387,0.0232510378272387,0.011714103172536
7.87613657515693,0,0.0413542662923309,0,7.87613657515693,0.0413542662923309,0.0413542662923309,0.0413542662923309,0.0315625132232254
6.75451986071434,0,0.0140182295143905,0,6.75451986071434,0.0140182295143905,0.0140182295143905,0.0140182295143905,0.0568066082100863
13.3632341442477,0,0.0180382677184463,0,13.3632341442477,0.0180382677184463,0.0180382677184463,0.0180382677184463,0.0615806710832505
14.7971541600243,0,-0.0430456526330341,0,14.7971541600243,-0.0430456526330341,-0.0430456526330341,-0.0430456526330341,0.0449585570848986
14.3972634987083,0,-0.0237118006498921,0,14.3972634987083,-0.0237118006498921,-0.0237118006498921,-0.0237118006498921,0.0295064854269103
14.1514365378187,0,-0.0107350800784212,0,14.1514365378187,-0.0107350800784212,-0.0107350800784212,-0.0107350800784212,0.0554744268805768
27.9381463268887,0,-0.0196646199066465,0,27.9381463268887,-0.0196646199066465,-0.0196646199066465,-0.0196646199066465,0.0266030945529787
24.4728765020316,0,-0.0883766236254439,0,24.4728765020316,-0.0883766236254439,-0.0883766236254439,-0.0883766236254439,0.0473406670453721
11.303125406956,0,0.0200076122858094,0,11.303125406956,0.0200076122858094,0.0200076122858094,0.0200076122858094,0.0675102696912362
7.48402930279067,0,0.00968988201586394,0,7.48402930279067,0.00968988201586394,0.00968988201586394,0.00968988201586394,0.0686754083472401
NA,NA,NA,NA,NA,NA,NA,NA,NA
12.0144898669671,0,-0.0304643580877798,0,12.0144898669671,-0.0304643580877798,-0.0304643580877798,-0.0304643580877798,0.0246585875375876
5.59197431763262,0,-0.0578220526680145,0,5.59197431763262,-0.0578220526680145,-0.0578220526680145,-0.0578220526680145,0.0290843221745671
7.10118523761685,0,-0.0285278978712163,0,7.10118523761685,-0.0285278978712163,-0.0285278978712163,-0.0285278978712163,0.0595492352872805
8.39406695268219,0,0.0167837864563465,0,8.39406695268219,0.0167837864563465,0.0167837864563465,0.0167837864563465,0.0322473662392579
6.68163411954067,0,0.0399525800720857,0,6.68163411954067,0.0399525800720857,0.0399525800720857,0.0399525800720857,0.0632642521725607
9.90977856764798,0,-0.0703516628541319,0,9.90977856764798,-0.0703516628541319,-0.0703516628541319,-0.0703516628541319,0.0190137396144176
9.567453602661,0,-0.0130573193727359,0,9.567453602661,-0.0130573193727359,-0.0130573193727359,-0.0130573193727359,0.0264340771076804
9.56764954052794,0,-0.00578932875863998,0,9.56764954052794,-0.00578932875863998,-0.00578932875863998,-0.00578932875863998,0.0288617279537588
9.58796747981615,0,0.00725905880614161,0,9.58796747981615,0.00725905880614161,0.00725905880614161,0.00725905880614161,0.0422687684348916
12.9045618909384,0,-0.020800428050844,0,12.9045618909384,-0.020800428050844,-0.020800428050844,-0.020800428050844,0.00918914559220215
9.03381024943225,0,-0.0258591277728825,0,9.03381024943225,-0.0258591277728825,-0.0258591277728825,-0.0258591277728825,0.0210013285642308
7.292171244769,0,0.0214216184583366,0,7.292171244769,0.0214216184583366,0.0214216184583366,0.0214216184583366,0.00787016036700002
10.6567948708008,0,0.0203455428827325,0,10.6567948708008,0.0203455428827325,0.0203455428827325,0.0203455428827325,0.0367174068081082
15.83958844307,0,0.0399832495665445,0,15.83958844307,0.0399832495665445,0.0399832495665445,0.0399832495665445,0.0130470310288665
17.7014293147066,0,0.0234372077444364,0,17.7014293147066,0.0234372077444364,0.0234372077444364,0.0234372077444364,0.0323786122878216
14.7585414478692,0,-0.0143222744287462,0,14.7585414478692,-0.0143222744287462,-0.0143222744287462,-0.0143222744287462,0.0637816832942033
8.7869971588466,0,0.0255650750927985,0,8.7869971588466,0.0255650750927985,0.0255650750927985,0.0255650750927985,0.0115189820321319
13.9836050997556,0,-0.0596374353307077,0,13.9836050997556,-0.0596374353307077,-0.0596374353307077,-0.0596374353307077,0.0260159424457815
11.3110693140974,0,0.00982781565554414,0,11.3110693140974,0.00982781565554414,0.00982781565554414,0.00982781565554414,0.0152975413868066
16.5519463473715,0,-0.0850116784148187,0,16.5519463473715,-0.0850116784148187,-0.0850116784148187,-0.0850116784148187,0.0449328569998866
12.3671082351961,0,0.0210231372322994,0,12.3671082351961,0.0210231372322994,0.0210231372322994,0.0210231372322994,0.0160828742749283
12.3654554745313,0,-0.0686880413546458,0,12.3654554745313,-0.0686880413546458,-0.0686880413546458,-0.0686880413546458,0.0513325050706189
19.2556223171704,0,0.0285945738844167,0,19.2556223171704,0.0285945738844167,0.0285945738844167,0.0285945738844167,0.0139726523520546
34.7312424253189,0,0.00360906084633839,0,34.7312424253189,0.00360906084633839,0.00360906084633839,0.00360906084633839,0.017575833019559
54.7209102152747,0,0.0196726221291343,0,54.7209102152747,0.0196726221291343,0.0196726221291343,0.0196726221291343,0.0109274670854921
9.37577209119586,0,-0.0166622088619275,0,9.37577209119586,-0.0166622088619275,-0.0166622088619275,-0.0166622088619275,0.0509886552324907
8.22166390729103,0,0.0200227074138689,0,8.22166390729103,0.0200227074138689,0.0200227074138689,0.0200227074138689,0.0889316774406693
6.56936523894705,0,-0.0184803687031215,0,6.56936523894705,-0.0184803687031215,-0.0184803687031215,-0.0184803687031215,0.0397871786329299
7.36539602284415,0,-0.0247872150245361,0,7.36539602284415,-0.0247872150245361,-0.0247872150245361,-0.0247872150245361,0.114121672795408
9.34902839864339,0,-0.0319037471830898,0,9.34902839864339,-0.0319037471830898,-0.0319037471830898,-0.0319037471830898,0.0353702402159913
9.64603221208774,0,-0.0448878782907022,0,9.64603221208774,-0.0448878782907022,-0.0448878782907022,-0.0448878782907022,0.060446521466018
11.1738978522498,0,-0.0430525372481022,0,11.1738978522498,-0.0430525372481022,-0.0430525372481022,-0.0430525372481022,0.0455534762468136
10.8363107906744,0,-0.028098390818107,0,10.8363107906744,-0.028098390818107,-0.028098390818107,-0.028098390818107,0.071926050301895
7.60971237336999,0,0.0425196941211018,0,7.60971237336999,0.0425196941211018,0.0425196941211018,0.0425196941211018,0.0675431227803087
6.7623626212796,0,0.0569688929469826,0,6.7623626212796,0.0569688929469826,0.0569688929469826,0.0569688929469826,0.0724631197752356
11.3171115233183,0,-0.0301299566297987,0,11.3171115233183,-0.0301299566297987,-0.0301299566297987,-0.0301299566297987,0.0549217163119364
12.491172371433,0,0.00616174807970621,0,12.491172371433,0.00616174807970621,0.00616174807970621,0.00616174807970621,0.0405245193389735
26.9159257982544,0,0.00103996356092225,0,26.9159257982544,0.00103996356092225,0.00103996356092225,0.00103996356092225,0.0289826613233299
23.3384346785706,0,0.0173424537425691,0,23.3384346785706,0.0173424537425691,0.0173424537425691,0.0173424537425691,0.0189266195413323
28.9457890893132,0,-0.0913120366455766,0,28.9457890893132,-0.0913120366455766,-0.0913120366455766,-0.0913120366455766,0.031473801407384
16.8846431378076,0,0.0592246738975235,0,16.8846431378076,0.0592246738975235,0.0592246738975235,0.0592246738975235,0.0580511049145327
142.341641134694,0,0.0232510378272387,0,142.341641134694,0.0232510378272387,0.0232510378272387,0.0232510378272387,0.011714103172536
7.87613657515693,0,0.0413542662923309,0,7.87613657515693,0.0413542662923309,0.0413542662923309,0.0413542662923309,0.0315625132232254
6.75451986071434,0,0.0140182295143905,0,6.75451986071434,0.0140182295143905,0.0140182295143905,0.0140182295143905,0.0568066082100863
13.3632341442477,0,0.0180382677184463,0,13.3632341442477,0.0180382677184463,0.0180382677184463,0.0180382677184463,0.0615806710832505
14.7971541600243,0,-0.0430456526330341,0,14.7971541600243,-0.0430456526330341,-0.0430456526330341,-0.0430456526330341,0.0449585570848986
14.3972634987083,0,-0.0237118006498921,0,14.3972634987083,-0.0237118006498921,-0.0237118006498921,-0.0237118006498921,0.0295064854269103
14.1514365378187,0,-0.0107350800784212,0,14.1514365378187,-0.0107350800784212,-0.0107350800784212,-0.0107350800784212,0.0554744268805768
27.9381463268887,0,-0.0196646199066465,0,27.9381463268887,-0.0196646199066465,-0.0196646199066465,-0.0196646199066465,0.0266030945529787
24.4728765020316,0,-0.0883766236254439,0,24.4728765020316,-0.0883766236254439,-0.0883766236254439,-0.0883766236254439,0.0473406670453721
11.303125406956,0,0.0200076122858094,0,11.303125406956,0.0200076122858094,0.0200076122858094,0.0200076122858094,0.0675102696912362
7.48402930279067,0,0.00968988201586394,0,7.48402930279067,0.00968988201586394,0.00968988201586394,0.00968988201586394,0.0686754083472401
NA,NA,NA,NA,NA,NA,NA,NA,NA
12.0144898669671,0,-0.0304643580877798,0,12.0144898669671,-0.0304643580877798,-0.0304643580877798,-0.0304643580877798,0.0246585875375876
5.59197431763262,0,-0.0578220526680145,0,5.59197431763262,-0.0578220526680145,-0.0578220526680145,-0.0578220526680145,0.0290843221745671
7.10118523761685,0,-0.0285278978712163,0,7.10118523761685,-0.0285278978712163,-0.0285278978712163,-0.0285278978712163,0.0595492352872805
8.39406695268219,0,0.0167837864563465,0,8.39406695268219,0.0167837864563465,0.0167837864563465,0.0167837864563465,0.0322473662392579
6.68163411954067,0,0.0399525800720857,0,6.68163411954067,0.0399525800720857,0.0399525800720857,0.0399525800720857,0.0632642521725607
9.90977856764798,0,-0.0703516628541319,0,9.90977856764798,-0.0703516628541319,-0.0703516628541319,-0.0703516628541319,0.0190137396144176
9.567453602661,0,-0.0130573193727359,0,9.567453602661,-0.0130573193727359,-0.0130573193727359,-0.0130573193727359,0.0264340771076804
9.56764954052794,0,-0.00578932875863998,0,9.56764954052794,-0.00578932875863998,-0.00578932875863998,-0.00578932875863998,0.0288617279537588
9.58796747981615,0,0.00725905880614161,0,9.58796747981615,0.00725905880614161,0.00725905880614161,0.00725905880614161,0.0422687684348916
12.9045618909384,0,-0.020800428050844,0,12.9045618909384,-0.020800428050844,-0.020800428050844,-0.020800428050844,0.00918914559220215
9.03381024943225,0,-0.0258591277728825,0,9.03381024943225,-0.0258591277728825,-0.0258591277728825,-0.0258591277728825,0.0210013285642308
7.292171244769,0,0.0214216184583366,0,7.292171244769,0.0214216184583366,0.0214216184583366,0.0214216184583366,0.00787016036700002
10.6567948708008,0,0.0203455428827325,0,10.6567948708008,0.0203455428827325,0.0203455428827325,0.0203455428827325,0.0367174068081082
15.83958844307,0,0.0399832495665445,0,15.83958844307,0.0399832495665445,0.0399832495665445,0.0399832495665445,0.0130470310288665
17.7014293147066,0,0.0234372077444364,0,17.7014293147066,0.0234372077444364,0.0234372077444364,0.0234372077444364,0.0323786122878216
14.7585414478692,0,-0.0143222744287462,0,14.7585414478692,-0.0143222744287462,-0.0143222744287462,-0.0143222744287462,0.0637816832942033
8.7869971588466,0,0.0255650750927985,0,8.7869971588466,0.0255650750927985,0.0255650750927985,0.0255650750927985,0.0115189820321319
13.9836050997556,0,-0.0596374353307077,0,13.9836050997556,-0.0596374353307077,-0.0596374353307077,-0.0596374353307077,0.0260159424457815
11.3110693140974,0,0.00982781565554414,0,11.3110693140974,0.00982781565554414,0.00982781565554414,0.00982781565554414,0.0152975413868066
16.5519463473715,0,-0.0850116784148187,0,16.5519463473715,-0.0850116784148187,-0.0850116784148187,-0.0850116784148187,0.0449328569998866
12.3671082351961,0,0.0210231372322994,0,12.3671082351961,0.0210231372322994,0.0210231372322994,0.0210231372322994,0.0160828742749283
12.3654554745313,0,-0.0686880413546458,0,12.3654554745313,-0.0686880413546458,-0.0686880413546458,-0.0686880413546458,0.0513325050706189
19.2556223171704,0,0.0285945738844167,0,19.2556223171704,0.0285945738844167,0.0285945738844167,0.0285945738844167,0.0139726523520546
34.7312424253189,0,0.00360906084633839,0,34.7312424253189,0.00360906084633839,0.00360906084633839,0.00360906084633839,0.017575833019559
54.7209102152747,0,0.0196726221291343,0,54.7209102152747,0.0196726221291343,0.0196726221291343,0.0196726221291343,0.0109274670854921
9.37577209119586,0,-0.0166622088619275,0,9.37577209119586,-0.0166622088619275,-0.0166622088619275,-0.0166622088619275,0.0509886552324907
8.22166390729103,0,0.0200227074138689,0,8.22166390729103,0.0200227074138689,0.0200227074138689,0.0200227074138689,0.0889316774406693
6.56936523894705,0,-0.0184803687031215,0,6.56936523894705,-0.0184803687031215,-0.0184803687031215,-0.0184803687031215,0.0397871786329299
7.36539602284415,0,-0.0247872150245361,0,7.36539602284415,-0.0247872150245361,-0.0247872150245361,-0.0247872150245361,0.114121672795408
9.34902839864339,0,-0.0319037471830898,0,9.34902839864339,-0.0319037471830898,-0.0319037471830898,-0.0319037471830898,0.0353702402159913
9.64603221208774,0,-0.0448878782907022,0,9.64603221208774,-0.0448878782907022,-0.0448878782907022,-0.0448878782907022,0.060446521466018
11.1738978522498,0,-0.0430525372481022,0,11.1738978522498,-0.0430525372481022,-0.0430525372481022,-0.0430525372481022,0.0455534762468136
10.8363107906744,0,-0.028098390818107,0,10.8363107906744,-0.028098390818107,-0.028098390818107,-0.028098390818107,0.071926050301895
7.60971237336999,0,0.0425196941211018,0,7.60971237336999,0.0425196941211018,0.0425196941211018,0.0425196941211018,0.0675431227803087
6.7623626212796,0,0.0569688929469826,0,6.7623626212796,0.0569688929469826,0.0569688929469826,0.0569688929469826,0.0724631197752356
11.3171115233183,0,-0.0301299566297987,0,11.3171115233183,-0.0301299566297987,-0.0301299566297987,-0.0301299566297987,0.0549217163119364
12.491172371433,0,0.00616174807970621,0,12.491172371433,0.00616174807970621,0.00616174807970621,0.00616174807970621,0.0405245193389735
26.9159257982544,0,0.00103996356092225,0,26.9159257982544,0.00103996356092225,0.00103996356092225,0.00103996356092225,0.0289826613233299
23.3384346785706,0,0.0173424537425691,0,23.3384346785706,0.0173424537425691,0.0173424537425691,0.0173424537425691,0.0189266195413323
28.9457890893132,0,-0.0913120366455766,0,28.9457890893132,-0.0913120366455766,-0.0913120366455766,-0.0913120366455766,0.031473801407384
16.8846431378076,0,0.0592246738975235,0,16.8846431378076,0.0592246738975235,0.0592246738975235,0.0592246738975235,0.0580511049145327
142.341641134694,0,0.0232510378272387,0,142.341641134694,0.0232510378272387,0.0232510378272387,0.0232510378272387,0.011714103172536
7.87613657515693,0,0.0413542662923309,0,7.87613657515693,0.0413542662923309,0.0413542662923309,0.0413542662923309,0.0315625132232254
6.75451986071434,0,0.0140182295143905,0,6.75451986071434,0.0140182295143905,0.0140182295143905,0.0140182295143905,0.0568066082100863
13.3632341442477,0,0.0180382677184463,0,13.3632341442477,0.0180382677184463,0.0180382677184463,0.0180382677184463,0.0615806710832505
14.7971541600243,0,-0.0430456526330341,0,14.7971541600243,-0.0430456526330341,-0.0430456526330341,-0.0430456526330341,0.0449585570848986
14.3972634987083,0,-0.0237118006498921,0,14.3972634987083,-0.0237118006498921,-0.0237118006498921,-0.0237118006498921,0.0295064854269103
14.1514365378187,0,-0.0107350800784212,0,14.1514365378187,-0.0107350800784212,-0.0107350800784212,-0.0107350800784212,0.0554744268805768
27.9381463268887,0,-0.0196646199066465,0,27.9381463268887,-0.0196646199066465,-0.0196646199066465,-0.0196646199066465,0.0266030945529787
24.4728765020316,0,-0.0883766236254439,0,24.4728765020316,-0.0883766236254439,-0.0883766236254439,-0.0883766236254439,0.0473406670453721
11.303125406956,0,0.0200076122858094,0,11.303125406956,0.0200076122858094,0.0200076122858094,0.0200076122858094,0.0675102696912362
7.48402930279067,0,0.00968988201586394,0,7.48402930279067,0.00968988201586394,0.00968988201586394,0.00968988201586394,0.0686754083472401
NA,NA,NA,NA,NA,NA,NA,NA,NA
12.0144898669671,0,-0.0304643580877798,0,12.0144898669671,-0.0304643580877798,-0.0304643580877798,-0.0304643580877798,0.0246585875375876
5.59197431763262,0,-0.0578220526680145,0,5.59197431763262,-0.0578220526680145,-0.0578220526680145,-0.0578220526680145,0.0290843221745671
7.10118523761685,0,-0.0285278978712163,0,7.10118523761685,-0.0285278978712163,-0.0285278978712163,-0.0285278978712163,0.0595492352872805
8.39406695268219,0,0.0167837864563465,0,8.39406695268219,0.0167837864563465,0.0167837864563465,0.0167837864563465,0.0322473662392579
6.68163411954067,0,0.0399525800720857,0,6.68163411954067,0.0399525800720857,0.0399525800720857,0.0399525800720857,0.0632642521725607
9.90977856764798,0,-0.0703516628541319,0,9.90977856764798,-0.0703516628541319,-0.0703516628541319,-0.0703516628541319,0.0190137396144176
9.567453602661,0,-0.0130573193727359,0,9.567453602661,-0.0130573193727359,-0.0130573193727359,-0.0130573193727359,0.0264340771076804
9.56764954052794,0,-0.00578932875863998,0,9.56764954052794,-0.00578932875863998,-0.00578932875863998,-0.00578932875863998,0.0288617279537588
9.58796747981615,0,0.00725905880614161,0,9.58796747981615,0.00725905880614161,0.00725905880614161,0.00725905880614161,0.0422687684348916
12.9045618909384,0,-0.020800428050844,0,12.9045618909384,-0.020800428050844,-0.020800428050844,-0.020800428050844,0.00918914559220215
9.03381024943225,0,-0.0258591277728825,0,9.03381024943225,-0.0258591277728825,-0.0258591277728825,-0.0258591277728825,0.0210013285642308
7.292171244769,0,0.0214216184583366,0,7.292171244769,0.0214216184583366,0.0214216184583366,0.0214216184583366,0.00787016036700002
10.6567948708008,0,0.0203455428827325,0,10.6567948708008,0.0203455428827325,0.0203455428827325,0.0203455428827325,0.0367174068081082
15.83958844307,0,0.0399832495665445,0,15.83958844307,0.0399832495665445,0.0399832495665445,0.0399832495665445,0.0130470310288665
17.7014293147066,0,0.0234372077444364,0,17.7014293147066,0.0234372077444364,0.0234372077444364,0.0234372077444364,0.0323786122878216
14.7585414478692,0,-0.0143222744287462,0,14.7585414478692,-0.0143222744287462,-0.0143222744287462,-0.0143222744287462,0.0637816832942033
8.7869971588466,0,0.0255650750927985,0,8.7869971588466,0.0255650750927985,0.0255650750927985,0.0255650750927985,0.0115189820321319
13.9836050997556,0,-0.0596374353307077,0,13.9836050997556,-0.0596374353307077,-0.0596374353307077,-0.0596374353307077,0.0260159424457815
11.3110693140974,0,0.00982781565554414,0,11.3110693140974,0.00982781565554414,0.00982781565554414,0.00982781565554414,0.0152975413868066
16.5519463473715,0,-0.0850116784148187,0,16.5519463473715,-0.0850116784148187,-0.0850116784148187,-0.0850116784148187,0.0449328569998866
12.3671082351961,0,0.0210231372322994,0,12.3671082351961,0.0210231372322994,0.0210231372322994,0.0210231372322994,0.0160828742749283
12.3654554745313,0,-0.0686880413546458,0,12.3654554745313,-0.0686880413546458,-0.0686880413546458,-0.0686880413546458,0.0513325050706189
19.2556223171704,0,0.0285945738844167,0,19.2556223171704,0.0285945738844167,0.0285945738844167,0.0285945738844167,0.0139726523520546
34.7312424253189,0,0.00360906084633839,0,34.7312424253189,0.00360906084633839,0.00360906084633839,0.00360906084633839,0.017575833019559
54.7209102152747,0,0.0196726221291343,0,54.7209102152747,0.0196726221291343,0.0196726221291343,0.0196726221291343,0.0109274670854921
9.37577209119586,0,-0.0166622088619275,0,9.37577209119586,-0.0166622088619275,-0.0166622088619275,-0.0166622088619275,0.0509886552324907
8.22166390729103,0,0.0200227074138689,0,8.22166390729103,0.0200227074138689,0.0200227074138689,0.0200227074138689,0.0889316774406693
6.56936523894705,0,-0.0184803687031215,0,6.56936523894705,-0.0184803687031215,-0.0184803687031215,-0.0184803687031215,0.0397871786329299
7.36539602284415,0,-0.0247872150245361,0,7.36539602284415,-0.0247872150245361,-0.0247872150245361,-0.0247872150245361,0.114121672795408
9.34902839864339,0,-0.0319037471830898,0,9.34902839864339,-0.0319037471830898,-0.0319037471830898,-0.0319037471830898,0.0353702402159913
9.64603221208774,0,-0.0448878782907022,0,9.64603221208774,-0.0448878782907022,-0.0448878782907022,-0.0448878782907022,0.060446521466018
11.1738978522498,0,-0.0430525372481022,0,11.1738978522498,-0.0430525372481022,-0.0430525372481022,-0.0430525372481022,0.0455534762468136
10.8363107906744,0,-0.028098390818107,0,10.8363107906744,-0.028098390818107,-0.028098390818107,-0.028098390818107,0.071926050301895
7.60971237336999,0,0.0425196941211018,0,7.60971237336999,0.0425196941211018,0.0425196941211018,0.0425196941211018,0.0675431227803087
6.7623626212796,0,0.0569688929469826,0,6.7623626212796,0.0569688929469826,0.0569688929469826,0.0569688929469826,0.0724631197752356
11.3171115233183,0,-0.0301299566297987,0,11.3171115233183,-0.0301299566297987,-0.0301299566297987,-0.0301299566297987,0.0549217163119364
12.491172371433,0,0.00616174807970621,0,12.491172371433,0.00616174807970621,0.00616174807970621,0.00616174807970621,0.0405245193389735
26.9159257982544,0,0.00103996356092225,0,26.9159257982544,0.00103996356092225,0.00103996356092225,0.00103996356092225,0.0289826613233299
23.3384346785706,0,0.0173424537425691,0,23.3384346785706,0.0173424537425691,0.0173424537425691,0.0173424537425691,0.0189266195413323
28.9457890893132,0,-0.0913120366455766,0,28.9457890893132,-0.0913120366455766,-0.0913120366455766,-0.0913120366455766,0.031473801407384
16.8846431378076,0,0.0592246738975235,0,16.8846431378076,0.0592246738975235,0.0592246738975235,0.0592246738975235,0.0580511049145327
142.341641134694,0,0.0232510378272387,0,142.341641134694,0.0232510378272387,0.0232510378272387,0.0232510378272387,0.011714103172536
7.87613657515693,0,0.0413542662923309,0,7.87613657515693,0.0413542662923309,0.0413542662923309,0.0413542662923309,0.0315625132232254
6.75451986071434,0,0.0140182295143905,0,6.75451986071434,0.0140182295143905,0.0140182295143905,0.0140182295143905,0.0568066082100863
13.3632341442477,0,0.0180382677184463,0,13.3632341442477,0.0180382677184463,0.0180382677184463,0.0180382677184463,0.0615806710832505
14.7971541600243,0,-0.0430456526330341,0,14.7971541600243,-0.0430456526330341,-0.0430456526330341,-0.0430456526330341,0.0449585570848986
14.3972634987083,0,-0.0237118006498921,0,14.3972634987083,-0.0237118006498921,-0.0237118006498921,-0.0237118006498921,0.0295064854269103
14.1514365378187,0,-0.0107350800784212,0,14.1514365378187,-0.0107350800784212,-0.0107350800784212,-0.0107350800784212,0.0554744268805768
27.9381463268887,0,-0.0196646199066465,0,27.9381463268887,-0.0196646199066465,-0.0196646199066465,-0.0196646199066465,0.0266030945529787
24.4728765020316,0,-0.0883766236254439,0,24.4728765020316,-0.0883766236254439,-0.0883766236254439,-0.0883766236254439,0.0473406670453721
11.303125406956,0,0.0200076122858094,0,11.303125406956,0.0200076122858094,0.0200076122858094,0.0200076122858094,0.0675102696912362
7.48402930279067,0,0.00968988201586394,0,7.48402930279067,0.00968988201586394,0.00968988201586394,0.00968988201586394,0.0686754083472401
NA,NA,NA,NA,NA,NA,NA,NA,NA
12.0144898669671,0,-0.0304643580877798,0,12.0144898669671,-0.0304643580877798,-0.0304643580877798,-0.0304643580877798,0.0246585875375876
5.59197431763262,0,-0.0578220526680145,0,5.59197431763262,-0.0578220526680145,-0.0578220526680145,-0.0578220526680145,0.0290843221745671
7.10118523761685,0,-0.0285278978712163,0,7.10118523761685,-0.0285278978712163,-0.0285278978712163,-0.0285278978712163,0.0595492352872805
8.39406695268219,0,0.0167837864563465,0,8.39406695268219,0.0167837864563465,0.0167837864563465,0.0167837864563465,0.0322473662392579
6.68163411954067,0,0.0399525800720857,0,6.68163411954067,0.0399525800720857,0.0399525800720857,0.0399525800720857,0.0632642521725607
9.90977856764798,0,-0.0703516628541319,0,9.90977856764798,-0.0703516628541319,-0.0703516628541319,-0.0703516628541319,0.0190137396144176
9.567453602661,0,-0.0130573193727359,0,9.567453602661,-0.0130573193727359,-0.0130573193727359,-0.0130573193727359,0.0264340771076804
9.56764954052794,0,-0.00578932875863998,0,9.56764954052794,-0.00578932875863998,-0.00578932875863998,-0.00578932875863998,0.0288617279537588
9.58796747981615,0,0.00725905880614161,0,9.58796747981615,0.00725905880614161,0.00725905880614161,0.00725905880614161,0.0422687684348916
12.9045618909384,0,-0.020800428050844,0,12.9045618909384,-0.020800428050844,-0.020800428050844,-0.020800428050844,0.00918914559220215
9.03381024943225,0,-0.0258591277728825,0,9.03381024943225,-0.0258591277728825,-0.0258591277728825,-0.0258591277728825,0.0210013285642308
7.292171244769,0,0.0214216184583366,0,7.292171244769,0.0214216184583366,0.0214216184583366,0.0214216184583366,0.00787016036700002
10.6567948708008,0,0.0203455428827325,0,10.6567948708008,0.0203455428827325,0.0203455428827325,0.0203455428827325,0.0367174068081082
15.83958844307,0,0.0399832495665445,0,15.83958844307,0.0399832495665445,0.0399832495665445,0.0399832495665445,0.0130470310288665
17.7014293147066,0,0.0234372077444364,0,17.7014293147066,0.0234372077444364,0.0234372077444364,0.0234372077444364,0.0323786122878216
14.7585414478692,0,-0.0143222744287462,0,14.7585414478692,-0.0143222744287462,-0.0143222744287462,-0.0143222744287462,0.0637816832942033
8.7869971588466,0,0.0255650750927985,0,8.7869971588466,0.0255650750927985,0.0255650750927985,0.0255650750927985,0.0115189820321319
13.9836050997556,0,-0.0596374353307077,0,13.9836050997556,-0.0596374353307077,-0.0596374353307077,-0.0596374353307077,0.0260159424457815
11.3110693140974,0,0.00982781565554414,0,11.3110693140974,0.00982781565554414,0.00982781565554414,0.00982781565554414,0.0152975413868066
16.5519463473715,0,-0.0850116784148187,0,16.5519463473715,-0.0850116784148187,-0.0850116784148187,-0.0850116784148187,0.0449328569998866
12.3671082351961,0,0.0210231372322994,0,12.3671082351961,0.0210231372322994,0.0210231372322994,0.0210231372322994,0.0160828742749283
12.3654554745313,0,-0.0686880413546458,0,12.3654554745313,-0.0686880413546458,-0.0686880413546458,-0.0686880413546458,0.0513325050706189
19.2556223171704,0,0.0285945738844167,0,19.2556223171704,0.0285945738844167,0.0285945738844167,0.0285945738844167,0.0139726523520546
34.7312424253189,0,0.00360906084633839,0,34.7312424253189,0.00360906084633839,0.00360906084633839,0.00360906084633839,0.017575833019559
54.7209102152747,0,0.0196726221291343,0,54.7209102152747,0.0196726221291343,0.0196726221291343,0.0196726221291343,0.0109274670854921
9.37577209119586,0,-0.0166622088619275,0,9.37577209119586,-0.0166622088619275,-0.0166622088619275,-0.0166622088619275,0.0509886552324907
8.22166390729103,0,0.0200227074138689,0,8.22166390729103,0.0200227074138689,0.0200227074138689,0.0200227074138689,0.0889316774406693
6.56936523894705,0,-0.0184803687031215,0,6.56936523894705,-0.0184803687031215,-0.0184803687031215,-0.0184803687031215,0.0397871786329299
7.36539602284415,0,-0.0247872150245361,0,7.36539602284415,-0.0247872150245361,-0.0247872150245361,-0.0247872150245361,0.114121672795408
9.34902839864339,0,-0.0319037471830898,0,9.34902839864339,-0.0319037471830898,-0.0319037471830898,-0.0319037471830898,0.0353702402159913
9.64603221208774,0,-0.0448878782907022,0,9.64603221208774,-0.0448878782907022,-0.0448878782907022,-0.0448878782907022,0.060446521466018
11.1738978522498,0,-0.0430525372481022,0,11.1738978522498,-0.0430525372481022,-0.0430525372481022,-0.0430525372481022,0.0455534762468136
10.8363107906744,0,-0.028098390818107,0,10.8363107906744,-0.028098390818107,-0.028098390818107,-0.028098390818107,0.071926050301895
7.60971237336999,0,0.0425196941211018,0,7.60971237336999,0.0425196941211018,0.0425196941211018,0.0425196941211018,0.0675431227803087
6.7623626212796,0,0.0569688929469826,0,6.7623626212796,0.0569688929469826,0.0569688929469826,0.0569688929469826,0.0724631197752356
11.3171115233183,0,-0.0301299566297987,0,11.3171115233183,-0.0301299566297987,-0.0301299566297987,-0.0301299566297987,0.0549217163119364
12.491172371433,0,0.00616174807970621,0,12.491172371433,0.00616174807970621,0.00616174807970621,0.00616174807970621,0.0405245193389735
26.9159257982544,0,0.00103996356092225,0,26.9159257982544,0.00103996356092225,0.00103996356092225,0.00103996356092225,0.0289826613233299
23.3384346785706,0,0.0173424537425691,0,23.3384346785706,0.0173424537425691,0.0173424537425691,0.0173424537425691,0.0189266195413323
28.9457890893132,0,-0.0913120366455766,0,28.9457890893132,-0.0913120366455766,-0.0913120366455766,-0.0913120366455766,0.031473801407384
16.8846431378076,0,0.0592246738975235,0,16.8846431378076,0.0592246738975235,0.0592246738975235,0.0592246738975235,0.0580511049145327
142.341641134694,0,0.0232510378272387,0,142.341641134694,0.0232510378272387,0.0232510378272387,0.0232510378272387,0.011714103172536
7.87613657515693,0,0.0413542662923309,0,7.87613657515693,0.0413542662923309,0.0413542662923309,0.0413542662923309,0.0315625132232254
6.75451986071434,0,0.0140182295143905,0,6.75451986071434,0.0140182295143905,0.0140182295143905,0.0140182295143905,0.0568066082100863
13.3632341442477,0,0.0180382677184463,0,13.3632341442477,0.0180382677184463,0.0180382677184463,0.0180382677184463,0.0615806710832505
12.1805820250532,0,0.00338467732188217,0,12.1805820250532,0.00338467732188217,0.00338467732188217,0.00338467732188217,0.0364988629906663
14.3972634987083,0,-0.0237118006498921,0,14.3972634987083,-0.0237118006498921,-0.0237118006498921,-0.0237118006498921,0.0295064854269103
14.1514365378187,0,-0.0107350800784212,0,14.1514365378187,-0.0107350800784212,-0.0107350800784212,-0.0107350800784212,0.0554744268805768
27.9381463268887,0,-0.0196646199066465,0,27.9381463268887,-0.0196646199066465,-0.0196646199066465,-0.0196646199066465,0.0266030945529787
24.4728765020316,0,-0.0883766236254439,0,24.4728765020316,-0.0883766236254439,-0.0883766236254439,-0.0883766236254439,0.0473406670453721
11.303125406956,0,0.0200076122858094,0,11.303125406956,0.0200076122858094,0.0200076122858094,0.0200076122858094,0.0675102696912362
7.48402930279067,0,0.00968988201586394,0,7.48402930279067,0.00968988201586394,0.00968988201586394,0.00968988201586394,0.0686754083472401
NA,NA,NA,NA,NA,NA,NA,NA,NA
12.0144898669671,0,-0.0304643580877798,0,12.0144898669671,-0.0304643580877798,-0.0304643580877798,-0.0304643580877798,0.0246585875375876
5.59197431763262,0,-0.0578220526680145,0,5.59197431763262,-0.0578220526680145,-0.0578220526680145,-0.0578220526680145,0.0290843221745671
7.10118523761685,0,-0.0285278978712163,0,7.10118523761685,-0.0285278978712163,-0.0285278978712163,-0.0285278978712163,0.0595492352872805
8.39406695268219,0,0.0167837864563465,0,8.39406695268219,0.0167837864563465,0.0167837864563465,0.0167837864563465,0.0322473662392579
6.68163411954067,0,0.0399525800720857,0,6.68163411954067,0.0399525800720857,0.0399525800720857,0.0399525800720857,0.0632642521725607
9.90977856764798,0,-0.0703516628541319,0,9.90977856764798,-0.0703516628541319,-0.0703516628541319,-0.0703516628541319,0.0190137396144176
9.567453602661,0,-0.0130573193727359,0,9.567453602661,-0.0130573193727359,-0.0130573193727359,-0.0130573193727359,0.0264340771076804
9.56764954052794,0,-0.00578932875863998,0,9.56764954052794,-0.00578932875863998,-0.00578932875863998,-0.00578932875863998,0.0288617279537588
9.58796747981615,0,0.00725905880614161,0,9.58796747981615,0.00725905880614161,0.00725905880614161,0.00725905880614161,0.0422687684348916
12.9045618909384,0,-0.020800428050844,0,12.9045618909384,-0.020800428050844,-0.020800428050844,-0.020800428050844,0.00918914559220215
9.03381024943225,0,-0.0258591277728825,0,9.03381024943225,-0.0258591277728825,-0.0258591277728825,-0.0258591277728825,0.0210013285642308
7.292171244769,0,0.0214216184583366,0,7.292171244769,0.0214216184583366,0.0214216184583366,0.0214216184583366,0.00787016036700002
10.6567948708008,0,0.0203455428827325,0,10.6567948708008,0.0203455428827325,0.0203455428827325,0.0203455428827325,0.0367174068081082
15.83958844307,0,0.0399832495665445,0,15.83958844307,0.0399832495665445,0.0399832495665445,0.0399832495665445,0.0130470310288665
17.7014293147066,0,0.0234372077444364,0,17.7014293147066,0.0234372077444364,0.0234372077444364,0.0234372077444364,0.0323786122878216
14.7585414478692,0,-0.0143222744287462,0,14.7585414478692,-0.0143222744287462,-0.0143222744287462,-0.0143222744287462,0.0637816832942033
8.7869971588466,0,0.0255650750927985,0,8.7869971588466,0.0255650750927985,0.0255650750927985,0.0255650750927985,0.0115189820321319
13.9836050997556,0,-0.0596374353307077,0,13.9836050997556,-0.0596374353307077,-0.0596374353307077,-0.0596374353307077,0.0260159424457815
11.3110693140974,0,0.00982781565554414,0,11.3110693140974,0.00982781565554414,0.00982781565554414,0.00982781565554414,0.0152975413868066
16.5519463473715,0,-0.0850116784148187,0,16.5519463473715,-0.0850116784148187,-0.0850116784148187,-0.0850116784148187,0.0449328569998866
12.3671082351961,0,0.0210231372322994,0,12.3671082351961,0.0210231372322994,0.0210231372322994,0.0210231372322994,0.0160828742749283
12.3654554745313,0,-0.0686880413546458,0,12.3654554745313,-0.0686880413546458,-0.0686880413546458,-0.0686880413546458,0.0513325050706189
19.2556223171704,0,0.0285945738844167,0,19.2556223171704,0.0285945738844167,0.0285945738844167,0.0285945738844167,0.0139726523520546
34.7312424253189,0,0.00360906084633839,0,34.7312424253189,0.00360906084633839,0.00360906084633839,0.00360906084633839,0.017575833019559
54.7209102152747,0,0.0196726221291343,0,54.7209102152747,0.0196726221291343,0.0196726221291343,0.0196726221291343,0.0109274670854921
9.37577209119586,0,-0.0166622088619275,0,9.37577209119586,-0.0166622088619275,-0.0166622088619275,-0.0166622088619275,0.0509886552324907
8.22166390729103,0,0.0200227074138689,0,8.22166390729103,0.0200227074138689,0.0200227074138689,0.0200227074138689,0.0889316774406693
6.56936523894705,0,-0.0184803687031215,0,6.56936523894705,-0.0184803687031215,-0.0184803687031215,-0.0184803687031215,0.0397871786329299
7.36539602284415,0,-0.0247872150245361,0,7.36539602284415,-0.0247872150245361,-0.0247872150245361,-0.0247872150245361,0.114121672795408
9.34902839864339,0,-0.0319037471830898,0,9.34902839864339,-0.0319037471830898,-0.0319037471830898,-0.0319037471830898,0.0353702402159913
9.64603221208774,0,-0.0448878782907022,0,9.64603221208774,-0.0448878782907022,-0.0448878782907022,-0.0448878782907022,0.060446521466018
11.1738978522498,0,-0.0430525372481022,0,11.1738978522498,-0.0430525372481022,-0.0430525372481022,-0.0430525372481022,0.0455534762468136
10.8363107906744,0,-0.028098390818107,0,10.8363107906744,-0.028098390818107,-0.028098390818107,-0.028098390818107,0.071926050301895
7.60971237336999,0,0.0425196941211018,0,7.60971237336999,0.0425196941211018,0.0425196941211018,0.0425196941211018,0.0675431227803087
6.7623626212796,0,0.0569688929469826,0,6.7623626212796,0.0569688929469826,0.0569688929469826,0.0569688929469826,0.0724631197752356
11.3171115233183,0,-0.0301299566297987,0,11.3171115233183,-0.0301299566297987,-0.0301299566297987,-0.0301299566297987,0.0549217163119364
12.491172371433,0,0.00616174807970621,0,12.491172371433,0.00616174807970621,0.00616174807970621,0.00616174807970621,0.0405245193389735
26.9159257982544,0,0.00103996356092225,0,26.9159257982544,0.00103996356092225,0.00103996356092225,0.00103996356092225,0.0289826613233299
23.3384346785706,0,0.0173424537425691,0,23.3384346785706,0.0173424537425691,0.0173424537425691,0.0173424537425691,0.0189266195413323
28.9457890893132,0,-0.0913120366455766,0,28.9457890893132,-0.0913120366455766,-0.0913120366455766,-0.0913120366455766,0.031473801407384
16.8846431378076,0,0.0592246738975235,0,16.8846431378076,0.0592246738975235,0.0592246738975235,0.0592246738975235,0.0580511049145327
142.341641134694,0,0.0232510378272387,0,142.341641134694,0.0232510378272387,0.0232510378272387,0.0232510378272387,0.011714103172536
7.87613657515693,0,0.0413542662923309,0,7.87613657515693,0.0413542662923309,0.0413542662923309,0.0413542662923309,0.0315625132232254
6.75451986071434,0,0.0140182295143905,0,6.75451986071434,0.0140182295143905,0.0140182295143905,0.0140182295143905,0.0568066082100863
13.3632341442477,0,0.0180382677184463,0,13.3632341442477,0.0180382677184463,0.0180382677184463,0.0180382677184463,0.0615806710832505
12.1805820250532,0,0.00338467732188217,0,12.1805820250532,0.00338467732188217,0.00338467732188217,0.00338467732188217,0.0364988629906663
14.3972634987083,0,-0.0237118006498921,0,14.3972634987083,-0.0237118006498921,-0.0237118006498921,-0.0237118006498921,0.0295064854269103
14.1514365378187,0,-0.0107350800784212,0,14.1514365378187,-0.0107350800784212,-0.0107350800784212,-0.0107350800784212,0.0554744268805768
27.9381463268887,0,-0.0196646199066465,0,27.9381463268887,-0.0196646199066465,-0.0196646199066465,-0.0196646199066465,0.0266030945529787
24.4728765020316,0,-0.0883766236254439,0,24.4728765020316,-0.0883766236254439,-0.0883766236254439,-0.0883766236254439,0.0473406670453721
11.303125406956,0,0.0200076122858094,0,11.303125406956,0.0200076122858094,0.0200076122858094,0.0200076122858094,0.0675102696912362
7.48402930279067,0,0.00968988201586394,0,7.48402930279067,0.00968988201586394,0.00968988201586394,0.00968988201586394,0.0686754083472401
NA,NA,NA,NA,NA,NA,NA,NA,NA
12.0144898669671,0,-0.0304643580877798,0,12.0144898669671,-0.0304643580877798,-0.0304643580877798,-0.0304643580877798,0.0246585875375876
5.59197431763262,0,-0.0578220526680145,0,5.59197431763262,-0.0578220526680145,-0.0578220526680145,-0.0578220526680145,0.0290843221745671
7.10118523761685,0,-0.0285278978712163,0,7.10118523761685,-0.0285278978712163,-0.0285278978712163,-0.0285278978712163,0.0595492352872805
8.39406695268219,0,0.0167837864563465,0,8.39406695268219,0.0167837864563465,0.0167837864563465,0.0167837864563465,0.0322473662392579
6.68163411954067,0,0.0399525800720857,0,6.68163411954067,0.0399525800720857,0.0399525800720857,0.0399525800720857,0.0632642521725607
9.90977856764798,0,-0.0703516628541319,0,9.90977856764798,-0.0703516628541319,-0.0703516628541319,-0.0703516628541319,0.0190137396144176
9.567453602661,0,-0.0130573193727359,0,9.567453602661,-0.0130573193727359,-0.0130573193727359,-0.0130573193727359,0.0264340771076804
9.56764954052794,0,-0.00578932875863998,0,9.56764954052794,-0.00578932875863998,-0.00578932875863998,-0.00578932875863998,0.0288617279537588
9.58796747981615,0,0.00725905880614161,0,9.58796747981615,0.00725905880614161,0.00725905880614161,0.00725905880614161,0.0422687684348916
12.9045618909384,0,-0.020800428050844,0,12.9045618909384,-0.020800428050844,-0.020800428050844,-0.020800428050844,0.00918914559220215
9.03381024943225,0,-0.0258591277728825,0,9.03381024943225,-0.0258591277728825,-0.0258591277728825,-0.0258591277728825,0.0210013285642308
7.292171244769,0,0.0214216184583366,0,7.292171244769,0.0214216184583366,0.0214216184583366,0.0214216184583366,0.00787016036700002
10.6567948708008,0,0.0203455428827325,0,10.6567948708008,0.0203455428827325,0.0203455428827325,0.0203455428827325,0.0367174068081082
15.83958844307,0,0.0399832495665445,0,15.83958844307,0.0399832495665445,0.0399832495665445,0.0399832495665445,0.0130470310288665
17.7014293147066,0,0.0234372077444364,0,17.7014293147066,0.0234372077444364,0.0234372077444364,0.0234372077444364,0.0323786122878216
14.7585414478692,0,-0.0143222744287462,0,14.7585414478692,-0.0143222744287462,-0.0143222744287462,-0.0143222744287462,0.0637816832942033
8.7869971588466,0,0.0255650750927985,0,8.7869971588466,0.0255650750927985,0.0255650750927985,0.0255650750927985,0.0115189820321319
13.9836050997556,0,-0.0596374353307077,0,13.9836050997556,-0.0596374353307077,-0.0596374353307077,-0.0596374353307077,0.0260159424457815
11.3110693140974,0,0.00982781565554414,0,11.3110693140974,0.00982781565554414,0.00982781565554414,0.00982781565554414,0.0152975413868066
16.5519463473715,0,-0.0850116784148187,0,16.5519463473715,-0.0850116784148187,-0.0850116784148187,-0.0850116784148187,0.0449328569998866
12.3671082351961,0,0.0210231372322994,0,12.3671082351961,0.0210231372322994,0.0210231372322994,0.0210231372322994,0.0160828742749283
12.3654554745313,0,-0.0686880413546458,0,12.3654554745313,-0.0686880413546458,-0.0686880413546458,-0.0686880413546458,0.0513325050706189
19.2556223171704,0,0.0285945738844167,0,19.2556223171704,0.0285945738844167,0.0285945738844167,0.0285945738844167,0.0139726523520546
34.7312424253189,0,0.00360906084633839,0,34.7312424253189,0.00360906084633839,0.00360906084633839,0.00360906084633839,0.017575833019559
54.7209102152747,0,0.0196726221291343,0,54.7209102152747,0.0196726221291343,0.0196726221291343,0.0196726221291343,0.0109274670854921
9.37577209119586,0,-0.0166622088619275,0,9.37577209119586,-0.0166622088619275,-0.0166622088619275,-0.0166622088619275,0.0509886552324907
8.22166390729103,0,0.0200227074138689,0,8.22166390729103,0.0200227074138689,0.0200227074138689,0.0200227074138689,0.0889316774406693
6.56936523894705,0,-0.0184803687031215,0,6.56936523894705,-0.0184803687031215,-0.0184803687031215,-0.0184803687031215,0.0397871786329299
7.36539602284415,0,-0.0247872150245361,0,7.36539602284415,-0.0247872150245361,-0.0247872150245361,-0.0247872150245361,0.114121672795408
9.34902839864339,0,-0.0319037471830898,0,9.34902839864339,-0.0319037471830898,-0.0319037471830898,-0.0319037471830898,0.0353702402159913
9.64603221208774,0,-0.0448878782907022,0,9.64603221208774,-0.0448878782907022,-0.0448878782907022,-0.0448878782907022,0.060446521466018
11.1738978522498,0,-0.0430525372481022,0,11.1738978522498,-0.0430525372481022,-0.0430525372481022,-0.0430525372481022,0.0455534762468136
10.8363107906744,0,-0.028098390818107,0,10.8363107906744,-0.028098390818107,-0.028098390818107,-0.028098390818107,0.071926050301895
7.60971237336999,0,0.0425196941211018,0,7.60971237336999,0.0425196941211018,0.0425196941211018,0.0425196941211018,0.0675431227803087
6.7623626212796,0,0.0569688929469826,0,6.7623626212796,0.0569688929469826,0.0569688929469826,0.0569688929469826,0.0724631197752356
11.3171115233183,0,-0.0301299566297987,0,11.3171115233183,-0.0301299566297987,-0.0301299566297987,-0.0301299566297987,0.0549217163119364
12.491172371433,0,0.00616174807970621,0,12.491172371433,0.00616174807970621,0.00616174807970621,0.00616174807970621,0.0405245193389735
26.9159257982544,0,0.00103996356092225,0,26.9159257982544,0.00103996356092225,0.00103996356092225,0.00103996356092225,0.0289826613233299
23.3384346785706,0,0.0173424537425691,0,23.3384346785706,0.0173424537425691,0.0173424537425691,0.0173424537425691,0.0189266195413323
28.9457890893132,0,-0.0913120366455766,0,28.9457890893132,-0.0913120366455766,-0.0913120366455766,-0.0913120366455766,0.031473801407384
16.8846431378076,0,0.0592246738975235,0,16.8846431378076,0.0592246738975235,0.0592246738975235,0.0592246738975235,0.0580511049145327
142.341641134694,0,0.0232510378272387,0,142.341641134694,0.0232510378272387,0.0232510378272387,0.0232510378272387,0.011714103172536
7.87613657515693,0,0.0413542662923309,0,7.87613657515693,0.0413542662923309,0.0413542662923309,0.0413542662923309,0.0315625132232254
6.75451986071434,0,0.0140182295143905,0,6.75451986071434,0.0140182295143905,0.0140182295143905,0.0140182295143905,0.0568066082100863
13.3632341442477,0,0.0180382677184463,0,13.3632341442477,0.0180382677184463,0.0180382677184463,0.0180382677184463,0.0615806710832505
12.1805820250532,0,0.00338467732188217,0,12.1805820250532,0.00338467732188217,0.00338467732188217,0.00338467732188217,0.0364988629906663
14.3972634987083,0,-0.0237118006498921,0,14.3972634987083,-0.0237118006498921,-0.0237118006498921,-0.0237118006498921,0.0295064854269103
14.1514365378187,0,-0.0107350800784212,0,14.1514365378187,-0.0107350800784212,-0.0107350800784212,-0.0107350800784212,0.0554744268805768
27.9381463268887,0,-0.0196646199066465,0,27.9381463268887,-0.0196646199066465,-0.0196646199066465,-0.0196646199066465,0.0266030945529787
24.4728765020316,0,-0.0883766236254439,0,24.4728765020316,-0.0883766236254439,-0.0883766236254439,-0.0883766236254439,0.0473406670453721
11.303125406956,0,0.0200076122858094,0,11.303125406956,0.0200076122858094,0.0200076122858094,0.0200076122858094,0.0675102696912362
7.48402930279067,0,0.00968988201586394,0,7.48402930279067,0.00968988201586394,0.00968988201586394,0.00968988201586394,0.0686754083472401
NA,NA,NA,NA,NA,NA,NA,NA,NA
12.0144898669671,0,-0.0304643580877798,0,12.0144898669671,-0.0304643580877798,-0.0304643580877798,-0.0304643580877798,0.0246585875375876
5.59197431763262,0,-0.0578220526680145,0,5.59197431763262,-0.0578220526680145,-0.0578220526680145,-0.0578220526680145,0.0290843221745671
7.10118523761685,0,-0.0285278978712163,0,7.10118523761685,-0.0285278978712163,-0.0285278978712163,-0.0285278978712163,0.0595492352872805
8.39406695268219,0,0.0167837864563465,0,8.39406695268219,0.0167837864563465,0.0167837864563465,0.0167837864563465,0.0322473662392579
6.68163411954067,0,0.0399525800720857,0,6.68163411954067,0.0399525800720857,0.0399525800720857,0.0399525800720857,0.0632642521725607
9.90977856764798,0,-0.0703516628541319,0,9.90977856764798,-0.0703516628541319,-0.0703516628541319,-0.0703516628541319,0.0190137396144176
9.567453602661,0,-0.0130573193727359,0,9.567453602661,-0.0130573193727359,-0.0130573193727359,-0.0130573193727359,0.0264340771076804
9.56764954052794,0,-0.00578932875863998,0,9.56764954052794,-0.00578932875863998,-0.00578932875863998,-0.00578932875863998,0.0288617279537588
9.58796747981615,0,0.00725905880614161,0,9.58796747981615,0.00725905880614161,0.00725905880614161,0.00725905880614161,0.0422687684348916
12.9045618909384,0,-0.020800428050844,0,12.9045618909384,-0.020800428050844,-0.020800428050844,-0.020800428050844,0.00918914559220215
9.03381024943225,0,-0.0258591277728825,0,9.03381024943225,-0.0258591277728825,-0.0258591277728825,-0.0258591277728825,0.0210013285642308
7.292171244769,0,0.0214216184583366,0,7.292171244769,0.0214216184583366,0.0214216184583366,0.0214216184583366,0.00787016036700002
10.6567948708008,0,0.0203455428827325,0,10.6567948708008,0.0203455428827325,0.0203455428827325,0.0203455428827325,0.0367174068081082
15.83958844307,0,0.0399832495665445,0,15.83958844307,0.0399832495665445,0.0399832495665445,0.0399832495665445,0.0130470310288665
17.7014293147066,0,0.0234372077444364,0,17.7014293147066,0.0234372077444364,0.0234372077444364,0.0234372077444364,0.0323786122878216
14.7585414478692,0,-0.0143222744287462,0,14.7585414478692,-0.0143222744287462,-0.0143222744287462,-0.0143222744287462,0.0637816832942033
8.7869971588466,0,0.0255650750927985,0,8.7869971588466,0.0255650750927985,0.0255650750927985,0.0255650750927985,0.0115189820321319
13.9836050997556,0,-0.0596374353307077,0,13.9836050997556,-0.0596374353307077,-0.0596374353307077,-0.0596374353307077,0.0260159424457815
11.3110693140974,0,0.00982781565554414,0,11.3110693140974,0.00982781565554414,0.00982781565554414,0.00982781565554414,0.0152975413868066
16.5519463473715,0,-0.0850116784148187,0,16.5519463473715,-0.0850116784148187,-0.0850116784148187,-0.0850116784148187,0.0449328569998866
12.3671082351961,0,0.0210231372322994,0,12.3671082351961,0.0210231372322994,0.0210231372322994,0.0210231372322994,0.0160828742749283
12.3654554745313,0,-0.0686880413546458,0,12.3654554745313,-0.0686880413546458,-0.0686880413546458,-0.0686880413546458,0.0513325050706189
19.2556223171704,0,0.0285945738844167,0,19.2556223171704,0.0285945738844167,0.0285945738844167,0.0285945738844167,0.0139726523520546
34.7312424253189,0,0.00360906084633839,0,34.7312424253189,0.00360906084633839,0.00360906084633839,0.00360906084633839,0.017575833019559
54.7209102152747,0,0.0196726221291343,0,54.7209102152747,0.0196726221291343,0.0196726221291343,0.0196726221291343,0.0109274670854921
9.37577209119586,0,-0.0166622088619275,0,9.37577209119586,-0.0166622088619275,-0.0166622088619275,-0.0166622088619275,0.0509886552324907
8.22166390729103,0,0.0200227074138689,0,8.22166390729103,0.0200227074138689,0.0200227074138689,0.0200227074138689,0.0889316774406693
6.56936523894705,0,-0.0184803687031215,0,6.56936523894705,-0.0184803687031215,-0.0184803687031215,-0.0184803687031215,0.0397871786329299
7.36539602284415,0,-0.0247872150245361,0,7.36539602284415,-0.0247872150245361,-0.0247872150245361,-0.0247872150245361,0.114121672795408
9.34902839864339,0,-0.0319037471830898,0,9.34902839864339,-0.0319037471830898,-0.0319037471830898,-0.0319037471830898,0.0353702402159913
9.64603221208774,0,-0.0448878782907022,0,9.64603221208774,-0.0448878782907022,-0.0448878782907022,-0.0448878782907022,0.060446521466018
11.1738978522498,0,-0.0430525372481022,0,11.1738978522498,-0.0430525372481022,-0.0430525372481022,-0.0430525372481022,0.0455534762468136
10.8363107906744,0,-0.028098390818107,0,10.8363107906744,-0.028098390818107,-0.028098390818107,-0.028098390818107,0.071926050301895
7.60971237336999,0,0.0425196941211018,0,7.60971237336999,0.0425196941211018,0.0425196941211018,0.0425196941211018,0.0675431227803087
6.7623626212796,0,0.0569688929469826,0,6.7623626212796,0.0569688929469826,0.0569688929469826,0.0569688929469826,0.0724631197752356
11.3171115233183,0,-0.0301299566297987,0,11.3171115233183,-0.0301299566297987,-0.0301299566297987,-0.0301299566297987,0.0549217163119364
12.491172371433,0,0.00616174807970621,0,12.491172371433,0.00616174807970621,0.00616174807970621,0.00616174807970621,0.0405245193389735
26.9159257982544,0,0.00103996356092225,0,26.9159257982544,0.00103996356092225,0.00103996356092225,0.00103996356092225,0.0289826613233299
23.3384346785706,0,0.0173424537425691,0,23.3384346785706,0.0173424537425691,0.0173424537425691,0.0173424537425691,0.0189266195413323
28.9457890893132,0,-0.0913120366455766,0,28.9457890893132,-0.0913120366455766,-0.0913120366455766,-0.0913120366455766,0.031473801407384
16.8846431378076,0,0.0592246738975235,0,16.8846431378076,0.0592246738975235,0.0592246738975235,0.0592246738975235,0.0580511049145327
142.341641134694,0,0.0232510378272387,0,142.341641134694,0.0232510378272387,0.0232510378272387,0.0232510378272387,0.011714103172536
7.87613657515693,0,0.0413542662923309,0,7.87613657515693,0.0413542662923309,0.0413542662923309,0.0413542662923309,0.0315625132232254
6.75451986071434,0,0.0140182295143905,0,6.75451986071434,0.0140182295143905,0.0140182295143905,0.0140182295143905,0.0568066082100863
13.3632341442477,0,0.0180382677184463,0,13.3632341442477,0.0180382677184463,0.0180382677184463,0.0180382677184463,0.0615806710832505
12.1805820250532,0,0.00338467732188217,0,12.1805820250532,0.00338467732188217,0.00338467732188217,0.00338467732188217,0.0364988629906663
14.3972634987083,0,-0.0237118006498921,0,14.3972634987083,-0.0237118006498921,-0.0237118006498921,-0.0237118006498921,0.0295064854269103
14.1514365378187,0,-0.0107350800784212,0,14.1514365378187,-0.0107350800784212,-0.0107350800784212,-0.0107350800784212,0.0554744268805768
27.9381463268887,0,-0.0196646199066465,0,27.9381463268887,-0.0196646199066465,-0.0196646199066465,-0.0196646199066465,0.0266030945529787
24.4728765020316,0,-0.0883766236254439,0,24.4728765020316,-0.0883766236254439,-0.0883766236254439,-0.0883766236254439,0.0473406670453721
11.303125406956,0,0.0200076122858094,0,11.303125406956,0.0200076122858094,0.0200076122858094,0.0200076122858094,0.0675102696912362
7.48402930279067,0,0.00968988201586394,0,7.48402930279067,0.00968988201586394,0.00968988201586394,0.00968988201586394,0.0686754083472401
NA,NA,NA,NA,NA,NA,NA,NA,NA
12.0144898669671,0,-0.0304643580877798,0,12.0144898669671,-0.0304643580877798,-0.0304643580877798,-0.0304643580877798,0.0246585875375876
5.59197431763262,0,-0.0578220526680145,0,5.59197431763262,-0.0578220526680145,-0.0578220526680145,-0.0578220526680145,0.0290843221745671
7.10118523761685,0,-0.0285278978712163,0,7.10118523761685,-0.0285278978712163,-0.0285278978712163,-0.0285278978712163,0.0595492352872805
8.39406695268219,0,0.0167837864563465,0,8.39406695268219,0.0167837864563465,0.0167837864563465,0.0167837864563465,0.0322473662392579
6.68163411954067,0,0.0399525800720857,0,6.68163411954067,0.0399525800720857,0.0399525800720857,0.0399525800720857,0.0632642521725607
9.90977856764798,0,-0.0703516628541319,0,9.90977856764798,-0.0703516628541319,-0.0703516628541319,-0.0703516628541319,0.0190137396144176
9.567453602661,0,-0.0130573193727359,0,9.567453602661,-0.0130573193727359,-0.0130573193727359,-0.0130573193727359,0.0264340771076804
9.56764954052794,0,-0.00578932875863998,0,9.56764954052794,-0.00578932875863998,-0.00578932875863998,-0.00578932875863998,0.0288617279537588
9.58796747981615,0,0.00725905880614161,0,9.58796747981615,0.00725905880614161,0.00725905880614161,0.00725905880614161,0.0422687684348916
12.9045618909384,0,-0.020800428050844,0,12.9045618909384,-0.020800428050844,-0.020800428050844,-0.020800428050844,0.00918914559220215
9.03381024943225,0,-0.0258591277728825,0,9.03381024943225,-0.0258591277728825,-0.0258591277728825,-0.0258591277728825,0.0210013285642308
7.292171244769,0,0.0214216184583366,0,7.292171244769,0.0214216184583366,0.0214216184583366,0.0214216184583366,0.00787016036700002
10.6567948708008,0,0.0203455428827325,0,10.6567948708008,0.0203455428827325,0.0203455428827325,0.0203455428827325,0.0367174068081082
15.83958844307,0,0.0399832495665445,0,15.83958844307,0.0399832495665445,0.0399832495665445,0.0399832495665445,0.0130470310288665
17.7014293147066,0,0.0234372077444364,0,17.7014293147066,0.0234372077444364,0.0234372077444364,0.0234372077444364,0.0323786122878216
14.7585414478692,0,-0.0143222744287462,0,14.7585414478692,-0.0143222744287462,-0.0143222744287462,-0.0143222744287462,0.0637816832942033
8.7869971588466,0,0.0255650750927985,0,8.7869971588466,0.0255650750927985,0.0255650750927985,0.0255650750927985,0.0115189820321319
13.9836050997556,0,-0.0596374353307077,0,13.9836050997556,-0.0596374353307077,-0.0596374353307077,-0.0596374353307077,0.0260159424457815
11.3110693140974,0,0.00982781565554414,0,11.3110693140974,0.00982781565554414,0.00982781565554414,0.00982781565554414,0.0152975413868066
16.5519463473715,0,-0.0850116784148187,0,16.5519463473715,-0.0850116784148187,-0.0850116784148187,-0.0850116784148187,0.0449328569998866
12.3671082351961,0,0.0210231372322994,0,12.3671082351961,0.0210231372322994,0.0210231372322994,0.0210231372322994,0.0160828742749283
12.3654554745313,0,-0.0686880413546458,0,12.3654554745313,-0.0686880413546458,-0.0686880413546458,-0.0686880413546458,0.0513325050706189
19.2556223171704,0,0.0285945738844167,0,19.2556223171704,0.0285945738844167,0.0285945738844167,0.0285945738844167,0.0139726523520546
34.7312424253189,0,0.00360906084633839,0,34.7312424253189,0.00360906084633839,0.00360906084633839,0.00360906084633839,0.017575833019559
54.7209102152747,0,0.0196726221291343,0,54.7209102152747,0.0196726221291343,0.0196726221291343,0.0196726221291343,0.0109274670854921
9.37577209119586,0,-0.0166622088619275,0,9.37577209119586,-0.0166622088619275,-0.0166622088619275,-0.0166622088619275,0.0509886552324907
8.22166390729103,0,0.0200227074138689,0,8.22166390729103,0.0200227074138689,0.0200227074138689,0.0200227074138689,0.0889316774406693
6.56936523894705,0,-0.0184803687031215,0,6.56936523894705,-0.0184803687031215,-0.0184803687031215,-0.0184803687031215,0.0397871786329299
7.36539602284415,0,-0.0247872150245361,0,7.36539602284415,-0.0247872150245361,-0.0247872150245361,-0.0247872150245361,0.114121672795408
9.34902839864339,0,-0.0319037471830898,0,9.34902839864339,-0.0319037471830898,-0.0319037471830898,-0.0319037471830898,0.0353702402159913
9.64603221208774,0,-0.0448878782907022,0,9.64603221208774,-0.0448878782907022,-0.0448878782907022,-0.0448878782907022,0.060446521466018
11.1738978522498,0,-0.0430525372481022,0,11.1738978522498,-0.0430525372481022,-0.0430525372481022,-0.0430525372481022,0.0455534762468136
10.8363107906744,0,-0.028098390818107,0,10.8363107906744,-0.028098390818107,-0.028098390818107,-0.028098390818107,0.071926050301895
7.60971237336999,0,0.0425196941211018,0,7.60971237336999,0.0425196941211018,0.0425196941211018,0.0425196941211018,0.0675431227803087
6.7623626212796,0,0.0569688929469826,0,6.7623626212796,0.0569688929469826,0.0569688929469826,0.0569688929469826,0.0724631197752356
11.3171115233183,0,-0.0301299566297987,0,11.3171115233183,-0.0301299566297987,-0.0301299566297987,-0.0301299566297987,0.0549217163119364
12.491172371433,0,0.00616174807970621,0,12.491172371433,0.00616174807970621,0.00616174807970621,0.00616174807970621,0.0405245193389735
26.9159257982544,0,0.00103996356092225,0,26.9159257982544,0.00103996356092225,0.00103996356092225,0.00103996356092225,0.0289826613233299
23.3384346785706,0,0.0173424537425691,0,23.3384346785706,0.0173424537425691,0.0173424537425691,0.0173424537425691,0.0189266195413323
28.9457890893132,0,-0.0913120366455766,0,28.9457890893132,-0.0913120366455766,-0.0913120366455766,-0.0913120366455766,0.031473801407384
16.8846431378076,0,0.0592246738975235,0,16.8846431378076,0.0592246738975235,0.0592246738975235,0.0592246738975235,0.0580511049145327
142.341641134694,0,0.0232510378272387,0,142.341641134694,0.0232510378272387,0.0232510378272387,0.0232510378272387,0.011714103172536
7.87613657515693,0,0.0413542662923309,0,7.87613657515693,0.0413542662923309,0.0413542662923309,0.0413542662923309,0.0315625132232254
6.75451986071434,0,0.0140182295143905,0,6.75451986071434,0.0140182295143905,0.0140182295143905,0.0140182295143905,0.0568066082100863
13.3632341442477,0,0.0180382677184463,0,13.3632341442477,0.0180382677184463,0.0180382677184463,0.0180382677184463,0.0615806710832505
12.1805820250532,0,0.00338467732188217,0,12.1805820250532,0.00338467732188217,0.00338467732188217,0.00338467732188217,0.0364988629906663
14.3972634987083,0,-0.0237118006498921,0,14.3972634987083,-0.0237118006498921,-0.0237118006498921,-0.0237118006498921,0.0295064854269103
14.1514365378187,0,-0.0107350800784212,0,14.1514365378187,-0.0107350800784212,-0.0107350800784212,-0.0107350800784212,0.0554744268805768
27.9381463268887,0,-0.0196646199066465,0,27.9381463268887,-0.0196646199066465,-0.0196646199066465,-0.0196646199066465,0.0266030945529787
24.4728765020316,0,-0.0883766236254439,0,24.4728765020316,-0.0883766236254439,-0.0883766236254439,-0.0883766236254439,0.0473406670453721
11.303125406956,0,0.0200076122858094,0,11.303125406956,0.0200076122858094,0.0200076122858094,0.0200076122858094,0.0675102696912362
7.48402930279067,0,0.00968988201586394,0,7.48402930279067,0.00968988201586394,0.00968988201586394,0.00968988201586394,0.0686754083472401
NA,NA,NA,NA,NA,NA,NA,NA,NA
12.0144898669671,0,-0.0304643580877798,0,12.0144898669671,-0.0304643580877798,-0.0304643580877798,-0.0304643580877798,0.0246585875375876
5.59197431763262,0,-0.0578220526680145,0,5.59197431763262,-0.0578220526680145,-0.0578220526680145,-0.0578220526680145,0.0290843221745671
7.10118523761685,0,-0.0285278978712163,0,7.10118523761685,-0.0285278978712163,-0.0285278978712163,-0.0285278978712163,0.0595492352872805
8.39406695268219,0,0.0167837864563465,0,8.39406695268219,0.0167837864563465,0.0167837864563465,0.0167837864563465,0.0322473662392579
6.68163411954067,0,0.0399525800720857,0,6.68163411954067,0.0399525800720857,0.0399525800720857,0.0399525800720857,0.0632642521725607
9.90977856764798,0,-0.0703516628541319,0,9.90977856764798,-0.0703516628541319,-0.0703516628541319,-0.0703516628541319,0.0190137396144176
9.567453602661,0,-0.0130573193727359,0,9.567453602661,-0.0130573193727359,-0.0130573193727359,-0.0130573193727359,0.0264340771076804
9.56764954052794,0,-0.00578932875863998,0,9.56764954052794,-0.00578932875863998,-0.00578932875863998,-0.00578932875863998,0.0288617279537588
9.58796747981615,0,0.00725905880614161,0,9.58796747981615,0.00725905880614161,0.00725905880614161,0.00725905880614161,0.0422687684348916
12.9045618909384,0,-0.020800428050844,0,12.9045618909384,-0.020800428050844,-0.020800428050844,-0.020800428050844,0.00918914559220215
9.03381024943225,0,-0.0258591277728825,0,9.03381024943225,-0.0258591277728825,-0.0258591277728825,-0.0258591277728825,0.0210013285642308
7.292171244769,0,0.0214216184583366,0,7.292171244769,0.0214216184583366,0.0214216184583366,0.0214216184583366,0.00787016036700002
10.6567948708008,0,0.0203455428827325,0,10.6567948708008,0.0203455428827325,0.0203455428827325,0.0203455428827325,0.0367174068081082
15.83958844307,0,0.0399832495665445,0,15.83958844307,0.0399832495665445,0.0399832495665445,0.0399832495665445,0.0130470310288665
17.7014293147066,0,0.0234372077444364,0,17.7014293147066,0.0234372077444364,0.0234372077444364,0.0234372077444364,0.0323786122878216
14.7585414478692,0,-0.0143222744287462,0,14.7585414478692,-0.0143222744287462,-0.0143222744287462,-0.0143222744287462,0.0637816832942033
8.7869971588466,0,0.0255650750927985,0,8.7869971588466,0.0255650750927985,0.0255650750927985,0.0255650750927985,0.0115189820321319
13.9836050997556,0,-0.0596374353307077,0,13.9836050997556,-0.0596374353307077,-0.0596374353307077,-0.0596374353307077,0.0260159424457815
11.3110693140974,0,0.00982781565554414,0,11.3110693140974,0.00982781565554414,0.00982781565554414,0.00982781565554414,0.0152975413868066
16.5519463473715,0,-0.0850116784148187,0,16.5519463473715,-0.0850116784148187,-0.0850116784148187,-0.0850116784148187,0.0449328569998866
12.3671082351961,0,0.0210231372322994,0,12.3671082351961,0.0210231372322994,0.0210231372322994,0.0210231372322994,0.0160828742749283
12.3654554745313,0,-0.0686880413546458,0,12.3654554745313,-0.0686880413546458,-0.0686880413546458,-0.0686880413546458,0.0513325050706189
19.2556223171704,0,0.0285945738844167,0,19.2556223171704,0.0285945738844167,0.0285945738844167,0.0285945738844167,0.0139726523520546
34.7312424253189,0,0.00360906084633839,0,34.7312424253189,0.00360906084633839,0.00360906084633839,0.00360906084633839,0.017575833019559
54.7209102152747,0,0.0196726221291343,0,54.7209102152747,0.0196726221291343,0.0196726221291343,0.0196726221291343,0.0109274670854921
9.37577209119586,0,-0.0166622088619275,0,9.37577209119586,-0.0166622088619275,-0.0166622088619275,-0.0166622088619275,0.0509886552324907
8.22166390729103,0,0.0200227074138689,0,8.22166390729103,0.0200227074138689,0.0200227074138689,0.0200227074138689,0.0889316774406693
6.56936523894705,0,-0.0184803687031215,0,6.56936523894705,-0.0184803687031215,-0.0184803687031215,-0.0184803687031215,0.0397871786329299
7.36539602284415,0,-0.0247872150245361,0,7.36539602284415,-0.0247872150245361,-0.0247872150245361,-0.0247872150245361,0.114121672795408
9.34902839864339,0,-0.0319037471830898,0,9.34902839864339,-0.0319037471830898,-0.0319037471830898,-0.0319037471830898,0.0353702402159913
9.64603221208774,0,-0.0448878782907022,0,9.64603221208774,-0.0448878782907022,-0.0448878782907022,-0.0448878782907022,0.060446521466018
11.1738978522498,0,-0.0430525372481022,0,11.1738978522498,-0.0430525372481022,-0.0430525372481022,-0.0430525372481022,0.0455534762468136
10.8363107906744,0,-0.028098390818107,0,10.8363107906744,-0.028098390818107,-0.028098390818107,-0.028098390818107,0.071926050301895
7.60971237336999,0,0.0425196941211018,0,7.60971237336999,0.0425196941211018,0.0425196941211018,0.0425196941211018,0.0675431227803087
6.7623626212796,0,0.0569688929469826,0,6.7623626212796,0.0569688929469826,0.0569688929469826,0.0569688929469826,0.0724631197752356
11.3171115233183,0,-0.0301299566297987,0,11.3171115233183,-0.0301299566297987,-0.0301299566297987,-0.0301299566297987,0.0549217163119364
12.491172371433,0,0.00616174807970621,0,12.491172371433,0.00616174807970621,0.00616174807970621,0.00616174807970621,0.0405245193389735
26.9159257982544,0,0.00103996356092225,0,26.9159257982544,0.00103996356092225,0.00103996356092225,0.00103996356092225,0.0289826613233299
23.3384346785706,0,0.0173424537425691,0,23.3384346785706,0.0173424537425691,0.0173424537425691,0.0173424537425691,0.0189266195413323
28.9457890893132,0,-0.0913120366455766,0,28.9457890893132,-0.0913120366455766,-0.0913120366455766,-0.0913120366455766,0.031473801407384
16.8846431378076,0,0.0592246738975235,0,16.8846431378076,0.0592246738975235,0.0592246738975235,0.0592246738975235,0.0580511049145327
134.384497197645,0,-0.0238877259081508,0,134.384497197645,-0.0238877259081508,-0.0238877259081508,-0.0238877259081508,0.0119968242583174
7.87613657515693,0,0.0413542662923309,0,7.87613657515693,0.0413542662923309,0.0413542662923309,0.0413542662923309,0.0315625132232254
6.75451986071434,0,0.0140182295143905,0,6.75451986071434,0.0140182295143905,0.0140182295143905,0.0140182295143905,0.0568066082100863
13.3632341442477,0,0.0180382677184463,0,13.3632341442477,0.0180382677184463,0.0180382677184463,0.0180382677184463,0.0615806710832505
12.1805820250532,0,0.00338467732188217,0,12.1805820250532,0.00338467732188217,0.00338467732188217,0.00338467732188217,0.0364988629906663
14.3972634987083,0,-0.0237118006498921,0,14.3972634987083,-0.0237118006498921,-0.0237118006498921,-0.0237118006498921,0.0295064854269103
14.1514365378187,0,-0.0107350800784212,0,14.1514365378187,-0.0107350800784212,-0.0107350800784212,-0.0107350800784212,0.0554744268805768
27.9381463268887,0,-0.0196646199066465,0,27.9381463268887,-0.0196646199066465,-0.0196646199066465,-0.0196646199066465,0.0266030945529787
24.4728765020316,0,-0.0883766236254439,0,24.4728765020316,-0.0883766236254439,-0.0883766236254439,-0.0883766236254439,0.0473406670453721
11.303125406956,0,0.0200076122858094,0,11.303125406956,0.0200076122858094,0.0200076122858094,0.0200076122858094,0.0675102696912362
7.48402930279067,0,0.00968988201586394,0,7.48402930279067,0.00968988201586394,0.00968988201586394,0.00968988201586394,0.0686754083472401
NA,NA,NA,NA,NA,NA,NA,NA,NA
12.0144898669671,0,-0.0304643580877798,0,12.0144898669671,-0.0304643580877798,-0.0304643580877798,-0.0304643580877798,0.0246585875375876
5.59197431763262,0,-0.0578220526680145,0,5.59197431763262,-0.0578220526680145,-0.0578220526680145,-0.0578220526680145,0.0290843221745671
7.10118523761685,0,-0.0285278978712163,0,7.10118523761685,-0.0285278978712163,-0.0285278978712163,-0.0285278978712163,0.0595492352872805
8.39406695268219,0,0.0167837864563465,0,8.39406695268219,0.0167837864563465,0.0167837864563465,0.0167837864563465,0.0322473662392579
6.68163411954067,0,0.0399525800720857,0,6.68163411954067,0.0399525800720857,0.0399525800720857,0.0399525800720857,0.0632642521725607
9.90977856764798,0,-0.0703516628541319,0,9.90977856764798,-0.0703516628541319,-0.0703516628541319,-0.0703516628541319,0.0190137396144176
9.567453602661,0,-0.0130573193727359,0,9.567453602661,-0.0130573193727359,-0.0130573193727359,-0.0130573193727359,0.0264340771076804
9.56764954052794,0,-0.00578932875863998,0,9.56764954052794,-0.00578932875863998,-0.00578932875863998,-0.00578932875863998,0.0288617279537588
9.58796747981615,0,0.00725905880614161,0,9.58796747981615,0.00725905880614161,0.00725905880614161,0.00725905880614161,0.0422687684348916
12.9045618909384,0,-0.020800428050844,0,12.9045618909384,-0.020800428050844,-0.020800428050844,-0.020800428050844,0.00918914559220215
9.03381024943225,0,-0.0258591277728825,0,9.03381024943225,-0.0258591277728825,-0.0258591277728825,-0.0258591277728825,0.0210013285642308
7.292171244769,0,0.0214216184583366,0,7.292171244769,0.0214216184583366,0.0214216184583366,0.0214216184583366,0.00787016036700002
10.6567948708008,0,0.0203455428827325,0,10.6567948708008,0.0203455428827325,0.0203455428827325,0.0203455428827325,0.0367174068081082
15.83958844307,0,0.0399832495665445,0,15.83958844307,0.0399832495665445,0.0399832495665445,0.0399832495665445,0.0130470310288665
17.7014293147066,0,0.0234372077444364,0,17.7014293147066,0.0234372077444364,0.0234372077444364,0.0234372077444364,0.0323786122878216
14.7585414478692,0,-0.0143222744287462,0,14.7585414478692,-0.0143222744287462,-0.0143222744287462,-0.0143222744287462,0.0637816832942033
8.7869971588466,0,0.0255650750927985,0,8.7869971588466,0.0255650750927985,0.0255650750927985,0.0255650750927985,0.0115189820321319
13.9836050997556,0,-0.0596374353307077,0,13.9836050997556,-0.0596374353307077,-0.0596374353307077,-0.0596374353307077,0.0260159424457815
11.3110693140974,0,0.00982781565554414,0,11.3110693140974,0.00982781565554414,0.00982781565554414,0.00982781565554414,0.0152975413868066
16.5519463473715,0,-0.0850116784148187,0,16.5519463473715,-0.0850116784148187,-0.0850116784148187,-0.0850116784148187,0.0449328569998866
12.3671082351961,0,0.0210231372322994,0,12.3671082351961,0.0210231372322994,0.0210231372322994,0.0210231372322994,0.0160828742749283
12.3654554745313,0,-0.0686880413546458,0,12.3654554745313,-0.0686880413546458,-0.0686880413546458,-0.0686880413546458,0.0513325050706189
19.2556223171704,0,0.0285945738844167,0,19.2556223171704,0.0285945738844167,0.0285945738844167,0.0285945738844167,0.0139726523520546
34.7312424253189,0,0.00360906084633839,0,34.7312424253189,0.00360906084633839,0.00360906084633839,0.00360906084633839,0.017575833019559
54.7209102152747,0,0.0196726221291343,0,54.7209102152747,0.0196726221291343,0.0196726221291343,0.0196726221291343,0.0109274670854921
9.37577209119586,0,-0.0166622088619275,0,9.37577209119586,-0.0166622088619275,-0.0166622088619275,-0.0166622088619275,0.0509886552324907
8.22166390729103,0,0.0200227074138689,0,8.22166390729103,0.0200227074138689,0.0200227074138689,0.0200227074138689,0.0889316774406693
6.56936523894705,0,-0.0184803687031215,0,6.56936523894705,-0.0184803687031215,-0.0184803687031215,-0.0184803687031215,0.0397871786329299
7.36539602284415,0,-0.0247872150245361,0,7.36539602284415,-0.0247872150245361,-0.0247872150245361,-0.0247872150245361,0.114121672795408
9.34902839864339,0,-0.0319037471830898,0,9.34902839864339,-0.0319037471830898,-0.0319037471830898,-0.0319037471830898,0.0353702402159913
9.64603221208774,0,-0.0448878782907022,0,9.64603221208774,-0.0448878782907022,-0.0448878782907022,-0.0448878782907022,0.060446521466018
11.1738978522498,0,-0.0430525372481022,0,11.1738978522498,-0.0430525372481022,-0.0430525372481022,-0.0430525372481022,0.0455534762468136
10.8363107906744,0,-0.028098390818107,0,10.8363107906744,-0.028098390818107,-0.028098390818107,-0.028098390818107,0.071926050301895
7.60971237336999,0,0.0425196941211018,0,7.60971237336999,0.0425196941211018,0.0425196941211018,0.0425196941211018,0.0675431227803087
6.7623626212796,0,0.0569688929469826,0,6.7623626212796,0.0569688929469826,0.0569688929469826,0.0569688929469826,0.0724631197752356
11.3171115233183,0,-0.0301299566297987,0,11.3171115233183,-0.0301299566297987,-0.0301299566297987,-0.0301299566297987,0.0549217163119364
12.491172371433,0,0.00616174807970621,0,12.491172371433,0.00616174807970621,0.00616174807970621,0.00616174807970621,0.0405245193389735
26.9159257982544,0,0.00103996356092225,0,26.9159257982544,0.00103996356092225,0.00103996356092225,0.00103996356092225,0.0289826613233299
23.3384346785706,0,0.0173424537425691,0,23.3384346785706,0.0173424537425691,0.0173424537425691,0.0173424537425691,0.0189266195413323
28.9457890893132,0,-0.0913120366455766,0,28.9457890893132,-0.0913120366455766,-0.0913120366455766,-0.0913120366455766,0.031473801407384
16.8846431378076,0,0.0592246738975235,0,16.8846431378076,0.0592246738975235,0.0592246738975235,0.0592246738975235,0.0580511049145327
134.384497197645,0,-0.0238877259081508,0,134.384497197645,-0.0238877259081508,-0.0238877259081508,-0.0238877259081508,0.0119968242583174
7.87613657515693,0,0.0413542662923309,0,7.87613657515693,0.0413542662923309,0.0413542662923309,0.0413542662923309,0.0315625132232254
6.75451986071434,0,0.0140182295143905,0,6.75451986071434,0.0140182295143905,0.0140182295143905,0.0140182295143905,0.0568066082100863
13.3632341442477,0,0.0180382677184463,0,13.3632341442477,0.0180382677184463,0.0180382677184463,0.0180382677184463,0.0615806710832505
12.1805820250532,0,0.00338467732188217,0,12.1805820250532,0.00338467732188217,0.00338467732188217,0.00338467732188217,0.0364988629906663
14.3972634987083,0,-0.0237118006498921,0,14.3972634987083,-0.0237118006498921,-0.0237118006498921,-0.0237118006498921,0.0295064854269103
14.1514365378187,0,-0.0107350800784212,0,14.1514365378187,-0.0107350800784212,-0.0107350800784212,-0.0107350800784212,0.0554744268805768
27.9381463268887,0,-0.0196646199066465,0,27.9381463268887,-0.0196646199066465,-0.0196646199066465,-0.0196646199066465,0.0266030945529787
24.4728765020316,0,-0.0883766236254439,0,24.4728765020316,-0.0883766236254439,-0.0883766236254439,-0.0883766236254439,0.0473406670453721
11.303125406956,0,0.0200076122858094,0,11.303125406956,0.0200076122858094,0.0200076122858094,0.0200076122858094,0.0675102696912362
7.48402930279067,0,0.00968988201586394,0,7.48402930279067,0.00968988201586394,0.00968988201586394,0.00968988201586394,0.0686754083472401
NA,NA,NA,NA,NA,NA,NA,NA,NA
12.0144898669671,0,-0.0304643580877798,0,12.0144898669671,-0.0304643580877798,-0.0304643580877798,-0.0304643580877798,0.0246585875375876
5.59197431763262,0,-0.0578220526680145,0,5.59197431763262,-0.0578220526680145,-0.0578220526680145,-0.0578220526680145,0.0290843221745671
7.10118523761685,0,-0.0285278978712163,0,7.10118523761685,-0.0285278978712163,-0.0285278978712163,-0.0285278978712163,0.0595492352872805
8.39406695268219,0,0.0167837864563465,0,8.39406695268219,0.0167837864563465,0.0167837864563465,0.0167837864563465,0.0322473662392579
6.68163411954067,0,0.0399525800720857,0,6.68163411954067,0.0399525800720857,0.0399525800720857,0.0399525800720857,0.0632642521725607
9.90977856764798,0,-0.0703516628541319,0,9.90977856764798,-0.0703516628541319,-0.0703516628541319,-0.0703516628541319,0.0190137396144176
9.567453602661,0,-0.0130573193727359,0,9.567453602661,-0.0130573193727359,-0.0130573193727359,-0.0130573193727359,0.0264340771076804
9.56764954052794,0,-0.00578932875863998,0,9.56764954052794,-0.00578932875863998,-0.00578932875863998,-0.00578932875863998,0.0288617279537588
9.58796747981615,0,0.00725905880614161,0,9.58796747981615,0.00725905880614161,0.00725905880614161,0.00725905880614161,0.0422687684348916
12.9045618909384,0,-0.020800428050844,0,12.9045618909384,-0.020800428050844,-0.020800428050844,-0.020800428050844,0.00918914559220215
9.03381024943225,0,-0.0258591277728825,0,9.03381024943225,-0.0258591277728825,-0.0258591277728825,-0.0258591277728825,0.0210013285642308
7.292171244769,0,0.0214216184583366,0,7.292171244769,0.0214216184583366,0.0214216184583366,0.0214216184583366,0.00787016036700002
10.6567948708008,0,0.0203455428827325,0,10.6567948708008,0.0203455428827325,0.0203455428827325,0.0203455428827325,0.0367174068081082
15.83958844307,0,0.0399832495665445,0,15.83958844307,0.0399832495665445,0.0399832495665445,0.0399832495665445,0.0130470310288665
17.7014293147066,0,0.0234372077444364,0,17.7014293147066,0.0234372077444364,0.0234372077444364,0.0234372077444364,0.0323786122878216
14.7585414478692,0,-0.0143222744287462,0,14.7585414478692,-0.0143222744287462,-0.0143222744287462,-0.0143222744287462,0.0637816832942033
8.7869971588466,0,0.0255650750927985,0,8.7869971588466,0.0255650750927985,0.0255650750927985,0.0255650750927985,0.0115189820321319
13.9836050997556,0,-0.0596374353307077,0,13.9836050997556,-0.0596374353307077,-0.0596374353307077,-0.0596374353307077,0.0260159424457815
11.3110693140974,0,0.00982781565554414,0,11.3110693140974,0.00982781565554414,0.00982781565554414,0.00982781565554414,0.0152975413868066
16.5519463473715,0,-0.0850116784148187,0,16.5519463473715,-0.0850116784148187,-0.0850116784148187,-0.0850116784148187,0.0449328569998866
12.3671082351961,0,0.0210231372322994,0,12.3671082351961,0.0210231372322994,0.0210231372322994,0.0210231372322994,0.0160828742749283
12.3654554745313,0,-0.0686880413546458,0,12.3654554745313,-0.0686880413546458,-0.0686880413546458,-0.0686880413546458,0.0513325050706189
19.2556223171704,0,0.0285945738844167,0,19.2556223171704,0.0285945738844167,0.0285945738844167,0.0285945738844167,0.0139726523520546
34.7312424253189,0,0.00360906084633839,0,34.7312424253189,0.00360906084633839,0.00360906084633839,0.00360906084633839,0.017575833019559
54.7209102152747,0,0.0196726221291343,0,54.7209102152747,0.0196726221291343,0.0196726221291343,0.0196726221291343,0.0109274670854921
9.37577209119586,0,-0.0166622088619275,0,9.37577209119586,-0.0166622088619275,-0.0166622088619275,-0.0166622088619275,0.0509886552324907
8.22166390729103,0,0.0200227074138689,0,8.22166390729103,0.0200227074138689,0.0200227074138689,0.0200227074138689,0.0889316774406693
6.56936523894705,0,-0.0184803687031215,0,6.56936523894705,-0.0184803687031215,-0.0184803687031215,-0.0184803687031215,0.0397871786329299
7.36539602284415,0,-0.0247872150245361,0,7.36539602284415,-0.0247872150245361,-0.0247872150245361,-0.0247872150245361,0.114121672795408
9.34902839864339,0,-0.0319037471830898,0,9.34902839864339,-0.0319037471830898,-0.0319037471830898,-0.0319037471830898,0.0353702402159913
9.64603221208774,0,-0.0448878782907022,0,9.64603221208774,-0.0448878782907022,-0.0448878782907022,-0.0448878782907022,0.060446521466018
11.1738978522498,0,-0.0430525372481022,0,11.1738978522498,-0.0430525372481022,-0.0430525372481022,-0.0430525372481022,0.0455534762468136
10.8363107906744,0,-0.028098390818107,0,10.8363107906744,-0.028098390818107,-0.028098390818107,-0.028098390818107,0.071926050301895
7.60971237336999,0,0.0425196941211018,0,7.60971237336999,0.0425196941211018,0.0425196941211018,0.0425196941211018,0.0675431227803087
6.7623626212796,0,0.0569688929469826,0,6.7623626212796,0.0569688929469826,0.0569688929469826,0.0569688929469826,0.0724631197752356
11.3171115233183,0,-0.0301299566297987,0,11.3171115233183,-0.0301299566297987,-0.0301299566297987,-0.0301299566297987,0.0549217163119364
12.491172371433,0,0.00616174807970621,0,12.491172371433,0.00616174807970621,0.00616174807970621,0.00616174807970621,0.0405245193389735
26.9159257982544,0,0.00103996356092225,0,26.9159257982544,0.00103996356092225,0.00103996356092225,0.00103996356092225,0.0289826613233299
23.3384346785706,0,0.0173424537425691,0,23.3384346785706,0.0173424537425691,0.0173424537425691,0.0173424537425691,0.0189266195413323
28.9457890893132,0,-0.0913120366455766,0,28.9457890893132,-0.0913120366455766,-0.0913120366455766,-0.0913120366455766,0.031473801407384
16.8846431378076,0,0.0592246738975235,0,16.8846431378076,0.0592246738975235,0.0592246738975235,0.0592246738975235,0.0580511049145327
134.384497197645,0,-0.0238877259081508,0,134.384497197645,-0.0238877259081508,-0.0238877259081508,-0.0238877259081508,0.0119968242583174
7.87613657515693,0,0.0413542662923309,0,7.87613657515693,0.0413542662923309,0.0413542662923309,0.0413542662923309,0.0315625132232254
6.75451986071434,0,0.0140182295143905,0,6.75451986071434,0.0140182295143905,0.0140182295143905,0.0140182295143905,0.0568066082100863
13.3632341442477,0,0.0180382677184463,0,13.3632341442477,0.0180382677184463,0.0180382677184463,0.0180382677184463,0.0615806710832505
12.1805820250532,0,0.00338467732188217,0,12.1805820250532,0.00338467732188217,0.00338467732188217,0.00338467732188217,0.0364988629906663
14.3972634987083,0,-0.0237118006498921,0,14.3972634987083,-0.0237118006498921,-0.0237118006498921,-0.0237118006498921,0.0295064854269103
14.1514365378187,0,-0.0107350800784212,0,14.1514365378187,-0.0107350800784212,-0.0107350800784212,-0.0107350800784212,0.0554744268805768
27.9381463268887,0,-0.0196646199066465,0,27.9381463268887,-0.0196646199066465,-0.0196646199066465,-0.0196646199066465,0.0266030945529787
24.4728765020316,0,-0.0883766236254439,0,24.4728765020316,-0.0883766236254439,-0.0883766236254439,-0.0883766236254439,0.0473406670453721
11.303125406956,0,0.0200076122858094,0,11.303125406956,0.0200076122858094,0.0200076122858094,0.0200076122858094,0.0675102696912362
7.48402930279067,0,0.00968988201586394,0,7.48402930279067,0.00968988201586394,0.00968988201586394,0.00968988201586394,0.0686754083472401
NA,NA,NA,NA,NA,NA,NA,NA,NA
12.0144898669671,0,-0.0304643580877798,0,12.0144898669671,-0.0304643580877798,-0.0304643580877798,-0.0304643580877798,0.0246585875375876
5.59197431763262,0,-0.0578220526680145,0,5.59197431763262,-0.0578220526680145,-0.0578220526680145,-0.0578220526680145,0.0290843221745671
7.10118523761685,0,-0.0285278978712163,0,7.10118523761685,-0.0285278978712163,-0.0285278978712163,-0.0285278978712163,0.0595492352872805
8.39406695268219,0,0.0167837864563465,0,8.39406695268219,0.0167837864563465,0.0167837864563465,0.0167837864563465,0.0322473662392579
6.68163411954067,0,0.0399525800720857,0,6.68163411954067,0.0399525800720857,0.0399525800720857,0.0399525800720857,0.0632642521725607
9.90977856764798,0,-0.0703516628541319,0,9.90977856764798,-0.0703516628541319,-0.0703516628541319,-0.0703516628541319,0.0190137396144176
9.567453602661,0,-0.0130573193727359,0,9.567453602661,-0.0130573193727359,-0.0130573193727359,-0.0130573193727359,0.0264340771076804
9.56764954052794,0,-0.00578932875863998,0,9.56764954052794,-0.00578932875863998,-0.00578932875863998,-0.00578932875863998,0.0288617279537588
9.58796747981615,0,0.00725905880614161,0,9.58796747981615,0.00725905880614161,0.00725905880614161,0.00725905880614161,0.0422687684348916
12.9045618909384,0,-0.020800428050844,0,12.9045618909384,-0.020800428050844,-0.020800428050844,-0.020800428050844,0.00918914559220215
9.03381024943225,0,-0.0258591277728825,0,9.03381024943225,-0.0258591277728825,-0.0258591277728825,-0.0258591277728825,0.0210013285642308
7.292171244769,0,0.0214216184583366,0,7.292171244769,0.0214216184583366,0.0214216184583366,0.0214216184583366,0.00787016036700002
10.6567948708008,0,0.0203455428827325,0,10.6567948708008,0.0203455428827325,0.0203455428827325,0.0203455428827325,0.0367174068081082
15.83958844307,0,0.0399832495665445,0,15.83958844307,0.0399832495665445,0.0399832495665445,0.0399832495665445,0.0130470310288665
17.7014293147066,0,0.0234372077444364,0,17.7014293147066,0.0234372077444364,0.0234372077444364,0.0234372077444364,0.0323786122878216
14.7585414478692,0,-0.0143222744287462,0,14.7585414478692,-0.0143222744287462,-0.0143222744287462,-0.0143222744287462,0.0637816832942033
8.7869971588466,0,0.0255650750927985,0,8.7869971588466,0.0255650750927985,0.0255650750927985,0.0255650750927985,0.0115189820321319
13.9836050997556,0,-0.0596374353307077,0,13.9836050997556,-0.0596374353307077,-0.0596374353307077,-0.0596374353307077,0.0260159424457815
11.3110693140974,0,0.00982781565554414,0,11.3110693140974,0.00982781565554414,0.00982781565554414,0.00982781565554414,0.0152975413868066
16.5519463473715,0,-0.0850116784148187,0,16.5519463473715,-0.0850116784148187,-0.0850116784148187,-0.0850116784148187,0.0449328569998866
12.3671082351961,0,0.0210231372322994,0,12.3671082351961,0.0210231372322994,0.0210231372322994,0.0210231372322994,0.0160828742749283
12.3654554745313,0,-0.0686880413546458,0,12.3654554745313,-0.0686880413546458,-0.0686880413546458,-0.0686880413546458,0.0513325050706189
19.2556223171704,0,0.0285945738844167,0,19.2556223171704,0.0285945738844167,0.0285945738844167,0.0285945738844167,0.0139726523520546
34.7312424253189,0,0.00360906084633839,0,34.7312424253189,0.00360906084633839,0.00360906084633839,0.00360906084633839,0.017575833019559
54.7209102152747,0,0.0196726221291343,0,54.7209102152747,0.0196726221291343,0.0196726221291343,0.0196726221291343,0.0109274670854921
9.37577209119586,0,-0.0166622088619275,0,9.37577209119586,-0.0166622088619275,-0.0166622088619275,-0.0166622088619275,0.0509886552324907
8.22166390729103,0,0.0200227074138689,0,8.22166390729103,0.0200227074138689,0.0200227074138689,0.0200227074138689,0.0889316774406693
6.56936523894705,0,-0.0184803687031215,0,6.56936523894705,-0.0184803687031215,-0.0184803687031215,-0.0184803687031215,0.0397871786329299
7.36539602284415,0,-0.0247872150245361,0,7.36539602284415,-0.0247872150245361,-0.0247872150245361,-0.0247872150245361,0.114121672795408
9.34902839864339,0,-0.0319037471830898,0,9.34902839864339,-0.0319037471830898,-0.0319037471830898,-0.0319037471830898,0.0353702402159913
9.64603221208774,0,-0.0448878782907022,0,9.64603221208774,-0.0448878782907022,-0.0448878782907022,-0.0448878782907022,0.060446521466018
11.1738978522498,0,-0.0430525372481022,0,11.1738978522498,-0.0430525372481022,-0.0430525372481022,-0.0430525372481022,0.0455534762468136
10.8363107906744,0,-0.028098390818107,0,10.8363107906744,-0.028098390818107,-0.028098390818107,-0.028098390818107,0.071926050301895
7.60971237336999,0,0.0425196941211018,0,7.60971237336999,0.0425196941211018,0.0425196941211018,0.0425196941211018,0.0675431227803087
6.7623626212796,0,0.0569688929469826,0,6.7623626212796,0.0569688929469826,0.0569688929469826,0.0569688929469826,0.0724631197752356
11.3171115233183,0,-0.0301299566297987,0,11.3171115233183,-0.0301299566297987,-0.0301299566297987,-0.0301299566297987,0.0549217163119364
12.491172371433,0,0.00616174807970621,0,12.491172371433,0.00616174807970621,0.00616174807970621,0.00616174807970621,0.0405245193389735
26.9159257982544,0,0.00103996356092225,0,26.9159257982544,0.00103996356092225,0.00103996356092225,0.00103996356092225,0.0289826613233299
23.3384346785706,0,0.0173424537425691,0,23.3384346785706,0.0173424537425691,0.0173424537425691,0.0173424537425691,0.0189266195413323
28.9457890893132,0,-0.0913120366455766,0,28.9457890893132,-0.0913120366455766,-0.0913120366455766,-0.0913120366455766,0.031473801407384
16.8846431378076,0,0.0592246738975235,0,16.8846431378076,0.0592246738975235,0.0592246738975235,0.0592246738975235,0.0580511049145327
134.384497197645,0,-0.0238877259081508,0,134.384497197645,-0.0238877259081508,-0.0238877259081508,-0.0238877259081508,0.0119968242583174
7.87613657515693,0,0.0413542662923309,0,7.87613657515693,0.0413542662923309,0.0413542662923309,0.0413542662923309,0.0315625132232254
6.75451986071434,0,0.0140182295143905,0,6.75451986071434,0.0140182295143905,0.0140182295143905,0.0140182295143905,0.0568066082100863
13.3632341442477,0,0.0180382677184463,0,13.3632341442477,0.0180382677184463,0.0180382677184463,0.0180382677184463,0.0615806710832505
12.1805820250532,0,0.00338467732188217,0,12.1805820250532,0.00338467732188217,0.00338467732188217,0.00338467732188217,0.0364988629906663
14.3972634987083,0,-0.0237118006498921,0,14.3972634987083,-0.0237118006498921,-0.0237118006498921,-0.0237118006498921,0.0295064854269103
14.1514365378187,0,-0.0107350800784212,0,14.1514365378187,-0.0107350800784212,-0.0107350800784212,-0.0107350800784212,0.0554744268805768
27.9381463268887,0,-0.0196646199066465,0,27.9381463268887,-0.0196646199066465,-0.0196646199066465,-0.0196646199066465,0.0266030945529787
24.4728765020316,0,-0.0883766236254439,0,24.4728765020316,-0.0883766236254439,-0.0883766236254439,-0.0883766236254439,0.0473406670453721
11.303125406956,0,0.0200076122858094,0,11.303125406956,0.0200076122858094,0.0200076122858094,0.0200076122858094,0.0675102696912362
7.48402930279067,0,0.00968988201586394,0,7.48402930279067,0.00968988201586394,0.00968988201586394,0.00968988201586394,0.0686754083472401
NA,NA,NA,NA,NA,NA,NA,NA,NA
12.0144898669671,0,-0.0304643580877798,0,12.0144898669671,-0.0304643580877798,-0.0304643580877798,-0.0304643580877798,0.0246585875375876
5.59197431763262,0,-0.0578220526680145,0,5.59197431763262,-0.0578220526680145,-0.0578220526680145,-0.0578220526680145,0.0290843221745671
7.10118523761685,0,-0.0285278978712163,0,7.10118523761685,-0.0285278978712163,-0.0285278978712163,-0.0285278978712163,0.0595492352872805
8.39406695268219,0,0.0167837864563465,0,8.39406695268219,0.0167837864563465,0.0167837864563465,0.0167837864563465,0.0322473662392579
6.68163411954067,0,0.0399525800720857,0,6.68163411954067,0.0399525800720857,0.0399525800720857,0.0399525800720857,0.0632642521725607
9.90977856764798,0,-0.0703516628541319,0,9.90977856764798,-0.0703516628541319,-0.0703516628541319,-0.0703516628541319,0.0190137396144176
9.567453602661,0,-0.0130573193727359,0,9.567453602661,-0.0130573193727359,-0.0130573193727359,-0.0130573193727359,0.0264340771076804
9.56764954052794,0,-0.00578932875863998,0,9.56764954052794,-0.00578932875863998,-0.00578932875863998,-0.00578932875863998,0.0288617279537588
9.58796747981615,0,0.00725905880614161,0,9.58796747981615,0.00725905880614161,0.00725905880614161,0.00725905880614161,0.0422687684348916
12.9045618909384,0,-0.020800428050844,0,12.9045618909384,-0.020800428050844,-0.020800428050844,-0.020800428050844,0.00918914559220215
9.03381024943225,0,-0.0258591277728825,0,9.03381024943225,-0.0258591277728825,-0.0258591277728825,-0.0258591277728825,0.0210013285642308
7.292171244769,0,0.0214216184583366,0,7.292171244769,0.0214216184583366,0.0214216184583366,0.0214216184583366,0.00787016036700002
10.6567948708008,0,0.0203455428827325,0,10.6567948708008,0.0203455428827325,0.0203455428827325,0.0203455428827325,0.0367174068081082
15.83958844307,0,0.0399832495665445,0,15.83958844307,0.0399832495665445,0.0399832495665445,0.0399832495665445,0.0130470310288665
17.7014293147066,0,0.0234372077444364,0,17.7014293147066,0.0234372077444364,0.0234372077444364,0.0234372077444364,0.0323786122878216
14.7585414478692,0,-0.0143222744287462,0,14.7585414478692,-0.0143222744287462,-0.0143222744287462,-0.0143222744287462,0.0637816832942033
8.7869971588466,0,0.0255650750927985,0,8.7869971588466,0.0255650750927985,0.0255650750927985,0.0255650750927985,0.0115189820321319
13.9836050997556,0,-0.0596374353307077,0,13.9836050997556,-0.0596374353307077,-0.0596374353307077,-0.0596374353307077,0.0260159424457815
11.3110693140974,0,0.00982781565554414,0,11.3110693140974,0.00982781565554414,0.00982781565554414,0.00982781565554414,0.0152975413868066
16.5519463473715,0,-0.0850116784148187,0,16.5519463473715,-0.0850116784148187,-0.0850116784148187,-0.0850116784148187,0.0449328569998866
12.3671082351961,0,0.0210231372322994,0,12.3671082351961,0.0210231372322994,0.0210231372322994,0.0210231372322994,0.0160828742749283
12.3654554745313,0,-0.0686880413546458,0,12.3654554745313,-0.0686880413546458,-0.0686880413546458,-0.0686880413546458,0.0513325050706189
19.2556223171704,0,0.0285945738844167,0,19.2556223171704,0.0285945738844167,0.0285945738844167,0.0285945738844167,0.0139726523520546
34.7312424253189,0,0.00360906084633839,0,34.7312424253189,0.00360906084633839,0.00360906084633839,0.00360906084633839,0.017575833019559
54.7209102152747,0,0.0196726221291343,0,54.7209102152747,0.0196726221291343,0.0196726221291343,0.0196726221291343,0.0109274670854921
9.37577209119586,0,-0.0166622088619275,0,9.37577209119586,-0.0166622088619275,-0.0166622088619275,-0.0166622088619275,0.0509886552324907
8.22166390729103,0,0.0200227074138689,0,8.22166390729103,0.0200227074138689,0.0200227074138689,0.0200227074138689,0.0889316774406693
6.56936523894705,0,-0.0184803687031215,0,6.56936523894705,-0.0184803687031215,-0.0184803687031215,-0.0184803687031215,0.0397871786329299
7.36539602284415,0,-0.0247872150245361,0,7.36539602284415,-0.0247872150245361,-0.0247872150245361,-0.0247872150245361,0.114121672795408
9.34902839864339,0,-0.0319037471830898,0,9.34902839864339,-0.0319037471830898,-0.0319037471830898,-0.0319037471830898,0.0353702402159913
9.64603221208774,0,-0.0448878782907022,0,9.64603221208774,-0.0448878782907022,-0.0448878782907022,-0.0448878782907022,0.060446521466018
11.1738978522498,0,-0.0430525372481022,0,11.1738978522498,-0.0430525372481022,-0.0430525372481022,-0.0430525372481022,0.0455534762468136
10.8363107906744,0,-0.028098390818107,0,10.8363107906744,-0.028098390818107,-0.028098390818107,-0.028098390818107,0.071926050301895
7.60971237336999,0,0.0425196941211018,0,7.60971237336999,0.0425196941211018,0.0425196941211018,0.0425196941211018,0.0675431227803087
6.7623626212796,0,0.0569688929469826,0,6.7623626212796,0.0569688929469826,0.0569688929469826,0.0569688929469826,0.0724631197752356
11.3171115233183,0,-0.0301299566297987,0,11.3171115233183,-0.0301299566297987,-0.0301299566297987,-0.0301299566297987,0.0549217163119364
12.491172371433,0,0.00616174807970621,0,12.491172371433,0.00616174807970621,0.00616174807970621,0.00616174807970621,0.0405245193389735
26.9159257982544,0,0.00103996356092225,0,26.9159257982544,0.00103996356092225,0.00103996356092225,0.00103996356092225,0.0289826613233299
23.3384346785706,0,0.0173424537425691,0,23.3384346785706,0.0173424537425691,0.0173424537425691,0.0173424537425691,0.0189266195413323
28.9457890893132,0,-0.0913120366455766,0,28.9457890893132,-0.0913120366455766,-0.0913120366455766,-0.0913120366455766,0.031473801407384
16.8846431378076,0,0.0592246738975235,0,16.8846431378076,0.0592246738975235,0.0592246738975235,0.0592246738975235,0.0580511049145327
134.384497197645,0,-0.0238877259081508,0,134.384497197645,-0.0238877259081508,-0.0238877259081508,-0.0238877259081508,0.0119968242583174
7.87613657515693,0,0.0413542662923309,0,7.87613657515693,0.0413542662923309,0.0413542662923309,0.0413542662923309,0.0315625132232254
6.75451986071434,0,0.0140182295143905,0,6.75451986071434,0.0140182295143905,0.0140182295143905,0.0140182295143905,0.0568066082100863
13.3632341442477,0,0.0180382677184463,0,13.3632341442477,0.0180382677184463,0.0180382677184463,0.0180382677184463,0.0615806710832505
12.1805820250532,0,0.00338467732188217,0,12.1805820250532,0.00338467732188217,0.00338467732188217,0.00338467732188217,0.0364988629906663
14.3972634987083,0,-0.0237118006498921,0,14.3972634987083,-0.0237118006498921,-0.0237118006498921,-0.0237118006498921,0.0295064854269103
14.1514365378187,0,-0.0107350800784212,0,14.1514365378187,-0.0107350800784212,-0.0107350800784212,-0.0107350800784212,0.0554744268805768
27.9381463268887,0,-0.0196646199066465,0,27.9381463268887,-0.0196646199066465,-0.0196646199066465,-0.0196646199066465,0.0266030945529787
24.4728765020316,0,-0.0883766236254439,0,24.4728765020316,-0.0883766236254439,-0.0883766236254439,-0.0883766236254439,0.0473406670453721
11.303125406956,0,0.0200076122858094,0,11.303125406956,0.0200076122858094,0.0200076122858094,0.0200076122858094,0.0675102696912362
7.48402930279067,0,0.00968988201586394,0,7.48402930279067,0.00968988201586394,0.00968988201586394,0.00968988201586394,0.0686754083472401
NA,NA,NA,NA,NA,NA,NA,NA,NA
12.0144898669671,0,-0.0304643580877798,0,12.0144898669671,-0.0304643580877798,-0.0304643580877798,-0.0304643580877798,0.0246585875375876
5.59197431763262,0,-0.0578220526680145,0,5.59197431763262,-0.0578220526680145,-0.0578220526680145,-0.0578220526680145,0.0290843221745671
7.10118523761685,0,-0.0285278978712163,0,7.10118523761685,-0.0285278978712163,-0.0285278978712163,-0.0285278978712163,0.0595492352872805
8.39406695268219,0,0.0167837864563465,0,8.39406695268219,0.0167837864563465,0.0167837864563465,0.0167837864563465,0.0322473662392579
6.68163411954067,0,0.0399525800720857,0,6.68163411954067,0.0399525800720857,0.0399525800720857,0.0399525800720857,0.0632642521725607
9.90977856764798,0,-0.0703516628541319,0,9.90977856764798,-0.0703516628541319,-0.0703516628541319,-0.0703516628541319,0.0190137396144176
9.567453602661,0,-0.0130573193727359,0,9.567453602661,-0.0130573193727359,-0.0130573193727359,-0.0130573193727359,0.0264340771076804
9.56764954052794,0,-0.00578932875863998,0,9.56764954052794,-0.00578932875863998,-0.00578932875863998,-0.00578932875863998,0.0288617279537588
9.58796747981615,0,0.00725905880614161,0,9.58796747981615,0.00725905880614161,0.00725905880614161,0.00725905880614161,0.0422687684348916
12.9045618909384,0,-0.020800428050844,0,12.9045618909384,-0.020800428050844,-0.020800428050844,-0.020800428050844,0.00918914559220215
9.03381024943225,0,-0.0258591277728825,0,9.03381024943225,-0.0258591277728825,-0.0258591277728825,-0.0258591277728825,0.0210013285642308
7.292171244769,0,0.0214216184583366,0,7.292171244769,0.0214216184583366,0.0214216184583366,0.0214216184583366,0.00787016036700002
10.6567948708008,0,0.0203455428827325,0,10.6567948708008,0.0203455428827325,0.0203455428827325,0.0203455428827325,0.0367174068081082
15.83958844307,0,0.0399832495665445,0,15.83958844307,0.0399832495665445,0.0399832495665445,0.0399832495665445,0.0130470310288665
17.7014293147066,0,0.0234372077444364,0,17.7014293147066,0.0234372077444364,0.0234372077444364,0.0234372077444364,0.0323786122878216
14.7585414478692,0,-0.0143222744287462,0,14.7585414478692,-0.0143222744287462,-0.0143222744287462,-0.0143222744287462,0.0637816832942033
8.7869971588466,0,0.0255650750927985,0,8.7869971588466,0.0255650750927985,0.0255650750927985,0.0255650750927985,0.0115189820321319
13.9836050997556,0,-0.0596374353307077,0,13.9836050997556,-0.0596374353307077,-0.0596374353307077,-0.0596374353307077,0.0260159424457815
11.3110693140974,0,0.00982781565554414,0,11.3110693140974,0.00982781565554414,0.00982781565554414,0.00982781565554414,0.0152975413868066
16.5519463473715,0,-0.0850116784148187,0,16.5519463473715,-0.0850116784148187,-0.0850116784148187,-0.0850116784148187,0.0449328569998866
12.3671082351961,0,0.0210231372322994,0,12.3671082351961,0.0210231372322994,0.0210231372322994,0.0210231372322994,0.0160828742749283
12.3654554745313,0,-0.0686880413546458,0,12.3654554745313,-0.0686880413546458,-0.0686880413546458,-0.0686880413546458,0.0513325050706189
19.2556223171704,0,0.0285945738844167,0,19.2556223171704,0.0285945738844167,0.0285945738844167,0.0285945738844167,0.0139726523520546
34.7312424253189,0,0.00360906084633839,0,34.7312424253189,0.00360906084633839,0.00360906084633839,0.00360906084633839,0.017575833019559
54.7209102152747,0,0.0196726221291343,0,54.7209102152747,0.0196726221291343,0.0196726221291343,0.0196726221291343,0.0109274670854921
9.37577209119586,0,-0.0166622088619275,0,9.37577209119586,-0.0166622088619275,-0.0166622088619275,-0.0166622088619275,0.0509886552324907
8.22166390729103,0,0.0200227074138689,0,8.22166390729103,0.0200227074138689,0.0200227074138689,0.0200227074138689,0.0889316774406693
6.56936523894705,0,-0.0184803687031215,0,6.56936523894705,-0.0184803687031215,-0.0184803687031215,-0.0184803687031215,0.0397871786329299
7.36539602284415,0,-0.0247872150245361,0,7.36539602284415,-0.0247872150245361,-0.0247872150245361,-0.0247872150245361,0.114121672795408
9.34902839864339,0,-0.0319037471830898,0,9.34902839864339,-0.0319037471830898,-0.0319037471830898,-0.0319037471830898,0.0353702402159913
9.64603221208774,0,-0.0448878782907022,0,9.64603221208774,-0.0448878782907022,-0.0448878782907022,-0.0448878782907022,0.060446521466018
11.1738978522498,0,-0.0430525372481022,0,11.1738978522498,-0.0430525372481022,-0.0430525372481022,-0.0430525372481022,0.0455534762468136
10.8363107906744,0,-0.028098390818107,0,10.8363107906744,-0.028098390818107,-0.028098390818107,-0.028098390818107,0.071926050301895
7.60971237336999,0,0.0425196941211018,0,7.60971237336999,0.0425196941211018,0.0425196941211018,0.0425196941211018,0.0675431227803087
6.7623626212796,0,0.0569688929469826,0,6.7623626212796,0.0569688929469826,0.0569688929469826,0.0569688929469826,0.0724631197752356
11.3171115233183,0,-0.0301299566297987,0,11.3171115233183,-0.0301299566297987,-0.0301299566297987,-0.0301299566297987,0.0549217163119364
12.491172371433,0,0.00616174807970621,0,12.491172371433,0.00616174807970621,0.00616174807970621,0.00616174807970621,0.0405245193389735
26.9159257982544,0,0.00103996356092225,0,26.9159257982544,0.00103996356092225,0.00103996356092225,0.00103996356092225,0.0289826613233299
23.3384346785706,0,0.0173424537425691,0,23.3384346785706,0.0173424537425691,0.0173424537425691,0.0173424537425691,0.0189266195413323
28.9457890893132,0,-0.0913120366455766,0,28.9457890893132,-0.0913120366455766,-0.0913120366455766,-0.0913120366455766,0.031473801407384
16.8846431378076,0,0.0592246738975235,0,16.8846431378076,0.0592246738975235,0.0592246738975235,0.0592246738975235,0.0580511049145327
134.384497197645,0,-0.0238877259081508,0,134.384497197645,-0.0238877259081508,-0.0238877259081508,-0.0238877259081508,0.0119968242583174
7.87613657515693,0,0.0413542662923309,0,7.87613657515693,0.0413542662923309,0.0413542662923309,0.0413542662923309,0.0315625132232254
6.75451986071434,0,0.0140182295143905,0,6.75451986071434,0.0140182295143905,0.0140182295143905,0.0140182295143905,0.0568066082100863
13.3632341442477,0,0.0180382677184463,0,13.3632341442477,0.0180382677184463,0.0180382677184463,0.0180382677184463,0.0615806710832505
12.1805820250532,0,0.00338467732188217,0,12.1805820250532,0.00338467732188217,0.00338467732188217,0.00338467732188217,0.0364988629906663
14.3972634987083,0,-0.0237118006498921,0,14.3972634987083,-0.0237118006498921,-0.0237118006498921,-0.0237118006498921,0.0295064854269103
14.1514365378187,0,-0.0107350800784212,0,14.1514365378187,-0.0107350800784212,-0.0107350800784212,-0.0107350800784212,0.0554744268805768
27.9381463268887,0,-0.0196646199066465,0,27.9381463268887,-0.0196646199066465,-0.0196646199066465,-0.0196646199066465,0.0266030945529787
24.4728765020316,0,-0.0883766236254439,0,24.4728765020316,-0.0883766236254439,-0.0883766236254439,-0.0883766236254439,0.0473406670453721
11.303125406956,0,0.0200076122858094,0,11.303125406956,0.0200076122858094,0.0200076122858094,0.0200076122858094,0.0675102696912362
7.48402930279067,0,0.00968988201586394,0,7.48402930279067,0.00968988201586394,0.00968988201586394,0.00968988201586394,0.0686754083472401
NA,NA,NA,NA,NA,NA,NA,NA,NA
12.0144898669671,0,-0.0304643580877798,0,12.0144898669671,-0.0304643580877798,-0.0304643580877798,-0.0304643580877798,0.0246585875375876
5.59197431763262,0,-0.0578220526680145,0,5.59197431763262,-0.0578220526680145,-0.0578220526680145,-0.0578220526680145,0.0290843221745671
7.10118523761685,0,-0.0285278978712163,0,7.10118523761685,-0.0285278978712163,-0.0285278978712163,-0.0285278978712163,0.0595492352872805
8.39406695268219,0,0.0167837864563465,0,8.39406695268219,0.0167837864563465,0.0167837864563465,0.0167837864563465,0.0322473662392579
6.68163411954067,0,0.0399525800720857,0,6.68163411954067,0.0399525800720857,0.0399525800720857,0.0399525800720857,0.0632642521725607
9.90977856764798,0,-0.0703516628541319,0,9.90977856764798,-0.0703516628541319,-0.0703516628541319,-0.0703516628541319,0.0190137396144176
9.567453602661,0,-0.0130573193727359,0,9.567453602661,-0.0130573193727359,-0.0130573193727359,-0.0130573193727359,0.0264340771076804
9.56764954052794,0,-0.00578932875863998,0,9.56764954052794,-0.00578932875863998,-0.00578932875863998,-0.00578932875863998,0.0288617279537588
9.58796747981615,0,0.00725905880614161,0,9.58796747981615,0.00725905880614161,0.00725905880614161,0.00725905880614161,0.0422687684348916
12.9045618909384,0,-0.020800428050844,0,12.9045618909384,-0.020800428050844,-0.020800428050844,-0.020800428050844,0.00918914559220215
9.03381024943225,0,-0.0258591277728825,0,9.03381024943225,-0.0258591277728825,-0.0258591277728825,-0.0258591277728825,0.0210013285642308
7.292171244769,0,0.0214216184583366,0,7.292171244769,0.0214216184583366,0.0214216184583366,0.0214216184583366,0.00787016036700002
10.6567948708008,0,0.0203455428827325,0,10.6567948708008,0.0203455428827325,0.0203455428827325,0.0203455428827325,0.0367174068081082
15.83958844307,0,0.0399832495665445,0,15.83958844307,0.0399832495665445,0.0399832495665445,0.0399832495665445,0.0130470310288665
17.7014293147066,0,0.0234372077444364,0,17.7014293147066,0.0234372077444364,0.0234372077444364,0.0234372077444364,0.0323786122878216
14.7585414478692,0,-0.0143222744287462,0,14.7585414478692,-0.0143222744287462,-0.0143222744287462,-0.0143222744287462,0.0637816832942033
8.7869971588466,0,0.0255650750927985,0,8.7869971588466,0.0255650750927985,0.0255650750927985,0.0255650750927985,0.0115189820321319
13.9836050997556,0,-0.0596374353307077,0,13.9836050997556,-0.0596374353307077,-0.0596374353307077,-0.0596374353307077,0.0260159424457815
11.3110693140974,0,0.00982781565554414,0,11.3110693140974,0.00982781565554414,0.00982781565554414,0.00982781565554414,0.0152975413868066
16.5519463473715,0,-0.0850116784148187,0,16.5519463473715,-0.0850116784148187,-0.0850116784148187,-0.0850116784148187,0.0449328569998866
12.3671082351961,0,0.0210231372322994,0,12.3671082351961,0.0210231372322994,0.0210231372322994,0.0210231372322994,0.0160828742749283
12.3654554745313,0,-0.0686880413546458,0,12.3654554745313,-0.0686880413546458,-0.0686880413546458,-0.0686880413546458,0.0513325050706189
19.2556223171704,0,0.0285945738844167,0,19.2556223171704,0.0285945738844167,0.0285945738844167,0.0285945738844167,0.0139726523520546
34.7312424253189,0,0.00360906084633839,0,34.7312424253189,0.00360906084633839,0.00360906084633839,0.00360906084633839,0.017575833019559
54.7209102152747,0,0.0196726221291343,0,54.7209102152747,0.0196726221291343,0.0196726221291343,0.0196726221291343,0.0109274670854921
9.37577209119586,0,-0.0166622088619275,0,9.37577209119586,-0.0166622088619275,-0.0166622088619275,-0.0166622088619275,0.0509886552324907
8.22166390729103,0,0.0200227074138689,0,8.22166390729103,0.0200227074138689,0.0200227074138689,0.0200227074138689,0.0889316774406693
6.56936523894705,0,-0.0184803687031215,0,6.56936523894705,-0.0184803687031215,-0.0184803687031215,-0.0184803687031215,0.0397871786329299
7.36539602284415,0,-0.0247872150245361,0,7.36539602284415,-0.0247872150245361,-0.0247872150245361,-0.0247872150245361,0.114121672795408
9.34902839864339,0,-0.0319037471830898,0,9.34902839864339,-0.0319037471830898,-0.0319037471830898,-0.0319037471830898,0.0353702402159913
9.64603221208774,0,-0.0448878782907022,0,9.64603221208774,-0.0448878782907022,-0.0448878782907022,-0.0448878782907022,0.060446521466018
11.1738978522498,0,-0.0430525372481022,0,11.1738978522498,-0.0430525372481022,-0.0430525372481022,-0.0430525372481022,0.0455534762468136
10.8363107906744,0,-0.028098390818107,0,10.8363107906744,-0.028098390818107,-0.028098390818107,-0.028098390818107,0.071926050301895
7.60971237336999,0,0.0425196941211018,0,7.60971237336999,0.0425196941211018,0.0425196941211018,0.0425196941211018,0.0675431227803087
6.7623626212796,0,0.0569688929469826,0,6.7623626212796,0.0569688929469826,0.0569688929469826,0.0569688929469826,0.0724631197752356
11.3171115233183,0,-0.0301299566297987,0,11.3171115233183,-0.0301299566297987,-0.0301299566297987,-0.0301299566297987,0.0549217163119364
12.491172371433,0,0.00616174807970621,0,12.491172371433,0.00616174807970621,0.00616174807970621,0.00616174807970621,0.0405245193389735
26.9159257982544,0,0.00103996356092225,0,26.9159257982544,0.00103996356092225,0.00103996356092225,0.00103996356092225,0.0289826613233299
23.3384346785706,0,0.0173424537425691,0,23.3384346785706,0.0173424537425691,0.0173424537425691,0.0173424537425691,0.0189266195413323
28.9457890893132,0,-0.0913120366455766,0,28.9457890893132,-0.0913120366455766,-0.0913120366455766,-0.0913120366455766,0.031473801407384
16.8846431378076,0,0.0592246738975235,0,16.8846431378076,0.0592246738975235,0.0592246738975235,0.0592246738975235,0.0580511049145327
134.384497197645,0,-0.0238877259081508,0,134.384497197645,-0.0238877259081508,-0.0238877259081508,-0.0238877259081508,0.0119968242583174
7.87613657515693,0,0.0413542662923309,0,7.87613657515693,0.0413542662923309,0.0413542662923309,0.0413542662923309,0.0315625132232254
6.75451986071434,0,0.0140182295143905,0,6.75451986071434,0.0140182295143905,0.0140182295143905,0.0140182295143905,0.0568066082100863
13.3632341442477,0,0.0180382677184463,0,13.3632341442477,0.0180382677184463,0.0180382677184463,0.0180382677184463,0.0615806710832505
12.1805820250532,0,0.00338467732188217,0,12.1805820250532,0.00338467732188217,0.00338467732188217,0.00338467732188217,0.0364988629906663
14.3972634987083,0,-0.0237118006498921,0,14.3972634987083,-0.0237118006498921,-0.0237118006498921,-0.0237118006498921,0.0295064854269103
14.1514365378187,0,-0.0107350800784212,0,14.1514365378187,-0.0107350800784212,-0.0107350800784212,-0.0107350800784212,0.0554744268805768
27.9381463268887,0,-0.0196646199066465,0,27.9381463268887,-0.0196646199066465,-0.0196646199066465,-0.0196646199066465,0.0266030945529787
24.4728765020316,0,-0.0883766236254439,0,24.4728765020316,-0.0883766236254439,-0.0883766236254439,-0.0883766236254439,0.0473406670453721
11.303125406956,0,0.0200076122858094,0,11.303125406956,0.0200076122858094,0.0200076122858094,0.0200076122858094,0.0675102696912362
7.48402930279067,0,0.00968988201586394,0,7.48402930279067,0.00968988201586394,0.00968988201586394,0.00968988201586394,0.0686754083472401
NA,NA,NA,NA,NA,NA,NA,NA,NA
12.0144898669671,0,-0.0304643580877798,0,12.0144898669671,-0.0304643580877798,-0.0304643580877798,-0.0304643580877798,0.0246585875375876
5.59197431763262,0,-0.0578220526680145,0,5.59197431763262,-0.0578220526680145,-0.0578220526680145,-0.0578220526680145,0.0290843221745671
7.10118523761685,0,-0.0285278978712163,0,7.10118523761685,-0.0285278978712163,-0.0285278978712163,-0.0285278978712163,0.0595492352872805
8.39406695268219,0,0.0167837864563465,0,8.39406695268219,0.0167837864563465,0.0167837864563465,0.0167837864563465,0.0322473662392579
6.68163411954067,0,0.0399525800720857,0,6.68163411954067,0.0399525800720857,0.0399525800720857,0.0399525800720857,0.0632642521725607
9.90977856764798,0,-0.0703516628541319,0,9.90977856764798,-0.0703516628541319,-0.0703516628541319,-0.0703516628541319,0.0190137396144176
9.567453602661,0,-0.0130573193727359,0,9.567453602661,-0.0130573193727359,-0.0130573193727359,-0.0130573193727359,0.0264340771076804
9.56764954052794,0,-0.00578932875863998,0,9.56764954052794,-0.00578932875863998,-0.00578932875863998,-0.00578932875863998,0.0288617279537588
9.58796747981615,0,0.00725905880614161,0,9.58796747981615,0.00725905880614161,0.00725905880614161,0.00725905880614161,0.0422687684348916
12.9045618909384,0,-0.020800428050844,0,12.9045618909384,-0.020800428050844,-0.020800428050844,-0.020800428050844,0.00918914559220215
9.03381024943225,0,-0.0258591277728825,0,9.03381024943225,-0.0258591277728825,-0.0258591277728825,-0.0258591277728825,0.0210013285642308
7.292171244769,0,0.0214216184583366,0,7.292171244769,0.0214216184583366,0.0214216184583366,0.0214216184583366,0.00787016036700002
10.6567948708008,0,0.0203455428827325,0,10.6567948708008,0.0203455428827325,0.0203455428827325,0.0203455428827325,0.0367174068081082
15.83958844307,0,0.0399832495665445,0,15.83958844307,0.0399832495665445,0.0399832495665445,0.0399832495665445,0.0130470310288665
17.7014293147066,0,0.0234372077444364,0,17.7014293147066,0.0234372077444364,0.0234372077444364,0.0234372077444364,0.0323786122878216
14.7585414478692,0,-0.0143222744287462,0,14.7585414478692,-0.0143222744287462,-0.0143222744287462,-0.0143222744287462,0.0637816832942033
8.7869971588466,0,0.0255650750927985,0,8.7869971588466,0.0255650750927985,0.0255650750927985,0.0255650750927985,0.0115189820321319
13.9836050997556,0,-0.0596374353307077,0,13.9836050997556,-0.0596374353307077,-0.0596374353307077,-0.0596374353307077,0.0260159424457815
11.3110693140974,0,0.00982781565554414,0,11.3110693140974,0.00982781565554414,0.00982781565554414,0.00982781565554414,0.0152975413868066
16.5519463473715,0,-0.0850116784148187,0,16.5519463473715,-0.0850116784148187,-0.0850116784148187,-0.0850116784148187,0.0449328569998866
12.3671082351961,0,0.0210231372322994,0,12.3671082351961,0.0210231372322994,0.0210231372322994,0.0210231372322994,0.0160828742749283
12.3654554745313,0,-0.0686880413546458,0,12.3654554745313,-0.0686880413546458,-0.0686880413546458,-0.0686880413546458,0.0513325050706189
19.2556223171704,0,0.0285945738844167,0,19.2556223171704,0.0285945738844167,0.0285945738844167,0.0285945738844167,0.0139726523520546
34.7312424253189,0,0.00360906084633839,0,34.7312424253189,0.00360906084633839,0.00360906084633839,0.00360906084633839,0.017575833019559
54.7209102152747,0,0.0196726221291343,0,54.7209102152747,0.0196726221291343,0.0196726221291343,0.0196726221291343,0.0109274670854921
9.37577209119586,0,-0.0166622088619275,0,9.37577209119586,-0.0166622088619275,-0.0166622088619275,-0.0166622088619275,0.0509886552324907
8.22166390729103,0,0.0200227074138689,0,8.22166390729103,0.0200227074138689,0.0200227074138689,0.0200227074138689,0.0889316774406693
6.56936523894705,0,-0.0184803687031215,0,6.56936523894705,-0.0184803687031215,-0.0184803687031215,-0.0184803687031215,0.0397871786329299
7.36539602284415,0,-0.0247872150245361,0,7.36539602284415,-0.0247872150245361,-0.0247872150245361,-0.0247872150245361,0.114121672795408
9.34902839864339,0,-0.0319037471830898,0,9.34902839864339,-0.0319037471830898,-0.0319037471830898,-0.0319037471830898,0.0353702402159913
9.64603221208774,0,-0.0448878782907022,0,9.64603221208774,-0.0448878782907022,-0.0448878782907022,-0.0448878782907022,0.060446521466018
11.1738978522498,0,-0.0430525372481022,0,11.1738978522498,-0.0430525372481022,-0.0430525372481022,-0.0430525372481022,0.0455534762468136
10.8363107906744,0,-0.028098390818107,0,10.8363107906744,-0.028098390818107,-0.028098390818107,-0.028098390818107,0.071926050301895
7.60971237336999,0,0.0425196941211018,0,7.60971237336999,0.0425196941211018,0.0425196941211018,0.0425196941211018,0.0675431227803087
6.7623626212796,0,0.0569688929469826,0,6.7623626212796,0.0569688929469826,0.0569688929469826,0.0569688929469826,0.0724631197752356
11.3171115233183,0,-0.0301299566297987,0,11.3171115233183,-0.0301299566297987,-0.0301299566297987,-0.0301299566297987,0.0549217163119364
12.491172371433,0,0.00616174807970621,0,12.491172371433,0.00616174807970621,0.00616174807970621,0.00616174807970621,0.0405245193389735
26.9159257982544,0,0.00103996356092225,0,26.9159257982544,0.00103996356092225,0.00103996356092225,0.00103996356092225,0.0289826613233299
23.3384346785706,0,0.0173424537425691,0,23.3384346785706,0.0173424537425691,0.0173424537425691,0.0173424537425691,0.0189266195413323
28.9457890893132,0,-0.0913120366455766,0,28.9457890893132,-0.0913120366455766,-0.0913120366455766,-0.0913120366455766,0.031473801407384
16.8846431378076,0,0.0592246738975235,0,16.8846431378076,0.0592246738975235,0.0592246738975235,0.0592246738975235,0.0580511049145327
134.384497197645,0,-0.0238877259081508,0,134.384497197645,-0.0238877259081508,-0.0238877259081508,-0.0238877259081508,0.0119968242583174
7.87613657515693,0,0.0413542662923309,0,7.87613657515693,0.0413542662923309,0.0413542662923309,0.0413542662923309,0.0315625132232254
6.75451986071434,0,0.0140182295143905,0,6.75451986071434,0.0140182295143905,0.0140182295143905,0.0140182295143905,0.0568066082100863
13.3632341442477,0,0.0180382677184463,0,13.3632341442477,0.0180382677184463,0.0180382677184463,0.0180382677184463,0.0615806710832505
12.1805820250532,0,0.00338467732188217,0,12.1805820250532,0.00338467732188217,0.00338467732188217,0.00338467732188217,0.0364988629906663
14.3972634987083,0,-0.0237118006498921,0,14.3972634987083,-0.0237118006498921,-0.0237118006498921,-0.0237118006498921,0.0295064854269103
14.1514365378187,0,-0.0107350800784212,0,14.1514365378187,-0.0107350800784212,-0.0107350800784212,-0.0107350800784212,0.0554744268805768
27.9381463268887,0,-0.0196646199066465,0,27.9381463268887,-0.0196646199066465,-0.0196646199066465,-0.0196646199066465,0.0266030945529787
24.4728765020316,0,-0.0883766236254439,0,24.4728765020316,-0.0883766236254439,-0.0883766236254439,-0.0883766236254439,0.0473406670453721
11.303125406956,0,0.0200076122858094,0,11.303125406956,0.0200076122858094,0.0200076122858094,0.0200076122858094,0.0675102696912362
7.48402930279067,0,0.00968988201586394,0,7.48402930279067,0.00968988201586394,0.00968988201586394,0.00968988201586394,0.0686754083472401
NA,NA,NA,NA,NA,NA,NA,NA,NA
12.0144898669671,0,-0.0304643580877798,0,12.0144898669671,-0.0304643580877798,-0.0304643580877798,-0.0304643580877798,0.0246585875375876
5.59197431763262,0,-0.0578220526680145,0,5.59197431763262,-0.0578220526680145,-0.0578220526680145,-0.0578220526680145,0.0290843221745671
7.10118523761685,0,-0.0285278978712163,0,7.10118523761685,-0.0285278978712163,-0.0285278978712163,-0.0285278978712163,0.0595492352872805
8.39406695268219,0,0.0167837864563465,0,8.39406695268219,0.0167837864563465,0.0167837864563465,0.0167837864563465,0.0322473662392579
6.68163411954067,0,0.0399525800720857,0,6.68163411954067,0.0399525800720857,0.0399525800720857,0.0399525800720857,0.0632642521725607
9.90977856764798,0,-0.0703516628541319,0,9.90977856764798,-0.0703516628541319,-0.0703516628541319,-0.0703516628541319,0.0190137396144176
9.567453602661,0,-0.0130573193727359,0,9.567453602661,-0.0130573193727359,-0.0130573193727359,-0.0130573193727359,0.0264340771076804
9.56764954052794,0,-0.00578932875863998,0,9.56764954052794,-0.00578932875863998,-0.00578932875863998,-0.00578932875863998,0.0288617279537588
9.58796747981615,0,0.00725905880614161,0,9.58796747981615,0.00725905880614161,0.00725905880614161,0.00725905880614161,0.0422687684348916
12.9045618909384,0,-0.020800428050844,0,12.9045618909384,-0.020800428050844,-0.020800428050844,-0.020800428050844,0.00918914559220215
9.03381024943225,0,-0.0258591277728825,0,9.03381024943225,-0.0258591277728825,-0.0258591277728825,-0.0258591277728825,0.0210013285642308
7.292171244769,0,0.0214216184583366,0,7.292171244769,0.0214216184583366,0.0214216184583366,0.0214216184583366,0.00787016036700002
10.6567948708008,0,0.0203455428827325,0,10.6567948708008,0.0203455428827325,0.0203455428827325,0.0203455428827325,0.0367174068081082
15.83958844307,0,0.0399832495665445,0,15.83958844307,0.0399832495665445,0.0399832495665445,0.0399832495665445,0.0130470310288665
17.7014293147066,0,0.0234372077444364,0,17.7014293147066,0.0234372077444364,0.0234372077444364,0.0234372077444364,0.0323786122878216
14.7585414478692,0,-0.0143222744287462,0,14.7585414478692,-0.0143222744287462,-0.0143222744287462,-0.0143222744287462,0.0637816832942033
8.7869971588466,0,0.0255650750927985,0,8.7869971588466,0.0255650750927985,0.0255650750927985,0.0255650750927985,0.0115189820321319
13.9836050997556,0,-0.0596374353307077,0,13.9836050997556,-0.0596374353307077,-0.0596374353307077,-0.0596374353307077,0.0260159424457815
11.3110693140974,0,0.00982781565554414,0,11.3110693140974,0.00982781565554414,0.00982781565554414,0.00982781565554414,0.0152975413868066
16.5519463473715,0,-0.0850116784148187,0,16.5519463473715,-0.0850116784148187,-0.0850116784148187,-0.0850116784148187,0.0449328569998866
12.3671082351961,0,0.0210231372322994,0,12.3671082351961,0.0210231372322994,0.0210231372322994,0.0210231372322994,0.0160828742749283
12.3654554745313,0,-0.0686880413546458,0,12.3654554745313,-0.0686880413546458,-0.0686880413546458,-0.0686880413546458,0.0513325050706189
19.2556223171704,0,0.0285945738844167,0,19.2556223171704,0.0285945738844167,0.0285945738844167,0.0285945738844167,0.0139726523520546
34.7312424253189,0,0.00360906084633839,0,34.7312424253189,0.00360906084633839,0.00360906084633839,0.00360906084633839,0.017575833019559
54.7209102152747,0,0.0196726221291343,0,54.7209102152747,0.0196726221291343,0.0196726221291343,0.0196726221291343,0.0109274670854921
9.37577209119586,0,-0.0166622088619275,0,9.37577209119586,-0.0166622088619275,-0.0166622088619275,-0.0166622088619275,0.0509886552324907
8.22166390729103,0,0.0200227074138689,0,8.22166390729103,0.0200227074138689,0.0200227074138689,0.0200227074138689,0.0889316774406693
6.56936523894705,0,-0.0184803687031215,0,6.56936523894705,-0.0184803687031215,-0.0184803687031215,-0.0184803687031215,0.0397871786329299
7.36539602284415,0,-0.0247872150245361,0,7.36539602284415,-0.0247872150245361,-0.0247872150245361,-0.0247872150245361,0.114121672795408
9.34902839864339,0,-0.0319037471830898,0,9.34902839864339,-0.0319037471830898,-0.0319037471830898,-0.0319037471830898,0.0353702402159913
9.64603221208774,0,-0.0448878782907022,0,9.64603221208774,-0.0448878782907022,-0.0448878782907022,-0.0448878782907022,0.060446521466018
11.1738978522498,0,-0.0430525372481022,0,11.1738978522498,-0.0430525372481022,-0.0430525372481022,-0.0430525372481022,0.0455534762468136
10.8363107906744,0,-0.028098390818107,0,10.8363107906744,-0.028098390818107,-0.028098390818107,-0.028098390818107,0.071926050301895
7.60971237336999,0,0.0425196941211018,0,7.60971237336999,0.0425196941211018,0.0425196941211018,0.0425196941211018,0.0675431227803087
6.7623626212796,0,0.0569688929469826,0,6.7623626212796,0.0569688929469826,0.0569688929469826,0.0569688929469826,0.0724631197752356
11.3171115233183,0,-0.0301299566297987,0,11.3171115233183,-0.0301299566297987,-0.0301299566297987,-0.0301299566297987,0.0549217163119364
12.491172371433,0,0.00616174807970621,0,12.491172371433,0.00616174807970621,0.00616174807970621,0.00616174807970621,0.0405245193389735
26.9159257982544,0,0.00103996356092225,0,26.9159257982544,0.00103996356092225,0.00103996356092225,0.00103996356092225,0.0289826613233299
23.3384346785706,0,0.0173424537425691,0,23.3384346785706,0.0173424537425691,0.0173424537425691,0.0173424537425691,0.0189266195413323
28.9457890893132,0,-0.0913120366455766,0,28.9457890893132,-0.0913120366455766,-0.0913120366455766,-0.0913120366455766,0.031473801407384
16.8846431378076,0,0.0592246738975235,0,16.8846431378076,0.0592246738975235,0.0592246738975235,0.0592246738975235,0.0580511049145327
134.384497197645,0,-0.0238877259081508,0,134.384497197645,-0.0238877259081508,-0.0238877259081508,-0.0238877259081508,0.0119968242583174
7.87613657515693,0,0.0413542662923309,0,7.87613657515693,0.0413542662923309,0.0413542662923309,0.0413542662923309,0.0315625132232254
6.75451986071434,0,0.0140182295143905,0,6.75451986071434,0.0140182295143905,0.0140182295143905,0.0140182295143905,0.0568066082100863
13.3632341442477,0,0.0180382677184463,0,13.3632341442477,0.0180382677184463,0.0180382677184463,0.0180382677184463,0.0615806710832505
12.1805820250532,0,0.00338467732188217,0,12.1805820250532,0.00338467732188217,0.00338467732188217,0.00338467732188217,0.0364988629906663
14.3972634987083,0,-0.0237118006498921,0,14.3972634987083,-0.0237118006498921,-0.0237118006498921,-0.0237118006498921,0.0295064854269103
14.1514365378187,0,-0.0107350800784212,0,14.1514365378187,-0.0107350800784212,-0.0107350800784212,-0.0107350800784212,0.0554744268805768
27.9381463268887,0,-0.0196646199066465,0,27.9381463268887,-0.0196646199066465,-0.0196646199066465,-0.0196646199066465,0.0266030945529787
24.4728765020316,0,-0.0883766236254439,0,24.4728765020316,-0.0883766236254439,-0.0883766236254439,-0.0883766236254439,0.0473406670453721
11.303125406956,0,0.0200076122858094,0,11.303125406956,0.0200076122858094,0.0200076122858094,0.0200076122858094,0.0675102696912362
7.48402930279067,0,0.00968988201586394,0,7.48402930279067,0.00968988201586394,0.00968988201586394,0.00968988201586394,0.0686754083472401
NA,NA,NA,NA,NA,NA,NA,NA,NA
12.0144898669671,0,-0.0304643580877798,0,12.0144898669671,-0.0304643580877798,-0.0304643580877798,-0.0304643580877798,0.0246585875375876
5.59197431763262,0,-0.0578220526680145,0,5.59197431763262,-0.0578220526680145,-0.0578220526680145,-0.0578220526680145,0.0290843221745671
7.10118523761685,0,-0.0285278978712163,0,7.10118523761685,-0.0285278978712163,-0.0285278978712163,-0.0285278978712163,0.0595492352872805
8.39406695268219,0,0.0167837864563465,0,8.39406695268219,0.0167837864563465,0.0167837864563465,0.0167837864563465,0.0322473662392579
6.68163411954067,0,0.0399525800720857,0,6.68163411954067,0.0399525800720857,0.0399525800720857,0.0399525800720857,0.0632642521725607
9.90977856764798,0,-0.0703516628541319,0,9.90977856764798,-0.0703516628541319,-0.0703516628541319,-0.0703516628541319,0.0190137396144176
9.567453602661,0,-0.0130573193727359,0,9.567453602661,-0.0130573193727359,-0.0130573193727359,-0.0130573193727359,0.0264340771076804
9.56764954052794,0,-0.00578932875863998,0,9.56764954052794,-0.00578932875863998,-0.00578932875863998,-0.00578932875863998,0.0288617279537588
9.58796747981615,0,0.00725905880614161,0,9.58796747981615,0.00725905880614161,0.00725905880614161,0.00725905880614161,0.0422687684348916
12.9045618909384,0,-0.020800428050844,0,12.9045618909384,-0.020800428050844,-0.020800428050844,-0.020800428050844,0.00918914559220215
9.03381024943225,0,-0.0258591277728825,0,9.03381024943225,-0.0258591277728825,-0.0258591277728825,-0.0258591277728825,0.0210013285642308
7.292171244769,0,0.0214216184583366,0,7.292171244769,0.0214216184583366,0.0214216184583366,0.0214216184583366,0.00787016036700002
10.6567948708008,0,0.0203455428827325,0,10.6567948708008,0.0203455428827325,0.0203455428827325,0.0203455428827325,0.0367174068081082
15.83958844307,0,0.0399832495665445,0,15.83958844307,0.0399832495665445,0.0399832495665445,0.0399832495665445,0.0130470310288665
17.7014293147066,0,0.0234372077444364,0,17.7014293147066,0.0234372077444364,0.0234372077444364,0.0234372077444364,0.0323786122878216
14.7585414478692,0,-0.0143222744287462,0,14.7585414478692,-0.0143222744287462,-0.0143222744287462,-0.0143222744287462,0.0637816832942033
8.7869971588466,0,0.0255650750927985,0,8.7869971588466,0.0255650750927985,0.0255650750927985,0.0255650750927985,0.0115189820321319
13.9836050997556,0,-0.0596374353307077,0,13.9836050997556,-0.0596374353307077,-0.0596374353307077,-0.0596374353307077,0.0260159424457815
11.3110693140974,0,0.00982781565554414,0,11.3110693140974,0.00982781565554414,0.00982781565554414,0.00982781565554414,0.0152975413868066
16.5519463473715,0,-0.0850116784148187,0,16.5519463473715,-0.0850116784148187,-0.0850116784148187,-0.0850116784148187,0.0449328569998866
12.3671082351961,0,0.0210231372322994,0,12.3671082351961,0.0210231372322994,0.0210231372322994,0.0210231372322994,0.0160828742749283
12.3654554745313,0,-0.0686880413546458,0,12.3654554745313,-0.0686880413546458,-0.0686880413546458,-0.0686880413546458,0.0513325050706189
19.2556223171704,0,0.0285945738844167,0,19.2556223171704,0.0285945738844167,0.0285945738844167,0.0285945738844167,0.0139726523520546
34.7312424253189,0,0.00360906084633839,0,34.7312424253189,0.00360906084633839,0.00360906084633839,0.00360906084633839,0.017575833019559
54.7209102152747,0,0.0196726221291343,0,54.7209102152747,0.0196726221291343,0.0196726221291343,0.0196726221291343,0.0109274670854921
9.37577209119586,0,-0.0166622088619275,0,9.37577209119586,-0.0166622088619275,-0.0166622088619275,-0.0166622088619275,0.0509886552324907
8.22166390729103,0,0.0200227074138689,0,8.22166390729103,0.0200227074138689,0.0200227074138689,0.0200227074138689,0.0889316774406693
6.56936523894705,0,-0.0184803687031215,0,6.56936523894705,-0.0184803687031215,-0.0184803687031215,-0.0184803687031215,0.0397871786329299
7.36539602284415,0,-0.0247872150245361,0,7.36539602284415,-0.0247872150245361,-0.0247872150245361,-0.0247872150245361,0.114121672795408
9.34902839864339,0,-0.0319037471830898,0,9.34902839864339,-0.0319037471830898,-0.0319037471830898,-0.0319037471830898,0.0353702402159913
9.64603221208774,0,-0.0448878782907022,0,9.64603221208774,-0.0448878782907022,-0.0448878782907022,-0.0448878782907022,0.060446521466018
11.1738978522498,0,-0.0430525372481022,0,11.1738978522498,-0.0430525372481022,-0.0430525372481022,-0.0430525372481022,0.0455534762468136
10.8363107906744,0,-0.028098390818107,0,10.8363107906744,-0.028098390818107,-0.028098390818107,-0.028098390818107,0.071926050301895
7.60971237336999,0,0.0425196941211018,0,7.60971237336999,0.0425196941211018,0.0425196941211018,0.0425196941211018,0.0675431227803087
6.7623626212796,0,0.0569688929469826,0,6.7623626212796,0.0569688929469826,0.0569688929469826,0.0569688929469826,0.0724631197752356
11.3171115233183,0,-0.0301299566297987,0,11.3171115233183,-0.0301299566297987,-0.0301299566297987,-0.0301299566297987,0.0549217163119364
12.491172371433,0,0.00616174807970621,0,12.491172371433,0.00616174807970621,0.00616174807970621,0.00616174807970621,0.0405245193389735
26.9159257982544,0,0.00103996356092225,0,26.9159257982544,0.00103996356092225,0.00103996356092225,0.00103996356092225,0.0289826613233299
23.3384346785706,0,0.0173424537425691,0,23.3384346785706,0.0173424537425691,0.0173424537425691,0.0173424537425691,0.0189266195413323
28.9457890893132,0,-0.0913120366455766,0,28.9457890893132,-0.0913120366455766,-0.0913120366455766,-0.0913120366455766,0.031473801407384
16.8846431378076,0,0.0592246738975235,0,16.8846431378076,0.0592246738975235,0.0592246738975235,0.0592246738975235,0.0580511049145327
134.384497197645,0,-0.0238877259081508,0,134.384497197645,-0.0238877259081508,-0.0238877259081508,-0.0238877259081508,0.0119968242583174
7.87613657515693,0,0.0413542662923309,0,7.87613657515693,0.0413542662923309,0.0413542662923309,0.0413542662923309,0.0315625132232254
6.75451986071434,0,0.0140182295143905,0,6.75451986071434,0.0140182295143905,0.0140182295143905,0.0140182295143905,0.0568066082100863
13.3632341442477,0,0.0180382677184463,0,13.3632341442477,0.0180382677184463,0.0180382677184463,0.0180382677184463,0.0615806710832505
12.1805820250532,0,0.00338467732188217,0,12.1805820250532,0.00338467732188217,0.00338467732188217,0.00338467732188217,0.0364988629906663
14.3972634987083,0,-0.0237118006498921,0,14.3972634987083,-0.0237118006498921,-0.0237118006498921,-0.0237118006498921,0.0295064854269103
14.1514365378187,0,-0.0107350800784212,0,14.1514365378187,-0.0107350800784212,-0.0107350800784212,-0.0107350800784212,0.0554744268805768
27.9381463268887,0,-0.0196646199066465,0,27.9381463268887,-0.0196646199066465,-0.0196646199066465,-0.0196646199066465,0.0266030945529787
24.4728765020316,0,-0.0883766236254439,0,24.4728765020316,-0.0883766236254439,-0.0883766236254439,-0.0883766236254439,0.0473406670453721
11.303125406956,0,0.0200076122858094,0,11.303125406956,0.0200076122858094,0.0200076122858094,0.0200076122858094,0.0675102696912362
7.48402930279067,0,0.00968988201586394,0,7.48402930279067,0.00968988201586394,0.00968988201586394,0.00968988201586394,0.0686754083472401
NA,NA,NA,NA,NA,NA,NA,NA,NA
12.0144898669671,0,-0.0304643580877798,0,12.0144898669671,-0.0304643580877798,-0.0304643580877798,-0.0304643580877798,0.0246585875375876
5.59197431763262,0,-0.0578220526680145,0,5.59197431763262,-0.0578220526680145,-0.0578220526680145,-0.0578220526680145,0.0290843221745671
7.10118523761685,0,-0.0285278978712163,0,7.10118523761685,-0.0285278978712163,-0.0285278978712163,-0.0285278978712163,0.0595492352872805
8.39406695268219,0,0.0167837864563465,0,8.39406695268219,0.0167837864563465,0.0167837864563465,0.0167837864563465,0.0322473662392579
6.68163411954067,0,0.0399525800720857,0,6.68163411954067,0.0399525800720857,0.0399525800720857,0.0399525800720857,0.0632642521725607
9.90977856764798,0,-0.0703516628541319,0,9.90977856764798,-0.0703516628541319,-0.0703516628541319,-0.0703516628541319,0.0190137396144176
9.567453602661,0,-0.0130573193727359,0,9.567453602661,-0.0130573193727359,-0.0130573193727359,-0.0130573193727359,0.0264340771076804
9.56764954052794,0,-0.00578932875863998,0,9.56764954052794,-0.00578932875863998,-0.00578932875863998,-0.00578932875863998,0.0288617279537588
9.58796747981615,0,0.00725905880614161,0,9.58796747981615,0.00725905880614161,0.00725905880614161,0.00725905880614161,0.0422687684348916
12.9045618909384,0,-0.020800428050844,0,12.9045618909384,-0.020800428050844,-0.020800428050844,-0.020800428050844,0.00918914559220215
9.03381024943225,0,-0.0258591277728825,0,9.03381024943225,-0.0258591277728825,-0.0258591277728825,-0.0258591277728825,0.0210013285642308
7.292171244769,0,0.0214216184583366,0,7.292171244769,0.0214216184583366,0.0214216184583366,0.0214216184583366,0.00787016036700002
10.6567948708008,0,0.0203455428827325,0,10.6567948708008,0.0203455428827325,0.0203455428827325,0.0203455428827325,0.0367174068081082
15.83958844307,0,0.0399832495665445,0,15.83958844307,0.0399832495665445,0.0399832495665445,0.0399832495665445,0.0130470310288665
17.7014293147066,0,0.0234372077444364,0,17.7014293147066,0.0234372077444364,0.0234372077444364,0.0234372077444364,0.0323786122878216
14.7585414478692,0,-0.0143222744287462,0,14.7585414478692,-0.0143222744287462,-0.0143222744287462,-0.0143222744287462,0.0637816832942033
8.7869971588466,0,0.0255650750927985,0,8.7869971588466,0.0255650750927985,0.0255650750927985,0.0255650750927985,0.0115189820321319
13.9836050997556,0,-0.0596374353307077,0,13.9836050997556,-0.0596374353307077,-0.0596374353307077,-0.0596374353307077,0.0260159424457815
11.3110693140974,0,0.00982781565554414,0,11.3110693140974,0.00982781565554414,0.00982781565554414,0.00982781565554414,0.0152975413868066
16.5519463473715,0,-0.0850116784148187,0,16.5519463473715,-0.0850116784148187,-0.0850116784148187,-0.0850116784148187,0.0449328569998866
12.3671082351961,0,0.0210231372322994,0,12.3671082351961,0.0210231372322994,0.0210231372322994,0.0210231372322994,0.0160828742749283
12.3654554745313,0,-0.0686880413546458,0,12.3654554745313,-0.0686880413546458,-0.0686880413546458,-0.0686880413546458,0.0513325050706189
19.2556223171704,0,0.0285945738844167,0,19.2556223171704,0.0285945738844167,0.0285945738844167,0.0285945738844167,0.0139726523520546
34.7312424253189,0,0.00360906084633839,0,34.7312424253189,0.00360906084633839,0.00360906084633839,0.00360906084633839,0.017575833019559
54.7209102152747,0,0.0196726221291343,0,54.7209102152747,0.0196726221291343,0.0196726221291343,0.0196726221291343,0.0109274670854921
9.37577209119586,0,-0.0166622088619275,0,9.37577209119586,-0.0166622088619275,-0.0166622088619275,-0.0166622088619275,0.0509886552324907
8.22166390729103,0,0.0200227074138689,0,8.22166390729103,0.0200227074138689,0.0200227074138689,0.0200227074138689,0.0889316774406693
6.56936523894705,0,-0.0184803687031215,0,6.56936523894705,-0.0184803687031215,-0.0184803687031215,-0.0184803687031215,0.0397871786329299
7.36539602284415,0,-0.0247872150245361,0,7.36539602284415,-0.0247872150245361,-0.0247872150245361,-0.0247872150245361,0.114121672795408
9.34902839864339,0,-0.0319037471830898,0,9.34902839864339,-0.0319037471830898,-0.0319037471830898,-0.0319037471830898,0.0353702402159913
9.64603221208774,0,-0.0448878782907022,0,9.64603221208774,-0.0448878782907022,-0.0448878782907022,-0.0448878782907022,0.060446521466018
11.1738978522498,0,-0.0430525372481022,0,11.1738978522498,-0.0430525372481022,-0.0430525372481022,-0.0430525372481022,0.0455534762468136
10.8363107906744,0,-0.028098390818107,0,10.8363107906744,-0.028098390818107,-0.028098390818107,-0.028098390818107,0.071926050301895
7.60971237336999,0,0.0425196941211018,0,7.60971237336999,0.0425196941211018,0.0425196941211018,0.0425196941211018,0.0675431227803087
6.7623626212796,0,0.0569688929469826,0,6.7623626212796,0.0569688929469826,0.0569688929469826,0.0569688929469826,0.0724631197752356
11.3171115233183,0,-0.0301299566297987,0,11.3171115233183,-0.0301299566297987,-0.0301299566297987,-0.0301299566297987,0.0549217163119364
12.491172371433,0,0.00616174807970621,0,12.491172371433,0.00616174807970621,0.00616174807970621,0.00616174807970621,0.0405245193389735
26.9159257982544,0,0.00103996356092225,0,26.9159257982544,0.00103996356092225,0.00103996356092225,0.00103996356092225,0.0289826613233299
23.3384346785706,0,0.0173424537425691,0,23.3384346785706,0.0173424537425691,0.0173424537425691,0.0173424537425691,0.0189266195413323
28.9457890893132,0,-0.0913120366455766,0,28.9457890893132,-0.0913120366455766,-0.0913120366455766,-0.0913120366455766,0.031473801407384
16.8846431378076,0,0.0592246738975235,0,16.8846431378076,0.0592246738975235,0.0592246738975235,0.0592246738975235,0.0580511049145327
134.384497197645,0,-0.0238877259081508,0,134.384497197645,-0.0238877259081508,-0.0238877259081508,-0.0238877259081508,0.0119968242583174
7.87613657515693,0,0.0413542662923309,0,7.87613657515693,0.0413542662923309,0.0413542662923309,0.0413542662923309,0.0315625132232254
6.75451986071434,0,0.0140182295143905,0,6.75451986071434,0.0140182295143905,0.0140182295143905,0.0140182295143905,0.0568066082100863
13.3632341442477,0,0.0180382677184463,0,13.3632341442477,0.0180382677184463,0.0180382677184463,0.0180382677184463,0.0615806710832505
12.1805820250532,0,0.00338467732188217,0,12.1805820250532,0.00338467732188217,0.00338467732188217,0.00338467732188217,0.0364988629906663
14.3972634987083,0,-0.0237118006498921,0,14.3972634987083,-0.0237118006498921,-0.0237118006498921,-0.0237118006498921,0.0295064854269103
14.1514365378187,0,-0.0107350800784212,0,14.1514365378187,-0.0107350800784212,-0.0107350800784212,-0.0107350800784212,0.0554744268805768
27.9381463268887,0,-0.0196646199066465,0,27.9381463268887,-0.0196646199066465,-0.0196646199066465,-0.0196646199066465,0.0266030945529787
24.4728765020316,0,-0.0883766236254439,0,24.4728765020316,-0.0883766236254439,-0.0883766236254439,-0.0883766236254439,0.0473406670453721
11.303125406956,0,0.0200076122858094,0,11.303125406956,0.0200076122858094,0.0200076122858094,0.0200076122858094,0.0675102696912362
7.48402930279067,0,0.00968988201586394,0,7.48402930279067,0.00968988201586394,0.00968988201586394,0.00968988201586394,0.0686754083472401
NA,NA,NA,NA,NA,NA,NA,NA,NA
12.0144898669671,0,-0.0304643580877798,0,12.0144898669671,-0.0304643580877798,-0.0304643580877798,-0.0304643580877798,0.0246585875375876
5.59197431763262,0,-0.0578220526680145,0,5.59197431763262,-0.0578220526680145,-0.0578220526680145,-0.0578220526680145,0.0290843221745671
7.10118523761685,0,-0.0285278978712163,0,7.10118523761685,-0.0285278978712163,-0.0285278978712163,-0.0285278978712163,0.0595492352872805
8.39406695268219,0,0.0167837864563465,0,8.39406695268219,0.0167837864563465,0.0167837864563465,0.0167837864563465,0.0322473662392579
6.68163411954067,0,0.0399525800720857,0,6.68163411954067,0.0399525800720857,0.0399525800720857,0.0399525800720857,0.0632642521725607
9.90977856764798,0,-0.0703516628541319,0,9.90977856764798,-0.0703516628541319,-0.0703516628541319,-0.0703516628541319,0.0190137396144176
9.567453602661,0,-0.0130573193727359,0,9.567453602661,-0.0130573193727359,-0.0130573193727359,-0.0130573193727359,0.0264340771076804
9.56764954052794,0,-0.00578932875863998,0,9.56764954052794,-0.00578932875863998,-0.00578932875863998,-0.00578932875863998,0.0288617279537588
9.58796747981615,0,0.00725905880614161,0,9.58796747981615,0.00725905880614161,0.00725905880614161,0.00725905880614161,0.0422687684348916
12.9045618909384,0,-0.020800428050844,0,12.9045618909384,-0.020800428050844,-0.020800428050844,-0.020800428050844,0.00918914559220215
9.03381024943225,0,-0.0258591277728825,0,9.03381024943225,-0.0258591277728825,-0.0258591277728825,-0.0258591277728825,0.0210013285642308
7.292171244769,0,0.0214216184583366,0,7.292171244769,0.0214216184583366,0.0214216184583366,0.0214216184583366,0.00787016036700002
10.6567948708008,0,0.0203455428827325,0,10.6567948708008,0.0203455428827325,0.0203455428827325,0.0203455428827325,0.0367174068081082
15.83958844307,0,0.0399832495665445,0,15.83958844307,0.0399832495665445,0.0399832495665445,0.0399832495665445,0.0130470310288665
17.7014293147066,0,0.0234372077444364,0,17.7014293147066,0.0234372077444364,0.0234372077444364,0.0234372077444364,0.0323786122878216
14.7585414478692,0,-0.0143222744287462,0,14.7585414478692,-0.0143222744287462,-0.0143222744287462,-0.0143222744287462,0.0637816832942033
8.7869971588466,0,0.0255650750927985,0,8.7869971588466,0.0255650750927985,0.0255650750927985,0.0255650750927985,0.0115189820321319
13.9836050997556,0,-0.0596374353307077,0,13.9836050997556,-0.0596374353307077,-0.0596374353307077,-0.0596374353307077,0.0260159424457815
11.3110693140974,0,0.00982781565554414,0,11.3110693140974,0.00982781565554414,0.00982781565554414,0.00982781565554414,0.0152975413868066
16.5519463473715,0,-0.0850116784148187,0,16.5519463473715,-0.0850116784148187,-0.0850116784148187,-0.0850116784148187,0.0449328569998866
12.3671082351961,0,0.0210231372322994,0,12.3671082351961,0.0210231372322994,0.0210231372322994,0.0210231372322994,0.0160828742749283
12.3654554745313,0,-0.0686880413546458,0,12.3654554745313,-0.0686880413546458,-0.0686880413546458,-0.0686880413546458,0.0513325050706189
19.2556223171704,0,0.0285945738844167,0,19.2556223171704,0.0285945738844167,0.0285945738844167,0.0285945738844167,0.0139726523520546
34.7312424253189,0,0.00360906084633839,0,34.7312424253189,0.00360906084633839,0.00360906084633839,0.00360906084633839,0.017575833019559
54.7209102152747,0,0.0196726221291343,0,54.7209102152747,0.0196726221291343,0.0196726221291343,0.0196726221291343,0.0109274670854921
9.37577209119586,0,-0.0166622088619275,0,9.37577209119586,-0.0166622088619275,-0.0166622088619275,-0.0166622088619275,0.0509886552324907
8.22166390729103,0,0.0200227074138689,0,8.22166390729103,0.0200227074138689,0.0200227074138689,0.0200227074138689,0.0889316774406693
6.56936523894705,0,-0.0184803687031215,0,6.56936523894705,-0.0184803687031215,-0.0184803687031215,-0.0184803687031215,0.0397871786329299
7.36539602284415,0,-0.0247872150245361,0,7.36539602284415,-0.0247872150245361,-0.0247872150245361,-0.0247872150245361,0.114121672795408
9.34902839864339,0,-0.0319037471830898,0,9.34902839864339,-0.0319037471830898,-0.0319037471830898,-0.0319037471830898,0.0353702402159913
9.64603221208774,0,-0.0448878782907022,0,9.64603221208774,-0.0448878782907022,-0.0448878782907022,-0.0448878782907022,0.060446521466018
11.1738978522498,0,-0.0430525372481022,0,11.1738978522498,-0.0430525372481022,-0.0430525372481022,-0.0430525372481022,0.0455534762468136
10.8363107906744,0,-0.028098390818107,0,10.8363107906744,-0.028098390818107,-0.028098390818107,-0.028098390818107,0.071926050301895
7.60971237336999,0,0.0425196941211018,0,7.60971237336999,0.0425196941211018,0.0425196941211018,0.0425196941211018,0.0675431227803087
6.7623626212796,0,0.0569688929469826,0,6.7623626212796,0.0569688929469826,0.0569688929469826,0.0569688929469826,0.0724631197752356
11.3171115233183,0,-0.0301299566297987,0,11.3171115233183,-0.0301299566297987,-0.0301299566297987,-0.0301299566297987,0.0549217163119364
12.491172371433,0,0.00616174807970621,0,12.491172371433,0.00616174807970621,0.00616174807970621,0.00616174807970621,0.0405245193389735
26.9159257982544,0,0.00103996356092225,0,26.9159257982544,0.00103996356092225,0.00103996356092225,0.00103996356092225,0.0289826613233299
23.3384346785706,0,0.0173424537425691,0,23.3384346785706,0.0173424537425691,0.0173424537425691,0.0173424537425691,0.0189266195413323
28.9457890893132,0,-0.0913120366455766,0,28.9457890893132,-0.0913120366455766,-0.0913120366455766,-0.0913120366455766,0.031473801407384
16.8846431378076,0,0.0592246738975235,0,16.8846431378076,0.0592246738975235,0.0592246738975235,0.0592246738975235,0.0580511049145327
134.384497197645,0,-0.0238877259081508,0,134.384497197645,-0.0238877259081508,-0.0238877259081508,-0.0238877259081508,0.0119968242583174
7.87613657515693,0,0.0413542662923309,0,7.87613657515693,0.0413542662923309,0.0413542662923309,0.0413542662923309,0.0315625132232254
6.75451986071434,0,0.0140182295143905,0,6.75451986071434,0.0140182295143905,0.0140182295143905,0.0140182295143905,0.0568066082100863
13.3632341442477,0,0.0180382677184463,0,13.3632341442477,0.0180382677184463,0.0180382677184463,0.0180382677184463,0.0615806710832505
12.1805820250532,0,0.00338467732188217,0,12.1805820250532,0.00338467732188217,0.00338467732188217,0.00338467732188217,0.0364988629906663
14.3972634987083,0,-0.0237118006498921,0,14.3972634987083,-0.0237118006498921,-0.0237118006498921,-0.0237118006498921,0.0295064854269103
14.1514365378187,0,-0.0107350800784212,0,14.1514365378187,-0.0107350800784212,-0.0107350800784212,-0.0107350800784212,0.0554744268805768
27.9381463268887,0,-0.0196646199066465,0,27.9381463268887,-0.0196646199066465,-0.0196646199066465,-0.0196646199066465,0.0266030945529787
24.4728765020316,0,-0.0883766236254439,0,24.4728765020316,-0.0883766236254439,-0.0883766236254439,-0.0883766236254439,0.0473406670453721
11.303125406956,0,0.0200076122858094,0,11.303125406956,0.0200076122858094,0.0200076122858094,0.0200076122858094,0.0675102696912362
7.48402930279067,0,0.00968988201586394,0,7.48402930279067,0.00968988201586394,0.00968988201586394,0.00968988201586394,0.0686754083472401
NA,NA,NA,NA,NA,NA,NA,NA,NA
12.0144898669671,0,-0.0304643580877798,0,12.0144898669671,-0.0304643580877798,-0.0304643580877798,-0.0304643580877798,0.0246585875375876
5.59197431763262,0,-0.0578220526680145,0,5.59197431763262,-0.0578220526680145,-0.0578220526680145,-0.0578220526680145,0.0290843221745671
7.10118523761685,0,-0.0285278978712163,0,7.10118523761685,-0.0285278978712163,-0.0285278978712163,-0.0285278978712163,0.0595492352872805
8.39406695268219,0,0.0167837864563465,0,8.39406695268219,0.0167837864563465,0.0167837864563465,0.0167837864563465,0.0322473662392579
6.68163411954067,0,0.0399525800720857,0,6.68163411954067,0.0399525800720857,0.0399525800720857,0.0399525800720857,0.0632642521725607
9.90977856764798,0,-0.0703516628541319,0,9.90977856764798,-0.0703516628541319,-0.0703516628541319,-0.0703516628541319,0.0190137396144176
9.567453602661,0,-0.0130573193727359,0,9.567453602661,-0.0130573193727359,-0.0130573193727359,-0.0130573193727359,0.0264340771076804
9.56764954052794,0,-0.00578932875863998,0,9.56764954052794,-0.00578932875863998,-0.00578932875863998,-0.00578932875863998,0.0288617279537588
9.58796747981615,0,0.00725905880614161,0,9.58796747981615,0.00725905880614161,0.00725905880614161,0.00725905880614161,0.0422687684348916
12.9045618909384,0,-0.020800428050844,0,12.9045618909384,-0.020800428050844,-0.020800428050844,-0.020800428050844,0.00918914559220215
9.03381024943225,0,-0.0258591277728825,0,9.03381024943225,-0.0258591277728825,-0.0258591277728825,-0.0258591277728825,0.0210013285642308
7.292171244769,0,0.0214216184583366,0,7.292171244769,0.0214216184583366,0.0214216184583366,0.0214216184583366,0.00787016036700002
10.6567948708008,0,0.0203455428827325,0,10.6567948708008,0.0203455428827325,0.0203455428827325,0.0203455428827325,0.0367174068081082
15.83958844307,0,0.0399832495665445,0,15.83958844307,0.0399832495665445,0.0399832495665445,0.0399832495665445,0.0130470310288665
17.7014293147066,0,0.0234372077444364,0,17.7014293147066,0.0234372077444364,0.0234372077444364,0.0234372077444364,0.0323786122878216
14.7585414478692,0,-0.0143222744287462,0,14.7585414478692,-0.0143222744287462,-0.0143222744287462,-0.0143222744287462,0.0637816832942033
8.7869971588466,0,0.0255650750927985,0,8.7869971588466,0.0255650750927985,0.0255650750927985,0.0255650750927985,0.0115189820321319
13.9836050997556,0,-0.0596374353307077,0,13.9836050997556,-0.0596374353307077,-0.0596374353307077,-0.0596374353307077,0.0260159424457815
11.3110693140974,0,0.00982781565554414,0,11.3110693140974,0.00982781565554414,0.00982781565554414,0.00982781565554414,0.0152975413868066
16.5519463473715,0,-0.0850116784148187,0,16.5519463473715,-0.0850116784148187,-0.0850116784148187,-0.0850116784148187,0.0449328569998866
12.3671082351961,0,0.0210231372322994,0,12.3671082351961,0.0210231372322994,0.0210231372322994,0.0210231372322994,0.0160828742749283
12.3654554745313,0,-0.0686880413546458,0,12.3654554745313,-0.0686880413546458,-0.0686880413546458,-0.0686880413546458,0.0513325050706189
19.2556223171704,0,0.0285945738844167,0,19.2556223171704,0.0285945738844167,0.0285945738844167,0.0285945738844167,0.0139726523520546
34.7312424253189,0,0.00360906084633839,0,34.7312424253189,0.00360906084633839,0.00360906084633839,0.00360906084633839,0.017575833019559
54.7209102152747,0,0.0196726221291343,0,54.7209102152747,0.0196726221291343,0.0196726221291343,0.0196726221291343,0.0109274670854921
9.37577209119586,0,-0.0166622088619275,0,9.37577209119586,-0.0166622088619275,-0.0166622088619275,-0.0166622088619275,0.0509886552324907
8.22166390729103,0,0.0200227074138689,0,8.22166390729103,0.0200227074138689,0.0200227074138689,0.0200227074138689,0.0889316774406693
6.56936523894705,0,-0.0184803687031215,0,6.56936523894705,-0.0184803687031215,-0.0184803687031215,-0.0184803687031215,0.0397871786329299
7.36539602284415,0,-0.0247872150245361,0,7.36539602284415,-0.0247872150245361,-0.0247872150245361,-0.0247872150245361,0.114121672795408
9.34902839864339,0,-0.0319037471830898,0,9.34902839864339,-0.0319037471830898,-0.0319037471830898,-0.0319037471830898,0.0353702402159913
9.64603221208774,0,-0.0448878782907022,0,9.64603221208774,-0.0448878782907022,-0.0448878782907022,-0.0448878782907022,0.060446521466018
11.1738978522498,0,-0.0430525372481022,0,11.1738978522498,-0.0430525372481022,-0.0430525372481022,-0.0430525372481022,0.0455534762468136
10.8363107906744,0,-0.028098390818107,0,10.8363107906744,-0.028098390818107,-0.028098390818107,-0.028098390818107,0.071926050301895
7.60971237336999,0,0.0425196941211018,0,7.60971237336999,0.0425196941211018,0.0425196941211018,0.0425196941211018,0.0675431227803087
6.7623626212796,0,0.0569688929469826,0,6.7623626212796,0.0569688929469826,0.0569688929469826,0.0569688929469826,0.0724631197752356
11.3171115233183,0,-0.0301299566297987,0,11.3171115233183,-0.0301299566297987,-0.0301299566297987,-0.0301299566297987,0.0549217163119364
12.491172371433,0,0.00616174807970621,0,12.491172371433,0.00616174807970621,0.00616174807970621,0.00616174807970621,0.0405245193389735
26.9159257982544,0,0.00103996356092225,0,26.9159257982544,0.00103996356092225,0.00103996356092225,0.00103996356092225,0.0289826613233299
23.3384346785706,0,0.0173424537425691,0,23.3384346785706,0.0173424537425691,0.0173424537425691,0.0173424537425691,0.0189266195413323
28.9457890893132,0,-0.0913120366455766,0,28.9457890893132,-0.0913120366455766,-0.0913120366455766,-0.0913120366455766,0.031473801407384
16.8846431378076,0,0.0592246738975235,0,16.8846431378076,0.0592246738975235,0.0592246738975235,0.0592246738975235,0.0580511049145327
134.384497197645,0,-0.0238877259081508,0,134.384497197645,-0.0238877259081508,-0.0238877259081508,-0.0238877259081508,0.0119968242583174
7.87613657515693,0,0.0413542662923309,0,7.87613657515693,0.0413542662923309,0.0413542662923309,0.0413542662923309,0.0315625132232254
6.75451986071434,0,0.0140182295143905,0,6.75451986071434,0.0140182295143905,0.0140182295143905,0.0140182295143905,0.0568066082100863
13.3632341442477,0,0.0180382677184463,0,13.3632341442477,0.0180382677184463,0.0180382677184463,0.0180382677184463,0.0615806710832505
12.1805820250532,0,0.00338467732188217,0,12.1805820250532,0.00338467732188217,0.00338467732188217,0.00338467732188217,0.0364988629906663
14.3972634987083,0,-0.0237118006498921,0,14.3972634987083,-0.0237118006498921,-0.0237118006498921,-0.0237118006498921,0.0295064854269103
14.1514365378187,0,-0.0107350800784212,0,14.1514365378187,-0.0107350800784212,-0.0107350800784212,-0.0107350800784212,0.0554744268805768
27.9381463268887,0,-0.0196646199066465,0,27.9381463268887,-0.0196646199066465,-0.0196646199066465,-0.0196646199066465,0.0266030945529787
24.4728765020316,0,-0.0883766236254439,0,24.4728765020316,-0.0883766236254439,-0.0883766236254439,-0.0883766236254439,0.0473406670453721
11.303125406956,0,0.0200076122858094,0,11.303125406956,0.0200076122858094,0.0200076122858094,0.0200076122858094,0.0675102696912362
7.48402930279067,0,0.00968988201586394,0,7.48402930279067,0.00968988201586394,0.00968988201586394,0.00968988201586394,0.0686754083472401
NA,NA,NA,NA,NA,NA,NA,NA,NA
12.0144898669671,0,-0.0304643580877798,0,12.0144898669671,-0.0304643580877798,-0.0304643580877798,-0.0304643580877798,0.0246585875375876
5.59197431763262,0,-0.0578220526680145,0,5.59197431763262,-0.0578220526680145,-0.0578220526680145,-0.0578220526680145,0.0290843221745671
7.10118523761685,0,-0.0285278978712163,0,7.10118523761685,-0.0285278978712163,-0.0285278978712163,-0.0285278978712163,0.0595492352872805
8.39406695268219,0,0.0167837864563465,0,8.39406695268219,0.0167837864563465,0.0167837864563465,0.0167837864563465,0.0322473662392579
6.68163411954067,0,0.0399525800720857,0,6.68163411954067,0.0399525800720857,0.0399525800720857,0.0399525800720857,0.0632642521725607
9.90977856764798,0,-0.0703516628541319,0,9.90977856764798,-0.0703516628541319,-0.0703516628541319,-0.0703516628541319,0.0190137396144176
9.567453602661,0,-0.0130573193727359,0,9.567453602661,-0.0130573193727359,-0.0130573193727359,-0.0130573193727359,0.0264340771076804
9.56764954052794,0,-0.00578932875863998,0,9.56764954052794,-0.00578932875863998,-0.00578932875863998,-0.00578932875863998,0.0288617279537588
9.58796747981615,0,0.00725905880614161,0,9.58796747981615,0.00725905880614161,0.00725905880614161,0.00725905880614161,0.0422687684348916
12.9045618909384,0,-0.020800428050844,0,12.9045618909384,-0.020800428050844,-0.020800428050844,-0.020800428050844,0.00918914559220215
9.03381024943225,0,-0.0258591277728825,0,9.03381024943225,-0.0258591277728825,-0.0258591277728825,-0.0258591277728825,0.0210013285642308
7.292171244769,0,0.0214216184583366,0,7.292171244769,0.0214216184583366,0.0214216184583366,0.0214216184583366,0.00787016036700002
10.6567948708008,0,0.0203455428827325,0,10.6567948708008,0.0203455428827325,0.0203455428827325,0.0203455428827325,0.0367174068081082
15.83958844307,0,0.0399832495665445,0,15.83958844307,0.0399832495665445,0.0399832495665445,0.0399832495665445,0.0130470310288665
17.7014293147066,0,0.0234372077444364,0,17.7014293147066,0.0234372077444364,0.0234372077444364,0.0234372077444364,0.0323786122878216
14.7585414478692,0,-0.0143222744287462,0,14.7585414478692,-0.0143222744287462,-0.0143222744287462,-0.0143222744287462,0.0637816832942033
8.7869971588466,0,0.0255650750927985,0,8.7869971588466,0.0255650750927985,0.0255650750927985,0.0255650750927985,0.0115189820321319
13.9836050997556,0,-0.0596374353307077,0,13.9836050997556,-0.0596374353307077,-0.0596374353307077,-0.0596374353307077,0.0260159424457815
11.3110693140974,0,0.00982781565554414,0,11.3110693140974,0.00982781565554414,0.00982781565554414,0.00982781565554414,0.0152975413868066
16.5519463473715,0,-0.0850116784148187,0,16.5519463473715,-0.0850116784148187,-0.0850116784148187,-0.0850116784148187,0.0449328569998866
12.3671082351961,0,0.0210231372322994,0,12.3671082351961,0.0210231372322994,0.0210231372322994,0.0210231372322994,0.0160828742749283
12.3654554745313,0,-0.0686880413546458,0,12.3654554745313,-0.0686880413546458,-0.0686880413546458,-0.0686880413546458,0.0513325050706189
19.2556223171704,0,0.0285945738844167,0,19.2556223171704,0.0285945738844167,0.0285945738844167,0.0285945738844167,0.0139726523520546
34.7312424253189,0,0.00360906084633839,0,34.7312424253189,0.00360906084633839,0.00360906084633839,0.00360906084633839,0.017575833019559
54.7209102152747,0,0.0196726221291343,0,54.7209102152747,0.0196726221291343,0.0196726221291343,0.0196726221291343,0.0109274670854921
9.37577209119586,0,-0.0166622088619275,0,9.37577209119586,-0.0166622088619275,-0.0166622088619275,-0.0166622088619275,0.0509886552324907
8.22166390729103,0,0.0200227074138689,0,8.22166390729103,0.0200227074138689,0.0200227074138689,0.0200227074138689,0.0889316774406693
6.56936523894705,0,-0.0184803687031215,0,6.56936523894705,-0.0184803687031215,-0.0184803687031215,-0.0184803687031215,0.0397871786329299
7.36539602284415,0,-0.0247872150245361,0,7.36539602284415,-0.0247872150245361,-0.0247872150245361,-0.0247872150245361,0.114121672795408
9.34902839864339,0,-0.0319037471830898,0,9.34902839864339,-0.0319037471830898,-0.0319037471830898,-0.0319037471830898,0.0353702402159913
9.64603221208774,0,-0.0448878782907022,0,9.64603221208774,-0.0448878782907022,-0.0448878782907022,-0.0448878782907022,0.060446521466018
11.1738978522498,0,-0.0430525372481022,0,11.1738978522498,-0.0430525372481022,-0.0430525372481022,-0.0430525372481022,0.0455534762468136
10.8363107906744,0,-0.028098390818107,0,10.8363107906744,-0.028098390818107,-0.028098390818107,-0.028098390818107,0.071926050301895
7.60971237336999,0,0.0425196941211018,0,7.60971237336999,0.0425196941211018,0.0425196941211018,0.0425196941211018,0.0675431227803087
6.7623626212796,0,0.0569688929469826,0,6.7623626212796,0.0569688929469826,0.0569688929469826,0.0569688929469826,0.0724631197752356
11.3171115233183,0,-0.0301299566297987,0,11.3171115233183,-0.0301299566297987,-0.0301299566297987,-0.0301299566297987,0.0549217163119364
12.491172371433,0,0.00616174807970621,0,12.491172371433,0.00616174807970621,0.00616174807970621,0.00616174807970621,0.0405245193389735
26.9159257982544,0,0.00103996356092225,0,26.9159257982544,0.00103996356092225,0.00103996356092225,0.00103996356092225,0.0289826613233299
23.3384346785706,0,0.0173424537425691,0,23.3384346785706,0.0173424537425691,0.0173424537425691,0.0173424537425691,0.0189266195413323
28.9457890893132,0,-0.0913120366455766,0,28.9457890893132,-0.0913120366455766,-0.0913120366455766,-0.0913120366455766,0.031473801407384
16.8846431378076,0,0.0592246738975235,0,16.8846431378076,0.0592246738975235,0.0592246738975235,0.0592246738975235,0.0580511049145327
134.384497197645,0,-0.0238877259081508,0,134.384497197645,-0.0238877259081508,-0.0238877259081508,-0.0238877259081508,0.0119968242583174
7.87613657515693,0,0.0413542662923309,0,7.87613657515693,0.0413542662923309,0.0413542662923309,0.0413542662923309,0.0315625132232254
6.75451986071434,0,0.0140182295143905,0,6.75451986071434,0.0140182295143905,0.0140182295143905,0.0140182295143905,0.0568066082100863
13.3632341442477,0,0.0180382677184463,0,13.3632341442477,0.0180382677184463,0.0180382677184463,0.0180382677184463,0.0615806710832505
12.1805820250532,0,0.00338467732188217,0,12.1805820250532,0.00338467732188217,0.00338467732188217,0.00338467732188217,0.0364988629906663
14.3972634987083,0,-0.0237118006498921,0,14.3972634987083,-0.0237118006498921,-0.0237118006498921,-0.0237118006498921,0.0295064854269103
14.1514365378187,0,-0.0107350800784212,0,14.1514365378187,-0.0107350800784212,-0.0107350800784212,-0.0107350800784212,0.0554744268805768
27.9381463268887,0,-0.0196646199066465,0,27.9381463268887,-0.0196646199066465,-0.0196646199066465,-0.0196646199066465,0.0266030945529787
24.4728765020316,0,-0.0883766236254439,0,24.4728765020316,-0.0883766236254439,-0.0883766236254439,-0.0883766236254439,0.0473406670453721
11.303125406956,0,0.0200076122858094,0,11.303125406956,0.0200076122858094,0.0200076122858094,0.0200076122858094,0.0675102696912362
7.48402930279067,0,0.00968988201586394,0,7.48402930279067,0.00968988201586394,0.00968988201586394,0.00968988201586394,0.0686754083472401
NA,NA,NA,NA,NA,NA,NA,NA,NA
12.0144898669671,0,-0.0304643580877798,0,12.0144898669671,-0.0304643580877798,-0.0304643580877798,-0.0304643580877798,0.0246585875375876
5.59197431763262,0,-0.0578220526680145,0,5.59197431763262,-0.0578220526680145,-0.0578220526680145,-0.0578220526680145,0.0290843221745671
7.10118523761685,0,-0.0285278978712163,0,7.10118523761685,-0.0285278978712163,-0.0285278978712163,-0.0285278978712163,0.0595492352872805
8.39406695268219,0,0.0167837864563465,0,8.39406695268219,0.0167837864563465,0.0167837864563465,0.0167837864563465,0.0322473662392579
6.68163411954067,0,0.0399525800720857,0,6.68163411954067,0.0399525800720857,0.0399525800720857,0.0399525800720857,0.0632642521725607
9.90977856764798,0,-0.0703516628541319,0,9.90977856764798,-0.0703516628541319,-0.0703516628541319,-0.0703516628541319,0.0190137396144176
9.567453602661,0,-0.0130573193727359,0,9.567453602661,-0.0130573193727359,-0.0130573193727359,-0.0130573193727359,0.0264340771076804
9.56764954052794,0,-0.00578932875863998,0,9.56764954052794,-0.00578932875863998,-0.00578932875863998,-0.00578932875863998,0.0288617279537588
9.58796747981615,0,0.00725905880614161,0,9.58796747981615,0.00725905880614161,0.00725905880614161,0.00725905880614161,0.0422687684348916
12.9045618909384,0,-0.020800428050844,0,12.9045618909384,-0.020800428050844,-0.020800428050844,-0.020800428050844,0.00918914559220215
9.03381024943225,0,-0.0258591277728825,0,9.03381024943225,-0.0258591277728825,-0.0258591277728825,-0.0258591277728825,0.0210013285642308
7.292171244769,0,0.0214216184583366,0,7.292171244769,0.0214216184583366,0.0214216184583366,0.0214216184583366,0.00787016036700002
10.6567948708008,0,0.0203455428827325,0,10.6567948708008,0.0203455428827325,0.0203455428827325,0.0203455428827325,0.0367174068081082
15.83958844307,0,0.0399832495665445,0,15.83958844307,0.0399832495665445,0.0399832495665445,0.0399832495665445,0.0130470310288665
17.7014293147066,0,0.0234372077444364,0,17.7014293147066,0.0234372077444364,0.0234372077444364,0.0234372077444364,0.0323786122878216
14.7585414478692,0,-0.0143222744287462,0,14.7585414478692,-0.0143222744287462,-0.0143222744287462,-0.0143222744287462,0.0637816832942033
8.7869971588466,0,0.0255650750927985,0,8.7869971588466,0.0255650750927985,0.0255650750927985,0.0255650750927985,0.0115189820321319
13.9836050997556,0,-0.0596374353307077,0,13.9836050997556,-0.0596374353307077,-0.0596374353307077,-0.0596374353307077,0.0260159424457815
11.3110693140974,0,0.00982781565554414,0,11.3110693140974,0.00982781565554414,0.00982781565554414,0.00982781565554414,0.0152975413868066
16.5519463473715,0,-0.0850116784148187,0,16.5519463473715,-0.0850116784148187,-0.0850116784148187,-0.0850116784148187,0.0449328569998866
12.3671082351961,0,0.0210231372322994,0,12.3671082351961,0.0210231372322994,0.0210231372322994,0.0210231372322994,0.0160828742749283
12.3654554745313,0,-0.0686880413546458,0,12.3654554745313,-0.0686880413546458,-0.0686880413546458,-0.0686880413546458,0.0513325050706189
19.2556223171704,0,0.0285945738844167,0,19.2556223171704,0.0285945738844167,0.0285945738844167,0.0285945738844167,0.0139726523520546
34.7312424253189,0,0.00360906084633839,0,34.7312424253189,0.00360906084633839,0.00360906084633839,0.00360906084633839,0.017575833019559
54.7209102152747,0,0.0196726221291343,0,54.7209102152747,0.0196726221291343,0.0196726221291343,0.0196726221291343,0.0109274670854921
9.37577209119586,0,-0.0166622088619275,0,9.37577209119586,-0.0166622088619275,-0.0166622088619275,-0.0166622088619275,0.0509886552324907
8.22166390729103,0,0.0200227074138689,0,8.22166390729103,0.0200227074138689,0.0200227074138689,0.0200227074138689,0.0889316774406693
6.56936523894705,0,-0.0184803687031215,0,6.56936523894705,-0.0184803687031215,-0.0184803687031215,-0.0184803687031215,0.0397871786329299
7.36539602284415,0,-0.0247872150245361,0,7.36539602284415,-0.0247872150245361,-0.0247872150245361,-0.0247872150245361,0.114121672795408
9.34902839864339,0,-0.0319037471830898,0,9.34902839864339,-0.0319037471830898,-0.0319037471830898,-0.0319037471830898,0.0353702402159913
9.64603221208774,0,-0.0448878782907022,0,9.64603221208774,-0.0448878782907022,-0.0448878782907022,-0.0448878782907022,0.060446521466018
11.1738978522498,0,-0.0430525372481022,0,11.1738978522498,-0.0430525372481022,-0.0430525372481022,-0.0430525372481022,0.0455534762468136
10.8363107906744,0,-0.028098390818107,0,10.8363107906744,-0.028098390818107,-0.028098390818107,-0.028098390818107,0.071926050301895
7.60971237336999,0,0.0425196941211018,0,7.60971237336999,0.0425196941211018,0.0425196941211018,0.0425196941211018,0.0675431227803087
6.7623626212796,0,0.0569688929469826,0,6.7623626212796,0.0569688929469826,0.0569688929469826,0.0569688929469826,0.0724631197752356
11.3171115233183,0,-0.0301299566297987,0,11.3171115233183,-0.0301299566297987,-0.0301299566297987,-0.0301299566297987,0.0549217163119364
12.491172371433,0,0.00616174807970621,0,12.491172371433,0.00616174807970621,0.00616174807970621,0.00616174807970621,0.0405245193389735
26.9159257982544,0,0.00103996356092225,0,26.9159257982544,0.00103996356092225,0.00103996356092225,0.00103996356092225,0.0289826613233299
23.3384346785706,0,0.0173424537425691,0,23.3384346785706,0.0173424537425691,0.0173424537425691,0.0173424537425691,0.0189266195413323
28.9457890893132,0,-0.0913120366455766,0,28.9457890893132,-0.0913120366455766,-0.0913120366455766,-0.0913120366455766,0.031473801407384
16.8846431378076,0,0.0592246738975235,0,16.8846431378076,0.0592246738975235,0.0592246738975235,0.0592246738975235,0.0580511049145327
134.384497197645,0,-0.0238877259081508,0,134.384497197645,-0.0238877259081508,-0.0238877259081508,-0.0238877259081508,0.0119968242583174
7.87613657515693,0,0.0413542662923309,0,7.87613657515693,0.0413542662923309,0.0413542662923309,0.0413542662923309,0.0315625132232254
6.75451986071434,0,0.0140182295143905,0,6.75451986071434,0.0140182295143905,0.0140182295143905,0.0140182295143905,0.0568066082100863
13.3632341442477,0,0.0180382677184463,0,13.3632341442477,0.0180382677184463,0.0180382677184463,0.0180382677184463,0.0615806710832505
12.1805820250532,0,0.00338467732188217,0,12.1805820250532,0.00338467732188217,0.00338467732188217,0.00338467732188217,0.0364988629906663
14.3972634987083,0,-0.0237118006498921,0,14.3972634987083,-0.0237118006498921,-0.0237118006498921,-0.0237118006498921,0.0295064854269103
14.1514365378187,0,-0.0107350800784212,0,14.1514365378187,-0.0107350800784212,-0.0107350800784212,-0.0107350800784212,0.0554744268805768
27.9381463268887,0,-0.0196646199066465,0,27.9381463268887,-0.0196646199066465,-0.0196646199066465,-0.0196646199066465,0.0266030945529787
24.4728765020316,0,-0.0883766236254439,0,24.4728765020316,-0.0883766236254439,-0.0883766236254439,-0.0883766236254439,0.0473406670453721
11.303125406956,0,0.0200076122858094,0,11.303125406956,0.0200076122858094,0.0200076122858094,0.0200076122858094,0.0675102696912362
7.48402930279067,0,0.00968988201586394,0,7.48402930279067,0.00968988201586394,0.00968988201586394,0.00968988201586394,0.0686754083472401
NA,NA,NA,NA,NA,NA,NA,NA,NA
12.0144898669671,0,-0.0304643580877798,0,12.0144898669671,-0.0304643580877798,-0.0304643580877798,-0.0304643580877798,0.0246585875375876
5.59197431763262,0,-0.0578220526680145,0,5.59197431763262,-0.0578220526680145,-0.0578220526680145,-0.0578220526680145,0.0290843221745671
7.10118523761685,0,-0.0285278978712163,0,7.10118523761685,-0.0285278978712163,-0.0285278978712163,-0.0285278978712163,0.0595492352872805
8.39406695268219,0,0.0167837864563465,0,8.39406695268219,0.0167837864563465,0.0167837864563465,0.0167837864563465,0.0322473662392579
6.68163411954067,0,0.0399525800720857,0,6.68163411954067,0.0399525800720857,0.0399525800720857,0.0399525800720857,0.0632642521725607
9.90977856764798,0,-0.0703516628541319,0,9.90977856764798,-0.0703516628541319,-0.0703516628541319,-0.0703516628541319,0.0190137396144176
9.567453602661,0,-0.0130573193727359,0,9.567453602661,-0.0130573193727359,-0.0130573193727359,-0.0130573193727359,0.0264340771076804
9.56764954052794,0,-0.00578932875863998,0,9.56764954052794,-0.00578932875863998,-0.00578932875863998,-0.00578932875863998,0.0288617279537588
9.58796747981615,0,0.00725905880614161,0,9.58796747981615,0.00725905880614161,0.00725905880614161,0.00725905880614161,0.0422687684348916
12.9045618909384,0,-0.020800428050844,0,12.9045618909384,-0.020800428050844,-0.020800428050844,-0.020800428050844,0.00918914559220215
9.03381024943225,0,-0.0258591277728825,0,9.03381024943225,-0.0258591277728825,-0.0258591277728825,-0.0258591277728825,0.0210013285642308
7.292171244769,0,0.0214216184583366,0,7.292171244769,0.0214216184583366,0.0214216184583366,0.0214216184583366,0.00787016036700002
10.6567948708008,0,0.0203455428827325,0,10.6567948708008,0.0203455428827325,0.0203455428827325,0.0203455428827325,0.0367174068081082
15.83958844307,0,0.0399832495665445,0,15.83958844307,0.0399832495665445,0.0399832495665445,0.0399832495665445,0.0130470310288665
17.7014293147066,0,0.0234372077444364,0,17.7014293147066,0.0234372077444364,0.0234372077444364,0.0234372077444364,0.0323786122878216
14.7585414478692,0,-0.0143222744287462,0,14.7585414478692,-0.0143222744287462,-0.0143222744287462,-0.0143222744287462,0.0637816832942033
8.7869971588466,0,0.0255650750927985,0,8.7869971588466,0.0255650750927985,0.0255650750927985,0.0255650750927985,0.0115189820321319
13.9836050997556,0,-0.0596374353307077,0,13.9836050997556,-0.0596374353307077,-0.0596374353307077,-0.0596374353307077,0.0260159424457815
11.3110693140974,0,0.00982781565554414,0,11.3110693140974,0.00982781565554414,0.00982781565554414,0.00982781565554414,0.0152975413868066
16.5519463473715,0,-0.0850116784148187,0,16.5519463473715,-0.0850116784148187,-0.0850116784148187,-0.0850116784148187,0.0449328569998866
12.3671082351961,0,0.0210231372322994,0,12.3671082351961,0.0210231372322994,0.0210231372322994,0.0210231372322994,0.0160828742749283
12.3654554745313,0,-0.0686880413546458,0,12.3654554745313,-0.0686880413546458,-0.0686880413546458,-0.0686880413546458,0.0513325050706189
19.2556223171704,0,0.0285945738844167,0,19.2556223171704,0.0285945738844167,0.0285945738844167,0.0285945738844167,0.0139726523520546
34.7312424253189,0,0.00360906084633839,0,34.7312424253189,0.00360906084633839,0.00360906084633839,0.00360906084633839,0.017575833019559
54.7209102152747,0,0.0196726221291343,0,54.7209102152747,0.0196726221291343,0.0196726221291343,0.0196726221291343,0.0109274670854921
9.37577209119586,0,-0.0166622088619275,0,9.37577209119586,-0.0166622088619275,-0.0166622088619275,-0.0166622088619275,0.0509886552324907
8.22166390729103,0,0.0200227074138689,0,8.22166390729103,0.0200227074138689,0.0200227074138689,0.0200227074138689,0.0889316774406693
6.56936523894705,0,-0.0184803687031215,0,6.56936523894705,-0.0184803687031215,-0.0184803687031215,-0.0184803687031215,0.0397871786329299
7.36539602284415,0,-0.0247872150245361,0,7.36539602284415,-0.0247872150245361,-0.0247872150245361,-0.0247872150245361,0.114121672795408
9.34902839864339,0,-0.0319037471830898,0,9.34902839864339,-0.0319037471830898,-0.0319037471830898,-0.0319037471830898,0.0353702402159913
9.64603221208774,0,-0.0448878782907022,0,9.64603221208774,-0.0448878782907022,-0.0448878782907022,-0.0448878782907022,0.060446521466018
11.1738978522498,0,-0.0430525372481022,0,11.1738978522498,-0.0430525372481022,-0.0430525372481022,-0.0430525372481022,0.0455534762468136
10.8363107906744,0,-0.028098390818107,0,10.8363107906744,-0.028098390818107,-0.028098390818107,-0.028098390818107,0.071926050301895
7.60971237336999,0,0.0425196941211018,0,7.60971237336999,0.0425196941211018,0.0425196941211018,0.0425196941211018,0.0675431227803087
6.7623626212796,0,0.0569688929469826,0,6.7623626212796,0.0569688929469826,0.0569688929469826,0.0569688929469826,0.0724631197752356
11.3171115233183,0,-0.0301299566297987,0,11.3171115233183,-0.0301299566297987,-0.0301299566297987,-0.0301299566297987,0.0549217163119364
12.491172371433,0,0.00616174807970621,0,12.491172371433,0.00616174807970621,0.00616174807970621,0.00616174807970621,0.0405245193389735
26.9159257982544,0,0.00103996356092225,0,26.9159257982544,0.00103996356092225,0.00103996356092225,0.00103996356092225,0.0289826613233299
23.3384346785706,0,0.0173424537425691,0,23.3384346785706,0.0173424537425691,0.0173424537425691,0.0173424537425691,0.0189266195413323
28.9457890893132,0,-0.0913120366455766,0,28.9457890893132,-0.0913120366455766,-0.0913120366455766,-0.0913120366455766,0.031473801407384
16.8846431378076,0,0.0592246738975235,0,16.8846431378076,0.0592246738975235,0.0592246738975235,0.0592246738975235,0.0580511049145327
134.384497197645,0,-0.0238877259081508,0,134.384497197645,-0.0238877259081508,-0.0238877259081508,-0.0238877259081508,0.0119968242583174
7.87613657515693,0,0.0413542662923309,0,7.87613657515693,0.0413542662923309,0.0413542662923309,0.0413542662923309,0.0315625132232254
6.75451986071434,0,0.0140182295143905,0,6.75451986071434,0.0140182295143905,0.0140182295143905,0.0140182295143905,0.0568066082100863
13.3632341442477,0,0.0180382677184463,0,13.3632341442477,0.0180382677184463,0.0180382677184463,0.0180382677184463,0.0615806710832505
12.1805820250532,0,0.00338467732188217,0,12.1805820250532,0.00338467732188217,0.00338467732188217,0.00338467732188217,0.0364988629906663
14.3972634987083,0,-0.0237118006498921,0,14.3972634987083,-0.0237118006498921,-0.0237118006498921,-0.0237118006498921,0.0295064854269103
14.1514365378187,0,-0.0107350800784212,0,14.1514365378187,-0.0107350800784212,-0.0107350800784212,-0.0107350800784212,0.0554744268805768
27.9381463268887,0,-0.0196646199066465,0,27.9381463268887,-0.0196646199066465,-0.0196646199066465,-0.0196646199066465,0.0266030945529787
24.4728765020316,0,-0.0883766236254439,0,24.4728765020316,-0.0883766236254439,-0.0883766236254439,-0.0883766236254439,0.0473406670453721
11.303125406956,0,0.0200076122858094,0,11.303125406956,0.0200076122858094,0.0200076122858094,0.0200076122858094,0.0675102696912362
7.48402930279067,0,0.00968988201586394,0,7.48402930279067,0.00968988201586394,0.00968988201586394,0.00968988201586394,0.0686754083472401
NA,NA,NA,NA,NA,NA,NA,NA,NA
12.0144898669671,0,-0.0304643580877798,0,12.0144898669671,-0.0304643580877798,-0.0304643580877798,-0.0304643580877798,0.0246585875375876
5.59197431763262,0,-0.0578220526680145,0,5.59197431763262,-0.0578220526680145,-0.0578220526680145,-0.0578220526680145,0.0290843221745671
7.10118523761685,0,-0.0285278978712163,0,7.10118523761685,-0.0285278978712163,-0.0285278978712163,-0.0285278978712163,0.0595492352872805
8.39406695268219,0,0.0167837864563465,0,8.39406695268219,0.0167837864563465,0.0167837864563465,0.0167837864563465,0.0322473662392579
6.68163411954067,0,0.0399525800720857,0,6.68163411954067,0.0399525800720857,0.0399525800720857,0.0399525800720857,0.0632642521725607
9.90977856764798,0,-0.0703516628541319,0,9.90977856764798,-0.0703516628541319,-0.0703516628541319,-0.0703516628541319,0.0190137396144176
9.567453602661,0,-0.0130573193727359,0,9.567453602661,-0.0130573193727359,-0.0130573193727359,-0.0130573193727359,0.0264340771076804
9.56764954052794,0,-0.00578932875863998,0,9.56764954052794,-0.00578932875863998,-0.00578932875863998,-0.00578932875863998,0.0288617279537588
9.58796747981615,0,0.00725905880614161,0,9.58796747981615,0.00725905880614161,0.00725905880614161,0.00725905880614161,0.0422687684348916
12.9045618909384,0,-0.020800428050844,0,12.9045618909384,-0.020800428050844,-0.020800428050844,-0.020800428050844,0.00918914559220215
9.03381024943225,0,-0.0258591277728825,0,9.03381024943225,-0.0258591277728825,-0.0258591277728825,-0.0258591277728825,0.0210013285642308
7.292171244769,0,0.0214216184583366,0,7.292171244769,0.0214216184583366,0.0214216184583366,0.0214216184583366,0.00787016036700002
10.6567948708008,0,0.0203455428827325,0,10.6567948708008,0.0203455428827325,0.0203455428827325,0.0203455428827325,0.0367174068081082
15.83958844307,0,0.0399832495665445,0,15.83958844307,0.0399832495665445,0.0399832495665445,0.0399832495665445,0.0130470310288665
17.7014293147066,0,0.0234372077444364,0,17.7014293147066,0.0234372077444364,0.0234372077444364,0.0234372077444364,0.0323786122878216
14.7585414478692,0,-0.0143222744287462,0,14.7585414478692,-0.0143222744287462,-0.0143222744287462,-0.0143222744287462,0.0637816832942033
8.7869971588466,0,0.0255650750927985,0,8.7869971588466,0.0255650750927985,0.0255650750927985,0.0255650750927985,0.0115189820321319
13.9836050997556,0,-0.0596374353307077,0,13.9836050997556,-0.0596374353307077,-0.0596374353307077,-0.0596374353307077,0.0260159424457815
11.3110693140974,0,0.00982781565554414,0,11.3110693140974,0.00982781565554414,0.00982781565554414,0.00982781565554414,0.0152975413868066
16.5519463473715,0,-0.0850116784148187,0,16.5519463473715,-0.0850116784148187,-0.0850116784148187,-0.0850116784148187,0.0449328569998866
12.3671082351961,0,0.0210231372322994,0,12.3671082351961,0.0210231372322994,0.0210231372322994,0.0210231372322994,0.0160828742749283
12.3654554745313,0,-0.0686880413546458,0,12.3654554745313,-0.0686880413546458,-0.0686880413546458,-0.0686880413546458,0.0513325050706189
19.2556223171704,0,0.0285945738844167,0,19.2556223171704,0.0285945738844167,0.0285945738844167,0.0285945738844167,0.0139726523520546
34.7312424253189,0,0.00360906084633839,0,34.7312424253189,0.00360906084633839,0.00360906084633839,0.00360906084633839,0.017575833019559
54.7209102152747,0,0.0196726221291343,0,54.7209102152747,0.0196726221291343,0.0196726221291343,0.0196726221291343,0.0109274670854921
9.37577209119586,0,-0.0166622088619275,0,9.37577209119586,-0.0166622088619275,-0.0166622088619275,-0.0166622088619275,0.0509886552324907
8.22166390729103,0,0.0200227074138689,0,8.22166390729103,0.0200227074138689,0.0200227074138689,0.0200227074138689,0.0889316774406693
6.56936523894705,0,-0.0184803687031215,0,6.56936523894705,-0.0184803687031215,-0.0184803687031215,-0.0184803687031215,0.0397871786329299
7.36539602284415,0,-0.0247872150245361,0,7.36539602284415,-0.0247872150245361,-0.0247872150245361,-0.0247872150245361,0.114121672795408
9.34902839864339,0,-0.0319037471830898,0,9.34902839864339,-0.0319037471830898,-0.0319037471830898,-0.0319037471830898,0.0353702402159913
9.64603221208774,0,-0.0448878782907022,0,9.64603221208774,-0.0448878782907022,-0.0448878782907022,-0.0448878782907022,0.060446521466018
11.1738978522498,0,-0.0430525372481022,0,11.1738978522498,-0.0430525372481022,-0.0430525372481022,-0.0430525372481022,0.0455534762468136
10.8363107906744,0,-0.028098390818107,0,10.8363107906744,-0.028098390818107,-0.028098390818107,-0.028098390818107,0.071926050301895
7.60971237336999,0,0.0425196941211018,0,7.60971237336999,0.0425196941211018,0.0425196941211018,0.0425196941211018,0.0675431227803087
6.7623626212796,0,0.0569688929469826,0,6.7623626212796,0.0569688929469826,0.0569688929469826,0.0569688929469826,0.0724631197752356
11.3171115233183,0,-0.0301299566297987,0,11.3171115233183,-0.0301299566297987,-0.0301299566297987,-0.0301299566297987,0.0549217163119364
12.491172371433,0,0.00616174807970621,0,12.491172371433,0.00616174807970621,0.00616174807970621,0.00616174807970621,0.0405245193389735
26.9159257982544,0,0.00103996356092225,0,26.9159257982544,0.00103996356092225,0.00103996356092225,0.00103996356092225,0.0289826613233299
23.3384346785706,0,0.0173424537425691,0,23.3384346785706,0.0173424537425691,0.0173424537425691,0.0173424537425691,0.0189266195413323
28.9457890893132,0,-0.0913120366455766,0,28.9457890893132,-0.0913120366455766,-0.0913120366455766,-0.0913120366455766,0.031473801407384
16.8846431378076,0,0.0592246738975235,0,16.8846431378076,0.0592246738975235,0.0592246738975235,0.0592246738975235,0.0580511049145327
134.384497197645,0,-0.0238877259081508,0,134.384497197645,-0.0238877259081508,-0.0238877259081508,-0.0238877259081508,0.0119968242583174
7.87613657515693,0,0.0413542662923309,0,7.87613657515693,0.0413542662923309,0.0413542662923309,0.0413542662923309,0.0315625132232254
6.75451986071434,0,0.0140182295143905,0,6.75451986071434,0.0140182295143905,0.0140182295143905,0.0140182295143905,0.0568066082100863
13.3632341442477,0,0.0180382677184463,0,13.3632341442477,0.0180382677184463,0.0180382677184463,0.0180382677184463,0.0615806710832505
12.1805820250532,0,0.00338467732188217,0,12.1805820250532,0.00338467732188217,0.00338467732188217,0.00338467732188217,0.0364988629906663
14.3972634987083,0,-0.0237118006498921,0,14.3972634987083,-0.0237118006498921,-0.0237118006498921,-0.0237118006498921,0.0295064854269103
14.1514365378187,0,-0.0107350800784212,0,14.1514365378187,-0.0107350800784212,-0.0107350800784212,-0.0107350800784212,0.0554744268805768
27.9381463268887,0,-0.0196646199066465,0,27.9381463268887,-0.0196646199066465,-0.0196646199066465,-0.0196646199066465,0.0266030945529787
24.4728765020316,0,-0.0883766236254439,0,24.4728765020316,-0.0883766236254439,-0.0883766236254439,-0.0883766236254439,0.0473406670453721
11.303125406956,0,0.0200076122858094,0,11.303125406956,0.0200076122858094,0.0200076122858094,0.0200076122858094,0.0675102696912362
7.48402930279067,0,0.00968988201586394,0,7.48402930279067,0.00968988201586394,0.00968988201586394,0.00968988201586394,0.0686754083472401
NA,NA,NA,NA,NA,NA,NA,NA,NA
12.0144898669671,0,-0.0304643580877798,0,12.0144898669671,-0.0304643580877798,-0.0304643580877798,-0.0304643580877798,0.0246585875375876
5.59197431763262,0,-0.0578220526680145,0,5.59197431763262,-0.0578220526680145,-0.0578220526680145,-0.0578220526680145,0.0290843221745671
7.10118523761685,0,-0.0285278978712163,0,7.10118523761685,-0.0285278978712163,-0.0285278978712163,-0.0285278978712163,0.0595492352872805
8.39406695268219,0,0.0167837864563465,0,8.39406695268219,0.0167837864563465,0.0167837864563465,0.0167837864563465,0.0322473662392579
6.68163411954067,0,0.0399525800720857,0,6.68163411954067,0.0399525800720857,0.0399525800720857,0.0399525800720857,0.0632642521725607
9.90977856764798,0,-0.0703516628541319,0,9.90977856764798,-0.0703516628541319,-0.0703516628541319,-0.0703516628541319,0.0190137396144176
9.567453602661,0,-0.0130573193727359,0,9.567453602661,-0.0130573193727359,-0.0130573193727359,-0.0130573193727359,0.0264340771076804
9.56764954052794,0,-0.00578932875863998,0,9.56764954052794,-0.00578932875863998,-0.00578932875863998,-0.00578932875863998,0.0288617279537588
9.58796747981615,0,0.00725905880614161,0,9.58796747981615,0.00725905880614161,0.00725905880614161,0.00725905880614161,0.0422687684348916
12.9045618909384,0,-0.020800428050844,0,12.9045618909384,-0.020800428050844,-0.020800428050844,-0.020800428050844,0.00918914559220215
9.03381024943225,0,-0.0258591277728825,0,9.03381024943225,-0.0258591277728825,-0.0258591277728825,-0.0258591277728825,0.0210013285642308
7.292171244769,0,0.0214216184583366,0,7.292171244769,0.0214216184583366,0.0214216184583366,0.0214216184583366,0.00787016036700002
10.6567948708008,0,0.0203455428827325,0,10.6567948708008,0.0203455428827325,0.0203455428827325,0.0203455428827325,0.0367174068081082
15.83958844307,0,0.0399832495665445,0,15.83958844307,0.0399832495665445,0.0399832495665445,0.0399832495665445,0.0130470310288665
17.7014293147066,0,0.0234372077444364,0,17.7014293147066,0.0234372077444364,0.0234372077444364,0.0234372077444364,0.0323786122878216
14.7585414478692,0,-0.0143222744287462,0,14.7585414478692,-0.0143222744287462,-0.0143222744287462,-0.0143222744287462,0.0637816832942033
8.7869971588466,0,0.0255650750927985,0,8.7869971588466,0.0255650750927985,0.0255650750927985,0.0255650750927985,0.0115189820321319
13.9836050997556,0,-0.0596374353307077,0,13.9836050997556,-0.0596374353307077,-0.0596374353307077,-0.0596374353307077,0.0260159424457815
11.3110693140974,0,0.00982781565554414,0,11.3110693140974,0.00982781565554414,0.00982781565554414,0.00982781565554414,0.0152975413868066
16.5519463473715,0,-0.0850116784148187,0,16.5519463473715,-0.0850116784148187,-0.0850116784148187,-0.0850116784148187,0.0449328569998866
12.3671082351961,0,0.0210231372322994,0,12.3671082351961,0.0210231372322994,0.0210231372322994,0.0210231372322994,0.0160828742749283
12.3654554745313,0,-0.0686880413546458,0,12.3654554745313,-0.0686880413546458,-0.0686880413546458,-0.0686880413546458,0.0513325050706189
19.2556223171704,0,0.0285945738844167,0,19.2556223171704,0.0285945738844167,0.0285945738844167,0.0285945738844167,0.0139726523520546
34.7312424253189,0,0.00360906084633839,0,34.7312424253189,0.00360906084633839,0.00360906084633839,0.00360906084633839,0.017575833019559
54.7209102152747,0,0.0196726221291343,0,54.7209102152747,0.0196726221291343,0.0196726221291343,0.0196726221291343,0.0109274670854921
9.37577209119586,0,-0.0166622088619275,0,9.37577209119586,-0.0166622088619275,-0.0166622088619275,-0.0166622088619275,0.0509886552324907
8.22166390729103,0,0.0200227074138689,0,8.22166390729103,0.0200227074138689,0.0200227074138689,0.0200227074138689,0.0889316774406693
6.56936523894705,0,-0.0184803687031215,0,6.56936523894705,-0.0184803687031215,-0.0184803687031215,-0.0184803687031215,0.0397871786329299
7.36539602284415,0,-0.0247872150245361,0,7.36539602284415,-0.0247872150245361,-0.0247872150245361,-0.0247872150245361,0.114121672795408
9.34902839864339,0,-0.0319037471830898,0,9.34902839864339,-0.0319037471830898,-0.0319037471830898,-0.0319037471830898,0.0353702402159913
9.64603221208774,0,-0.0448878782907022,0,9.64603221208774,-0.0448878782907022,-0.0448878782907022,-0.0448878782907022,0.060446521466018
11.1738978522498,0,-0.0430525372481022,0,11.1738978522498,-0.0430525372481022,-0.0430525372481022,-0.0430525372481022,0.0455534762468136
10.8363107906744,0,-0.028098390818107,0,10.8363107906744,-0.028098390818107,-0.028098390818107,-0.028098390818107,0.071926050301895
7.60971237336999,0,0.0425196941211018,0,7.60971237336999,0.0425196941211018,0.0425196941211018,0.0425196941211018,0.0675431227803087
6.7623626212796,0,0.0569688929469826,0,6.7623626212796,0.0569688929469826,0.0569688929469826,0.0569688929469826,0.0724631197752356
11.3171115233183,0,-0.0301299566297987,0,11.3171115233183,-0.0301299566297987,-0.0301299566297987,-0.0301299566297987,0.0549217163119364
12.491172371433,0,0.00616174807970621,0,12.491172371433,0.00616174807970621,0.00616174807970621,0.00616174807970621,0.0405245193389735
26.9159257982544,0,0.00103996356092225,0,26.9159257982544,0.00103996356092225,0.00103996356092225,0.00103996356092225,0.0289826613233299
23.3384346785706,0,0.0173424537425691,0,23.3384346785706,0.0173424537425691,0.0173424537425691,0.0173424537425691,0.0189266195413323
28.9457890893132,0,-0.0913120366455766,0,28.9457890893132,-0.0913120366455766,-0.0913120366455766,-0.0913120366455766,0.031473801407384
16.8846431378076,0,0.0592246738975235,0,16.8846431378076,0.0592246738975235,0.0592246738975235,0.0592246738975235,0.0580511049145327
134.384497197645,0,-0.0238877259081508,0,134.384497197645,-0.0238877259081508,-0.0238877259081508,-0.0238877259081508,0.0119968242583174
7.87613657515693,0,0.0413542662923309,0,7.87613657515693,0.0413542662923309,0.0413542662923309,0.0413542662923309,0.0315625132232254
6.75451986071434,0,0.0140182295143905,0,6.75451986071434,0.0140182295143905,0.0140182295143905,0.0140182295143905,0.0568066082100863
13.3632341442477,0,0.0180382677184463,0,13.3632341442477,0.0180382677184463,0.0180382677184463,0.0180382677184463,0.0615806710832505
12.1805820250532,0,0.00338467732188217,0,12.1805820250532,0.00338467732188217,0.00338467732188217,0.00338467732188217,0.0364988629906663
14.3972634987083,0,-0.0237118006498921,0,14.3972634987083,-0.0237118006498921,-0.0237118006498921,-0.0237118006498921,0.0295064854269103
14.1514365378187,0,-0.0107350800784212,0,14.1514365378187,-0.0107350800784212,-0.0107350800784212,-0.0107350800784212,0.0554744268805768
27.9381463268887,0,-0.0196646199066465,0,27.9381463268887,-0.0196646199066465,-0.0196646199066465,-0.0196646199066465,0.0266030945529787
24.4728765020316,0,-0.0883766236254439,0,24.4728765020316,-0.0883766236254439,-0.0883766236254439,-0.0883766236254439,0.0473406670453721
11.303125406956,0,0.0200076122858094,0,11.303125406956,0.0200076122858094,0.0200076122858094,0.0200076122858094,0.0675102696912362
7.48402930279067,0,0.00968988201586394,0,7.48402930279067,0.00968988201586394,0.00968988201586394,0.00968988201586394,0.0686754083472401
NA,NA,NA,NA,NA,NA,NA,NA,NA
12.0144898669671,0,-0.0304643580877798,0,12.0144898669671,-0.0304643580877798,-0.0304643580877798,-0.0304643580877798,0.0246585875375876
5.59197431763262,0,-0.0578220526680145,0,5.59197431763262,-0.0578220526680145,-0.0578220526680145,-0.0578220526680145,0.0290843221745671
7.10118523761685,0,-0.0285278978712163,0,7.10118523761685,-0.0285278978712163,-0.0285278978712163,-0.0285278978712163,0.0595492352872805
8.39406695268219,0,0.0167837864563465,0,8.39406695268219,0.0167837864563465,0.0167837864563465,0.0167837864563465,0.0322473662392579
6.68163411954067,0,0.0399525800720857,0,6.68163411954067,0.0399525800720857,0.0399525800720857,0.0399525800720857,0.0632642521725607
9.90977856764798,0,-0.0703516628541319,0,9.90977856764798,-0.0703516628541319,-0.0703516628541319,-0.0703516628541319,0.0190137396144176
9.567453602661,0,-0.0130573193727359,0,9.567453602661,-0.0130573193727359,-0.0130573193727359,-0.0130573193727359,0.0264340771076804
9.56764954052794,0,-0.00578932875863998,0,9.56764954052794,-0.00578932875863998,-0.00578932875863998,-0.00578932875863998,0.0288617279537588
9.58796747981615,0,0.00725905880614161,0,9.58796747981615,0.00725905880614161,0.00725905880614161,0.00725905880614161,0.0422687684348916
12.9045618909384,0,-0.020800428050844,0,12.9045618909384,-0.020800428050844,-0.020800428050844,-0.020800428050844,0.00918914559220215
9.03381024943225,0,-0.0258591277728825,0,9.03381024943225,-0.0258591277728825,-0.0258591277728825,-0.0258591277728825,0.0210013285642308
7.292171244769,0,0.0214216184583366,0,7.292171244769,0.0214216184583366,0.0214216184583366,0.0214216184583366,0.00787016036700002
10.6567948708008,0,0.0203455428827325,0,10.6567948708008,0.0203455428827325,0.0203455428827325,0.0203455428827325,0.0367174068081082
15.83958844307,0,0.0399832495665445,0,15.83958844307,0.0399832495665445,0.0399832495665445,0.0399832495665445,0.0130470310288665
17.7014293147066,0,0.0234372077444364,0,17.7014293147066,0.0234372077444364,0.0234372077444364,0.0234372077444364,0.0323786122878216
14.7585414478692,0,-0.0143222744287462,0,14.7585414478692,-0.0143222744287462,-0.0143222744287462,-0.0143222744287462,0.0637816832942033
8.7869971588466,0,0.0255650750927985,0,8.7869971588466,0.0255650750927985,0.0255650750927985,0.0255650750927985,0.0115189820321319
13.9836050997556,0,-0.0596374353307077,0,13.9836050997556,-0.0596374353307077,-0.0596374353307077,-0.0596374353307077,0.0260159424457815
11.3110693140974,0,0.00982781565554414,0,11.3110693140974,0.00982781565554414,0.00982781565554414,0.00982781565554414,0.0152975413868066
16.5519463473715,0,-0.0850116784148187,0,16.5519463473715,-0.0850116784148187,-0.0850116784148187,-0.0850116784148187,0.0449328569998866
12.3671082351961,0,0.0210231372322994,0,12.3671082351961,0.0210231372322994,0.0210231372322994,0.0210231372322994,0.0160828742749283
12.3654554745313,0,-0.0686880413546458,0,12.3654554745313,-0.0686880413546458,-0.0686880413546458,-0.0686880413546458,0.0513325050706189
19.2556223171704,0,0.0285945738844167,0,19.2556223171704,0.0285945738844167,0.0285945738844167,0.0285945738844167,0.0139726523520546
34.7312424253189,0,0.00360906084633839,0,34.7312424253189,0.00360906084633839,0.00360906084633839,0.00360906084633839,0.017575833019559
54.7209102152747,0,0.0196726221291343,0,54.7209102152747,0.0196726221291343,0.0196726221291343,0.0196726221291343,0.0109274670854921
9.37577209119586,0,-0.0166622088619275,0,9.37577209119586,-0.0166622088619275,-0.0166622088619275,-0.0166622088619275,0.0509886552324907
8.22166390729103,0,0.0200227074138689,0,8.22166390729103,0.0200227074138689,0.0200227074138689,0.0200227074138689,0.0889316774406693
6.56936523894705,0,-0.0184803687031215,0,6.56936523894705,-0.0184803687031215,-0.0184803687031215,-0.0184803687031215,0.0397871786329299
7.36539602284415,0,-0.0247872150245361,0,7.36539602284415,-0.0247872150245361,-0.0247872150245361,-0.0247872150245361,0.114121672795408
9.34902839864339,0,-0.0319037471830898,0,9.34902839864339,-0.0319037471830898,-0.0319037471830898,-0.0319037471830898,0.0353702402159913
9.64603221208774,0,-0.0448878782907022,0,9.64603221208774,-0.0448878782907022,-0.0448878782907022,-0.0448878782907022,0.060446521466018
11.1738978522498,0,-0.0430525372481022,0,11.1738978522498,-0.0430525372481022,-0.0430525372481022,-0.0430525372481022,0.0455534762468136
10.8363107906744,0,-0.028098390818107,0,10.8363107906744,-0.028098390818107,-0.028098390818107,-0.028098390818107,0.071926050301895
7.60971237336999,0,0.0425196941211018,0,7.60971237336999,0.0425196941211018,0.0425196941211018,0.0425196941211018,0.0675431227803087
6.7623626212796,0,0.0569688929469826,0,6.7623626212796,0.0569688929469826,0.0569688929469826,0.0569688929469826,0.0724631197752356
11.3171115233183,0,-0.0301299566297987,0,11.3171115233183,-0.0301299566297987,-0.0301299566297987,-0.0301299566297987,0.0549217163119364
12.491172371433,0,0.00616174807970621,0,12.491172371433,0.00616174807970621,0.00616174807970621,0.00616174807970621,0.0405245193389735
26.9159257982544,0,0.00103996356092225,0,26.9159257982544,0.00103996356092225,0.00103996356092225,0.00103996356092225,0.0289826613233299
23.3384346785706,0,0.0173424537425691,0,23.3384346785706,0.0173424537425691,0.0173424537425691,0.0173424537425691,0.0189266195413323
28.9457890893132,0,-0.0913120366455766,0,28.9457890893132,-0.0913120366455766,-0.0913120366455766,-0.0913120366455766,0.031473801407384
16.8846431378076,0,0.0592246738975235,0,16.8846431378076,0.0592246738975235,0.0592246738975235,0.0592246738975235,0.0580511049145327
134.384497197645,0,-0.0238877259081508,0,134.384497197645,-0.0238877259081508,-0.0238877259081508,-0.0238877259081508,0.0119968242583174
7.87613657515693,0,0.0413542662923309,0,7.87613657515693,0.0413542662923309,0.0413542662923309,0.0413542662923309,0.0315625132232254
6.75451986071434,0,0.0140182295143905,0,6.75451986071434,0.0140182295143905,0.0140182295143905,0.0140182295143905,0.0568066082100863
13.3632341442477,0,0.0180382677184463,0,13.3632341442477,0.0180382677184463,0.0180382677184463,0.0180382677184463,0.0615806710832505
12.1805820250532,0,0.00338467732188217,0,12.1805820250532,0.00338467732188217,0.00338467732188217,0.00338467732188217,0.0364988629906663
14.3972634987083,0,-0.0237118006498921,0,14.3972634987083,-0.0237118006498921,-0.0237118006498921,-0.0237118006498921,0.0295064854269103
14.1514365378187,0,-0.0107350800784212,0,14.1514365378187,-0.0107350800784212,-0.0107350800784212,-0.0107350800784212,0.0554744268805768
27.9381463268887,0,-0.0196646199066465,0,27.9381463268887,-0.0196646199066465,-0.0196646199066465,-0.0196646199066465,0.0266030945529787
24.4728765020316,0,-0.0883766236254439,0,24.4728765020316,-0.0883766236254439,-0.0883766236254439,-0.0883766236254439,0.0473406670453721
11.303125406956,0,0.0200076122858094,0,11.303125406956,0.0200076122858094,0.0200076122858094,0.0200076122858094,0.0675102696912362
7.48402930279067,0,0.00968988201586394,0,7.48402930279067,0.00968988201586394,0.00968988201586394,0.00968988201586394,0.0686754083472401
NA,NA,NA,NA,NA,NA,NA,NA,NA
12.0144898669671,0,-0.0304643580877798,0,12.0144898669671,-0.0304643580877798,-0.0304643580877798,-0.0304643580877798,0.0246585875375876
5.59197431763262,0,-0.0578220526680145,0,5.59197431763262,-0.0578220526680145,-0.0578220526680145,-0.0578220526680145,0.0290843221745671
7.10118523761685,0,-0.0285278978712163,0,7.10118523761685,-0.0285278978712163,-0.0285278978712163,-0.0285278978712163,0.0595492352872805
8.39406695268219,0,0.0167837864563465,0,8.39406695268219,0.0167837864563465,0.0167837864563465,0.0167837864563465,0.0322473662392579
6.68163411954067,0,0.0399525800720857,0,6.68163411954067,0.0399525800720857,0.0399525800720857,0.0399525800720857,0.0632642521725607
9.90977856764798,0,-0.0703516628541319,0,9.90977856764798,-0.0703516628541319,-0.0703516628541319,-0.0703516628541319,0.0190137396144176
9.567453602661,0,-0.0130573193727359,0,9.567453602661,-0.0130573193727359,-0.0130573193727359,-0.0130573193727359,0.0264340771076804
9.56764954052794,0,-0.00578932875863998,0,9.56764954052794,-0.00578932875863998,-0.00578932875863998,-0.00578932875863998,0.0288617279537588
9.58796747981615,0,0.00725905880614161,0,9.58796747981615,0.00725905880614161,0.00725905880614161,0.00725905880614161,0.0422687684348916
12.9045618909384,0,-0.020800428050844,0,12.9045618909384,-0.020800428050844,-0.020800428050844,-0.020800428050844,0.00918914559220215
9.03381024943225,0,-0.0258591277728825,0,9.03381024943225,-0.0258591277728825,-0.0258591277728825,-0.0258591277728825,0.0210013285642308
7.292171244769,0,0.0214216184583366,0,7.292171244769,0.0214216184583366,0.0214216184583366,0.0214216184583366,0.00787016036700002
10.6567948708008,0,0.0203455428827325,0,10.6567948708008,0.0203455428827325,0.0203455428827325,0.0203455428827325,0.0367174068081082
15.83958844307,0,0.0399832495665445,0,15.83958844307,0.0399832495665445,0.0399832495665445,0.0399832495665445,0.0130470310288665
17.7014293147066,0,0.0234372077444364,0,17.7014293147066,0.0234372077444364,0.0234372077444364,0.0234372077444364,0.0323786122878216
14.7585414478692,0,-0.0143222744287462,0,14.7585414478692,-0.0143222744287462,-0.0143222744287462,-0.0143222744287462,0.0637816832942033
8.7869971588466,0,0.0255650750927985,0,8.7869971588466,0.0255650750927985,0.0255650750927985,0.0255650750927985,0.0115189820321319
13.9836050997556,0,-0.0596374353307077,0,13.9836050997556,-0.0596374353307077,-0.0596374353307077,-0.0596374353307077,0.0260159424457815
11.3110693140974,0,0.00982781565554414,0,11.3110693140974,0.00982781565554414,0.00982781565554414,0.00982781565554414,0.0152975413868066
16.5519463473715,0,-0.0850116784148187,0,16.5519463473715,-0.0850116784148187,-0.0850116784148187,-0.0850116784148187,0.0449328569998866
12.3671082351961,0,0.0210231372322994,0,12.3671082351961,0.0210231372322994,0.0210231372322994,0.0210231372322994,0.0160828742749283
12.3654554745313,0,-0.0686880413546458,0,12.3654554745313,-0.0686880413546458,-0.0686880413546458,-0.0686880413546458,0.0513325050706189
19.2556223171704,0,0.0285945738844167,0,19.2556223171704,0.0285945738844167,0.0285945738844167,0.0285945738844167,0.0139726523520546
34.7312424253189,0,0.00360906084633839,0,34.7312424253189,0.00360906084633839,0.00360906084633839,0.00360906084633839,0.017575833019559
54.7209102152747,0,0.0196726221291343,0,54.7209102152747,0.0196726221291343,0.0196726221291343,0.0196726221291343,0.0109274670854921
9.37577209119586,0,-0.0166622088619275,0,9.37577209119586,-0.0166622088619275,-0.0166622088619275,-0.0166622088619275,0.0509886552324907
8.22166390729103,0,0.0200227074138689,0,8.22166390729103,0.0200227074138689,0.0200227074138689,0.0200227074138689,0.0889316774406693
6.56936523894705,0,-0.0184803687031215,0,6.56936523894705,-0.0184803687031215,-0.0184803687031215,-0.0184803687031215,0.0397871786329299
7.36539602284415,0,-0.0247872150245361,0,7.36539602284415,-0.0247872150245361,-0.0247872150245361,-0.0247872150245361,0.114121672795408
9.34902839864339,0,-0.0319037471830898,0,9.34902839864339,-0.0319037471830898,-0.0319037471830898,-0.0319037471830898,0.0353702402159913
9.64603221208774,0,-0.0448878782907022,0,9.64603221208774,-0.0448878782907022,-0.0448878782907022,-0.0448878782907022,0.060446521466018
11.1738978522498,0,-0.0430525372481022,0,11.1738978522498,-0.0430525372481022,-0.0430525372481022,-0.0430525372481022,0.0455534762468136
10.8363107906744,0,-0.028098390818107,0,10.8363107906744,-0.028098390818107,-0.028098390818107,-0.028098390818107,0.071926050301895
7.60971237336999,0,0.0425196941211018,0,7.60971237336999,0.0425196941211018,0.0425196941211018,0.0425196941211018,0.0675431227803087
6.7623626212796,0,0.0569688929469826,0,6.7623626212796,0.0569688929469826,0.0569688929469826,0.0569688929469826,0.0724631197752356
11.3171115233183,0,-0.0301299566297987,0,11.3171115233183,-0.0301299566297987,-0.0301299566297987,-0.0301299566297987,0.0549217163119364
12.491172371433,0,0.00616174807970621,0,12.491172371433,0.00616174807970621,0.00616174807970621,0.00616174807970621,0.0405245193389735
26.9159257982544,0,0.00103996356092225,0,26.9159257982544,0.00103996356092225,0.00103996356092225,0.00103996356092225,0.0289826613233299
23.3384346785706,0,0.0173424537425691,0,23.3384346785706,0.0173424537425691,0.0173424537425691,0.0173424537425691,0.0189266195413323
28.9457890893132,0,-0.0913120366455766,0,28.9457890893132,-0.0913120366455766,-0.0913120366455766,-0.0913120366455766,0.031473801407384
16.8846431378076,0,0.0592246738975235,0,16.8846431378076,0.0592246738975235,0.0592246738975235,0.0592246738975235,0.0580511049145327
134.384497197645,0,-0.0238877259081508,0,134.384497197645,-0.0238877259081508,-0.0238877259081508,-0.0238877259081508,0.0119968242583174
7.87613657515693,0,0.0413542662923309,0,7.87613657515693,0.0413542662923309,0.0413542662923309,0.0413542662923309,0.0315625132232254
6.75451986071434,0,0.0140182295143905,0,6.75451986071434,0.0140182295143905,0.0140182295143905,0.0140182295143905,0.0568066082100863
13.3632341442477,0,0.0180382677184463,0,13.3632341442477,0.0180382677184463,0.0180382677184463,0.0180382677184463,0.0615806710832505
12.1805820250532,0,0.00338467732188217,0,12.1805820250532,0.00338467732188217,0.00338467732188217,0.00338467732188217,0.0364988629906663
14.3972634987083,0,-0.0237118006498921,0,14.3972634987083,-0.0237118006498921,-0.0237118006498921,-0.0237118006498921,0.0295064854269103
14.1514365378187,0,-0.0107350800784212,0,14.1514365378187,-0.0107350800784212,-0.0107350800784212,-0.0107350800784212,0.0554744268805768
27.9381463268887,0,-0.0196646199066465,0,27.9381463268887,-0.0196646199066465,-0.0196646199066465,-0.0196646199066465,0.0266030945529787
24.4728765020316,0,-0.0883766236254439,0,24.4728765020316,-0.0883766236254439,-0.0883766236254439,-0.0883766236254439,0.0473406670453721
11.303125406956,0,0.0200076122858094,0,11.303125406956,0.0200076122858094,0.0200076122858094,0.0200076122858094,0.0675102696912362
7.48402930279067,0,0.00968988201586394,0,7.48402930279067,0.00968988201586394,0.00968988201586394,0.00968988201586394,0.0686754083472401
NA,NA,NA,NA,NA,NA,NA,NA,NA
12.0144898669671,0,-0.0304643580877798,0,12.0144898669671,-0.0304643580877798,-0.0304643580877798,-0.0304643580877798,0.0246585875375876
5.59197431763262,0,-0.0578220526680145,0,5.59197431763262,-0.0578220526680145,-0.0578220526680145,-0.0578220526680145,0.0290843221745671
7.10118523761685,0,-0.0285278978712163,0,7.10118523761685,-0.0285278978712163,-0.0285278978712163,-0.0285278978712163,0.0595492352872805
8.39406695268219,0,0.0167837864563465,0,8.39406695268219,0.0167837864563465,0.0167837864563465,0.0167837864563465,0.0322473662392579
6.68163411954067,0,0.0399525800720857,0,6.68163411954067,0.0399525800720857,0.0399525800720857,0.0399525800720857,0.0632642521725607
9.90977856764798,0,-0.0703516628541319,0,9.90977856764798,-0.0703516628541319,-0.0703516628541319,-0.0703516628541319,0.0190137396144176
9.567453602661,0,-0.0130573193727359,0,9.567453602661,-0.0130573193727359,-0.0130573193727359,-0.0130573193727359,0.0264340771076804
9.56764954052794,0,-0.00578932875863998,0,9.56764954052794,-0.00578932875863998,-0.00578932875863998,-0.00578932875863998,0.0288617279537588
9.58796747981615,0,0.00725905880614161,0,9.58796747981615,0.00725905880614161,0.00725905880614161,0.00725905880614161,0.0422687684348916
12.9045618909384,0,-0.020800428050844,0,12.9045618909384,-0.020800428050844,-0.020800428050844,-0.020800428050844,0.00918914559220215
9.03381024943225,0,-0.0258591277728825,0,9.03381024943225,-0.0258591277728825,-0.0258591277728825,-0.0258591277728825,0.0210013285642308
7.292171244769,0,0.0214216184583366,0,7.292171244769,0.0214216184583366,0.0214216184583366,0.0214216184583366,0.00787016036700002
10.6567948708008,0,0.0203455428827325,0,10.6567948708008,0.0203455428827325,0.0203455428827325,0.0203455428827325,0.0367174068081082
15.83958844307,0,0.0399832495665445,0,15.83958844307,0.0399832495665445,0.0399832495665445,0.0399832495665445,0.0130470310288665
17.7014293147066,0,0.0234372077444364,0,17.7014293147066,0.0234372077444364,0.0234372077444364,0.0234372077444364,0.0323786122878216
14.7585414478692,0,-0.0143222744287462,0,14.7585414478692,-0.0143222744287462,-0.0143222744287462,-0.0143222744287462,0.0637816832942033
8.7869971588466,0,0.0255650750927985,0,8.7869971588466,0.0255650750927985,0.0255650750927985,0.0255650750927985,0.0115189820321319
13.9836050997556,0,-0.0596374353307077,0,13.9836050997556,-0.0596374353307077,-0.0596374353307077,-0.0596374353307077,0.0260159424457815
11.3110693140974,0,0.00982781565554414,0,11.3110693140974,0.00982781565554414,0.00982781565554414,0.00982781565554414,0.0152975413868066
16.5519463473715,0,-0.0850116784148187,0,16.5519463473715,-0.0850116784148187,-0.0850116784148187,-0.0850116784148187,0.0449328569998866
12.3671082351961,0,0.0210231372322994,0,12.3671082351961,0.0210231372322994,0.0210231372322994,0.0210231372322994,0.0160828742749283
12.3654554745313,0,-0.0686880413546458,0,12.3654554745313,-0.0686880413546458,-0.0686880413546458,-0.0686880413546458,0.0513325050706189
19.2556223171704,0,0.0285945738844167,0,19.2556223171704,0.0285945738844167,0.0285945738844167,0.0285945738844167,0.0139726523520546
34.7312424253189,0,0.00360906084633839,0,34.7312424253189,0.00360906084633839,0.00360906084633839,0.00360906084633839,0.017575833019559
54.7209102152747,0,0.0196726221291343,0,54.7209102152747,0.0196726221291343,0.0196726221291343,0.0196726221291343,0.0109274670854921
9.37577209119586,0,-0.0166622088619275,0,9.37577209119586,-0.0166622088619275,-0.0166622088619275,-0.0166622088619275,0.0509886552324907
8.22166390729103,0,0.0200227074138689,0,8.22166390729103,0.0200227074138689,0.0200227074138689,0.0200227074138689,0.0889316774406693
6.56936523894705,0,-0.0184803687031215,0,6.56936523894705,-0.0184803687031215,-0.0184803687031215,-0.0184803687031215,0.0397871786329299
7.36539602284415,0,-0.0247872150245361,0,7.36539602284415,-0.0247872150245361,-0.0247872150245361,-0.0247872150245361,0.114121672795408
9.34902839864339,0,-0.0319037471830898,0,9.34902839864339,-0.0319037471830898,-0.0319037471830898,-0.0319037471830898,0.0353702402159913
9.64603221208774,0,-0.0448878782907022,0,9.64603221208774,-0.0448878782907022,-0.0448878782907022,-0.0448878782907022,0.060446521466018
11.1738978522498,0,-0.0430525372481022,0,11.1738978522498,-0.0430525372481022,-0.0430525372481022,-0.0430525372481022,0.0455534762468136
10.8363107906744,0,-0.028098390818107,0,10.8363107906744,-0.028098390818107,-0.028098390818107,-0.028098390818107,0.071926050301895
7.60971237336999,0,0.0425196941211018,0,7.60971237336999,0.0425196941211018,0.0425196941211018,0.0425196941211018,0.0675431227803087
13.3196226338721,0,0.00868096115699853,0,13.3196226338721,0.00868096115699853,0.00868096115699853,0.00868096115699853,0.0274058865357428
11.3171115233183,0,-0.0301299566297987,0,11.3171115233183,-0.0301299566297987,-0.0301299566297987,-0.0301299566297987,0.0549217163119364
12.491172371433,0,0.00616174807970621,0,12.491172371433,0.00616174807970621,0.00616174807970621,0.00616174807970621,0.0405245193389735
26.9159257982544,0,0.00103996356092225,0,26.9159257982544,0.00103996356092225,0.00103996356092225,0.00103996356092225,0.0289826613233299
23.3384346785706,0,0.0173424537425691,0,23.3384346785706,0.0173424537425691,0.0173424537425691,0.0173424537425691,0.0189266195413323
28.9457890893132,0,-0.0913120366455766,0,28.9457890893132,-0.0913120366455766,-0.0913120366455766,-0.0913120366455766,0.031473801407384
16.8846431378076,0,0.0592246738975235,0,16.8846431378076,0.0592246738975235,0.0592246738975235,0.0592246738975235,0.0580511049145327
134.384497197645,0,-0.0238877259081508,0,134.384497197645,-0.0238877259081508,-0.0238877259081508,-0.0238877259081508,0.0119968242583174
7.87613657515693,0,0.0413542662923309,0,7.87613657515693,0.0413542662923309,0.0413542662923309,0.0413542662923309,0.0315625132232254
6.75451986071434,0,0.0140182295143905,0,6.75451986071434,0.0140182295143905,0.0140182295143905,0.0140182295143905,0.0568066082100863
13.3632341442477,0,0.0180382677184463,0,13.3632341442477,0.0180382677184463,0.0180382677184463,0.0180382677184463,0.0615806710832505
12.1805820250532,0,0.00338467732188217,0,12.1805820250532,0.00338467732188217,0.00338467732188217,0.00338467732188217,0.0364988629906663
14.3972634987083,0,-0.0237118006498921,0,14.3972634987083,-0.0237118006498921,-0.0237118006498921,-0.0237118006498921,0.0295064854269103
14.1514365378187,0,-0.0107350800784212,0,14.1514365378187,-0.0107350800784212,-0.0107350800784212,-0.0107350800784212,0.0554744268805768
27.9381463268887,0,-0.0196646199066465,0,27.9381463268887,-0.0196646199066465,-0.0196646199066465,-0.0196646199066465,0.0266030945529787
24.4728765020316,0,-0.0883766236254439,0,24.4728765020316,-0.0883766236254439,-0.0883766236254439,-0.0883766236254439,0.0473406670453721
11.303125406956,0,0.0200076122858094,0,11.303125406956,0.0200076122858094,0.0200076122858094,0.0200076122858094,0.0675102696912362
7.48402930279067,0,0.00968988201586394,0,7.48402930279067,0.00968988201586394,0.00968988201586394,0.00968988201586394,0.0686754083472401
NA,NA,NA,NA,NA,NA,NA,NA,NA
12.0144898669671,0,-0.0304643580877798,0,12.0144898669671,-0.0304643580877798,-0.0304643580877798,-0.0304643580877798,0.0246585875375876
5.59197431763262,0,-0.0578220526680145,0,5.59197431763262,-0.0578220526680145,-0.0578220526680145,-0.0578220526680145,0.0290843221745671
7.10118523761685,0,-0.0285278978712163,0,7.10118523761685,-0.0285278978712163,-0.0285278978712163,-0.0285278978712163,0.0595492352872805
8.39406695268219,0,0.0167837864563465,0,8.39406695268219,0.0167837864563465,0.0167837864563465,0.0167837864563465,0.0322473662392579
6.68163411954067,0,0.0399525800720857,0,6.68163411954067,0.0399525800720857,0.0399525800720857,0.0399525800720857,0.0632642521725607
9.90977856764798,0,-0.0703516628541319,0,9.90977856764798,-0.0703516628541319,-0.0703516628541319,-0.0703516628541319,0.0190137396144176
9.567453602661,0,-0.0130573193727359,0,9.567453602661,-0.0130573193727359,-0.0130573193727359,-0.0130573193727359,0.0264340771076804
9.56764954052794,0,-0.00578932875863998,0,9.56764954052794,-0.00578932875863998,-0.00578932875863998,-0.00578932875863998,0.0288617279537588
9.58796747981615,0,0.00725905880614161,0,9.58796747981615,0.00725905880614161,0.00725905880614161,0.00725905880614161,0.0422687684348916
12.9045618909384,0,-0.020800428050844,0,12.9045618909384,-0.020800428050844,-0.020800428050844,-0.020800428050844,0.00918914559220215
9.03381024943225,0,-0.0258591277728825,0,9.03381024943225,-0.0258591277728825,-0.0258591277728825,-0.0258591277728825,0.0210013285642308
7.292171244769,0,0.0214216184583366,0,7.292171244769,0.0214216184583366,0.0214216184583366,0.0214216184583366,0.00787016036700002
10.6567948708008,0,0.0203455428827325,0,10.6567948708008,0.0203455428827325,0.0203455428827325,0.0203455428827325,0.0367174068081082
15.83958844307,0,0.0399832495665445,0,15.83958844307,0.0399832495665445,0.0399832495665445,0.0399832495665445,0.0130470310288665
17.7014293147066,0,0.0234372077444364,0,17.7014293147066,0.0234372077444364,0.0234372077444364,0.0234372077444364,0.0323786122878216
14.7585414478692,0,-0.0143222744287462,0,14.7585414478692,-0.0143222744287462,-0.0143222744287462,-0.0143222744287462,0.0637816832942033
8.7869971588466,0,0.0255650750927985,0,8.7869971588466,0.0255650750927985,0.0255650750927985,0.0255650750927985,0.0115189820321319
13.9836050997556,0,-0.0596374353307077,0,13.9836050997556,-0.0596374353307077,-0.0596374353307077,-0.0596374353307077,0.0260159424457815
11.3110693140974,0,0.00982781565554414,0,11.3110693140974,0.00982781565554414,0.00982781565554414,0.00982781565554414,0.0152975413868066
16.5519463473715,0,-0.0850116784148187,0,16.5519463473715,-0.0850116784148187,-0.0850116784148187,-0.0850116784148187,0.0449328569998866
12.3671082351961,0,0.0210231372322994,0,12.3671082351961,0.0210231372322994,0.0210231372322994,0.0210231372322994,0.0160828742749283
12.3654554745313,0,-0.0686880413546458,0,12.3654554745313,-0.0686880413546458,-0.0686880413546458,-0.0686880413546458,0.0513325050706189
19.2556223171704,0,0.0285945738844167,0,19.2556223171704,0.0285945738844167,0.0285945738844167,0.0285945738844167,0.0139726523520546
34.7312424253189,0,0.00360906084633839,0,34.7312424253189,0.00360906084633839,0.00360906084633839,0.00360906084633839,0.017575833019559
54.7209102152747,0,0.0196726221291343,0,54.7209102152747,0.0196726221291343,0.0196726221291343,0.0196726221291343,0.0109274670854921
9.37577209119586,0,-0.0166622088619275,0,9.37577209119586,-0.0166622088619275,-0.0166622088619275,-0.0166622088619275,0.0509886552324907
8.22166390729103,0,0.0200227074138689,0,8.22166390729103,0.0200227074138689,0.0200227074138689,0.0200227074138689,0.0889316774406693
6.56936523894705,0,-0.0184803687031215,0,6.56936523894705,-0.0184803687031215,-0.0184803687031215,-0.0184803687031215,0.0397871786329299
7.36539602284415,0,-0.0247872150245361,0,7.36539602284415,-0.0247872150245361,-0.0247872150245361,-0.0247872150245361,0.114121672795408
9.34902839864339,0,-0.0319037471830898,0,9.34902839864339,-0.0319037471830898,-0.0319037471830898,-0.0319037471830898,0.0353702402159913
9.64603221208774,0,-0.0448878782907022,0,9.64603221208774,-0.0448878782907022,-0.0448878782907022,-0.0448878782907022,0.060446521466018
11.1738978522498,0,-0.0430525372481022,0,11.1738978522498,-0.0430525372481022,-0.0430525372481022,-0.0430525372481022,0.0455534762468136
10.8363107906744,0,-0.028098390818107,0,10.8363107906744,-0.028098390818107,-0.028098390818107,-0.028098390818107,0.071926050301895
7.60971237336999,0,0.0425196941211018,0,7.60971237336999,0.0425196941211018,0.0425196941211018,0.0425196941211018,0.0675431227803087
13.3196226338721,0,0.00868096115699853,0,13.3196226338721,0.00868096115699853,0.00868096115699853,0.00868096115699853,0.0274058865357428
11.3171115233183,0,-0.0301299566297987,0,11.3171115233183,-0.0301299566297987,-0.0301299566297987,-0.0301299566297987,0.0549217163119364
12.491172371433,0,0.00616174807970621,0,12.491172371433,0.00616174807970621,0.00616174807970621,0.00616174807970621,0.0405245193389735
26.9159257982544,0,0.00103996356092225,0,26.9159257982544,0.00103996356092225,0.00103996356092225,0.00103996356092225,0.0289826613233299
23.3384346785706,0,0.0173424537425691,0,23.3384346785706,0.0173424537425691,0.0173424537425691,0.0173424537425691,0.0189266195413323
28.9457890893132,0,-0.0913120366455766,0,28.9457890893132,-0.0913120366455766,-0.0913120366455766,-0.0913120366455766,0.031473801407384
16.8846431378076,0,0.0592246738975235,0,16.8846431378076,0.0592246738975235,0.0592246738975235,0.0592246738975235,0.0580511049145327
134.384497197645,0,-0.0238877259081508,0,134.384497197645,-0.0238877259081508,-0.0238877259081508,-0.0238877259081508,0.0119968242583174
7.87613657515693,0,0.0413542662923309,0,7.87613657515693,0.0413542662923309,0.0413542662923309,0.0413542662923309,0.0315625132232254
6.75451986071434,0,0.0140182295143905,0,6.75451986071434,0.0140182295143905,0.0140182295143905,0.0140182295143905,0.0568066082100863
13.3632341442477,0,0.0180382677184463,0,13.3632341442477,0.0180382677184463,0.0180382677184463,0.0180382677184463,0.0615806710832505
12.1805820250532,0,0.00338467732188217,0,12.1805820250532,0.00338467732188217,0.00338467732188217,0.00338467732188217,0.0364988629906663
14.3972634987083,0,-0.0237118006498921,0,14.3972634987083,-0.0237118006498921,-0.0237118006498921,-0.0237118006498921,0.0295064854269103
14.1514365378187,0,-0.0107350800784212,0,14.1514365378187,-0.0107350800784212,-0.0107350800784212,-0.0107350800784212,0.0554744268805768
27.9381463268887,0,-0.0196646199066465,0,27.9381463268887,-0.0196646199066465,-0.0196646199066465,-0.0196646199066465,0.0266030945529787
24.4728765020316,0,-0.0883766236254439,0,24.4728765020316,-0.0883766236254439,-0.0883766236254439,-0.0883766236254439,0.0473406670453721
11.303125406956,0,0.0200076122858094,0,11.303125406956,0.0200076122858094,0.0200076122858094,0.0200076122858094,0.0675102696912362
7.48402930279067,0,0.00968988201586394,0,7.48402930279067,0.00968988201586394,0.00968988201586394,0.00968988201586394,0.0686754083472401
NA,NA,NA,NA,NA,NA,NA,NA,NA
12.0144898669671,0,-0.0304643580877798,0,12.0144898669671,-0.0304643580877798,-0.0304643580877798,-0.0304643580877798,0.0246585875375876
5.59197431763262,0,-0.0578220526680145,0,5.59197431763262,-0.0578220526680145,-0.0578220526680145,-0.0578220526680145,0.0290843221745671
7.10118523761685,0,-0.0285278978712163,0,7.10118523761685,-0.0285278978712163,-0.0285278978712163,-0.0285278978712163,0.0595492352872805
8.39406695268219,0,0.0167837864563465,0,8.39406695268219,0.0167837864563465,0.0167837864563465,0.0167837864563465,0.0322473662392579
6.68163411954067,0,0.0399525800720857,0,6.68163411954067,0.0399525800720857,0.0399525800720857,0.0399525800720857,0.0632642521725607
9.90977856764798,0,-0.0703516628541319,0,9.90977856764798,-0.0703516628541319,-0.0703516628541319,-0.0703516628541319,0.0190137396144176
9.567453602661,0,-0.0130573193727359,0,9.567453602661,-0.0130573193727359,-0.0130573193727359,-0.0130573193727359,0.0264340771076804
9.56764954052794,0,-0.00578932875863998,0,9.56764954052794,-0.00578932875863998,-0.00578932875863998,-0.00578932875863998,0.0288617279537588
9.58796747981615,0,0.00725905880614161,0,9.58796747981615,0.00725905880614161,0.00725905880614161,0.00725905880614161,0.0422687684348916
12.9045618909384,0,-0.020800428050844,0,12.9045618909384,-0.020800428050844,-0.020800428050844,-0.020800428050844,0.00918914559220215
9.03381024943225,0,-0.0258591277728825,0,9.03381024943225,-0.0258591277728825,-0.0258591277728825,-0.0258591277728825,0.0210013285642308
7.292171244769,0,0.0214216184583366,0,7.292171244769,0.0214216184583366,0.0214216184583366,0.0214216184583366,0.00787016036700002
10.6567948708008,0,0.0203455428827325,0,10.6567948708008,0.0203455428827325,0.0203455428827325,0.0203455428827325,0.0367174068081082
15.83958844307,0,0.0399832495665445,0,15.83958844307,0.0399832495665445,0.0399832495665445,0.0399832495665445,0.0130470310288665
17.7014293147066,0,0.0234372077444364,0,17.7014293147066,0.0234372077444364,0.0234372077444364,0.0234372077444364,0.0323786122878216
14.7585414478692,0,-0.0143222744287462,0,14.7585414478692,-0.0143222744287462,-0.0143222744287462,-0.0143222744287462,0.0637816832942033
8.7869971588466,0,0.0255650750927985,0,8.7869971588466,0.0255650750927985,0.0255650750927985,0.0255650750927985,0.0115189820321319
13.9836050997556,0,-0.0596374353307077,0,13.9836050997556,-0.0596374353307077,-0.0596374353307077,-0.0596374353307077,0.0260159424457815
11.3110693140974,0,0.00982781565554414,0,11.3110693140974,0.00982781565554414,0.00982781565554414,0.00982781565554414,0.0152975413868066
16.5519463473715,0,-0.0850116784148187,0,16.5519463473715,-0.0850116784148187,-0.0850116784148187,-0.0850116784148187,0.0449328569998866
12.3671082351961,0,0.0210231372322994,0,12.3671082351961,0.0210231372322994,0.0210231372322994,0.0210231372322994,0.0160828742749283
12.3654554745313,0,-0.0686880413546458,0,12.3654554745313,-0.0686880413546458,-0.0686880413546458,-0.0686880413546458,0.0513325050706189
19.2556223171704,0,0.0285945738844167,0,19.2556223171704,0.0285945738844167,0.0285945738844167,0.0285945738844167,0.0139726523520546
34.7312424253189,0,0.00360906084633839,0,34.7312424253189,0.00360906084633839,0.00360906084633839,0.00360906084633839,0.017575833019559
54.7209102152747,0,0.0196726221291343,0,54.7209102152747,0.0196726221291343,0.0196726221291343,0.0196726221291343,0.0109274670854921
9.37577209119586,0,-0.0166622088619275,0,9.37577209119586,-0.0166622088619275,-0.0166622088619275,-0.0166622088619275,0.0509886552324907
8.22166390729103,0,0.0200227074138689,0,8.22166390729103,0.0200227074138689,0.0200227074138689,0.0200227074138689,0.0889316774406693
6.56936523894705,0,-0.0184803687031215,0,6.56936523894705,-0.0184803687031215,-0.0184803687031215,-0.0184803687031215,0.0397871786329299
7.36539602284415,0,-0.0247872150245361,0,7.36539602284415,-0.0247872150245361,-0.0247872150245361,-0.0247872150245361,0.114121672795408
9.34902839864339,0,-0.0319037471830898,0,9.34902839864339,-0.0319037471830898,-0.0319037471830898,-0.0319037471830898,0.0353702402159913
9.64603221208774,0,-0.0448878782907022,0,9.64603221208774,-0.0448878782907022,-0.0448878782907022,-0.0448878782907022,0.060446521466018
11.1738978522498,0,-0.0430525372481022,0,11.1738978522498,-0.0430525372481022,-0.0430525372481022,-0.0430525372481022,0.0455534762468136
10.8363107906744,0,-0.028098390818107,0,10.8363107906744,-0.028098390818107,-0.028098390818107,-0.028098390818107,0.071926050301895
7.60971237336999,0,0.0425196941211018,0,7.60971237336999,0.0425196941211018,0.0425196941211018,0.0425196941211018,0.0675431227803087
13.3196226338721,0,0.00868096115699853,0,13.3196226338721,0.00868096115699853,0.00868096115699853,0.00868096115699853,0.0274058865357428
11.3171115233183,0,-0.0301299566297987,0,11.3171115233183,-0.0301299566297987,-0.0301299566297987,-0.0301299566297987,0.0549217163119364
12.491172371433,0,0.00616174807970621,0,12.491172371433,0.00616174807970621,0.00616174807970621,0.00616174807970621,0.0405245193389735
26.9159257982544,0,0.00103996356092225,0,26.9159257982544,0.00103996356092225,0.00103996356092225,0.00103996356092225,0.0289826613233299
23.3384346785706,0,0.0173424537425691,0,23.3384346785706,0.0173424537425691,0.0173424537425691,0.0173424537425691,0.0189266195413323
28.9457890893132,0,-0.0913120366455766,0,28.9457890893132,-0.0913120366455766,-0.0913120366455766,-0.0913120366455766,0.031473801407384
16.8846431378076,0,0.0592246738975235,0,16.8846431378076,0.0592246738975235,0.0592246738975235,0.0592246738975235,0.0580511049145327
134.384497197645,0,-0.0238877259081508,0,134.384497197645,-0.0238877259081508,-0.0238877259081508,-0.0238877259081508,0.0119968242583174
7.87613657515693,0,0.0413542662923309,0,7.87613657515693,0.0413542662923309,0.0413542662923309,0.0413542662923309,0.0315625132232254
6.75451986071434,0,0.0140182295143905,0,6.75451986071434,0.0140182295143905,0.0140182295143905,0.0140182295143905,0.0568066082100863
13.3632341442477,0,0.0180382677184463,0,13.3632341442477,0.0180382677184463,0.0180382677184463,0.0180382677184463,0.0615806710832505
12.1805820250532,0,0.00338467732188217,0,12.1805820250532,0.00338467732188217,0.00338467732188217,0.00338467732188217,0.0364988629906663
14.3972634987083,0,-0.0237118006498921,0,14.3972634987083,-0.0237118006498921,-0.0237118006498921,-0.0237118006498921,0.0295064854269103
14.1514365378187,0,-0.0107350800784212,0,14.1514365378187,-0.0107350800784212,-0.0107350800784212,-0.0107350800784212,0.0554744268805768
27.9381463268887,0,-0.0196646199066465,0,27.9381463268887,-0.0196646199066465,-0.0196646199066465,-0.0196646199066465,0.0266030945529787
24.4728765020316,0,-0.0883766236254439,0,24.4728765020316,-0.0883766236254439,-0.0883766236254439,-0.0883766236254439,0.0473406670453721
11.303125406956,0,0.0200076122858094,0,11.303125406956,0.0200076122858094,0.0200076122858094,0.0200076122858094,0.0675102696912362
7.48402930279067,0,0.00968988201586394,0,7.48402930279067,0.00968988201586394,0.00968988201586394,0.00968988201586394,0.0686754083472401
NA,NA,NA,NA,NA,NA,NA,NA,NA
12.0144898669671,0,-0.0304643580877798,0,12.0144898669671,-0.0304643580877798,-0.0304643580877798,-0.0304643580877798,0.0246585875375876
5.59197431763262,0,-0.0578220526680145,0,5.59197431763262,-0.0578220526680145,-0.0578220526680145,-0.0578220526680145,0.0290843221745671
7.10118523761685,0,-0.0285278978712163,0,7.10118523761685,-0.0285278978712163,-0.0285278978712163,-0.0285278978712163,0.0595492352872805
8.39406695268219,0,0.0167837864563465,0,8.39406695268219,0.0167837864563465,0.0167837864563465,0.0167837864563465,0.0322473662392579
6.68163411954067,0,0.0399525800720857,0,6.68163411954067,0.0399525800720857,0.0399525800720857,0.0399525800720857,0.0632642521725607
9.90977856764798,0,-0.0703516628541319,0,9.90977856764798,-0.0703516628541319,-0.0703516628541319,-0.0703516628541319,0.0190137396144176
9.567453602661,0,-0.0130573193727359,0,9.567453602661,-0.0130573193727359,-0.0130573193727359,-0.0130573193727359,0.0264340771076804
9.56764954052794,0,-0.00578932875863998,0,9.56764954052794,-0.00578932875863998,-0.00578932875863998,-0.00578932875863998,0.0288617279537588
9.58796747981615,0,0.00725905880614161,0,9.58796747981615,0.00725905880614161,0.00725905880614161,0.00725905880614161,0.0422687684348916
12.9045618909384,0,-0.020800428050844,0,12.9045618909384,-0.020800428050844,-0.020800428050844,-0.020800428050844,0.00918914559220215
9.03381024943225,0,-0.0258591277728825,0,9.03381024943225,-0.0258591277728825,-0.0258591277728825,-0.0258591277728825,0.0210013285642308
7.292171244769,0,0.0214216184583366,0,7.292171244769,0.0214216184583366,0.0214216184583366,0.0214216184583366,0.00787016036700002
10.6567948708008,0,0.0203455428827325,0,10.6567948708008,0.0203455428827325,0.0203455428827325,0.0203455428827325,0.0367174068081082
15.83958844307,0,0.0399832495665445,0,15.83958844307,0.0399832495665445,0.0399832495665445,0.0399832495665445,0.0130470310288665
17.7014293147066,0,0.0234372077444364,0,17.7014293147066,0.0234372077444364,0.0234372077444364,0.0234372077444364,0.0323786122878216
14.7585414478692,0,-0.0143222744287462,0,14.7585414478692,-0.0143222744287462,-0.0143222744287462,-0.0143222744287462,0.0637816832942033
8.7869971588466,0,0.0255650750927985,0,8.7869971588466,0.0255650750927985,0.0255650750927985,0.0255650750927985,0.0115189820321319
13.9836050997556,0,-0.0596374353307077,0,13.9836050997556,-0.0596374353307077,-0.0596374353307077,-0.0596374353307077,0.0260159424457815
11.3110693140974,0,0.00982781565554414,0,11.3110693140974,0.00982781565554414,0.00982781565554414,0.00982781565554414,0.0152975413868066
16.5519463473715,0,-0.0850116784148187,0,16.5519463473715,-0.0850116784148187,-0.0850116784148187,-0.0850116784148187,0.0449328569998866
12.3671082351961,0,0.0210231372322994,0,12.3671082351961,0.0210231372322994,0.0210231372322994,0.0210231372322994,0.0160828742749283
12.3654554745313,0,-0.0686880413546458,0,12.3654554745313,-0.0686880413546458,-0.0686880413546458,-0.0686880413546458,0.0513325050706189
19.2556223171704,0,0.0285945738844167,0,19.2556223171704,0.0285945738844167,0.0285945738844167,0.0285945738844167,0.0139726523520546
34.7312424253189,0,0.00360906084633839,0,34.7312424253189,0.00360906084633839,0.00360906084633839,0.00360906084633839,0.017575833019559
54.7209102152747,0,0.0196726221291343,0,54.7209102152747,0.0196726221291343,0.0196726221291343,0.0196726221291343,0.0109274670854921
9.37577209119586,0,-0.0166622088619275,0,9.37577209119586,-0.0166622088619275,-0.0166622088619275,-0.0166622088619275,0.0509886552324907
8.22166390729103,0,0.0200227074138689,0,8.22166390729103,0.0200227074138689,0.0200227074138689,0.0200227074138689,0.0889316774406693
6.56936523894705,0,-0.0184803687031215,0,6.56936523894705,-0.0184803687031215,-0.0184803687031215,-0.0184803687031215,0.0397871786329299
7.36539602284415,0,-0.0247872150245361,0,7.36539602284415,-0.0247872150245361,-0.0247872150245361,-0.0247872150245361,0.114121672795408
9.34902839864339,0,-0.0319037471830898,0,9.34902839864339,-0.0319037471830898,-0.0319037471830898,-0.0319037471830898,0.0353702402159913
9.64603221208774,0,-0.0448878782907022,0,9.64603221208774,-0.0448878782907022,-0.0448878782907022,-0.0448878782907022,0.060446521466018
11.1738978522498,0,-0.0430525372481022,0,11.1738978522498,-0.0430525372481022,-0.0430525372481022,-0.0430525372481022,0.0455534762468136
10.8363107906744,0,-0.028098390818107,0,10.8363107906744,-0.028098390818107,-0.028098390818107,-0.028098390818107,0.071926050301895
7.60971237336999,0,0.0425196941211018,0,7.60971237336999,0.0425196941211018,0.0425196941211018,0.0425196941211018,0.0675431227803087
13.3196226338721,0,0.00868096115699853,0,13.3196226338721,0.00868096115699853,0.00868096115699853,0.00868096115699853,0.0274058865357428
11.3171115233183,0,-0.0301299566297987,0,11.3171115233183,-0.0301299566297987,-0.0301299566297987,-0.0301299566297987,0.0549217163119364
12.491172371433,0,0.00616174807970621,0,12.491172371433,0.00616174807970621,0.00616174807970621,0.00616174807970621,0.0405245193389735
26.9159257982544,0,0.00103996356092225,0,26.9159257982544,0.00103996356092225,0.00103996356092225,0.00103996356092225,0.0289826613233299
23.3384346785706,0,0.0173424537425691,0,23.3384346785706,0.0173424537425691,0.0173424537425691,0.0173424537425691,0.0189266195413323
28.9457890893132,0,-0.0913120366455766,0,28.9457890893132,-0.0913120366455766,-0.0913120366455766,-0.0913120366455766,0.031473801407384
16.8846431378076,0,0.0592246738975235,0,16.8846431378076,0.0592246738975235,0.0592246738975235,0.0592246738975235,0.0580511049145327
134.384497197645,0,-0.0238877259081508,0,134.384497197645,-0.0238877259081508,-0.0238877259081508,-0.0238877259081508,0.0119968242583174
7.87613657515693,0,0.0413542662923309,0,7.87613657515693,0.0413542662923309,0.0413542662923309,0.0413542662923309,0.0315625132232254
6.75451986071434,0,0.0140182295143905,0,6.75451986071434,0.0140182295143905,0.0140182295143905,0.0140182295143905,0.0568066082100863
13.3632341442477,0,0.0180382677184463,0,13.3632341442477,0.0180382677184463,0.0180382677184463,0.0180382677184463,0.0615806710832505
12.1805820250532,0,0.00338467732188217,0,12.1805820250532,0.00338467732188217,0.00338467732188217,0.00338467732188217,0.0364988629906663
14.3972634987083,0,-0.0237118006498921,0,14.3972634987083,-0.0237118006498921,-0.0237118006498921,-0.0237118006498921,0.0295064854269103
14.1514365378187,0,-0.0107350800784212,0,14.1514365378187,-0.0107350800784212,-0.0107350800784212,-0.0107350800784212,0.0554744268805768
27.9381463268887,0,-0.0196646199066465,0,27.9381463268887,-0.0196646199066465,-0.0196646199066465,-0.0196646199066465,0.0266030945529787
24.4728765020316,0,-0.0883766236254439,0,24.4728765020316,-0.0883766236254439,-0.0883766236254439,-0.0883766236254439,0.0473406670453721
11.303125406956,0,0.0200076122858094,0,11.303125406956,0.0200076122858094,0.0200076122858094,0.0200076122858094,0.0675102696912362
7.48402930279067,0,0.00968988201586394,0,7.48402930279067,0.00968988201586394,0.00968988201586394,0.00968988201586394,0.0686754083472401
NA,NA,NA,NA,NA,NA,NA,NA,NA
12.0144898669671,0,-0.0304643580877798,0,12.0144898669671,-0.0304643580877798,-0.0304643580877798,-0.0304643580877798,0.0246585875375876
5.59197431763262,0,-0.0578220526680145,0,5.59197431763262,-0.0578220526680145,-0.0578220526680145,-0.0578220526680145,0.0290843221745671
7.10118523761685,0,-0.0285278978712163,0,7.10118523761685,-0.0285278978712163,-0.0285278978712163,-0.0285278978712163,0.0595492352872805
8.39406695268219,0,0.0167837864563465,0,8.39406695268219,0.0167837864563465,0.0167837864563465,0.0167837864563465,0.0322473662392579
6.68163411954067,0,0.0399525800720857,0,6.68163411954067,0.0399525800720857,0.0399525800720857,0.0399525800720857,0.0632642521725607
9.90977856764798,0,-0.0703516628541319,0,9.90977856764798,-0.0703516628541319,-0.0703516628541319,-0.0703516628541319,0.0190137396144176
9.567453602661,0,-0.0130573193727359,0,9.567453602661,-0.0130573193727359,-0.0130573193727359,-0.0130573193727359,0.0264340771076804
9.56764954052794,0,-0.00578932875863998,0,9.56764954052794,-0.00578932875863998,-0.00578932875863998,-0.00578932875863998,0.0288617279537588
9.58796747981615,0,0.00725905880614161,0,9.58796747981615,0.00725905880614161,0.00725905880614161,0.00725905880614161,0.0422687684348916
12.9045618909384,0,-0.020800428050844,0,12.9045618909384,-0.020800428050844,-0.020800428050844,-0.020800428050844,0.00918914559220215
9.03381024943225,0,-0.0258591277728825,0,9.03381024943225,-0.0258591277728825,-0.0258591277728825,-0.0258591277728825,0.0210013285642308
7.292171244769,0,0.0214216184583366,0,7.292171244769,0.0214216184583366,0.0214216184583366,0.0214216184583366,0.00787016036700002
10.6567948708008,0,0.0203455428827325,0,10.6567948708008,0.0203455428827325,0.0203455428827325,0.0203455428827325,0.0367174068081082
15.83958844307,0,0.0399832495665445,0,15.83958844307,0.0399832495665445,0.0399832495665445,0.0399832495665445,0.0130470310288665
17.7014293147066,0,0.0234372077444364,0,17.7014293147066,0.0234372077444364,0.0234372077444364,0.0234372077444364,0.0323786122878216
14.7585414478692,0,-0.0143222744287462,0,14.7585414478692,-0.0143222744287462,-0.0143222744287462,-0.0143222744287462,0.0637816832942033
8.7869971588466,0,0.0255650750927985,0,8.7869971588466,0.0255650750927985,0.0255650750927985,0.0255650750927985,0.0115189820321319
13.9836050997556,0,-0.0596374353307077,0,13.9836050997556,-0.0596374353307077,-0.0596374353307077,-0.0596374353307077,0.0260159424457815
11.3110693140974,0,0.00982781565554414,0,11.3110693140974,0.00982781565554414,0.00982781565554414,0.00982781565554414,0.0152975413868066
16.5519463473715,0,-0.0850116784148187,0,16.5519463473715,-0.0850116784148187,-0.0850116784148187,-0.0850116784148187,0.0449328569998866
12.3671082351961,0,0.0210231372322994,0,12.3671082351961,0.0210231372322994,0.0210231372322994,0.0210231372322994,0.0160828742749283
12.3654554745313,0,-0.0686880413546458,0,12.3654554745313,-0.0686880413546458,-0.0686880413546458,-0.0686880413546458,0.0513325050706189
19.2556223171704,0,0.0285945738844167,0,19.2556223171704,0.0285945738844167,0.0285945738844167,0.0285945738844167,0.0139726523520546
34.7312424253189,0,0.00360906084633839,0,34.7312424253189,0.00360906084633839,0.00360906084633839,0.00360906084633839,0.017575833019559
54.7209102152747,0,0.0196726221291343,0,54.7209102152747,0.0196726221291343,0.0196726221291343,0.0196726221291343,0.0109274670854921
9.37577209119586,0,-0.0166622088619275,0,9.37577209119586,-0.0166622088619275,-0.0166622088619275,-0.0166622088619275,0.0509886552324907
8.22166390729103,0,0.0200227074138689,0,8.22166390729103,0.0200227074138689,0.0200227074138689,0.0200227074138689,0.0889316774406693
6.56936523894705,0,-0.0184803687031215,0,6.56936523894705,-0.0184803687031215,-0.0184803687031215,-0.0184803687031215,0.0397871786329299
7.36539602284415,0,-0.0247872150245361,0,7.36539602284415,-0.0247872150245361,-0.0247872150245361,-0.0247872150245361,0.114121672795408
9.34902839864339,0,-0.0319037471830898,0,9.34902839864339,-0.0319037471830898,-0.0319037471830898,-0.0319037471830898,0.0353702402159913
9.64603221208774,0,-0.0448878782907022,0,9.64603221208774,-0.0448878782907022,-0.0448878782907022,-0.0448878782907022,0.060446521466018
11.1738978522498,0,-0.0430525372481022,0,11.1738978522498,-0.0430525372481022,-0.0430525372481022,-0.0430525372481022,0.0455534762468136
10.8363107906744,0,-0.028098390818107,0,10.8363107906744,-0.028098390818107,-0.028098390818107,-0.028098390818107,0.071926050301895
7.60971237336999,0,0.0425196941211018,0,7.60971237336999,0.0425196941211018,0.0425196941211018,0.0425196941211018,0.0675431227803087
13.3196226338721,0,0.00868096115699853,0,13.3196226338721,0.00868096115699853,0.00868096115699853,0.00868096115699853,0.0274058865357428
11.3171115233183,0,-0.0301299566297987,0,11.3171115233183,-0.0301299566297987,-0.0301299566297987,-0.0301299566297987,0.0549217163119364
12.491172371433,0,0.00616174807970621,0,12.491172371433,0.00616174807970621,0.00616174807970621,0.00616174807970621,0.0405245193389735
26.9159257982544,0,0.00103996356092225,0,26.9159257982544,0.00103996356092225,0.00103996356092225,0.00103996356092225,0.0289826613233299
23.3384346785706,0,0.0173424537425691,0,23.3384346785706,0.0173424537425691,0.0173424537425691,0.0173424537425691,0.0189266195413323
28.9457890893132,0,-0.0913120366455766,0,28.9457890893132,-0.0913120366455766,-0.0913120366455766,-0.0913120366455766,0.031473801407384
16.8846431378076,0,0.0592246738975235,0,16.8846431378076,0.0592246738975235,0.0592246738975235,0.0592246738975235,0.0580511049145327
134.384497197645,0,-0.0238877259081508,0,134.384497197645,-0.0238877259081508,-0.0238877259081508,-0.0238877259081508,0.0119968242583174
7.87613657515693,0,0.0413542662923309,0,7.87613657515693,0.0413542662923309,0.0413542662923309,0.0413542662923309,0.0315625132232254
6.75451986071434,0,0.0140182295143905,0,6.75451986071434,0.0140182295143905,0.0140182295143905,0.0140182295143905,0.0568066082100863
13.3632341442477,0,0.0180382677184463,0,13.3632341442477,0.0180382677184463,0.0180382677184463,0.0180382677184463,0.0615806710832505
12.1805820250532,0,0.00338467732188217,0,12.1805820250532,0.00338467732188217,0.00338467732188217,0.00338467732188217,0.0364988629906663
14.3972634987083,0,-0.0237118006498921,0,14.3972634987083,-0.0237118006498921,-0.0237118006498921,-0.0237118006498921,0.0295064854269103
14.1514365378187,0,-0.0107350800784212,0,14.1514365378187,-0.0107350800784212,-0.0107350800784212,-0.0107350800784212,0.0554744268805768
27.9381463268887,0,-0.0196646199066465,0,27.9381463268887,-0.0196646199066465,-0.0196646199066465,-0.0196646199066465,0.0266030945529787
24.4728765020316,0,-0.0883766236254439,0,24.4728765020316,-0.0883766236254439,-0.0883766236254439,-0.0883766236254439,0.0473406670453721
11.303125406956,0,0.0200076122858094,0,11.303125406956,0.0200076122858094,0.0200076122858094,0.0200076122858094,0.0675102696912362
7.48402930279067,0,0.00968988201586394,0,7.48402930279067,0.00968988201586394,0.00968988201586394,0.00968988201586394,0.0686754083472401
NA,NA,NA,NA,NA,NA,NA,NA,NA
12.0144898669671,0,-0.0304643580877798,0,12.0144898669671,-0.0304643580877798,-0.0304643580877798,-0.0304643580877798,0.0246585875375876
5.59197431763262,0,-0.0578220526680145,0,5.59197431763262,-0.0578220526680145,-0.0578220526680145,-0.0578220526680145,0.0290843221745671
7.10118523761685,0,-0.0285278978712163,0,7.10118523761685,-0.0285278978712163,-0.0285278978712163,-0.0285278978712163,0.0595492352872805
8.39406695268219,0,0.0167837864563465,0,8.39406695268219,0.0167837864563465,0.0167837864563465,0.0167837864563465,0.0322473662392579
6.68163411954067,0,0.0399525800720857,0,6.68163411954067,0.0399525800720857,0.0399525800720857,0.0399525800720857,0.0632642521725607
9.90977856764798,0,-0.0703516628541319,0,9.90977856764798,-0.0703516628541319,-0.0703516628541319,-0.0703516628541319,0.0190137396144176
9.567453602661,0,-0.0130573193727359,0,9.567453602661,-0.0130573193727359,-0.0130573193727359,-0.0130573193727359,0.0264340771076804
9.56764954052794,0,-0.00578932875863998,0,9.56764954052794,-0.00578932875863998,-0.00578932875863998,-0.00578932875863998,0.0288617279537588
9.58796747981615,0,0.00725905880614161,0,9.58796747981615,0.00725905880614161,0.00725905880614161,0.00725905880614161,0.0422687684348916
12.9045618909384,0,-0.020800428050844,0,12.9045618909384,-0.020800428050844,-0.020800428050844,-0.020800428050844,0.00918914559220215
9.03381024943225,0,-0.0258591277728825,0,9.03381024943225,-0.0258591277728825,-0.0258591277728825,-0.0258591277728825,0.0210013285642308
7.292171244769,0,0.0214216184583366,0,7.292171244769,0.0214216184583366,0.0214216184583366,0.0214216184583366,0.00787016036700002
10.6567948708008,0,0.0203455428827325,0,10.6567948708008,0.0203455428827325,0.0203455428827325,0.0203455428827325,0.0367174068081082
15.83958844307,0,0.0399832495665445,0,15.83958844307,0.0399832495665445,0.0399832495665445,0.0399832495665445,0.0130470310288665
17.7014293147066,0,0.0234372077444364,0,17.7014293147066,0.0234372077444364,0.0234372077444364,0.0234372077444364,0.0323786122878216
14.7585414478692,0,-0.0143222744287462,0,14.7585414478692,-0.0143222744287462,-0.0143222744287462,-0.0143222744287462,0.0637816832942033
8.7869971588466,0,0.0255650750927985,0,8.7869971588466,0.0255650750927985,0.0255650750927985,0.0255650750927985,0.0115189820321319
13.9836050997556,0,-0.0596374353307077,0,13.9836050997556,-0.0596374353307077,-0.0596374353307077,-0.0596374353307077,0.0260159424457815
11.3110693140974,0,0.00982781565554414,0,11.3110693140974,0.00982781565554414,0.00982781565554414,0.00982781565554414,0.0152975413868066
16.5519463473715,0,-0.0850116784148187,0,16.5519463473715,-0.0850116784148187,-0.0850116784148187,-0.0850116784148187,0.0449328569998866
12.3671082351961,0,0.0210231372322994,0,12.3671082351961,0.0210231372322994,0.0210231372322994,0.0210231372322994,0.0160828742749283
12.3654554745313,0,-0.0686880413546458,0,12.3654554745313,-0.0686880413546458,-0.0686880413546458,-0.0686880413546458,0.0513325050706189
19.2556223171704,0,0.0285945738844167,0,19.2556223171704,0.0285945738844167,0.0285945738844167,0.0285945738844167,0.0139726523520546
34.7312424253189,0,0.00360906084633839,0,34.7312424253189,0.00360906084633839,0.00360906084633839,0.00360906084633839,0.017575833019559
54.7209102152747,0,0.0196726221291343,0,54.7209102152747,0.0196726221291343,0.0196726221291343,0.0196726221291343,0.0109274670854921
9.37577209119586,0,-0.0166622088619275,0,9.37577209119586,-0.0166622088619275,-0.0166622088619275,-0.0166622088619275,0.0509886552324907
8.22166390729103,0,0.0200227074138689,0,8.22166390729103,0.0200227074138689,0.0200227074138689,0.0200227074138689,0.0889316774406693
6.56936523894705,0,-0.0184803687031215,0,6.56936523894705,-0.0184803687031215,-0.0184803687031215,-0.0184803687031215,0.0397871786329299
7.36539602284415,0,-0.0247872150245361,0,7.36539602284415,-0.0247872150245361,-0.0247872150245361,-0.0247872150245361,0.114121672795408
9.34902839864339,0,-0.0319037471830898,0,9.34902839864339,-0.0319037471830898,-0.0319037471830898,-0.0319037471830898,0.0353702402159913
9.64603221208774,0,-0.0448878782907022,0,9.64603221208774,-0.0448878782907022,-0.0448878782907022,-0.0448878782907022,0.060446521466018
11.1738978522498,0,-0.0430525372481022,0,11.1738978522498,-0.0430525372481022,-0.0430525372481022,-0.0430525372481022,0.0455534762468136
10.8363107906744,0,-0.028098390818107,0,10.8363107906744,-0.028098390818107,-0.028098390818107,-0.028098390818107,0.071926050301895
7.60971237336999,0,0.0425196941211018,0,7.60971237336999,0.0425196941211018,0.0425196941211018,0.0425196941211018,0.0675431227803087
13.3196226338721,0,0.00868096115699853,0,13.3196226338721,0.00868096115699853,0.00868096115699853,0.00868096115699853,0.0274058865357428
11.3171115233183,0,-0.0301299566297987,0,11.3171115233183,-0.0301299566297987,-0.0301299566297987,-0.0301299566297987,0.0549217163119364
12.491172371433,0,0.00616174807970621,0,12.491172371433,0.00616174807970621,0.00616174807970621,0.00616174807970621,0.0405245193389735
26.9159257982544,0,0.00103996356092225,0,26.9159257982544,0.00103996356092225,0.00103996356092225,0.00103996356092225,0.0289826613233299
23.3384346785706,0,0.0173424537425691,0,23.3384346785706,0.0173424537425691,0.0173424537425691,0.0173424537425691,0.0189266195413323
28.9457890893132,0,-0.0913120366455766,0,28.9457890893132,-0.0913120366455766,-0.0913120366455766,-0.0913120366455766,0.031473801407384
16.8846431378076,0,0.0592246738975235,0,16.8846431378076,0.0592246738975235,0.0592246738975235,0.0592246738975235,0.0580511049145327
134.384497197645,0,-0.0238877259081508,0,134.384497197645,-0.0238877259081508,-0.0238877259081508,-0.0238877259081508,0.0119968242583174
7.87613657515693,0,0.0413542662923309,0,7.87613657515693,0.0413542662923309,0.0413542662923309,0.0413542662923309,0.0315625132232254
6.75451986071434,0,0.0140182295143905,0,6.75451986071434,0.0140182295143905,0.0140182295143905,0.0140182295143905,0.0568066082100863
13.3632341442477,0,0.0180382677184463,0,13.3632341442477,0.0180382677184463,0.0180382677184463,0.0180382677184463,0.0615806710832505
12.1805820250532,0,0.00338467732188217,0,12.1805820250532,0.00338467732188217,0.00338467732188217,0.00338467732188217,0.0364988629906663
14.3972634987083,0,-0.0237118006498921,0,14.3972634987083,-0.0237118006498921,-0.0237118006498921,-0.0237118006498921,0.0295064854269103
14.1514365378187,0,-0.0107350800784212,0,14.1514365378187,-0.0107350800784212,-0.0107350800784212,-0.0107350800784212,0.0554744268805768
27.9381463268887,0,-0.0196646199066465,0,27.9381463268887,-0.0196646199066465,-0.0196646199066465,-0.0196646199066465,0.0266030945529787
24.4728765020316,0,-0.0883766236254439,0,24.4728765020316,-0.0883766236254439,-0.0883766236254439,-0.0883766236254439,0.0473406670453721
11.303125406956,0,0.0200076122858094,0,11.303125406956,0.0200076122858094,0.0200076122858094,0.0200076122858094,0.0675102696912362
7.48402930279067,0,0.00968988201586394,0,7.48402930279067,0.00968988201586394,0.00968988201586394,0.00968988201586394,0.0686754083472401
NA,NA,NA,NA,NA,NA,NA,NA,NA
12.0144898669671,0,-0.0304643580877798,0,12.0144898669671,-0.0304643580877798,-0.0304643580877798,-0.0304643580877798,0.0246585875375876
5.59197431763262,0,-0.0578220526680145,0,5.59197431763262,-0.0578220526680145,-0.0578220526680145,-0.0578220526680145,0.0290843221745671
7.10118523761685,0,-0.0285278978712163,0,7.10118523761685,-0.0285278978712163,-0.0285278978712163,-0.0285278978712163,0.0595492352872805
8.39406695268219,0,0.0167837864563465,0,8.39406695268219,0.0167837864563465,0.0167837864563465,0.0167837864563465,0.0322473662392579
6.68163411954067,0,0.0399525800720857,0,6.68163411954067,0.0399525800720857,0.0399525800720857,0.0399525800720857,0.0632642521725607
9.90977856764798,0,-0.0703516628541319,0,9.90977856764798,-0.0703516628541319,-0.0703516628541319,-0.0703516628541319,0.0190137396144176
9.567453602661,0,-0.0130573193727359,0,9.567453602661,-0.0130573193727359,-0.0130573193727359,-0.0130573193727359,0.0264340771076804
9.56764954052794,0,-0.00578932875863998,0,9.56764954052794,-0.00578932875863998,-0.00578932875863998,-0.00578932875863998,0.0288617279537588
9.58796747981615,0,0.00725905880614161,0,9.58796747981615,0.00725905880614161,0.00725905880614161,0.00725905880614161,0.0422687684348916
12.9045618909384,0,-0.020800428050844,0,12.9045618909384,-0.020800428050844,-0.020800428050844,-0.020800428050844,0.00918914559220215
9.03381024943225,0,-0.0258591277728825,0,9.03381024943225,-0.0258591277728825,-0.0258591277728825,-0.0258591277728825,0.0210013285642308
7.292171244769,0,0.0214216184583366,0,7.292171244769,0.0214216184583366,0.0214216184583366,0.0214216184583366,0.00787016036700002
10.6567948708008,0,0.0203455428827325,0,10.6567948708008,0.0203455428827325,0.0203455428827325,0.0203455428827325,0.0367174068081082
15.83958844307,0,0.0399832495665445,0,15.83958844307,0.0399832495665445,0.0399832495665445,0.0399832495665445,0.0130470310288665
17.7014293147066,0,0.0234372077444364,0,17.7014293147066,0.0234372077444364,0.0234372077444364,0.0234372077444364,0.0323786122878216
14.7585414478692,0,-0.0143222744287462,0,14.7585414478692,-0.0143222744287462,-0.0143222744287462,-0.0143222744287462,0.0637816832942033
8.7869971588466,0,0.0255650750927985,0,8.7869971588466,0.0255650750927985,0.0255650750927985,0.0255650750927985,0.0115189820321319
13.9836050997556,0,-0.0596374353307077,0,13.9836050997556,-0.0596374353307077,-0.0596374353307077,-0.0596374353307077,0.0260159424457815
11.3110693140974,0,0.00982781565554414,0,11.3110693140974,0.00982781565554414,0.00982781565554414,0.00982781565554414,0.0152975413868066
16.5519463473715,0,-0.0850116784148187,0,16.5519463473715,-0.0850116784148187,-0.0850116784148187,-0.0850116784148187,0.0449328569998866
12.3671082351961,0,0.0210231372322994,0,12.3671082351961,0.0210231372322994,0.0210231372322994,0.0210231372322994,0.0160828742749283
12.3654554745313,0,-0.0686880413546458,0,12.3654554745313,-0.0686880413546458,-0.0686880413546458,-0.0686880413546458,0.0513325050706189
19.2556223171704,0,0.0285945738844167,0,19.2556223171704,0.0285945738844167,0.0285945738844167,0.0285945738844167,0.0139726523520546
34.7312424253189,0,0.00360906084633839,0,34.7312424253189,0.00360906084633839,0.00360906084633839,0.00360906084633839,0.017575833019559
54.7209102152747,0,0.0196726221291343,0,54.7209102152747,0.0196726221291343,0.0196726221291343,0.0196726221291343,0.0109274670854921
9.37577209119586,0,-0.0166622088619275,0,9.37577209119586,-0.0166622088619275,-0.0166622088619275,-0.0166622088619275,0.0509886552324907
8.22166390729103,0,0.0200227074138689,0,8.22166390729103,0.0200227074138689,0.0200227074138689,0.0200227074138689,0.0889316774406693
6.56936523894705,0,-0.0184803687031215,0,6.56936523894705,-0.0184803687031215,-0.0184803687031215,-0.0184803687031215,0.0397871786329299
7.36539602284415,0,-0.0247872150245361,0,7.36539602284415,-0.0247872150245361,-0.0247872150245361,-0.0247872150245361,0.114121672795408
9.34902839864339,0,-0.0319037471830898,0,9.34902839864339,-0.0319037471830898,-0.0319037471830898,-0.0319037471830898,0.0353702402159913
9.64603221208774,0,-0.0448878782907022,0,9.64603221208774,-0.0448878782907022,-0.0448878782907022,-0.0448878782907022,0.060446521466018
11.1738978522498,0,-0.0430525372481022,0,11.1738978522498,-0.0430525372481022,-0.0430525372481022,-0.0430525372481022,0.0455534762468136
10.8363107906744,0,-0.028098390818107,0,10.8363107906744,-0.028098390818107,-0.028098390818107,-0.028098390818107,0.071926050301895
7.60971237336999,0,0.0425196941211018,0,7.60971237336999,0.0425196941211018,0.0425196941211018,0.0425196941211018,0.0675431227803087
13.3196226338721,0,0.00868096115699853,0,13.3196226338721,0.00868096115699853,0.00868096115699853,0.00868096115699853,0.0274058865357428
11.3171115233183,0,-0.0301299566297987,0,11.3171115233183,-0.0301299566297987,-0.0301299566297987,-0.0301299566297987,0.0549217163119364
12.491172371433,0,0.00616174807970621,0,12.491172371433,0.00616174807970621,0.00616174807970621,0.00616174807970621,0.0405245193389735
26.9159257982544,0,0.00103996356092225,0,26.9159257982544,0.00103996356092225,0.00103996356092225,0.00103996356092225,0.0289826613233299
23.3384346785706,0,0.0173424537425691,0,23.3384346785706,0.0173424537425691,0.0173424537425691,0.0173424537425691,0.0189266195413323
28.9457890893132,0,-0.0913120366455766,0,28.9457890893132,-0.0913120366455766,-0.0913120366455766,-0.0913120366455766,0.031473801407384
16.8846431378076,0,0.0592246738975235,0,16.8846431378076,0.0592246738975235,0.0592246738975235,0.0592246738975235,0.0580511049145327
134.384497197645,0,-0.0238877259081508,0,134.384497197645,-0.0238877259081508,-0.0238877259081508,-0.0238877259081508,0.0119968242583174
7.87613657515693,0,0.0413542662923309,0,7.87613657515693,0.0413542662923309,0.0413542662923309,0.0413542662923309,0.0315625132232254
6.75451986071434,0,0.0140182295143905,0,6.75451986071434,0.0140182295143905,0.0140182295143905,0.0140182295143905,0.0568066082100863
13.3632341442477,0,0.0180382677184463,0,13.3632341442477,0.0180382677184463,0.0180382677184463,0.0180382677184463,0.0615806710832505
12.1805820250532,0,0.00338467732188217,0,12.1805820250532,0.00338467732188217,0.00338467732188217,0.00338467732188217,0.0364988629906663
14.3972634987083,0,-0.0237118006498921,0,14.3972634987083,-0.0237118006498921,-0.0237118006498921,-0.0237118006498921,0.0295064854269103
14.1514365378187,0,-0.0107350800784212,0,14.1514365378187,-0.0107350800784212,-0.0107350800784212,-0.0107350800784212,0.0554744268805768
27.9381463268887,0,-0.0196646199066465,0,27.9381463268887,-0.0196646199066465,-0.0196646199066465,-0.0196646199066465,0.0266030945529787
24.4728765020316,0,-0.0883766236254439,0,24.4728765020316,-0.0883766236254439,-0.0883766236254439,-0.0883766236254439,0.0473406670453721
11.303125406956,0,0.0200076122858094,0,11.303125406956,0.0200076122858094,0.0200076122858094,0.0200076122858094,0.0675102696912362
7.48402930279067,0,0.00968988201586394,0,7.48402930279067,0.00968988201586394,0.00968988201586394,0.00968988201586394,0.0686754083472401
NA,NA,NA,NA,NA,NA,NA,NA,NA
12.0144898669671,0,-0.0304643580877798,0,12.0144898669671,-0.0304643580877798,-0.0304643580877798,-0.0304643580877798,0.0246585875375876
5.59197431763262,0,-0.0578220526680145,0,5.59197431763262,-0.0578220526680145,-0.0578220526680145,-0.0578220526680145,0.0290843221745671
7.10118523761685,0,-0.0285278978712163,0,7.10118523761685,-0.0285278978712163,-0.0285278978712163,-0.0285278978712163,0.0595492352872805
8.39406695268219,0,0.0167837864563465,0,8.39406695268219,0.0167837864563465,0.0167837864563465,0.0167837864563465,0.0322473662392579
6.68163411954067,0,0.0399525800720857,0,6.68163411954067,0.0399525800720857,0.0399525800720857,0.0399525800720857,0.0632642521725607
9.90977856764798,0,-0.0703516628541319,0,9.90977856764798,-0.0703516628541319,-0.0703516628541319,-0.0703516628541319,0.0190137396144176
9.567453602661,0,-0.0130573193727359,0,9.567453602661,-0.0130573193727359,-0.0130573193727359,-0.0130573193727359,0.0264340771076804
9.56764954052794,0,-0.00578932875863998,0,9.56764954052794,-0.00578932875863998,-0.00578932875863998,-0.00578932875863998,0.0288617279537588
9.58796747981615,0,0.00725905880614161,0,9.58796747981615,0.00725905880614161,0.00725905880614161,0.00725905880614161,0.0422687684348916
12.9045618909384,0,-0.020800428050844,0,12.9045618909384,-0.020800428050844,-0.020800428050844,-0.020800428050844,0.00918914559220215
9.03381024943225,0,-0.0258591277728825,0,9.03381024943225,-0.0258591277728825,-0.0258591277728825,-0.0258591277728825,0.0210013285642308
7.292171244769,0,0.0214216184583366,0,7.292171244769,0.0214216184583366,0.0214216184583366,0.0214216184583366,0.00787016036700002
10.6567948708008,0,0.0203455428827325,0,10.6567948708008,0.0203455428827325,0.0203455428827325,0.0203455428827325,0.0367174068081082
15.83958844307,0,0.0399832495665445,0,15.83958844307,0.0399832495665445,0.0399832495665445,0.0399832495665445,0.0130470310288665
17.7014293147066,0,0.0234372077444364,0,17.7014293147066,0.0234372077444364,0.0234372077444364,0.0234372077444364,0.0323786122878216
14.7585414478692,0,-0.0143222744287462,0,14.7585414478692,-0.0143222744287462,-0.0143222744287462,-0.0143222744287462,0.0637816832942033
8.7869971588466,0,0.0255650750927985,0,8.7869971588466,0.0255650750927985,0.0255650750927985,0.0255650750927985,0.0115189820321319
13.9836050997556,0,-0.0596374353307077,0,13.9836050997556,-0.0596374353307077,-0.0596374353307077,-0.0596374353307077,0.0260159424457815
11.3110693140974,0,0.00982781565554414,0,11.3110693140974,0.00982781565554414,0.00982781565554414,0.00982781565554414,0.0152975413868066
16.5519463473715,0,-0.0850116784148187,0,16.5519463473715,-0.0850116784148187,-0.0850116784148187,-0.0850116784148187,0.0449328569998866
12.3671082351961,0,0.0210231372322994,0,12.3671082351961,0.0210231372322994,0.0210231372322994,0.0210231372322994,0.0160828742749283
12.3654554745313,0,-0.0686880413546458,0,12.3654554745313,-0.0686880413546458,-0.0686880413546458,-0.0686880413546458,0.0513325050706189
19.2556223171704,0,0.0285945738844167,0,19.2556223171704,0.0285945738844167,0.0285945738844167,0.0285945738844167,0.0139726523520546
34.7312424253189,0,0.00360906084633839,0,34.7312424253189,0.00360906084633839,0.00360906084633839,0.00360906084633839,0.017575833019559
54.7209102152747,0,0.0196726221291343,0,54.7209102152747,0.0196726221291343,0.0196726221291343,0.0196726221291343,0.0109274670854921
9.37577209119586,0,-0.0166622088619275,0,9.37577209119586,-0.0166622088619275,-0.0166622088619275,-0.0166622088619275,0.0509886552324907
8.22166390729103,0,0.0200227074138689,0,8.22166390729103,0.0200227074138689,0.0200227074138689,0.0200227074138689,0.0889316774406693
6.56936523894705,0,-0.0184803687031215,0,6.56936523894705,-0.0184803687031215,-0.0184803687031215,-0.0184803687031215,0.0397871786329299
7.36539602284415,0,-0.0247872150245361,0,7.36539602284415,-0.0247872150245361,-0.0247872150245361,-0.0247872150245361,0.114121672795408
9.34902839864339,0,-0.0319037471830898,0,9.34902839864339,-0.0319037471830898,-0.0319037471830898,-0.0319037471830898,0.0353702402159913
9.64603221208774,0,-0.0448878782907022,0,9.64603221208774,-0.0448878782907022,-0.0448878782907022,-0.0448878782907022,0.060446521466018
11.1738978522498,0,-0.0430525372481022,0,11.1738978522498,-0.0430525372481022,-0.0430525372481022,-0.0430525372481022,0.0455534762468136
10.8363107906744,0,-0.028098390818107,0,10.8363107906744,-0.028098390818107,-0.028098390818107,-0.028098390818107,0.071926050301895
7.60971237336999,0,0.0425196941211018,0,7.60971237336999,0.0425196941211018,0.0425196941211018,0.0425196941211018,0.0675431227803087
13.3196226338721,0,0.00868096115699853,0,13.3196226338721,0.00868096115699853,0.00868096115699853,0.00868096115699853,0.0274058865357428
11.3171115233183,0,-0.0301299566297987,0,11.3171115233183,-0.0301299566297987,-0.0301299566297987,-0.0301299566297987,0.0549217163119364
12.491172371433,0,0.00616174807970621,0,12.491172371433,0.00616174807970621,0.00616174807970621,0.00616174807970621,0.0405245193389735
26.9159257982544,0,0.00103996356092225,0,26.9159257982544,0.00103996356092225,0.00103996356092225,0.00103996356092225,0.0289826613233299
23.3384346785706,0,0.0173424537425691,0,23.3384346785706,0.0173424537425691,0.0173424537425691,0.0173424537425691,0.0189266195413323
28.9457890893132,0,-0.0913120366455766,0,28.9457890893132,-0.0913120366455766,-0.0913120366455766,-0.0913120366455766,0.031473801407384
16.8846431378076,0,0.0592246738975235,0,16.8846431378076,0.0592246738975235,0.0592246738975235,0.0592246738975235,0.0580511049145327
134.384497197645,0,-0.0238877259081508,0,134.384497197645,-0.0238877259081508,-0.0238877259081508,-0.0238877259081508,0.0119968242583174
7.87613657515693,0,0.0413542662923309,0,7.87613657515693,0.0413542662923309,0.0413542662923309,0.0413542662923309,0.0315625132232254
6.75451986071434,0,0.0140182295143905,0,6.75451986071434,0.0140182295143905,0.0140182295143905,0.0140182295143905,0.0568066082100863
13.3632341442477,0,0.0180382677184463,0,13.3632341442477,0.0180382677184463,0.0180382677184463,0.0180382677184463,0.0615806710832505
12.1805820250532,0,0.00338467732188217,0,12.1805820250532,0.00338467732188217,0.00338467732188217,0.00338467732188217,0.0364988629906663
14.3972634987083,0,-0.0237118006498921,0,14.3972634987083,-0.0237118006498921,-0.0237118006498921,-0.0237118006498921,0.0295064854269103
14.1514365378187,0,-0.0107350800784212,0,14.1514365378187,-0.0107350800784212,-0.0107350800784212,-0.0107350800784212,0.0554744268805768
27.9381463268887,0,-0.0196646199066465,0,27.9381463268887,-0.0196646199066465,-0.0196646199066465,-0.0196646199066465,0.0266030945529787
24.4728765020316,0,-0.0883766236254439,0,24.4728765020316,-0.0883766236254439,-0.0883766236254439,-0.0883766236254439,0.0473406670453721
11.303125406956,0,0.0200076122858094,0,11.303125406956,0.0200076122858094,0.0200076122858094,0.0200076122858094,0.0675102696912362
7.48402930279067,0,0.00968988201586394,0,7.48402930279067,0.00968988201586394,0.00968988201586394,0.00968988201586394,0.0686754083472401
NA,NA,NA,NA,NA,NA,NA,NA,NA
12.0144898669671,0,-0.0304643580877798,0,12.0144898669671,-0.0304643580877798,-0.0304643580877798,-0.0304643580877798,0.0246585875375876
5.59197431763262,0,-0.0578220526680145,0,5.59197431763262,-0.0578220526680145,-0.0578220526680145,-0.0578220526680145,0.0290843221745671
7.10118523761685,0,-0.0285278978712163,0,7.10118523761685,-0.0285278978712163,-0.0285278978712163,-0.0285278978712163,0.0595492352872805
8.39406695268219,0,0.0167837864563465,0,8.39406695268219,0.0167837864563465,0.0167837864563465,0.0167837864563465,0.0322473662392579
6.68163411954067,0,0.0399525800720857,0,6.68163411954067,0.0399525800720857,0.0399525800720857,0.0399525800720857,0.0632642521725607
9.90977856764798,0,-0.0703516628541319,0,9.90977856764798,-0.0703516628541319,-0.0703516628541319,-0.0703516628541319,0.0190137396144176
9.567453602661,0,-0.0130573193727359,0,9.567453602661,-0.0130573193727359,-0.0130573193727359,-0.0130573193727359,0.0264340771076804
9.56764954052794,0,-0.00578932875863998,0,9.56764954052794,-0.00578932875863998,-0.00578932875863998,-0.00578932875863998,0.0288617279537588
9.58796747981615,0,0.00725905880614161,0,9.58796747981615,0.00725905880614161,0.00725905880614161,0.00725905880614161,0.0422687684348916
12.9045618909384,0,-0.020800428050844,0,12.9045618909384,-0.020800428050844,-0.020800428050844,-0.020800428050844,0.00918914559220215
9.03381024943225,0,-0.0258591277728825,0,9.03381024943225,-0.0258591277728825,-0.0258591277728825,-0.0258591277728825,0.0210013285642308
7.292171244769,0,0.0214216184583366,0,7.292171244769,0.0214216184583366,0.0214216184583366,0.0214216184583366,0.00787016036700002
10.6567948708008,0,0.0203455428827325,0,10.6567948708008,0.0203455428827325,0.0203455428827325,0.0203455428827325,0.0367174068081082
15.83958844307,0,0.0399832495665445,0,15.83958844307,0.0399832495665445,0.0399832495665445,0.0399832495665445,0.0130470310288665
17.7014293147066,0,0.0234372077444364,0,17.7014293147066,0.0234372077444364,0.0234372077444364,0.0234372077444364,0.0323786122878216
14.7585414478692,0,-0.0143222744287462,0,14.7585414478692,-0.0143222744287462,-0.0143222744287462,-0.0143222744287462,0.0637816832942033
8.7869971588466,0,0.0255650750927985,0,8.7869971588466,0.0255650750927985,0.0255650750927985,0.0255650750927985,0.0115189820321319
13.9836050997556,0,-0.0596374353307077,0,13.9836050997556,-0.0596374353307077,-0.0596374353307077,-0.0596374353307077,0.0260159424457815
11.3110693140974,0,0.00982781565554414,0,11.3110693140974,0.00982781565554414,0.00982781565554414,0.00982781565554414,0.0152975413868066
16.5519463473715,0,-0.0850116784148187,0,16.5519463473715,-0.0850116784148187,-0.0850116784148187,-0.0850116784148187,0.0449328569998866
12.3671082351961,0,0.0210231372322994,0,12.3671082351961,0.0210231372322994,0.0210231372322994,0.0210231372322994,0.0160828742749283
12.3654554745313,0,-0.0686880413546458,0,12.3654554745313,-0.0686880413546458,-0.0686880413546458,-0.0686880413546458,0.0513325050706189
19.2556223171704,0,0.0285945738844167,0,19.2556223171704,0.0285945738844167,0.0285945738844167,0.0285945738844167,0.0139726523520546
34.7312424253189,0,0.00360906084633839,0,34.7312424253189,0.00360906084633839,0.00360906084633839,0.00360906084633839,0.017575833019559
54.7209102152747,0,0.0196726221291343,0,54.7209102152747,0.0196726221291343,0.0196726221291343,0.0196726221291343,0.0109274670854921
9.37577209119586,0,-0.0166622088619275,0,9.37577209119586,-0.0166622088619275,-0.0166622088619275,-0.0166622088619275,0.0509886552324907
8.22166390729103,0,0.0200227074138689,0,8.22166390729103,0.0200227074138689,0.0200227074138689,0.0200227074138689,0.0889316774406693
6.56936523894705,0,-0.0184803687031215,0,6.56936523894705,-0.0184803687031215,-0.0184803687031215,-0.0184803687031215,0.0397871786329299
7.36539602284415,0,-0.0247872150245361,0,7.36539602284415,-0.0247872150245361,-0.0247872150245361,-0.0247872150245361,0.114121672795408
9.34902839864339,0,-0.0319037471830898,0,9.34902839864339,-0.0319037471830898,-0.0319037471830898,-0.0319037471830898,0.0353702402159913
9.64603221208774,0,-0.0448878782907022,0,9.64603221208774,-0.0448878782907022,-0.0448878782907022,-0.0448878782907022,0.060446521466018
11.1738978522498,0,-0.0430525372481022,0,11.1738978522498,-0.0430525372481022,-0.0430525372481022,-0.0430525372481022,0.0455534762468136
10.8363107906744,0,-0.028098390818107,0,10.8363107906744,-0.028098390818107,-0.028098390818107,-0.028098390818107,0.071926050301895
7.60971237336999,0,0.0425196941211018,0,7.60971237336999,0.0425196941211018,0.0425196941211018,0.0425196941211018,0.0675431227803087
13.3196226338721,0,0.00868096115699853,0,13.3196226338721,0.00868096115699853,0.00868096115699853,0.00868096115699853,0.0274058865357428
11.3171115233183,0,-0.0301299566297987,0,11.3171115233183,-0.0301299566297987,-0.0301299566297987,-0.0301299566297987,0.0549217163119364
12.491172371433,0,0.00616174807970621,0,12.491172371433,0.00616174807970621,0.00616174807970621,0.00616174807970621,0.0405245193389735
26.9159257982544,0,0.00103996356092225,0,26.9159257982544,0.00103996356092225,0.00103996356092225,0.00103996356092225,0.0289826613233299
23.3384346785706,0,0.0173424537425691,0,23.3384346785706,0.0173424537425691,0.0173424537425691,0.0173424537425691,0.0189266195413323
28.9457890893132,0,-0.0913120366455766,0,28.9457890893132,-0.0913120366455766,-0.0913120366455766,-0.0913120366455766,0.031473801407384
16.8846431378076,0,0.0592246738975235,0,16.8846431378076,0.0592246738975235,0.0592246738975235,0.0592246738975235,0.0580511049145327
134.384497197645,0,-0.0238877259081508,0,134.384497197645,-0.0238877259081508,-0.0238877259081508,-0.0238877259081508,0.0119968242583174
7.87613657515693,0,0.0413542662923309,0,7.87613657515693,0.0413542662923309,0.0413542662923309,0.0413542662923309,0.0315625132232254
6.75451986071434,0,0.0140182295143905,0,6.75451986071434,0.0140182295143905,0.0140182295143905,0.0140182295143905,0.0568066082100863
13.3632341442477,0,0.0180382677184463,0,13.3632341442477,0.0180382677184463,0.0180382677184463,0.0180382677184463,0.0615806710832505
12.1805820250532,0,0.00338467732188217,0,12.1805820250532,0.00338467732188217,0.00338467732188217,0.00338467732188217,0.0364988629906663
14.3972634987083,0,-0.0237118006498921,0,14.3972634987083,-0.0237118006498921,-0.0237118006498921,-0.0237118006498921,0.0295064854269103
14.1514365378187,0,-0.0107350800784212,0,14.1514365378187,-0.0107350800784212,-0.0107350800784212,-0.0107350800784212,0.0554744268805768
27.9381463268887,0,-0.0196646199066465,0,27.9381463268887,-0.0196646199066465,-0.0196646199066465,-0.0196646199066465,0.0266030945529787
24.4728765020316,0,-0.0883766236254439,0,24.4728765020316,-0.0883766236254439,-0.0883766236254439,-0.0883766236254439,0.0473406670453721
11.303125406956,0,0.0200076122858094,0,11.303125406956,0.0200076122858094,0.0200076122858094,0.0200076122858094,0.0675102696912362
7.48402930279067,0,0.00968988201586394,0,7.48402930279067,0.00968988201586394,0.00968988201586394,0.00968988201586394,0.0686754083472401
NA,NA,NA,NA,NA,NA,NA,NA,NA
12.0144898669671,0,-0.0304643580877798,0,12.0144898669671,-0.0304643580877798,-0.0304643580877798,-0.0304643580877798,0.0246585875375876
5.59197431763262,0,-0.0578220526680145,0,5.59197431763262,-0.0578220526680145,-0.0578220526680145,-0.0578220526680145,0.0290843221745671
7.10118523761685,0,-0.0285278978712163,0,7.10118523761685,-0.0285278978712163,-0.0285278978712163,-0.0285278978712163,0.0595492352872805
8.39406695268219,0,0.0167837864563465,0,8.39406695268219,0.0167837864563465,0.0167837864563465,0.0167837864563465,0.0322473662392579
6.68163411954067,0,0.0399525800720857,0,6.68163411954067,0.0399525800720857,0.0399525800720857,0.0399525800720857,0.0632642521725607
9.90977856764798,0,-0.0703516628541319,0,9.90977856764798,-0.0703516628541319,-0.0703516628541319,-0.0703516628541319,0.0190137396144176
9.567453602661,0,-0.0130573193727359,0,9.567453602661,-0.0130573193727359,-0.0130573193727359,-0.0130573193727359,0.0264340771076804
9.56764954052794,0,-0.00578932875863998,0,9.56764954052794,-0.00578932875863998,-0.00578932875863998,-0.00578932875863998,0.0288617279537588
9.58796747981615,0,0.00725905880614161,0,9.58796747981615,0.00725905880614161,0.00725905880614161,0.00725905880614161,0.0422687684348916
12.9045618909384,0,-0.020800428050844,0,12.9045618909384,-0.020800428050844,-0.020800428050844,-0.020800428050844,0.00918914559220215
9.03381024943225,0,-0.0258591277728825,0,9.03381024943225,-0.0258591277728825,-0.0258591277728825,-0.0258591277728825,0.0210013285642308
7.292171244769,0,0.0214216184583366,0,7.292171244769,0.0214216184583366,0.0214216184583366,0.0214216184583366,0.00787016036700002
10.6567948708008,0,0.0203455428827325,0,10.6567948708008,0.0203455428827325,0.0203455428827325,0.0203455428827325,0.0367174068081082
15.83958844307,0,0.0399832495665445,0,15.83958844307,0.0399832495665445,0.0399832495665445,0.0399832495665445,0.0130470310288665
17.7014293147066,0,0.0234372077444364,0,17.7014293147066,0.0234372077444364,0.0234372077444364,0.0234372077444364,0.0323786122878216
14.7585414478692,0,-0.0143222744287462,0,14.7585414478692,-0.0143222744287462,-0.0143222744287462,-0.0143222744287462,0.0637816832942033
8.7869971588466,0,0.0255650750927985,0,8.7869971588466,0.0255650750927985,0.0255650750927985,0.0255650750927985,0.0115189820321319
13.9836050997556,0,-0.0596374353307077,0,13.9836050997556,-0.0596374353307077,-0.0596374353307077,-0.0596374353307077,0.0260159424457815
11.3110693140974,0,0.00982781565554414,0,11.3110693140974,0.00982781565554414,0.00982781565554414,0.00982781565554414,0.0152975413868066
16.5519463473715,0,-0.0850116784148187,0,16.5519463473715,-0.0850116784148187,-0.0850116784148187,-0.0850116784148187,0.0449328569998866
12.3671082351961,0,0.0210231372322994,0,12.3671082351961,0.0210231372322994,0.0210231372322994,0.0210231372322994,0.0160828742749283
12.3654554745313,0,-0.0686880413546458,0,12.3654554745313,-0.0686880413546458,-0.0686880413546458,-0.0686880413546458,0.0513325050706189
19.2556223171704,0,0.0285945738844167,0,19.2556223171704,0.0285945738844167,0.0285945738844167,0.0285945738844167,0.0139726523520546
34.7312424253189,0,0.00360906084633839,0,34.7312424253189,0.00360906084633839,0.00360906084633839,0.00360906084633839,0.017575833019559
54.7209102152747,0,0.0196726221291343,0,54.7209102152747,0.0196726221291343,0.0196726221291343,0.0196726221291343,0.0109274670854921
9.37577209119586,0,-0.0166622088619275,0,9.37577209119586,-0.0166622088619275,-0.0166622088619275,-0.0166622088619275,0.0509886552324907
8.22166390729103,0,0.0200227074138689,0,8.22166390729103,0.0200227074138689,0.0200227074138689,0.0200227074138689,0.0889316774406693
6.56936523894705,0,-0.0184803687031215,0,6.56936523894705,-0.0184803687031215,-0.0184803687031215,-0.0184803687031215,0.0397871786329299
7.36539602284415,0,-0.0247872150245361,0,7.36539602284415,-0.0247872150245361,-0.0247872150245361,-0.0247872150245361,0.114121672795408
9.34902839864339,0,-0.0319037471830898,0,9.34902839864339,-0.0319037471830898,-0.0319037471830898,-0.0319037471830898,0.0353702402159913
9.64603221208774,0,-0.0448878782907022,0,9.64603221208774,-0.0448878782907022,-0.0448878782907022,-0.0448878782907022,0.060446521466018
11.1738978522498,0,-0.0430525372481022,0,11.1738978522498,-0.0430525372481022,-0.0430525372481022,-0.0430525372481022,0.0455534762468136
10.8363107906744,0,-0.028098390818107,0,10.8363107906744,-0.028098390818107,-0.028098390818107,-0.028098390818107,0.071926050301895
7.60971237336999,0,0.0425196941211018,0,7.60971237336999,0.0425196941211018,0.0425196941211018,0.0425196941211018,0.0675431227803087
13.3196226338721,0,0.00868096115699853,0,13.3196226338721,0.00868096115699853,0.00868096115699853,0.00868096115699853,0.0274058865357428
11.3171115233183,0,-0.0301299566297987,0,11.3171115233183,-0.0301299566297987,-0.0301299566297987,-0.0301299566297987,0.0549217163119364
12.491172371433,0,0.00616174807970621,0,12.491172371433,0.00616174807970621,0.00616174807970621,0.00616174807970621,0.0405245193389735
26.9159257982544,0,0.00103996356092225,0,26.9159257982544,0.00103996356092225,0.00103996356092225,0.00103996356092225,0.0289826613233299
23.3384346785706,0,0.0173424537425691,0,23.3384346785706,0.0173424537425691,0.0173424537425691,0.0173424537425691,0.0189266195413323
28.9457890893132,0,-0.0913120366455766,0,28.9457890893132,-0.0913120366455766,-0.0913120366455766,-0.0913120366455766,0.031473801407384
16.8846431378076,0,0.0592246738975235,0,16.8846431378076,0.0592246738975235,0.0592246738975235,0.0592246738975235,0.0580511049145327
134.384497197645,0,-0.0238877259081508,0,134.384497197645,-0.0238877259081508,-0.0238877259081508,-0.0238877259081508,0.0119968242583174
7.87613657515693,0,0.0413542662923309,0,7.87613657515693,0.0413542662923309,0.0413542662923309,0.0413542662923309,0.0315625132232254
6.75451986071434,0,0.0140182295143905,0,6.75451986071434,0.0140182295143905,0.0140182295143905,0.0140182295143905,0.0568066082100863
13.3632341442477,0,0.0180382677184463,0,13.3632341442477,0.0180382677184463,0.0180382677184463,0.0180382677184463,0.0615806710832505
12.1805820250532,0,0.00338467732188217,0,12.1805820250532,0.00338467732188217,0.00338467732188217,0.00338467732188217,0.0364988629906663
14.3972634987083,0,-0.0237118006498921,0,14.3972634987083,-0.0237118006498921,-0.0237118006498921,-0.0237118006498921,0.0295064854269103
14.1514365378187,0,-0.0107350800784212,0,14.1514365378187,-0.0107350800784212,-0.0107350800784212,-0.0107350800784212,0.0554744268805768
27.9381463268887,0,-0.0196646199066465,0,27.9381463268887,-0.0196646199066465,-0.0196646199066465,-0.0196646199066465,0.0266030945529787
24.4728765020316,0,-0.0883766236254439,0,24.4728765020316,-0.0883766236254439,-0.0883766236254439,-0.0883766236254439,0.0473406670453721
11.303125406956,0,0.0200076122858094,0,11.303125406956,0.0200076122858094,0.0200076122858094,0.0200076122858094,0.0675102696912362
7.48402930279067,0,0.00968988201586394,0,7.48402930279067,0.00968988201586394,0.00968988201586394,0.00968988201586394,0.0686754083472401
NA,NA,NA,NA,NA,NA,NA,NA,NA
12.0144898669671,0,-0.0304643580877798,0,12.0144898669671,-0.0304643580877798,-0.0304643580877798,-0.0304643580877798,0.0246585875375876
5.59197431763262,0,-0.0578220526680145,0,5.59197431763262,-0.0578220526680145,-0.0578220526680145,-0.0578220526680145,0.0290843221745671
7.10118523761685,0,-0.0285278978712163,0,7.10118523761685,-0.0285278978712163,-0.0285278978712163,-0.0285278978712163,0.0595492352872805
8.39406695268219,0,0.0167837864563465,0,8.39406695268219,0.0167837864563465,0.0167837864563465,0.0167837864563465,0.0322473662392579
6.68163411954067,0,0.0399525800720857,0,6.68163411954067,0.0399525800720857,0.0399525800720857,0.0399525800720857,0.0632642521725607
9.90977856764798,0,-0.0703516628541319,0,9.90977856764798,-0.0703516628541319,-0.0703516628541319,-0.0703516628541319,0.0190137396144176
9.567453602661,0,-0.0130573193727359,0,9.567453602661,-0.0130573193727359,-0.0130573193727359,-0.0130573193727359,0.0264340771076804
9.56764954052794,0,-0.00578932875863998,0,9.56764954052794,-0.00578932875863998,-0.00578932875863998,-0.00578932875863998,0.0288617279537588
9.58796747981615,0,0.00725905880614161,0,9.58796747981615,0.00725905880614161,0.00725905880614161,0.00725905880614161,0.0422687684348916
12.9045618909384,0,-0.020800428050844,0,12.9045618909384,-0.020800428050844,-0.020800428050844,-0.020800428050844,0.00918914559220215
9.03381024943225,0,-0.0258591277728825,0,9.03381024943225,-0.0258591277728825,-0.0258591277728825,-0.0258591277728825,0.0210013285642308
7.292171244769,0,0.0214216184583366,0,7.292171244769,0.0214216184583366,0.0214216184583366,0.0214216184583366,0.00787016036700002
10.6567948708008,0,0.0203455428827325,0,10.6567948708008,0.0203455428827325,0.0203455428827325,0.0203455428827325,0.0367174068081082
15.83958844307,0,0.0399832495665445,0,15.83958844307,0.0399832495665445,0.0399832495665445,0.0399832495665445,0.0130470310288665
17.7014293147066,0,0.0234372077444364,0,17.7014293147066,0.0234372077444364,0.0234372077444364,0.0234372077444364,0.0323786122878216
14.7585414478692,0,-0.0143222744287462,0,14.7585414478692,-0.0143222744287462,-0.0143222744287462,-0.0143222744287462,0.0637816832942033
8.7869971588466,0,0.0255650750927985,0,8.7869971588466,0.0255650750927985,0.0255650750927985,0.0255650750927985,0.0115189820321319
13.9836050997556,0,-0.0596374353307077,0,13.9836050997556,-0.0596374353307077,-0.0596374353307077,-0.0596374353307077,0.0260159424457815
11.3110693140974,0,0.00982781565554414,0,11.3110693140974,0.00982781565554414,0.00982781565554414,0.00982781565554414,0.0152975413868066
16.5519463473715,0,-0.0850116784148187,0,16.5519463473715,-0.0850116784148187,-0.0850116784148187,-0.0850116784148187,0.0449328569998866
12.3671082351961,0,0.0210231372322994,0,12.3671082351961,0.0210231372322994,0.0210231372322994,0.0210231372322994,0.0160828742749283
12.3654554745313,0,-0.0686880413546458,0,12.3654554745313,-0.0686880413546458,-0.0686880413546458,-0.0686880413546458,0.0513325050706189
19.2556223171704,0,0.0285945738844167,0,19.2556223171704,0.0285945738844167,0.0285945738844167,0.0285945738844167,0.0139726523520546
34.7312424253189,0,0.00360906084633839,0,34.7312424253189,0.00360906084633839,0.00360906084633839,0.00360906084633839,0.017575833019559
54.7209102152747,0,0.0196726221291343,0,54.7209102152747,0.0196726221291343,0.0196726221291343,0.0196726221291343,0.0109274670854921
9.37577209119586,0,-0.0166622088619275,0,9.37577209119586,-0.0166622088619275,-0.0166622088619275,-0.0166622088619275,0.0509886552324907
8.22166390729103,0,0.0200227074138689,0,8.22166390729103,0.0200227074138689,0.0200227074138689,0.0200227074138689,0.0889316774406693
6.56936523894705,0,-0.0184803687031215,0,6.56936523894705,-0.0184803687031215,-0.0184803687031215,-0.0184803687031215,0.0397871786329299
7.36539602284415,0,-0.0247872150245361,0,7.36539602284415,-0.0247872150245361,-0.0247872150245361,-0.0247872150245361,0.114121672795408
9.34902839864339,0,-0.0319037471830898,0,9.34902839864339,-0.0319037471830898,-0.0319037471830898,-0.0319037471830898,0.0353702402159913
9.64603221208774,0,-0.0448878782907022,0,9.64603221208774,-0.0448878782907022,-0.0448878782907022,-0.0448878782907022,0.060446521466018
11.1738978522498,0,-0.0430525372481022,0,11.1738978522498,-0.0430525372481022,-0.0430525372481022,-0.0430525372481022,0.0455534762468136
10.8363107906744,0,-0.028098390818107,0,10.8363107906744,-0.028098390818107,-0.028098390818107,-0.028098390818107,0.071926050301895
7.60971237336999,0,0.0425196941211018,0,7.60971237336999,0.0425196941211018,0.0425196941211018,0.0425196941211018,0.0675431227803087
13.3196226338721,0,0.00868096115699853,0,13.3196226338721,0.00868096115699853,0.00868096115699853,0.00868096115699853,0.0274058865357428
11.3171115233183,0,-0.0301299566297987,0,11.3171115233183,-0.0301299566297987,-0.0301299566297987,-0.0301299566297987,0.0549217163119364
12.491172371433,0,0.00616174807970621,0,12.491172371433,0.00616174807970621,0.00616174807970621,0.00616174807970621,0.0405245193389735
26.9159257982544,0,0.00103996356092225,0,26.9159257982544,0.00103996356092225,0.00103996356092225,0.00103996356092225,0.0289826613233299
23.3384346785706,0,0.0173424537425691,0,23.3384346785706,0.0173424537425691,0.0173424537425691,0.0173424537425691,0.0189266195413323
28.9457890893132,0,-0.0913120366455766,0,28.9457890893132,-0.0913120366455766,-0.0913120366455766,-0.0913120366455766,0.031473801407384
16.8846431378076,0,0.0592246738975235,0,16.8846431378076,0.0592246738975235,0.0592246738975235,0.0592246738975235,0.0580511049145327
134.384497197645,0,-0.0238877259081508,0,134.384497197645,-0.0238877259081508,-0.0238877259081508,-0.0238877259081508,0.0119968242583174
7.87613657515693,0,0.0413542662923309,0,7.87613657515693,0.0413542662923309,0.0413542662923309,0.0413542662923309,0.0315625132232254
6.75451986071434,0,0.0140182295143905,0,6.75451986071434,0.0140182295143905,0.0140182295143905,0.0140182295143905,0.0568066082100863
13.3632341442477,0,0.0180382677184463,0,13.3632341442477,0.0180382677184463,0.0180382677184463,0.0180382677184463,0.0615806710832505
12.1805820250532,0,0.00338467732188217,0,12.1805820250532,0.00338467732188217,0.00338467732188217,0.00338467732188217,0.0364988629906663
14.3972634987083,0,-0.0237118006498921,0,14.3972634987083,-0.0237118006498921,-0.0237118006498921,-0.0237118006498921,0.0295064854269103
14.1514365378187,0,-0.0107350800784212,0,14.1514365378187,-0.0107350800784212,-0.0107350800784212,-0.0107350800784212,0.0554744268805768
27.9381463268887,0,-0.0196646199066465,0,27.9381463268887,-0.0196646199066465,-0.0196646199066465,-0.0196646199066465,0.0266030945529787
24.4728765020316,0,-0.0883766236254439,0,24.4728765020316,-0.0883766236254439,-0.0883766236254439,-0.0883766236254439,0.0473406670453721
11.303125406956,0,0.0200076122858094,0,11.303125406956,0.0200076122858094,0.0200076122858094,0.0200076122858094,0.0675102696912362
7.48402930279067,0,0.00968988201586394,0,7.48402930279067,0.00968988201586394,0.00968988201586394,0.00968988201586394,0.0686754083472401
NA,NA,NA,NA,NA,NA,NA,NA,NA
12.0144898669671,0,-0.0304643580877798,0,12.0144898669671,-0.0304643580877798,-0.0304643580877798,-0.0304643580877798,0.0246585875375876
5.59197431763262,0,-0.0578220526680145,0,5.59197431763262,-0.0578220526680145,-0.0578220526680145,-0.0578220526680145,0.0290843221745671
7.10118523761685,0,-0.0285278978712163,0,7.10118523761685,-0.0285278978712163,-0.0285278978712163,-0.0285278978712163,0.0595492352872805
8.39406695268219,0,0.0167837864563465,0,8.39406695268219,0.0167837864563465,0.0167837864563465,0.0167837864563465,0.0322473662392579
6.68163411954067,0,0.0399525800720857,0,6.68163411954067,0.0399525800720857,0.0399525800720857,0.0399525800720857,0.0632642521725607
9.90977856764798,0,-0.0703516628541319,0,9.90977856764798,-0.0703516628541319,-0.0703516628541319,-0.0703516628541319,0.0190137396144176
9.567453602661,0,-0.0130573193727359,0,9.567453602661,-0.0130573193727359,-0.0130573193727359,-0.0130573193727359,0.0264340771076804
9.56764954052794,0,-0.00578932875863998,0,9.56764954052794,-0.00578932875863998,-0.00578932875863998,-0.00578932875863998,0.0288617279537588
9.58796747981615,0,0.00725905880614161,0,9.58796747981615,0.00725905880614161,0.00725905880614161,0.00725905880614161,0.0422687684348916
12.9045618909384,0,-0.020800428050844,0,12.9045618909384,-0.020800428050844,-0.020800428050844,-0.020800428050844,0.00918914559220215
9.03381024943225,0,-0.0258591277728825,0,9.03381024943225,-0.0258591277728825,-0.0258591277728825,-0.0258591277728825,0.0210013285642308
7.292171244769,0,0.0214216184583366,0,7.292171244769,0.0214216184583366,0.0214216184583366,0.0214216184583366,0.00787016036700002
10.6567948708008,0,0.0203455428827325,0,10.6567948708008,0.0203455428827325,0.0203455428827325,0.0203455428827325,0.0367174068081082
15.83958844307,0,0.0399832495665445,0,15.83958844307,0.0399832495665445,0.0399832495665445,0.0399832495665445,0.0130470310288665
17.7014293147066,0,0.0234372077444364,0,17.7014293147066,0.0234372077444364,0.0234372077444364,0.0234372077444364,0.0323786122878216
14.7585414478692,0,-0.0143222744287462,0,14.7585414478692,-0.0143222744287462,-0.0143222744287462,-0.0143222744287462,0.0637816832942033
8.7869971588466,0,0.0255650750927985,0,8.7869971588466,0.0255650750927985,0.0255650750927985,0.0255650750927985,0.0115189820321319
13.9836050997556,0,-0.0596374353307077,0,13.9836050997556,-0.0596374353307077,-0.0596374353307077,-0.0596374353307077,0.0260159424457815
11.3110693140974,0,0.00982781565554414,0,11.3110693140974,0.00982781565554414,0.00982781565554414,0.00982781565554414,0.0152975413868066
16.5519463473715,0,-0.0850116784148187,0,16.5519463473715,-0.0850116784148187,-0.0850116784148187,-0.0850116784148187,0.0449328569998866
12.3671082351961,0,0.0210231372322994,0,12.3671082351961,0.0210231372322994,0.0210231372322994,0.0210231372322994,0.0160828742749283
12.3654554745313,0,-0.0686880413546458,0,12.3654554745313,-0.0686880413546458,-0.0686880413546458,-0.0686880413546458,0.0513325050706189
19.2556223171704,0,0.0285945738844167,0,19.2556223171704,0.0285945738844167,0.0285945738844167,0.0285945738844167,0.0139726523520546
34.7312424253189,0,0.00360906084633839,0,34.7312424253189,0.00360906084633839,0.00360906084633839,0.00360906084633839,0.017575833019559
54.7209102152747,0,0.0196726221291343,0,54.7209102152747,0.0196726221291343,0.0196726221291343,0.0196726221291343,0.0109274670854921
9.37577209119586,0,-0.0166622088619275,0,9.37577209119586,-0.0166622088619275,-0.0166622088619275,-0.0166622088619275,0.0509886552324907
8.22166390729103,0,0.0200227074138689,0,8.22166390729103,0.0200227074138689,0.0200227074138689,0.0200227074138689,0.0889316774406693
6.56936523894705,0,-0.0184803687031215,0,6.56936523894705,-0.0184803687031215,-0.0184803687031215,-0.0184803687031215,0.0397871786329299
7.36539602284415,0,-0.0247872150245361,0,7.36539602284415,-0.0247872150245361,-0.0247872150245361,-0.0247872150245361,0.114121672795408
9.34902839864339,0,-0.0319037471830898,0,9.34902839864339,-0.0319037471830898,-0.0319037471830898,-0.0319037471830898,0.0353702402159913
9.64603221208774,0,-0.0448878782907022,0,9.64603221208774,-0.0448878782907022,-0.0448878782907022,-0.0448878782907022,0.060446521466018
11.1738978522498,0,-0.0430525372481022,0,11.1738978522498,-0.0430525372481022,-0.0430525372481022,-0.0430525372481022,0.0455534762468136
10.8363107906744,0,-0.028098390818107,0,10.8363107906744,-0.028098390818107,-0.028098390818107,-0.028098390818107,0.071926050301895
7.60971237336999,0,0.0425196941211018,0,7.60971237336999,0.0425196941211018,0.0425196941211018,0.0425196941211018,0.0675431227803087
13.3196226338721,0,0.00868096115699853,0,13.3196226338721,0.00868096115699853,0.00868096115699853,0.00868096115699853,0.0274058865357428
11.3171115233183,0,-0.0301299566297987,0,11.3171115233183,-0.0301299566297987,-0.0301299566297987,-0.0301299566297987,0.0549217163119364
12.491172371433,0,0.00616174807970621,0,12.491172371433,0.00616174807970621,0.00616174807970621,0.00616174807970621,0.0405245193389735
26.9159257982544,0,0.00103996356092225,0,26.9159257982544,0.00103996356092225,0.00103996356092225,0.00103996356092225,0.0289826613233299
23.3384346785706,0,0.0173424537425691,0,23.3384346785706,0.0173424537425691,0.0173424537425691,0.0173424537425691,0.0189266195413323
28.9457890893132,0,-0.0913120366455766,0,28.9457890893132,-0.0913120366455766,-0.0913120366455766,-0.0913120366455766,0.031473801407384
16.8846431378076,0,0.0592246738975235,0,16.8846431378076,0.0592246738975235,0.0592246738975235,0.0592246738975235,0.0580511049145327
134.384497197645,0,-0.0238877259081508,0,134.384497197645,-0.0238877259081508,-0.0238877259081508,-0.0238877259081508,0.0119968242583174
7.87613657515693,0,0.0413542662923309,0,7.87613657515693,0.0413542662923309,0.0413542662923309,0.0413542662923309,0.0315625132232254
6.75451986071434,0,0.0140182295143905,0,6.75451986071434,0.0140182295143905,0.0140182295143905,0.0140182295143905,0.0568066082100863
13.3632341442477,0,0.0180382677184463,0,13.3632341442477,0.0180382677184463,0.0180382677184463,0.0180382677184463,0.0615806710832505
12.1805820250532,0,0.00338467732188217,0,12.1805820250532,0.00338467732188217,0.00338467732188217,0.00338467732188217,0.0364988629906663
14.3972634987083,0,-0.0237118006498921,0,14.3972634987083,-0.0237118006498921,-0.0237118006498921,-0.0237118006498921,0.0295064854269103
14.1514365378187,0,-0.0107350800784212,0,14.1514365378187,-0.0107350800784212,-0.0107350800784212,-0.0107350800784212,0.0554744268805768
27.9381463268887,0,-0.0196646199066465,0,27.9381463268887,-0.0196646199066465,-0.0196646199066465,-0.0196646199066465,0.0266030945529787
24.4728765020316,0,-0.0883766236254439,0,24.4728765020316,-0.0883766236254439,-0.0883766236254439,-0.0883766236254439,0.0473406670453721
11.303125406956,0,0.0200076122858094,0,11.303125406956,0.0200076122858094,0.0200076122858094,0.0200076122858094,0.0675102696912362
7.48402930279067,0,0.00968988201586394,0,7.48402930279067,0.00968988201586394,0.00968988201586394,0.00968988201586394,0.0686754083472401
NA,NA,NA,NA,NA,NA,NA,NA,NA
12.0144898669671,0,-0.0304643580877798,0,12.0144898669671,-0.0304643580877798,-0.0304643580877798,-0.0304643580877798,0.0246585875375876
5.59197431763262,0,-0.0578220526680145,0,5.59197431763262,-0.0578220526680145,-0.0578220526680145,-0.0578220526680145,0.0290843221745671
7.10118523761685,0,-0.0285278978712163,0,7.10118523761685,-0.0285278978712163,-0.0285278978712163,-0.0285278978712163,0.0595492352872805
8.39406695268219,0,0.0167837864563465,0,8.39406695268219,0.0167837864563465,0.0167837864563465,0.0167837864563465,0.0322473662392579
6.68163411954067,0,0.0399525800720857,0,6.68163411954067,0.0399525800720857,0.0399525800720857,0.0399525800720857,0.0632642521725607
9.90977856764798,0,-0.0703516628541319,0,9.90977856764798,-0.0703516628541319,-0.0703516628541319,-0.0703516628541319,0.0190137396144176
9.567453602661,0,-0.0130573193727359,0,9.567453602661,-0.0130573193727359,-0.0130573193727359,-0.0130573193727359,0.0264340771076804
9.56764954052794,0,-0.00578932875863998,0,9.56764954052794,-0.00578932875863998,-0.00578932875863998,-0.00578932875863998,0.0288617279537588
9.58796747981615,0,0.00725905880614161,0,9.58796747981615,0.00725905880614161,0.00725905880614161,0.00725905880614161,0.0422687684348916
12.9045618909384,0,-0.020800428050844,0,12.9045618909384,-0.020800428050844,-0.020800428050844,-0.020800428050844,0.00918914559220215
9.03381024943225,0,-0.0258591277728825,0,9.03381024943225,-0.0258591277728825,-0.0258591277728825,-0.0258591277728825,0.0210013285642308
7.292171244769,0,0.0214216184583366,0,7.292171244769,0.0214216184583366,0.0214216184583366,0.0214216184583366,0.00787016036700002
10.6567948708008,0,0.0203455428827325,0,10.6567948708008,0.0203455428827325,0.0203455428827325,0.0203455428827325,0.0367174068081082
15.83958844307,0,0.0399832495665445,0,15.83958844307,0.0399832495665445,0.0399832495665445,0.0399832495665445,0.0130470310288665
17.7014293147066,0,0.0234372077444364,0,17.7014293147066,0.0234372077444364,0.0234372077444364,0.0234372077444364,0.0323786122878216
14.7585414478692,0,-0.0143222744287462,0,14.7585414478692,-0.0143222744287462,-0.0143222744287462,-0.0143222744287462,0.0637816832942033
8.7869971588466,0,0.0255650750927985,0,8.7869971588466,0.0255650750927985,0.0255650750927985,0.0255650750927985,0.0115189820321319
13.9836050997556,0,-0.0596374353307077,0,13.9836050997556,-0.0596374353307077,-0.0596374353307077,-0.0596374353307077,0.0260159424457815
11.3110693140974,0,0.00982781565554414,0,11.3110693140974,0.00982781565554414,0.00982781565554414,0.00982781565554414,0.0152975413868066
16.5519463473715,0,-0.0850116784148187,0,16.5519463473715,-0.0850116784148187,-0.0850116784148187,-0.0850116784148187,0.0449328569998866
12.3671082351961,0,0.0210231372322994,0,12.3671082351961,0.0210231372322994,0.0210231372322994,0.0210231372322994,0.0160828742749283
12.3654554745313,0,-0.0686880413546458,0,12.3654554745313,-0.0686880413546458,-0.0686880413546458,-0.0686880413546458,0.0513325050706189
19.2556223171704,0,0.0285945738844167,0,19.2556223171704,0.0285945738844167,0.0285945738844167,0.0285945738844167,0.0139726523520546
34.7312424253189,0,0.00360906084633839,0,34.7312424253189,0.00360906084633839,0.00360906084633839,0.00360906084633839,0.017575833019559
54.7209102152747,0,0.0196726221291343,0,54.7209102152747,0.0196726221291343,0.0196726221291343,0.0196726221291343,0.0109274670854921
9.37577209119586,0,-0.0166622088619275,0,9.37577209119586,-0.0166622088619275,-0.0166622088619275,-0.0166622088619275,0.0509886552324907
8.22166390729103,0,0.0200227074138689,0,8.22166390729103,0.0200227074138689,0.0200227074138689,0.0200227074138689,0.0889316774406693
6.56936523894705,0,-0.0184803687031215,0,6.56936523894705,-0.0184803687031215,-0.0184803687031215,-0.0184803687031215,0.0397871786329299
7.36539602284415,0,-0.0247872150245361,0,7.36539602284415,-0.0247872150245361,-0.0247872150245361,-0.0247872150245361,0.114121672795408
9.34902839864339,0,-0.0319037471830898,0,9.34902839864339,-0.0319037471830898,-0.0319037471830898,-0.0319037471830898,0.0353702402159913
9.64603221208774,0,-0.0448878782907022,0,9.64603221208774,-0.0448878782907022,-0.0448878782907022,-0.0448878782907022,0.060446521466018
11.1738978522498,0,-0.0430525372481022,0,11.1738978522498,-0.0430525372481022,-0.0430525372481022,-0.0430525372481022,0.0455534762468136
10.8363107906744,0,-0.028098390818107,0,10.8363107906744,-0.028098390818107,-0.028098390818107,-0.028098390818107,0.071926050301895
7.60971237336999,0,0.0425196941211018,0,7.60971237336999,0.0425196941211018,0.0425196941211018,0.0425196941211018,0.0675431227803087
13.3196226338721,0,0.00868096115699853,0,13.3196226338721,0.00868096115699853,0.00868096115699853,0.00868096115699853,0.0274058865357428
11.3171115233183,0,-0.0301299566297987,0,11.3171115233183,-0.0301299566297987,-0.0301299566297987,-0.0301299566297987,0.0549217163119364
12.491172371433,0,0.00616174807970621,0,12.491172371433,0.00616174807970621,0.00616174807970621,0.00616174807970621,0.0405245193389735
26.9159257982544,0,0.00103996356092225,0,26.9159257982544,0.00103996356092225,0.00103996356092225,0.00103996356092225,0.0289826613233299
23.3384346785706,0,0.0173424537425691,0,23.3384346785706,0.0173424537425691,0.0173424537425691,0.0173424537425691,0.0189266195413323
28.9457890893132,0,-0.0913120366455766,0,28.9457890893132,-0.0913120366455766,-0.0913120366455766,-0.0913120366455766,0.031473801407384
16.8846431378076,0,0.0592246738975235,0,16.8846431378076,0.0592246738975235,0.0592246738975235,0.0592246738975235,0.0580511049145327
134.384497197645,0,-0.0238877259081508,0,134.384497197645,-0.0238877259081508,-0.0238877259081508,-0.0238877259081508,0.0119968242583174
7.87613657515693,0,0.0413542662923309,0,7.87613657515693,0.0413542662923309,0.0413542662923309,0.0413542662923309,0.0315625132232254
6.75451986071434,0,0.0140182295143905,0,6.75451986071434,0.0140182295143905,0.0140182295143905,0.0140182295143905,0.0568066082100863
13.3632341442477,0,0.0180382677184463,0,13.3632341442477,0.0180382677184463,0.0180382677184463,0.0180382677184463,0.0615806710832505
12.1805820250532,0,0.00338467732188217,0,12.1805820250532,0.00338467732188217,0.00338467732188217,0.00338467732188217,0.0364988629906663
14.3972634987083,0,-0.0237118006498921,0,14.3972634987083,-0.0237118006498921,-0.0237118006498921,-0.0237118006498921,0.0295064854269103
14.1514365378187,0,-0.0107350800784212,0,14.1514365378187,-0.0107350800784212,-0.0107350800784212,-0.0107350800784212,0.0554744268805768
27.9381463268887,0,-0.0196646199066465,0,27.9381463268887,-0.0196646199066465,-0.0196646199066465,-0.0196646199066465,0.0266030945529787
24.4728765020316,0,-0.0883766236254439,0,24.4728765020316,-0.0883766236254439,-0.0883766236254439,-0.0883766236254439,0.0473406670453721
11.303125406956,0,0.0200076122858094,0,11.303125406956,0.0200076122858094,0.0200076122858094,0.0200076122858094,0.0675102696912362
7.48402930279067,0,0.00968988201586394,0,7.48402930279067,0.00968988201586394,0.00968988201586394,0.00968988201586394,0.0686754083472401
NA,NA,NA,NA,NA,NA,NA,NA,NA
12.0144898669671,0,-0.0304643580877798,0,12.0144898669671,-0.0304643580877798,-0.0304643580877798,-0.0304643580877798,0.0246585875375876
5.59197431763262,0,-0.0578220526680145,0,5.59197431763262,-0.0578220526680145,-0.0578220526680145,-0.0578220526680145,0.0290843221745671
7.10118523761685,0,-0.0285278978712163,0,7.10118523761685,-0.0285278978712163,-0.0285278978712163,-0.0285278978712163,0.0595492352872805
8.39406695268219,0,0.0167837864563465,0,8.39406695268219,0.0167837864563465,0.0167837864563465,0.0167837864563465,0.0322473662392579
6.68163411954067,0,0.0399525800720857,0,6.68163411954067,0.0399525800720857,0.0399525800720857,0.0399525800720857,0.0632642521725607
9.90977856764798,0,-0.0703516628541319,0,9.90977856764798,-0.0703516628541319,-0.0703516628541319,-0.0703516628541319,0.0190137396144176
9.567453602661,0,-0.0130573193727359,0,9.567453602661,-0.0130573193727359,-0.0130573193727359,-0.0130573193727359,0.0264340771076804
9.56764954052794,0,-0.00578932875863998,0,9.56764954052794,-0.00578932875863998,-0.00578932875863998,-0.00578932875863998,0.0288617279537588
9.58796747981615,0,0.00725905880614161,0,9.58796747981615,0.00725905880614161,0.00725905880614161,0.00725905880614161,0.0422687684348916
12.9045618909384,0,-0.020800428050844,0,12.9045618909384,-0.020800428050844,-0.020800428050844,-0.020800428050844,0.00918914559220215
9.03381024943225,0,-0.0258591277728825,0,9.03381024943225,-0.0258591277728825,-0.0258591277728825,-0.0258591277728825,0.0210013285642308
7.292171244769,0,0.0214216184583366,0,7.292171244769,0.0214216184583366,0.0214216184583366,0.0214216184583366,0.00787016036700002
10.6567948708008,0,0.0203455428827325,0,10.6567948708008,0.0203455428827325,0.0203455428827325,0.0203455428827325,0.0367174068081082
15.83958844307,0,0.0399832495665445,0,15.83958844307,0.0399832495665445,0.0399832495665445,0.0399832495665445,0.0130470310288665
17.7014293147066,0,0.0234372077444364,0,17.7014293147066,0.0234372077444364,0.0234372077444364,0.0234372077444364,0.0323786122878216
14.7585414478692,0,-0.0143222744287462,0,14.7585414478692,-0.0143222744287462,-0.0143222744287462,-0.0143222744287462,0.0637816832942033
8.7869971588466,0,0.0255650750927985,0,8.7869971588466,0.0255650750927985,0.0255650750927985,0.0255650750927985,0.0115189820321319
13.9836050997556,0,-0.0596374353307077,0,13.9836050997556,-0.0596374353307077,-0.0596374353307077,-0.0596374353307077,0.0260159424457815
11.3110693140974,0,0.00982781565554414,0,11.3110693140974,0.00982781565554414,0.00982781565554414,0.00982781565554414,0.0152975413868066
16.5519463473715,0,-0.0850116784148187,0,16.5519463473715,-0.0850116784148187,-0.0850116784148187,-0.0850116784148187,0.0449328569998866
12.3671082351961,0,0.0210231372322994,0,12.3671082351961,0.0210231372322994,0.0210231372322994,0.0210231372322994,0.0160828742749283
12.3654554745313,0,-0.0686880413546458,0,12.3654554745313,-0.0686880413546458,-0.0686880413546458,-0.0686880413546458,0.0513325050706189
19.2556223171704,0,0.0285945738844167,0,19.2556223171704,0.0285945738844167,0.0285945738844167,0.0285945738844167,0.0139726523520546
34.7312424253189,0,0.00360906084633839,0,34.7312424253189,0.00360906084633839,0.00360906084633839,0.00360906084633839,0.017575833019559
54.7209102152747,0,0.0196726221291343,0,54.7209102152747,0.0196726221291343,0.0196726221291343,0.0196726221291343,0.0109274670854921
9.37577209119586,0,-0.0166622088619275,0,9.37577209119586,-0.0166622088619275,-0.0166622088619275,-0.0166622088619275,0.0509886552324907
8.22166390729103,0,0.0200227074138689,0,8.22166390729103,0.0200227074138689,0.0200227074138689,0.0200227074138689,0.0889316774406693
6.56936523894705,0,-0.0184803687031215,0,6.56936523894705,-0.0184803687031215,-0.0184803687031215,-0.0184803687031215,0.0397871786329299
7.36539602284415,0,-0.0247872150245361,0,7.36539602284415,-0.0247872150245361,-0.0247872150245361,-0.0247872150245361,0.114121672795408
9.34902839864339,0,-0.0319037471830898,0,9.34902839864339,-0.0319037471830898,-0.0319037471830898,-0.0319037471830898,0.0353702402159913
9.64603221208774,0,-0.0448878782907022,0,9.64603221208774,-0.0448878782907022,-0.0448878782907022,-0.0448878782907022,0.060446521466018
11.1738978522498,0,-0.0430525372481022,0,11.1738978522498,-0.0430525372481022,-0.0430525372481022,-0.0430525372481022,0.0455534762468136
10.8363107906744,0,-0.028098390818107,0,10.8363107906744,-0.028098390818107,-0.028098390818107,-0.028098390818107,0.071926050301895
7.60971237336999,0,0.0425196941211018,0,7.60971237336999,0.0425196941211018,0.0425196941211018,0.0425196941211018,0.0675431227803087
13.3196226338721,0,0.00868096115699853,0,13.3196226338721,0.00868096115699853,0.00868096115699853,0.00868096115699853,0.0274058865357428
11.3171115233183,0,-0.0301299566297987,0,11.3171115233183,-0.0301299566297987,-0.0301299566297987,-0.0301299566297987,0.0549217163119364
12.491172371433,0,0.00616174807970621,0,12.491172371433,0.00616174807970621,0.00616174807970621,0.00616174807970621,0.0405245193389735
26.9159257982544,0,0.00103996356092225,0,26.9159257982544,0.00103996356092225,0.00103996356092225,0.00103996356092225,0.0289826613233299
23.3384346785706,0,0.0173424537425691,0,23.3384346785706,0.0173424537425691,0.0173424537425691,0.0173424537425691,0.0189266195413323
28.9457890893132,0,-0.0913120366455766,0,28.9457890893132,-0.0913120366455766,-0.0913120366455766,-0.0913120366455766,0.031473801407384
16.8846431378076,0,0.0592246738975235,0,16.8846431378076,0.0592246738975235,0.0592246738975235,0.0592246738975235,0.0580511049145327
134.384497197645,0,-0.0238877259081508,0,134.384497197645,-0.0238877259081508,-0.0238877259081508,-0.0238877259081508,0.0119968242583174
7.87613657515693,0,0.0413542662923309,0,7.87613657515693,0.0413542662923309,0.0413542662923309,0.0413542662923309,0.0315625132232254
6.75451986071434,0,0.0140182295143905,0,6.75451986071434,0.0140182295143905,0.0140182295143905,0.0140182295143905,0.0568066082100863
13.3632341442477,0,0.0180382677184463,0,13.3632341442477,0.0180382677184463,0.0180382677184463,0.0180382677184463,0.0615806710832505
12.1805820250532,0,0.00338467732188217,0,12.1805820250532,0.00338467732188217,0.00338467732188217,0.00338467732188217,0.0364988629906663
14.3972634987083,0,-0.0237118006498921,0,14.3972634987083,-0.0237118006498921,-0.0237118006498921,-0.0237118006498921,0.0295064854269103
14.1514365378187,0,-0.0107350800784212,0,14.1514365378187,-0.0107350800784212,-0.0107350800784212,-0.0107350800784212,0.0554744268805768
27.9381463268887,0,-0.0196646199066465,0,27.9381463268887,-0.0196646199066465,-0.0196646199066465,-0.0196646199066465,0.0266030945529787
24.4728765020316,0,-0.0883766236254439,0,24.4728765020316,-0.0883766236254439,-0.0883766236254439,-0.0883766236254439,0.0473406670453721
11.303125406956,0,0.0200076122858094,0,11.303125406956,0.0200076122858094,0.0200076122858094,0.0200076122858094,0.0675102696912362
7.48402930279067,0,0.00968988201586394,0,7.48402930279067,0.00968988201586394,0.00968988201586394,0.00968988201586394,0.0686754083472401
NA,NA,NA,NA,NA,NA,NA,NA,NA
